230
1 0 5 116 0 230 1 229 1 228 1 227 1
2 0 5 117 1 191 1 116 1 214 1 220 1
3 0 5 118 1 117 1 191 1 116 1 215 1
4 0 5 119 1 124 1 126 1 127 1 125 1
5 0 5 120 1 118 1 117 1 191 1 207 1
6 0 5 121 1 124 1 126 1 127 1 125 1
7 0 5 122 1 120 1 215 1 139 1 118 1
8 0 5 123 1 124 1 126 1 127 1 125 1
9 0 5 124 1 126 1 127 1 125 1 144 1
10 0 5 125 1 122 1 128 1 120 1 142 1
11 0 5 126 1 127 1 125 1 144 1 122 1
12 0 5 127 1 125 1 144 1 122 1 128 1
13 0 5 128 1 118 1 120 1 117 1 191 1
14 0 5 129 1 135 1 131 1 124 1 126 1
15 0 5 130 1 128 1 122 1 120 1 118 1
16 0 5 131 1 132 1 130 1 127 1 146 1
17 0 5 132 1 130 1 125 1 128 1 144 1
18 0 5 133 1 135 1 131 1 143 1 221 1
19 0 5 134 1 135 1 131 1 143 1 221 1
20 0 5 135 1 131 1 132 1 146 1 130 1
21 0 5 136 1 221 1 143 1 126 1 145 1
22 0 5 137 1 116 1 163 1 165 1 121 1
23 0 5 138 1 137 1 163 1 116 1 168 1
24 0 5 139 1 138 1 137 1 116 1 125 1
25 0 5 140 1 143 1 221 1 145 1 146 1
26 0 5 141 1 221 1 143 1 145 1 146 1
27 0 5 142 1 139 1 138 1 137 1 150 1
28 0 5 143 1 145 1 146 1 126 1 144 1
29 0 5 144 1 142 1 139 1 138 1 150 1
30 0 5 145 1 146 1 144 1 152 1 219 1
31 0 5 146 1 144 1 142 1 152 1 219 1
32 0 5 147 1 151 1 153 1 145 1 154 1
33 0 5 148 1 143 1 151 1 221 1 153 1
34 0 5 149 1 151 1 143 1 221 1 153 1
35 0 5 150 1 168 1 138 1 149 1 148 1
36 0 5 151 1 153 1 154 1 145 1 155 1
37 0 5 152 1 150 1 138 1 168 1 166 1
38 0 5 153 1 154 1 155 1 146 1 152 1
39 0 5 154 1 155 1 152 1 219 1 144 1
40 0 5 155 1 152 1 219 1 150 1 142 1
41 0 5 156 1 160 1 162 1 161 1 164 1
42 0 5 157 1 156 1 160 1 162 1 161 1
43 0 5 158 1 156 1 160 1 162 1 161 1
44 0 5 159 1 156 1 160 1 162 1 161 1
45 0 5 160 1 162 1 161 1 164 1 222 1
46 0 5 161 1 164 1 222 1 180 1 175 1
47 0 5 162 1 161 1 164 1 222 1 180 1
48 0 5 163 1 165 1 168 1 185 1 137 1
49 0 5 164 1 167 1 166 1 184 1 163 1
50 0 5 165 1 163 1 168 1 164 1 222 1
51 0 5 166 1 168 1 163 1 165 1 185 1
52 0 5 167 1 166 1 168 1 163 1 165 1
53 0 5 168 1 165 1 163 1 164 1 222 1
54 0 5 169 1 172 1 174 1 188 1 217 1
55 0 5 170 1 169 1 172 1 174 1 188 1
56 0 5 171 1 169 1 172 1 156 1 188 1
57 0 5 172 1 174 1 176 1 161 1 217 1
58 0 5 173 1 169 1 172 1 156 1 188 1
59 0 5 174 1 176 1 161 1 164 1 222 1
60 0 5 175 1 167 1 184 1 173 1 170 1
61 0 5 176 1 175 1 184 1 164 1 222 1
62 0 5 177 1 180 1 184 1 175 1 182 1
63 0 5 178 1 190 1 188 1 217 1 160 1
64 0 5 179 1 178 1 190 1 156 1 188 1
65 0 5 180 1 184 1 182 1 175 1 185 1
66 0 5 181 1 178 1 190 1 156 1 188 1
67 0 5 182 1 185 1 163 1 116 1 181 1
68 0 5 183 1 178 1 190 1 156 1 188 1
69 0 5 184 1 182 1 185 1 163 1 181 1
70 0 5 185 1 116 1 163 1 181 1 183 1
71 0 5 186 1 189 1 218 1 193 1 201 1
72 0 5 187 1 186 1 198 1 189 1 200 1
73 0 5 188 1 177 1 180 1 175 1 184 1
74 0 5 189 1 218 1 193 1 201 1 195 1
75 0 5 190 1 188 1 217 1 177 1 180 1
76 0 5 191 1 116 1 117 1 215 1 214 1
77 0 5 192 1 187 1 186 1 198 1 218 1
78 0 5 193 1 195 1 205 1 196 1 197 1
79 0 5 194 1 187 1 186 1 198 1 199 1
80 0 5 195 1 196 1 197 1 192 1 205 1
81 0 5 196 1 218 1 192 1 197 1 193 1
82 0 5 197 1 187 1 198 1 186 1 199 1
83 0 5 198 1 200 1 201 1 218 1 193 1
84 0 5 199 1 198 1 200 1 190 1 201 1
85 0 5 200 1 201 1 204 1 205 1 215 1
86 0 5 201 1 204 1 205 1 215 1 207 1
87 0 5 202 1 199 1 198 1 200 1 190 1
88 0 5 203 1 199 1 198 1 190 1 200 1
89 0 5 204 1 205 1 215 1 207 1 118 1
90 0 5 205 1 207 1 118 1 191 1 117 1
91 0 5 206 1 199 1 198 1 190 1 200 1
92 0 5 207 1 191 1 117 1 214 1 220 1
93 0 5 208 1 209 1 200 1 213 1 201 1
94 0 5 209 1 213 1 201 1 216 1 122 1
95 0 5 210 1 208 1 209 1 200 1 213 1
96 0 5 211 1 210 1 208 1 209 1 200 1
97 0 5 212 1 210 1 208 1 209 1 213 1
98 0 5 213 1 216 1 204 1 215 1 122 1
99 0 5 214 1 210 1 208 1 209 1 215 1
100 0 5 215 1 118 1 207 1 117 1 191 1
101 0 5 216 1 215 1 120 1 118 1 207 1
102 0 5 217 1 177 1 180 1 175 1 184 1
103 0 5 218 1 195 1 205 1 196 1 192 1
104 0 5 219 1 150 1 138 1 168 1 166 1
105 0 5 220 1 210 1 208 1 209 1 213 1
106 0 5 221 1 145 1 146 1 126 1 144 1
107 0 5 222 1 167 1 184 1 166 1 163 1
108 0 5 223 0 116 1 223 1 224 1 225 1
109 0 5 224 0 116 1 223 1 224 1 225 1
110 0 5 225 0 116 1 223 1 224 1 225 1
111 0 5 226 0 116 1 223 1 224 1 225 1
112 0 5 227 0 116 1 223 1 224 1 225 1
113 0 5 228 0 116 1 223 1 224 1 225 1
114 0 5 229 0 116 1 223 1 224 1 225 1
115 0 5 230 0 116 1 223 1 224 1 225 1
116 0 5 1 0 115 1 114 1 113 1 112 1
117 0 5 2 1 3 1 92 1 100 1 5 1
118 0 5 3 1 100 1 5 1 76 1 1 1
119 0 5 4 1 1 1 76 1 92 1 2 1
120 0 5 5 1 7 1 24 1 1 1 10 1
121 0 5 6 1 1 1 76 1 22 1 92 1
122 0 5 7 1 10 1 12 1 1 1 27 1
123 0 5 8 1 1 1 76 1 22 1 2 1
124 0 5 9 1 8 1 4 1 6 1 14 1
125 0 5 10 1 12 1 11 1 9 1 1 1
126 0 5 11 1 9 1 8 1 4 1 6 1
127 0 5 12 1 11 1 9 1 16 1 14 1
128 0 5 13 1 15 1 7 1 76 1 10 1
129 0 5 14 1 4 1 6 1 13 1 5 1
130 0 5 15 1 17 1 16 1 31 1 12 1
131 0 5 16 1 20 1 14 1 18 1 19 1
132 0 5 17 1 16 1 20 1 14 1 12 1
133 0 5 18 1 8 1 26 1 13 1 24 1
134 0 5 19 1 26 1 13 1 24 1 18 1
135 0 5 20 1 19 1 18 1 14 1 8 1
136 0 5 21 1 1 1 48 1 50 1 53 1
137 0 5 22 1 23 1 24 1 53 1 48 1
138 0 5 23 1 24 1 27 1 1 1 53 1
139 0 5 24 1 27 1 29 1 1 1 7 1
140 0 5 25 1 1 1 48 1 50 1 53 1
141 0 5 26 1 1 1 48 1 50 1 53 1
142 0 5 27 1 29 1 31 1 10 1 12 1
143 0 5 28 1 26 1 25 1 21 1 33 1
144 0 5 29 1 31 1 12 1 30 1 1 1
145 0 5 30 1 28 1 106 1 34 1 33 1
146 0 5 31 1 30 1 106 1 28 1 18 1
147 0 5 32 1 48 1 50 1 53 1 35 1
148 0 5 33 1 50 1 53 1 35 1 52 1
149 0 5 34 1 50 1 53 1 35 1 25 1
150 0 5 35 1 37 1 104 1 53 1 33 1
151 0 5 36 1 32 1 34 1 33 1 25 1
152 0 5 37 1 40 1 27 1 31 1 29 1
153 0 5 38 1 36 1 34 1 33 1 32 1
154 0 5 39 1 38 1 36 1 34 1 33 1
155 0 5 40 1 39 1 38 1 31 1 29 1
156 0 5 41 1 42 1 43 1 44 1 68 1
157 0 5 42 1 50 1 53 1 48 1 70 1
158 0 5 43 1 70 1 53 1 50 1 48 1
159 0 5 44 1 70 1 53 1 50 1 48 1
160 0 5 45 1 41 1 43 1 44 1 42 1
161 0 5 46 1 47 1 45 1 41 1 58 1
162 0 5 47 1 45 1 41 1 44 1 43 1
163 0 5 48 1 51 1 50 1 53 1 52 1
164 0 5 49 1 46 1 47 1 48 1 53 1
165 0 5 50 1 51 1 48 1 53 1 70 1
166 0 5 51 1 52 1 49 1 107 1 69 1
167 0 5 52 1 107 1 49 1 60 1 69 1
168 0 5 53 1 51 1 52 1 48 1 50 1
169 0 5 54 1 55 1 56 1 58 1 43 1
170 0 5 55 1 43 1 42 1 60 1 49 1
171 0 5 56 1 43 1 42 1 70 1 60 1
172 0 5 57 1 54 1 55 1 58 1 56 1
173 0 5 58 1 43 1 60 1 42 1 107 1
174 0 5 59 1 57 1 54 1 55 1 58 1
175 0 5 60 1 61 1 49 1 107 1 58 1
176 0 5 61 1 59 1 58 1 57 1 55 1
177 0 5 62 1 73 1 102 1 75 1 58 1
178 0 5 63 1 68 1 66 1 64 1 44 1
179 0 5 64 1 1 1 48 1 70 1 67 1
180 0 5 65 1 62 1 102 1 73 1 46 1
181 0 5 66 1 1 1 48 1 70 1 67 1
182 0 5 67 1 69 1 65 1 48 1 1 1
183 0 5 68 1 1 1 48 1 50 1 70 1
184 0 5 69 1 65 1 62 1 48 1 70 1
185 0 5 70 1 67 1 69 1 48 1 65 1
186 0 5 71 1 72 1 77 1 79 1 82 1
187 0 5 72 1 79 1 77 1 82 1 88 1
188 0 5 73 1 75 1 63 1 58 1 68 1
189 0 5 74 1 71 1 77 1 72 1 82 1
190 0 5 75 1 63 1 66 1 64 1 68 1
191 0 5 76 1 92 1 2 1 3 1 100 1
192 0 5 77 1 81 1 91 1 88 1 80 1
193 0 5 78 1 74 1 103 1 77 1 82 1
194 0 5 79 1 81 1 91 1 88 1 87 1
195 0 5 80 1 78 1 103 1 81 1 82 1
196 0 5 81 1 80 1 103 1 78 1 65 1
197 0 5 82 1 81 1 91 1 80 1 88 1
198 0 5 83 1 84 1 88 1 87 1 82 1
199 0 5 84 1 87 1 88 1 91 1 99 1
200 0 5 85 1 83 1 93 1 88 1 87 1
201 0 5 86 1 85 1 94 1 83 1 88 1
202 0 5 87 1 76 1 92 1 2 1 66 1
203 0 5 88 1 92 1 76 1 2 1 66 1
204 0 5 89 1 86 1 85 1 88 1 76 1
205 0 5 90 1 89 1 5 1 86 1 76 1
206 0 5 91 1 1 1 76 1 2 1 92 1
207 0 5 92 1 90 1 100 1 5 1 76 1
208 0 5 93 1 95 1 105 1 97 1 96 1
209 0 5 94 1 93 1 95 1 105 1 99 1
210 0 5 95 1 96 1 97 1 105 1 99 1
211 0 5 96 1 76 1 92 1 4 1 2 1
212 0 5 97 1 105 1 2 1 76 1 92 1
213 0 5 98 1 94 1 93 1 105 1 99 1
214 0 5 99 1 76 1 2 1 92 1 100 1
215 0 5 100 1 101 1 76 1 7 1 2 1
216 0 5 101 1 98 1 7 1 94 1 10 1
217 0 5 102 1 75 1 63 1 73 1 68 1
218 0 5 103 1 74 1 71 1 77 1 82 1
219 0 5 104 1 40 1 37 1 27 1 29 1
220 0 5 105 1 2 1 76 1 92 1 4 1
221 0 5 106 1 26 1 25 1 21 1 33 1
222 0 5 107 1 46 1 49 1 47 1 48 1
223 0 5 108 0 115 1 114 1 113 1 112 1
224 0 5 109 0 115 1 114 1 113 1 112 1
225 0 5 110 0 115 1 114 1 113 1 112 1
226 0 5 111 0 115 1 114 1 113 1 112 1
227 0 5 112 0 115 1 114 1 113 1 112 1
228 0 5 113 0 115 1 114 1 113 1 112 1
229 0 5 114 0 115 1 114 1 113 1 112 1
230 0 5 115 0 115 1 114 1 113 1 112 1
-1
EOF
