2180
1 0 5 1091 0 2180 1 2179 1 2178 1 2177 1
2 0 5 1092 1 1893 1 2001 1 2027 1 1149 1
3 0 5 1093 1 1539 1 1531 1 1372 1 1967 1
4 0 5 1094 1 2040 1 1304 1 1864 1 1534 1
5 0 5 1095 1 1444 1 1984 1 1469 1 1368 1
6 0 5 1096 1 1297 1 1698 1 1851 1 1786 1
7 0 5 1097 1 1629 1 2046 1 1252 1 1959 1
8 0 5 1098 1 1290 1 1599 1 1280 1 1890 1
9 0 5 1099 1 1530 1 1347 1 1500 1 1898 1
10 0 5 1100 1 1795 1 1838 1 1488 1 1153 1
11 0 5 1101 1 1997 1 1198 1 1331 1 1418 1
12 0 5 1102 1 1493 1 1480 1 1178 1 2074 1
13 0 5 1103 1 1248 1 2078 1 1700 1 1873 1
14 0 5 1104 1 1197 1 1299 1 1533 1 1852 1
15 0 5 1105 1 1168 1 1395 1 1155 1 1294 1
16 0 5 1106 1 1353 1 1762 1 1344 1 1721 1
17 0 5 1107 1 1212 1 1411 1 1752 1 1203 1
18 0 5 1108 1 1770 1 1946 1 1402 1 1329 1
19 0 5 1109 1 1377 1 2036 1 1499 1 1833 1
20 0 5 1110 1 1626 1 1188 1 1473 1 1191 1
21 0 5 1111 1 1546 1 1330 1 1114 1 1729 1
22 0 5 1112 1 1853 1 1975 1 1416 1 1727 1
23 0 5 1113 1 1378 1 1910 1 1644 1 1812 1
24 0 5 1114 1 1546 1 1330 1 1915 1 1111 1
25 0 5 1115 1 1954 1 1917 1 2064 1 1154 1
26 0 5 1116 1 1719 1 1831 1 2008 1 1419 1
27 0 5 1117 1 1279 1 1798 1 1639 1 1246 1
28 0 5 1118 1 1880 1 1995 1 1447 1 1479 1
29 0 5 1119 1 1345 1 1236 1 1986 1 2012 1
30 0 5 1120 1 1423 1 1161 1 1189 1 1186 1
31 0 5 1121 1 1936 1 1709 1 1131 1 1540 1
32 0 5 1122 1 1570 1 1976 1 1824 1 1135 1
33 0 5 1123 1 1990 1 1552 1 2015 1 1874 1
34 0 5 1124 1 1296 1 1194 1 1711 1 1765 1
35 0 5 1125 1 1821 1 1257 1 1361 1 1249 1
36 0 5 1126 1 1867 1 1756 1 1310 1 2054 1
37 0 5 1127 1 1586 1 1885 1 1392 1 1639 1
38 0 5 1128 1 1239 1 1625 1 1969 1 1527 1
39 0 5 1129 1 1897 1 1159 1 1693 1 1253 1
40 0 5 1130 1 1388 1 1898 1 1615 1 1344 1
41 0 5 1131 1 1540 1 2014 1 1896 1 1709 1
42 0 5 1132 1 1820 1 1707 1 1369 1 1947 1
43 0 5 1133 1 1220 1 1520 1 2073 1 1494 1
44 0 5 1134 1 1627 1 1516 1 1890 1 1863 1
45 0 5 1135 1 1976 1 1723 1 1824 1 2038 1
46 0 5 1136 1 1894 1 1896 1 1505 1 1540 1
47 0 5 1137 1 1710 1 1508 1 1439 1 1210 1
48 0 5 1138 1 2079 1 2086 1 1877 1 2010 1
49 0 5 1139 1 1661 1 2088 1 1872 1 1220 1
50 0 5 1140 1 1179 1 1898 1 1708 1 1388 1
51 0 5 1141 1 1863 1 1499 1 1377 1 1833 1
52 0 5 1142 1 1800 1 1703 1 1878 1 1355 1
53 0 5 1143 1 1897 1 1253 1 1159 1 1451 1
54 0 5 1144 1 1408 1 1244 1 1854 1 1384 1
55 0 5 1145 1 1185 1 1724 1 1743 1 1350 1
56 0 5 1146 1 1603 1 1302 1 1564 1 1522 1
57 0 5 1147 1 1673 1 1762 1 1106 1 1353 1
58 0 5 1148 1 2043 1 1289 1 1373 1 2081 1
59 0 5 1149 1 1922 1 1285 1 1893 1 1919 1
60 0 5 1150 1 1962 1 1240 1 1870 1 1750 1
61 0 5 1151 1 1921 1 1913 1 1678 1 1692 1
62 0 5 1152 1 1556 1 2008 1 1843 1 1219 1
63 0 5 1153 1 1795 1 1838 1 1697 1 1715 1
64 0 5 1154 1 1406 1 1292 1 2064 1 1196 1
65 0 5 1155 1 1914 1 1515 1 1294 1 1410 1
66 0 5 1156 1 1465 1 1738 1 1959 1 1252 1
67 0 5 1157 1 1432 1 1563 1 1782 1 1635 1
68 0 5 1158 1 1387 1 1269 1 1375 1 1360 1
69 0 5 1159 1 1451 1 2045 1 1226 1 1143 1
70 0 5 1160 1 1491 1 1593 1 1860 1 2017 1
71 0 5 1161 1 1423 1 1120 1 1189 1 1186 1
72 0 5 1162 1 1721 1 1353 1 1344 1 2077 1
73 0 5 1163 1 1803 1 1615 1 2027 1 1147 1
74 0 5 1164 1 1650 1 2012 1 1509 1 1357 1
75 0 5 1165 1 2018 1 1517 1 1364 1 1974 1
76 0 5 1166 1 1560 1 1736 1 2028 1 1251 1
77 0 5 1167 1 1951 1 1229 1 1204 1 1448 1
78 0 5 1168 1 1828 1 1914 1 1515 1 1294 1
79 0 5 1169 1 1245 1 2048 1 1348 1 1640 1
80 0 5 1170 1 2026 1 1430 1 1665 1 2033 1
81 0 5 1171 1 1705 1 1785 1 1923 1 1404 1
82 0 5 1172 1 1432 1 1782 1 1658 1 1420 1
83 0 5 1173 1 1527 1 2023 1 2065 1 1969 1
84 0 5 1174 1 1559 1 1742 1 2039 1 1893 1
85 0 5 1175 1 1771 1 1571 1 1255 1 1495 1
86 0 5 1176 1 1364 1 2018 1 1165 1 1679 1
87 0 5 1177 1 1121 1 1894 1 1828 1 1136 1
88 0 5 1178 1 1480 1 1493 1 1633 1 2074 1
89 0 5 1179 1 1140 1 1832 1 1708 1 1308 1
90 0 5 1180 1 1980 1 1562 1 1414 1 2049 1
91 0 5 1181 1 1836 1 1459 1 1549 1 1681 1
92 0 5 1182 1 2047 1 1683 1 1584 1 1980 1
93 0 5 1183 1 1646 1 1242 1 1385 1 1502 1
94 0 5 1184 1 1925 1 1493 1 1178 1 1542 1
95 0 5 1185 1 1745 1 1648 1 1145 1 1656 1
96 0 5 1186 1 1120 1 1161 1 1988 1 1423 1
97 0 5 1187 1 1327 1 1413 1 1910 1 1378 1
98 0 5 1188 1 1110 1 1626 1 1473 1 1191 1
99 0 5 1189 1 1753 1 1423 1 1815 1 1161 1
100 0 5 1190 1 1501 1 2033 1 1597 1 1485 1
101 0 5 1191 1 1188 1 1110 1 1473 1 1819 1
102 0 5 1192 1 1750 1 1884 1 1321 1 1150 1
103 0 5 1193 1 1677 1 1873 1 1426 1 2071 1
104 0 5 1194 1 1296 1 1124 1 1711 1 1765 1
105 0 5 1195 1 1381 1 1803 1 2027 1 1615 1
106 0 5 1196 1 2022 1 1406 1 1628 1 1292 1
107 0 5 1197 1 1104 1 1533 1 1852 1 1713 1
108 0 5 1198 1 1418 1 1640 1 1331 1 1997 1
109 0 5 1199 1 1379 1 1354 1 1213 1 2056 1
110 0 5 1200 1 1514 1 1278 1 1850 1 1791 1
111 0 5 1201 1 2060 1 1286 1 1595 1 2089 1
112 0 5 1202 1 1990 1 1716 1 1552 1 1210 1
113 0 5 1203 1 1764 1 1222 1 1752 1 1107 1
114 0 5 1204 1 1259 1 1713 1 1525 1 1788 1
115 0 5 1205 1 1735 1 2080 1 1802 1 1313 1
116 0 5 1206 1 1497 1 1408 1 1144 1 1856 1
117 0 5 1207 1 1377 1 2036 1 1833 1 1499 1
118 0 5 1208 1 1537 1 1643 1 1987 1 1904 1
119 0 5 1209 1 1888 1 2072 1 1901 1 1619 1
120 0 5 1210 1 1439 1 2071 1 1426 1 1677 1
121 0 5 1211 1 1971 1 1857 1 1386 1 1725 1
122 0 5 1212 1 1223 1 1752 1 1411 1 1107 1
123 0 5 1213 1 1199 1 2056 1 1354 1 2089 1
124 0 5 1214 1 1351 1 1394 1 1774 1 1492 1
125 0 5 1215 1 1955 1 1845 1 2050 1 2052 1
126 0 5 1216 1 1634 1 1791 1 1200 1 1122 1
127 0 5 1217 1 1738 1 1465 1 1959 1 1440 1
128 0 5 1218 1 1268 1 2061 1 1970 1 1779 1
129 0 5 1219 1 1231 1 1448 1 2037 1 1152 1
130 0 5 1220 1 1561 1 1494 1 1133 1 2073 1
131 0 5 1221 1 1460 1 1857 1 1230 1 1787 1
132 0 5 1222 1 1729 1 1203 1 1536 1 1952 1
133 0 5 1223 1 1212 1 1411 1 2029 1 1379 1
134 0 5 1224 1 1582 1 1318 1 1885 1 1740 1
135 0 5 1225 1 1914 1 1515 1 1294 1 1704 1
136 0 5 1226 1 1253 1 1451 1 1897 1 1693 1
137 0 5 1227 1 1866 1 2062 1 1117 1 1214 1
138 0 5 1228 1 1433 1 1403 1 1891 1 1616 1
139 0 5 1229 1 1167 1 1371 1 1448 1 1525 1
140 0 5 1230 1 1660 1 1221 1 1398 1 2028 1
141 0 5 1231 1 2037 1 1508 1 1710 1 1219 1
142 0 5 1232 1 2059 1 1309 1 1566 1 1708 1
143 0 5 1233 1 1561 1 1910 1 1378 1 1812 1
144 0 5 1234 1 1253 1 1897 1 2045 1 1451 1
145 0 5 1235 1 1474 1 1383 1 1478 1 2075 1
146 0 5 1236 1 1247 1 2012 1 1332 1 1617 1
147 0 5 1237 1 1406 1 2022 1 1196 1 1628 1
148 0 5 1238 1 1926 1 1399 1 1710 1 1759 1
149 0 5 1239 1 1128 1 1625 1 2065 1 1969 1
150 0 5 1240 1 1150 1 1750 1 1884 1 1267 1
151 0 5 1241 1 1867 1 1807 1 2054 1 1875 1
152 0 5 1242 1 1646 1 1183 1 1385 1 1485 1
153 0 5 1243 1 1472 1 1921 1 1913 1 1692 1
154 0 5 1244 1 1144 1 1955 1 1215 1 2050 1
155 0 5 1245 1 1169 1 2048 1 1578 1 1348 1
156 0 5 1246 1 1639 1 1279 1 1868 1 1798 1
157 0 5 1247 1 1986 1 2012 1 1236 1 2055 1
158 0 5 1248 1 2078 1 1700 1 1103 1 2016 1
159 0 5 1249 1 1361 1 1257 1 1144 1 1244 1
160 0 5 1250 1 1620 1 1503 1 2042 1 1911 1
161 0 5 1251 1 1460 1 2028 1 1560 1 1706 1
162 0 5 1252 1 1465 1 1738 1 1440 1 1959 1
163 0 5 1253 1 1897 1 2045 1 1159 1 1451 1
164 0 5 1254 1 1714 1 1973 1 1596 1 1460 1
165 0 5 1255 1 1175 1 1771 1 1380 1 1495 1
166 0 5 1256 1 1369 1 1707 1 1132 1 1773 1
167 0 5 1257 1 1361 1 1249 1 1125 1 1821 1
168 0 5 1258 1 1428 1 1547 1 1274 1 1792 1
169 0 5 1259 1 1788 1 1594 1 1876 1 1598 1
170 0 5 1260 1 2072 1 1209 1 1790 1 1901 1
171 0 5 1261 1 1847 1 1682 1 1336 1 1690 1
172 0 5 1262 1 1330 1 1271 1 1358 1 1412 1
173 0 5 1263 1 2043 1 1289 1 1937 1 1373 1
174 0 5 1264 1 1789 1 1732 1 1835 1 1558 1
175 0 5 1265 1 1485 1 1597 1 2033 1 1183 1
176 0 5 1266 1 1113 1 1644 1 2032 1 2091 1
177 0 5 1267 1 1150 1 1750 1 1884 1 1321 1
178 0 5 1268 1 1218 1 2061 1 2086 1 1284 1
179 0 5 1269 1 1375 1 1315 1 1158 1 1429 1
180 0 5 1270 1 1988 1 1815 1 1889 1 1564 1
181 0 5 1271 1 1612 1 1262 1 1827 1 1994 1
182 0 5 1272 1 1585 1 1521 1 1301 1 1507 1
183 0 5 1273 1 1713 1 1525 1 1788 1 1204 1
184 0 5 1274 1 1547 1 1428 1 1792 1 1964 1
185 0 5 1275 1 2003 1 1934 1 1611 1 1740 1
186 0 5 1276 1 2063 1 1990 1 1123 1 2015 1
187 0 5 1277 1 1476 1 1927 1 1504 1 2031 1
188 0 5 1278 1 1791 1 1424 1 1506 1 1570 1
189 0 5 1279 1 1583 1 1639 1 1868 1 1607 1
190 0 5 1280 1 1290 1 1098 1 1599 1 1890 1
191 0 5 1281 1 1541 1 1754 1 1814 1 1634 1
192 0 5 1282 1 1695 1 1340 1 2047 1 1481 1
193 0 5 1283 1 1686 1 1569 1 1176 1 1376 1
194 0 5 1284 1 1973 1 1588 1 1970 1 1410 1
195 0 5 1285 1 1149 1 1922 1 1983 1 1186 1
196 0 5 1286 1 1595 1 2089 1 1456 1 1201 1
197 0 5 1287 1 1637 1 1820 1 1369 1 1547 1
198 0 5 1288 1 1320 1 1843 1 1419 1 1831 1
199 0 5 1289 1 1263 1 1314 1 2043 1 1148 1
200 0 5 1290 1 1280 1 1098 1 1890 1 1599 1
201 0 5 1291 1 1590 1 1939 1 1304 1 1864 1
202 0 5 1292 1 1406 1 2022 1 1237 1 1196 1
203 0 5 1293 1 1489 1 1328 1 1356 1 1954 1
204 0 5 1294 1 1155 1 1914 1 1515 1 1168 1
205 0 5 1295 1 1663 1 2005 1 1509 1 1907 1
206 0 5 1296 1 1124 1 1194 1 1711 1 1765 1
207 0 5 1297 1 1698 1 1851 1 1786 1 1477 1
208 0 5 1298 1 1980 1 1351 1 1562 1 1774 1
209 0 5 1299 1 1852 1 1747 1 1104 1 1533 1
210 0 5 1300 1 1649 1 1841 1 1526 1 1943 1
211 0 5 1301 1 1563 1 1507 1 1623 1 1157 1
212 0 5 1302 1 1522 1 1564 1 1603 1 1146 1
213 0 5 1303 1 1506 1 1401 1 2007 1 1834 1
214 0 5 1304 1 1291 1 1590 1 1094 1 1864 1
215 0 5 1305 1 1475 1 1848 1 1886 1 1360 1
216 0 5 1306 1 1351 1 1394 1 1214 1 1492 1
217 0 5 1307 1 1782 1 1694 1 1157 1 1432 1
218 0 5 1308 1 1173 1 1527 1 1421 1 1239 1
219 0 5 1309 1 1232 1 1566 1 1415 1 1421 1
220 0 5 1310 1 1422 1 1756 1 1728 1 2054 1
221 0 5 1311 1 1757 1 1510 1 2087 1 1930 1
222 0 5 1312 1 1524 1 1714 1 1460 1 1998 1
223 0 5 1313 1 1632 1 1272 1 1802 1 1768 1
224 0 5 1314 1 1365 1 2081 1 1289 1 1455 1
225 0 5 1315 1 1269 1 1375 1 1746 1 1688 1
226 0 5 1316 1 1944 1 1331 1 1578 1 1418 1
227 0 5 1317 1 1739 1 1535 1 1966 1 1682 1
228 0 5 1318 1 1582 1 1392 1 1885 1 1127 1
229 0 5 1319 1 1549 1 1836 1 1181 1 1977 1
230 0 5 1320 1 1288 1 1843 1 1419 1 1831 1
231 0 5 1321 1 1750 1 1150 1 1267 1 1884 1
232 0 5 1322 1 1964 1 1428 1 1547 1 1333 1
233 0 5 1323 1 1263 1 1817 1 1365 1 1314 1
234 0 5 1324 1 2049 1 1822 1 1982 1 1562 1
235 0 5 1325 1 1297 1 1384 1 1751 1 1544 1
236 0 5 1326 1 2024 1 1957 1 1878 1 1858 1
237 0 5 1327 1 1413 1 1187 1 1734 1 1711 1
238 0 5 1328 1 1356 1 1293 1 1489 1 1849 1
239 0 5 1329 1 1372 1 1770 1 1539 1 1967 1
240 0 5 1330 1 1546 1 1915 1 1114 1 1952 1
241 0 5 1331 1 1640 1 1418 1 1578 1 1198 1
242 0 5 1332 1 2012 1 1665 1 1247 1 1236 1
243 0 5 1333 1 1428 1 1274 1 1964 1 1547 1
244 0 5 1334 1 1191 1 1819 1 2084 1 1188 1
245 0 5 1335 1 1498 1 1701 1 1156 1 2013 1
246 0 5 1336 1 1682 1 1847 1 1261 1 1690 1
247 0 5 1337 1 1478 1 1383 1 1717 1 1876 1
248 0 5 1338 1 1481 1 1695 1 1981 1 1702 1
249 0 5 1339 1 1851 1 1384 1 1854 1 1096 1
250 0 5 1340 1 1282 1 1481 1 1338 1 1695 1
251 0 5 1341 1 1753 1 1423 1 1740 1 1189 1
252 0 5 1342 1 1121 1 1936 1 1894 1 1458 1
253 0 5 1343 1 1962 1 2082 1 1870 1 1192 1
254 0 5 1344 1 1353 1 1721 1 1762 1 1106 1
255 0 5 1345 1 1119 1 1397 1 1879 1 1616 1
256 0 5 1346 1 1374 1 1642 1 1699 1 1759 1
257 0 5 1347 1 1099 1 1530 1 1500 1 1708 1
258 0 5 1348 1 1245 1 1169 1 1825 1 1372 1
259 0 5 1349 1 1717 1 1478 1 1558 1 2075 1
260 0 5 1350 1 1743 1 1526 1 2031 1 1145 1
261 0 5 1351 1 1394 1 1519 1 1492 1 1606 1
262 0 5 1352 1 1435 1 1698 1 1950 1 1363 1
263 0 5 1353 1 1615 1 1551 1 1344 1 1673 1
264 0 5 1354 1 1199 1 1379 1 2056 1 1213 1
265 0 5 1355 1 1858 1 2024 1 1703 1 1878 1
266 0 5 1356 1 1328 1 1293 1 1832 1 1708 1
267 0 5 1357 1 1509 1 2005 1 1650 1 1663 1
268 0 5 1358 1 1330 1 1111 1 1546 1 1915 1
269 0 5 1359 1 1755 1 1796 1 1193 1 1873 1
270 0 5 1360 1 1475 1 1618 1 1305 1 1375 1
271 0 5 1361 1 1249 1 1257 1 1125 1 1821 1
272 0 5 1362 1 1941 1 1461 1 1308 1 1239 1
273 0 5 1363 1 1950 1 1435 1 1544 1 1777 1
274 0 5 1364 1 1176 1 1165 1 1974 1 1679 1
275 0 5 1365 1 1314 1 1373 1 1289 1 1543 1
276 0 5 1366 1 1818 1 1618 1 1568 1 1633 1
277 0 5 1367 1 1152 1 1924 1 2037 1 1219 1
278 0 5 1368 1 1175 1 2006 1 1810 1 1571 1
279 0 5 1369 1 1820 1 1132 1 1707 1 1256 1
280 0 5 1370 1 1488 1 1153 1 1715 1 1697 1
281 0 5 1371 1 1229 1 1448 1 2004 1 1906 1
282 0 5 1372 1 1539 1 1093 1 1967 1 1770 1
283 0 5 1373 1 1314 1 1365 1 2043 1 1263 1
284 0 5 1374 1 1346 1 1642 1 1137 1 1861 1
285 0 5 1375 1 1269 1 1315 1 1746 1 1158 1
286 0 5 1376 1 1165 1 1974 1 1441 1 1679 1
287 0 5 1377 1 2036 1 1833 1 1499 1 1775 1
288 0 5 1378 1 1910 1 1233 1 1812 1 1561 1
289 0 5 1379 1 1199 1 1354 1 2056 1 2089 1
290 0 5 1380 1 1255 1 1495 1 1175 1 1810 1
291 0 5 1381 1 1749 1 1534 1 1864 1 1195 1
292 0 5 1382 1 1618 1 1622 1 1760 1 1881 1
293 0 5 1383 1 1876 1 1478 1 1474 1 1337 1
294 0 5 1384 1 1851 1 1297 1 1696 1 1698 1
295 0 5 1385 1 1183 1 1502 1 2055 1 1617 1
296 0 5 1386 1 1857 1 1221 1 1211 1 1660 1
297 0 5 1387 1 1158 1 1269 1 1315 1 1375 1
298 0 5 1388 1 1130 1 1302 1 2077 1 1522 1
299 0 5 1389 1 1822 1 1414 1 1982 1 2049 1
300 0 5 1390 1 1577 1 1866 1 1227 1 1538 1
301 0 5 1391 1 1822 1 1982 1 1816 1 1389 1
302 0 5 1392 1 1885 1 1127 1 1586 1 1784 1
303 0 5 1393 1 1653 1 1732 1 1264 1 2070 1
304 0 5 1394 1 1351 1 1774 1 1519 1 1781 1
305 0 5 1395 1 1168 1 1105 1 1914 1 1515 1
306 0 5 1396 1 1516 1 1627 1 1134 1 1863 1
307 0 5 1397 1 1879 1 1403 1 1616 1 1433 1
308 0 5 1398 1 1166 1 1736 1 1706 1 2028 1
309 0 5 1399 1 2075 1 1346 1 1557 1 1759 1
310 0 5 1400 1 1103 1 1780 1 1794 1 1248 1
311 0 5 1401 1 1303 1 1506 1 2007 1 1654 1
312 0 5 1402 1 1825 1 1946 1 1108 1 1093 1
313 0 5 1403 1 1879 1 1397 1 1433 1 1616 1
314 0 5 1404 1 1923 1 1705 1 1970 1 1657 1
315 0 5 1405 1 1955 1 1215 1 2050 1 1437 1
316 0 5 1406 1 2022 1 1196 1 1237 1 1628 1
317 0 5 1407 1 1165 1 1679 1 1364 1 1974 1
318 0 5 1408 1 1144 1 1244 1 1206 1 1797 1
319 0 5 1409 1 1697 1 1838 1 1580 1 1684 1
320 0 5 1410 1 1155 1 1726 1 2021 1 1294 1
321 0 5 1411 1 1223 1 1662 1 1212 1 1107 1
322 0 5 1412 1 1330 1 1546 1 1114 1 1111 1
323 0 5 1413 1 1734 1 1327 1 1661 1 1561 1
324 0 5 1414 1 1980 1 1613 1 1562 1 1324 1
325 0 5 1415 1 1566 1 1801 1 1533 1 1309 1
326 0 5 1416 1 1853 1 1975 1 1417 1 1727 1
327 0 5 1417 1 1853 1 1975 1 1727 1 1416 1
328 0 5 1418 1 1331 1 1640 1 1198 1 1997 1
329 0 5 1419 1 1288 1 1843 1 1320 1 1831 1
330 0 5 1420 1 1432 1 1782 1 1658 1 1172 1
331 0 5 1421 1 1453 1 1997 1 1566 1 1969 1
332 0 5 1422 1 2054 1 1728 1 1756 1 1436 1
333 0 5 1423 1 1120 1 1161 1 1753 1 1189 1
334 0 5 1424 1 1506 1 1502 1 1278 1 1401 1
335 0 5 1425 1 1151 1 1960 1 1921 1 1678 1
336 0 5 1426 1 1439 1 1210 1 2071 1 1677 1
337 0 5 1427 1 1256 1 1773 1 1900 1 1132 1
338 0 5 1428 1 1964 1 1274 1 1547 1 1792 1
339 0 5 1429 1 1521 1 1272 1 1585 1 1829 1
340 0 5 1430 1 1665 1 1170 1 2026 1 1332 1
341 0 5 1431 1 1450 1 1137 1 1861 1 1710 1
342 0 5 1432 1 1172 1 1420 1 1157 1 1782 1
343 0 5 1433 1 1403 1 1397 1 1879 1 1616 1
344 0 5 1434 1 1509 1 2005 1 1650 1 1663 1
345 0 5 1435 1 1950 1 1698 1 1696 1 1786 1
346 0 5 1436 1 1422 1 1756 1 1728 1 2054 1
347 0 5 1437 1 1844 1 1845 1 1405 1 1591 1
348 0 5 1438 1 1836 1 1549 1 1181 1 1672 1
349 0 5 1439 1 1210 1 1710 1 2071 1 1426 1
350 0 5 1440 1 1738 1 1465 1 1959 1 1252 1
351 0 5 1441 1 1165 1 2018 1 1974 1 1679 1
352 0 5 1442 1 1690 1 1966 1 1682 1 1847 1
353 0 5 1443 1 1157 1 1782 1 1694 1 1432 1
354 0 5 1444 1 1095 1 1500 1 2006 1 1730 1
355 0 5 1445 1 1128 1 1239 1 1625 1 1969 1
356 0 5 1446 1 2036 1 1377 1 1833 1 1499 1
357 0 5 1447 1 1850 1 1880 1 1118 1 1216 1
358 0 5 1448 1 1525 1 1557 1 1288 1 1930 1
359 0 5 1449 1 1990 1 1123 1 1874 1 1641 1
360 0 5 1450 1 1431 1 1861 1 1137 1 1221 1
361 0 5 1451 1 1897 1 1159 1 1253 1 1234 1
362 0 5 1452 1 1422 1 1436 1 2041 1 1756 1
363 0 5 1453 1 1128 1 1625 1 1969 1 1527 1
364 0 5 1454 1 1768 1 1769 1 2045 1 1159 1
365 0 5 1455 1 1314 1 1365 1 1373 1 1543 1
366 0 5 1456 1 1379 1 1354 1 2089 1 1595 1
367 0 5 1457 1 1710 1 2016 1 2078 1 1873 1
368 0 5 1458 1 1894 1 1896 1 1136 1 1505 1
369 0 5 1459 1 1181 1 1681 1 1836 1 1549 1
370 0 5 1460 1 1312 1 1714 1 1254 1 1524 1
371 0 5 1461 1 1953 1 1625 1 1128 1 1445 1
372 0 5 1462 1 2073 1 1220 1 1494 1 1561 1
373 0 5 1463 1 1617 1 1986 1 2055 1 1247 1
374 0 5 1464 1 1303 1 1401 1 1506 1 1712 1
375 0 5 1465 1 1252 1 1738 1 1575 1 1440 1
376 0 5 1466 1 1639 1 1868 1 1279 1 1246 1
377 0 5 1467 1 1552 1 2015 1 1874 1 1123 1
378 0 5 1468 1 1314 1 1365 1 1373 1 1455 1
379 0 5 1469 1 1984 1 1554 1 1576 1 1095 1
380 0 5 1470 1 1610 1 1968 1 2042 1 1503 1
381 0 5 1471 1 1773 1 1427 1 1900 1 1256 1
382 0 5 1472 1 1692 1 1921 1 1913 1 1678 1
383 0 5 1473 1 1110 1 1626 1 1188 1 1191 1
384 0 5 1474 1 1235 1 1383 1 2075 1 1399 1
385 0 5 1475 1 1305 1 1360 1 1618 1 1848 1
386 0 5 1476 1 1927 1 1277 1 2031 1 1504 1
387 0 5 1477 1 1435 1 1698 1 1851 1 1297 1
388 0 5 1478 1 1383 1 1337 1 1876 1 1642 1
389 0 5 1479 1 1675 1 1249 1 1257 1 2035 1
390 0 5 1480 1 2074 1 1862 1 1493 1 1178 1
391 0 5 1481 1 1338 1 1584 1 1981 1 1695 1
392 0 5 1482 1 1497 1 1887 1 1856 1 1631 1
393 0 5 1483 1 2040 1 1094 1 1590 1 1304 1
394 0 5 1484 1 1493 1 1178 1 1480 1 2074 1
395 0 5 1485 1 1597 1 2033 1 1242 1 2026 1
396 0 5 1486 1 2036 1 1377 1 1833 1 1499 1
397 0 5 1487 1 1511 1 1963 1 1805 1 1244 1
398 0 5 1488 1 1795 1 1370 1 1100 1 1153 1
399 0 5 1489 1 1293 1 1328 1 1688 1 1315 1
400 0 5 1490 1 1652 1 1871 1 2076 1 1766 1
401 0 5 1491 1 1160 1 1593 1 1860 1 1648 1
402 0 5 1492 1 1394 1 1781 1 1606 1 1351 1
403 0 5 1493 1 1480 1 2074 1 1178 1 1862 1
404 0 5 1494 1 2073 1 1661 1 1462 1 1872 1
405 0 5 1495 1 1255 1 1175 1 1380 1 1771 1
406 0 5 1496 1 1517 1 1364 1 1605 1 1608 1
407 0 5 1497 1 1856 1 1206 1 1408 1 1144 1
408 0 5 1498 1 1335 1 1701 1 1555 1 1217 1
409 0 5 1499 1 1377 1 2036 1 1833 1 1775 1
410 0 5 1500 1 1530 1 1347 1 1099 1 1898 1
411 0 5 1501 1 1190 1 2033 1 1597 1 1485 1
412 0 5 1502 1 1506 1 1621 1 1918 1 1834 1
413 0 5 1503 1 2042 1 1250 1 1610 1 1911 1
414 0 5 1504 1 1277 1 2031 1 1476 1 1278 1
415 0 5 1505 1 1894 1 1896 1 1136 1 1540 1
416 0 5 1506 1 1502 1 1303 1 1424 1 1401 1
417 0 5 1507 1 1563 1 1301 1 2051 1 1623 1
418 0 5 1508 1 1231 1 2037 1 1710 1 2078 1
419 0 5 1509 1 1650 1 1579 1 1164 1 2005 1
420 0 5 1510 1 1930 1 2087 1 1311 1 1557 1
421 0 5 1511 1 1487 1 1805 1 1963 1 1244 1
422 0 5 1512 1 1902 1 1473 1 1188 1 1191 1
423 0 5 1513 1 2005 1 1663 1 1509 1 1357 1
424 0 5 1514 1 1850 1 1200 1 1723 1 1791 1
425 0 5 1515 1 1914 1 1155 1 1168 1 1294 1
426 0 5 1516 1 1627 1 1863 1 1134 1 1396 1
427 0 5 1517 1 1679 1 1608 1 1441 1 1974 1
428 0 5 1518 1 1826 1 2002 1 1835 1 1681 1
429 0 5 1519 1 1781 1 1394 1 1664 1 1214 1
430 0 5 1520 1 1133 1 1655 1 1220 1 1462 1
431 0 5 1521 1 1688 1 1813 1 1429 1 1272 1
432 0 5 1522 1 1302 1 1603 1 1564 1 1146 1
433 0 5 1523 1 1931 1 1285 1 1689 1 1149 1
434 0 5 1524 1 1312 1 1714 1 1998 1 1933 1
435 0 5 1525 1 1448 1 1788 1 1229 1 1371 1
436 0 5 1526 1 1743 1 1350 1 2031 1 1927 1
437 0 5 1527 1 1128 1 1625 1 1969 1 1453 1
438 0 5 1528 1 1542 1 2013 1 1929 1 1217 1
439 0 5 1529 1 1164 1 2012 1 1650 1 1357 1
440 0 5 1530 1 1099 1 1347 1 1500 1 1708 1
441 0 5 1531 1 1539 1 1093 1 1967 1 1372 1
442 0 5 1532 1 1209 1 1943 1 1790 1 1901 1
443 0 5 1533 1 1852 1 1421 1 1415 1 1309 1
444 0 5 1534 1 1864 1 1094 1 1749 1 1304 1
445 0 5 1535 1 1956 1 1702 1 2068 1 1739 1
446 0 5 1536 1 1546 1 1114 1 1111 1 1952 1
447 0 5 1537 1 1208 1 1643 1 1667 1 1904 1
448 0 5 1538 1 1683 1 2047 1 1182 1 1981 1
449 0 5 1539 1 1531 1 1372 1 1093 1 1967 1
450 0 5 1540 1 1894 1 1896 1 1505 1 1136 1
451 0 5 1541 1 1754 1 1814 1 1791 1 1281 1
452 0 5 1542 1 1528 1 1638 1 1929 1 2013 1
453 0 5 1543 1 1314 1 1373 1 1365 1 2081 1
454 0 5 1544 1 1950 1 1435 1 1363 1 1698 1
455 0 5 1545 1 1201 1 2060 1 1799 1 1286 1
456 0 5 1546 1 1330 1 1915 1 1536 1 1358 1
457 0 5 1547 1 1274 1 1964 1 1428 1 1792 1
458 0 5 1548 1 1654 1 1712 1 2007 1 1401 1
459 0 5 1549 1 1181 1 1459 1 1836 1 1319 1
460 0 5 1550 1 1589 1 1849 1 1189 1 1130 1
461 0 5 1551 1 1615 1 1353 1 1762 1 1344 1
462 0 5 1552 1 1990 1 2015 1 1874 1 1123 1
463 0 5 1553 1 1839 1 1601 1 1705 1 1404 1
464 0 5 1554 1 1576 1 1469 1 1984 1 1095 1
465 0 5 1555 1 1738 1 1465 1 1440 1 1959 1
466 0 5 1556 1 1843 1 1419 1 2008 1 1831 1
467 0 5 1557 1 1930 1 1510 1 1311 1 1958 1
468 0 5 1558 1 1732 1 1789 1 1264 1 1600 1
469 0 5 1559 1 2039 1 1590 1 1291 1 1939 1
470 0 5 1560 1 1251 1 2028 1 1166 1 1706 1
471 0 5 1561 1 1872 1 1734 1 1661 1 1233 1
472 0 5 1562 1 1980 1 1414 1 1822 1 1982 1
473 0 5 1563 1 1507 1 1301 1 1157 1 1846 1
474 0 5 1564 1 1603 1 1302 1 1522 1 1146 1
475 0 5 1565 1 1233 1 1812 1 1561 1 1378 1
476 0 5 1566 1 1801 1 1415 1 1309 1 1421 1
477 0 5 1567 1 1675 1 1899 1 2052 1 1437 1
478 0 5 1568 1 1267 1 1884 1 1321 1 1870 1
479 0 5 1569 1 1283 1 1253 1 1234 1 1974 1
480 0 5 1570 1 1976 1 2038 1 1824 1 1122 1
481 0 5 1571 1 1175 1 1771 1 1255 1 1495 1
482 0 5 1572 1 1507 1 1301 1 2000 1 1985 1
483 0 5 1573 1 1668 1 1689 1 1740 1 1285 1
484 0 5 1574 1 1583 1 1607 1 1784 1 1798 1
485 0 5 1575 1 1738 1 1440 1 1217 1 1252 1
486 0 5 1576 1 1554 1 1469 1 1984 1 1095 1
487 0 5 1577 1 1390 1 1683 1 1866 1 1227 1
488 0 5 1578 1 1245 1 1640 1 1331 1 1198 1
489 0 5 1579 1 1509 1 2005 1 1357 1 1907 1
490 0 5 1580 1 1838 1 1697 1 1795 1 1153 1
491 0 5 1581 1 1975 1 2088 1 1112 1 1326 1
492 0 5 1582 1 1318 1 1224 1 1885 1 1586 1
493 0 5 1583 1 1246 1 1117 1 1279 1 1466 1
494 0 5 1584 1 1763 1 1695 1 1981 1 1481 1
495 0 5 1585 1 1829 1 1429 1 1272 1 1647 1
496 0 5 1586 1 1127 1 1885 1 1392 1 1583 1
497 0 5 1587 1 1398 1 1626 1 1110 1 1993 1
498 0 5 1588 1 1284 1 1410 1 2010 1 1155 1
499 0 5 1589 1 1550 1 1120 1 1161 1 1423 1
500 0 5 1590 1 1291 1 1304 1 1939 1 1094 1
501 0 5 1591 1 1437 1 2050 1 1215 1 1955 1
502 0 5 1592 1 1851 1 1384 1 1854 1 1096 1
503 0 5 1593 1 1860 1 1491 1 1160 1 2017 1
504 0 5 1594 1 1259 1 2011 1 1788 1 1757 1
505 0 5 1595 1 1379 1 2089 1 1354 1 1456 1
506 0 5 1596 1 1254 1 1894 1 1973 1 2014 1
507 0 5 1597 1 1485 1 2033 1 1190 1 2026 1
508 0 5 1598 1 1748 1 1108 1 1770 1 1531 1
509 0 5 1599 1 1098 1 1290 1 1280 1 2046 1
510 0 5 1600 1 1732 1 1393 1 1177 1 1264 1
511 0 5 1601 1 1404 1 1705 1 1171 1 1553 1
512 0 5 1602 1 1524 1 1312 1 1398 1 1998 1
513 0 5 1603 1 1302 1 1522 1 1564 1 1146 1
514 0 5 1604 1 1787 1 1460 1 1251 1 1706 1
515 0 5 1605 1 1165 1 1517 1 1974 1 2018 1
516 0 5 1606 1 1394 1 1781 1 1664 1 1214 1
517 0 5 1607 1 1583 1 1279 1 1246 1 1574 1
518 0 5 1608 1 1165 1 1517 1 1679 1 2018 1
519 0 5 1609 1 1406 1 1154 1 1237 1 1196 1
520 0 5 1610 1 1470 1 1503 1 2042 1 1869 1
521 0 5 1611 1 1934 1 1275 1 1809 1 2019 1
522 0 5 1612 1 1262 1 1271 1 1994 1 1932 1
523 0 5 1613 1 1562 1 1982 1 2049 1 1822 1
524 0 5 1614 1 1330 1 1358 1 1412 1 1915 1
525 0 5 1615 1 1551 1 1353 1 1762 1 1673 1
526 0 5 1616 1 1879 1 1397 1 1433 1 1403 1
527 0 5 1617 1 2055 1 1463 1 1986 1 1385 1
528 0 5 1618 1 1360 1 1382 1 1475 1 1760 1
529 0 5 1619 1 1209 1 2072 1 1901 1 1790 1
530 0 5 1620 1 1250 1 1503 1 2042 1 1911 1
531 0 5 1621 1 1502 1 2007 1 1834 1 1654 1
532 0 5 1622 1 1881 1 1671 1 1382 1 1760 1
533 0 5 1623 1 1507 1 2051 1 2000 1 1563 1
534 0 5 1624 1 1853 1 1112 1 1975 1 1727 1
535 0 5 1625 1 1239 1 1128 1 1969 1 1527 1
536 0 5 1626 1 1110 1 1188 1 1473 1 1191 1
537 0 5 1627 1 1134 1 1516 1 1863 1 1890 1
538 0 5 1628 1 2022 1 1406 1 1196 1 1292 1
539 0 5 1629 1 1097 1 2046 1 1252 1 1959 1
540 0 5 1630 1 1757 1 1928 1 1958 1 1837 1
541 0 5 1631 1 1724 1 1185 1 1145 1 1887 1
542 0 5 1632 1 1802 1 1313 1 1375 1 1283 1
543 0 5 1633 1 1178 1 1493 1 2074 1 1102 1
544 0 5 1634 1 1791 1 1216 1 1754 1 1541 1
545 0 5 1635 1 1432 1 1172 1 1782 1 1157 1
546 0 5 1636 1 1406 1 1196 1 1237 1 1154 1
547 0 5 1637 1 1287 1 1369 1 1820 1 1707 1
548 0 5 1638 1 1440 1 1217 1 2067 1 1575 1
549 0 5 1639 1 1583 1 1117 1 1798 1 1607 1
550 0 5 1640 1 1418 1 1331 1 1578 1 1198 1
551 0 5 1641 1 1990 1 1123 1 1874 1 1552 1
552 0 5 1642 1 1861 1 1374 1 1346 1 1674 1
553 0 5 1643 1 1537 1 1208 1 1766 1 1987 1
554 0 5 1644 1 1910 1 1378 1 1233 1 1812 1
555 0 5 1645 1 1990 1 1552 1 1874 1 2015 1
556 0 5 1646 1 1242 1 1183 1 1502 1 1385 1
557 0 5 1647 1 1829 1 1735 1 1585 1 2080 1
558 0 5 1648 1 1856 1 1160 1 1593 1 1703 1
559 0 5 1649 1 1300 1 1462 1 1133 1 1277 1
560 0 5 1650 1 1164 1 1509 1 2005 1 1357 1
561 0 5 1651 1 1394 1 1214 1 1351 1 1664 1
562 0 5 1652 1 1490 1 1871 1 2076 1 1766 1
563 0 5 1653 1 2070 1 1155 1 1177 1 1828 1
564 0 5 1654 1 1303 1 2007 1 1401 1 1712 1
565 0 5 1655 1 1520 1 1940 1 1888 1 1659 1
566 0 5 1656 1 1745 1 1185 1 1631 1 1350 1
567 0 5 1657 1 1779 1 1923 1 1134 1 1404 1
568 0 5 1658 1 1432 1 1782 1 1172 1 1420 1
569 0 5 1659 1 1209 1 1940 1 2072 1 1901 1
570 0 5 1660 1 1604 1 1398 1 1706 1 1230 1
571 0 5 1661 1 1734 1 1872 1 1561 1 1220 1
572 0 5 1662 1 1537 1 1667 1 1208 1 1643 1
573 0 5 1663 1 1650 1 1509 1 2005 1 1357 1
574 0 5 1664 1 1394 1 1351 1 1781 1 1774 1
575 0 5 1665 1 1430 1 2026 1 1170 1 1332 1
576 0 5 1666 1 1191 1 1819 1 2084 1 1188 1
577 0 5 1667 1 1537 1 1643 1 1208 1 1904 1
578 0 5 1668 1 1740 1 1689 1 1573 1 1285 1
579 0 5 1669 1 1724 1 1631 1 1887 1 1145 1
580 0 5 1670 1 1358 1 1330 1 1412 1 1915 1
581 0 5 1671 1 1622 1 1382 1 1881 1 1760 1
582 0 5 1672 1 1953 1 1825 1 1402 1 1531 1
583 0 5 1673 1 1353 1 1762 1 1106 1 1344 1
584 0 5 1674 1 1642 1 1861 1 1882 1 1478 1
585 0 5 1675 1 1567 1 1845 1 1899 1 1591 1
586 0 5 1676 1 1843 1 1419 1 1288 1 1320 1
587 0 5 1677 1 1439 1 2071 1 1426 1 1193 1
588 0 5 1678 1 1692 1 1921 1 1913 1 1472 1
589 0 5 1679 1 1517 1 2018 1 1165 1 1364 1
590 0 5 1680 1 1990 1 1552 1 1874 1 2015 1
591 0 5 1681 1 1518 1 1835 1 2002 1 1826 1
592 0 5 1682 1 1966 1 1261 1 1847 1 1336 1
593 0 5 1683 1 1538 1 1584 1 1182 1 1613 1
594 0 5 1684 1 1409 1 1697 1 1580 1 1996 1
595 0 5 1685 1 1126 1 1987 1 1756 1 1766 1
596 0 5 1686 1 1283 1 1569 1 1176 1 1253 1
597 0 5 1687 1 1403 1 1891 1 1616 1 1433 1
598 0 5 1688 1 1813 1 1521 1 1722 1 1954 1
599 0 5 1689 1 1668 1 1573 1 1523 1 1149 1
600 0 5 1690 1 1442 1 1847 1 1336 1 1682 1
601 0 5 1691 1 2009 1 1866 1 2019 1 1227 1
602 0 5 1692 1 1472 1 1921 1 1913 1 1678 1
603 0 5 1693 1 1159 1 1897 1 2045 1 1253 1
604 0 5 1694 1 1432 1 1157 1 1658 1 1172 1
605 0 5 1695 1 1282 1 1338 1 1481 1 2047 1
606 0 5 1696 1 1297 1 1851 1 1698 1 1435 1
607 0 5 1697 1 1838 1 1795 1 1153 1 1715 1
608 0 5 1698 1 1435 1 1363 1 1950 1 1297 1
609 0 5 1699 1 1448 1 1374 1 1346 1 1759 1
610 0 5 1700 1 2078 1 1508 1 2016 1 1248 1
611 0 5 1701 1 1465 1 1959 1 1929 1 1555 1
612 0 5 1702 1 1535 1 1956 1 1338 1 2068 1
613 0 5 1703 1 1800 1 1142 1 1355 1 2024 1
614 0 5 1704 1 1828 1 1914 1 1515 1 1168 1
615 0 5 1705 1 1923 1 1171 1 1404 1 1601 1
616 0 5 1706 1 2028 1 1560 1 1251 1 1166 1
617 0 5 1707 1 1820 1 1132 1 1369 1 1947 1
618 0 5 1708 1 2059 1 1832 1 2023 1 1527 1
619 0 5 1709 1 1540 1 2014 1 1121 1 1131 1
620 0 5 1710 1 1508 1 1439 1 1457 1 1210 1
621 0 5 1711 1 1194 1 1327 1 1296 1 1413 1
622 0 5 1712 1 1303 1 1401 1 1506 1 2007 1
623 0 5 1713 1 1273 1 1204 1 1951 1 1371 1
624 0 5 1714 1 1312 1 1524 1 1254 1 1973 1
625 0 5 1715 1 1795 1 1153 1 1838 1 1697 1
626 0 5 1716 1 1552 1 2015 1 1874 1 1467 1
627 0 5 1717 1 1337 1 1349 1 1558 1 2075 1
628 0 5 1718 1 1377 1 2036 1 1833 1 1499 1
629 0 5 1719 1 1116 1 2008 1 1831 1 1556 1
630 0 5 1720 1 1822 1 1414 1 1982 1 1180 1
631 0 5 1721 1 1353 1 1344 1 1762 1 1106 1
632 0 5 1722 1 2025 1 1954 1 1521 1 1292 1
633 0 5 1723 1 1976 1 2038 1 1824 1 1135 1
634 0 5 1724 1 1631 1 1145 1 1669 1 1185 1
635 0 5 1725 1 1971 1 1211 1 1202 1 2057 1
636 0 5 1726 1 1914 1 1515 1 1828 1 1704 1
637 0 5 1727 1 1112 1 1853 1 1975 1 1417 1
638 0 5 1728 1 1422 1 1756 1 2054 1 1436 1
639 0 5 1729 1 1546 1 1114 1 1111 1 1536 1
640 0 5 1730 1 1255 1 2006 1 1810 1 1495 1
641 0 5 1731 1 1650 1 1509 1 1663 1 2005 1
642 0 5 1732 1 1600 1 1558 1 1393 1 1264 1
643 0 5 1733 1 1861 1 1642 1 1399 1 1346 1
644 0 5 1734 1 1661 1 1413 1 1872 1 1561 1
645 0 5 1735 1 1647 1 1829 1 1205 1 2080 1
646 0 5 1736 1 1166 1 1560 1 2028 1 1251 1
647 0 5 1737 1 1999 1 2073 1 2043 1 1937 1
648 0 5 1738 1 1465 1 1252 1 1440 1 1959 1
649 0 5 1739 1 1317 1 1956 1 1535 1 1702 1
650 0 5 1740 1 1668 1 1224 1 1573 1 2003 1
651 0 5 1741 1 1892 1 1298 1 1980 1 1466 1
652 0 5 1742 1 2039 1 1149 1 1174 1 1931 1
653 0 5 1743 1 1526 1 1350 1 2031 1 1656 1
654 0 5 1744 1 1976 1 1570 1 2038 1 1824 1
655 0 5 1745 1 1185 1 1758 1 1648 1 1656 1
656 0 5 1746 1 2083 1 1375 1 1269 1 1315 1
657 0 5 1747 1 1299 1 1104 1 1852 1 1533 1
658 0 5 1748 1 1329 1 1770 1 1372 1 1967 1
659 0 5 1749 1 1534 1 1864 1 1094 1 2040 1
660 0 5 1750 1 1150 1 1240 1 1267 1 1870 1
661 0 5 1751 1 1950 1 1435 1 1698 1 1363 1
662 0 5 1752 1 1764 1 1212 1 1287 1 1203 1
663 0 5 1753 1 1423 1 1189 1 1120 1 1161 1
664 0 5 1754 1 1541 1 1791 1 1814 1 1281 1
665 0 5 1755 1 1193 1 1677 1 1359 1 1873 1
666 0 5 1756 1 1422 1 1728 1 2054 1 1436 1
667 0 5 1757 1 1837 1 1311 1 1958 1 1630 1
668 0 5 1758 1 1745 1 1811 1 1581 1 1961 1
669 0 5 1759 1 1926 1 1448 1 1699 1 1837 1
670 0 5 1760 1 1881 1 1618 1 1622 1 1283 1
671 0 5 1761 1 1612 1 1271 1 1262 1 1827 1
672 0 5 1762 1 1353 1 1106 1 1344 1 1673 1
673 0 5 1763 1 1584 1 1695 1 1282 1 1182 1
674 0 5 1764 1 1203 1 1752 1 1895 1 1222 1
675 0 5 1765 1 1194 1 1124 1 1296 1 1905 1
676 0 5 1766 1 1652 1 1987 1 1643 1 1208 1
677 0 5 1767 1 2091 1 1565 1 1842 1 1233 1
678 0 5 1768 1 1945 1 1769 1 1741 1 1454 1
679 0 5 1769 1 1768 1 1945 1 1454 1 1313 1
680 0 5 1770 1 1372 1 1329 1 1748 1 1093 1
681 0 5 1771 1 1368 1 1175 1 1255 1 2006 1
682 0 5 1772 1 1380 1 1255 1 1495 1 1730 1
683 0 5 1773 1 1427 1 1256 1 1900 1 1132 1
684 0 5 1774 1 1351 1 1394 1 1519 1 1664 1
685 0 5 1775 1 1377 1 2036 1 1499 1 1833 1
686 0 5 1776 1 1406 1 1609 1 1154 1 1636 1
687 0 5 1777 1 1950 1 1435 1 1363 1 1698 1
688 0 5 1778 1 1190 1 1501 1 1808 1 2033 1
689 0 5 1779 1 1970 1 1657 1 1923 1 1284 1
690 0 5 1780 1 1103 1 1794 1 1400 1 1248 1
691 0 5 1781 1 1394 1 1351 1 1664 1 1214 1
692 0 5 1782 1 1432 1 1157 1 1658 1 1420 1
693 0 5 1783 1 1394 1 1492 1 1606 1 1781 1
694 0 5 1784 1 1583 1 1279 1 1607 1 1574 1
695 0 5 1785 1 1171 1 1705 1 1923 1 1601 1
696 0 5 1786 1 1435 1 1297 1 1698 1 1851 1
697 0 5 1787 1 1604 1 1251 1 1460 1 1254 1
698 0 5 1788 1 1525 1 1259 1 1448 1 1204 1
699 0 5 1789 1 1264 1 1959 1 1465 1 1558 1
700 0 5 1790 1 2072 1 1901 1 1940 1 1209 1
701 0 5 1791 1 1754 1 1278 1 1634 1 1541 1
702 0 5 1792 1 1274 1 1428 1 1333 1 1547 1
703 0 5 1793 1 1603 1 1146 1 1564 1 1912 1
704 0 5 1794 1 1400 1 1103 1 1780 1 1248 1
705 0 5 1795 1 1838 1 1100 1 1153 1 1697 1
706 0 5 1796 1 1873 1 1193 1 1755 1 1103 1
707 0 5 1797 1 1851 1 1297 1 1096 1 1854 1
708 0 5 1798 1 1583 1 1607 1 1279 1 1574 1
709 0 5 1799 1 1213 1 2060 1 1199 1 2089 1
710 0 5 1800 1 1142 1 1703 1 1878 1 1858 1
711 0 5 1801 1 1566 1 1415 1 1421 1 1173 1
712 0 5 1802 1 1632 1 1313 1 1768 1 1829 1
713 0 5 1803 1 1163 1 1571 1 1615 1 1353 1
714 0 5 1804 1 1214 1 1781 1 1664 1 1394 1
715 0 5 1805 1 1511 1 1487 1 1963 1 1325 1
716 0 5 1806 1 1656 1 1145 1 1631 1 1209 1
717 0 5 1807 1 2068 1 2041 1 2054 1 1728 1
718 0 5 1808 1 1513 1 1295 1 2034 1 1972 1
719 0 5 1809 1 1934 1 2019 1 1127 1 1586 1
720 0 5 1810 1 1255 1 1730 1 1771 1 1495 1
721 0 5 1811 1 1758 1 1416 1 1961 1 1853 1
722 0 5 1812 1 1233 1 1561 1 1910 1 1378 1
723 0 5 1813 1 1688 1 1521 1 1722 1 1954 1
724 0 5 1814 1 2085 1 1541 1 1754 1 2031 1
725 0 5 1815 1 1270 1 1988 1 1189 1 1120 1
726 0 5 1816 1 1822 1 1982 1 1414 1 2049 1
727 0 5 1817 1 1323 1 1413 1 1327 1 1764 1
728 0 5 1818 1 1366 1 1382 1 1618 1 1568 1
729 0 5 1819 1 1191 1 1188 1 1110 1 1473 1
730 0 5 1820 1 1707 1 1369 1 1947 1 1132 1
731 0 5 1821 1 1125 1 1257 1 1814 1 1361 1
732 0 5 1822 1 1980 1 1414 1 1562 1 1180 1
733 0 5 1823 1 2091 1 1644 1 1113 1 1842 1
734 0 5 1824 1 1976 1 1723 1 2038 1 1570 1
735 0 5 1825 1 1402 1 1245 1 1946 1 1348 1
736 0 5 1826 1 1518 1 2002 1 1681 1 1835 1
737 0 5 1827 1 1612 1 1271 1 1262 1 1994 1
738 0 5 1828 1 1894 1 1914 1 1515 1 1168 1
739 0 5 1829 1 1585 1 1429 1 1647 1 1272 1
740 0 5 1830 1 1794 1 1400 1 1780 1 1796 1
741 0 5 1831 1 1843 1 1419 1 1288 1 1556 1
742 0 5 1832 1 1708 1 1179 1 1173 1 1356 1
743 0 5 1833 1 1377 1 2036 1 1499 1 1109 1
744 0 5 1834 1 1303 1 2007 1 1712 1 1654 1
745 0 5 1835 1 2002 1 1518 1 1826 1 2013 1
746 0 5 1836 1 1181 1 1459 1 1549 1 1835 1
747 0 5 1837 1 1757 1 1928 1 1630 1 1958 1
748 0 5 1838 1 1795 1 1697 1 1153 1 1580 1
749 0 5 1839 1 1553 1 1345 1 1579 1 1236 1
750 0 5 1840 1 1702 1 2069 1 1685 1 1126 1
751 0 5 1841 1 1277 1 1476 1 1300 1 1504 1
752 0 5 1842 1 1644 1 1378 1 1113 1 1233 1
753 0 5 1843 1 1288 1 1320 1 1419 1 1831 1
754 0 5 1844 1 1437 1 2050 1 1845 1 1591 1
755 0 5 1845 1 1437 1 2050 1 1405 1 1215 1
756 0 5 1846 1 1563 1 2051 1 1623 1 1985 1
757 0 5 1847 1 1690 1 1682 1 1261 1 1336 1
758 0 5 1848 1 1305 1 1886 1 1382 1 1475 1
759 0 5 1849 1 1722 1 1954 1 1115 1 1813 1
760 0 5 1850 1 1514 1 1200 1 1447 1 1880 1
761 0 5 1851 1 1698 1 1297 1 1352 1 1751 1
762 0 5 1852 1 1533 1 1299 1 1566 1 1101 1
763 0 5 1853 1 1112 1 1961 1 1416 1 1975 1
764 0 5 1854 1 1851 1 1698 1 1696 1 1297 1
765 0 5 1855 1 1798 1 1607 1 1117 1 1583 1
766 0 5 1856 1 1497 1 1408 1 1648 1 1206 1
767 0 5 1857 1 1386 1 1221 1 1211 1 1431 1
768 0 5 1858 1 1142 1 1800 1 1703 1 2024 1
769 0 5 1859 1 1822 1 1982 1 2049 1 1613 1
770 0 5 1860 1 1593 1 1491 1 1160 1 2017 1
771 0 5 1861 1 1642 1 1137 1 1674 1 1221 1
772 0 5 1862 1 1493 1 1178 1 1633 1 1480 1
773 0 5 1863 1 1516 1 1141 1 1627 1 1134 1
774 0 5 1864 1 1304 1 1534 1 1291 1 1094 1
775 0 5 1865 1 1603 1 1146 1 1912 1 1983 1
776 0 5 1866 1 2009 1 1227 1 1691 1 2019 1
777 0 5 1867 1 2054 1 1241 1 1728 1 1310 1
778 0 5 1868 1 1639 1 1583 1 1117 1 1607 1
779 0 5 1869 1 1610 1 1503 1 2042 1 1470 1
780 0 5 1870 1 1750 1 1267 1 1884 1 1150 1
781 0 5 1871 1 1490 1 1652 1 2029 1 1422 1
782 0 5 1872 1 1661 1 1561 1 1734 1 1233 1
783 0 5 1873 1 1457 1 2016 1 1103 1 1248 1
784 0 5 1874 1 1990 1 1552 1 2015 1 1123 1
785 0 5 1875 1 2068 1 1807 1 1241 1 2041 1
786 0 5 1876 1 1383 1 1478 1 1346 1 2075 1
787 0 5 1877 1 1970 1 2010 1 1138 1 1141 1
788 0 5 1878 1 2024 1 1142 1 1326 1 1355 1
789 0 5 1879 1 1433 1 1397 1 1403 1 1616 1
790 0 5 1880 1 1118 1 1850 1 1447 1 1995 1
791 0 5 1881 1 1622 1 1760 1 1671 1 1382 1
792 0 5 1882 1 1674 1 1243 1 1151 1 1678 1
793 0 5 1883 1 1633 1 2074 1 1493 1 1178 1
794 0 5 1884 1 1150 1 1750 1 1267 1 1962 1
795 0 5 1885 1 1127 1 1392 1 1586 1 1318 1
796 0 5 1886 1 1305 1 1848 1 1475 1 1681 1
797 0 5 1887 1 1631 1 1482 1 1185 1 1624 1
798 0 5 1888 1 1260 1 2072 1 1940 1 1209 1
799 0 5 1889 1 1793 1 1146 1 1603 1 1983 1
800 0 5 1890 1 1134 1 1963 1 1627 1 1290 1
801 0 5 1891 1 1403 1 1879 1 1397 1 1433 1
802 0 5 1892 1 1741 1 1298 1 1774 1 1768 1
803 0 5 1893 1 1092 1 1922 1 1149 1 1285 1
804 0 5 1894 1 1896 1 1505 1 1136 1 1828 1
805 0 5 1895 1 1111 1 1271 1 1262 1 1915 1
806 0 5 1896 1 1894 1 1505 1 1136 1 1540 1
807 0 5 1897 1 2045 1 1159 1 1253 1 1234 1
808 0 5 1898 1 1130 1 1500 1 1803 1 1162 1
809 0 5 1899 1 1437 1 1845 1 2050 1 1844 1
810 0 5 1900 1 1707 1 1369 1 1132 1 1947 1
811 0 5 1901 1 2072 1 1790 1 1619 1 1940 1
812 0 5 1902 1 1473 1 1188 1 1512 1 1191 1
813 0 5 1903 1 1684 1 1838 1 1996 1 1100 1
814 0 5 1904 1 1537 1 1766 1 1987 1 1643 1
815 0 5 1905 1 1262 1 1271 1 1994 1 1827 1
816 0 5 1906 1 1916 1 2004 1 1371 1 1719 1
817 0 5 1907 1 1509 1 1650 1 2005 1 1357 1
818 0 5 1908 1 2070 1 1653 1 1105 1 2046 1
819 0 5 1909 1 1653 1 1105 1 1395 1 1908 1
820 0 5 1910 1 1233 1 1378 1 1812 1 1644 1
821 0 5 1911 1 1503 1 1296 1 1620 1 1250 1
822 0 5 1912 1 1603 1 1522 1 1564 1 1302 1
823 0 5 1913 1 1472 1 1692 1 1921 1 1678 1
824 0 5 1914 1 1828 1 1294 1 1168 1 1515 1
825 0 5 1915 1 1111 1 1546 1 1952 1 1412 1
826 0 5 1916 1 1906 1 2004 1 1371 1 1719 1
827 0 5 1917 1 1115 1 1954 1 1292 1 1849 1
828 0 5 1918 1 1502 1 2007 1 1834 1 1621 1
829 0 5 1919 1 1603 1 1522 1 1302 1 1146 1
830 0 5 1920 1 1792 1 1258 1 1333 1 1274 1
831 0 5 1921 1 1472 1 1692 1 1913 1 1151 1
832 0 5 1922 1 1149 1 1893 1 1285 1 1092 1
833 0 5 1923 1 1404 1 1705 1 1657 1 1779 1
834 0 5 1924 1 2037 1 1103 1 2016 1 1873 1
835 0 5 1925 1 1315 1 1269 1 1184 1 1158 1
836 0 5 1926 1 1238 1 1759 1 1699 1 1320 1
837 0 5 1927 1 1476 1 1277 1 2031 1 1526 1
838 0 5 1928 1 1757 1 1837 1 1958 1 1311 1
839 0 5 1929 1 1465 1 1217 1 1440 1 1738 1
840 0 5 1930 1 1510 1 1557 1 2087 1 1311 1
841 0 5 1931 1 1523 1 1149 1 1285 1 1922 1
842 0 5 1932 1 1271 1 1358 1 1612 1 1262 1
843 0 5 1933 1 1998 1 1524 1 1312 1 1902 1
844 0 5 1934 1 1611 1 1275 1 1809 1 2003 1
845 0 5 1935 1 1314 1 1365 1 1455 1 1543 1
846 0 5 1936 1 1121 1 1458 1 1896 1 1540 1
847 0 5 1937 1 1263 1 2043 1 1289 1 1373 1
848 0 5 1938 1 1419 1 1719 1 1831 1 1116 1
849 0 5 1939 1 1291 1 2030 1 1590 1 2090 1
850 0 5 1940 1 2072 1 1888 1 1790 1 1260 1
851 0 5 1941 1 1362 1 1461 1 1953 1 1239 1
852 0 5 1942 1 1663 1 1650 1 2034 1 2005 1
853 0 5 1943 1 1901 1 1209 1 1790 1 2072 1
854 0 5 1944 1 1578 1 1245 1 1331 1 1640 1
855 0 5 1945 1 1769 1 1768 1 1741 1 1313 1
856 0 5 1946 1 1093 1 1539 1 1770 1 1108 1
857 0 5 1947 1 1820 1 1707 1 1369 1 1256 1
858 0 5 1948 1 1998 1 1993 1 2079 1 1602 1
859 0 5 1949 1 1990 1 1874 1 1449 1 1641 1
860 0 5 1950 1 2020 1 1698 1 1544 1 1777 1
861 0 5 1951 1 1167 1 1713 1 1273 1 1229 1
862 0 5 1952 1 1546 1 1114 1 1111 1 1536 1
863 0 5 1953 1 1672 1 1461 1 1316 1 1944 1
864 0 5 1954 1 1115 1 1722 1 2064 1 1292 1
865 0 5 1955 1 2052 1 1591 1 2050 1 1899 1
866 0 5 1956 1 1535 1 2068 1 1702 1 1875 1
867 0 5 1957 1 1142 1 1800 1 1703 1 2024 1
868 0 5 1958 1 1757 1 1928 1 1311 1 1630 1
869 0 5 1959 1 1465 1 1252 1 1738 1 1440 1
870 0 5 1960 1 1921 1 1692 1 1913 1 1678 1
871 0 5 1961 1 1975 1 1853 1 1727 1 1624 1
872 0 5 1962 1 1750 1 1870 1 1884 1 1321 1
873 0 5 1963 1 1487 1 1511 1 1244 1 1805 1
874 0 5 1964 1 1428 1 1274 1 1547 1 1333 1
875 0 5 1965 1 1562 1 1822 1 1414 1 1982 1
876 0 5 1966 1 1442 1 1682 1 1979 1 1336 1
877 0 5 1967 1 1372 1 1539 1 1093 1 1329 1
878 0 5 1968 1 1470 1 1282 1 2047 1 1182 1
879 0 5 1969 1 1239 1 1128 1 1625 1 1527 1
880 0 5 1970 1 1779 1 1284 1 1877 1 2010 1
881 0 5 1971 1 1725 1 1211 1 1202 1 2066 1
882 0 5 1972 1 1663 1 2005 1 1650 1 2034 1
883 0 5 1973 1 1714 1 1312 1 1524 1 1254 1
884 0 5 1974 1 1517 1 1364 1 1165 1 1407 1
885 0 5 1975 1 1112 1 1853 1 1417 1 1961 1
886 0 5 1976 1 1723 1 2038 1 1122 1 1570 1
887 0 5 1977 1 1549 1 1953 1 1319 1 1459 1
888 0 5 1978 1 1377 1 2036 1 1499 1 1833 1
889 0 5 1979 1 1442 1 1966 1 1682 1 1690 1
890 0 5 1980 1 1613 1 1965 1 1816 1 1324 1
891 0 5 1981 1 1584 1 1481 1 1338 1 1966 1
892 0 5 1982 1 1980 1 1414 1 1822 1 1562 1
893 0 5 1983 1 1603 1 1146 1 1564 1 1522 1
894 0 5 1984 1 1469 1 1095 1 1554 1 1576 1
895 0 5 1985 1 1507 1 2051 1 1623 1 2000 1
896 0 5 1986 1 1247 1 2055 1 1617 1 1463 1
897 0 5 1987 1 1766 1 1208 1 1643 1 1537 1
898 0 5 1988 1 1815 1 1270 1 1889 1 1186 1
899 0 5 1989 1 2038 1 1723 1 1617 1 1122 1
900 0 5 1990 1 1276 1 1123 1 1641 1 1874 1
901 0 5 1991 1 1377 1 2036 1 1499 1 1833 1
902 0 5 1992 1 1323 1 1817 1 1935 1 1365 1
903 0 5 1993 1 1902 1 1512 1 1473 1 2084 1
904 0 5 1994 1 1271 1 1612 1 1262 1 1358 1
905 0 5 1995 1 1118 1 1880 1 1479 1 1567 1
906 0 5 1996 1 1409 1 1715 1 1684 1 1697 1
907 0 5 1997 1 1640 1 1418 1 1198 1 1331 1
908 0 5 1998 1 1524 1 1933 1 1312 1 1948 1
909 0 5 1999 1 2043 1 2032 1 1266 1 1113 1
910 0 5 2000 1 1507 1 1301 1 1623 1 2051 1
911 0 5 2001 1 2027 1 1092 1 1147 1 1673 1
912 0 5 2002 1 1835 1 1518 1 1826 1 2013 1
913 0 5 2003 1 1275 1 1934 1 1740 1 1611 1
914 0 5 2004 1 1448 1 1371 1 1916 1 1525 1
915 0 5 2005 1 1650 1 1509 1 1663 1 1357 1
916 0 5 2006 1 1368 1 1730 1 1771 1 1810 1
917 0 5 2007 1 1303 1 1401 1 1654 1 1712 1
918 0 5 2008 1 1556 1 1419 1 1843 1 1831 1
919 0 5 2009 1 1691 1 2019 1 1866 1 1227 1
920 0 5 2010 1 1877 1 1588 1 1970 1 1284 1
921 0 5 2011 1 1788 1 1594 1 2087 1 1510 1
922 0 5 2012 1 1332 1 1247 1 1236 1 1164 1
923 0 5 2013 1 1929 1 1638 1 1217 1 1440 1
924 0 5 2014 1 1505 1 1540 1 1896 1 1136 1
925 0 5 2015 1 1990 1 1552 1 1874 1 1123 1
926 0 5 2016 1 1508 1 2078 1 1457 1 1700 1
927 0 5 2017 1 1860 1 1194 1 1593 1 1124 1
928 0 5 2018 1 1176 1 1608 1 1679 1 1165 1
929 0 5 2019 1 2009 1 1809 1 1691 1 1866 1
930 0 5 2020 1 1950 1 1363 1 1435 1 1751 1
931 0 5 2021 1 1914 1 1515 1 1294 1 1704 1
932 0 5 2022 1 1406 1 1628 1 1237 1 1196 1
933 0 5 2023 1 1128 1 1527 1 1969 1 1625 1
934 0 5 2024 1 1142 1 1800 1 1703 1 1858 1
935 0 5 2025 1 1722 1 1628 1 2022 1 1563 1
936 0 5 2026 1 1170 1 1430 1 1665 1 2033 1
937 0 5 2027 1 2001 1 1147 1 1673 1 1092 1
938 0 5 2028 1 1251 1 1560 1 1166 1 1706 1
939 0 5 2029 1 1652 1 1871 1 1490 1 1537 1
940 0 5 2030 1 1939 1 2090 1 2053 1 1291 1
941 0 5 2031 1 2085 1 1277 1 1743 1 1504 1
942 0 5 2032 1 1113 1 1842 1 1266 1 1823 1
943 0 5 2033 1 1190 1 1597 1 1170 1 1485 1
944 0 5 2034 1 1650 1 1663 1 2005 1 1509 1
945 0 5 2035 1 1437 1 1844 1 1845 1 1899 1
946 0 5 2036 1 1377 1 1499 1 1833 1 1775 1
947 0 5 2037 1 1231 1 1508 1 1924 1 1710 1
948 0 5 2038 1 1723 1 1824 1 1744 1 1976 1
949 0 5 2039 1 1559 1 1742 1 2030 1 1939 1
950 0 5 2040 1 1094 1 1304 1 1590 1 1864 1
951 0 5 2041 1 1422 1 2054 1 1728 1 1436 1
952 0 5 2042 1 1250 1 1503 1 1610 1 1620 1
953 0 5 2043 1 1263 1 1148 1 1373 1 1289 1
954 0 5 2044 1 1199 1 2056 1 1213 1 1354 1
955 0 5 2045 1 1897 1 1143 1 1226 1 1253 1
956 0 5 2046 1 1629 1 1280 1 1097 1 1908 1
957 0 5 2047 1 1182 1 1683 1 1968 1 1613 1
958 0 5 2048 1 1169 1 1245 1 1239 1 1625 1
959 0 5 2049 1 1980 1 1414 1 1822 1 1562 1
960 0 5 2050 1 1955 1 1437 1 1215 1 1844 1
961 0 5 2051 1 1563 1 1846 1 1623 1 1507 1
962 0 5 2052 1 2050 1 1437 1 1215 1 1955 1
963 0 5 2053 1 2030 1 2090 1 1939 1 1864 1
964 0 5 2054 1 1422 1 1756 1 1728 1 1436 1
965 0 5 2055 1 1986 1 1617 1 1247 1 1385 1
966 0 5 2056 1 1199 1 1354 1 1213 1 1379 1
967 0 5 2057 1 1716 1 1552 1 1467 1 1680 1
968 0 5 2058 1 1738 1 1465 1 1252 1 1440 1
969 0 5 2059 1 1232 1 1708 1 1309 1 1308 1
970 0 5 2060 1 1799 1 1201 1 2089 1 1595 1
971 0 5 2061 1 2086 1 1268 1 1284 1 1218 1
972 0 5 2062 1 1394 1 1214 1 1664 1 1781 1
973 0 5 2063 1 1276 1 1990 1 1123 1 2015 1
974 0 5 2064 1 1292 1 1196 1 1609 1 1406 1
975 0 5 2065 1 1128 1 1969 1 1625 1 1239 1
976 0 5 2066 1 2057 1 1716 1 1467 1 1680 1
977 0 5 2067 1 1738 1 1465 1 1440 1 1217 1
978 0 5 2068 1 1956 1 1422 1 2041 1 2054 1
979 0 5 2069 1 1895 1 2029 1 1840 1 1764 1
980 0 5 2070 1 1653 1 1908 1 1155 1 1393 1
981 0 5 2071 1 1439 1 1210 1 1426 1 1677 1
982 0 5 2072 1 1790 1 1209 1 1940 1 1901 1
983 0 5 2073 1 1494 1 1462 1 1734 1 1220 1
984 0 5 2074 1 1480 1 1493 1 1178 1 1633 1
985 0 5 2075 1 1876 1 1399 1 1474 1 1383 1
986 0 5 2076 1 1490 1 1652 1 1422 1 1756 1
987 0 5 2077 1 1353 1 1344 1 1721 1 1162 1
988 0 5 2078 1 1508 1 2016 1 1700 1 1248 1
989 0 5 2079 1 1138 1 2086 1 1948 1 1588 1
990 0 5 2080 1 2083 1 1647 1 1735 1 1205 1
991 0 5 2081 1 1289 1 1373 1 1314 1 1148 1
992 0 5 2082 1 1870 1 1321 1 1962 1 1884 1
993 0 5 2083 1 1746 1 2080 1 1375 1 1829 1
994 0 5 2084 1 1191 1 1188 1 1902 1 1512 1
995 0 5 2085 1 2031 1 1814 1 1350 1 1927 1
996 0 5 2086 1 2061 1 1284 1 1998 1 1588 1
997 0 5 2087 1 1510 1 1311 1 1930 1 1958 1
998 0 5 2088 1 1872 1 1661 1 1139 1 2017 1
999 0 5 2089 1 1199 1 1379 1 1354 1 2056 1
1000 0 5 2090 1 2030 1 1939 1 2053 1 1291 1
1001 0 5 2091 1 1561 1 1233 1 1812 1 1378 1
1002 0 5 2092 0 1091 1 2092 1 2093 1 2094 1
1003 0 5 2093 0 1091 1 2092 1 2093 1 2094 1
1004 0 5 2094 0 1091 1 2092 1 2093 1 2094 1
1005 0 5 2095 0 1091 1 2092 1 2093 1 2094 1
1006 0 5 2096 0 1091 1 2092 1 2093 1 2094 1
1007 0 5 2097 0 1091 1 2092 1 2093 1 2094 1
1008 0 5 2098 0 1091 1 2092 1 2093 1 2094 1
1009 0 5 2099 0 1091 1 2092 1 2093 1 2094 1
1010 0 5 2100 0 1091 1 2092 1 2093 1 2094 1
1011 0 5 2101 0 1091 1 2092 1 2093 1 2094 1
1012 0 5 2102 0 1091 1 2092 1 2093 1 2094 1
1013 0 5 2103 0 1091 1 2092 1 2093 1 2094 1
1014 0 5 2104 0 1091 1 2092 1 2093 1 2094 1
1015 0 5 2105 0 1091 1 2092 1 2093 1 2094 1
1016 0 5 2106 0 1091 1 2092 1 2093 1 2094 1
1017 0 5 2107 0 1091 1 2092 1 2093 1 2094 1
1018 0 5 2108 0 1091 1 2092 1 2093 1 2094 1
1019 0 5 2109 0 1091 1 2092 1 2093 1 2094 1
1020 0 5 2110 0 1091 1 2092 1 2093 1 2094 1
1021 0 5 2111 0 1091 1 2092 1 2093 1 2094 1
1022 0 5 2112 0 1091 1 2092 1 2093 1 2094 1
1023 0 5 2113 0 1091 1 2092 1 2093 1 2094 1
1024 0 5 2114 0 1091 1 2092 1 2093 1 2094 1
1025 0 5 2115 0 1091 1 2092 1 2093 1 2094 1
1026 0 5 2116 0 1091 1 2092 1 2093 1 2094 1
1027 0 5 2117 0 1091 1 2092 1 2093 1 2094 1
1028 0 5 2118 0 1091 1 2092 1 2093 1 2094 1
1029 0 5 2119 0 1091 1 2092 1 2093 1 2094 1
1030 0 5 2120 0 1091 1 2092 1 2093 1 2094 1
1031 0 5 2121 0 1091 1 2092 1 2093 1 2094 1
1032 0 5 2122 0 1091 1 2092 1 2093 1 2094 1
1033 0 5 2123 0 1091 1 2092 1 2093 1 2094 1
1034 0 5 2124 0 1091 1 2092 1 2093 1 2094 1
1035 0 5 2125 0 1091 1 2092 1 2093 1 2094 1
1036 0 5 2126 0 1091 1 2092 1 2093 1 2094 1
1037 0 5 2127 0 1091 1 2092 1 2093 1 2094 1
1038 0 5 2128 0 1091 1 2092 1 2093 1 2094 1
1039 0 5 2129 0 1091 1 2092 1 2093 1 2094 1
1040 0 5 2130 0 1091 1 2092 1 2093 1 2094 1
1041 0 5 2131 0 1091 1 2092 1 2093 1 2094 1
1042 0 5 2132 0 1091 1 2092 1 2093 1 2094 1
1043 0 5 2133 0 1091 1 2092 1 2093 1 2094 1
1044 0 5 2134 0 1091 1 2092 1 2093 1 2094 1
1045 0 5 2135 0 1091 1 2092 1 2093 1 2094 1
1046 0 5 2136 0 1091 1 2092 1 2093 1 2094 1
1047 0 5 2137 0 1091 1 2092 1 2093 1 2094 1
1048 0 5 2138 0 1091 1 2092 1 2093 1 2094 1
1049 0 5 2139 0 1091 1 2092 1 2093 1 2094 1
1050 0 5 2140 0 1091 1 2092 1 2093 1 2094 1
1051 0 5 2141 0 1091 1 2092 1 2093 1 2094 1
1052 0 5 2142 0 1091 1 2092 1 2093 1 2094 1
1053 0 5 2143 0 1091 1 2092 1 2093 1 2094 1
1054 0 5 2144 0 1091 1 2092 1 2093 1 2094 1
1055 0 5 2145 0 1091 1 2092 1 2093 1 2094 1
1056 0 5 2146 0 1091 1 2092 1 2093 1 2094 1
1057 0 5 2147 0 1091 1 2092 1 2093 1 2094 1
1058 0 5 2148 0 1091 1 2092 1 2093 1 2094 1
1059 0 5 2149 0 1091 1 2092 1 2093 1 2094 1
1060 0 5 2150 0 1091 1 2092 1 2093 1 2094 1
1061 0 5 2151 0 1091 1 2092 1 2093 1 2094 1
1062 0 5 2152 0 1091 1 2092 1 2093 1 2094 1
1063 0 5 2153 0 1091 1 2092 1 2093 1 2094 1
1064 0 5 2154 0 1091 1 2092 1 2093 1 2094 1
1065 0 5 2155 0 1091 1 2092 1 2093 1 2094 1
1066 0 5 2156 0 1091 1 2092 1 2093 1 2094 1
1067 0 5 2157 0 1091 1 2092 1 2093 1 2094 1
1068 0 5 2158 0 1091 1 2092 1 2093 1 2094 1
1069 0 5 2159 0 1091 1 2092 1 2093 1 2094 1
1070 0 5 2160 0 1091 1 2092 1 2093 1 2094 1
1071 0 5 2161 0 1091 1 2092 1 2093 1 2094 1
1072 0 5 2162 0 1091 1 2092 1 2093 1 2094 1
1073 0 5 2163 0 1091 1 2092 1 2093 1 2094 1
1074 0 5 2164 0 1091 1 2092 1 2093 1 2094 1
1075 0 5 2165 0 1091 1 2092 1 2093 1 2094 1
1076 0 5 2166 0 1091 1 2092 1 2093 1 2094 1
1077 0 5 2167 0 1091 1 2092 1 2093 1 2094 1
1078 0 5 2168 0 1091 1 2092 1 2093 1 2094 1
1079 0 5 2169 0 1091 1 2092 1 2093 1 2094 1
1080 0 5 2170 0 1091 1 2092 1 2093 1 2094 1
1081 0 5 2171 0 1091 1 2092 1 2093 1 2094 1
1082 0 5 2172 0 1091 1 2092 1 2093 1 2094 1
1083 0 5 2173 0 1091 1 2092 1 2093 1 2094 1
1084 0 5 2174 0 1091 1 2092 1 2093 1 2094 1
1085 0 5 2175 0 1091 1 2092 1 2093 1 2094 1
1086 0 5 2176 0 1091 1 2092 1 2093 1 2094 1
1087 0 5 2177 0 1091 1 2092 1 2093 1 2094 1
1088 0 5 2178 0 1091 1 2092 1 2093 1 2094 1
1089 0 5 2179 0 1091 1 2092 1 2093 1 2094 1
1090 0 5 2180 0 1091 1 2092 1 2093 1 2094 1
1091 0 5 1 0 1090 1 1089 1 1088 1 1087 1
1092 0 5 2 1 803 1 911 1 937 1 212 1
1093 0 5 3 1 856 1 877 1 239 1 680 1
1094 0 5 4 1 950 1 214 1 774 1 444 1
1095 0 5 5 1 354 1 916 1 894 1 640 1
1096 0 5 6 1 764 1 294 1 502 1 707 1
1097 0 5 7 1 539 1 956 1 162 1 869 1
1098 0 5 8 1 509 1 200 1 190 1 477 1
1099 0 5 9 1 257 1 440 1 410 1 808 1
1100 0 5 10 1 705 1 398 1 748 1 63 1
1101 0 5 11 1 907 1 108 1 241 1 854 1
1102 0 5 12 1 984 1 88 1 394 1 772 1
1103 0 5 13 1 690 1 310 1 704 1 158 1
1104 0 5 14 1 107 1 209 1 657 1 762 1
1105 0 5 15 1 305 1 78 1 204 1 425 1
1106 0 5 16 1 254 1 672 1 631 1 583 1
1107 0 5 17 1 321 1 132 1 572 1 113 1
1108 0 5 18 1 856 1 312 1 680 1 239 1
1109 0 5 19 1 396 1 901 1 117 1 628 1
1110 0 5 20 1 383 1 101 1 729 1 98 1
1111 0 5 21 1 862 1 456 1 322 1 24 1
1112 0 5 22 1 763 1 534 1 885 1 637 1
1113 0 5 23 1 752 1 554 1 176 1 733 1
1114 0 5 24 1 862 1 639 1 21 1 446 1
1115 0 5 25 1 827 1 864 1 64 1 519 1
1116 0 5 26 1 848 1 629 1 586 1 918 1
1117 0 5 27 1 156 1 376 1 189 1 708 1
1118 0 5 28 1 790 1 905 1 357 1 389 1
1119 0 5 29 1 255 1 307 1 789 1 526 1
1120 0 5 30 1 71 1 333 1 96 1 725 1
1121 0 5 31 1 846 1 619 1 41 1 368 1
1122 0 5 32 1 654 1 480 1 45 1 734 1
1123 0 5 33 1 555 1 590 1 377 1 551 1
1124 0 5 34 1 206 1 104 1 675 1 671 1
1125 0 5 35 1 731 1 167 1 271 1 159 1
1126 0 5 36 1 777 1 666 1 220 1 964 1
1127 0 5 37 1 795 1 496 1 302 1 228 1
1128 0 5 38 1 355 1 975 1 933 1 535 1
1129 0 5 39 1 69 1 807 1 603 1 163 1
1130 0 5 40 1 298 1 808 1 254 1 212 1
1131 0 5 41 1 619 1 924 1 450 1 415 1
1132 0 5 42 1 617 1 166 1 279 1 810 1
1133 0 5 43 1 430 1 130 1 471 1 677 1
1134 0 5 44 1 537 1 426 1 773 1 306 1
1135 0 5 45 1 654 1 734 1 480 1 886 1
1136 0 5 46 1 368 1 450 1 924 1 415 1
1137 0 5 47 1 620 1 349 1 341 1 120 1
1138 0 5 48 1 989 1 787 1 920 1 320 1
1139 0 5 49 1 130 1 782 1 998 1 571 1
1140 0 5 50 1 89 1 298 1 618 1 742 1
1141 0 5 51 1 773 1 409 1 287 1 743 1
1142 0 5 52 1 934 1 768 1 867 1 613 1
1143 0 5 53 1 136 1 144 1 361 1 603 1
1144 0 5 54 1 154 1 318 1 764 1 6 1
1145 0 5 55 1 634 1 541 1 566 1 716 1
1146 0 5 56 1 893 1 822 1 703 1 513 1
1147 0 5 57 1 583 1 672 1 16 1 263 1
1148 0 5 58 1 847 1 991 1 199 1 953 1
1149 0 5 59 1 832 1 195 1 803 1 829 1
1150 0 5 60 1 660 1 794 1 177 1 231 1
1151 0 5 61 1 870 1 588 1 335 1 831 1
1152 0 5 62 1 466 1 918 1 741 1 586 1
1153 0 5 63 1 490 1 319 1 625 1 906 1
1154 0 5 64 1 686 1 519 1 546 1 974 1
1155 0 5 65 1 204 1 425 1 931 1 824 1
1156 0 5 66 1 465 1 611 1 869 1 375 1
1157 0 5 67 1 353 1 217 1 545 1 604 1
1158 0 5 68 1 297 1 12 1 390 1 179 1
1159 0 5 69 1 603 1 807 1 955 1 53 1
1160 0 5 70 1 401 1 503 1 770 1 613 1
1161 0 5 71 1 30 1 333 1 96 1 725 1
1162 0 5 72 1 631 1 254 1 987 1 16 1
1163 0 5 73 1 713 1 525 1 57 1 937 1
1164 0 5 74 1 560 1 419 1 915 1 267 1
1165 0 5 75 1 351 1 589 1 515 1 884 1
1166 0 5 76 1 646 1 308 1 616 1 938 1
1167 0 5 77 1 861 1 139 1 816 1 281 1
1168 0 5 78 1 305 1 636 1 135 1 15 1
1169 0 5 79 1 155 1 550 1 488 1 241 1
1170 0 5 80 1 936 1 340 1 943 1 575 1
1171 0 5 81 1 695 1 615 1 833 1 511 1
1172 0 5 82 1 330 1 545 1 568 1 217 1
1173 0 5 83 1 933 1 437 1 975 1 355 1
1174 0 5 84 1 469 1 949 1 652 1 500 1
1175 0 5 85 1 481 1 165 1 681 1 405 1
1176 0 5 86 1 274 1 928 1 317 1 518 1
1177 0 5 87 1 804 1 806 1 46 1 368 1
1178 0 5 88 1 394 1 12 1 772 1 984 1
1179 0 5 89 1 50 1 742 1 618 1 266 1
1180 0 5 90 1 324 1 732 1 299 1 892 1
1181 0 5 91 1 459 1 746 1 229 1 369 1
1182 0 5 92 1 957 1 890 1 234 1 523 1
1183 0 5 93 1 295 1 412 1 556 1 152 1
1184 0 5 94 1 887 1 403 1 452 1 88 1
1185 0 5 95 1 655 1 541 1 797 1 566 1
1186 0 5 96 1 30 1 898 1 71 1 725 1
1187 0 5 97 1 820 1 237 1 288 1 722 1
1188 0 5 98 1 576 1 994 1 244 1 422 1
1189 0 5 99 1 725 1 663 1 71 1 333 1
1190 0 5 100 1 411 1 943 1 688 1 507 1
1191 0 5 101 1 576 1 244 1 994 1 729 1
1192 0 5 102 1 872 1 992 1 253 1 660 1
1193 0 5 103 1 706 1 665 1 783 1 587 1
1194 0 5 104 1 206 1 675 1 34 1 621 1
1195 0 5 105 1 291 1 713 1 583 1 659 1
1196 0 5 106 1 147 1 316 1 546 1 932 1
1197 0 5 107 1 14 1 209 1 657 1 762 1
1198 0 5 108 1 907 1 328 1 241 1 550 1
1199 0 5 109 1 966 1 264 1 999 1 123 1
1200 0 5 110 1 424 1 126 1 701 1 633 1
1201 0 5 111 1 196 1 970 1 505 1 709 1
1202 0 5 112 1 635 1 976 1 626 1 377 1
1203 0 5 113 1 132 1 674 1 639 1 862 1
1204 0 5 114 1 77 1 623 1 861 1 698 1
1205 0 5 115 1 645 1 990 1 364 1 557 1
1206 0 5 116 1 407 1 318 1 54 1 766 1
1207 0 5 117 1 396 1 356 1 901 1 628 1
1208 0 5 118 1 553 1 814 1 447 1 897 1
1209 0 5 119 1 700 1 982 1 529 1 811 1
1210 0 5 120 1 981 1 336 1 349 1 587 1
1211 0 5 121 1 881 1 635 1 140 1 767 1
1212 0 5 122 1 133 1 17 1 321 1 662 1
1213 0 5 123 1 966 1 709 1 109 1 999 1
1214 0 5 124 1 561 1 972 1 574 1 691 1
1215 0 5 125 1 315 1 501 1 960 1 962 1
1216 0 5 126 1 32 1 544 1 734 1 654 1
1217 0 5 127 1 839 1 465 1 977 1 968 1
1218 0 5 128 1 178 1 971 1 695 1 787 1
1219 0 5 129 1 753 1 62 1 230 1 586 1
1220 0 5 130 1 677 1 471 1 475 1 733 1
1221 0 5 131 1 140 1 382 1 602 1 370 1
1222 0 5 132 1 639 1 825 1 862 1 446 1
1223 0 5 133 1 122 1 321 1 939 1 289 1
1224 0 5 134 1 492 1 228 1 302 1 795 1
1225 0 5 135 1 636 1 931 1 614 1 78 1
1226 0 5 136 1 53 1 144 1 361 1 603 1
1227 0 5 137 1 776 1 972 1 27 1 561 1
1228 0 5 138 1 597 1 801 1 343 1 313 1
1229 0 5 139 1 77 1 281 1 861 1 358 1
1230 0 5 140 1 570 1 308 1 938 1 76 1
1231 0 5 141 1 947 1 418 1 620 1 129 1
1232 0 5 142 1 969 1 219 1 476 1 618 1
1233 0 5 143 1 722 1 1001 1 475 1 288 1
1234 0 5 144 1 136 1 53 1 603 1 163 1
1235 0 5 145 1 384 1 985 1 309 1 293 1
1236 0 5 146 1 789 1 526 1 527 1 29 1
1237 0 5 147 1 106 1 316 1 546 1 686 1
1238 0 5 148 1 836 1 669 1 309 1 643 1
1239 0 5 149 1 535 1 38 1 355 1 975 1
1240 0 5 150 1 60 1 660 1 177 1 794 1
1241 0 5 151 1 777 1 717 1 964 1 951 1
1242 0 5 152 1 93 1 556 1 395 1 295 1
1243 0 5 153 1 831 1 382 1 823 1 602 1
1244 0 5 154 1 865 1 125 1 960 1 315 1
1245 0 5 155 1 488 1 854 1 226 1 241 1
1246 0 5 156 1 27 1 376 1 189 1 694 1
1247 0 5 157 1 896 1 146 1 373 1 922 1
1248 0 5 158 1 690 1 310 1 13 1 783 1
1249 0 5 159 1 167 1 271 1 389 1 35 1
1250 0 5 160 1 952 1 530 1 413 1 520 1
1251 0 5 161 1 470 1 616 1 938 1 76 1
1252 0 5 162 1 968 1 648 1 465 1 869 1
1253 0 5 163 1 144 1 136 1 53 1 361 1
1254 0 5 164 1 506 1 697 1 31 1 624 1
1255 0 5 165 1 405 1 720 1 682 1 290 1
1256 0 5 166 1 810 1 617 1 42 1 857 1
1257 0 5 167 1 35 1 389 1 271 1 159 1
1258 0 5 168 1 702 1 243 1 457 1 338 1
1259 0 5 169 1 504 1 698 1 508 1 921 1
1260 0 5 170 1 569 1 798 1 811 1 700 1
1261 0 5 171 1 246 1 757 1 592 1 889 1
1262 0 5 172 1 904 1 815 1 671 1 181 1
1263 0 5 173 1 953 1 199 1 847 1 283 1
1264 0 5 174 1 699 1 485 1 839 1 162 1
1265 0 5 175 1 395 1 507 1 943 1 458 1
1266 0 5 176 1 942 1 733 1 752 1 23 1
1267 0 5 177 1 794 1 231 1 780 1 660 1
1268 0 5 178 1 128 1 971 1 996 1 695 1
1269 0 5 179 1 285 1 656 1 225 1 403 1
1270 0 5 180 1 725 1 898 1 799 1 474 1
1271 0 5 181 1 671 1 904 1 737 1 522 1
1272 0 5 182 1 211 1 417 1 482 1 910 1
1273 0 5 183 1 623 1 861 1 77 1 914 1
1274 0 5 184 1 338 1 243 1 168 1 457 1
1275 0 5 185 1 913 1 844 1 521 1 650 1
1276 0 5 186 1 973 1 900 1 33 1 925 1
1277 0 5 187 1 386 1 751 1 414 1 837 1
1278 0 5 188 1 374 1 701 1 416 1 480 1
1279 0 5 189 1 156 1 27 1 376 1 694 1
1280 0 5 190 1 200 1 509 1 8 1 956 1
1281 0 5 191 1 451 1 664 1 544 1 724 1
1282 0 5 192 1 605 1 250 1 673 1 92 1
1283 0 5 193 1 596 1 286 1 479 1 86 1
1284 0 5 194 1 498 1 920 1 48 1 320 1
1285 0 5 195 1 59 1 832 1 893 1 56 1
1286 0 5 196 1 505 1 111 1 366 1 999 1
1287 0 5 197 1 547 1 730 1 279 1 617 1
1288 0 5 198 1 586 1 329 1 230 1 741 1
1289 0 5 199 1 283 1 847 1 953 1 58 1
1290 0 5 200 1 190 1 8 1 509 1 956 1
1291 0 5 201 1 500 1 214 1 849 1 774 1
1292 0 5 202 1 974 1 64 1 538 1 106 1
1293 0 5 203 1 399 1 238 1 266 1 864 1
1294 0 5 204 1 931 1 135 1 636 1 425 1
1295 0 5 205 1 852 1 882 1 944 1 423 1
1296 0 5 206 1 34 1 104 1 522 1 737 1
1297 0 5 207 1 294 1 606 1 761 1 6 1
1298 0 5 208 1 890 1 472 1 324 1 216 1
1299 0 5 209 1 762 1 657 1 14 1 443 1
1300 0 5 210 1 559 1 751 1 853 1 811 1
1301 0 5 211 1 417 1 910 1 482 1 473 1
1302 0 5 212 1 432 1 474 1 822 1 513 1
1303 0 5 213 1 622 1 311 1 917 1 564 1
1304 0 5 214 1 774 1 500 1 4 1 201 1
1305 0 5 215 1 385 1 758 1 528 1 270 1
1306 0 5 216 1 402 1 561 1 124 1 691 1
1307 0 5 217 1 353 1 545 1 67 1 82 1
1308 0 5 218 1 83 1 437 1 933 1 355 1
1309 0 5 219 1 476 1 331 1 325 1 142 1
1310 0 5 220 1 638 1 346 1 964 1 666 1
1311 0 5 221 1 997 1 540 1 868 1 840 1
1312 0 5 222 1 434 1 370 1 512 1 908 1
1313 0 5 223 1 182 1 645 1 115 1 542 1
1314 0 5 224 1 283 1 378 1 275 1 453 1
1315 0 5 225 1 656 1 993 1 179 1 739 1
1316 0 5 226 1 854 1 241 1 488 1 328 1
1317 0 5 227 1 876 1 592 1 889 1 246 1
1318 0 5 228 1 492 1 302 1 795 1 484 1
1319 0 5 229 1 459 1 887 1 438 1 452 1
1320 0 5 230 1 586 1 329 1 198 1 741 1
1321 0 5 231 1 794 1 780 1 872 1 177 1
1322 0 5 232 1 457 1 243 1 874 1 338 1
1323 0 5 233 1 173 1 275 1 224 1 902 1
1324 0 5 234 1 769 1 875 1 523 1 299 1
1325 0 5 235 1 207 1 661 1 608 1 294 1
1326 0 5 236 1 265 1 788 1 867 1 934 1
1327 0 5 237 1 97 1 722 1 288 1 471 1
1328 0 5 238 1 266 1 203 1 399 1 827 1
1329 0 5 239 1 680 1 877 1 658 1 856 1
1330 0 5 240 1 322 1 268 1 524 1 580 1
1331 0 5 241 1 108 1 328 1 226 1 550 1
1332 0 5 242 1 575 1 922 1 146 1 373 1
1333 0 5 243 1 168 1 457 1 232 1 338 1
1334 0 5 244 1 576 1 812 1 994 1 422 1
1335 0 5 245 1 408 1 611 1 66 1 923 1
1336 0 5 246 1 757 1 592 1 171 1 889 1
1337 0 5 247 1 627 1 293 1 735 1 388 1
1338 0 5 248 1 391 1 891 1 605 1 494 1
1339 0 5 249 1 502 1 707 1 294 1 764 1
1340 0 5 250 1 192 1 391 1 673 1 248 1
1341 0 5 251 1 663 1 333 1 935 1 725 1
1342 0 5 252 1 846 1 31 1 368 1 806 1
1343 0 5 253 1 992 1 102 1 872 1 780 1
1344 0 5 254 1 72 1 631 1 16 1 672 1
1345 0 5 255 1 29 1 307 1 789 1 526 1
1346 0 5 256 1 284 1 552 1 309 1 669 1
1347 0 5 257 1 440 1 9 1 410 1 618 1
1348 0 5 258 1 282 1 877 1 449 1 239 1
1349 0 5 259 1 627 1 145 1 384 1 468 1
1350 0 5 260 1 653 1 436 1 566 1 716 1
1351 0 5 261 1 216 1 124 1 561 1 684 1
1352 0 5 262 1 387 1 661 1 454 1 696 1
1353 0 5 263 1 672 1 16 1 631 1 254 1
1354 0 5 264 1 289 1 999 1 366 1 966 1
1355 0 5 265 1 236 1 867 1 934 1 788 1
1356 0 5 266 1 238 1 742 1 203 1 89 1
1357 0 5 267 1 344 1 817 1 423 1 205 1
1358 0 5 268 1 524 1 580 1 322 1 825 1
1359 0 5 269 1 665 1 706 1 103 1 783 1
1360 0 5 270 1 385 1 528 1 215 1 276 1
1361 0 5 271 1 167 1 159 1 35 1 731 1
1362 0 5 272 1 851 1 371 1 149 1 742 1
1363 0 5 273 1 661 1 345 1 860 1 387 1
1364 0 5 274 1 317 1 928 1 518 1 351 1
1365 0 5 275 1 845 1 378 1 224 1 365 1
1366 0 5 276 1 728 1 478 1 543 1 984 1
1367 0 5 277 1 62 1 834 1 466 1 753 1
1368 0 5 278 1 681 1 916 1 85 1 720 1
1369 0 5 279 1 857 1 617 1 166 1 810 1
1370 0 5 280 1 398 1 63 1 625 1 607 1
1371 0 5 281 1 139 1 826 1 816 1 914 1
1372 0 5 282 1 877 1 239 1 680 1 3 1
1373 0 5 283 1 199 1 378 1 453 1 224 1
1374 0 5 284 1 256 1 552 1 643 1 771 1
1375 0 5 285 1 179 1 656 1 993 1 543 1
1376 0 5 286 1 75 1 884 1 351 1 589 1
1377 0 5 287 1 396 1 117 1 901 1 356 1
1378 0 5 288 1 554 1 722 1 820 1 1001 1
1379 0 5 289 1 366 1 264 1 999 1 505 1
1380 0 5 290 1 682 1 405 1 165 1 720 1
1381 0 5 291 1 659 1 444 1 774 1 105 1
1382 0 5 292 1 528 1 728 1 670 1 532 1
1383 0 5 293 1 384 1 786 1 145 1 985 1
1384 0 5 294 1 502 1 249 1 707 1 764 1
1385 0 5 295 1 412 1 527 1 531 1 93 1
1386 0 5 296 1 767 1 121 1 131 1 497 1
1387 0 5 297 1 68 1 225 1 12 1 179 1
1388 0 5 298 1 40 1 987 1 212 1 72 1
1389 0 5 299 1 630 1 726 1 301 1 769 1
1390 0 5 300 1 487 1 776 1 137 1 593 1
1391 0 5 301 1 630 1 299 1 726 1 769 1
1392 0 5 302 1 795 1 694 1 484 1 228 1
1393 0 5 303 1 563 1 174 1 642 1 980 1
1394 0 5 304 1 561 1 124 1 691 1 574 1
1395 0 5 305 1 15 1 78 1 204 1 425 1
1396 0 5 306 1 426 1 773 1 51 1 8 1
1397 0 5 307 1 801 1 526 1 343 1 313 1
1398 0 5 308 1 76 1 646 1 616 1 938 1
1399 0 5 309 1 985 1 384 1 467 1 669 1
1400 0 5 310 1 690 1 704 1 13 1 158 1
1401 0 5 311 1 622 1 213 1 564 1 917 1
1402 0 5 312 1 856 1 3 1 18 1 449 1
1403 0 5 313 1 597 1 138 1 801 1 343 1
1404 0 5 314 1 615 1 833 1 81 1 511 1
1405 0 5 315 1 809 1 962 1 501 1 125 1
1406 0 5 316 1 147 1 546 1 106 1 686 1
1407 0 5 317 1 351 1 518 1 274 1 928 1
1408 0 5 318 1 54 1 154 1 116 1 761 1
1409 0 5 319 1 490 1 594 1 625 1 906 1
1410 0 5 320 1 65 1 931 1 636 1 287 1
1411 0 5 321 1 572 1 133 1 447 1 289 1
1412 0 5 322 1 268 1 524 1 580 1 825 1
1413 0 5 323 1 237 1 644 1 97 1 471 1
1414 0 5 324 1 299 1 892 1 959 1 732 1
1415 0 5 325 1 711 1 476 1 443 1 331 1
1416 0 5 326 1 871 1 637 1 885 1 327 1
1417 0 5 327 1 871 1 534 1 637 1 326 1
1418 0 5 328 1 108 1 241 1 907 1 550 1
1419 0 5 329 1 848 1 586 1 741 1 918 1
1420 0 5 330 1 82 1 568 1 545 1 692 1
1421 0 5 331 1 363 1 907 1 879 1 437 1
1422 0 5 332 1 666 1 346 1 220 1 362 1
1423 0 5 333 1 71 1 30 1 663 1 99 1
1424 0 5 334 1 311 1 416 1 622 1 412 1
1425 0 5 335 1 831 1 870 1 61 1 588 1
1426 0 5 336 1 587 1 103 1 981 1 665 1
1427 0 5 337 1 683 1 166 1 810 1 42 1
1428 0 5 338 1 243 1 184 1 457 1 232 1
1429 0 5 339 1 495 1 739 1 182 1 557 1
1430 0 5 340 1 575 1 80 1 936 1 943 1
1431 0 5 341 1 360 1 771 1 47 1 620 1
1432 0 5 342 1 545 1 330 1 82 1 217 1
1433 0 5 343 1 138 1 597 1 801 1 313 1
1434 0 5 344 1 205 1 423 1 882 1 944 1
1435 0 5 345 1 661 1 273 1 687 1 454 1
1436 0 5 346 1 362 1 638 1 220 1 964 1
1437 0 5 347 1 501 1 945 1 809 1 754 1
1438 0 5 348 1 229 1 582 1 459 1 312 1
1439 0 5 349 1 981 1 336 1 587 1 120 1
1440 0 5 350 1 839 1 465 1 977 1 968 1
1441 0 5 351 1 317 1 518 1 515 1 589 1
1442 0 5 352 1 889 1 876 1 600 1 246 1
1443 0 5 353 1 217 1 67 1 545 1 604 1
1444 0 5 354 1 5 1 410 1 916 1 640 1
1445 0 5 355 1 933 1 975 1 437 1 879 1
1446 0 5 356 1 396 1 117 1 901 1 628 1
1447 0 5 357 1 790 1 28 1 760 1 126 1
1448 0 5 358 1 435 1 467 1 840 1 629 1
1449 0 5 359 1 590 1 555 1 377 1 551 1
1450 0 5 360 1 341 1 771 1 349 1 981 1
1451 0 5 361 1 136 1 53 1 603 1 144 1
1452 0 5 362 1 951 1 346 1 638 1 964 1
1453 0 5 363 1 975 1 355 1 879 1 933 1
1454 0 5 364 1 679 1 955 1 69 1 678 1
1455 0 5 365 1 378 1 845 1 453 1 275 1
1456 0 5 366 1 505 1 196 1 999 1 289 1
1457 0 5 367 1 783 1 926 1 103 1 706 1
1458 0 5 368 1 846 1 450 1 41 1 924 1
1459 0 5 369 1 459 1 91 1 887 1 746 1
1460 0 5 370 1 161 1 514 1 938 1 470 1
1461 0 5 371 1 863 1 355 1 226 1 535 1
1462 0 5 372 1 130 1 983 1 430 1 471 1
1463 0 5 373 1 527 1 896 1 899 1 633 1
1464 0 5 374 1 213 1 311 1 622 1 32 1
1465 0 5 375 1 465 1 66 1 839 1 869 1
1466 0 5 376 1 156 1 27 1 189 1 778 1
1467 0 5 377 1 626 1 590 1 967 1 555 1
1468 0 5 378 1 453 1 845 1 365 1 275 1
1469 0 5 379 1 464 1 894 1 486 1 5 1
1470 0 5 380 1 520 1 361 1 53 1 807 1
1471 0 5 381 1 810 1 683 1 337 1 166 1
1472 0 5 382 1 870 1 602 1 588 1 823 1
1473 0 5 383 1 576 1 994 1 244 1 422 1
1474 0 5 384 1 145 1 985 1 309 1 293 1
1475 0 5 385 1 215 1 270 1 528 1 276 1
1476 0 5 386 1 187 1 837 1 751 1 941 1
1477 0 5 387 1 661 1 606 1 696 1 262 1
1478 0 5 388 1 293 1 145 1 259 1 384 1
1479 0 5 389 1 585 1 945 1 754 1 809 1
1480 0 5 390 1 403 1 88 1 394 1 12 1
1481 0 5 391 1 248 1 891 1 494 1 605 1
1482 0 5 392 1 797 1 541 1 764 1 502 1
1483 0 5 393 1 950 1 4 1 500 1 214 1
1484 0 5 394 1 793 1 772 1 984 1 543 1
1485 0 5 395 1 507 1 175 1 943 1 100 1
1486 0 5 396 1 356 1 117 1 901 1 628 1
1487 0 5 397 1 421 1 873 1 715 1 235 1
1488 0 5 398 1 280 1 10 1 63 1 705 1
1489 0 5 399 1 203 1 238 1 864 1 827 1
1490 0 5 400 1 562 1 676 1 986 1 814 1
1491 0 5 401 1 70 1 503 1 770 1 86 1
1492 0 5 402 1 693 1 516 1 216 1 691 1
1493 0 5 403 1 394 1 88 1 390 1 12 1
1494 0 5 404 1 983 1 130 1 471 1 942 1
1495 0 5 405 1 682 1 720 1 165 1 290 1
1496 0 5 406 1 427 1 518 1 515 1 274 1
1497 0 5 407 1 766 1 392 1 116 1 558 1
1498 0 5 408 1 245 1 611 1 253 1 465 1
1499 0 5 409 1 396 1 901 1 117 1 356 1
1500 0 5 410 1 440 1 257 1 9 1 808 1
1501 0 5 411 1 100 1 688 1 943 1 507 1
1502 0 5 412 1 531 1 828 1 744 1 917 1
1503 0 5 413 1 952 1 520 1 779 1 160 1
1504 0 5 414 1 187 1 751 1 701 1 664 1
1505 0 5 415 1 450 1 924 1 368 1 46 1
1506 0 5 416 1 213 1 311 1 622 1 917 1
1507 0 5 417 1 910 1 482 1 211 1 895 1
1508 0 5 418 1 988 1 926 1 610 1 158 1
1509 0 5 419 1 344 1 641 1 817 1 205 1
1510 0 5 420 1 997 1 840 1 221 1 467 1
1511 0 5 421 1 397 1 715 1 873 1 235 1
1512 0 5 422 1 576 1 244 1 729 1 994 1
1513 0 5 423 1 205 1 882 1 852 1 944 1
1514 0 5 424 1 760 1 110 1 633 1 357 1
1515 0 5 425 1 135 1 931 1 636 1 204 1
1516 0 5 426 1 306 1 773 1 51 1 537 1
1517 0 5 427 1 406 1 515 1 518 1 589 1
1518 0 5 428 1 736 1 912 1 591 1 745 1
1519 0 5 429 1 714 1 972 1 561 1 516 1
1520 0 5 430 1 565 1 43 1 677 1 733 1
1521 0 5 431 1 598 1 723 1 182 1 495 1
1522 0 5 432 1 822 1 212 1 474 1 513 1
1523 0 5 433 1 841 1 599 1 195 1 832 1
1524 0 5 434 1 908 1 222 1 512 1 624 1
1525 0 5 435 1 358 1 139 1 698 1 420 1
1526 0 5 436 1 653 1 442 1 119 1 260 1
1527 0 5 437 1 933 1 355 1 975 1 83 1
1528 0 5 438 1 452 1 923 1 839 1 127 1
1529 0 5 439 1 267 1 560 1 641 1 852 1
1530 0 5 440 1 257 1 9 1 410 1 354 1
1531 0 5 441 1 3 1 449 1 877 1 282 1
1532 0 5 442 1 119 1 853 1 700 1 811 1
1533 0 5 443 1 331 1 762 1 325 1 907 1
1534 0 5 444 1 774 1 4 1 214 1 950 1
1535 0 5 445 1 866 1 612 1 785 1 978 1
1536 0 5 446 1 639 1 24 1 862 1 456 1
1537 0 5 447 1 553 1 118 1 814 1 577 1
1538 0 5 448 1 593 1 957 1 92 1 402 1
1539 0 5 449 1 877 1 3 1 239 1 856 1
1540 0 5 450 1 41 1 924 1 368 1 619 1
1541 0 5 451 1 664 1 191 1 544 1 701 1
1542 0 5 452 1 438 1 923 1 548 1 839 1
1543 0 5 453 1 378 1 365 1 845 1 283 1
1544 0 5 454 1 262 1 387 1 661 1 687 1
1545 0 5 455 1 111 1 970 1 709 1 196 1
1546 0 5 456 1 862 1 24 1 21 1 639 1
1547 0 5 457 1 243 1 232 1 338 1 168 1
1548 0 5 458 1 564 1 622 1 917 1 744 1
1549 0 5 459 1 229 1 91 1 887 1 746 1
1550 0 5 460 1 499 1 759 1 180 1 99 1
1551 0 5 461 1 263 1 525 1 672 1 631 1
1552 0 5 462 1 377 1 626 1 555 1 590 1
1553 0 5 463 1 749 1 511 1 615 1 81 1
1554 0 5 464 1 486 1 379 1 894 1 5 1
1555 0 5 465 1 839 1 977 1 968 1 127 1
1556 0 5 466 1 848 1 918 1 586 1 741 1
1557 0 5 467 1 840 1 540 1 868 1 221 1
1558 0 5 468 1 699 1 642 1 627 1 174 1
1559 0 5 469 1 949 1 500 1 201 1 849 1
1560 0 5 470 1 616 1 646 1 938 1 76 1
1561 0 5 471 1 1001 1 143 1 475 1 722 1
1562 0 5 472 1 875 1 959 1 892 1 324 1
1563 0 5 473 1 211 1 417 1 961 1 756 1
1564 0 5 474 1 822 1 56 1 432 1 212 1
1565 0 5 475 1 677 1 1001 1 733 1 752 1
1566 0 5 476 1 711 1 325 1 331 1 363 1
1567 0 5 477 1 585 1 809 1 945 1 962 1
1568 0 5 478 1 177 1 794 1 1 1 150 1
1569 0 5 479 1 193 1 163 1 884 1 144 1
1570 0 5 480 1 654 1 45 1 32 1 734 1
1571 0 5 481 1 85 1 681 1 165 1 405 1
1572 0 5 482 1 910 1 895 1 417 1 211 1
1573 0 5 483 1 578 1 599 1 650 1 185 1
1574 0 5 484 1 517 1 694 1 708 1 493 1
1575 0 5 485 1 977 1 968 1 465 1 548 1
1576 0 5 486 1 464 1 379 1 894 1 5 1
1577 0 5 487 1 300 1 593 1 776 1 592 1
1578 0 5 488 1 854 1 550 1 226 1 241 1
1579 0 5 489 1 641 1 267 1 817 1 915 1
1580 0 5 490 1 319 1 594 1 625 1 906 1
1581 0 5 491 1 885 1 22 1 265 1 236 1
1582 0 5 492 1 134 1 228 1 795 1 302 1
1583 0 5 493 1 694 1 517 1 484 1 708 1
1584 0 5 494 1 673 1 891 1 391 1 605 1
1585 0 5 495 1 739 1 557 1 645 1 182 1
1586 0 5 496 1 37 1 302 1 795 1 694 1
1587 0 5 497 1 308 1 536 1 20 1 98 1
1588 0 5 498 1 920 1 320 1 685 1 888 1
1589 0 5 499 1 460 1 898 1 40 1 759 1
1590 0 5 500 1 214 1 201 1 950 1 849 1
1591 0 5 501 1 809 1 962 1 315 1 755 1
1592 0 5 502 1 249 1 707 1 294 1 764 1
1593 0 5 503 1 770 1 70 1 401 1 788 1
1594 0 5 504 1 921 1 840 1 11 1 667 1
1595 0 5 505 1 196 1 999 1 366 1 289 1
1596 0 5 506 1 924 1 41 1 619 1 804 1
1597 0 5 507 1 395 1 943 1 175 1 100 1
1598 0 5 508 1 18 1 658 1 680 1 239 1
1599 0 5 509 1 8 1 190 1 200 1 956 1
1600 0 5 510 1 642 1 468 1 252 1 174 1
1601 0 5 511 1 463 1 615 1 81 1 695 1
1602 0 5 512 1 308 1 161 1 646 1 903 1
1603 0 5 513 1 56 1 893 1 822 1 474 1
1604 0 5 514 1 697 1 616 1 938 1 161 1
1605 0 5 515 1 518 1 351 1 589 1 317 1
1606 0 5 516 1 429 1 561 1 691 1 693 1
1607 0 5 517 1 708 1 484 1 694 1 493 1
1608 0 5 518 1 317 1 351 1 515 1 274 1
1609 0 5 519 1 686 1 546 1 64 1 316 1
1610 0 5 520 1 380 1 779 1 413 1 952 1
1611 0 5 521 1 844 1 719 1 185 1 929 1
1612 0 5 522 1 737 1 671 1 181 1 904 1
1613 0 5 523 1 234 1 875 1 769 1 959 1
1614 0 5 524 1 580 1 268 1 842 1 825 1
1615 0 5 525 1 263 1 672 1 16 1 583 1
1616 0 5 526 1 801 1 597 1 313 1 789 1
1617 0 5 527 1 373 1 899 1 896 1 948 1
1618 0 5 528 1 276 1 292 1 270 1 728 1
1619 0 5 529 1 569 1 119 1 170 1 982 1
1620 0 5 530 1 160 1 952 1 413 1 821 1
1621 0 5 531 1 828 1 744 1 564 1 917 1
1622 0 5 532 1 791 1 581 1 292 1 670 1
1623 0 5 533 1 895 1 961 1 910 1 417 1
1624 0 5 534 1 327 1 637 1 763 1 22 1
1625 0 5 535 1 355 1 975 1 38 1 363 1
1626 0 5 536 1 383 1 98 1 101 1 812 1
1627 0 5 537 1 426 1 44 1 773 1 306 1
1628 0 5 538 1 932 1 106 1 147 1 202 1
1629 0 5 539 1 7 1 956 1 162 1 869 1
1630 0 5 540 1 868 1 221 1 747 1 838 1
1631 0 5 541 1 634 1 797 1 579 1 566 1
1632 0 5 542 1 712 1 223 1 115 1 678 1
1633 0 5 543 1 793 1 772 1 984 1 394 1
1634 0 5 544 1 701 1 126 1 32 1 374 1
1635 0 5 545 1 217 1 353 1 342 1 82 1
1636 0 5 546 1 686 1 519 1 64 1 316 1
1637 0 5 547 1 730 1 279 1 617 1 42 1
1638 0 5 548 1 923 1 977 1 485 1 127 1
1639 0 5 549 1 376 1 778 1 156 1 189 1
1640 0 5 550 1 108 1 241 1 907 1 328 1
1641 0 5 551 1 590 1 555 1 377 1 359 1
1642 0 5 552 1 771 1 643 1 284 1 584 1
1643 0 5 553 1 814 1 577 1 118 1 447 1
1644 0 5 554 1 752 1 23 1 1001 1 733 1
1645 0 5 555 1 626 1 590 1 377 1 551 1
1646 0 5 556 1 93 1 152 1 412 1 416 1
1647 0 5 557 1 645 1 739 1 990 1 495 1
1648 0 5 558 1 710 1 52 1 885 1 613 1
1649 0 5 559 1 210 1 430 1 853 1 565 1
1650 0 5 560 1 573 1 641 1 915 1 419 1
1651 0 5 561 1 972 1 714 1 429 1 516 1
1652 0 5 562 1 400 1 676 1 897 1 814 1
1653 0 5 563 1 980 1 819 1 65 1 78 1
1654 0 5 564 1 744 1 917 1 622 1 531 1
1655 0 5 565 1 430 1 850 1 798 1 569 1
1656 0 5 566 1 541 1 327 1 716 1 871 1
1657 0 5 567 1 833 1 689 1 615 1 51 1
1658 0 5 568 1 330 1 82 1 692 1 604 1
1659 0 5 569 1 170 1 798 1 529 1 982 1
1660 0 5 570 1 308 1 616 1 514 1 938 1
1661 0 5 571 1 782 1 471 1 644 1 130 1
1662 0 5 572 1 447 1 577 1 553 1 118 1
1663 0 5 573 1 205 1 852 1 944 1 882 1
1664 0 5 574 1 561 1 972 1 714 1 429 1
1665 0 5 575 1 340 1 936 1 80 1 242 1
1666 0 5 576 1 244 1 994 1 812 1 422 1
1667 0 5 577 1 814 1 553 1 447 1 676 1
1668 0 5 578 1 650 1 599 1 483 1 195 1
1669 0 5 579 1 634 1 541 1 797 1 392 1
1670 0 5 580 1 524 1 842 1 268 1 322 1
1671 0 5 581 1 532 1 292 1 791 1 70 1
1672 0 5 582 1 863 1 312 1 441 1 226 1
1673 0 5 583 1 16 1 672 1 254 1 263 1
1674 0 5 584 1 792 1 552 1 771 1 153 1
1675 0 5 585 1 477 1 389 1 945 1 755 1
1676 0 5 586 1 848 1 741 1 918 1 466 1
1677 0 5 587 1 103 1 665 1 336 1 706 1
1678 0 5 588 1 870 1 61 1 823 1 831 1
1679 0 5 589 1 515 1 351 1 518 1 317 1
1680 0 5 590 1 555 1 626 1 377 1 551 1
1681 0 5 591 1 428 1 745 1 912 1 736 1
1682 0 5 592 1 246 1 889 1 171 1 757 1
1683 0 5 593 1 523 1 494 1 875 1 92 1
1684 0 5 594 1 319 1 490 1 906 1 625 1
1685 0 5 595 1 36 1 897 1 676 1 220 1
1686 0 5 596 1 193 1 479 1 86 1 286 1
1687 0 5 597 1 138 1 801 1 343 1 313 1
1688 0 5 598 1 723 1 431 1 632 1 864 1
1689 0 5 599 1 578 1 483 1 433 1 59 1
1690 0 5 600 1 757 1 352 1 889 1 246 1
1691 0 5 601 1 919 1 776 1 929 1 137 1
1692 0 5 602 1 588 1 870 1 823 1 831 1
1693 0 5 603 1 136 1 53 1 144 1 361 1
1694 0 5 604 1 217 1 692 1 353 1 545 1
1695 0 5 605 1 192 1 494 1 673 1 391 1
1696 0 5 606 1 387 1 661 1 696 1 6 1
1697 0 5 607 1 490 1 594 1 319 1 906 1
1698 0 5 608 1 387 1 661 1 606 1 696 1
1699 0 5 609 1 747 1 669 1 667 1 358 1
1700 0 5 610 1 13 1 158 1 690 1 926 1
1701 0 5 611 1 66 1 375 1 839 1 869 1
1702 0 5 612 1 445 1 866 1 248 1 717 1
1703 0 5 613 1 768 1 934 1 52 1 867 1
1704 0 5 614 1 636 1 931 1 135 1 78 1
1705 0 5 615 1 81 1 833 1 695 1 511 1
1706 0 5 616 1 646 1 76 1 938 1 470 1
1707 0 5 617 1 42 1 166 1 279 1 857 1
1708 0 5 618 1 969 1 742 1 218 1 437 1
1709 0 5 619 1 41 1 924 1 450 1 415 1
1710 0 5 620 1 367 1 349 1 587 1 926 1
1711 0 5 621 1 172 1 181 1 237 1 815 1
1712 0 5 622 1 564 1 917 1 744 1 311 1
1713 0 5 623 1 861 1 183 1 77 1 281 1
1714 0 5 624 1 164 1 370 1 883 1 506 1
1715 0 5 625 1 490 1 319 1 594 1 906 1
1716 0 5 626 1 967 1 377 1 590 1 555 1
1717 0 5 627 1 259 1 468 1 985 1 247 1
1718 0 5 628 1 396 1 901 1 356 1 888 1
1719 0 5 629 1 848 1 26 1 918 1 741 1
1720 0 5 630 1 301 1 299 1 726 1 769 1
1721 0 5 631 1 72 1 254 1 16 1 672 1
1722 0 5 632 1 202 1 538 1 974 1 864 1
1723 0 5 633 1 948 1 886 1 45 1 734 1
1724 0 5 634 1 579 1 541 1 55 1 797 1
1725 0 5 635 1 881 1 121 1 112 1 967 1
1726 0 5 636 1 135 1 931 1 614 1 78 1
1727 0 5 637 1 326 1 885 1 534 1 871 1
1728 0 5 638 1 346 1 220 1 964 1 362 1
1729 0 5 639 1 862 1 446 1 24 1 456 1
1730 0 5 640 1 720 1 916 1 165 1 405 1
1731 0 5 641 1 852 1 882 1 944 1 205 1
1732 0 5 642 1 468 1 510 1 174 1 699 1
1733 0 5 643 1 771 1 552 1 309 1 148 1
1734 0 5 644 1 571 1 471 1 820 1 288 1
1735 0 5 645 1 557 1 115 1 990 1 739 1
1736 0 5 646 1 308 1 616 1 76 1 470 1
1737 0 5 647 1 909 1 942 1 176 1 224 1
1738 0 5 648 1 465 1 968 1 977 1 485 1
1739 0 5 649 1 227 1 171 1 757 1 246 1
1740 0 5 650 1 578 1 134 1 483 1 185 1
1741 0 5 651 1 802 1 208 1 376 1 890 1
1742 0 5 652 1 949 1 841 1 84 1 469 1
1743 0 5 653 1 436 1 442 1 260 1 119 1
1744 0 5 654 1 45 1 734 1 480 1 32 1
1745 0 5 655 1 668 1 566 1 95 1 327 1
1746 0 5 656 1 993 1 990 1 394 1 793 1
1747 0 5 657 1 209 1 762 1 443 1 325 1
1748 0 5 658 1 239 1 680 1 877 1 282 1
1749 0 5 659 1 444 1 774 1 4 1 950 1
1750 0 5 660 1 794 1 231 1 177 1 102 1
1751 0 5 661 1 387 1 606 1 262 1 696 1
1752 0 5 662 1 674 1 113 1 122 1 17 1
1753 0 5 663 1 99 1 333 1 71 1 30 1
1754 0 5 664 1 451 1 191 1 544 1 701 1
1755 0 5 665 1 706 1 103 1 269 1 783 1
1756 0 5 666 1 220 1 346 1 638 1 964 1
1757 0 5 667 1 838 1 868 1 540 1 747 1
1758 0 5 668 1 871 1 721 1 326 1 327 1
1759 0 5 669 1 836 1 747 1 148 1 467 1
1760 0 5 670 1 791 1 528 1 286 1 193 1
1761 0 5 671 1 904 1 737 1 181 1 842 1
1762 0 5 672 1 16 1 254 1 583 1 631 1
1763 0 5 673 1 494 1 605 1 250 1 391 1
1764 0 5 674 1 113 1 132 1 662 1 17 1
1765 0 5 675 1 815 1 522 1 181 1 737 1
1766 0 5 676 1 814 1 897 1 553 1 577 1
1767 0 5 677 1 733 1 475 1 1001 1 752 1
1768 0 5 678 1 679 1 855 1 364 1 90 1
1769 0 5 679 1 855 1 678 1 364 1 90 1
1770 0 5 680 1 856 1 239 1 658 1 877 1
1771 0 5 681 1 720 1 85 1 165 1 916 1
1772 0 5 682 1 405 1 290 1 165 1 720 1
1773 0 5 683 1 337 1 166 1 810 1 42 1
1774 0 5 684 1 124 1 561 1 972 1 261 1
1775 0 5 685 1 901 1 628 1 396 1 888 1
1776 0 5 686 1 519 1 546 1 64 1 316 1
1777 0 5 687 1 262 1 454 1 387 1 696 1
1778 0 5 688 1 718 1 100 1 411 1 943 1
1779 0 5 689 1 880 1 833 1 567 1 81 1
1780 0 5 690 1 310 1 704 1 13 1 158 1
1781 0 5 691 1 561 1 516 1 429 1 574 1
1782 0 5 692 1 217 1 604 1 353 1 545 1
1783 0 5 693 1 402 1 516 1 691 1 216 1
1784 0 5 694 1 484 1 517 1 708 1 189 1
1785 0 5 695 1 81 1 615 1 511 1 833 1
1786 0 5 696 1 387 1 661 1 262 1 606 1
1787 0 5 697 1 514 1 161 1 470 1 938 1
1788 0 5 698 1 921 1 435 1 169 1 504 1
1789 0 5 699 1 174 1 485 1 869 1 375 1
1790 0 5 700 1 853 1 811 1 982 1 170 1
1791 0 5 701 1 544 1 664 1 126 1 451 1
1792 0 5 702 1 168 1 243 1 830 1 184 1
1793 0 5 703 1 893 1 775 1 799 1 56 1
1794 0 5 704 1 310 1 690 1 158 1 13 1
1795 0 5 705 1 63 1 490 1 625 1 607 1
1796 0 5 706 1 665 1 103 1 269 1 783 1
1797 0 5 707 1 249 1 502 1 294 1 764 1
1798 0 5 708 1 517 1 27 1 484 1 694 1
1799 0 5 709 1 970 1 123 1 999 1 966 1
1800 0 5 710 1 934 1 768 1 867 1 52 1
1801 0 5 711 1 476 1 325 1 331 1 83 1
1802 0 5 712 1 115 1 542 1 364 1 990 1
1803 0 5 713 1 481 1 73 1 525 1 85 1
1804 0 5 714 1 972 1 429 1 561 1 574 1
1805 0 5 715 1 421 1 235 1 207 1 397 1
1806 0 5 716 1 566 1 119 1 541 1 529 1
1807 0 5 717 1 951 1 362 1 151 1 964 1
1808 0 5 718 1 423 1 205 1 882 1 944 1
1809 0 5 719 1 929 1 844 1 37 1 302 1
1810 0 5 720 1 640 1 405 1 165 1 681 1
1811 0 5 721 1 326 1 871 1 763 1 22 1
1812 0 5 722 1 1001 1 475 1 288 1 143 1
1813 0 5 723 1 598 1 431 1 864 1 25 1
1814 0 5 724 1 191 1 451 1 664 1 995 1
1815 0 5 725 1 180 1 898 1 99 1 96 1
1816 0 5 726 1 301 1 299 1 630 1 769 1
1817 0 5 727 1 902 1 233 1 323 1 237 1
1818 0 5 728 1 276 1 478 1 930 1 177 1
1819 0 5 729 1 576 1 244 1 994 1 422 1
1820 0 5 730 1 279 1 857 1 617 1 42 1
1821 0 5 731 1 35 1 167 1 724 1 389 1
1822 0 5 732 1 299 1 726 1 630 1 892 1
1823 0 5 733 1 752 1 677 1 475 1 176 1
1824 0 5 734 1 45 1 654 1 480 1 32 1
1825 0 5 735 1 312 1 856 1 18 1 3 1
1826 0 5 736 1 428 1 591 1 912 1 102 1
1827 0 5 737 1 671 1 904 1 181 1 522 1
1828 0 5 738 1 614 1 78 1 636 1 824 1
1829 0 5 739 1 557 1 495 1 645 1 182 1
1830 0 5 740 1 310 1 704 1 690 1 13 1
1831 0 5 741 1 848 1 586 1 26 1 918 1
1832 0 5 742 1 618 1 89 1 83 1 218 1
1833 0 5 743 1 396 1 117 1 356 1 901 1
1834 0 5 744 1 564 1 531 1 917 1 828 1
1835 0 5 745 1 912 1 923 1 438 1 428 1
1836 0 5 746 1 91 1 459 1 229 1 348 1
1837 0 5 747 1 540 1 838 1 868 1 467 1
1838 0 5 748 1 490 1 607 1 63 1 625 1
1839 0 5 749 1 463 1 255 1 489 1 419 1
1840 0 5 750 1 595 1 36 1 777 1 151 1
1841 0 5 751 1 700 1 982 1 850 1 119 1
1842 0 5 752 1 733 1 176 1 1001 1 475 1
1843 0 5 753 1 586 1 741 1 466 1 918 1
1844 0 5 754 1 809 1 945 1 755 1 962 1
1845 0 5 755 1 809 1 754 1 962 1 945 1
1846 0 5 756 1 961 1 473 1 533 1 895 1
1847 0 5 757 1 246 1 171 1 889 1 592 1
1848 0 5 758 1 215 1 478 1 292 1 796 1
1849 0 5 759 1 864 1 25 1 974 1 202 1
1850 0 5 760 1 424 1 357 1 790 1 633 1
1851 0 5 761 1 6 1 294 1 764 1 606 1
1852 0 5 762 1 209 1 443 1 11 1 657 1
1853 0 5 763 1 534 1 637 1 22 1 885 1
1854 0 5 764 1 502 1 6 1 294 1 707 1
1855 0 5 765 1 708 1 27 1 517 1 484 1
1856 0 5 766 1 407 1 392 1 558 1 797 1
1857 0 5 767 1 296 1 121 1 131 1 140 1
1858 0 5 768 1 867 1 934 1 613 1 52 1
1859 0 5 769 1 299 1 234 1 726 1 875 1
1860 0 5 770 1 503 1 401 1 70 1 788 1
1861 0 5 771 1 643 1 552 1 341 1 360 1
1862 0 5 772 1 793 1 394 1 984 1 543 1
1863 0 5 773 1 51 1 426 1 306 1 920 1
1864 0 5 774 1 444 1 214 1 4 1 201 1
1865 0 5 775 1 893 1 829 1 703 1 822 1
1866 0 5 776 1 919 1 765 1 137 1 601 1
1867 0 5 777 1 151 1 964 1 220 1 717 1
1868 0 5 778 1 376 1 189 1 156 1 549 1
1869 0 5 779 1 520 1 413 1 380 1 250 1
1870 0 5 780 1 231 1 872 1 794 1 992 1
1871 0 5 781 1 400 1 562 1 577 1 939 1
1872 0 5 782 1 471 1 143 1 722 1 571 1
1873 0 5 783 1 706 1 103 1 13 1 158 1
1874 0 5 784 1 590 1 626 1 555 1 377 1
1875 0 5 785 1 717 1 151 1 978 1 951 1
1876 0 5 786 1 293 1 985 1 384 1 667 1
1877 0 5 787 1 920 1 48 1 880 1 51 1
1878 0 5 788 1 867 1 934 1 265 1 236 1
1879 0 5 789 1 526 1 801 1 307 1 313 1
1880 0 5 790 1 28 1 905 1 357 1 389 1
1881 0 5 791 1 670 1 532 1 292 1 528 1
1882 0 5 792 1 584 1 153 1 61 1 588 1
1883 0 5 793 1 394 1 772 1 984 1 543 1
1884 0 5 794 1 231 1 780 1 177 1 872 1
1885 0 5 795 1 302 1 37 1 496 1 228 1
1886 0 5 796 1 215 1 758 1 385 1 1 1
1887 0 5 797 1 541 1 392 1 534 1 327 1
1888 0 5 798 1 170 1 850 1 569 1 811 1
1889 0 5 799 1 703 1 893 1 56 1 513 1
1890 0 5 800 1 200 1 8 1 190 1 509 1
1891 0 5 801 1 597 1 138 1 343 1 313 1
1892 0 5 802 1 651 1 208 1 855 1 684 1
1893 0 5 803 1 2 1 832 1 59 1 703 1
1894 0 5 804 1 368 1 46 1 450 1 415 1
1895 0 5 805 1 825 1 21 1 322 1 524 1
1896 0 5 806 1 368 1 450 1 924 1 46 1
1897 0 5 807 1 603 1 69 1 53 1 361 1
1898 0 5 808 1 40 1 410 1 713 1 72 1
1899 0 5 809 1 962 1 754 1 755 1 501 1
1900 0 5 810 1 166 1 857 1 617 1 42 1
1901 0 5 811 1 853 1 700 1 982 1 170 1
1902 0 5 812 1 576 1 422 1 244 1 994 1
1903 0 5 813 1 748 1 10 1 594 1 705 1
1904 0 5 814 1 553 1 577 1 676 1 897 1
1905 0 5 815 1 172 1 181 1 904 1 737 1
1906 0 5 816 1 826 1 629 1 26 1 914 1
1907 0 5 817 1 205 1 344 1 423 1 944 1
1908 0 5 818 1 980 1 15 1 819 1 305 1
1909 0 5 819 1 15 1 305 1 818 1 78 1
1910 0 5 820 1 288 1 722 1 554 1 143 1
1911 0 5 821 1 413 1 206 1 779 1 160 1
1912 0 5 822 1 893 1 829 1 56 1 432 1
1913 0 5 823 1 870 1 588 1 61 1 831 1
1914 0 5 824 1 135 1 636 1 931 1 614 1
1915 0 5 825 1 524 1 268 1 580 1 322 1
1916 0 5 826 1 816 1 629 1 914 1 281 1
1917 0 5 827 1 25 1 202 1 864 1 519 1
1918 0 5 828 1 531 1 744 1 917 1 564 1
1919 0 5 829 1 775 1 893 1 822 1 56 1
1920 0 5 830 1 702 1 168 1 243 1 184 1
1921 0 5 831 1 870 1 588 1 823 1 61 1
1922 0 5 832 1 59 1 195 1 803 1 433 1
1923 0 5 833 1 615 1 81 1 314 1 695 1
1924 0 5 834 1 947 1 13 1 926 1 277 1
1925 0 5 835 1 94 1 887 1 403 1 12 1
1926 0 5 836 1 148 1 669 1 230 1 198 1
1927 0 5 837 1 386 1 187 1 751 1 941 1
1928 0 5 838 1 540 1 868 1 221 1 747 1
1929 0 5 839 1 465 1 923 1 977 1 127 1
1930 0 5 840 1 221 1 997 1 420 1 467 1
1931 0 5 841 1 433 1 59 1 832 1 195 1
1932 0 5 842 1 580 1 671 1 737 1 904 1
1933 0 5 843 1 908 1 812 1 994 1 422 1
1934 0 5 844 1 521 1 719 1 185 1 913 1
1935 0 5 845 1 378 1 365 1 453 1 275 1
1936 0 5 846 1 368 1 450 1 806 1 46 1
1937 0 5 847 1 58 1 953 1 199 1 991 1
1938 0 5 848 1 26 1 629 1 586 1 918 1
1939 0 5 849 1 1000 1 201 1 940 1 963 1
1940 0 5 850 1 798 1 170 1 811 1 569 1
1941 0 5 851 1 272 1 371 1 863 1 149 1
1942 0 5 852 1 882 1 205 1 944 1 641 1
1943 0 5 853 1 811 1 700 1 982 1 170 1
1944 0 5 854 1 226 1 488 1 241 1 550 1
1945 0 5 855 1 679 1 678 1 364 1 568 1
1946 0 5 856 1 312 1 680 1 877 1 239 1
1947 0 5 857 1 279 1 810 1 166 1 617 1
1948 0 5 858 1 903 1 989 1 812 1 422 1
1949 0 5 859 1 590 1 555 1 551 1 377 1
1950 0 5 860 1 273 1 661 1 345 1 687 1
1951 0 5 861 1 77 1 139 1 623 1 504 1
1952 0 5 862 1 21 1 639 1 24 1 456 1
1953 0 5 863 1 371 1 582 1 226 1 854 1
1954 0 5 864 1 25 1 974 1 64 1 202 1
1955 0 5 865 1 125 1 315 1 960 1 501 1
1956 0 5 866 1 978 1 785 1 445 1 717 1
1957 0 5 867 1 788 1 934 1 768 1 265 1
1958 0 5 868 1 540 1 221 1 838 1 997 1
1959 0 5 869 1 465 1 66 1 968 1 648 1
1960 0 5 870 1 588 1 61 1 823 1 335 1
1961 0 5 871 1 326 1 327 1 637 1 885 1
1962 0 5 872 1 102 1 992 1 231 1 780 1
1963 0 5 873 1 397 1 421 1 154 1 715 1
1964 0 5 874 1 232 1 457 1 243 1 338 1
1965 0 5 875 1 234 1 769 1 523 1 959 1
1966 0 5 876 1 889 1 352 1 592 1 246 1
1967 0 5 877 1 239 1 680 1 3 1 856 1
1968 0 5 878 1 380 1 92 1 520 1 957 1
1969 0 5 879 1 355 1 975 1 933 1 363 1
1970 0 5 880 1 787 1 920 1 689 1 194 1
1971 0 5 881 1 635 1 121 1 112 1 976 1
1972 0 5 882 1 852 1 205 1 944 1 423 1
1973 0 5 883 1 506 1 320 1 697 1 512 1
1974 0 5 884 1 515 1 589 1 351 1 518 1
1975 0 5 885 1 637 1 326 1 763 1 22 1
1976 0 5 886 1 45 1 654 1 734 1 480 1
1977 0 5 887 1 229 1 459 1 863 1 371 1
1978 0 5 888 1 901 1 396 1 628 1 117 1
1979 0 5 889 1 246 1 592 1 876 1 352 1
1980 0 5 890 1 324 1 472 1 90 1 892 1
1981 0 5 891 1 494 1 391 1 352 1 876 1
1982 0 5 892 1 299 1 726 1 630 1 769 1
1983 0 5 893 1 775 1 703 1 829 1 822 1
1984 0 5 894 1 379 1 5 1 464 1 486 1
1985 0 5 895 1 533 1 910 1 961 1 482 1
1986 0 5 896 1 373 1 527 1 965 1 157 1
1987 0 5 897 1 814 1 676 1 553 1 118 1
1988 0 5 898 1 180 1 725 1 799 1 96 1
1989 0 5 899 1 948 1 633 1 32 1 886 1
1990 0 5 900 1 859 1 359 1 551 1 784 1
1991 0 5 901 1 396 1 628 1 117 1 356 1
1992 0 5 902 1 275 1 845 1 132 1 224 1
1993 0 5 903 1 812 1 422 1 383 1 994 1
1994 0 5 904 1 671 1 737 1 181 1 522 1
1995 0 5 905 1 28 1 790 1 389 1 306 1
1996 0 5 906 1 490 1 319 1 594 1 625 1
1997 0 5 907 1 108 1 328 1 550 1 241 1
1998 0 5 908 1 858 1 843 1 903 1 536 1
1999 0 5 909 1 942 1 176 1 953 1 23 1
2000 0 5 910 1 482 1 895 1 533 1 417 1
2001 0 5 911 1 937 1 2 1 57 1 893 1
2002 0 5 912 1 745 1 923 1 428 1 839 1
2003 0 5 913 1 185 1 844 1 650 1 521 1
2004 0 5 914 1 826 1 816 1 281 1 586 1
2005 0 5 915 1 344 1 205 1 641 1 423 1
2006 0 5 916 1 640 1 720 1 681 1 165 1
2007 0 5 917 1 564 1 744 1 622 1 531 1
2008 0 5 918 1 848 1 26 1 586 1 741 1
2009 0 5 919 1 929 1 601 1 776 1 765 1
2010 0 5 920 1 787 1 498 1 287 1 19 1
2011 0 5 921 1 997 1 420 1 221 1 840 1
2012 0 5 922 1 146 1 242 1 157 1 74 1
2013 0 5 923 1 548 1 839 1 127 1 350 1
2014 0 5 924 1 41 1 619 1 450 1 46 1
2015 0 5 925 1 377 1 626 1 590 1 555 1
2016 0 5 926 1 158 1 610 1 367 1 988 1
2017 0 5 927 1 770 1 503 1 104 1 265 1
2018 0 5 928 1 317 1 274 1 351 1 518 1
2019 0 5 929 1 919 1 601 1 719 1 776 1
2020 0 5 930 1 860 1 273 1 345 1 661 1
2021 0 5 931 1 636 1 135 1 614 1 204 1
2022 0 5 932 1 106 1 538 1 147 1 316 1
2023 0 5 933 1 355 1 975 1 83 1 437 1
2024 0 5 934 1 867 1 768 1 265 1 788 1
2025 0 5 935 1 538 1 632 1 932 1 533 1
2026 0 5 936 1 80 1 340 1 575 1 943 1
2027 0 5 937 1 911 1 57 1 583 1 16 1
2028 0 5 938 1 616 1 646 1 470 1 76 1
2029 0 5 939 1 118 1 447 1 553 1 814 1
2030 0 5 940 1 1000 1 963 1 849 1 201 1
2031 0 5 941 1 995 1 653 1 414 1 724 1
2032 0 5 942 1 176 1 752 1 733 1 23 1
2033 0 5 943 1 100 1 507 1 395 1 175 1
2034 0 5 944 1 852 1 882 1 205 1 423 1
2035 0 5 945 1 754 1 755 1 809 1 501 1
2036 0 5 946 1 396 1 117 1 356 1 901 1
2037 0 5 947 1 834 1 418 1 141 1 988 1
2038 0 5 948 1 886 1 45 1 654 1 734 1
2039 0 5 949 1 469 1 652 1 940 1 849 1
2040 0 5 950 1 4 1 214 1 500 1 774 1
2041 0 5 951 1 362 1 717 1 346 1 638 1
2042 0 5 952 1 413 1 520 1 160 1 380 1
2043 0 5 953 1 847 1 199 1 58 1 283 1
2044 0 5 954 1 966 1 109 1 123 1 264 1
2045 0 5 955 1 603 1 144 1 69 1 163 1
2046 0 5 956 1 539 1 7 1 818 1 190 1
2047 0 5 957 1 92 1 234 1 523 1 769 1
2048 0 5 958 1 149 1 155 1 79 1 535 1
2049 0 5 959 1 299 1 875 1 769 1 234 1
2050 0 5 960 1 809 1 962 1 501 1 315 1
2051 0 5 961 1 895 1 533 1 910 1 756 1
2052 0 5 962 1 809 1 501 1 755 1 754 1
2053 0 5 963 1 1000 1 940 1 849 1 774 1
2054 0 5 964 1 220 1 638 1 346 1 362 1
2055 0 5 965 1 527 1 896 1 373 1 899 1
2056 0 5 966 1 123 1 109 1 999 1 264 1
2057 0 5 967 1 626 1 377 1 590 1 555 1
2058 0 5 968 1 977 1 465 1 485 1 127 1
2059 0 5 969 1 618 1 142 1 219 1 83 1
2060 0 5 970 1 709 1 111 1 505 1 196 1
2061 0 5 971 1 996 1 178 1 128 1 194 1
2062 0 5 972 1 714 1 561 1 429 1 574 1
2063 0 5 973 1 186 1 900 1 33 1 925 1
2064 0 5 974 1 202 1 64 1 519 1 686 1
2065 0 5 975 1 355 1 933 1 879 1 437 1
2066 0 5 976 1 967 1 626 1 377 1 590 1
2067 0 5 977 1 968 1 465 1 485 1 839 1
2068 0 5 978 1 717 1 785 1 951 1 151 1
2069 0 5 979 1 805 1 595 1 825 1 939 1
2070 0 5 980 1 818 1 563 1 15 1 956 1
2071 0 5 981 1 336 1 587 1 103 1 665 1
2072 0 5 982 1 700 1 170 1 811 1 853 1
2073 0 5 983 1 942 1 130 1 404 1 471 1
2074 0 5 984 1 793 1 394 1 772 1 543 1
2075 0 5 985 1 384 1 309 1 145 1 786 1
2076 0 5 986 1 400 1 332 1 562 1 666 1
2077 0 5 987 1 72 1 631 1 254 1 263 1
2078 0 5 988 1 158 1 610 1 926 1 13 1
2079 0 5 989 1 48 1 858 1 996 1 787 1
2080 0 5 990 1 557 1 993 1 645 1 115 1
2081 0 5 991 1 58 1 847 1 199 1 283 1
2082 0 5 992 1 253 1 102 1 872 1 780 1
2083 0 5 993 1 656 1 990 1 557 1 739 1
2084 0 5 994 1 576 1 244 1 729 1 422 1
2085 0 5 995 1 724 1 941 1 701 1 191 1
2086 0 5 996 1 989 1 48 1 971 1 920 1
2087 0 5 997 1 221 1 840 1 420 1 868 1
2088 0 5 998 1 491 1 782 1 571 1 22 1
2089 0 5 999 1 505 1 366 1 264 1 196 1
2090 0 5 1000 1 963 1 940 1 849 1 201 1
2091 0 5 1001 1 733 1 475 1 752 1 677 1
2092 0 5 1002 0 1090 1 1089 1 1088 1 1087 1
2093 0 5 1003 0 1090 1 1089 1 1088 1 1087 1
2094 0 5 1004 0 1090 1 1089 1 1088 1 1087 1
2095 0 5 1005 0 1090 1 1089 1 1088 1 1087 1
2096 0 5 1006 0 1090 1 1089 1 1088 1 1087 1
2097 0 5 1007 0 1090 1 1089 1 1088 1 1087 1
2098 0 5 1008 0 1090 1 1089 1 1088 1 1087 1
2099 0 5 1009 0 1090 1 1089 1 1088 1 1087 1
2100 0 5 1010 0 1090 1 1089 1 1088 1 1087 1
2101 0 5 1011 0 1090 1 1089 1 1088 1 1087 1
2102 0 5 1012 0 1090 1 1089 1 1088 1 1087 1
2103 0 5 1013 0 1090 1 1089 1 1088 1 1087 1
2104 0 5 1014 0 1090 1 1089 1 1088 1 1087 1
2105 0 5 1015 0 1090 1 1089 1 1088 1 1087 1
2106 0 5 1016 0 1090 1 1089 1 1088 1 1087 1
2107 0 5 1017 0 1090 1 1089 1 1088 1 1087 1
2108 0 5 1018 0 1090 1 1089 1 1088 1 1087 1
2109 0 5 1019 0 1090 1 1089 1 1088 1 1087 1
2110 0 5 1020 0 1090 1 1089 1 1088 1 1087 1
2111 0 5 1021 0 1090 1 1089 1 1088 1 1087 1
2112 0 5 1022 0 1090 1 1089 1 1088 1 1087 1
2113 0 5 1023 0 1090 1 1089 1 1088 1 1087 1
2114 0 5 1024 0 1090 1 1089 1 1088 1 1087 1
2115 0 5 1025 0 1090 1 1089 1 1088 1 1087 1
2116 0 5 1026 0 1090 1 1089 1 1088 1 1087 1
2117 0 5 1027 0 1090 1 1089 1 1088 1 1087 1
2118 0 5 1028 0 1090 1 1089 1 1088 1 1087 1
2119 0 5 1029 0 1090 1 1089 1 1088 1 1087 1
2120 0 5 1030 0 1090 1 1089 1 1088 1 1087 1
2121 0 5 1031 0 1090 1 1089 1 1088 1 1087 1
2122 0 5 1032 0 1090 1 1089 1 1088 1 1087 1
2123 0 5 1033 0 1090 1 1089 1 1088 1 1087 1
2124 0 5 1034 0 1090 1 1089 1 1088 1 1087 1
2125 0 5 1035 0 1090 1 1089 1 1088 1 1087 1
2126 0 5 1036 0 1090 1 1089 1 1088 1 1087 1
2127 0 5 1037 0 1090 1 1089 1 1088 1 1087 1
2128 0 5 1038 0 1090 1 1089 1 1088 1 1087 1
2129 0 5 1039 0 1090 1 1089 1 1088 1 1087 1
2130 0 5 1040 0 1090 1 1089 1 1088 1 1087 1
2131 0 5 1041 0 1090 1 1089 1 1088 1 1087 1
2132 0 5 1042 0 1090 1 1089 1 1088 1 1087 1
2133 0 5 1043 0 1090 1 1089 1 1088 1 1087 1
2134 0 5 1044 0 1090 1 1089 1 1088 1 1087 1
2135 0 5 1045 0 1090 1 1089 1 1088 1 1087 1
2136 0 5 1046 0 1090 1 1089 1 1088 1 1087 1
2137 0 5 1047 0 1090 1 1089 1 1088 1 1087 1
2138 0 5 1048 0 1090 1 1089 1 1088 1 1087 1
2139 0 5 1049 0 1090 1 1089 1 1088 1 1087 1
2140 0 5 1050 0 1090 1 1089 1 1088 1 1087 1
2141 0 5 1051 0 1090 1 1089 1 1088 1 1087 1
2142 0 5 1052 0 1090 1 1089 1 1088 1 1087 1
2143 0 5 1053 0 1090 1 1089 1 1088 1 1087 1
2144 0 5 1054 0 1090 1 1089 1 1088 1 1087 1
2145 0 5 1055 0 1090 1 1089 1 1088 1 1087 1
2146 0 5 1056 0 1090 1 1089 1 1088 1 1087 1
2147 0 5 1057 0 1090 1 1089 1 1088 1 1087 1
2148 0 5 1058 0 1090 1 1089 1 1088 1 1087 1
2149 0 5 1059 0 1090 1 1089 1 1088 1 1087 1
2150 0 5 1060 0 1090 1 1089 1 1088 1 1087 1
2151 0 5 1061 0 1090 1 1089 1 1088 1 1087 1
2152 0 5 1062 0 1090 1 1089 1 1088 1 1087 1
2153 0 5 1063 0 1090 1 1089 1 1088 1 1087 1
2154 0 5 1064 0 1090 1 1089 1 1088 1 1087 1
2155 0 5 1065 0 1090 1 1089 1 1088 1 1087 1
2156 0 5 1066 0 1090 1 1089 1 1088 1 1087 1
2157 0 5 1067 0 1090 1 1089 1 1088 1 1087 1
2158 0 5 1068 0 1090 1 1089 1 1088 1 1087 1
2159 0 5 1069 0 1090 1 1089 1 1088 1 1087 1
2160 0 5 1070 0 1090 1 1089 1 1088 1 1087 1
2161 0 5 1071 0 1090 1 1089 1 1088 1 1087 1
2162 0 5 1072 0 1090 1 1089 1 1088 1 1087 1
2163 0 5 1073 0 1090 1 1089 1 1088 1 1087 1
2164 0 5 1074 0 1090 1 1089 1 1088 1 1087 1
2165 0 5 1075 0 1090 1 1089 1 1088 1 1087 1
2166 0 5 1076 0 1090 1 1089 1 1088 1 1087 1
2167 0 5 1077 0 1090 1 1089 1 1088 1 1087 1
2168 0 5 1078 0 1090 1 1089 1 1088 1 1087 1
2169 0 5 1079 0 1090 1 1089 1 1088 1 1087 1
2170 0 5 1080 0 1090 1 1089 1 1088 1 1087 1
2171 0 5 1081 0 1090 1 1089 1 1088 1 1087 1
2172 0 5 1082 0 1090 1 1089 1 1088 1 1087 1
2173 0 5 1083 0 1090 1 1089 1 1088 1 1087 1
2174 0 5 1084 0 1090 1 1089 1 1088 1 1087 1
2175 0 5 1085 0 1090 1 1089 1 1088 1 1087 1
2176 0 5 1086 0 1090 1 1089 1 1088 1 1087 1
2177 0 5 1087 0 1090 1 1089 1 1088 1 1087 1
2178 0 5 1088 0 1090 1 1089 1 1088 1 1087 1
2179 0 5 1089 0 1090 1 1089 1 1088 1 1087 1
2180 0 5 1090 0 1090 1 1089 1 1088 1 1087 1
-1
EOF
