1541
1 0 5 372 0 906 100 732 200 961 300 1146 400
2 0 5 1351 0 1164 100 619 200 593 300 1261 400
3 0 5 93 0 1389 100 1360 200 134 300 1346 400
4 0 5 1411 0 135 100 1254 200 295 300 186 400
5 0 5 472 0 1492 100 859 200 1367 300 523 400
6 0 5 1131 0 174 100 596 200 779 300 885 400
7 0 5 233 0 437 100 792 200 772 300 576 400
8 0 5 407 0 456 100 16 200 1084 300 895 400
9 0 5 440 0 1309 100 826 200 182 300 692 400
10 0 5 1347 0 976 100 829 200 703 300 446 400
11 0 5 1161 0 70 100 91 200 934 300 810 400
12 0 5 1399 0 1323 100 514 200 481 300 84 400
13 0 5 1036 0 775 100 723 200 184 300 316 400
14 0 5 756 0 18 100 1424 200 215 300 410 400
15 0 5 1096 0 1466 100 376 200 245 300 1169 400
16 0 5 79 0 407 100 8 200 30 300 1084 400
17 0 5 1055 0 925 100 151 200 1021 300 117 400
18 0 5 820 0 1424 100 14 200 697 300 92 400
19 0 5 1325 0 1132 100 621 200 1235 300 758 400
20 0 5 1243 0 383 100 961 200 221 300 822 400
21 0 5 787 0 406 100 1220 200 1321 300 431 400
22 0 5 735 0 265 100 40 200 1165 300 1391 400
23 0 5 533 0 1450 100 298 200 1158 300 1000 400
24 0 5 1437 0 785 100 877 200 891 300 599 400
25 0 5 722 0 729 100 1258 200 556 300 1500 400
26 0 5 890 0 212 100 1353 200 1415 300 423 400
27 0 5 699 0 510 100 108 200 186 300 1456 400
28 0 5 1005 0 1004 100 1283 200 490 300 1291 400
29 0 5 1253 0 1413 100 264 200 1182 300 213 400
30 0 5 1084 0 866 100 16 200 1147 300 380 400
31 0 5 709 0 321 100 726 200 1330 300 143 400
32 0 5 349 0 444 100 654 200 524 300 1244 400
33 0 5 46 0 767 100 751 200 1362 300 311 400
34 0 5 443 0 424 100 1296 200 598 300 846 400
35 0 5 1329 0 519 100 168 200 1415 300 517 400
36 0 5 1027 0 528 100 888 200 203 300 731 400
37 0 5 1483 0 940 100 668 200 412 300 1207 400
38 0 5 626 0 1453 100 402 200 1241 300 1295 400
39 0 5 923 0 316 100 568 200 687 300 938 400
40 0 5 188 0 1134 100 1165 200 22 300 956 400
41 0 5 1262 0 378 100 582 200 512 300 96 400
42 0 5 391 0 574 100 1376 200 1197 300 1062 400
43 0 5 1017 0 317 100 384 200 634 300 993 400
44 0 5 165 0 1317 100 340 200 95 300 102 400
45 0 5 1071 0 744 100 328 200 1337 300 1390 400
46 0 5 33 0 547 100 311 200 1362 300 1350 400
47 0 5 823 0 508 100 561 200 721 300 1018 400
48 0 5 89 0 1219 100 469 200 1323 300 130 400
49 0 5 1172 0 896 100 1082 200 1382 300 913 400
50 0 5 1074 0 609 100 603 200 177 300 854 400
51 0 5 559 0 998 100 246 200 312 300 835 400
52 0 5 946 0 330 100 473 200 451 300 280 400
53 0 5 1018 0 561 100 1106 200 1129 300 521 400
54 0 5 1381 0 1494 100 1267 200 954 300 886 400
55 0 5 682 0 468 100 1260 200 626 300 435 400
56 0 5 936 0 667 100 478 200 1020 300 1481 400
57 0 5 684 0 1448 100 116 200 1461 300 607 400
58 0 5 474 0 573 100 1157 200 1311 300 61 400
59 0 5 581 0 751 100 1134 200 167 300 338 400
60 0 5 1079 0 517 100 168 200 260 300 112 400
61 0 5 1311 0 1240 100 285 200 58 300 573 400
62 0 5 664 0 114 100 1420 200 336 300 73 400
63 0 5 374 0 162 100 1469 200 492 300 675 400
64 0 5 798 0 282 100 262 200 172 300 238 400
65 0 5 149 0 980 100 535 200 121 300 1275 400
66 0 5 587 0 367 100 1416 200 931 300 707 400
67 0 5 818 0 1476 100 772 200 437 300 1299 400
68 0 5 243 0 888 100 1138 200 171 300 187 400
69 0 5 877 0 273 100 757 200 891 300 78 400
70 0 5 600 0 11 100 1161 200 1203 300 1179 400
71 0 5 1179 0 777 100 1395 200 163 300 382 400
72 0 5 654 0 269 100 1244 200 98 300 1336 400
73 0 5 1420 0 1067 100 332 200 62 300 824 400
74 0 5 1135 0 386 100 628 200 919 300 152 400
75 0 5 272 0 1110 100 832 200 1105 300 538 400
76 0 5 672 0 1086 100 175 200 984 300 565 400
77 0 5 1294 0 265 100 691 200 352 300 531 400
78 0 5 891 0 757 100 693 200 813 300 1101 400
79 0 5 16 0 1147 100 407 200 903 300 8 400
80 0 5 1060 0 124 100 1345 200 666 300 1474 400
81 0 5 539 0 449 100 1265 200 953 300 206 400
82 0 5 693 0 1101 100 499 200 78 300 1009 400
83 0 5 556 0 410 100 1152 200 313 300 872 400
84 0 5 821 0 454 100 1323 200 1399 300 12 400
85 0 5 147 0 829 100 496 200 1474 300 449 400
86 0 5 393 0 483 100 1386 200 329 300 446 400
87 0 5 952 0 363 100 1205 200 885 300 144 400
88 0 5 254 0 615 100 854 200 603 300 1318 400
89 0 5 48 0 469 100 1219 200 1404 300 1228 400
90 0 5 970 0 359 100 684 200 1221 300 1091 400
91 0 5 934 0 11 100 1078 200 70 300 597 400
92 0 5 1519 0 1520 100 396 200 103 300 1424 400
93 0 5 3 0 1392 100 585 200 111 300 1163 400
94 0 5 577 0 467 100 1259 200 1010 300 681 400
95 0 5 1433 0 1317 100 360 200 102 300 1288 400
96 0 5 594 0 1266 100 378 200 158 300 41 400
97 0 5 769 0 1487 100 457 200 792 300 1180 400
98 0 5 269 0 1244 100 1077 200 742 300 1454 400
99 0 5 1229 0 1003 100 844 200 1104 300 743 400
100 0 5 1398 0 503 100 1286 200 321 300 1185 400
101 0 5 555 0 876 100 624 200 734 300 12 400
102 0 5 165 0 1288 100 1317 200 95 300 887 400
103 0 5 92 0 1171 100 396 200 190 300 761 400
104 0 5 1173 0 843 100 291 200 780 300 952 400
105 0 5 368 0 518 100 1368 200 310 300 1066 400
106 0 5 444 0 1336 100 654 200 1460 300 32 400
107 0 5 1187 0 507 100 319 200 1178 300 1321 400
108 0 5 187 0 977 100 27 200 510 300 1138 400
109 0 5 207 0 1252 100 698 200 837 300 1120 400
110 0 5 978 0 382 100 1078 200 1488 300 343 400
111 0 5 1392 0 971 100 1163 200 585 300 778 400
112 0 5 1263 0 260 100 60 200 1302 300 1261 400
113 0 5 864 0 1495 100 1032 200 425 300 145 400
114 0 5 963 0 898 100 62 200 664 300 809 400
115 0 5 1030 0 155 100 463 200 1005 300 894 400
116 0 5 455 0 57 100 375 200 1448 300 1379 400
117 0 5 1264 0 1038 100 1021 200 925 300 335 400
118 0 5 1059 0 817 100 1377 200 1046 300 168 400
119 0 5 910 0 1346 100 491 200 1194 300 1142 400
120 0 5 1226 0 1374 100 1107 200 521 300 1090 400
121 0 5 983 0 535 100 897 200 1213 300 1440 400
122 0 5 428 0 540 100 552 200 1307 300 1369 400
123 0 5 477 0 163 100 382 200 343 300 1202 400
124 0 5 1474 0 289 100 80 200 1060 300 147 400
125 0 5 244 0 1410 100 261 200 844 300 743 400
126 0 5 1128 0 1402 100 155 200 1047 300 1283 400
127 0 5 344 0 560 100 796 200 1387 300 1458 400
128 0 5 997 0 339 100 1049 200 739 300 746 400
129 0 5 731 0 1126 100 928 200 1456 300 186 400
130 0 5 1219 0 1323 100 384 200 43 300 1017 400
131 0 5 768 0 679 100 514 200 1017 300 806 400
132 0 5 1184 0 1141 100 248 200 740 300 1054 400
133 0 5 791 0 489 100 563 200 488 300 716 400
134 0 5 572 0 1048 100 1389 200 1360 300 3 400
135 0 5 889 0 4 100 494 200 1411 300 186 400
136 0 5 224 0 228 100 748 200 1460 300 1105 400
137 0 5 545 0 738 100 744 200 749 300 1341 400
138 0 5 541 0 834 100 257 200 543 300 667 400
139 0 5 409 0 1127 100 883 200 882 300 250 400
140 0 5 904 0 1485 100 1077 200 992 300 1454 400
141 0 5 1255 0 283 100 988 200 648 300 1125 400
142 0 5 1249 0 942 100 550 200 199 300 430 400
143 0 5 1330 0 836 100 726 200 589 300 31 400
144 0 5 1211 0 952 100 291 200 87 300 597 400
145 0 5 864 0 329 100 1495 200 676 300 113 400
146 0 5 194 0 1148 100 789 200 640 300 1387 400
147 0 5 85 0 1474 100 496 200 124 300 829 400
148 0 5 768 0 523 100 1445 200 472 300 481 400
149 0 5 980 0 65 100 1275 200 535 300 1239 400
150 0 5 882 0 237 100 421 200 590 300 420 400
151 0 5 1055 0 342 100 17 200 651 300 712 400
152 0 5 919 0 568 100 74 200 1135 300 316 400
153 0 5 725 0 1227 100 468 200 1095 300 601 400
154 0 5 370 0 1222 100 616 200 377 300 161 400
155 0 5 1030 0 126 100 115 200 1283 300 1128 400
156 0 5 1464 0 620 100 1435 200 1188 300 1088 400
157 0 5 1175 0 423 100 912 200 1375 300 388 400
158 0 5 753 0 1266 100 96 200 222 300 688 400
159 0 5 1412 0 1470 100 497 200 1212 300 980 400
160 0 5 281 0 710 100 191 200 613 300 1069 400
161 0 5 616 0 1364 100 1475 200 1189 300 370 400
162 0 5 1469 0 63 100 1234 200 374 300 1314 400
163 0 5 123 0 382 100 765 200 1395 300 71 400
164 0 5 322 0 1343 100 252 200 1367 300 1299 400
165 0 5 44 0 102 100 1317 200 95 300 340 400
166 0 5 914 0 1297 100 778 200 1065 300 1163 400
167 0 5 466 0 338 100 371 200 59 300 581 400
168 0 5 517 0 1377 100 60 200 35 300 1079 400
169 0 5 1359 0 1406 100 838 200 464 300 1384 400
170 0 5 675 0 892 100 825 200 1023 300 1403 400
171 0 5 279 0 1170 100 1138 200 68 300 243 400
172 0 5 282 0 1224 100 262 200 798 300 238 400
173 0 5 1304 0 446 100 209 200 460 300 867 400
174 0 5 733 0 6 100 596 200 1306 300 1443 400
175 0 5 565 0 331 100 76 200 672 300 1175 400
176 0 5 295 0 530 100 1254 200 280 300 330 400
177 0 5 854 0 1028 100 1418 200 1074 300 50 400
178 0 5 185 0 848 100 549 200 434 300 938 400
179 0 5 1498 0 572 100 614 200 1151 300 520 400
180 0 5 750 0 487 100 818 200 696 300 67 400
181 0 5 1447 0 1322 100 456 200 1489 300 1247 400
182 0 5 606 0 915 100 440 200 692 300 1402 400
183 0 5 645 0 1334 100 628 200 861 300 919 400
184 0 5 307 0 723 100 1273 200 848 300 687 400
185 0 5 549 0 178 100 434 200 432 300 848 400
186 0 5 1238 0 1456 100 4 200 699 300 1254 400
187 0 5 619 0 108 100 243 200 977 300 1164 400
188 0 5 292 0 1501 100 956 200 1218 300 40 400
189 0 5 219 0 310 100 358 200 793 300 368 400
190 0 5 841 0 835 100 559 200 205 300 1429 400
191 0 5 1332 0 613 100 160 200 985 300 281 400
192 0 5 1210 0 1422 100 1039 200 675 300 374 400
193 0 5 760 0 1064 100 801 200 870 300 649 400
194 0 5 714 0 146 100 1387 200 774 300 789 400
195 0 5 1314 0 996 100 223 200 1083 300 388 400
196 0 5 1363 0 1136 100 931 200 367 300 246 400
197 0 5 1427 0 1124 100 471 200 1372 300 1116 400
198 0 5 1407 0 1511 100 1512 200 372 300 1391 400
199 0 5 1103 0 942 100 1249 200 1196 300 142 400
200 0 5 1511 0 1510 100 1371 200 906 300 1093 400
201 0 5 452 0 1111 100 749 200 296 300 1408 400
202 0 5 1222 0 1404 100 469 200 834 300 408 400
203 0 5 814 0 888 100 36 200 1027 300 68 400
204 0 5 651 0 1248 100 1086 200 76 300 672 400
205 0 5 835 0 841 100 1383 200 1429 300 190 400
206 0 5 630 0 953 100 1265 200 585 300 971 400
207 0 5 698 0 109 100 837 200 1143 300 1098 400
208 0 5 1273 0 534 100 1179 200 777 300 1036 400
209 0 5 867 0 460 100 173 200 914 300 277 400
210 0 5 1259 0 94 100 1031 200 1154 300 988 400
211 0 5 697 0 776 100 820 200 850 300 853 400
212 0 5 423 0 26 100 890 200 1415 300 912 400
213 0 5 1352 0 264 100 1253 200 1182 300 879 400
214 0 5 869 0 1153 100 795 200 1216 300 1439 400
215 0 5 741 0 410 100 484 200 703 300 1347 400
216 0 5 392 0 1112 100 1449 200 532 300 1463 400
217 0 5 436 0 1139 100 1231 200 913 300 740 400
218 0 5 378 0 222 100 857 200 41 300 583 400
219 0 5 189 0 1318 100 1096 200 376 300 793 400
220 0 5 1516 0 1517 100 1388 200 863 300 1045 400
221 0 5 483 0 822 100 1243 200 383 300 266 400
222 0 5 753 0 857 100 218 200 158 300 1408 400
223 0 5 388 0 858 100 195 200 996 300 492 400
224 0 5 136 0 748 100 552 200 752 300 228 400
225 0 5 1267 0 893 100 1465 200 538 300 954 400
226 0 5 949 0 1277 100 1137 200 573 300 227 400
227 0 5 632 0 689 100 1221 200 970 300 226 400
228 0 5 653 0 136 100 224 200 1460 300 1105 400
229 0 5 695 0 591 100 1058 200 230 300 327 400
230 0 5 1301 0 816 100 591 200 369 300 229 400
231 0 5 871 0 445 100 1256 200 641 300 851 400
232 0 5 1183 0 945 100 1498 200 458 300 929 400
233 0 5 576 0 7 100 792 200 504 300 437 400
234 0 5 592 0 504 100 724 200 1358 300 576 400
235 0 5 424 0 1070 100 255 200 660 300 448 400
236 0 5 1057 0 442 100 939 200 1263 300 544 400
237 0 5 1200 0 941 100 947 200 150 300 420 400
238 0 5 1305 0 1292 100 798 200 1168 300 1224 400
239 0 5 665 0 985 100 1471 200 847 300 566 400
240 0 5 284 0 395 100 1328 200 760 300 808 400
241 0 5 886 0 991 100 992 200 1465 300 786 400
242 0 5 955 0 345 100 706 200 1394 300 727 400
243 0 5 619 0 68 100 187 200 888 300 1138 400
244 0 5 125 0 494 100 1410 200 261 300 973 400
245 0 5 1028 0 1466 100 1169 200 15 300 1096 400
246 0 5 1136 0 1363 100 196 200 51 300 998 400
247 0 5 956 0 1147 100 1196 200 770 300 1501 400
248 0 5 546 0 1184 100 132 200 493 300 1325 400
249 0 5 1029 0 1338 100 1357 200 1162 300 1014 400
250 0 5 1512 0 1513 100 839 200 139 300 531 400
251 0 5 1206 0 987 100 1451 200 905 300 1041 400
252 0 5 634 0 1343 100 164 200 317 300 1445 400
253 0 5 562 0 314 100 637 200 1286 300 522 400
254 0 5 88 0 376 100 1466 200 615 300 1318 400
255 0 5 448 0 392 100 235 200 479 300 216 400
256 0 5 432 0 575 100 321 200 709 300 762 400
257 0 5 541 0 766 100 138 200 1189 300 834 400
258 0 5 938 0 642 100 434 200 1369 300 1307 400
259 0 5 356 0 465 100 981 200 781 300 1383 400
260 0 5 112 0 1079 100 1302 200 60 300 1261 400
261 0 5 1073 0 1410 100 125 200 743 300 244 400
262 0 5 361 0 430 100 1455 200 380 300 172 400
263 0 5 1072 0 325 100 1090 200 1107 300 521 400
264 0 5 213 0 879 100 1253 200 29 300 1413 400
265 0 5 691 0 1294 100 77 200 22 300 1218 400
266 0 5 822 0 1159 100 776 200 221 300 976 400
267 0 5 1303 0 671 100 1446 200 1319 300 474 400
268 0 5 1108 0 1186 100 270 200 932 300 1272 400
269 0 5 72 0 98 100 1244 200 654 300 1077 400
270 0 5 1320 0 1075 100 268 200 1327 300 932 400
271 0 5 671 0 1311 100 369 200 61 300 959 400
272 0 5 365 0 75 100 742 200 1077 300 140 400
273 0 5 877 0 69 100 1315 200 983 300 1275 400
274 0 5 902 0 511 100 1403 200 1023 300 1114 400
275 0 5 474 0 789 100 58 200 1157 300 1303 400
276 0 5 1396 0 762 100 726 200 1064 300 1479 400
277 0 5 676 0 1495 100 1253 200 1182 300 914 400
278 0 5 1016 0 943 100 1023 200 892 300 427 400
279 0 5 171 0 1138 100 1170 200 1456 300 27 400
280 0 5 1130 0 295 100 330 200 176 300 52 400
281 0 5 160 0 1069 100 710 200 733 300 191 400
282 0 5 64 0 172 100 798 200 1224 300 262 400
283 0 5 828 0 141 100 988 200 1154 300 688 400
284 0 5 808 0 240 100 1348 200 636 300 760 400
285 0 5 1240 0 951 100 61 200 573 300 1311 400
286 0 5 712 0 342 100 419 200 416 300 435 400
287 0 5 445 0 1092 100 231 200 907 300 551 400
288 0 5 876 0 481 100 624 200 1324 300 555 400
289 0 5 1040 0 353 100 680 200 1450 300 1472 400
290 0 5 1245 0 1244 100 595 200 1454 300 401 400
291 0 5 843 0 104 100 144 200 1211 300 677 400
292 0 5 1218 0 188 100 352 200 691 300 265 400
293 0 5 873 0 456 100 1447 200 1489 300 181 400
294 0 5 1241 0 965 100 433 200 1295 300 38 400
295 0 5 280 0 176 100 1254 200 1130 300 4 400
296 0 5 548 0 328 100 452 200 201 300 582 400
297 0 5 355 0 360 100 1288 200 1051 300 347 400
298 0 5 1000 0 966 100 1158 200 23 300 736 400
299 0 5 1507 0 1508 100 831 200 1482 300 574 400
300 0 5 1223 0 747 100 713 200 1149 300 473 400
301 0 5 495 0 826 100 608 200 715 300 921 400
302 0 5 568 0 1307 100 152 200 122 300 642 400
303 0 5 1014 0 349 100 418 200 1434 300 748 400
304 0 5 1201 0 1438 100 707 200 475 300 587 400
305 0 5 926 0 1321 100 319 200 1326 300 1451 400
306 0 5 387 0 681 100 884 200 1225 300 515 400
307 0 5 848 0 184 100 549 200 924 300 765 400
308 0 5 1414 0 641 100 874 200 851 300 453 400
309 0 5 336 0 855 100 745 200 1274 300 694 400
310 0 5 189 0 368 100 105 200 793 300 1368 400
311 0 5 604 0 46 100 547 200 33 300 466 400
312 0 5 1517 0 1518 100 998 200 51 300 559 400
313 0 5 1152 0 1088 100 620 200 83 300 1199 400
314 0 5 422 0 389 100 253 200 562 300 1398 400
315 0 5 764 0 773 100 19 200 621 300 1235 400
316 0 5 570 0 39 100 687 200 723 300 923 400
317 0 5 634 0 993 100 43 200 252 300 1343 400
318 0 5 1464 0 1463 100 1112 200 855 300 745 400
319 0 5 1484 0 1451 100 305 200 1187 300 905 400
320 0 5 1118 0 728 100 1115 200 1331 300 840 400
321 0 5 31 0 256 100 389 200 726 300 1330 400
322 0 5 164 0 1367 100 1299 200 772 300 1343 400
323 0 5 638 0 1082 100 1063 200 896 300 439 400
324 0 5 686 0 1102 100 894 200 1128 300 609 400
325 0 5 263 0 1090 100 1198 200 828 300 1154 400
326 0 5 338 0 1293 100 59 200 167 300 371 400
327 0 5 1327 0 1058 100 1011 200 229 300 932 400
328 0 5 452 0 296 100 45 200 744 300 1287 400
329 0 5 676 0 145 100 86 200 1386 300 1246 400
330 0 5 52 0 1149 100 473 200 280 300 176 400
331 0 5 1061 0 175 100 672 200 357 300 76 400
332 0 5 824 0 1067 100 73 200 1085 300 812 400
333 0 5 386 0 540 100 74 200 552 300 152 400
334 0 5 1507 0 1506 100 820 200 646 300 211 400
335 0 5 807 0 1264 100 925 200 1038 300 374 400
336 0 5 1420 0 309 100 1274 200 62 300 694 400
337 0 5 801 0 918 100 1033 200 760 300 193 400
338 0 5 326 0 167 100 371 200 59 300 466 400
339 0 5 1049 0 128 100 1473 200 997 300 524 400
340 0 5 1357 0 44 100 1317 200 1029 300 1338 400
341 0 5 575 0 762 100 1339 200 1479 300 709 400
342 0 5 286 0 151 100 712 200 1260 300 435 400
343 0 5 477 0 1202 100 1488 200 382 300 123 400
344 0 5 127 0 1458 100 560 200 796 300 412 400
345 0 5 242 0 1394 100 944 200 391 300 661 400
346 0 5 811 0 580 100 490 200 606 300 1283 400
347 0 5 571 0 1051 100 1288 200 1338 300 297 400
348 0 5 1065 0 784 100 933 200 1297 300 1163 400
349 0 5 1014 0 32 100 303 200 1434 300 444 400
350 0 5 1372 0 478 100 1124 200 647 300 482 400
351 0 5 881 0 1491 100 441 200 558 300 935 400
352 0 5 691 0 1218 100 292 200 956 300 1501 400
353 0 5 623 0 601 100 289 200 626 300 402 400
354 0 5 897 0 1440 100 1127 200 421 300 409 400
355 0 5 1051 0 297 100 360 200 1288 300 347 400
356 0 5 259 0 781 100 694 200 1274 300 465 400
357 0 5 672 0 1083 100 331 200 1175 300 175 400
358 0 5 1066 0 1010 100 189 200 1259 300 219 400
359 0 5 1461 0 90 100 994 200 917 300 1157 400
360 0 5 1433 0 297 100 95 200 1288 300 1317 400
361 0 5 1181 0 262 100 380 200 644 300 711 400
362 0 5 1113 0 688 100 1094 200 955 300 828 400
363 0 5 1205 0 87 100 885 200 1332 300 733 400
364 0 5 911 0 638 100 740 200 1063 300 438 400
365 0 5 742 0 1077 100 272 200 1336 300 98 400
366 0 5 1208 0 1225 100 591 200 695 300 229 400
367 0 5 1416 0 1363 100 1438 200 196 300 246 400
368 0 5 105 0 310 100 793 200 189 300 1326 400
369 0 5 959 0 271 100 230 200 1311 300 61 400
370 0 5 154 0 377 100 1475 200 1189 300 161 400
371 0 5 581 0 338 100 167 200 59 300 326 400
372 0 5 1541 0 1 100 198 200 906 300 250 400
373 0 5 573 0 1091 100 689 200 226 300 227 400
374 0 5 63 0 807 100 335 200 162 300 675 400
375 0 5 455 0 657 100 1115 200 116 300 607 400
376 0 5 254 0 1466 100 15 200 219 300 1318 400
377 0 5 1475 0 370 100 154 200 1189 300 1222 400
378 0 5 218 0 41 100 582 200 96 300 222 400
379 0 5 405 0 403 100 1230 200 771 300 868 400
380 0 5 711 0 1084 100 262 200 361 300 30 400
381 0 5 1308 0 787 100 1220 200 716 300 489 400
382 0 5 110 0 163 100 123 200 600 300 343 400
383 0 5 1243 0 483 100 20 200 221 300 329 400
384 0 5 1017 0 1323 100 130 200 43 300 679 400
385 0 5 459 0 416 100 286 200 712 300 435 400
386 0 5 333 0 74 100 418 200 571 300 552 400
387 0 5 306 0 515 100 884 200 681 300 1291 400
388 0 5 223 0 1490 100 858 200 1375 300 157 400
389 0 5 1398 0 314 100 1330 200 321 300 836 400
390 0 5 1256 0 1468 100 1345 200 999 300 1099 400
391 0 5 857 0 42 100 1408 200 1197 300 222 400
392 0 5 216 0 1370 100 255 200 1449 300 532 400
393 0 5 86 0 483 100 446 200 1159 300 976 400
394 0 5 1089 0 989 100 1436 200 1119 300 922 400
395 0 5 240 0 1328 100 589 200 726 300 808 400
396 0 5 92 0 1435 100 1088 200 1199 300 103 400
397 0 5 528 0 713 100 1126 200 530 300 36 400
398 0 5 993 0 670 100 678 200 1026 300 317 400
399 0 5 1019 0 964 100 476 200 1312 300 566 400
400 0 5 883 0 531 100 1294 200 1127 300 265 400
401 0 5 595 0 1037 100 830 200 786 300 1271 400
402 0 5 623 0 626 100 38 200 353 300 1453 400
403 0 5 379 0 1388 100 1230 200 808 300 1285 400
404 0 5 987 0 1491 100 905 200 1451 300 1169 400
405 0 5 379 0 771 100 868 200 1230 300 969 400
406 0 5 926 0 21 100 1321 200 1220 300 305 400
407 0 5 8 0 16 100 79 200 1289 300 1081 400
408 0 5 834 0 1404 100 543 200 1116 300 202 400
409 0 5 882 0 139 100 354 200 421 300 1440 400
410 0 5 484 0 215 100 83 200 756 300 872 400
411 0 5 911 0 797 100 622 200 1204 300 740 400
412 0 5 1207 0 1483 100 796 200 668 300 1458 400
413 0 5 958 0 720 100 1342 200 900 300 1430 400
414 0 5 793 0 536 100 1096 200 1326 300 1169 400
415 0 5 1417 0 1251 100 1477 200 1043 300 1335 400
416 0 5 385 0 782 100 459 200 286 300 712 400
417 0 5 913 0 436 100 217 200 724 300 1139 400
418 0 5 748 0 571 100 386 200 1338 300 303 400
419 0 5 650 0 782 100 712 200 651 300 286 400
420 0 5 1144 0 708 100 1020 200 498 300 237 400
421 0 5 1440 0 799 100 150 200 354 300 766 400
422 0 5 314 0 836 100 1330 200 637 300 389 400
423 0 5 212 0 157 100 912 200 1490 300 1375 400
424 0 5 235 0 1210 100 34 200 660 300 427 400
425 0 5 800 0 704 100 1182 200 1495 300 113 400
426 0 5 673 0 1129 100 1378 200 683 300 1072 400
427 0 5 1016 0 542 100 1210 200 278 300 943 400
428 0 5 122 0 1123 100 552 200 450 300 540 400
429 0 5 880 0 909 100 1155 200 1070 300 660 400
430 0 5 1455 0 262 100 1268 200 1103 300 866 400
431 0 5 1321 0 489 100 563 200 507 300 381 400
432 0 5 256 0 434 100 185 200 549 300 321 400
433 0 5 584 0 965 100 294 200 1295 300 1241 400
434 0 5 432 0 185 100 258 200 938 300 178 400
435 0 5 1280 0 1122 100 682 200 1260 300 1453 400
436 0 5 417 0 217 100 1139 200 913 300 1068 400
437 0 5 1476 0 7 100 504 200 439 300 772 400
438 0 5 1237 0 696 100 364 200 750 300 911 400
439 0 5 1257 0 896 100 437 200 323 300 1063 400
440 0 5 826 0 9 100 915 200 182 300 608 400
441 0 5 658 0 558 100 351 200 1491 300 881 400
442 0 5 544 0 236 100 517 200 1329 300 60 400
443 0 5 34 0 542 100 427 200 424 300 500 400
444 0 5 106 0 32 100 654 200 1336 300 1460 400
445 0 5 287 0 231 100 907 200 453 300 1092 400
446 0 5 173 0 393 100 1159 200 266 300 86 400
447 0 5 1419 0 1284 100 1143 200 1484 300 1098 400
448 0 5 1070 0 255 100 479 200 235 300 551 400
449 0 5 496 0 81 100 539 200 829 300 85 400
450 0 5 1369 0 554 100 752 200 1034 300 1176 400
451 0 5 946 0 1221 100 1130 200 52 300 982 400
452 0 5 328 0 201 100 296 200 1111 300 749 400
453 0 5 851 0 907 100 308 200 445 300 871 400
454 0 5 995 0 84 100 1399 200 12 300 1009 400
455 0 5 375 0 116 100 657 200 475 300 1379 400
456 0 5 293 0 8 100 1447 200 873 300 181 400
457 0 5 1025 0 97 100 1358 200 769 300 1492 400
458 0 5 945 0 929 100 856 200 1325 300 1389 400
459 0 5 385 0 783 100 416 200 1280 300 1001 400
460 0 5 209 0 914 100 778 200 1304 300 173 400
461 0 5 1033 0 1281 100 893 200 1024 300 801 400
462 0 5 655 0 1452 100 990 200 817 300 1059 400
463 0 5 894 0 1030 100 115 200 324 300 155 400
464 0 5 1406 0 169 100 838 200 1093 300 1371 400
465 0 5 963 0 259 100 356 200 781 300 981 400
466 0 5 604 0 167 100 702 200 1385 300 338 400
467 0 5 1010 0 94 100 1318 200 1259 300 615 400
468 0 5 55 0 153 100 1260 200 626 300 601 400
469 0 5 89 0 1404 100 202 200 1222 300 1228 400
470 0 5 1372 0 1427 100 865 200 543 300 478 400
471 0 5 1026 0 1116 100 197 200 408 300 1124 400
472 0 5 5 0 523 100 859 200 1431 300 148 400
473 0 5 747 0 1149 100 330 200 52 300 946 400
474 0 5 275 0 58 100 1303 200 267 300 671 400
475 0 5 1379 0 809 100 1354 200 657 300 455 400
476 0 5 588 0 399 100 639 200 964 300 566 400
477 0 5 123 0 343 100 1202 200 100 300 1286 400
478 0 5 1481 0 350 100 1372 200 56 300 470 400
479 0 5 551 0 448 100 255 200 1070 300 235 400
480 0 5 884 0 580 100 1208 200 1225 300 387 400
481 0 5 806 0 1324 100 288 200 514 300 12 400
482 0 5 553 0 647 100 350 200 1216 300 1204 400
483 0 5 221 0 86 100 383 200 393 300 329 400
484 0 5 756 0 410 100 215 200 14 300 872 400
485 0 5 959 0 951 100 1137 200 369 300 285 400
486 0 5 519 0 1415 100 35 200 1490 300 890 400
487 0 5 1153 0 180 100 750 200 1439 300 214 400
488 0 5 1007 0 791 100 639 200 133 300 716 400
489 0 5 133 0 1308 100 716 200 431 300 381 400
490 0 5 580 0 1291 100 1217 200 346 300 28 400
491 0 5 1142 0 933 100 119 200 586 300 1426 400
492 0 5 1242 0 605 100 858 200 962 300 852 400
493 0 5 1290 0 1194 100 248 200 1346 300 546 400
494 0 5 1425 0 244 100 135 200 889 300 1002 400
495 0 5 301 0 608 100 1282 200 715 300 921 400
496 0 5 449 0 85 100 1474 200 147 300 1265 400
497 0 5 1212 0 1470 100 159 200 1239 300 980 400
498 0 5 947 0 708 100 420 200 1246 300 941 400
499 0 5 759 0 1251 100 82 200 1009 300 1335 400
500 0 5 612 0 846 100 902 200 34 300 598 400
501 0 5 815 0 1275 100 757 200 1239 300 903 400
502 0 5 1457 0 569 100 875 200 1419 300 1484 400
503 0 5 1185 0 100 100 549 200 256 300 432 400
504 0 5 234 0 576 100 437 200 1257 300 724 400
505 0 5 1002 0 1238 100 513 200 699 300 186 400
506 0 5 727 0 1145 100 706 200 1226 300 1432 400
507 0 5 563 0 107 100 431 200 791 300 1187 400
508 0 5 640 0 47 100 561 200 1387 300 560 400
509 0 5 564 0 1125 100 1160 200 635 300 1368 400
510 0 5 27 0 513 100 1478 200 108 300 699 400
511 0 5 655 0 817 100 274 200 902 300 462 400
512 0 5 1190 0 582 100 548 200 41 300 1262 400
513 0 5 510 0 1003 100 844 200 699 300 505 400
514 0 5 806 0 12 100 679 200 481 300 131 400
515 0 5 1291 0 387 100 681 200 306 300 884 400
516 0 5 1355 0 837 100 569 200 1143 300 1419 400
517 0 5 60 0 168 100 1329 200 442 300 35 400
518 0 5 105 0 1368 100 1160 200 21 300 1220 400
519 0 5 486 0 852 100 35 200 1415 300 1490 400
520 0 5 1467 0 1048 100 736 200 966 300 179 400
521 0 5 1107 0 823 100 120 200 263 300 1374 400
522 0 5 690 0 637 100 1443 200 253 300 1035 400
523 0 5 1324 0 148 100 472 200 1445 300 1431 400
524 0 5 1473 0 1049 100 32 200 339 300 1244 400
525 0 5 803 0 741 100 215 200 703 300 1347 400
526 0 5 990 0 1452 100 977 200 108 300 1059 400
527 0 5 794 0 1078 100 779 200 597 300 1298 400
528 0 5 397 0 36 100 1027 200 1126 300 731 400
529 0 5 1232 0 937 100 598 200 846 300 1449 400
530 0 5 1126 0 176 100 713 200 397 300 928 400
531 0 5 1294 0 400 100 250 200 883 300 1407 400
532 0 5 1232 0 1449 100 392 200 1370 300 598 400
533 0 5 23 0 680 100 1000 200 1450 300 1472 400
534 0 5 208 0 1036 100 1273 200 184 300 13 400
535 0 5 1275 0 121 100 983 200 273 300 149 400
536 0 5 557 0 414 100 1169 200 1326 300 1041 400
537 0 5 1120 0 685 100 1252 200 109 300 1397 400
538 0 5 1465 0 1485 100 904 200 75 300 225 400
539 0 5 81 0 829 100 449 200 1265 300 496 400
540 0 5 333 0 122 100 552 200 428 300 74 400
541 0 5 257 0 138 100 667 200 766 300 865 400
542 0 5 443 0 427 100 34 200 1210 300 1016 400
543 0 5 865 0 1427 100 470 200 408 300 138 400
544 0 5 1329 0 442 100 1353 200 517 300 236 400
545 0 5 137 0 1341 100 738 200 908 300 744 400
546 0 5 248 0 1194 100 1141 200 493 300 119 400
547 0 5 46 0 1350 100 311 200 927 300 33 400
548 0 5 296 0 582 100 1287 200 512 300 1190 400
549 0 5 185 0 178 100 848 200 307 300 1185 400
550 0 5 942 0 1196 100 142 200 1249 300 199 400
551 0 5 479 0 1401 100 445 200 1092 300 1500 400
552 0 5 540 0 1123 100 224 200 122 300 428 400
553 0 5 482 0 1204 100 622 200 647 300 860 400
554 0 5 1034 0 450 100 752 200 1105 300 1110 400
555 0 5 101 0 734 100 12 200 1043 300 876 400
556 0 5 83 0 722 100 1258 200 25 300 313 400
557 0 5 536 0 1041 100 1169 200 1326 300 1206 400
558 0 5 715 0 441 100 351 200 935 300 881 400
559 0 5 51 0 835 100 190 200 998 300 761 400
560 0 5 127 0 344 100 796 200 1387 300 508 400
561 0 5 1106 0 53 100 640 200 508 300 47 400
562 0 5 253 0 1286 100 314 200 100 300 1202 400
563 0 5 507 0 791 100 133 200 431 300 489 400
564 0 5 583 0 635 100 509 200 1192 300 718 400
565 0 5 984 0 175 100 76 200 672 300 1086 400
566 0 5 1312 0 1019 100 847 200 665 300 476 400
567 0 5 1402 0 915 100 182 200 608 300 126 400
568 0 5 302 0 39 100 152 200 1307 300 923 400
569 0 5 502 0 516 100 1355 200 1457 300 875 400
570 0 5 602 0 316 100 919 200 723 300 687 400
571 0 5 347 0 418 100 386 200 861 300 1051 400
572 0 5 134 0 179 100 929 200 1389 300 1048 400
573 0 5 373 0 58 100 226 200 1137 300 1240 400
574 0 5 42 0 1197 100 674 200 944 300 1376 400
575 0 5 341 0 256 100 1176 200 762 300 432 400
576 0 5 233 0 792 100 504 200 1358 300 7 400
577 0 5 681 0 94 100 515 200 1497 300 306 400
578 0 5 1337 0 1341 100 847 200 744 300 1390 400
579 0 5 1215 0 625 100 1057 200 1214 300 544 400
580 0 5 480 0 490 100 346 200 1291 300 884 400
581 0 5 371 0 59 100 167 200 338 300 1249 400
582 0 5 548 0 512 100 41 200 378 300 296 400
583 0 5 564 0 594 100 1486 200 1262 300 509 400
584 0 5 433 0 1158 100 1295 200 965 300 1450 400
585 0 5 630 0 1360 100 971 200 111 300 206 400
586 0 5 933 0 1426 100 491 200 1413 300 1142 400
587 0 5 707 0 66 100 700 200 304 300 1499 400
588 0 5 476 0 1098 100 1178 200 964 300 399 400
589 0 5 726 0 1380 100 143 200 395 300 1328 400
590 0 5 1200 0 1516 100 1515 200 763 300 150 400
591 0 5 1208 0 229 100 366 200 230 300 695 400
592 0 5 1496 0 234 100 1358 200 576 300 504 400
593 0 5 1046 0 1079 100 1302 200 1261 300 1351 400
594 0 5 96 0 1486 100 583 200 1266 300 1012 400
595 0 5 401 0 1454 100 290 200 1423 300 1245 400
596 0 5 885 0 174 100 6 200 733 300 1131 400
597 0 5 794 0 1211 100 527 200 810 300 1078 400
598 0 5 846 0 1296 100 529 200 34 300 1232 400
599 0 5 616 0 1228 100 785 200 24 300 995 400
600 0 5 1203 0 70 100 382 200 71 300 163 400
601 0 5 1345 0 1468 100 353 200 468 300 626 400
602 0 5 570 0 775 100 919 200 183 300 152 400
603 0 5 854 0 50 100 88 200 615 300 177 400
604 0 5 466 0 311 100 59 200 1385 300 167 400
605 0 5 492 0 852 100 962 200 1377 300 1242 400
606 0 5 692 0 182 100 346 200 1283 300 811 400
607 0 5 840 0 684 100 375 200 1221 300 116 400
608 0 5 495 0 1282 100 1402 200 826 300 1047 400
609 0 5 686 0 50 100 1074 200 324 300 615 400
610 0 5 1384 0 1359 100 845 200 617 300 22 400
611 0 5 962 0 1114 100 675 200 817 300 1377 400
612 0 5 902 0 500 100 274 200 846 300 1104 400
613 0 5 191 0 631 100 1156 200 985 300 160 400
614 0 5 1151 0 1498 100 179 200 1467 300 1365 400
615 0 5 1318 0 88 100 603 200 854 300 254 400
616 0 5 599 0 154 100 161 200 1315 300 273 400
617 0 5 1119 0 735 100 1359 200 845 300 1436 400
618 0 5 701 0 1100 100 700 200 1150 300 1458 400
619 0 5 243 0 187 100 1164 200 1351 300 2 400
620 0 5 1258 0 1088 100 313 200 156 300 948 400
621 0 5 773 0 758 100 19 200 1132 300 1325 400
622 0 5 860 0 1204 100 553 200 411 300 1142 400
623 0 5 402 0 353 100 626 200 38 300 601 400
624 0 5 1324 0 876 100 101 200 288 300 734 400
625 0 5 579 0 1214 100 1215 200 442 300 544 400
626 0 5 38 0 402 100 468 200 1453 300 55 400
627 0 5 1145 0 1113 100 1094 200 1226 300 362 400
628 0 5 1135 0 1334 100 74 200 183 300 919 400
629 0 5 1006 0 860 100 1015 200 647 300 1097 400
630 0 5 206 0 585 100 1360 200 1265 300 1117 400
631 0 5 1156 0 613 100 908 200 985 300 710 400
632 0 5 227 0 982 100 1277 200 1221 300 226 400
633 0 5 1121 0 1155 100 1099 200 999 300 909 400
634 0 5 252 0 317 100 43 200 993 300 1343 400
635 0 5 718 0 1160 100 564 200 1220 300 509 400
636 0 5 918 0 870 100 1146 200 1348 300 284 400
637 0 5 522 0 836 100 253 200 771 300 1443 400
638 0 5 323 0 1063 100 364 200 1082 300 696 400
639 0 5 979 0 488 100 1019 200 476 300 791 400
640 0 5 508 0 561 100 1148 200 146 300 1106 400
641 0 5 666 0 874 100 308 200 231 300 871 400
642 0 5 258 0 1369 100 1307 200 938 300 923 400
643 0 5 1022 0 1233 100 220 200 1356 300 1388 400
644 0 5 1181 0 652 100 873 200 456 300 361 400
645 0 5 887 0 183 100 861 200 775 300 1334 400
646 0 5 1504 0 1503 100 820 200 853 300 334 400
647 0 5 482 0 350 100 629 200 553 300 879 400
648 0 5 1031 0 1125 100 988 200 141 300 1154 400
649 0 5 920 0 801 100 1281 200 193 300 461 400
650 0 5 782 0 419 100 1086 200 651 300 76 400
651 0 5 204 0 1086 100 419 200 151 300 76 400
652 0 5 895 0 644 100 1344 200 456 300 1084 400
653 0 5 228 0 1105 100 742 200 136 300 1460 400
654 0 5 72 0 1336 100 106 200 444 300 32 400
655 0 5 462 0 511 100 817 200 1478 300 990 400
656 0 5 1371 0 719 100 918 200 636 300 754 400
657 0 5 375 0 455 100 1409 200 475 300 862 400
658 0 5 441 0 717 100 351 200 1491 300 558 400
659 0 5 1510 0 1509 100 967 200 299 300 220 400
660 0 5 669 0 1070 100 235 200 424 300 429 400
661 0 5 727 0 1394 100 1459 200 819 300 345 400
662 0 5 1278 0 1362 100 830 200 1421 300 1493 400
663 0 5 930 0 1092 100 1256 200 909 300 231 400
664 0 5 1109 0 62 100 114 200 1085 300 1076 400
665 0 5 1471 0 239 100 1312 200 566 300 847 400
666 0 5 641 0 1060 100 231 200 80 300 1256 400
667 0 5 865 0 56 100 541 200 138 300 470 400
668 0 5 1458 0 37 100 412 200 701 300 1483 400
669 0 5 660 0 880 100 1422 200 1070 300 429 400
670 0 5 398 0 678 100 1026 200 1116 300 993 400
671 0 5 271 0 267 100 1303 200 1311 300 1319 400
672 0 5 357 0 76 100 331 200 175 300 204 400
673 0 5 426 0 1167 100 1378 200 1108 300 1129 400
674 0 5 1502 0 1503 100 574 200 299 300 1482 400
675 0 5 170 0 962 100 825 200 1114 300 374 400
676 0 5 329 0 277 100 1495 200 145 300 1386 400
677 0 5 843 0 1250 100 960 200 291 300 1236 400
678 0 5 730 0 670 100 1116 200 1026 300 398 400
679 0 5 1017 0 131 100 514 200 384 300 12 400
680 0 5 533 0 1040 100 1450 200 1472 300 289 400
681 0 5 577 0 306 100 515 200 387 300 1225 400
682 0 5 55 0 435 100 1453 200 1260 300 1122 400
683 0 5 1378 0 1198 100 426 200 1129 300 1072 400
684 0 5 57 0 607 100 90 200 1221 300 1461 400
685 0 5 537 0 1252 100 1397 200 1120 300 1080 400
686 0 5 324 0 609 100 894 200 1102 300 1128 400
687 0 5 723 0 923 100 316 200 39 300 184 400
688 0 5 362 0 1255 100 955 200 828 300 1266 400
689 0 5 970 0 1091 100 227 200 373 300 226 400
690 0 5 1035 0 522 100 1443 200 1488 300 779 400
691 0 5 352 0 265 100 1218 200 292 300 77 400
692 0 5 606 0 1309 100 182 200 9 300 915 400
693 0 5 82 0 891 100 78 200 1009 300 1437 400
694 0 5 1274 0 737 100 356 200 1188 300 309 400
695 0 5 1058 0 229 100 366 200 1225 300 591 400
696 0 5 438 0 1063 100 818 200 364 300 180 400
697 0 5 776 0 211 100 850 200 18 300 1042 400
698 0 5 207 0 109 100 1098 200 1252 300 837 400
699 0 5 27 0 1238 100 513 200 510 300 505 400
700 0 5 1499 0 701 100 1354 200 707 300 587 400
701 0 5 618 0 700 100 1458 200 1100 300 668 400
702 0 5 1385 0 1168 100 1349 200 466 300 1293 400
703 0 5 1042 0 1347 100 756 200 215 300 10 400
704 0 5 425 0 1032 100 1144 200 936 300 800 400
705 0 5 1220 0 1190 100 718 200 1262 300 512 400
706 0 5 1145 0 955 100 506 200 727 300 242 400
707 0 5 1201 0 587 100 304 200 1499 300 700 400
708 0 5 498 0 420 100 864 200 1032 300 1144 400
709 0 5 1396 0 31 100 762 200 256 300 321 400
710 0 5 160 0 631 100 281 200 1069 300 1156 400
711 0 5 1344 0 380 100 1084 200 361 300 8 400
712 0 5 286 0 342 100 419 200 416 300 651 400
713 0 5 397 0 1223 100 530 200 300 300 1149 400
714 0 5 1053 0 774 100 194 200 1387 300 146 400
715 0 5 558 0 921 100 495 200 301 300 608 400
716 0 5 1308 0 489 100 1007 200 1190 300 1287 400
717 0 5 1052 0 658 100 1355 200 1491 300 569 400
718 0 5 635 0 1262 100 564 200 705 300 1160 400
719 0 5 656 0 754 100 838 200 968 300 918 400
720 0 5 900 0 1320 100 413 200 1342 300 1008 400
721 0 5 1374 0 1432 100 1207 200 47 300 823 400
722 0 5 25 0 556 100 83 200 729 300 410 400
723 0 5 687 0 184 100 316 200 13 300 775 400
724 0 5 1172 0 1257 100 913 200 504 300 234 400
725 0 5 999 0 153 100 1095 200 1227 300 390 400
726 0 5 589 0 31 100 143 200 276 300 321 400
727 0 5 661 0 506 100 706 200 955 300 242 400
728 0 5 320 0 840 100 1115 200 1118 300 607 400
729 0 5 25 0 1414 100 1500 200 874 300 722 400
730 0 5 678 0 1116 100 1404 200 469 300 408 400
731 0 5 129 0 1027 100 1126 200 36 300 1456 400
732 0 5 961 0 763 100 1246 200 590 300 383 400
733 0 5 174 0 1306 100 1069 200 596 300 363 400
734 0 5 986 0 555 100 101 200 1043 300 788 400
735 0 5 1165 0 22 100 845 200 617 300 1119 400
736 0 5 1048 0 520 100 1270 200 966 300 1000 400
737 0 5 1300 0 1435 100 1383 200 694 300 1188 400
738 0 5 137 0 1313 100 849 200 545 300 1333 400
739 0 5 1349 0 755 100 1385 200 128 300 702 400
740 0 5 1231 0 1068 100 364 200 217 300 1184 400
741 0 5 215 0 525 100 1347 200 703 300 829 400
742 0 5 365 0 272 100 1105 200 1336 300 653 400
743 0 5 1410 0 1104 100 99 200 261 300 125 400
744 0 5 1337 0 45 100 328 200 578 300 1341 400
745 0 5 309 0 855 100 1420 200 1463 300 1449 400
746 0 5 1013 0 1279 100 997 200 128 300 798 400
747 0 5 300 0 473 100 1149 200 982 300 1223 400
748 0 5 1434 0 224 100 418 200 136 300 303 400
749 0 5 1062 0 1111 100 1444 200 1408 300 201 400
750 0 5 180 0 487 100 1237 200 1439 300 438 400
751 0 5 1134 0 59 100 1050 200 33 300 767 400
752 0 5 1123 0 554 100 450 200 1105 300 224 400
753 0 5 222 0 158 100 857 200 1266 300 688 400
754 0 5 838 0 968 100 1087 200 719 300 954 400
755 0 5 1279 0 739 100 1349 200 1168 300 798 400
756 0 5 484 0 703 100 14 200 872 300 410 400
757 0 5 501 0 69 100 78 200 815 300 273 400
758 0 5 1132 0 621 100 19 200 1068 300 248 400
759 0 5 499 0 1373 100 1251 200 82 300 1335 400
760 0 5 193 0 870 100 337 200 240 300 918 400
761 0 5 559 0 998 100 1171 200 103 300 51 400
762 0 5 341 0 1479 100 709 200 276 300 1339 400
763 0 5 853 0 961 100 732 200 20 300 590 400
764 0 5 315 0 1235 100 19 200 621 300 1325 400
765 0 5 924 0 1395 100 163 200 777 300 307 400
766 0 5 257 0 1189 100 799 200 541 300 421 400
767 0 5 1174 0 1050 100 33 200 751 300 1089 400
768 0 5 131 0 148 100 514 200 1445 300 679 400
769 0 5 97 0 1400 100 792 200 1180 300 1492 400
770 0 5 1412 0 247 100 1470 200 1147 300 903 400
771 0 5 405 0 836 100 868 200 637 300 969 400
772 0 5 1299 0 1476 100 1180 200 7 300 437 400
773 0 5 621 0 315 100 758 200 1139 300 19 400
774 0 5 714 0 1053 100 194 200 1150 300 789 400
775 0 5 13 0 602 100 723 200 316 300 919 400
776 0 5 697 0 850 100 1042 200 266 300 211 400
777 0 5 1395 0 71 100 1273 200 765 300 163 400
778 0 5 971 0 166 100 460 200 914 300 1163 400
779 0 5 1131 0 527 100 1298 200 794 300 6 400
780 0 5 1173 0 1340 100 1205 200 104 300 1405 400
781 0 5 356 0 1383 100 259 200 737 300 465 400
782 0 5 416 0 650 100 419 200 1086 300 712 400
783 0 5 1001 0 459 100 1122 200 965 300 584 400
784 0 5 910 0 348 100 1163 200 1297 300 933 400
785 0 5 24 0 1009 100 995 200 1437 300 599 400
786 0 5 991 0 1423 100 1421 200 401 300 992 400
787 0 5 21 0 381 100 1220 200 1321 300 431 400
788 0 5 986 0 1462 100 1043 200 734 300 1251 400
789 0 5 275 0 146 100 917 200 194 300 1157 400
790 0 5 810 0 1442 100 804 200 1161 300 1211 400
791 0 5 133 0 563 100 488 200 639 300 507 400
792 0 5 1180 0 576 100 7 200 769 300 1487 400
793 0 5 1096 0 414 100 368 200 1326 300 310 400
794 0 5 527 0 597 100 1078 200 779 300 934 400
795 0 5 1439 0 214 100 1216 200 1153 300 869 400
796 0 5 412 0 344 100 560 200 1207 300 127 400
797 0 5 1204 0 411 100 1237 200 553 300 622 400
798 0 5 64 0 238 100 1013 200 1168 300 755 400
799 0 5 1189 0 421 100 766 200 1440 300 1475 400
800 0 5 1352 0 425 100 1182 200 704 300 879 400
801 0 5 1033 0 337 100 649 200 461 300 193 400
802 0 5 944 0 574 100 878 200 51 300 246 400
803 0 5 525 0 874 100 829 200 722 300 1414 400
804 0 5 1442 0 960 100 1211 200 790 300 291 400
805 0 5 1405 0 1312 100 1340 200 1366 300 964 400
806 0 5 514 0 481 100 148 200 131 300 12 400
807 0 5 1039 0 335 100 374 200 1422 300 192 400
808 0 5 284 0 1388 100 1348 200 240 300 1328 400
809 0 5 475 0 898 100 862 200 114 300 657 400
810 0 5 790 0 934 100 597 200 1211 300 1078 400
811 0 5 346 0 1217 100 490 200 606 300 580 400
812 0 5 937 0 1067 100 824 200 332 300 73 400
813 0 5 815 0 903 100 78 200 1289 300 757 400
814 0 5 203 0 939 100 1351 200 1261 300 888 400
815 0 5 813 0 501 100 903 200 757 300 1239 400
816 0 5 230 0 1056 100 1301 200 1361 300 369 400
817 0 5 118 0 511 100 655 200 462 300 1114 400
818 0 5 67 0 696 100 180 200 750 300 1476 400
819 0 5 1459 0 975 100 661 200 1195 300 931 400
820 0 5 18 0 92 100 211 200 646 300 334 400
821 0 5 84 0 1140 100 1323 200 454 300 995 400
822 0 5 853 0 221 100 266 200 776 300 20 400
823 0 5 1374 0 47 100 521 200 721 300 120 400
824 0 5 332 0 1067 100 812 200 73 300 62 400
825 0 5 1023 0 170 100 1403 200 675 300 1114 400
826 0 5 440 0 301 100 608 200 1402 300 915 400
827 0 5 875 0 905 100 1457 200 1052 300 1451 400
828 0 5 283 0 362 100 688 200 325 300 1094 400
829 0 5 539 0 10 100 1347 200 976 300 803 400
830 0 5 1421 0 1278 100 1271 200 401 300 1350 400
831 0 5 299 0 849 100 1482 200 1444 300 749 400
832 0 5 1110 0 75 100 554 200 225 300 538 400
833 0 5 1054 0 1068 100 1132 200 758 300 248 400
834 0 5 138 0 408 100 202 200 1222 300 1404 400
835 0 5 559 0 841 100 205 200 190 300 1429 400
836 0 5 771 0 422 100 143 200 637 300 1330 400
837 0 5 1143 0 516 100 207 200 109 300 1419 400
838 0 5 754 0 1087 100 169 200 1359 300 464 400
839 0 5 250 0 139 100 883 200 1127 300 531 400
840 0 5 607 0 728 100 1221 200 451 300 684 400
841 0 5 1300 0 1429 100 190 200 835 300 205 400
842 0 5 1137 0 949 100 226 200 573 300 1240 400
843 0 5 291 0 677 100 104 200 1236 300 1173 400
844 0 5 1003 0 99 100 513 200 244 300 125 400
845 0 5 735 0 610 100 617 200 1359 300 1165 400
846 0 5 598 0 500 100 529 200 34 300 612 400
847 0 5 1390 0 1337 100 566 200 578 300 985 400
848 0 5 307 0 178 100 184 200 549 300 185 400
849 0 5 967 0 738 100 1333 200 831 300 1313 400
850 0 5 1042 0 776 100 697 200 703 300 10 400
851 0 5 871 0 453 100 308 200 231 300 907 400
852 0 5 519 0 605 100 1377 200 1242 300 35 400
853 0 5 822 0 763 100 221 200 646 300 211 400
854 0 5 603 0 177 100 88 200 615 300 50 400
855 0 5 309 0 1188 100 745 200 156 300 318 400
856 0 5 1290 0 1325 100 458 200 929 300 1389 400
857 0 5 222 0 391 100 1408 200 218 300 753 400
858 0 5 1242 0 223 100 492 200 1490 300 388 400
859 0 5 1367 0 1431 100 472 200 5 300 523 400
860 0 5 622 0 629 100 553 200 1426 300 1097 400
861 0 5 887 0 1334 100 1288 200 571 300 183 400
862 0 5 1393 0 898 100 809 200 1409 300 657 400
863 0 5 1045 0 220 100 906 200 200 300 1348 400
864 0 5 145 0 1246 100 708 200 113 300 941 400
865 0 5 543 0 667 100 470 200 138 300 478 400
866 0 5 1268 0 30 100 1455 200 380 300 1147 400
867 0 5 1386 0 209 100 914 200 460 300 676 400
868 0 5 969 0 405 100 771 200 1230 300 379 400
869 0 5 214 0 1124 100 1216 200 1026 300 197 400
870 0 5 760 0 636 100 193 200 1146 300 284 400
871 0 5 231 0 851 100 308 200 641 300 453 400
872 0 5 1424 0 756 100 1152 200 1199 300 83 400
873 0 5 293 0 1181 100 644 200 456 300 1489 400
874 0 5 803 0 1414 100 641 200 308 300 729 400
875 0 5 827 0 1457 100 569 200 905 300 502 400
876 0 5 288 0 624 100 101 200 555 300 481 400
877 0 5 69 0 273 100 891 200 24 300 78 400
878 0 5 1509 0 1508 100 998 200 1171 300 51 400
879 0 5 264 0 1006 100 1166 200 800 300 1015 400
880 0 5 669 0 429 100 1422 200 925 300 335 400
881 0 5 351 0 935 100 1491 200 558 300 1028 400
882 0 5 409 0 150 100 354 200 139 300 421 400
883 0 5 400 0 1127 100 139 200 250 300 531 400
884 0 5 480 0 387 100 306 200 1208 300 1225 400
885 0 5 596 0 1131 100 363 200 87 300 6 400
886 0 5 241 0 1381 100 54 200 989 300 1494 400
887 0 5 645 0 861 100 1334 200 1288 300 102 400
888 0 5 203 0 68 100 36 200 1351 300 243 400
889 0 5 135 0 1409 100 1115 200 1411 300 494 400
890 0 5 1415 0 26 100 212 200 486 300 1490 400
891 0 5 693 0 877 100 78 200 24 300 69 400
892 0 5 943 0 170 100 1023 200 278 300 1403 400
893 0 5 1024 0 225 100 461 200 1281 300 832 400
894 0 5 463 0 324 100 686 200 1030 300 115 400
895 0 5 652 0 1344 100 1084 200 8 300 644 400
896 0 5 49 0 439 100 1082 200 323 300 1172 400
897 0 5 354 0 1440 100 1127 200 799 300 1189 400
898 0 5 1076 0 114 100 862 200 809 300 664 400
899 0 5 1373 0 1101 100 1289 200 82 300 1251 400
900 0 5 720 0 413 100 1320 200 958 300 1108 400
901 0 5 981 0 1383 100 1416 200 205 300 1438 400
902 0 5 612 0 274 100 500 200 511 300 542 400
903 0 5 1239 0 813 100 815 200 770 300 1289 400
904 0 5 1485 0 140 100 1077 200 272 300 538 400
905 0 5 827 0 404 100 1451 200 987 300 875 400
906 0 5 1 0 1502 100 863 200 200 300 220 400
907 0 5 1500 0 453 100 445 200 851 300 551 400
908 0 5 631 0 1341 100 1156 200 1356 300 985 400
909 0 5 1155 0 930 100 429 200 663 300 1099 400
910 0 5 119 0 784 100 1163 200 1346 300 491 400
911 0 5 364 0 411 100 438 200 740 300 797 400
912 0 5 1375 0 423 100 157 200 1490 300 212 400
913 0 5 417 0 1382 100 724 200 217 300 49 400
914 0 5 166 0 460 100 778 200 209 300 277 400
915 0 5 567 0 182 100 440 200 1402 300 826 400
916 0 5 1034 0 1176 100 1110 200 1339 300 554 400
917 0 5 1316 0 994 100 1157 200 789 300 359 400
918 0 5 337 0 636 100 760 200 1146 300 870 400
919 0 5 152 0 1135 100 74 200 183 300 570 400
920 0 5 1339 0 1479 100 1064 200 649 300 1176 400
921 0 5 1282 0 715 100 495 200 608 300 1133 400
922 0 5 1428 0 1089 100 989 200 394 300 1050 400
923 0 5 39 0 687 100 938 200 568 300 316 400
924 0 5 1185 0 765 100 549 200 307 300 100 400
925 0 5 1264 0 17 100 335 200 117 300 880 400
926 0 5 406 0 1326 100 305 200 1321 300 518 400
927 0 5 1245 0 1037 100 1350 200 1271 300 547 400
928 0 5 1254 0 1126 100 129 200 176 300 530 400
929 0 5 458 0 1389 100 572 200 1498 300 856 400
930 0 5 663 0 1099 100 909 200 1155 300 1256 400
931 0 5 940 0 975 100 1269 200 1177 300 196 400
932 0 5 1272 0 268 100 1327 200 270 300 1225 400
933 0 5 586 0 348 100 491 200 1065 300 784 400
934 0 5 91 0 810 100 1078 200 597 300 11 400
935 0 5 1418 0 1133 100 881 200 351 300 558 400
936 0 5 56 0 1166 100 1144 200 704 300 1020 400
937 0 5 812 0 529 100 1232 200 1067 300 846 400
938 0 5 258 0 1307 100 642 200 923 300 434 400
939 0 5 1263 0 814 100 1261 200 236 300 442 400
940 0 5 37 0 931 100 1483 200 975 300 66 400
941 0 5 237 0 947 100 1200 200 1246 300 864 400
942 0 5 550 0 1249 100 142 200 199 300 1196 400
943 0 5 892 0 278 100 1016 200 192 300 427 400
944 0 5 1394 0 574 100 802 200 345 300 42 400
945 0 5 458 0 232 100 1183 200 929 300 1498 400
946 0 5 451 0 52 100 473 200 330 300 280 400
947 0 5 498 0 941 100 237 200 420 300 421 400
948 0 5 1401 0 1258 100 620 200 1112 300 1464 400
949 0 5 842 0 226 100 573 200 1240 300 227 400
950 0 5 1100 0 1150 100 1461 200 1448 300 994 400
951 0 5 285 0 485 100 959 200 1240 300 61 400
952 0 5 87 0 144 100 1205 200 291 300 104 400
953 0 5 1304 0 206 100 81 200 971 300 778 400
954 0 5 968 0 1494 100 54 200 1267 300 1381 400
955 0 5 242 0 706 100 1145 200 362 300 688 400
956 0 5 247 0 188 100 1501 200 1196 300 352 400
957 0 5 1319 0 1056 100 1011 200 1446 300 1327 400
958 0 5 1430 0 413 100 900 200 1148 300 720 400
959 0 5 369 0 485 100 951 200 271 300 61 400
960 0 5 1250 0 804 100 677 200 1310 300 1442 400
961 0 5 732 0 1246 100 763 200 20 300 1243 400
962 0 5 611 0 605 100 1377 200 675 300 492 400
963 0 5 465 0 114 100 62 200 259 300 809 400
964 0 5 399 0 1366 100 1191 200 1098 300 588 400
965 0 5 294 0 433 100 584 200 783 300 1241 400
966 0 5 1365 0 298 100 736 200 520 300 1158 400
967 0 5 849 0 659 100 1333 200 1313 300 738 400
968 0 5 954 0 754 100 1087 200 1494 300 719 400
969 0 5 1443 0 868 100 771 200 1306 300 522 400
970 0 5 689 0 90 100 227 200 1091 300 1221 400
971 0 5 778 0 111 100 585 200 206 300 953 400
972 0 5 1259 0 1031 100 210 200 1066 300 1125 400
973 0 5 1076 0 1109 100 1085 200 244 300 1393 400
974 0 5 1472 0 1117 100 1265 200 496 300 124 400
975 0 5 1177 0 819 100 931 200 940 300 802 400
976 0 5 10 0 1159 100 776 200 266 300 1042 400
977 0 5 526 0 1164 100 108 200 1059 300 187 400
978 0 5 1298 0 110 100 1078 200 1488 300 527 400
979 0 5 639 0 1390 100 847 200 566 300 578 400
980 0 5 149 0 65 100 1275 200 497 300 1239 400
981 0 5 901 0 1383 100 259 200 1438 300 205 400
982 0 5 1277 0 632 100 451 200 473 300 747 400
983 0 5 121 0 1315 100 1213 200 535 300 273 400
984 0 5 565 0 1086 100 76 200 204 300 651 400
985 0 5 239 0 631 100 847 200 613 300 1156 400
986 0 5 734 0 788 100 1462 200 12 300 1043 400
987 0 5 404 0 251 100 905 200 1451 300 1169 400
988 0 5 1154 0 141 100 283 200 648 300 210 400
989 0 5 1436 0 394 100 922 200 1381 300 1087 400
990 0 5 526 0 1452 100 1478 200 462 300 108 400
991 0 5 786 0 241 100 992 200 1423 300 1454 400
992 0 5 1423 0 140 100 1454 200 991 300 241 400
993 0 5 398 0 317 100 43 200 252 300 1343 400
994 0 5 917 0 1150 100 359 200 1316 300 1157 400
995 0 5 454 0 1140 100 785 200 1228 300 599 400
996 0 5 1469 0 195 100 1314 200 223 300 162 400
997 0 5 1013 0 128 100 339 200 746 300 798 400
998 0 5 1514 0 1515 100 51 200 312 300 559 400
999 0 5 725 0 1099 100 1121 200 390 300 1095 400
1000 0 5 298 0 1472 100 1480 200 1270 300 1441 400
1001 0 5 1280 0 783 100 459 200 1122 300 435 400
1002 0 5 505 0 1425 100 513 200 494 300 135 400
1003 0 5 844 0 513 100 99 200 125 300 743 400
1004 0 5 1283 0 1217 100 28 200 1005 300 490 400
1005 0 5 28 0 1283 100 1004 200 155 300 1291 400
1006 0 5 629 0 1015 100 879 200 1413 300 264 400
1007 0 5 1071 0 488 100 716 200 133 300 489 400
1008 0 5 1342 0 1075 100 1446 200 270 300 1320 400
1009 0 5 1437 0 785 100 499 200 1335 300 82 400
1010 0 5 467 0 358 100 1259 200 1066 300 1318 400
1011 0 5 1361 0 1056 100 327 200 1327 300 957 400
1012 0 5 1486 0 1192 100 1255 200 1266 300 594 400
1013 0 5 997 0 746 100 798 200 339 300 1279 400
1014 0 5 349 0 303 100 1162 200 418 300 1338 400
1015 0 5 1097 0 1006 100 1413 200 629 300 879 400
1016 0 5 427 0 278 100 943 200 542 300 892 400
1017 0 5 679 0 43 100 384 200 131 300 514 400
1018 0 5 53 0 1129 100 1072 200 521 300 47 400
1019 0 5 399 0 566 100 639 200 1312 300 476 400
1020 0 5 420 0 56 100 936 200 1144 300 766 400
1021 0 5 1248 0 1234 100 1038 200 117 300 17 400
1022 0 5 643 0 1233 100 1230 200 1356 300 1313 400
1023 0 5 825 0 1403 100 170 200 892 300 274 400
1024 0 5 893 0 1281 100 461 200 832 300 1033 400
1025 0 5 457 0 1487 100 97 200 1358 300 769 400
1026 0 5 471 0 670 100 869 200 678 300 1116 400
1027 0 5 36 0 731 100 528 200 888 300 203 400
1028 0 5 245 0 177 100 1466 200 1169 300 1491 400
1029 0 5 249 0 1357 100 340 200 1338 300 1162 400
1030 0 5 115 0 155 100 463 200 894 300 324 400
1031 0 5 648 0 972 100 210 200 1125 300 1259 400
1032 0 5 1144 0 704 100 113 200 708 300 420 400
1033 0 5 461 0 801 100 337 200 893 300 649 400
1034 0 5 916 0 554 100 1110 200 450 300 1176 400
1035 0 5 690 0 1488 100 1298 200 779 300 522 400
1036 0 5 13 0 534 100 1273 200 184 300 208 400
1037 0 5 927 0 1271 100 401 200 1350 300 830 400
1038 0 5 1234 0 117 100 335 200 1021 300 1264 400
1039 0 5 1422 0 807 100 192 200 374 300 335 400
1040 0 5 289 0 680 100 1472 200 1450 300 533 400
1041 0 5 1206 0 557 100 1169 200 251 300 536 400
1042 0 5 703 0 850 100 776 200 976 300 697 400
1043 0 5 1335 0 1462 100 788 200 1399 300 555 400
1044 0 5 1227 0 1260 100 1095 200 468 300 153 400
1045 0 5 863 0 1348 100 1146 200 220 300 1371 400
1046 0 5 1059 0 593 100 118 200 1164 300 1079 400
1047 0 5 1133 0 1128 100 1102 200 1276 300 608 400
1048 0 5 520 0 736 100 134 200 1270 300 572 400
1049 0 5 339 0 524 100 128 200 1473 300 1245 400
1050 0 5 1089 0 767 100 751 200 922 300 1119 400
1051 0 5 355 0 347 100 1338 200 297 300 1288 400
1052 0 5 717 0 1355 100 569 200 875 300 827 400
1053 0 5 714 0 1387 100 774 200 194 300 618 400
1054 0 5 833 0 1184 100 248 200 1068 300 132 400
1055 0 5 151 0 17 100 1095 200 342 300 925 400
1056 0 5 957 0 1011 100 816 200 1361 300 1319 400
1057 0 5 1214 0 236 100 579 200 1215 300 625 400
1058 0 5 695 0 327 100 932 200 229 300 1327 400
1059 0 5 1046 0 118 100 977 200 817 300 1164 400
1060 0 5 80 0 666 100 1474 200 124 300 147 400
1061 0 5 331 0 1175 100 157 200 175 300 672 400
1062 0 5 1376 0 749 100 1408 200 42 300 1197 400
1063 0 5 638 0 696 100 323 200 364 300 439 400
1064 0 5 193 0 920 100 1479 200 276 300 762 400
1065 0 5 348 0 1297 100 933 200 166 300 784 400
1066 0 5 358 0 1368 100 1125 200 509 300 972 400
1067 0 5 824 0 812 100 73 200 332 300 937 400
1068 0 5 833 0 740 100 1231 200 1139 300 1054 400
1069 0 5 1306 0 281 100 733 200 710 300 160 400
1070 0 5 448 0 660 100 235 200 479 300 909 400
1071 0 5 1007 0 45 100 1287 200 716 300 1190 400
1072 0 5 263 0 1129 100 1018 200 426 300 683 400
1073 0 5 1085 0 261 100 973 200 1410 300 743 400
1074 0 5 50 0 1102 100 177 200 609 300 603 400
1075 0 5 1008 0 1446 100 270 200 1327 300 1342 400
1076 0 5 898 0 973 100 862 200 664 300 114 400
1077 0 5 365 0 140 100 272 200 98 300 1454 400
1078 0 5 527 0 934 100 978 200 91 300 110 400
1079 0 5 60 0 260 100 1302 200 593 300 168 400
1080 0 5 1397 0 1191 100 964 200 685 300 1252 400
1081 0 5 1247 0 1289 100 1322 200 407 300 8 400
1082 0 5 1382 0 323 100 896 200 49 300 638 400
1083 0 5 357 0 1314 100 195 200 996 300 1234 400
1084 0 5 30 0 380 100 8 200 711 300 895 400
1085 0 5 1073 0 1109 100 973 200 664 300 332 400
1086 0 5 984 0 651 100 76 200 650 300 204 400
1087 0 5 968 0 838 100 754 200 1436 300 1494 400
1088 0 5 313 0 1435 100 620 200 396 300 156 400
1089 0 5 394 0 1050 100 922 200 767 300 1174 400
1090 0 5 325 0 1107 100 1094 200 263 300 1226 400
1091 0 5 373 0 689 100 970 200 573 300 90 400
1092 0 5 287 0 663 100 445 200 1256 300 909 400
1093 0 5 1513 0 1514 100 200 200 1371 300 1406 400
1094 0 5 1113 0 362 100 627 200 1090 300 1226 400
1095 0 5 1227 0 725 100 1121 200 1044 300 153 400
1096 0 5 793 0 15 100 414 200 219 300 189 400
1097 0 5 1015 0 1426 100 629 200 586 300 860 400
1098 0 5 588 0 698 100 1284 200 1178 300 964 400
1099 0 5 930 0 1155 100 999 200 1256 300 633 400
1100 0 5 618 0 950 100 1150 200 701 300 700 400
1101 0 5 899 0 82 100 1289 200 78 300 813 400
1102 0 5 324 0 1074 100 1047 200 1128 300 686 400
1103 0 5 199 0 1268 100 430 200 1455 300 866 400
1104 0 5 743 0 99 100 612 200 846 300 937 400
1105 0 5 653 0 554 100 742 200 75 300 752 400
1106 0 5 561 0 1148 100 53 200 1430 300 640 400
1107 0 5 521 0 120 100 1090 200 263 300 1226 400
1108 0 5 268 0 1167 100 1186 200 900 300 673 400
1109 0 5 664 0 1085 100 973 200 62 300 1076 400
1110 0 5 832 0 75 100 554 200 1034 300 916 400
1111 0 5 749 0 201 100 1444 200 296 300 452 400
1112 0 5 1463 0 216 100 1449 200 318 300 1464 400
1113 0 5 1094 0 362 100 627 200 1226 300 1090 400
1114 0 5 1403 0 611 100 825 200 675 300 274 400
1115 0 5 1411 0 1409 100 375 200 1331 300 728 400
1116 0 5 730 0 471 100 408 200 1404 300 678 400
1117 0 5 1265 0 974 100 1480 200 630 300 1472 400
1118 0 5 320 0 1331 100 1115 200 728 300 1130 400
1119 0 5 1436 0 617 100 394 200 735 300 1050 400
1120 0 5 537 0 1310 100 109 200 685 300 1252 400
1121 0 5 633 0 1095 100 999 200 429 300 1099 400
1122 0 5 1193 0 435 100 1453 200 1280 300 783 400
1123 0 5 752 0 428 100 552 200 450 300 554 400
1124 0 5 1216 0 869 100 197 200 350 300 1372 400
1125 0 5 1192 0 648 100 509 200 1066 300 141 400
1126 0 5 530 0 928 100 129 200 731 300 397 400
1127 0 5 354 0 139 100 883 200 897 300 799 400
1128 0 5 126 0 1047 100 155 200 1102 300 324 400
1129 0 5 1018 0 1072 100 426 200 53 300 683 400
1130 0 5 280 0 1331 100 295 200 451 300 1411 400
1131 0 5 779 0 6 100 885 200 596 300 527 400
1132 0 5 758 0 19 100 248 200 621 300 1325 400
1133 0 5 1276 0 1047 100 935 200 1282 300 1418 400
1134 0 5 751 0 1165 100 59 200 1119 300 33 400
1135 0 5 628 0 74 100 919 200 152 300 183 400
1136 0 5 1269 0 246 100 1363 200 1177 300 196 400
1137 0 5 842 0 485 100 1240 200 226 300 573 400
1138 0 5 279 0 171 100 68 200 108 300 27 400
1139 0 5 1231 0 217 100 1068 200 436 300 913 400
1140 0 5 821 0 1228 100 995 200 84 300 454 400
1141 0 5 1142 0 132 100 546 200 1426 300 248 400
1142 0 5 1141 0 491 100 1426 200 119 300 586 400
1143 0 5 837 0 1419 100 516 200 569 300 447 400
1144 0 5 1032 0 420 100 936 200 704 300 708 400
1145 0 5 627 0 706 100 506 200 955 300 362 400
1146 0 5 636 0 1348 100 1045 200 918 300 870 400
1147 0 5 79 0 247 100 770 200 30 300 866 400
1148 0 5 1430 0 1106 100 146 200 640 300 958 400
1149 0 5 473 0 330 100 1223 200 747 300 300 400
1150 0 5 994 0 950 100 1100 200 1461 300 774 400
1151 0 5 614 0 1467 100 179 200 520 300 1498 400
1152 0 5 1199 0 313 100 872 200 83 300 556 400
1153 0 5 487 0 214 100 1439 200 795 300 750 400
1154 0 5 988 0 1198 100 283 200 141 300 210 400
1155 0 5 633 0 909 100 1099 200 930 300 429 400
1156 0 5 631 0 1356 100 908 200 613 300 1233 400
1157 0 5 1316 0 917 100 58 200 789 300 994 400
1158 0 5 1365 0 584 100 298 200 966 300 23 400
1159 0 5 266 0 976 100 446 200 393 300 776 400
1160 0 5 635 0 1368 100 509 200 518 300 1220 400
1161 0 5 11 0 70 100 1442 200 790 300 810 400
1162 0 5 1014 0 1473 100 1338 200 1357 300 249 400
1163 0 5 784 0 1392 100 111 200 1297 300 910 400
1164 0 5 2 0 977 100 619 200 593 300 187 400
1165 0 5 735 0 1134 100 40 200 1050 300 22 400
1166 0 5 1481 0 936 100 879 200 704 300 1032 400
1167 0 5 1186 0 673 100 1108 200 1378 300 426 400
1168 0 5 1349 0 702 100 1385 200 755 300 238 400
1169 0 5 1041 0 557 100 536 200 245 300 15 400
1170 0 5 1456 0 171 100 279 200 731 300 129 400
1171 0 5 1505 0 1506 100 103 200 998 300 92 400
1172 0 5 49 0 724 100 896 200 1257 300 1082 400
1173 0 5 780 0 104 100 1405 200 1236 300 1191 400
1174 0 5 1362 0 767 100 1493 200 1428 300 922 400
1175 0 5 1061 0 157 100 331 200 175 300 672 400
1176 0 5 1339 0 1369 100 450 200 916 300 575 400
1177 0 5 975 0 1269 100 931 200 1136 300 802 400
1178 0 5 1187 0 1484 100 588 200 1098 300 1284 400
1179 0 5 1203 0 71 100 1273 200 208 300 70 400
1180 0 5 792 0 1400 100 772 200 769 300 1367 400
1181 0 5 644 0 361 100 873 200 652 300 1344 400
1182 0 5 1495 0 425 100 800 200 1253 300 1352 400
1183 0 5 232 0 1235 100 1498 200 945 300 614 400
1184 0 5 132 0 1054 100 248 200 740 300 1068 400
1185 0 5 503 0 924 100 549 200 100 300 765 400
1186 0 5 1167 0 268 100 1108 200 1378 300 1272 400
1187 0 5 107 0 1178 100 319 200 1484 300 507 400
1188 0 5 855 0 737 100 1435 200 156 300 694 400
1189 0 5 799 0 766 100 1475 200 370 300 161 400
1190 0 5 512 0 705 100 716 200 1287 300 548 400
1191 0 5 1080 0 1366 100 964 200 1397 300 1173 400
1192 0 5 1012 0 1486 100 1125 200 1255 300 564 400
1193 0 5 1122 0 1453 100 435 200 682 300 1280 400
1194 0 5 1346 0 546 100 493 200 119 300 491 400
1195 0 5 1459 0 1432 100 1483 200 1207 300 727 400
1196 0 5 550 0 247 100 199 200 770 300 942 400
1197 0 5 574 0 391 100 42 200 1376 300 1062 400
1198 0 5 683 0 1378 100 1154 200 325 300 283 400
1199 0 5 1152 0 872 100 313 200 396 300 1424 400
1200 0 5 237 0 590 100 941 200 947 300 763 400
1201 0 5 304 0 1499 100 707 200 475 300 1354 400
1202 0 5 1286 0 343 100 477 200 100 300 562 400
1203 0 5 600 0 1179 100 70 200 382 300 71 400
1204 0 5 797 0 553 100 622 200 411 300 1237 400
1205 0 5 363 0 87 100 780 200 952 300 1332 400
1206 0 5 251 0 1041 100 1451 200 1326 300 987 400
1207 0 5 412 0 1483 100 796 200 721 300 1432 400
1208 0 5 366 0 591 100 480 200 884 300 1225 400
1209 0 5 1310 0 1236 100 960 200 1397 300 685 400
1210 0 5 192 0 424 100 1422 200 427 300 542 400
1211 0 5 144 0 804 100 597 200 291 300 810 400
1212 0 5 497 0 77 100 1470 200 691 300 770 400
1213 0 5 1364 0 1440 100 983 200 121 300 1315 400
1214 0 5 1057 0 625 100 442 200 544 300 579 400
1215 0 5 1353 0 579 100 625 200 1057 300 26 400
1216 0 5 1124 0 795 100 869 200 214 300 350 400
1217 0 5 811 0 1004 100 490 200 1283 300 28 400
1218 0 5 292 0 352 100 188 200 691 300 265 400
1219 0 5 48 0 130 100 1323 200 89 300 469 400
1220 0 5 705 0 787 100 21 200 381 300 635 400
1221 0 5 451 0 840 100 227 200 90 300 970 400
1222 0 5 202 0 154 100 469 200 834 300 1228 400
1223 0 5 300 0 713 100 1149 200 747 300 530 400
1224 0 5 172 0 1292 100 798 200 238 300 430 400
1225 0 5 1497 0 366 100 932 200 1272 300 884 400
1226 0 5 120 0 627 100 1432 200 506 300 1090 400
1227 0 5 1044 0 1095 100 153 200 725 300 468 400
1228 0 5 1140 0 599 100 995 200 469 300 1222 400
1229 0 5 1478 0 99 100 513 200 655 300 1003 400
1230 0 5 379 0 405 100 403 200 710 300 868 400
1231 0 5 1139 0 740 100 1068 200 217 300 913 400
1232 0 5 529 0 532 100 1449 200 598 300 937 400
1233 0 5 1356 0 1313 100 1022 200 643 300 1156 400
1234 0 5 1038 0 1021 100 162 200 1314 300 1083 400
1235 0 5 764 0 1183 100 19 200 1325 300 621 400
1236 0 5 1209 0 1250 100 677 200 960 300 1173 400
1237 0 5 438 0 1439 100 797 200 750 300 1216 400
1238 0 5 186 0 505 100 699 200 27 300 513 400
1239 0 5 903 0 501 100 1275 200 497 300 980 400
1240 0 5 285 0 61 100 1137 200 573 300 951 400
1241 0 5 294 0 1295 100 38 200 965 300 1450 400
1242 0 5 858 0 492 100 852 200 605 300 1490 400
1243 0 5 383 0 1246 100 20 200 221 300 961 400
1244 0 5 290 0 98 100 72 200 269 300 654 400
1245 0 5 927 0 290 100 401 200 595 300 1037 400
1246 0 5 1243 0 864 100 961 200 941 300 329 400
1247 0 5 1322 0 1081 100 181 200 1289 300 456 400
1248 0 5 1021 0 204 100 651 200 76 300 672 400
1249 0 5 142 0 942 100 550 200 199 300 430 400
1250 0 5 1236 0 960 100 677 200 843 300 1209 400
1251 0 5 415 0 499 100 1477 200 759 300 1335 400
1252 0 5 109 0 685 100 1397 200 698 300 1098 400
1253 0 5 29 0 264 100 213 200 1182 300 277 400
1254 0 5 928 0 4 100 176 200 295 300 1126 400
1255 0 5 141 0 688 100 1012 200 1192 300 1266 400
1256 0 5 390 0 231 100 1099 200 663 300 1092 400
1257 0 5 439 0 724 100 504 200 896 300 234 400
1258 0 5 620 0 948 100 25 200 1500 300 556 400
1259 0 5 972 0 210 100 1010 200 358 300 467 400
1260 0 5 1044 0 55 100 468 200 435 300 342 400
1261 0 5 1302 0 1351 100 593 200 939 300 814 400
1262 0 5 41 0 718 100 512 200 583 300 564 400
1263 0 5 939 0 112 100 236 200 442 300 1261 400
1264 0 5 117 0 925 100 335 200 1038 300 17 400
1265 0 5 1117 0 81 100 630 200 206 300 974 400
1266 0 5 96 0 158 100 1012 200 1486 300 688 400
1267 0 5 225 0 54 100 1465 200 954 300 1494 400
1268 0 5 1103 0 866 100 1455 200 430 300 199 400
1269 0 5 1136 0 1177 100 931 200 196 300 246 400
1270 0 5 1441 0 736 100 1360 200 1000 300 1048 400
1271 0 5 1350 0 1037 100 830 200 401 300 927 400
1272 0 5 1497 0 932 100 268 200 1225 300 1186 400
1273 0 5 208 0 184 100 534 200 777 300 1179 400
1274 0 5 694 0 336 100 62 200 356 300 309 400
1275 0 5 501 0 1239 100 535 200 980 300 149 400
1276 0 5 1418 0 1133 100 1047 200 1102 300 935 400
1277 0 5 982 0 226 100 632 200 227 300 473 400
1278 0 5 1421 0 662 100 830 200 786 300 401 400
1279 0 5 755 0 746 100 128 200 739 300 1349 400
1280 0 5 1001 0 435 100 1122 200 459 300 286 400
1281 0 5 1024 0 461 100 649 200 893 300 1033 400
1282 0 5 921 0 608 100 1133 200 1047 300 495 400
1283 0 5 1004 0 1005 100 155 200 1217 300 28 400
1284 0 5 447 0 1484 100 1098 200 1178 300 1419 400
1285 0 5 1380 0 1328 100 379 200 403 300 836 400
1286 0 5 1202 0 562 100 100 200 253 300 477 400
1287 0 5 1071 0 548 100 1190 200 45 300 716 400
1288 0 5 102 0 297 100 1433 200 347 300 861 400
1289 0 5 1081 0 1101 100 813 200 899 300 407 400
1290 0 5 493 0 856 100 1325 200 248 300 1194 400
1291 0 5 515 0 490 100 580 200 1005 300 28 400
1292 0 5 1224 0 238 100 1305 200 1293 300 798 400
1293 0 5 326 0 1305 100 702 200 1168 300 1292 400
1294 0 5 531 0 77 100 265 200 400 300 691 400
1295 0 5 1450 0 1241 100 584 200 433 300 294 400
1296 0 5 1370 0 598 100 34 200 532 300 392 400
1297 0 5 1065 0 166 100 348 200 1163 300 784 400
1298 0 5 978 0 1488 100 779 200 1035 300 1078 400
1299 0 5 772 0 322 100 1343 200 67 300 164 400
1300 0 5 841 0 737 100 1429 200 1435 300 1383 400
1301 0 5 230 0 1361 100 816 200 1056 300 1011 400
1302 0 5 1261 0 260 100 1079 200 593 300 112 400
1303 0 5 267 0 474 100 671 200 58 300 1446 400
1304 0 5 953 0 173 100 460 200 209 300 778 400
1305 0 5 1293 0 238 100 1292 200 1168 300 326 400
1306 0 5 1069 0 733 100 174 200 1443 300 969 400
1307 0 5 302 0 938 100 642 200 568 300 1369 400
1308 0 5 381 0 716 100 489 200 431 300 1190 400
1309 0 5 9 0 692 100 826 200 606 300 182 400
1310 0 5 1209 0 1120 100 960 200 109 300 1236 400
1311 0 5 61 0 271 100 58 200 671 300 369 400
1312 0 5 805 0 566 100 1471 200 1019 300 964 400
1313 0 5 738 0 1333 100 1233 200 967 300 849 400
1314 0 5 1083 0 195 100 1234 200 996 300 162 400
1315 0 5 1364 0 983 100 616 200 273 300 1213 400
1316 0 5 1157 0 917 100 994 200 789 300 359 400
1317 0 5 44 0 95 100 165 200 340 300 102 400
1318 0 5 615 0 219 100 467 200 88 300 254 400
1319 0 5 957 0 1446 100 671 200 267 300 1056 400
1320 0 5 720 0 270 100 1342 200 900 300 1008 400
1321 0 5 431 0 305 100 406 200 21 300 787 400
1322 0 5 1247 0 181 100 1081 200 1489 300 1447 400
1323 0 5 384 0 130 100 12 200 84 300 1219 400
1324 0 5 624 0 523 100 481 200 288 300 148 400
1325 0 5 19 0 856 100 248 200 1290 300 458 400
1326 0 5 926 0 305 100 414 200 793 300 1451 400
1327 0 5 327 0 270 100 932 200 1075 300 1011 400
1328 0 5 1285 0 395 100 240 200 1380 300 589 400
1329 0 5 544 0 35 100 517 200 1415 300 1353 400
1330 0 5 143 0 422 100 31 200 389 300 836 400
1331 0 5 1118 0 1130 100 1411 200 1115 300 320 400
1332 0 5 191 0 1340 100 363 200 1205 300 1471 400
1333 0 5 1313 0 849 100 967 200 738 300 1233 400
1334 0 5 628 0 861 100 183 200 887 300 74 400
1335 0 5 1043 0 1399 100 1009 200 499 300 1251 400
1336 0 5 106 0 1460 100 654 200 742 300 1077 400
1337 0 5 578 0 1390 100 847 200 744 300 45 400
1338 0 5 249 0 418 100 1051 200 1162 300 347 400
1339 0 5 920 0 1479 100 1176 200 341 300 762 400
1340 0 5 780 0 1471 100 1332 200 805 300 1205 400
1341 0 5 545 0 578 100 908 200 744 300 847 400
1342 0 5 1008 0 1320 100 413 200 720 300 1446 400
1343 0 5 164 0 252 100 1299 200 322 300 993 400
1344 0 5 711 0 895 100 652 200 1084 300 361 400
1345 0 5 1468 0 601 100 390 200 80 300 1256 400
1346 0 5 1194 0 119 100 910 200 493 300 1163 400
1347 0 5 10 0 741 100 703 200 215 300 829 400
1348 0 5 1045 0 1146 100 808 200 636 300 1388 400
1349 0 5 1168 0 739 100 702 200 755 300 1385 400
1350 0 5 1271 0 547 100 830 200 927 300 1037 400
1351 0 5 2 0 1261 100 814 200 593 300 619 400
1352 0 5 213 0 800 100 1182 200 1253 300 264 400
1353 0 5 1215 0 26 100 544 200 1329 300 1415 400
1354 0 5 1499 0 1379 100 475 200 700 300 1201 400
1355 0 5 516 0 1052 100 569 200 717 300 837 400
1356 0 5 1233 0 1156 100 908 200 1022 300 1230 400
1357 0 5 1029 0 340 100 249 200 1162 300 1338 400
1358 0 5 1496 0 457 100 576 200 1487 300 234 400
1359 0 5 169 0 1384 100 610 200 617 300 838 400
1360 0 5 585 0 1480 100 630 200 1441 300 1270 400
1361 0 5 1011 0 1301 100 816 200 1056 300 327 400
1362 0 5 1493 0 1174 100 662 200 33 300 46 400
1363 0 5 246 0 1136 100 367 200 196 300 1416 400
1364 0 5 1315 0 1213 100 161 200 616 300 983 400
1365 0 5 966 0 1158 100 1467 200 520 300 614 400
1366 0 5 1405 0 1191 100 964 200 805 300 1173 400
1367 0 5 859 0 322 100 164 200 772 300 1492 400
1368 0 5 1160 0 518 100 1066 200 105 300 509 400
1369 0 5 642 0 450 100 1176 200 1307 300 428 400
1370 0 5 1296 0 392 100 532 200 1232 300 598 400
1371 0 5 200 0 656 100 1406 200 1093 300 464 400
1372 0 5 350 0 1427 100 470 200 478 300 197 400
1373 0 5 759 0 899 100 1251 200 499 300 82 400
1374 0 5 823 0 721 100 120 200 521 300 1432 400
1375 0 5 912 0 1490 100 157 200 388 300 423 400
1376 0 5 1062 0 42 100 1408 200 1197 300 574 400
1377 0 5 168 0 605 100 118 200 852 300 962 400
1378 0 5 683 0 1198 100 426 200 1186 300 673 400
1379 0 5 1354 0 475 100 1448 200 116 300 455 400
1380 0 5 1285 0 589 100 1328 200 836 300 143 400
1381 0 5 886 0 54 100 1494 200 989 300 954 400
1382 0 5 1082 0 913 100 323 200 49 300 896 400
1383 0 5 781 0 901 100 981 200 737 300 205 400
1384 0 5 610 0 1359 100 1407 200 169 300 22 400
1385 0 5 702 0 739 100 1349 200 1168 300 466 400
1386 0 5 867 0 86 100 383 200 329 300 676 400
1387 0 5 1053 0 194 100 560 200 508 300 146 400
1388 0 5 808 0 403 100 220 200 1348 300 240 400
1389 0 5 929 0 3 100 134 200 572 300 856 400
1390 0 5 1337 0 979 100 847 200 45 300 744 400
1391 0 5 22 0 1407 100 265 200 198 300 1384 400
1392 0 5 93 0 111 100 1163 200 585 300 1360 400
1393 0 5 1409 0 862 100 973 200 889 300 494 400
1394 0 5 944 0 661 100 345 200 242 300 391 400
1395 0 5 777 0 765 100 163 200 71 300 382 400
1396 0 5 709 0 276 100 762 200 726 300 31 400
1397 0 5 1080 0 685 100 1252 200 1191 300 1098 400
1398 0 5 389 0 100 100 503 200 314 300 562 400
1399 0 5 1335 0 12 100 454 200 84 300 1043 400
1400 0 5 1492 0 1180 100 769 200 1367 300 772 400
1401 0 5 948 0 1500 100 1258 200 551 300 620 400
1402 0 5 567 0 126 100 608 200 915 300 826 400
1403 0 5 1114 0 1023 100 825 200 274 300 892 400
1404 0 5 202 0 469 100 408 200 1116 300 730 400
1405 0 5 805 0 1366 100 1173 200 780 300 964 400
1406 0 5 169 0 464 100 1407 200 1093 300 1371 400
1407 0 5 198 0 1384 100 1406 200 1391 300 169 400
1408 0 5 857 0 1062 100 218 200 749 300 1376 400
1409 0 5 1393 0 1115 100 657 200 889 300 862 400
1410 0 5 125 0 743 100 261 200 244 300 1073 400
1411 0 5 4 0 1115 100 1331 200 889 300 135 400
1412 0 5 159 0 770 100 1470 200 1239 300 903 400
1413 0 5 29 0 1015 100 586 200 1006 300 264 400
1414 0 5 308 0 874 100 729 200 641 300 803 400
1415 0 5 890 0 486 100 35 200 1329 300 26 400
1416 0 5 367 0 901 100 1438 200 1363 300 246 400
1417 0 5 415 0 1477 100 1462 200 1043 300 1489 400
1418 0 5 1276 0 935 100 177 200 1133 300 1074 400
1419 0 5 447 0 1143 100 569 200 516 300 837 400
1420 0 5 73 0 336 100 745 200 62 300 309 400
1421 0 5 1278 0 830 100 786 200 662 300 401 400
1422 0 5 1039 0 192 100 1210 200 880 300 807 400
1423 0 5 992 0 1454 100 786 200 991 300 595 400
1424 0 5 872 0 18 100 92 200 1199 300 14 400
1425 0 5 494 0 1002 100 135 200 505 300 244 400
1426 0 5 1097 0 586 100 1142 200 491 300 860 400
1427 0 5 197 0 1372 100 470 200 543 300 478 400
1428 0 5 1493 0 922 100 1174 200 1362 300 662 400
1429 0 5 841 0 1300 100 205 200 190 300 737 400
1430 0 5 958 0 1148 100 1106 200 900 300 413 400
1431 0 5 1445 0 859 100 472 200 523 300 1367 400
1432 0 5 1195 0 721 100 1226 200 506 300 1207 400
1433 0 5 95 0 360 100 1288 200 297 300 1317 400
1434 0 5 1460 0 748 100 303 200 224 300 418 400
1435 0 5 1088 0 1300 100 396 200 737 300 156 400
1436 0 5 989 0 1119 100 394 200 1087 300 617 400
1437 0 5 1009 0 24 100 785 200 693 300 891 400
1438 0 5 304 0 1416 100 981 200 367 300 707 400
1439 0 5 795 0 1237 100 1153 200 750 300 1216 400
1440 0 5 421 0 897 100 354 200 799 300 1189 400
1441 0 5 1270 0 1480 100 1360 200 1000 300 736 400
1442 0 5 790 0 804 100 1161 200 960 300 810 400
1443 0 5 969 0 522 100 690 200 637 300 1306 400
1444 0 5 749 0 1111 100 831 200 1062 300 849 400
1445 0 5 1431 0 523 100 148 200 768 300 252 400
1446 0 5 1075 0 1319 100 1008 200 1327 300 267 400
1447 0 5 181 0 1489 100 456 200 293 300 1322 400
1448 0 5 1379 0 57 100 1461 200 116 300 950 400
1449 0 5 216 0 532 100 1112 200 392 300 1463 400
1450 0 5 1295 0 23 100 680 200 584 300 289 400
1451 0 5 251 0 319 100 905 200 1206 300 987 400
1452 0 5 526 0 462 100 990 200 977 300 1059 400
1453 0 5 1193 0 38 100 1122 200 682 300 435 400
1454 0 5 595 0 1423 100 992 200 140 300 1077 400
1455 0 5 430 0 866 100 1268 200 262 300 1103 400
1456 0 5 1170 0 186 100 279 200 129 300 27 400
1457 0 5 502 0 875 100 569 200 1484 300 319 400
1458 0 5 668 0 344 100 412 200 701 300 127 400
1459 0 5 819 0 1195 100 661 200 1432 300 727 400
1460 0 5 1434 0 1336 100 748 200 224 300 228 400
1461 0 5 359 0 1448 100 950 200 57 300 1150 400
1462 0 5 788 0 1043 100 1417 200 986 300 734 400
1463 0 5 318 0 1112 100 1449 200 745 300 1464 400
1464 0 5 156 0 318 100 1112 200 1463 300 620 400
1465 0 5 538 0 225 100 1267 200 1485 300 241 400
1466 0 5 376 0 15 100 245 200 1028 300 254 400
1467 0 5 1151 0 520 100 614 200 1365 300 966 400
1468 0 5 1345 0 601 100 390 200 153 300 468 400
1469 0 5 996 0 162 100 63 200 195 300 1314 400
1470 0 5 159 0 1412 100 1501 200 497 300 1212 400
1471 0 5 665 0 1340 100 1312 200 239 300 1332 400
1472 0 5 974 0 1000 100 1040 200 680 300 1117 400
1473 0 5 524 0 1162 100 1049 200 339 300 32 400
1474 0 5 124 0 147 100 1060 200 496 300 80 400
1475 0 5 377 0 1189 100 161 200 370 300 766 400
1476 0 5 437 0 67 100 772 200 7 300 818 400
1477 0 5 1489 0 1417 100 1251 200 415 300 1043 400
1478 0 5 1229 0 510 100 990 200 655 300 108 400
1479 0 5 920 0 1339 100 1064 200 762 300 276 400
1480 0 5 1441 0 1117 100 1360 200 1000 300 630 400
1481 0 5 1166 0 478 100 56 200 879 300 936 400
1482 0 5 1504 0 1505 100 299 200 831 300 659 400
1483 0 5 37 0 412 100 1207 200 940 300 1195 400
1484 0 5 1284 0 319 100 1178 200 1187 300 1457 400
1485 0 5 904 0 538 100 140 200 1465 300 992 400
1486 0 5 1012 0 594 100 1192 200 583 300 1266 400
1487 0 5 1025 0 97 100 792 200 1358 300 769 400
1488 0 5 1298 0 1035 100 978 200 343 300 110 400
1489 0 5 1447 0 1477 100 181 200 1322 300 293 400
1490 0 5 1375 0 388 100 858 200 912 300 157 400
1491 0 5 404 0 351 100 881 200 441 300 905 400
1492 0 5 1400 0 5 100 769 200 1367 300 1180 400
1493 0 5 1428 0 1362 100 1174 200 662 300 922 400
1494 0 5 954 0 54 100 1381 200 968 300 1087 400
1495 0 5 1182 0 425 100 277 200 145 300 113 400
1496 0 5 1358 0 592 100 576 200 234 300 457 400
1497 0 5 1272 0 1225 100 932 200 681 300 577 400
1498 0 5 179 0 614 100 929 200 1183 300 1151 400
1499 0 5 1201 0 1354 100 700 200 707 300 475 400
1500 0 5 907 0 1401 100 729 200 1258 300 551 400
1501 0 5 188 0 956 100 1470 200 247 300 352 400
1502 0 5 674 0 906 100 732 200 961 300 1146 400
1503 0 5 674 0 646 100 732 200 961 300 1146 400
1504 0 5 1482 0 646 100 732 200 961 300 1146 400
1505 0 5 1482 0 1171 100 732 200 961 300 1146 400
1506 0 5 334 0 1171 100 732 200 961 300 1146 400
1507 0 5 334 0 299 100 732 200 961 300 1146 400
1508 0 5 299 0 878 100 732 200 961 300 1146 400
1509 0 5 659 0 878 100 732 200 961 300 1146 400
1510 0 5 659 0 200 100 732 200 961 300 1146 400
1511 0 5 200 0 198 100 732 200 961 300 1146 400
1512 0 5 250 0 198 100 732 200 961 300 1146 400
1513 0 5 250 0 1093 100 732 200 961 300 1146 400
1514 0 5 998 0 1093 100 732 200 961 300 1146 400
1515 0 5 590 0 998 100 732 200 961 300 1146 400
1516 0 5 590 0 220 100 732 200 961 300 1146 400
1517 0 5 312 0 220 100 732 200 961 300 1146 400
1518 0 5 312 0 1407 100 732 200 961 300 1146 400
1519 0 5 92 0 1407 100 732 200 961 300 1146 400
1520 0 5 92 0 863 100 732 200 961 300 1146 400
1521 0 5 103 0 863 100 732 200 961 300 1146 400
1522 0 5 103 0 1045 100 732 200 961 300 1146 400
1523 0 5 839 0 1045 100 732 200 961 300 1146 400
1524 0 5 802 0 839 100 732 200 961 300 1146 400
1525 0 5 802 0 761 100 732 200 1146 300 464 400
1526 0 5 761 0 763 100 732 200 1146 300 464 400
1527 0 5 763 0 853 100 732 200 1146 300 464 400
1528 0 5 853 0 1371 100 732 200 1146 300 464 400
1529 0 5 1391 0 1371 100 732 200 1146 300 961 400
1530 0 5 1391 0 831 100 732 200 1146 300 464 400
1531 0 5 831 0 51 100 732 200 1146 300 464 400
1532 0 5 820 0 51 100 732 200 464 300 1146 400
1533 0 5 820 0 574 100 464 200 732 300 1146 400
1534 0 5 574 0 559 100 464 200 732 300 1146 400
1535 0 5 1197 0 464 100 559 200 732 300 1146 400
1536 0 5 1197 0 464 100 1146 200 732 300 1348 400
1537 0 5 531 0 464 100 1146 200 732 300 1348 400
1538 0 5 531 0 1406 100 464 200 1146 300 732 400
1539 0 5 1406 0 464 100 967 200 1146 300 732 400
1540 0 5 211 0 464 100 967 200 1146 300 732 400
1541 0 5 372 0 211 100 732 200 1146 300 961 400
-1
EOF
