1540
1 0 5 1441 0 204 100 1138 200 1375 300 935 400
2 0 5 134 0 553 100 941 200 713 300 517 400
3 0 5 823 0 880 100 902 200 951 300 199 400
4 0 5 600 0 422 100 1231 200 626 300 106 400
5 0 5 489 0 129 100 902 200 416 300 711 400
6 0 5 1115 0 1422 100 597 200 1496 300 1092 400
7 0 5 1478 0 248 100 593 200 939 300 694 400
8 0 5 70 0 1248 100 954 200 1038 300 180 400
9 0 5 332 0 710 100 148 200 1319 300 795 400
10 0 5 1103 0 156 100 678 200 57 300 896 400
11 0 5 691 0 1302 100 267 200 1308 300 1439 400
12 0 5 372 0 176 100 138 200 1084 300 1130 400
13 0 5 262 0 1498 100 1177 200 455 300 924 400
14 0 5 369 0 995 100 920 200 939 300 251 400
15 0 5 234 0 1465 100 1159 200 798 300 1032 400
16 0 5 59 0 53 100 116 200 1314 300 321 400
17 0 5 940 0 444 100 583 200 719 300 1182 400
18 0 5 376 0 523 100 436 200 1212 300 364 400
19 0 5 547 0 1180 100 910 200 1116 300 676 400
20 0 5 1195 0 1202 100 615 200 1248 300 184 400
21 0 5 952 0 1040 100 505 200 1239 300 775 400
22 0 5 1245 0 956 100 146 200 885 300 157 400
23 0 5 305 0 769 100 1000 200 1219 300 759 400
24 0 5 1329 0 442 100 1204 200 1321 300 1196 400
25 0 5 1487 0 815 100 681 200 405 300 839 400
26 0 5 320 0 1378 100 341 200 290 300 1313 400
27 0 5 1243 0 1417 100 558 200 985 300 741 400
28 0 5 125 0 1150 100 752 200 241 300 520 400
29 0 5 297 0 96 100 1429 200 550 300 393 400
30 0 5 642 0 461 100 1118 200 174 300 86 400
31 0 5 433 0 315 100 140 200 1206 300 521 400
32 0 5 220 0 406 100 904 200 119 300 292 400
33 0 5 813 0 686 100 797 200 147 300 1364 400
34 0 5 225 0 370 100 173 200 1006 300 677 400
35 0 5 633 0 1174 100 1310 200 242 300 1069 400
36 0 5 255 0 1345 100 1018 200 1106 300 398 400
37 0 5 1009 0 639 100 1387 200 235 300 727 400
38 0 5 928 0 651 100 325 200 1488 300 546 400
39 0 5 794 0 784 100 41 200 1230 300 1386 400
40 0 5 1500 0 475 100 824 200 437 300 1481 400
41 0 5 876 0 39 100 523 200 1231 300 1230 400
42 0 5 562 0 1140 100 373 200 788 300 819 400
43 0 5 293 0 250 100 109 200 448 300 390 400
44 0 5 1362 0 1094 100 430 200 793 300 99 400
45 0 5 1430 0 974 100 1282 200 775 300 309 400
46 0 5 317 0 421 100 1063 200 1003 300 407 400
47 0 5 682 0 532 100 1381 200 1482 300 1336 400
48 0 5 856 0 270 100 1438 200 742 300 395 400
49 0 5 771 0 61 100 657 200 1110 300 1338 400
50 0 5 716 0 854 100 363 200 1156 300 529 400
51 0 5 549 0 318 100 524 200 1374 300 497 400
52 0 5 1047 0 1206 100 140 200 733 300 31 400
53 0 5 116 0 16 100 1342 200 1323 300 321 400
54 0 5 1006 0 225 100 663 200 34 300 1022 400
55 0 5 340 0 786 100 585 200 1268 300 432 400
56 0 5 80 0 381 100 324 200 169 300 1440 400
57 0 5 64 0 156 100 287 200 10 300 437 400
58 0 5 214 0 643 100 205 200 91 300 387 400
59 0 5 645 0 16 100 1314 200 116 300 374 400
60 0 5 727 0 1376 100 604 200 644 300 1387 400
61 0 5 49 0 1148 100 157 200 1404 300 850 400
62 0 5 707 0 886 100 384 200 516 300 145 400
63 0 5 530 0 665 100 1071 200 693 300 487 400
64 0 5 57 0 1002 100 1481 200 1500 300 1103 400
65 0 5 353 0 215 100 438 200 1097 300 1228 400
66 0 5 98 0 498 100 678 200 244 300 1173 400
67 0 5 1126 0 149 100 844 200 818 300 151 400
68 0 5 979 0 934 100 166 200 266 300 179 400
69 0 5 115 0 102 100 1336 200 1208 300 1482 400
70 0 5 8 0 180 100 1248 200 508 300 842 400
71 0 5 143 0 196 100 1367 200 435 300 1476 400
72 0 5 1184 0 1314 100 321 200 423 300 745 400
73 0 5 1384 0 894 100 540 200 274 300 460 400
74 0 5 1239 0 1123 100 1246 200 775 300 164 400
75 0 5 625 0 577 100 1077 200 1347 300 1335 400
76 0 5 1050 0 180 100 508 200 870 300 762 400
77 0 5 1446 0 737 100 268 200 1407 300 648 400
78 0 5 418 0 1196 100 680 200 441 300 758 400
79 0 5 554 0 1273 100 846 200 955 300 1475 400
80 0 5 56 0 1074 100 990 200 1440 300 324 400
81 0 5 260 0 942 100 608 200 795 300 380 400
82 0 5 401 0 1413 100 1311 200 349 300 1232 400
83 0 5 1334 0 534 100 445 200 386 300 1143 400
84 0 5 226 0 264 100 551 200 749 300 208 400
85 0 5 1185 0 97 100 828 200 170 300 668 400
86 0 5 861 0 642 100 801 200 461 300 948 400
87 0 5 283 0 1393 100 1151 200 963 300 177 400
88 0 5 200 0 350 100 890 200 445 300 1143 400
89 0 5 1102 0 1119 100 73 200 1440 300 275 400
90 0 5 1326 0 770 100 381 200 620 300 324 400
91 0 5 1448 0 214 100 643 200 58 300 1271 400
92 0 5 656 0 708 100 1439 200 1447 300 1260 400
93 0 5 595 0 1403 100 330 200 1315 300 1383 400
94 0 5 1461 0 529 100 526 200 976 300 209 400
95 0 5 585 0 303 100 428 200 1216 300 1381 400
96 0 5 850 0 29 100 297 200 393 300 515 400
97 0 5 1412 0 1142 100 85 200 828 300 311 400
98 0 5 1200 0 66 100 498 200 244 300 1079 400
99 0 5 703 0 793 100 426 200 806 300 44 400
100 0 5 513 0 1259 100 808 200 395 300 890 400
101 0 5 1208 0 1252 100 102 200 808 300 958 400
102 0 5 891 0 1252 100 69 200 115 300 1208 400
103 0 5 254 0 273 100 179 200 266 300 1495 400
104 0 5 1356 0 830 100 1273 200 329 300 1454 400
105 0 5 809 0 1018 100 594 200 398 300 931 400
106 0 5 616 0 626 100 4 200 1231 300 422 400
107 0 5 232 0 279 100 840 200 218 300 1127 400
108 0 5 836 0 785 100 273 200 1402 300 1241 400
109 0 5 1179 0 293 100 390 200 975 300 413 400
110 0 5 1096 0 452 100 877 200 1417 300 182 400
111 0 5 919 0 676 100 543 200 1180 300 1411 400
112 0 5 1296 0 534 100 615 200 194 300 1317 400
113 0 5 161 0 968 100 418 200 1108 300 996 400
114 0 5 1158 0 1007 100 185 200 568 300 472 400
115 0 5 69 0 943 100 102 200 306 300 891 400
116 0 5 53 0 1323 100 16 200 321 300 1314 400
117 0 5 1491 0 1503 100 1502 200 931 300 1466 400
118 0 5 1411 0 168 100 1180 200 935 300 1283 400
119 0 5 247 0 835 100 904 200 32 300 964 400
120 0 5 521 0 1087 100 913 200 511 300 1285 400
121 0 5 1253 0 1167 100 485 200 796 300 545 400
122 0 5 617 0 721 100 992 200 909 300 542 400
123 0 5 662 0 807 100 360 200 1250 300 552 400
124 0 5 146 0 685 100 1359 200 991 300 1245 400
125 0 5 28 0 1304 100 241 200 650 300 1150 400
126 0 5 938 0 720 100 1325 200 253 300 338 400
127 0 5 450 0 1377 100 502 200 1361 300 1065 400
128 0 5 512 0 690 100 131 200 164 300 637 400
129 0 5 416 0 5 100 1254 200 664 300 902 400
130 0 5 1154 0 1380 100 1391 200 962 300 817 400
131 0 5 690 0 746 100 1465 200 637 300 476 400
132 0 5 490 0 390 100 758 200 1129 300 621 400
133 0 5 1281 0 739 100 195 200 519 300 588 400
134 0 5 2 0 941 100 1466 200 328 300 212 400
135 0 5 802 0 801 100 1234 200 1118 300 461 400
136 0 5 1355 0 793 100 1080 200 1362 300 159 400
137 0 5 820 0 978 100 747 200 1016 300 436 400
138 0 5 738 0 344 100 176 200 429 300 12 400
139 0 5 453 0 1499 100 897 200 1344 300 410 400
140 0 5 1047 0 31 100 527 200 915 300 52 400
141 0 5 1175 0 1432 100 495 200 901 300 160 400
142 0 5 299 0 1150 100 258 200 520 300 28 400
143 0 5 71 0 1476 100 435 200 478 300 743 400
144 0 5 333 0 1043 100 1372 200 426 300 1432 400
145 0 5 1284 0 707 100 946 200 960 300 666 400
146 0 5 124 0 1245 100 22 200 685 300 566 400
147 0 5 797 0 1364 100 1270 200 327 300 33 400
148 0 5 1319 0 1264 100 9 200 1215 300 335 400
149 0 5 773 0 1193 100 1126 200 67 300 1025 400
150 0 5 1263 0 497 100 621 200 848 300 647 400
151 0 5 263 0 818 100 844 200 322 300 1061 400
152 0 5 852 0 429 100 479 200 344 300 1187 400
153 0 5 1028 0 1431 100 459 200 613 300 548 400
154 0 5 696 0 1321 100 442 200 1209 300 24 400
155 0 5 300 0 916 100 1225 200 644 300 167 400
156 0 5 57 0 896 100 10 200 287 300 473 400
157 0 5 885 0 566 100 61 200 956 300 22 400
158 0 5 668 0 1421 100 814 200 609 300 479 400
159 0 5 895 0 1355 100 1285 200 136 300 511 400
160 0 5 1213 0 1370 100 331 200 278 300 141 400
161 0 5 113 0 996 100 1108 200 441 300 418 400
162 0 5 669 0 1182 100 583 200 1222 300 1064 400
163 0 5 1227 0 235 100 1420 200 1251 300 431 400
164 0 5 637 0 1123 100 868 200 512 300 690 400
165 0 5 844 0 800 100 773 200 1037 300 688 400
166 0 5 979 0 867 100 276 200 1210 300 68 400
167 0 5 199 0 300 100 644 200 604 300 857 400
168 0 5 118 0 1229 100 310 200 1283 300 547 400
169 0 5 324 0 1440 100 1119 200 56 300 381 400
170 0 5 1145 0 294 100 1185 200 483 300 509 400
171 0 5 1042 0 424 100 982 200 903 300 319 400
172 0 5 351 0 1169 100 1312 200 616 300 237 400
173 0 5 760 0 370 100 34 200 1414 300 1067 400
174 0 5 987 0 1217 100 642 200 659 300 30 400
175 0 5 290 0 405 100 1437 200 1487 300 229 400
176 0 5 1130 0 429 100 138 200 213 300 12 400
177 0 5 1059 0 963 100 826 200 845 300 738 400
178 0 5 1021 0 456 100 805 200 504 300 609 400
179 0 5 934 0 929 100 103 200 1053 300 68 400
180 0 5 76 0 70 100 1050 200 1248 300 508 400
181 0 5 1454 0 407 100 705 200 1003 300 1063 400
182 0 5 877 0 310 100 1229 200 110 300 1052 400
183 0 5 1320 0 1293 100 1386 200 1328 300 784 400
184 0 5 1062 0 1350 100 1358 200 1195 300 194 400
185 0 5 533 0 874 100 568 200 114 300 368 400
186 0 5 417 0 550 100 1468 200 29 300 885 400
187 0 5 240 0 1107 100 872 200 1075 300 816 400
188 0 5 986 0 447 100 732 200 863 300 935 400
189 0 5 1101 0 998 100 1350 200 222 300 875 400
190 0 5 1409 0 1351 100 563 200 201 300 340 400
191 0 5 360 0 743 100 1226 200 753 300 630 400
192 0 5 481 0 1480 100 1207 200 1134 300 1270 400
193 0 5 1346 0 586 100 571 200 503 300 1194 400
194 0 5 615 0 1350 100 1296 200 184 300 112 400
195 0 5 1104 0 415 100 133 200 903 300 1281 400
196 0 5 1051 0 1012 100 322 200 71 300 1367 400
197 0 5 918 0 1189 100 406 200 1410 300 1136 400
198 0 5 744 0 855 100 898 200 1086 300 674 400
199 0 5 167 0 857 100 215 200 300 300 733 400
200 0 5 88 0 350 100 445 200 890 300 386 400
201 0 5 1010 0 1409 100 190 200 1351 300 1378 400
202 0 5 724 0 487 100 769 200 468 300 451 400
203 0 5 1373 0 582 100 1456 200 1158 300 547 400
204 0 5 628 0 1540 100 1 200 1065 300 328 400
205 0 5 58 0 214 100 1271 200 233 300 1288 400
206 0 5 1092 0 389 100 1457 200 689 300 394 400
207 0 5 584 0 576 100 591 200 11 300 1302 400
208 0 5 1401 0 606 100 264 200 912 300 729 400
209 0 5 1332 0 1333 100 1461 200 736 300 94 400
210 0 5 1490 0 681 100 731 200 542 300 1017 400
211 0 5 1192 0 286 100 634 200 348 300 1379 400
212 0 5 328 0 941 100 628 200 577 300 134 400
213 0 5 1305 0 1130 100 176 200 152 300 852 400
214 0 5 58 0 91 100 205 200 1448 300 643 400
215 0 5 353 0 65 100 199 200 733 300 857 400
216 0 5 259 0 737 100 1330 200 1407 300 699 400
217 0 5 219 0 1172 100 988 200 268 300 983 400
218 0 5 232 0 840 100 236 200 1037 300 107 400
219 0 5 988 0 217 100 1172 200 1260 300 268 400
220 0 5 32 0 292 100 660 200 406 300 119 400
221 0 5 783 0 1405 100 1382 200 450 300 717 400
222 0 5 1261 0 998 100 1427 200 189 300 1350 400
223 0 5 337 0 257 100 1295 200 646 300 820 400
224 0 5 396 0 556 100 359 200 241 300 528 400
225 0 5 34 0 54 100 1022 200 663 300 173 400
226 0 5 84 0 444 100 551 200 1244 300 749 400
227 0 5 330 0 1110 100 313 200 1389 300 1419 400
228 0 5 1026 0 1390 100 864 200 944 300 792 400
229 0 5 865 0 496 100 1437 200 1220 300 653 400
230 0 5 483 0 365 100 1237 200 668 300 1021 400
231 0 5 1416 0 1327 100 636 200 1222 300 1160 400
232 0 5 107 0 218 100 279 200 810 300 840 400
233 0 5 1277 0 1288 100 546 200 670 300 205 400
234 0 5 15 0 476 100 798 200 1311 300 1465 400
235 0 5 1009 0 163 100 1450 200 485 300 1420 400
236 0 5 1037 0 1061 100 382 200 1247 300 218 400
237 0 5 492 0 351 100 1169 200 1054 300 172 400
238 0 5 832 0 723 100 747 200 1233 300 1397 400
239 0 5 700 0 804 100 1064 200 1489 300 409 400
240 0 5 187 0 535 100 872 200 816 300 1107 400
241 0 5 396 0 752 100 125 200 28 300 1304 400
242 0 5 1069 0 337 100 1295 200 35 300 1310 400
243 0 5 610 0 307 100 1266 200 1058 300 1127 400
244 0 5 1173 0 1002 100 66 200 1274 300 765 400
245 0 5 1003 0 1273 100 684 200 181 300 1454 400
246 0 5 1005 0 887 100 1340 200 1315 300 1089 400
247 0 5 119 0 507 100 835 200 964 300 1276 400
248 0 5 7 0 901 100 694 200 831 300 866 400
249 0 5 1484 0 1073 100 927 200 1141 300 371 400
250 0 5 448 0 43 100 968 200 390 300 680 400
251 0 5 995 0 528 100 752 200 756 300 14 400
252 0 5 701 0 412 100 1109 200 1357 300 734 400
253 0 5 494 0 938 100 126 200 1325 300 338 400
254 0 5 1495 0 1058 100 103 200 1221 300 273 400
255 0 5 36 0 1106 100 1345 200 589 300 1018 400
256 0 5 1325 0 893 100 1399 200 1132 300 1289 400
257 0 5 1354 0 820 100 223 200 1141 300 473 400
258 0 5 598 0 142 100 299 200 369 300 752 400
259 0 5 1330 0 216 100 514 200 441 300 1120 400
260 0 5 81 0 851 100 795 200 1340 300 608 400
261 0 5 1301 0 732 100 634 200 1036 300 188 400
262 0 5 13 0 1498 100 1029 200 366 300 1300 400
263 0 5 151 0 631 100 1061 200 932 300 322 400
264 0 5 551 0 84 100 208 200 606 300 1449 400
265 0 5 1287 0 811 100 807 200 1033 300 552 400
266 0 5 571 0 1203 100 103 200 934 300 68 400
267 0 5 316 0 691 100 11 200 1302 300 1439 400
268 0 5 377 0 466 100 1199 200 603 300 217 400
269 0 5 1218 0 1098 100 895 200 1355 300 969 400
270 0 5 395 0 48 100 1438 200 856 300 742 400
271 0 5 1219 0 953 100 325 200 1122 300 1398 400
272 0 5 1125 0 420 100 744 200 640 300 1455 400
273 0 5 1241 0 836 100 103 200 108 300 1495 400
274 0 5 548 0 1426 100 1081 200 73 300 540 400
275 0 5 1440 0 659 100 1102 200 1424 300 460 400
276 0 5 867 0 166 100 1168 200 629 300 1210 400
277 0 5 1035 0 809 100 1018 200 501 300 931 400
278 0 5 1297 0 1442 100 1033 200 1370 300 160 400
279 0 5 1181 0 107 100 232 200 1127 300 810 400
280 0 5 654 0 1491 100 1466 200 501 300 931 400
281 0 5 488 0 1426 100 1041 200 1366 300 460 400
282 0 5 1278 0 358 100 1052 200 846 300 1428 400
283 0 5 87 0 1131 100 1393 200 394 300 845 400
284 0 5 1452 0 1027 100 704 200 695 300 1460 400
285 0 5 1168 0 434 100 1460 200 276 300 992 400
286 0 5 477 0 791 100 211 200 420 300 348 400
287 0 5 473 0 437 100 156 200 633 300 896 400
288 0 5 1170 0 462 100 718 200 721 300 434 400
289 0 5 1265 0 1328 100 1469 200 1316 300 876 400
290 0 5 175 0 1485 100 26 200 1487 300 405 400
291 0 5 1012 0 1367 100 689 200 1267 300 389 400
292 0 5 220 0 964 100 660 200 32 300 406 400
293 0 5 43 0 109 100 975 200 761 300 390 400
294 0 5 667 0 509 100 170 200 1185 300 249 400
295 0 5 1211 0 889 100 1351 200 706 300 298 400
296 0 5 493 0 1128 100 568 200 955 300 635 400
297 0 5 29 0 1429 100 515 200 1394 300 96 400
298 0 5 1170 0 1211 100 1017 200 295 300 288 400
299 0 5 142 0 598 100 258 200 520 300 596 400
300 0 5 155 0 167 100 644 200 916 300 1225 400
301 0 5 1082 0 1048 100 763 200 1324 300 1305 400
302 0 5 1233 0 715 100 1169 200 1397 300 422 400
303 0 5 428 0 755 100 95 200 1171 300 1082 400
304 0 5 1011 0 892 100 326 200 1415 300 1305 400
305 0 5 23 0 648 100 759 200 769 300 1199 400
306 0 5 504 0 456 100 943 200 805 300 115 400
307 0 5 243 0 563 100 1351 200 1127 300 610 400
308 0 5 978 0 1479 100 723 200 832 300 1016 400
309 0 5 1132 0 1282 100 1399 200 1289 300 1275 400
310 0 5 1229 0 1052 100 182 200 168 300 1456 400
311 0 5 1049 0 1412 100 1207 200 1145 300 97 400
312 0 5 999 0 1501 100 341 200 1313 300 1135 400
313 0 5 1110 0 1419 100 227 200 579 300 1462 400
314 0 5 1365 0 367 100 519 200 1489 300 804 400
315 0 5 433 0 1206 100 31 200 1124 300 1144 400
316 0 5 267 0 482 100 829 200 760 300 1439 400
317 0 5 46 0 1063 100 1410 200 1189 300 421 400
318 0 5 1374 0 51 100 881 200 1360 300 549 400
319 0 5 900 0 1042 100 171 200 1088 300 991 400
320 0 5 26 0 1378 100 786 200 270 300 856 400
321 0 5 1314 0 698 100 878 200 116 300 1292 400
322 0 5 818 0 1051 100 151 200 196 300 263 400
323 0 5 1090 0 888 100 949 200 354 300 1046 400
324 0 5 169 0 381 100 56 200 90 300 1119 400
325 0 5 271 0 1122 100 651 200 38 300 1288 400
326 0 5 408 0 304 100 1048 200 892 300 1415 400
327 0 5 465 0 1201 100 712 200 147 300 1200 400
328 0 5 212 0 1466 100 628 200 941 300 204 400
329 0 5 635 0 830 100 1356 200 104 300 493 400
330 0 5 227 0 93 100 1044 200 1389 300 595 400
331 0 5 1471 0 1175 100 1213 200 160 300 1432 400
332 0 5 795 0 9 100 1280 200 710 300 148 400
333 0 5 703 0 144 100 754 200 1372 300 426 400
334 0 5 1201 0 465 100 1173 200 1200 300 244 400
335 0 5 946 0 1215 100 384 200 1076 300 1319 400
336 0 5 578 0 976 100 1445 200 1459 300 526 400
337 0 5 223 0 242 100 1069 200 1295 300 930 400
338 0 5 714 0 1275 100 446 200 544 300 403 400
339 0 5 1223 0 745 100 1408 200 812 300 374 400
340 0 5 55 0 190 100 1409 200 786 300 432 400
341 0 5 312 0 1313 100 999 200 1501 300 26 400
342 0 5 1398 0 599 100 1219 200 500 300 271 400
343 0 5 926 0 1246 100 775 200 868 300 762 400
344 0 5 429 0 138 100 1187 200 845 300 152 400
345 0 5 965 0 496 100 602 200 559 300 1109 400
346 0 5 1031 0 717 100 864 200 792 300 1364 400
347 0 5 620 0 1326 100 772 200 875 300 770 400
348 0 5 477 0 573 100 286 200 634 300 791 400
349 0 5 612 0 1232 100 798 200 1258 300 82 400
350 0 5 200 0 88 100 386 200 1431 300 1474 400
351 0 5 172 0 1312 100 237 200 492 300 1054 400
352 0 5 592 0 831 100 1442 200 1370 300 1478 400
353 0 5 215 0 65 100 438 200 1097 300 1228 400
354 0 5 1242 0 1090 100 1071 200 323 300 1046 400
355 0 5 950 0 389 100 1457 200 362 300 689 400
356 0 5 1095 0 909 100 455 200 561 300 474 400
357 0 5 572 0 1447 100 1439 200 1260 300 711 400
358 0 5 282 0 877 100 1052 200 1278 300 182 400
359 0 5 528 0 1483 100 224 200 556 300 922 400
360 0 5 743 0 1250 100 191 200 807 300 123 400
361 0 5 1406 0 923 100 666 200 1294 300 1284 400
362 0 5 950 0 355 100 1012 200 1303 300 291 400
363 0 5 529 0 976 100 1156 200 50 300 618 400
364 0 5 646 0 1212 100 436 200 18 300 914 400
365 0 5 483 0 230 100 1021 200 509 300 1237 400
366 0 5 1300 0 672 100 1029 200 262 300 695 400
367 0 5 314 0 404 100 1255 200 519 300 1365 400
368 0 5 533 0 472 100 567 200 114 300 185 400
369 0 5 995 0 920 100 14 200 939 300 258 400
370 0 5 173 0 1067 100 34 200 1414 300 677 400
371 0 5 1141 0 1079 100 1484 200 498 300 1354 400
372 0 5 1084 0 12 100 176 200 826 300 1130 400
373 0 5 1174 0 562 100 42 200 788 300 1162 400
374 0 5 812 0 645 100 745 200 1314 300 339 400
375 0 5 619 0 1433 100 1238 200 699 300 1330 400
376 0 5 523 0 18 100 1262 200 1212 300 1467 400
377 0 5 268 0 599 100 466 200 603 300 399 400
378 0 5 1165 0 1224 100 988 200 216 300 1407 400
379 0 5 425 0 412 100 388 200 1095 300 622 400
380 0 5 942 0 411 100 765 200 81 300 244 400
381 0 5 324 0 56 100 90 200 620 300 990 400
382 0 5 688 0 1153 100 1247 200 1037 300 236 400
383 0 5 835 0 904 100 407 200 421 300 317 400
384 0 5 736 0 335 100 1333 200 62 300 886 400
385 0 5 972 0 1197 100 1497 200 573 300 447 400
386 0 5 534 0 350 100 1317 200 83 300 1261 400
387 0 5 643 0 1271 100 675 200 1045 300 693 400
388 0 5 425 0 1198 100 622 200 379 300 542 400
389 0 5 689 0 206 100 355 200 1496 300 1457 400
390 0 5 758 0 132 100 448 200 680 300 109 400
391 0 5 871 0 679 100 750 200 1390 300 443 400
392 0 5 1488 0 953 100 1398 200 500 300 928 400
393 0 5 515 0 1152 100 96 200 1404 300 1347 400
394 0 5 1178 0 1131 100 879 200 283 300 206 400
395 0 5 270 0 1259 100 1438 200 48 300 100 400
396 0 5 224 0 241 100 1304 200 650 300 125 400
397 0 5 1318 0 709 100 501 200 878 300 594 400
398 0 5 1345 0 993 100 1018 200 611 300 1342 400
399 0 5 951 0 599 100 377 200 500 300 466 400
400 0 5 555 0 1155 100 1397 200 787 300 906 400
401 0 5 82 0 1258 100 1311 200 349 300 1413 400
402 0 5 1357 0 734 100 1388 200 1286 300 607 400
403 0 5 446 0 1435 100 897 200 338 300 952 400
404 0 5 367 0 1255 100 519 200 739 300 133 400
405 0 5 1437 0 175 100 1487 200 1395 300 731 400
406 0 5 32 0 1136 100 197 200 904 300 985 400
407 0 5 421 0 181 100 383 200 835 300 904 400
408 0 5 326 0 1463 100 428 200 1415 300 1048 400
409 0 5 636 0 1064 100 1489 200 239 300 1416 400
410 0 5 897 0 1499 100 1085 200 1344 300 505 400
411 0 5 380 0 1494 100 765 200 581 300 244 400
412 0 5 252 0 379 100 622 200 1109 300 425 400
413 0 5 1129 0 1093 100 1057 200 1179 300 109 400
414 0 5 1335 0 1166 100 577 200 628 300 1065 400
415 0 5 195 0 903 100 982 200 666 300 960 400
416 0 5 129 0 1254 100 1039 200 664 300 5 400
417 0 5 186 0 1468 100 550 200 885 300 956 400
418 0 5 968 0 78 100 161 200 680 300 113 400
419 0 5 1336 0 491 100 1208 200 958 300 808 400
420 0 5 791 0 286 100 272 200 1455 300 640 400
421 0 5 407 0 46 100 317 200 1003 300 181 400
422 0 5 626 0 4 100 1169 200 600 300 302 400
423 0 5 1116 0 745 100 1408 200 1184 300 72 400
424 0 5 1281 0 903 100 171 200 739 300 1255 400
425 0 5 379 0 388 100 356 200 909 300 622 400
426 0 5 806 0 1277 100 99 200 703 300 144 400
427 0 5 652 0 683 100 729 200 1121 300 912 400
428 0 5 303 0 1463 100 95 200 408 300 682 400
429 0 5 344 0 152 100 176 200 138 300 1187 400
430 0 5 1094 0 480 100 44 200 821 300 757 400
431 0 5 767 0 632 100 1251 200 1227 300 1337 400
432 0 5 1268 0 1127 100 563 200 1181 300 55 400
433 0 5 315 0 31 100 1206 200 913 300 140 400
434 0 5 462 0 285 100 992 200 1168 300 288 400
435 0 5 478 0 1367 100 143 200 71 300 1385 400
436 0 5 18 0 747 100 1231 200 364 300 4 400
437 0 5 1500 0 633 100 287 200 475 300 40 400
438 0 5 1097 0 65 100 353 200 1228 300 1124 400
439 0 5 1298 0 1459 100 899 200 1064 300 700 400
440 0 5 922 0 675 100 756 200 528 300 359 400
441 0 5 996 0 514 100 1196 200 977 300 161 400
442 0 5 24 0 154 100 1209 200 888 300 1321 400
443 0 5 853 0 1390 100 864 200 944 300 391 400
444 0 5 226 0 749 100 17 200 719 300 1244 400
445 0 5 1143 0 890 100 83 200 88 300 1334 400
446 0 5 403 0 544 100 338 200 1435 300 952 400
447 0 5 188 0 1283 100 935 200 573 300 972 400
448 0 5 250 0 680 100 390 200 968 300 758 400
449 0 5 1139 0 1462 100 1264 200 531 300 148 400
450 0 5 127 0 1026 100 221 200 541 300 750 400
451 0 5 665 0 487 100 202 200 888 300 468 400
452 0 5 1497 0 1197 100 558 200 110 300 860 400
453 0 5 862 0 139 100 544 200 1363 300 1499 400
454 0 5 730 0 1514 100 1515 200 768 300 1441 400
455 0 5 924 0 1177 100 1095 200 356 300 13 400
456 0 5 1021 0 178 100 504 200 306 300 1186 400
457 0 5 1023 0 1483 100 1045 200 1008 300 530 400
458 0 5 1415 0 1113 100 984 200 609 300 532 400
459 0 5 1028 0 613 100 153 200 1060 300 816 400
460 0 5 987 0 1102 100 1384 200 275 300 73 400
461 0 5 801 0 30 100 1118 200 86 300 642 400
462 0 5 434 0 288 100 718 200 285 300 721 400
463 0 5 1108 0 1451 100 467 200 1238 300 996 400
464 0 5 1395 0 1437 100 496 200 602 300 731 400
465 0 5 327 0 1201 100 334 200 1200 300 712 400
466 0 5 983 0 377 100 268 200 951 300 399 400
467 0 5 996 0 1108 100 1238 200 441 300 463 400
468 0 5 724 0 1209 100 202 200 888 300 442 400
469 0 5 1105 0 1318 100 501 200 931 300 919 400
470 0 5 923 0 1284 100 1264 200 531 300 666 400
471 0 5 1078 0 614 100 1443 200 537 300 875 400
472 0 5 582 0 368 100 1158 200 114 300 1116 400
473 0 5 896 0 1295 100 287 200 156 300 223 400
474 0 5 704 0 1460 100 1452 200 561 300 356 400
475 0 5 40 0 1279 100 824 200 966 300 437 400
476 0 5 1311 0 234 100 1465 200 131 300 690 400
477 0 5 348 0 286 100 791 200 640 300 573 400
478 0 5 743 0 435 100 1476 200 360 300 1226 400
479 0 5 1421 0 814 100 1187 200 152 300 1240 400
480 0 5 430 0 1025 100 757 200 754 300 1331 400
481 0 5 712 0 192 100 627 200 1207 300 327 400
482 0 5 829 0 316 100 1414 200 760 300 664 400
483 0 5 230 0 365 100 170 200 1185 300 509 400
484 0 5 819 0 655 100 1014 200 945 300 843 400
485 0 5 1450 0 235 100 1387 200 1167 300 121 400
486 0 5 1294 0 697 100 1088 200 971 300 1338 400
487 0 5 451 0 769 100 202 200 1000 300 665 400
488 0 5 1384 0 281 100 1426 200 274 300 460 400
489 0 5 5 0 834 100 711 200 902 300 664 400
490 0 5 564 0 132 100 1204 200 758 300 621 400
491 0 5 419 0 958 100 1336 200 1208 300 808 400
492 0 5 237 0 1054 100 801 200 1214 300 1169 400
493 0 5 296 0 1128 100 1356 200 635 300 955 400
494 0 5 253 0 544 100 938 200 126 300 720 400
495 0 5 1343 0 901 100 141 200 866 300 694 400
496 0 5 229 0 345 100 464 200 602 300 1437 400
497 0 5 848 0 150 100 524 200 989 300 621 400
498 0 5 1079 0 66 100 627 200 371 300 98 400
499 0 5 714 0 952 100 1275 200 1132 300 1040 400
500 0 5 599 0 342 100 392 200 399 300 1398 400
501 0 5 931 0 469 100 1318 200 594 300 397 400
502 0 5 1361 0 541 100 127 200 450 300 1065 400
503 0 5 527 0 1352 100 586 200 915 300 193 400
504 0 5 306 0 456 100 805 200 943 300 178 400
505 0 5 952 0 897 100 1085 200 21 300 1239 400
506 0 5 592 0 726 100 1236 200 831 300 352 400
507 0 5 1380 0 247 100 1276 200 964 300 962 400
508 0 5 842 0 762 100 1050 200 76 300 868 400
509 0 5 294 0 1185 100 170 200 1186 300 365 400
510 0 5 1335 0 625 100 75 200 1077 300 1166 400
511 0 5 1285 0 1080 100 136 200 159 300 120 400
512 0 5 128 0 601 100 164 200 690 300 131 400
513 0 5 100 0 1149 100 1143 200 1334 300 890 400
514 0 5 977 0 441 100 1120 200 259 300 216 400
515 0 5 393 0 970 100 297 200 1429 300 96 400
516 0 5 886 0 899 100 588 200 578 300 62 400
517 0 5 1429 0 553 100 713 200 970 300 550 400
518 0 5 1171 0 1082 100 755 200 810 300 1181 400
519 0 5 804 0 588 100 133 200 1489 300 739 400
520 0 5 1150 0 142 100 299 200 28 300 884 400
521 0 5 120 0 31 100 785 200 1087 300 1402 400
522 0 5 1191 0 826 100 1178 200 738 300 177 400
523 0 5 376 0 1231 100 18 200 41 300 1467 400
524 0 5 790 0 549 100 51 200 497 300 1093 400
525 0 5 1484 0 1079 100 627 200 1145 300 249 400
526 0 5 976 0 94 100 578 200 529 300 1461 400
527 0 5 1047 0 503 100 140 200 915 300 1352 400
528 0 5 359 0 756 100 251 200 440 300 1483 400
529 0 5 363 0 94 100 526 200 976 300 1461 400
530 0 5 63 0 1008 100 1071 200 457 300 1023 400
531 0 5 1139 0 1406 100 923 200 470 300 1264 400
532 0 5 47 0 984 100 1415 200 1482 300 682 400
533 0 5 368 0 185 100 567 200 874 300 114 400
534 0 5 1317 0 386 100 1296 200 112 300 83 400
535 0 5 240 0 816 100 906 200 872 300 400 400
536 0 5 1198 0 623 100 980 200 1490 300 731 400
537 0 5 728 0 1322 100 837 200 1307 300 614 400
538 0 5 887 0 581 100 686 200 797 300 411 400
539 0 5 1091 0 1190 100 1099 200 1399 300 838 400
540 0 5 1353 0 894 100 1427 200 73 300 274 400
541 0 5 1361 0 502 100 1137 200 450 300 1065 400
542 0 5 1490 0 721 100 617 200 388 300 909 400
543 0 5 919 0 1504 100 111 200 1503 300 117 400
544 0 5 494 0 446 100 338 200 720 300 1435 400
545 0 5 921 0 1420 100 1337 200 1251 300 796 400
546 0 5 233 0 1288 100 969 200 651 300 670 400
547 0 5 19 0 1373 100 1180 200 582 300 1116 400
548 0 5 274 0 1431 100 1474 200 153 300 1060 400
549 0 5 51 0 524 100 1093 200 661 300 1391 400
550 0 5 186 0 1394 100 1429 200 517 300 29 400
551 0 5 264 0 84 100 822 200 226 300 1244 400
552 0 5 1070 0 587 100 1033 200 807 300 123 400
553 0 5 2 0 713 100 517 200 970 300 941 400
554 0 5 692 0 79 100 799 200 846 300 1273 400
555 0 5 400 0 1155 100 1397 200 715 300 787 400
556 0 5 859 0 224 100 359 200 1157 300 457 400
557 0 5 911 0 1022 100 1167 200 485 300 1387 400
558 0 5 860 0 898 100 452 200 27 300 198 400
559 0 5 1117 0 701 100 1109 200 1339 300 965 400
560 0 5 1276 0 817 100 661 200 962 300 1391 400
561 0 5 605 0 1460 100 909 200 356 300 474 400
562 0 5 42 0 1140 100 788 200 373 300 966 400
563 0 5 1127 0 190 100 1351 200 307 300 432 400
564 0 5 1290 0 490 100 621 200 132 300 1057 400
565 0 5 774 0 974 100 1289 200 870 300 1430 400
566 0 5 885 0 1359 100 157 200 1338 300 1245 400
567 0 5 1408 0 874 100 533 200 368 300 1223 400
568 0 5 1128 0 955 100 185 200 296 300 114 400
569 0 5 1007 0 1158 100 1052 200 114 300 1456 400
570 0 5 1392 0 1291 100 591 200 1433 300 1272 400
571 0 5 266 0 586 100 193 200 1203 300 503 400
572 0 5 357 0 711 100 951 200 466 300 1172 400
573 0 5 348 0 447 100 634 200 477 300 385 400
574 0 5 1472 0 717 100 1382 200 1405 300 1131 400
575 0 5 1163 0 751 100 1327 200 1416 300 702 400
576 0 5 207 0 1302 100 584 200 591 300 1371 400
577 0 5 628 0 1335 100 75 200 212 300 941 400
578 0 5 336 0 899 100 1459 200 526 300 516 400
579 0 5 1444 0 1462 100 313 200 771 300 851 400
580 0 5 650 0 989 100 881 200 848 300 1304 400
581 0 5 1494 0 538 100 797 200 411 300 887 400
582 0 5 472 0 203 100 1116 200 547 300 1373 400
583 0 5 719 0 162 100 17 200 1182 300 1222 400
584 0 5 207 0 1371 100 576 200 1302 300 591 400
585 0 5 95 0 1216 100 786 200 1268 300 55 400
586 0 5 193 0 571 100 503 200 1203 300 915 400
587 0 5 1033 0 1070 100 552 200 1297 300 873 400
588 0 5 519 0 516 100 804 200 133 300 899 400
589 0 5 1106 0 611 100 1342 200 255 300 1345 400
590 0 5 1107 0 1473 100 891 200 849 300 1075 400
591 0 5 1256 0 1433 100 570 200 619 300 1302 400
592 0 5 352 0 506 100 831 200 726 300 1236 400
593 0 5 939 0 1086 100 7 200 1478 300 920 400
594 0 5 993 0 105 100 501 200 709 300 809 400
595 0 5 93 0 1383 100 1044 200 330 300 1389 400
596 0 5 884 0 674 100 299 200 985 300 520 400
597 0 5 6 0 730 100 1422 200 206 300 1115 400
598 0 5 936 0 299 100 258 200 920 300 1086 400
599 0 5 377 0 342 100 500 200 759 300 399 400
600 0 5 747 0 4 100 422 200 238 300 832 400
601 0 5 1344 0 512 100 1085 200 1239 300 1123 400
602 0 5 1109 0 345 100 496 200 980 300 464 400
603 0 5 759 0 1199 100 268 200 377 300 599 400
604 0 5 644 0 857 100 167 200 60 300 733 400
605 0 5 561 0 992 100 909 200 434 300 1460 400
606 0 5 1449 0 208 100 264 200 1401 300 1299 400
607 0 5 1159 0 734 100 402 200 1388 300 1357 400
608 0 5 1280 0 942 100 81 200 795 300 765 400
609 0 5 1113 0 805 100 458 200 1188 300 158 400
610 0 5 1058 0 243 100 1495 200 1055 300 1266 400
611 0 5 1342 0 589 100 398 200 1106 300 1345 400
612 0 5 349 0 1032 100 798 200 1232 300 917 400
613 0 5 459 0 658 100 1028 200 1060 300 153 400
614 0 5 471 0 1062 100 537 200 1350 300 1322 400
615 0 5 1202 0 194 100 112 200 1296 300 20 400
616 0 5 106 0 1231 100 1469 200 172 300 1265 400
617 0 5 122 0 721 100 909 200 992 300 542 400
618 0 5 1493 0 1156 100 843 200 363 300 50 400
619 0 5 375 0 699 100 1433 200 591 300 1308 400
620 0 5 347 0 1326 100 973 200 90 300 381 400
621 0 5 1263 0 1290 100 150 200 132 300 490 400
622 0 5 980 0 1198 100 388 200 412 300 536 400
623 0 5 731 0 980 100 536 200 622 300 1490 400
624 0 5 666 0 1294 100 982 200 1088 300 171 400
625 0 5 1347 0 510 100 75 200 970 300 1077 400
626 0 5 106 0 422 100 4 200 1169 300 616 400
627 0 5 712 0 525 100 1079 200 498 300 1200 400
628 0 5 577 0 204 100 212 200 328 300 1505 400
629 0 5 1349 0 1210 100 1396 200 276 300 867 400
630 0 5 1309 0 753 100 191 200 1496 300 360 400
631 0 5 1111 0 263 100 755 200 1324 300 151 400
632 0 5 1396 0 767 100 431 200 847 300 1349 400
633 0 5 35 0 437 100 287 200 1174 300 1295 400
634 0 5 261 0 1301 100 1192 200 1036 300 662 400
635 0 5 329 0 874 100 493 200 1341 300 1356 400
636 0 5 409 0 1489 100 1222 200 1064 300 231 400
637 0 5 164 0 131 100 746 200 868 300 690 400
638 0 5 779 0 1401 100 729 200 945 300 484 400
639 0 5 37 0 847 100 722 200 641 300 727 400
640 0 5 744 0 420 100 791 200 272 300 1197 400
641 0 5 722 0 1346 100 639 200 1349 300 847 400
642 0 5 30 0 86 100 174 200 461 300 1217 400
643 0 5 58 0 91 100 387 200 675 300 1271 400
644 0 5 604 0 1225 100 167 200 300 300 60 400
645 0 5 59 0 374 100 1341 200 812 300 1314 400
646 0 5 364 0 1069 100 820 200 257 300 223 400
647 0 5 1157 0 1242 100 150 200 1263 300 1090 400
648 0 5 1199 0 305 100 759 200 77 300 724 400
649 0 5 1366 0 1081 100 1060 200 1041 300 1426 400
650 0 5 580 0 1304 100 125 200 28 300 881 400
651 0 5 1288 0 38 100 325 200 546 300 928 400
652 0 5 912 0 427 100 683 200 784 300 1121 400
653 0 5 1038 0 865 100 1030 200 1220 300 229 400
654 0 5 1035 0 280 100 931 200 501 300 277 400
655 0 5 1140 0 484 100 843 200 819 300 788 400
656 0 5 92 0 1308 100 691 200 708 300 1439 400
657 0 5 697 0 771 100 49 200 1338 300 1462 400
658 0 5 613 0 808 100 1252 200 891 300 459 400
659 0 5 1424 0 275 100 174 200 764 300 1217 400
660 0 5 964 0 292 100 1360 200 661 300 220 400
661 0 5 560 0 817 100 1391 200 549 300 660 400
662 0 5 123 0 1036 100 1020 200 634 300 1379 400
663 0 5 1006 0 725 100 54 200 1133 300 841 400
664 0 5 834 0 1414 100 829 200 416 300 711 400
665 0 5 451 0 63 100 487 200 1071 300 354 400
666 0 5 624 0 982 100 361 200 415 300 1294 400
667 0 5 294 0 1369 100 1073 200 170 300 1185 400
668 0 5 1237 0 158 100 609 200 814 300 230 400
669 0 5 162 0 1298 100 1182 200 1064 300 439 400
670 0 5 1277 0 1432 100 1288 200 233 300 546 400
671 0 5 924 0 695 100 704 200 356 300 455 400
672 0 5 1029 0 366 100 1300 200 695 300 924 400
673 0 5 746 0 1388 100 402 200 1159 300 131 400
674 0 5 596 0 898 100 855 200 198 300 558 400
675 0 5 440 0 387 100 643 200 1448 300 922 400
676 0 5 111 0 1249 100 919 200 910 300 19 400
677 0 5 1067 0 1039 100 725 200 34 300 416 400
678 0 5 1103 0 66 100 1002 200 10 300 371 400
679 0 5 1183 0 391 100 1089 200 871 300 735 400
680 0 5 1196 0 448 100 758 200 78 300 390 400
681 0 5 815 0 25 100 839 200 210 300 1017 400
682 0 5 47 0 1463 100 1381 200 428 300 1482 400
683 0 5 1121 0 784 100 427 200 652 300 729 400
684 0 5 799 0 245 100 1147 200 1470 300 692 400
685 0 5 991 0 124 100 146 200 900 300 1359 400
686 0 5 33 0 887 100 813 200 538 300 797 400
687 0 5 910 0 1184 100 1116 200 698 300 423 400
688 0 5 800 0 382 100 1153 200 1037 300 933 400
689 0 5 389 0 1496 100 1309 200 206 300 291 400
690 0 5 128 0 131 100 476 200 1311 300 512 400
691 0 5 11 0 267 100 1308 200 1439 300 656 400
692 0 5 554 0 799 100 882 200 1428 300 684 400
693 0 5 1271 0 1000 100 1122 200 387 300 63 400
694 0 5 866 0 756 100 248 200 440 300 1343 400
695 0 5 1027 0 671 100 1300 200 924 300 1029 400
696 0 5 154 0 737 100 1321 200 1209 300 1446 400
697 0 5 657 0 486 100 1406 200 1139 300 531 400
698 0 5 878 0 321 100 687 200 1249 300 1184 400
699 0 5 619 0 1330 100 375 200 216 300 656 400
700 0 5 239 0 899 100 1064 200 439 300 588 400
701 0 5 252 0 559 100 1357 200 1286 300 1339 400
702 0 5 827 0 1365 100 1489 200 1327 300 1416 400
703 0 5 333 0 99 100 426 200 754 300 144 400
704 0 5 474 0 1452 100 671 200 284 300 695 400
705 0 5 830 0 1454 100 181 200 1273 300 104 400
706 0 5 959 0 1221 100 1058 200 1053 300 889 400
707 0 5 62 0 145 100 960 200 946 300 1104 400
708 0 5 92 0 1224 100 1260 200 656 300 988 400
709 0 5 397 0 1004 100 878 200 594 300 993 400
710 0 5 1477 0 9 100 332 200 209 300 854 400
711 0 5 572 0 951 100 834 200 902 300 489 400
712 0 5 481 0 627 100 327 200 1200 300 465 400
713 0 5 1394 0 553 100 517 200 550 300 1429 400
714 0 5 338 0 499 100 1275 200 952 300 403 400
715 0 5 1214 0 302 100 802 200 1155 300 555 400
716 0 5 1493 0 50 100 854 200 1279 300 1477 400
717 0 5 1405 0 346 100 1472 200 574 300 864 400
718 0 5 889 0 288 100 1170 200 1211 300 462 400
719 0 5 583 0 749 100 444 200 17 300 1222 400
720 0 5 126 0 1275 100 1325 200 1132 300 338 400
721 0 5 617 0 122 100 542 200 1490 300 288 400
722 0 5 641 0 847 100 639 200 1349 300 1346 400
723 0 5 308 0 832 100 238 200 1479 300 978 400
724 0 5 202 0 468 100 1446 200 648 300 1209 400
725 0 5 1418 0 663 100 677 200 1133 300 1039 400
726 0 5 1125 0 506 100 1086 200 1236 300 592 400
727 0 5 1376 0 60 100 1194 200 639 300 1346 400
728 0 5 1307 0 537 100 837 200 1492 300 1464 400
729 0 5 1121 0 1401 100 427 200 638 300 819 400
730 0 5 768 0 454 100 597 200 1422 300 1306 400
731 0 5 623 0 210 100 536 200 1490 300 980 400
732 0 5 261 0 188 100 863 200 986 300 634 400
733 0 5 857 0 215 100 52 200 604 300 199 400
734 0 5 607 0 1357 100 402 200 252 300 701 400
735 0 5 1089 0 858 100 994 200 1005 300 1383 400
736 0 5 384 0 1332 100 886 200 1333 300 209 400
737 0 5 1407 0 696 100 216 200 77 300 1120 400
738 0 5 138 0 826 100 1084 200 12 300 344 400
739 0 5 1255 0 1281 100 133 200 424 300 519 400
740 0 5 1400 0 1041 100 1423 200 1234 300 281 400
741 0 5 1243 0 1470 100 882 200 985 300 27 400
742 0 5 856 0 781 100 48 200 1216 300 1438 400
743 0 5 360 0 478 100 191 200 1226 300 1309 400
744 0 5 640 0 198 100 272 200 1125 300 860 400
745 0 5 423 0 339 100 374 200 1314 300 812 400
746 0 5 673 0 1388 100 131 200 637 300 868 400
747 0 5 600 0 436 100 832 200 238 300 137 400
748 0 5 1268 0 1181 100 810 200 585 300 432 400
749 0 5 1160 0 719 100 444 200 84 300 1222 400
750 0 5 871 0 391 100 1137 200 450 300 679 400
751 0 5 575 0 1327 100 1160 200 1222 300 231 400
752 0 5 241 0 1150 100 251 200 28 300 258 400
753 0 5 630 0 1306 100 1020 200 191 300 1422 400
754 0 5 1372 0 1331 100 333 200 480 300 703 400
755 0 5 303 0 1171 100 1082 200 518 300 1324 400
756 0 5 528 0 251 100 694 200 866 300 440 400
757 0 5 1153 0 821 100 480 200 789 300 430 400
758 0 5 390 0 132 100 680 200 1329 300 1196 400
759 0 5 603 0 1199 100 305 200 599 300 648 400
760 0 5 173 0 1414 100 316 200 482 300 829 400
761 0 5 975 0 1391 100 1179 200 661 300 130 400
762 0 5 926 0 508 100 1050 200 868 300 870 400
763 0 5 1324 0 1082 100 301 200 755 300 1368 400
764 0 5 1424 0 1217 100 861 200 948 300 659 400
765 0 5 1274 0 1481 100 942 200 411 300 244 400
766 0 5 925 0 1054 100 492 200 1453 300 1312 400
767 0 5 431 0 632 100 1337 200 1251 300 1027 400
768 0 5 1422 0 730 100 1496 200 6 300 1306 400
769 0 5 1000 0 487 100 202 200 23 300 693 400
770 0 5 772 0 90 100 1486 200 1326 300 1353 400
771 0 5 657 0 49 100 1462 200 579 300 1139 400
772 0 5 875 0 770 100 347 200 1326 300 1101 400
773 0 5 149 0 933 100 844 200 1025 300 165 400
774 0 5 565 0 1289 100 870 200 974 300 1492 400
775 0 5 343 0 1040 100 1282 200 45 300 1246 400
776 0 5 1383 0 858 100 595 200 1183 300 994 400
777 0 5 908 0 1186 100 849 200 1473 300 509 400
778 0 5 1464 0 837 100 1001 200 1492 300 728 400
779 0 5 945 0 638 100 1401 200 780 300 729 400
780 0 5 1014 0 945 100 822 200 1299 300 843 400
781 0 5 1381 0 742 100 1216 200 1336 300 1482 400
782 0 5 1144 0 1228 100 1124 200 1218 300 1097 400
783 0 5 1068 0 221 100 1382 200 947 300 1138 400
784 0 5 683 0 39 100 1293 200 1386 300 912 400
785 0 5 905 0 108 100 1024 200 1402 300 521 400
786 0 5 585 0 55 100 320 200 340 300 1409 400
787 0 5 906 0 400 100 723 200 1397 300 238 400
788 0 5 966 0 562 100 42 200 373 300 1174 400
789 0 5 1458 0 1247 100 382 200 821 300 757 400
790 0 5 524 0 1057 100 1093 200 413 300 1129 400
791 0 5 420 0 286 100 477 200 640 300 272 400
792 0 5 1031 0 1364 100 944 200 864 300 813 400
793 0 5 1362 0 99 100 806 200 136 300 44 400
794 0 5 869 0 39 100 1230 200 819 300 729 400
795 0 5 332 0 260 100 1280 200 851 300 81 400
796 0 5 1253 0 921 100 545 200 121 300 1167 400
797 0 5 147 0 538 100 686 200 581 300 1494 400
798 0 5 1232 0 234 100 612 200 349 300 15 400
799 0 5 684 0 692 100 554 200 1273 300 79 400
800 0 5 688 0 165 100 1037 200 844 300 382 400
801 0 5 461 0 135 100 86 200 492 300 1118 400
802 0 5 135 0 1214 100 715 200 1423 300 1234 400
803 0 5 1412 0 1151 100 1142 200 1134 300 1472 400
804 0 5 519 0 239 100 1489 200 588 300 409 400
805 0 5 178 0 504 100 609 200 306 300 943 400
806 0 5 426 0 793 100 969 200 99 300 546 400
807 0 5 123 0 1287 100 360 200 1226 300 552 400
808 0 5 958 0 658 100 101 200 100 300 1208 400
809 0 5 105 0 277 100 594 200 501 300 1018 400
810 0 5 1171 0 1181 100 232 200 279 300 748 400
811 0 5 1476 0 1287 100 265 200 1226 300 807 400
812 0 5 1164 0 374 100 1223 200 339 300 745 400
813 0 5 944 0 33 100 686 200 792 300 443 400
814 0 5 1113 0 1421 100 479 200 158 300 609 400
815 0 5 25 0 681 100 1487 200 839 300 405 400
816 0 5 1060 0 240 100 535 200 187 300 459 400
817 0 5 962 0 560 100 661 200 1154 300 130 400
818 0 5 322 0 151 100 1051 200 67 300 196 400
819 0 5 484 0 1083 100 794 200 655 300 869 400
820 0 5 137 0 257 100 1016 200 646 300 1141 400
821 0 5 757 0 1458 100 430 200 1094 300 789 400
822 0 5 1299 0 551 100 780 200 1449 300 264 400
823 0 5 3 0 902 100 880 200 951 300 711 400
824 0 5 957 0 40 100 475 200 1279 300 710 400
825 0 5 1044 0 1347 100 1389 200 595 300 1152 400
826 0 5 738 0 177 100 1084 200 522 300 1457 400
827 0 5 1163 0 702 100 1327 200 1489 300 1416 400
828 0 5 1240 0 1142 100 1114 200 1393 300 97 400
829 0 5 482 0 1414 100 664 200 316 300 1439 400
830 0 5 705 0 104 100 329 200 1356 300 1273 400
831 0 5 352 0 1478 100 592 200 248 300 506 400
832 0 5 238 0 723 100 978 200 747 300 137 400
833 0 5 1434 0 907 100 997 200 937 300 1368 400
834 0 5 489 0 664 100 711 200 5 300 902 400
835 0 5 383 0 119 100 247 200 904 300 407 400
836 0 5 1241 0 108 100 273 200 1203 300 1402 400
837 0 5 728 0 778 100 1464 200 537 300 1001 400
838 0 5 1399 0 1176 100 1289 200 1001 300 539 400
839 0 5 1017 0 1485 100 681 200 815 300 25 400
840 0 5 883 0 107 100 218 200 232 300 1015 400
841 0 5 1225 0 1133 100 916 200 663 300 644 400
842 0 5 508 0 954 100 1339 200 1117 300 868 400
843 0 5 1014 0 618 100 1279 200 655 300 484 400
844 0 5 165 0 151 100 773 200 67 300 800 400
845 0 5 963 0 1187 100 344 200 177 300 1114 400
846 0 5 1278 0 1428 100 282 200 554 300 79 400
847 0 5 722 0 1227 100 639 200 632 300 431 400
848 0 5 989 0 497 100 150 200 580 300 318 400
849 0 5 1473 0 908 100 590 200 777 300 306 400
850 0 5 96 0 1148 100 1404 200 61 300 393 400
851 0 5 1315 0 260 100 795 200 246 300 579 400
852 0 5 1011 0 152 100 1305 200 479 300 814 400
853 0 5 443 0 994 100 944 200 33 300 813 400
854 0 5 50 0 1257 100 716 200 1279 300 1477 400
855 0 5 936 0 198 100 674 200 898 300 598 400
856 0 5 48 0 742 100 270 200 1216 300 781 400
857 0 5 733 0 604 100 199 200 167 300 215 400
858 0 5 1383 0 776 100 735 200 994 300 1183 400
859 0 5 556 0 1157 100 1071 200 1242 300 354 400
860 0 5 558 0 1197 100 898 200 452 300 198 400
861 0 5 86 0 948 100 764 200 642 300 925 400
862 0 5 453 0 1363 100 446 200 403 300 544 400
863 0 5 1100 0 986 100 732 200 188 300 935 400
864 0 5 1390 0 346 100 443 200 792 300 944 400
865 0 5 229 0 653 100 1220 200 496 300 345 400
866 0 5 694 0 1343 100 756 200 440 300 495 400
867 0 5 1210 0 166 100 276 200 629 300 979 400
868 0 5 1246 0 762 100 637 200 164 300 343 400
869 0 5 794 0 1230 100 1467 200 1083 300 819 400
870 0 5 926 0 1492 100 1050 200 1430 300 762 400
871 0 5 391 0 750 100 679 200 1137 300 735 400
872 0 5 240 0 187 100 1107 200 535 300 906 400
873 0 5 1455 0 1236 100 1297 200 587 300 1125 400
874 0 5 635 0 567 100 185 200 1223 300 981 400
875 0 5 772 0 1101 100 347 200 1350 300 471 400
876 0 5 41 0 1316 100 1386 200 1265 300 39 400
877 0 5 182 0 358 100 1052 200 110 300 310 400
878 0 5 698 0 321 100 709 200 397 300 1249 400
879 0 5 1191 0 1178 100 394 200 1059 300 1457 400
880 0 5 902 0 3 100 823 200 1418 300 1254 400
881 0 5 967 0 1360 100 318 200 989 300 580 400
882 0 5 1428 0 692 100 741 200 1470 300 799 400
883 0 5 840 0 1266 100 218 200 1056 300 279 400
884 0 5 596 0 967 100 1360 200 520 300 881 400
885 0 5 157 0 566 100 22 200 1245 300 956 400
886 0 5 516 0 62 100 736 200 384 300 526 400
887 0 5 538 0 686 100 246 200 1089 300 1340 400
888 0 5 949 0 323 100 442 200 468 300 1046 400
889 0 5 718 0 1211 100 295 200 1053 300 706 400
890 0 5 445 0 1143 100 88 200 513 300 200 400
891 0 5 1252 0 102 100 1075 200 590 300 658 400
892 0 5 304 0 1305 100 326 200 1011 300 1463 400
893 0 5 1099 0 1325 100 256 200 1399 300 539 400
894 0 5 1353 0 73 100 1486 200 540 300 770 400
895 0 5 159 0 913 100 269 200 1285 300 1355 400
896 0 5 473 0 156 100 287 200 10 300 1295 400
897 0 5 410 0 505 100 403 200 1085 300 1499 400
898 0 5 558 0 198 100 860 200 674 300 855 400
899 0 5 700 0 578 100 516 200 439 300 588 400
900 0 5 319 0 1088 100 991 200 685 300 971 400
901 0 5 1343 0 495 100 248 200 141 300 831 400
902 0 5 823 0 880 100 5 200 711 300 951 400
903 0 5 982 0 424 100 415 200 171 300 195 400
904 0 5 383 0 119 100 835 200 317 300 32 400
905 0 5 785 0 1024 100 1056 200 120 300 521 400
906 0 5 787 0 535 100 400 200 872 300 555 400
907 0 5 1368 0 1111 100 833 200 322 300 1324 400
908 0 5 777 0 849 100 1473 200 1186 300 872 400
909 0 5 356 0 617 100 561 200 992 300 605 400
910 0 5 687 0 1249 100 676 200 19 300 1116 400
911 0 5 1112 0 557 100 1022 200 485 300 1387 400
912 0 5 652 0 1293 100 784 200 208 300 427 400
913 0 5 1285 0 895 100 120 200 159 300 31 400
914 0 5 1262 0 1310 100 1212 200 930 300 364 400
915 0 5 1348 0 1205 100 527 200 503 300 586 400
916 0 5 1225 0 155 100 841 200 1133 300 300 400
917 0 5 1032 0 1177 100 1095 200 612 300 455 400
918 0 5 1436 0 197 100 1136 200 1147 300 1189 400
919 0 5 543 0 111 100 676 200 1249 300 1510 400
920 0 5 369 0 1086 100 939 200 14 300 598 400
921 0 5 796 0 545 100 1029 200 1337 300 1420 400
922 0 5 1045 0 440 100 1483 200 675 300 359 400
923 0 5 361 0 470 100 531 200 1406 300 1284 400
924 0 5 671 0 455 100 1300 200 695 300 13 400
925 0 5 766 0 1453 100 861 200 86 300 801 400
926 0 5 343 0 762 100 870 200 775 300 1430 400
927 0 5 1073 0 1016 100 1479 200 249 300 1141 400
928 0 5 38 0 1488 100 961 200 953 300 392 400
929 0 5 179 0 1053 100 934 200 68 300 959 400
930 0 5 1310 0 1069 100 914 200 1212 300 337 400
931 0 5 501 0 469 100 1516 200 117 300 1515 400
932 0 5 1037 0 1061 100 263 200 151 300 844 400
933 0 5 1025 0 1153 100 480 200 688 300 757 400
934 0 5 179 0 68 100 929 200 266 300 979 400
935 0 5 447 0 118 100 1283 200 188 300 863 400
936 0 5 855 0 598 100 520 200 299 300 142 400
937 0 5 833 0 301 100 907 200 1368 300 1305 400
938 0 5 126 0 253 100 1325 200 720 300 494 400
939 0 5 593 0 14 100 920 200 369 300 7 400
940 0 5 17 0 1244 100 1182 200 1156 300 1445 400
941 0 5 212 0 134 100 2 200 328 300 577 400
942 0 5 380 0 608 100 81 200 765 300 411 400
943 0 5 1188 0 306 100 115 200 504 300 805 400
944 0 5 813 0 792 100 853 200 864 300 443 400
945 0 5 779 0 780 100 484 200 638 300 1014 400
946 0 5 335 0 1284 100 145 200 1264 300 707 400
947 0 5 783 0 1068 100 1138 200 1441 300 454 400
948 0 5 1217 0 861 100 764 200 86 300 642 400
949 0 5 888 0 323 100 1046 200 1090 300 1204 400
950 0 5 362 0 355 100 1012 200 291 300 1303 400
951 0 5 399 0 711 100 466 200 572 300 902 400
952 0 5 21 0 505 100 499 200 1040 300 403 400
953 0 5 392 0 1398 100 271 200 1219 300 928 400
954 0 5 965 0 1117 100 842 200 8 300 508 400
955 0 5 1475 0 568 100 79 200 493 300 1007 400
956 0 5 1468 0 22 100 885 200 157 300 417 400
957 0 5 824 0 1257 100 1279 200 1477 300 475 400
958 0 5 808 0 1208 100 419 200 491 300 101 400
959 0 5 1221 0 706 100 1053 200 889 300 929 400
960 0 5 1104 0 707 100 145 200 415 300 666 400
961 0 5 1098 0 928 100 1488 200 438 300 1228 400
962 0 5 817 0 1154 100 130 200 1380 300 1276 400
963 0 5 177 0 845 100 1178 200 826 300 1393 400
964 0 5 292 0 660 100 1276 200 507 300 661 400
965 0 5 954 0 345 100 1117 200 559 300 1038 400
966 0 5 788 0 1279 100 475 200 843 300 655 400
967 0 5 881 0 884 100 1360 200 520 300 1150 400
968 0 5 418 0 113 100 448 200 680 300 250 400
969 0 5 1098 0 806 100 546 200 1355 300 793 400
970 0 5 515 0 1077 100 553 200 297 300 1429 400
971 0 5 1338 0 991 100 1088 200 1359 300 486 400
972 0 5 385 0 447 100 1197 200 188 300 1497 400
973 0 5 1019 0 620 100 1091 200 1443 300 381 400
974 0 5 45 0 1430 100 565 200 1289 300 1282 400
975 0 5 761 0 1179 100 1391 200 293 300 109 400
976 0 5 336 0 526 100 363 200 1445 300 578 400
977 0 5 514 0 1120 100 441 200 1321 300 24 400
978 0 5 308 0 832 100 137 200 1479 300 1016 400
979 0 5 68 0 166 100 1210 200 276 300 867 400
980 0 5 623 0 622 100 536 200 602 300 731 400
981 0 5 1341 0 1164 100 1223 200 874 300 339 400
982 0 5 666 0 903 100 171 200 415 300 624 400
983 0 5 1172 0 466 100 217 200 268 300 951 400
984 0 5 458 0 532 100 1415 200 1188 300 1113 400
985 0 5 1136 0 1243 100 741 200 27 300 596 400
986 0 5 863 0 188 100 732 200 935 300 447 400
987 0 5 460 0 174 100 642 200 659 300 275 400
988 0 5 219 0 1260 100 217 200 378 300 1224 400
989 0 5 848 0 580 100 881 200 497 300 318 400
990 0 5 1074 0 1091 100 1190 200 80 300 381 400
991 0 5 685 0 971 100 900 200 1359 300 124 400
992 0 5 605 0 122 100 434 200 617 300 909 400
993 0 5 594 0 398 100 1004 200 1323 300 709 400
994 0 5 1183 0 853 100 735 200 1089 300 776 400
995 0 5 369 0 251 100 14 200 258 300 752 400
996 0 5 467 0 441 100 161 200 1108 300 1196 400
997 0 5 1434 0 833 100 937 200 1130 300 12 400
998 0 5 189 0 222 100 1427 200 1101 300 540 400
999 0 5 312 0 1313 100 341 200 1501 300 1135 400
1000 0 5 769 0 693 100 23 200 487 300 1161 400
1001 0 5 1176 0 778 100 1464 200 837 300 1492 400
1002 0 5 64 0 1481 100 244 200 678 300 1274 400
1003 0 5 245 0 1063 100 181 200 1273 300 317 400
1004 0 5 1292 0 709 100 993 200 878 300 1323 400
1005 0 5 246 0 1089 100 735 200 1340 300 1383 400
1006 0 5 54 0 663 100 34 200 725 300 1022 400
1007 0 5 569 0 1475 100 114 200 1158 300 955 400
1008 0 5 1023 0 530 100 1071 200 457 300 859 400
1009 0 5 37 0 235 100 1387 200 1450 300 485 400
1010 0 5 201 0 1409 100 190 200 1485 300 1378 400
1011 0 5 852 0 304 100 892 200 1415 300 1305 400
1012 0 5 1367 0 196 100 1303 200 291 300 950 400
1013 0 5 1238 0 1451 100 1433 200 1034 300 467 400
1014 0 5 780 0 484 100 843 200 945 300 655 400
1015 0 5 1056 0 1247 100 840 200 789 300 1266 400
1016 0 5 927 0 820 100 137 200 1479 300 978 400
1017 0 5 839 0 298 100 681 200 1485 300 210 400
1018 0 5 1345 0 105 100 36 200 398 300 277 400
1019 0 5 973 0 1443 100 1091 200 1078 300 539 400
1020 0 5 1306 0 753 100 662 200 1036 300 1072 400
1021 0 5 178 0 456 100 365 200 1237 300 509 400
1022 0 5 1167 0 557 100 225 200 1112 300 485 400
1023 0 5 1008 0 1045 100 457 200 387 300 530 400
1024 0 5 1055 0 905 100 785 200 108 300 1495 400
1025 0 5 1331 0 480 100 933 200 773 300 430 400
1026 0 5 450 0 228 100 1390 200 864 300 127 400
1027 0 5 284 0 695 100 1337 200 671 300 704 400
1028 0 5 153 0 459 100 613 200 1431 300 1060 400
1029 0 5 672 0 366 100 1337 200 262 300 921 400
1030 0 5 1135 0 653 100 1038 200 1220 300 615 400
1031 0 5 346 0 792 100 1134 200 864 300 1472 400
1032 0 5 917 0 612 100 798 200 15 300 1177 400
1033 0 5 1070 0 1297 100 278 200 587 300 552 400
1034 0 5 1272 0 1433 100 1013 200 1291 300 1451 400
1035 0 5 277 0 654 100 931 200 501 300 1018 400
1036 0 5 1301 0 662 100 634 200 1375 300 261 400
1037 0 5 932 0 800 100 236 200 382 300 688 400
1038 0 5 653 0 1248 100 1030 200 8 300 965 400
1039 0 5 677 0 1254 100 416 200 725 300 1067 400
1040 0 5 21 0 775 100 1239 200 952 300 499 400
1041 0 5 740 0 1423 100 281 200 649 300 1400 400
1042 0 5 171 0 319 100 624 200 1088 300 1294 400
1043 0 5 1471 0 144 100 1372 200 333 300 331 400
1044 0 5 825 0 1152 100 330 200 1389 300 595 400
1045 0 5 922 0 1023 100 457 200 1483 300 387 400
1046 0 5 1204 0 949 100 1090 200 323 300 888 400
1047 0 5 140 0 52 100 527 200 1206 300 31 400
1048 0 5 1082 0 301 100 326 200 428 300 303 400
1049 0 5 1145 0 311 100 85 200 170 300 627 400
1050 0 5 76 0 508 100 762 200 870 300 180 400
1051 0 5 196 0 322 100 818 200 151 300 844 400
1052 0 5 310 0 282 100 358 200 877 300 569 400
1053 0 5 959 0 929 100 706 200 889 300 179 400
1054 0 5 1312 0 766 100 492 200 237 300 351 400
1055 0 5 1024 0 1266 100 1056 200 1495 300 610 400
1056 0 5 1015 0 1266 100 1055 200 905 300 1024 400
1057 0 5 1129 0 790 100 413 200 1290 300 132 400
1058 0 5 610 0 254 100 1495 200 706 300 1221 400
1059 0 5 177 0 1191 100 879 200 1178 300 283 400
1060 0 5 816 0 649 100 1081 200 459 300 1366 400
1061 0 5 932 0 263 100 236 200 151 300 1037 400
1062 0 5 184 0 1358 100 614 200 1322 300 1350 400
1063 0 5 1003 0 1410 100 317 200 46 300 181 400
1064 0 5 409 0 239 100 700 200 636 300 439 400
1065 0 5 1361 0 1509 100 1508 200 204 300 541 400
1066 0 5 1256 0 1308 100 591 200 619 300 1433 400
1067 0 5 677 0 370 100 1039 200 416 300 34 400
1068 0 5 783 0 1138 100 947 200 127 300 221 400
1069 0 5 242 0 930 100 337 200 1310 300 646 400
1070 0 5 1033 0 552 100 587 200 278 300 1297 400
1071 0 5 859 0 1242 100 530 200 354 300 1008 400
1072 0 5 1375 0 1306 100 1020 200 1036 300 732 400
1073 0 5 927 0 1369 100 249 200 1479 300 667 400
1074 0 5 990 0 80 100 1440 200 1190 300 324 400
1075 0 5 891 0 1107 100 187 200 590 300 849 400
1076 0 5 1333 0 1215 100 335 200 384 300 1319 400
1077 0 5 970 0 75 100 625 200 515 300 510 400
1078 0 5 471 0 1443 100 614 200 973 300 1019 400
1079 0 5 498 0 525 100 627 200 371 300 1484 400
1080 0 5 511 0 1087 100 136 200 120 300 1362 400
1081 0 5 1426 0 1366 100 649 200 274 300 1060 400
1082 0 5 301 0 1048 100 763 200 1324 300 755 400
1083 0 5 1162 0 819 100 1235 200 869 300 373 400
1084 0 5 826 0 372 100 738 200 12 300 1457 400
1085 0 5 1344 0 505 100 1239 200 601 300 897 400
1086 0 5 593 0 920 100 726 200 198 300 598 400
1087 0 5 120 0 1080 100 521 200 511 300 1056 400
1088 0 5 1294 0 900 100 971 200 486 300 624 400
1089 0 5 735 0 1005 100 887 200 994 300 679 400
1090 0 5 323 0 354 100 1046 200 1242 300 647 400
1091 0 5 539 0 990 100 973 200 1019 300 1190 400
1092 0 5 206 0 1115 100 1496 200 6 300 389 400
1093 0 5 413 0 790 100 549 200 1179 300 524 400
1094 0 5 44 0 430 100 821 200 1362 300 136 400
1095 0 5 1177 0 455 100 356 200 379 300 917 400
1096 0 5 1417 0 110 100 27 200 282 300 452 400
1097 0 5 438 0 1124 100 65 200 1228 300 353 400
1098 0 5 969 0 269 100 961 200 1218 300 1228 400
1099 0 5 893 0 1190 100 1399 200 539 300 1325 400
1100 0 5 863 0 1441 100 1506 200 1507 300 986 400
1101 0 5 189 0 875 100 998 200 772 300 1350 400
1102 0 5 89 0 460 100 275 200 73 300 1440 400
1103 0 5 678 0 10 100 1002 200 64 300 896 400
1104 0 5 195 0 960 100 415 200 707 300 133 400
1105 0 5 469 0 1508 100 1507 200 117 300 1318 400
1106 0 5 255 0 589 100 1342 200 611 300 36 400
1107 0 5 590 0 187 100 1075 200 872 300 1473 400
1108 0 5 463 0 467 100 161 200 996 300 113 400
1109 0 5 602 0 559 100 252 200 412 300 701 400
1110 0 5 227 0 313 100 1389 200 49 300 1419 400
1111 0 5 631 0 1368 100 907 200 1324 300 755 400
1112 0 5 911 0 1387 100 485 200 1022 300 841 400
1113 0 5 458 0 814 100 609 200 1415 300 984 400
1114 0 5 1240 0 1187 100 828 200 1393 300 344 400
1115 0 5 6 0 1092 100 206 200 1496 300 389 400
1116 0 5 423 0 687 100 1408 200 1184 300 582 400
1117 0 5 559 0 1339 100 954 200 965 300 842 400
1118 0 5 1234 0 30 100 1400 200 461 300 135 400
1119 0 5 1486 0 89 100 169 200 324 300 1440 400
1120 0 5 977 0 1321 100 514 200 216 300 737 400
1121 0 5 683 0 729 100 427 200 784 300 794 400
1122 0 5 1161 0 325 100 271 200 693 300 1219 400
1123 0 5 74 0 164 100 1239 200 1246 300 775 400
1124 0 5 1228 0 1097 100 782 200 1206 300 315 400
1125 0 5 272 0 726 100 1455 200 1236 300 744 400
1126 0 5 67 0 71 100 149 200 196 300 1193 400
1127 0 5 432 0 563 100 279 200 1181 300 307 400
1128 0 5 568 0 296 100 493 200 185 300 955 400
1129 0 5 1057 0 413 100 132 200 1290 300 390 400
1130 0 5 176 0 213 100 12 200 1305 300 429 400
1131 0 5 1382 0 394 100 283 200 574 300 221 400
1132 0 5 309 0 1275 100 720 200 499 300 256 400
1133 0 5 841 0 1418 100 725 200 663 300 916 400
1134 0 5 1472 0 1480 100 1207 200 803 300 192 400
1135 0 5 1030 0 1501 100 1220 200 312 300 999 400
1136 0 5 985 0 406 100 1147 200 1470 300 918 400
1137 0 5 541 0 750 100 871 200 679 300 502 400
1138 0 5 1068 0 1377 100 783 200 127 300 221 400
1139 0 5 449 0 531 100 1462 200 697 300 1264 400
1140 0 5 655 0 42 100 562 200 788 300 966 400
1141 0 5 371 0 1354 100 257 200 249 300 820 400
1142 0 5 1151 0 1412 100 828 200 97 300 803 400
1143 0 5 445 0 1149 100 513 200 890 300 1334 400
1144 0 5 782 0 1218 100 1124 200 895 300 1228 400
1145 0 5 1049 0 170 100 311 200 1185 300 627 400
1146 0 5 1453 0 1425 100 1469 200 1312 300 1054 400
1147 0 5 1269 0 1470 100 1136 200 684 300 1436 400
1148 0 5 850 0 1404 100 61 200 330 300 1152 400
1149 0 5 1143 0 513 100 1334 200 445 300 83 400
1150 0 5 142 0 520 100 752 200 28 300 258 400
1151 0 5 1142 0 803 100 1472 200 87 300 1393 400
1152 0 5 393 0 1404 100 1044 200 1389 300 595 400
1153 0 5 757 0 382 100 933 200 688 300 165 400
1154 0 5 130 0 962 100 1380 200 817 300 560 400
1155 0 5 400 0 555 100 1423 200 715 300 802 400
1156 0 5 1244 0 618 100 363 200 1445 300 940 400
1157 0 5 647 0 859 100 1242 200 556 300 1071 400
1158 0 5 1456 0 569 100 114 200 1007 300 472 400
1159 0 5 607 0 1465 100 15 200 1388 300 402 400
1160 0 5 1222 0 749 100 1327 200 231 300 636 400
1161 0 5 1219 0 1122 100 271 200 1000 300 23 400
1162 0 5 1083 0 1235 100 373 200 1262 300 914 400
1163 0 5 575 0 827 100 751 200 1222 300 1327 400
1164 0 5 812 0 1341 100 981 200 1223 300 339 400
1165 0 5 378 0 1407 100 216 200 737 300 1224 400
1166 0 5 414 0 1335 100 204 200 510 300 75 400
1167 0 5 1022 0 121 100 485 200 557 300 1112 400
1168 0 5 285 0 1460 100 276 200 434 300 992 400
1169 0 5 1214 0 172 100 422 200 237 300 626 400
1170 0 5 288 0 298 100 718 200 1211 300 462 400
1171 0 5 810 0 518 100 755 200 303 300 1181 400
1172 0 5 983 0 217 100 219 200 268 300 1260 400
1173 0 5 244 0 334 100 1494 200 66 300 581 400
1174 0 5 373 0 35 100 788 200 633 300 966 400
1175 0 5 1213 0 141 100 331 200 1432 300 1471 400
1176 0 5 838 0 1001 100 1289 200 1399 300 778 400
1177 0 5 917 0 1095 100 455 200 13 300 1032 400
1178 0 5 879 0 394 100 522 200 963 300 1059 400
1179 0 5 109 0 975 100 413 200 1093 300 549 400
1180 0 5 1411 0 19 100 118 200 547 300 111 400
1181 0 5 279 0 810 100 748 200 432 300 1268 400
1182 0 5 162 0 1445 100 940 200 17 300 583 400
1183 0 5 994 0 679 100 776 200 735 300 858 400
1184 0 5 72 0 687 100 423 200 698 300 1116 400
1185 0 5 85 0 509 100 170 200 294 300 1145 400
1186 0 5 777 0 509 100 908 200 456 300 365 400
1187 0 5 1114 0 344 100 479 200 845 300 152 400
1188 0 5 943 0 609 100 532 200 984 300 805 400
1189 0 5 1410 0 197 100 317 200 1436 300 918 400
1190 0 5 539 0 1099 100 990 200 1091 300 1074 400
1191 0 5 879 0 1059 100 522 200 1457 300 826 400
1192 0 5 211 0 634 100 1301 200 1036 300 261 400
1193 0 5 1372 0 149 100 1471 200 1331 300 1025 400
1194 0 5 1352 0 1376 100 727 200 1346 300 193 400
1195 0 5 20 0 1248 100 1358 200 1202 300 184 400
1196 0 5 680 0 78 100 441 200 1329 300 758 400
1197 0 5 860 0 452 100 385 200 972 300 1497 400
1198 0 5 536 0 622 100 388 200 1490 300 980 400
1199 0 5 648 0 603 100 759 200 268 300 377 400
1200 0 5 98 0 465 100 712 200 334 300 327 400
1201 0 5 334 0 465 100 327 200 1200 300 1494 400
1202 0 5 20 0 615 100 1195 200 184 300 1248 400
1203 0 5 1402 0 266 100 586 200 1205 300 836 400
1204 0 5 1046 0 1329 100 24 200 490 300 758 400
1205 0 5 1348 0 1402 100 915 200 1203 300 521 400
1206 0 5 52 0 315 100 1124 200 31 300 433 400
1207 0 5 192 0 1412 100 1134 200 311 300 1480 400
1208 0 5 101 0 958 100 419 200 102 300 808 400
1209 0 5 468 0 1446 100 442 200 696 300 154 400
1210 0 5 867 0 629 100 166 200 276 300 979 400
1211 0 5 295 0 298 100 889 200 1351 300 718 400
1212 0 5 914 0 1262 100 364 200 376 300 18 400
1213 0 5 1175 0 160 100 331 200 141 300 1370 400
1214 0 5 715 0 802 100 1169 200 492 300 237 400
1215 0 5 1319 0 1076 100 335 200 710 300 148 400
1216 0 5 585 0 781 100 856 200 95 300 742 400
1217 0 5 948 0 764 100 174 200 659 300 642 400
1218 0 5 269 0 1144 100 782 200 1228 300 1098 400
1219 0 5 1161 0 271 100 1398 200 953 300 342 400
1220 0 5 865 0 1501 100 229 200 1135 300 1030 400
1221 0 5 959 0 706 100 254 200 1058 300 1053 400
1222 0 5 1160 0 636 100 162 200 719 300 583 400
1223 0 5 339 0 981 100 874 200 812 300 1164 400
1224 0 5 708 0 378 100 1260 200 656 300 988 400
1225 0 5 916 0 841 100 155 200 644 300 300 400
1226 0 5 191 0 1476 100 360 200 743 300 807 400
1227 0 5 163 0 847 100 431 200 235 300 639 400
1228 0 5 782 0 1124 100 438 200 1097 300 961 400
1229 0 5 1283 0 310 100 182 200 168 300 447 400
1230 0 5 1467 0 869 100 794 200 39 300 41 400
1231 0 5 616 0 523 100 4 200 436 300 41 400
1232 0 5 798 0 349 100 1413 200 612 300 234 400
1233 0 5 1397 0 302 100 238 200 422 300 600 400
1234 0 5 1118 0 1400 100 135 200 1423 300 802 400
1235 0 5 1467 0 1262 100 1162 200 1083 300 869 400
1236 0 5 873 0 1297 100 506 200 726 300 1125 400
1237 0 5 668 0 230 100 609 200 1021 300 178 400
1238 0 5 1013 0 375 100 1451 200 1433 300 467 400
1239 0 5 74 0 1085 100 1123 200 1040 300 21 400
1240 0 5 1114 0 828 100 1421 200 479 300 1393 400
1241 0 5 273 0 836 100 108 200 103 300 1495 400
1242 0 5 354 0 647 100 1071 200 1157 300 1090 400
1243 0 5 27 0 741 100 985 200 1417 300 1096 400
1244 0 5 940 0 1156 100 551 200 17 300 822 400
1245 0 5 22 0 146 100 885 200 566 300 1359 400
1246 0 5 868 0 343 100 1123 200 74 300 775 400
1247 0 5 1015 0 789 100 382 200 236 300 840 400
1248 0 5 8 0 1195 100 1038 200 70 300 180 400
1249 0 5 676 0 910 100 698 200 919 300 111 400
1250 0 5 360 0 123 100 662 200 191 300 807 400
1251 0 5 1420 0 1337 100 431 200 163 300 545 400
1252 0 5 101 0 891 100 102 200 658 300 1208 400
1253 0 5 121 0 796 100 545 200 485 300 1167 400
1254 0 5 1039 0 416 100 129 200 1418 300 725 400
1255 0 5 404 0 739 100 424 200 367 300 519 400
1256 0 5 1066 0 591 100 1433 200 1308 300 619 400
1257 0 5 957 0 1477 100 854 200 1279 300 824 400
1258 0 5 401 0 1498 100 349 200 1232 300 13 400
1259 0 5 395 0 100 100 1313 200 1438 300 513 400
1260 0 5 988 0 708 100 1224 200 219 300 357 400
1261 0 5 222 0 1317 100 1296 200 1474 300 1427 400
1262 0 5 914 0 1212 100 1235 200 376 300 1162 400
1263 0 5 621 0 150 100 647 200 1290 300 564 400
1264 0 5 148 0 470 100 946 200 1284 300 531 400
1265 0 5 289 0 1316 100 876 200 1328 300 1231 400
1266 0 5 883 0 243 100 1055 200 1056 300 610 400
1267 0 5 1367 0 1385 100 291 200 435 300 478 400
1268 0 5 748 0 432 100 1181 200 585 300 55 400
1269 0 5 1147 0 1436 100 684 200 1470 300 918 400
1270 0 5 147 0 481 100 1364 200 192 300 1480 400
1271 0 5 693 0 387 100 205 200 643 300 675 400
1272 0 5 1291 0 1034 100 1433 200 570 300 591 400
1273 0 5 245 0 104 100 79 200 1454 300 799 400
1274 0 5 765 0 1481 100 244 200 1002 300 66 400
1275 0 5 338 0 1132 100 720 200 499 300 1282 400
1276 0 5 560 0 964 100 962 200 817 300 507 400
1277 0 5 233 0 670 100 426 200 546 300 144 400
1278 0 5 846 0 282 100 1428 200 358 300 79 400
1279 0 5 966 0 843 100 475 200 854 300 1257 400
1280 0 5 608 0 332 100 795 200 710 300 81 400
1281 0 5 424 0 739 100 133 200 903 300 195 400
1282 0 5 309 0 775 100 45 200 1289 300 974 400
1283 0 5 1229 0 447 100 935 200 168 300 118 400
1284 0 5 145 0 470 100 946 200 1264 300 531 400
1285 0 5 913 0 511 100 895 200 159 300 120 400
1286 0 5 1339 0 1357 100 701 200 402 300 1117 400
1287 0 5 265 0 811 100 807 200 1226 300 360 400
1288 0 5 651 0 233 100 546 200 325 300 670 400
1289 0 5 774 0 1176 100 1282 200 565 300 974 400
1290 0 5 564 0 621 100 1057 200 1263 300 490 400
1291 0 5 1272 0 570 100 1034 200 1371 300 1392 400
1292 0 5 1004 0 1323 100 321 200 993 300 116 400
1293 0 5 183 0 912 100 784 200 1320 300 1386 400
1294 0 5 486 0 1088 100 624 200 1406 300 361 400
1295 0 5 473 0 242 100 337 200 223 300 287 400
1296 0 5 112 0 1317 100 534 200 1261 300 194 400
1297 0 5 278 0 1033 100 1236 200 873 300 1442 400
1298 0 5 439 0 669 100 1459 200 1182 300 1445 400
1299 0 5 822 0 1449 100 780 200 606 300 551 400
1300 0 5 366 0 924 100 695 200 672 300 262 400
1301 0 5 261 0 1036 100 634 200 1192 300 732 400
1302 0 5 576 0 11 100 267 200 1371 300 591 400
1303 0 5 1012 0 362 100 1434 200 950 300 322 400
1304 0 5 125 0 396 100 650 200 241 300 28 400
1305 0 5 213 0 892 100 852 200 301 300 152 400
1306 0 5 1020 0 753 100 1072 200 768 300 662 400
1307 0 5 1322 0 728 100 537 200 1492 300 837 400
1308 0 5 1066 0 656 100 691 200 11 300 619 400
1309 0 5 630 0 1496 100 689 200 360 300 743 400
1310 0 5 930 0 914 100 1069 200 35 300 1162 400
1311 0 5 476 0 1413 100 234 200 82 300 690 400
1312 0 5 351 0 1054 100 172 200 1469 300 1146 400
1313 0 5 341 0 999 100 312 200 1259 300 513 400
1314 0 5 72 0 321 100 745 200 116 300 374 400
1315 0 5 851 0 1403 100 246 200 1419 300 93 400
1316 0 5 1386 0 876 100 1328 200 1265 300 183 400
1317 0 5 1296 0 534 100 1261 200 386 300 112 400
1318 0 5 397 0 469 100 501 200 1105 300 878 400
1319 0 5 148 0 1215 100 9 200 1076 300 335 400
1320 0 5 183 0 1425 100 1328 200 1293 300 1469 400
1321 0 5 1120 0 154 100 696 200 24 300 977 400
1322 0 5 1307 0 537 100 1062 200 1358 300 728 400
1323 0 5 1292 0 116 100 398 200 993 300 1342 400
1324 0 5 1368 0 763 100 1082 200 755 300 301 400
1325 0 5 256 0 893 100 720 200 938 300 126 400
1326 0 5 90 0 620 100 347 200 770 300 772 400
1327 0 5 751 0 231 100 1416 200 1160 300 1222 400
1328 0 5 1469 0 289 100 1316 200 1320 300 183 400
1329 0 5 24 0 1204 100 758 200 1196 300 680 400
1330 0 5 259 0 699 100 216 200 375 300 619 400
1331 0 5 1025 0 754 100 1372 200 480 300 430 400
1332 0 5 1461 0 209 100 736 200 1333 300 526 400
1333 0 5 1076 0 209 100 384 200 1332 300 736 400
1334 0 5 83 0 1149 100 1143 200 513 300 445 400
1335 0 5 510 0 414 100 577 200 1166 300 75 400
1336 0 5 1482 0 419 100 781 200 1208 300 491 400
1337 0 5 1251 0 545 100 1029 200 431 300 1420 400
1338 0 5 971 0 1359 100 566 200 486 300 1088 400
1339 0 5 1286 0 1117 100 701 200 559 300 842 400
1340 0 5 246 0 1005 100 1089 200 887 300 735 400
1341 0 5 981 0 1164 100 645 200 635 300 812 400
1342 0 5 611 0 589 100 53 200 1106 300 398 400
1343 0 5 495 0 901 100 866 200 694 300 141 400
1344 0 5 601 0 1085 100 410 200 897 300 1239 400
1345 0 5 36 0 1018 100 398 200 255 300 611 400
1346 0 5 193 0 641 100 1194 200 727 300 639 400
1347 0 5 625 0 825 100 75 200 1152 300 515 400
1348 0 5 1205 0 915 100 586 200 503 300 1402 400
1349 0 5 629 0 1396 100 641 200 722 300 632 400
1350 0 5 184 0 194 100 189 200 222 300 1101 400
1351 0 5 190 0 563 100 307 200 295 300 1211 400
1352 0 5 1194 0 503 100 1376 200 527 300 193 400
1353 0 5 894 0 540 100 1486 200 770 300 73 400
1354 0 5 257 0 1141 100 371 200 223 300 678 400
1355 0 5 159 0 136 100 269 200 969 300 895 400
1356 0 5 104 0 493 100 329 200 635 300 830 400
1357 0 5 402 0 1286 100 734 200 701 300 252 400
1358 0 5 1062 0 184 100 1195 200 1322 300 614 400
1359 0 5 566 0 1338 100 124 200 971 300 685 400
1360 0 5 1374 0 967 100 881 200 660 300 884 400
1361 0 5 541 0 1065 100 502 200 127 300 577 400
1362 0 5 44 0 793 100 136 200 1094 300 1080 400
1363 0 5 862 0 1435 100 446 200 897 300 1499 400
1364 0 5 792 0 147 100 1270 200 1134 300 864 400
1365 0 5 702 0 314 100 1489 200 519 300 367 400
1366 0 5 649 0 1081 100 1426 200 281 300 1060 400
1367 0 5 1012 0 1385 100 1267 200 435 300 291 400
1368 0 5 1324 0 1111 100 907 200 833 300 755 400
1369 0 5 1073 0 667 100 1479 200 170 300 249 400
1370 0 5 1442 0 160 100 278 200 352 300 1213 400
1371 0 5 1392 0 584 100 1302 200 591 300 576 400
1372 0 5 754 0 1193 100 1043 200 144 300 333 400
1373 0 5 203 0 547 100 1180 200 19 300 582 400
1374 0 5 318 0 1360 100 661 200 881 300 660 400
1375 0 5 1379 0 1036 100 1072 200 1020 300 662 400
1376 0 5 727 0 1194 100 60 200 1352 300 1346 400
1377 0 5 127 0 1138 100 450 200 1065 300 1068 400
1378 0 5 320 0 1485 100 26 200 786 300 1409 400
1379 0 5 1375 0 1036 100 662 200 634 300 123 400
1380 0 5 507 0 130 100 1154 200 962 300 1276 400
1381 0 5 781 0 47 100 1482 200 682 300 95 400
1382 0 5 1131 0 221 100 1405 200 574 300 717 400
1383 0 5 858 0 776 100 595 200 735 300 93 400
1384 0 5 488 0 73 100 460 200 1426 300 281 400
1385 0 5 1367 0 1267 100 435 200 478 300 743 400
1386 0 5 1316 0 876 100 784 200 39 300 183 400
1387 0 5 1450 0 1112 100 1009 200 485 300 37 400
1388 0 5 673 0 746 100 1159 200 402 300 1465 400
1389 0 5 1404 0 330 100 1044 200 1152 300 227 400
1390 0 5 864 0 228 100 443 200 1026 300 391 400
1391 0 5 761 0 130 100 661 200 975 300 549 400
1392 0 5 1371 0 570 100 591 200 1291 300 1302 400
1393 0 5 87 0 828 100 1114 200 845 300 1187 400
1394 0 5 713 0 550 100 297 200 1429 300 553 400
1395 0 5 464 0 1437 100 731 200 405 300 496 400
1396 0 5 632 0 1349 100 629 200 767 300 431 400
1397 0 5 1233 0 555 100 238 200 400 300 302 400
1398 0 5 342 0 953 100 1219 200 392 300 271 400
1399 0 5 838 0 256 100 1099 200 309 300 1176 400
1400 0 5 740 0 1234 100 1118 200 1041 300 1423 400
1401 0 5 208 0 638 100 729 200 779 300 606 400
1402 0 5 1205 0 1203 100 785 200 108 300 836 400
1403 0 5 93 0 1315 100 1383 200 595 300 776 400
1404 0 5 1148 0 1152 100 1389 200 850 300 61 400
1405 0 5 717 0 221 100 1382 200 574 300 1472 400
1406 0 5 361 0 531 100 923 200 697 300 1294 400
1407 0 5 1165 0 737 100 216 200 378 300 699 400
1408 0 5 567 0 423 100 339 200 1116 300 745 400
1409 0 5 190 0 201 100 1010 200 340 300 786 400
1410 0 5 1189 0 1063 100 317 200 197 300 46 400
1411 0 5 118 0 1180 100 111 200 919 300 168 400
1412 0 5 803 0 97 100 1142 200 311 300 1207 400
1413 0 5 82 0 1311 100 1232 200 798 300 234 400
1414 0 5 760 0 829 100 664 200 482 300 370 400
1415 0 5 458 0 1463 100 532 200 1113 300 408 400
1416 0 5 231 0 1489 100 1327 200 409 300 636 400
1417 0 5 1096 0 27 100 1243 200 741 300 110 400
1418 0 5 725 0 1133 100 1254 200 1039 300 916 400
1419 0 5 1444 0 313 100 1315 200 93 300 330 400
1420 0 5 1251 0 545 100 163 200 235 300 1337 400
1421 0 5 479 0 814 100 1240 200 158 300 828 400
1422 0 5 768 0 1496 100 6 200 753 300 597 400
1423 0 5 1041 0 1155 100 802 200 1234 300 740 400
1424 0 5 659 0 764 100 275 200 1440 300 174 400
1425 0 5 1320 0 1146 100 1328 200 1469 300 1453 400
1426 0 5 281 0 1081 100 488 200 274 300 1366 400
1427 0 5 998 0 1474 100 222 200 540 300 1261 400
1428 0 5 882 0 846 100 692 200 1278 300 282 400
1429 0 5 517 0 297 100 970 200 29 300 550 400
1430 0 5 45 0 974 100 870 200 775 300 565 400
1431 0 5 1474 0 153 100 548 200 350 300 1028 400
1432 0 5 141 0 670 100 1448 200 331 300 144 400
1433 0 5 1034 0 375 100 1013 200 1272 300 1238 400
1434 0 5 997 0 833 100 1303 200 1130 300 907 400
1435 0 5 1363 0 403 100 446 200 505 300 544 400
1436 0 5 918 0 1269 100 1147 200 197 300 1189 400
1437 0 5 405 0 1395 100 464 200 229 300 175 400
1438 0 5 48 0 270 100 395 200 742 300 1259 400
1439 0 5 1447 0 691 100 92 200 267 300 357 400
1440 0 5 169 0 275 100 1424 200 1074 300 56 400
1441 0 5 1100 0 1502 100 1 200 1072 300 863 400
1442 0 5 1370 0 278 100 352 200 1297 300 1236 400
1443 0 5 1078 0 1019 100 973 200 471 300 837 400
1444 0 5 579 0 1419 100 313 200 1462 300 1315 400
1445 0 5 1182 0 1459 100 336 200 1156 300 940 400
1446 0 5 77 0 1209 100 696 200 724 300 468 400
1447 0 5 1439 0 357 100 92 200 1260 300 708 400
1448 0 5 91 0 1432 100 214 200 675 300 643 400
1449 0 5 606 0 1299 100 822 200 264 300 551 400
1450 0 5 485 0 1387 100 235 200 1009 300 37 400
1451 0 5 463 0 1013 100 1238 200 1034 300 1433 400
1452 0 5 284 0 704 100 474 200 1460 300 561 400
1453 0 5 1146 0 925 100 1425 200 766 300 1312 400
1454 0 5 181 0 705 100 1273 200 245 300 104 400
1455 0 5 873 0 420 100 1125 200 286 300 272 400
1456 0 5 1158 0 203 100 1052 200 310 300 569 400
1457 0 5 355 0 206 100 1191 200 826 300 389 400
1458 0 5 789 0 821 100 757 200 1153 300 1247 400
1459 0 5 439 0 1445 100 578 200 1298 300 336 400
1460 0 5 474 0 561 100 1168 200 1452 300 285 400
1461 0 5 1332 0 94 100 209 200 526 300 529 400
1462 0 5 449 0 579 100 1139 200 313 300 771 400
1463 0 5 408 0 428 100 682 200 1415 300 892 400
1464 0 5 778 0 1492 100 837 200 1001 300 728 400
1465 0 5 15 0 1159 100 131 200 1388 300 476 400
1466 0 5 328 0 134 100 1505 200 1504 300 1491 400
1467 0 5 1235 0 1230 100 869 200 376 300 523 400
1468 0 5 956 0 417 100 186 200 885 300 22 400
1469 0 5 1328 0 289 100 616 200 1312 300 1146 400
1470 0 5 1147 0 741 100 882 200 1136 300 684 400
1471 0 5 1043 0 331 100 1193 200 144 300 1372 400
1472 0 5 574 0 1134 100 803 200 717 300 1151 400
1473 0 5 590 0 849 100 908 200 1107 300 872 400
1474 0 5 1431 0 1427 100 548 200 1261 300 350 400
1475 0 5 955 0 1007 100 114 200 79 300 569 400
1476 0 5 143 0 811 100 478 200 1226 300 71 400
1477 0 5 1257 0 710 100 854 200 1279 300 716 400
1478 0 5 7 0 831 100 593 200 1086 300 352 400
1479 0 5 308 0 927 100 978 200 723 300 1016 400
1480 0 5 1134 0 192 100 1207 200 1270 300 1364 400
1481 0 5 1274 0 765 100 1002 200 1500 300 64 400
1482 0 5 1336 0 1381 100 47 200 682 300 781 400
1483 0 5 359 0 922 100 457 200 1045 300 756 400
1484 0 5 249 0 525 100 371 200 1079 300 1141 400
1485 0 5 1378 0 839 100 290 200 1010 300 1017 400
1486 0 5 1119 0 1353 100 770 200 894 300 540 400
1487 0 5 25 0 815 100 405 200 175 300 290 400
1488 0 5 392 0 928 100 961 200 953 300 38 400
1489 0 5 1416 0 636 100 409 200 804 300 239 400
1490 0 5 542 0 210 100 536 200 731 300 721 400
1491 0 5 280 0 117 100 1466 200 1512 300 1511 400
1492 0 5 1464 0 870 100 728 200 1307 300 778 400
1493 0 5 618 0 716 100 50 200 1156 300 363 400
1494 0 5 581 0 411 100 797 200 244 300 1173 400
1495 0 5 254 0 1058 100 273 200 610 300 103 400
1496 0 5 1422 0 689 100 1309 200 1092 300 6 400
1497 0 5 452 0 1197 100 447 200 385 300 110 400
1498 0 5 262 0 1258 100 13 200 1177 300 1029 400
1499 0 5 139 0 410 100 897 200 1085 300 1363 400
1500 0 5 40 0 437 100 64 200 475 300 1002 400
1501 0 5 312 0 1220 100 1135 200 341 300 999 400
1502 0 5 1441 0 117 100 1138 200 1375 300 935 400
1503 0 5 117 0 543 100 1138 200 1375 300 935 400
1504 0 5 543 0 1466 100 1138 200 1375 300 935 400
1505 0 5 1466 0 628 100 1138 200 1375 300 935 400
1506 0 5 1100 0 628 100 1138 200 1375 300 935 400
1507 0 5 1105 0 1100 100 1138 200 1375 300 935 400
1508 0 5 1105 0 1065 100 1138 200 1375 300 935 400
1509 0 5 1065 0 919 100 1138 200 1375 300 935 400
1510 0 5 919 0 111 100 1138 200 1375 300 935 400
1511 0 5 111 0 1491 100 1138 200 1375 300 935 400
1512 0 5 328 0 1491 100 1138 200 1375 300 935 400
1513 0 5 328 0 212 100 1138 200 1375 300 935 400
1514 0 5 454 0 212 100 1138 200 1375 300 935 400
1515 0 5 454 0 931 100 1138 200 1375 300 935 400
1516 0 5 931 0 577 100 1138 200 1375 300 935 400
1517 0 5 577 0 1138 100 1375 200 935 300 127 400
1518 0 5 1166 0 1138 100 1375 200 935 300 730 400
1519 0 5 1166 0 1138 100 1375 200 935 300 941 400
1520 0 5 947 0 1138 100 1375 200 941 300 935 400
1521 0 5 947 0 1138 100 1375 200 935 300 127 400
1522 0 5 469 0 1138 100 1375 200 935 300 127 400
1523 0 5 863 0 469 100 1138 200 1375 300 935 400
1524 0 5 1411 0 863 100 1138 200 1375 300 935 400
1525 0 5 1411 0 1138 100 1375 200 935 300 134 400
1526 0 5 1072 0 1138 100 1375 200 935 300 134 400
1527 0 5 1377 0 1072 100 1138 200 1375 300 935 400
1528 0 5 1377 0 1180 100 1138 200 1375 300 935 400
1529 0 5 1180 0 1138 100 1375 200 730 300 935 400
1530 0 5 1361 0 1138 100 1375 200 935 300 730 400
1531 0 5 1361 0 118 100 1138 200 730 300 1375 400
1532 0 5 118 0 1138 100 730 200 1375 300 935 400
1533 0 5 1138 0 676 100 730 200 1375 300 935 400
1534 0 5 986 0 676 100 730 200 1138 300 1375 400
1535 0 5 986 0 730 100 1138 200 1375 300 935 400
1536 0 5 1138 0 1375 100 935 200 730 300 1318 400
1537 0 5 730 0 1138 100 1318 200 1375 300 935 400
1538 0 5 730 0 1138 100 1375 200 935 300 127 400
1539 0 5 414 0 730 100 1138 200 935 300 1375 400
1540 0 5 204 0 1138 100 414 200 1375 300 935 400
-1
EOF
