1539
1 0 5 881 0 274 100 149 200 1121 300 712 400
2 0 5 1366 0 243 100 895 200 1010 300 457 400
3 0 5 240 0 203 100 259 200 1477 300 680 400
4 0 5 624 0 155 100 1432 200 396 300 1367 400
5 0 5 1139 0 1500 100 248 200 759 300 1031 400
6 0 5 476 0 613 100 846 200 1437 300 656 400
7 0 5 568 0 1384 100 71 200 1063 300 211 400
8 0 5 534 0 1322 100 1381 200 80 300 867 400
9 0 5 314 0 561 100 1481 200 16 300 1125 400
10 0 5 980 0 387 100 1171 200 196 300 1469 400
11 0 5 1306 0 944 100 545 200 1299 300 133 400
12 0 5 420 0 1097 100 483 200 311 300 95 400
13 0 5 1395 0 643 100 153 200 1033 300 638 400
14 0 5 675 0 466 100 529 200 690 300 774 400
15 0 5 246 0 562 100 935 200 422 300 772 400
16 0 5 1125 0 314 100 707 200 9 300 1382 400
17 0 5 333 0 1403 100 1390 200 217 300 196 400
18 0 5 828 0 938 100 509 200 315 300 162 400
19 0 5 466 0 884 100 1237 200 14 300 529 400
20 0 5 550 0 916 100 1019 200 59 300 1102 400
21 0 5 1409 0 268 100 1051 200 891 300 1354 400
22 0 5 570 0 1385 100 1228 200 230 300 758 400
23 0 5 527 0 1069 100 206 200 488 300 667 400
24 0 5 810 0 106 100 261 200 340 300 60 400
25 0 5 966 0 1314 100 970 200 435 300 1369 400
26 0 5 1007 0 357 100 879 200 66 300 700 400
27 0 5 107 0 1212 100 357 200 410 300 906 400
28 0 5 303 0 873 100 552 200 631 300 719 400
29 0 5 1298 0 718 100 1454 200 1011 300 574 400
30 0 5 1262 0 815 100 541 200 406 300 1246 400
31 0 5 829 0 1099 100 392 200 882 300 445 400
32 0 5 139 0 691 100 1284 200 983 300 137 400
33 0 5 392 0 1071 100 1507 200 1506 300 882 400
34 0 5 1274 0 595 100 370 200 1277 300 561 400
35 0 5 687 0 56 100 1263 200 109 300 148 400
36 0 5 1284 0 492 100 602 200 193 300 139 400
37 0 5 1159 0 1232 100 549 200 1148 300 1042 400
38 0 5 1175 0 769 100 777 200 486 300 786 400
39 0 5 790 0 77 100 1225 200 1191 300 552 400
40 0 5 1347 0 633 100 1030 200 664 300 126 400
41 0 5 650 0 499 100 601 200 1208 300 359 400
42 0 5 745 0 659 100 324 200 458 300 1111 400
43 0 5 255 0 1179 100 201 200 1483 300 645 400
44 0 5 610 0 1499 100 257 200 364 300 49 400
45 0 5 1200 0 942 100 967 200 226 300 693 400
46 0 5 72 0 1262 100 1475 200 680 300 541 400
47 0 5 1015 0 537 100 1161 200 897 300 1407 400
48 0 5 148 0 1190 100 878 200 1125 300 445 400
49 0 5 610 0 662 100 257 200 263 300 364 400
50 0 5 197 0 1056 100 433 200 1334 300 1034 400
51 0 5 1495 0 1247 100 297 200 557 300 391 400
52 0 5 1354 0 1023 100 284 200 1051 300 268 400
53 0 5 1459 0 1087 100 809 200 1029 300 1037 400
54 0 5 465 0 852 100 1235 200 587 300 289 400
55 0 5 488 0 417 100 1132 200 1206 300 1069 400
56 0 5 35 0 115 100 878 200 112 300 1263 400
57 0 5 1163 0 1355 100 615 200 666 300 1267 400
58 0 5 395 0 418 100 553 200 582 300 285 400
59 0 5 916 0 946 100 20 200 550 300 971 400
60 0 5 956 0 1394 100 261 200 1183 300 379 400
61 0 5 709 0 1064 100 170 200 138 300 723 400
62 0 5 642 0 1301 100 111 200 154 300 1052 400
63 0 5 1233 0 1327 100 345 200 405 300 932 400
64 0 5 219 0 469 100 495 200 1013 300 614 400
65 0 5 93 0 75 100 1330 200 1457 300 342 400
66 0 5 879 0 1185 100 1335 200 198 300 1007 400
67 0 5 905 0 1193 100 1002 200 1145 300 125 400
68 0 5 1022 0 273 100 1260 200 1414 300 1137 400
69 0 5 331 0 398 100 493 200 606 300 637 400
70 0 5 1437 0 964 100 613 200 959 300 846 400
71 0 5 1384 0 251 100 7 200 1055 300 1282 400
72 0 5 46 0 1477 100 506 200 680 300 276 400
73 0 5 147 0 454 100 1164 200 839 300 1017 400
74 0 5 178 0 593 100 729 200 319 300 163 400
75 0 5 1330 0 65 100 875 200 161 300 342 400
76 0 5 660 0 499 100 913 200 960 300 840 400
77 0 5 1273 0 39 100 1225 200 552 300 1463 400
78 0 5 122 0 1049 100 92 200 1260 300 229 400
79 0 5 616 0 976 100 142 200 604 300 1295 400
80 0 5 344 0 1381 100 1322 200 8 300 575 400
81 0 5 453 0 788 100 983 200 1452 300 1198 400
82 0 5 482 0 90 100 1461 200 135 300 1362 400
83 0 5 254 0 485 100 1373 200 1377 300 854 400
84 0 5 330 0 835 100 890 200 1291 300 329 400
85 0 5 990 0 780 100 1478 200 836 300 1302 400
86 0 5 1434 0 486 100 402 200 1257 300 994 400
87 0 5 179 0 270 100 217 200 1094 300 10 400
88 0 5 783 0 841 100 536 200 1296 300 1118 400
89 0 5 442 0 463 100 481 200 1103 300 350 400
90 0 5 1461 0 82 100 362 200 1362 300 482 400
91 0 5 340 0 224 100 764 200 1155 300 106 400
92 0 5 635 0 1260 100 122 200 894 300 273 400
93 0 5 65 0 161 100 1387 200 1463 300 238 400
94 0 5 424 0 1189 100 415 200 1363 300 533 400
95 0 5 1097 0 869 100 1050 200 12 300 624 400
96 0 5 790 0 108 100 1191 200 1293 300 685 400
97 0 5 390 0 1393 100 760 200 658 300 1303 400
98 0 5 831 0 713 100 479 200 1196 300 652 400
99 0 5 571 0 1014 100 922 200 927 300 633 400
100 0 5 174 0 211 100 898 200 1348 300 568 400
101 0 5 1153 0 130 100 384 200 1193 300 905 400
102 0 5 797 0 1294 100 726 200 316 300 851 400
103 0 5 719 0 1156 100 873 200 813 300 731 400
104 0 5 382 0 160 100 1083 200 1032 300 255 400
105 0 5 524 0 1202 100 1278 200 530 300 1460 400
106 0 5 1210 0 24 100 1155 200 1292 300 91 400
107 0 5 410 0 27 100 1212 200 974 300 190 400
108 0 5 96 0 685 100 227 200 1293 300 1191 400
109 0 5 148 0 1453 100 1481 200 200 300 1125 400
110 0 5 1167 0 328 100 1225 200 1273 300 1024 400
111 0 5 1052 0 136 100 1443 200 62 300 1301 400
112 0 5 1277 0 200 100 56 200 687 300 1453 400
113 0 5 1240 0 1019 100 1077 200 916 300 1482 400
114 0 5 742 0 737 100 472 200 116 300 962 400
115 0 5 56 0 734 100 543 200 35 300 1263 400
116 0 5 634 0 737 100 114 200 1139 300 248 400
117 0 5 970 0 1142 100 567 200 1462 300 366 400
118 0 5 1292 0 1311 100 1155 200 1014 300 571 400
119 0 5 433 0 1034 100 539 200 483 300 1334 400
120 0 5 515 0 524 100 1360 200 666 300 1074 400
121 0 5 1287 0 421 100 1211 200 369 300 982 400
122 0 5 78 0 1049 100 92 200 1260 300 1022 400
123 0 5 1359 0 588 100 547 200 352 300 373 400
124 0 5 871 0 1376 100 244 200 1172 300 484 400
125 0 5 301 0 375 100 67 200 338 300 1183 400
126 0 5 598 0 1030 100 1323 200 992 300 793 400
127 0 5 591 0 785 100 943 200 265 300 477 400
128 0 5 1279 0 436 100 926 200 556 300 229 400
129 0 5 788 0 1011 100 931 200 1006 300 81 400
130 0 5 384 0 101 100 770 200 1153 300 267 400
131 0 5 260 0 425 100 451 200 440 300 404 400
132 0 5 818 0 941 100 1423 200 198 300 244 400
133 0 5 1234 0 944 100 11 200 289 300 310 400
134 0 5 1271 0 912 100 884 200 412 300 1158 400
135 0 5 757 0 1328 100 1135 200 1290 300 409 400
136 0 5 1004 0 1443 100 111 200 167 300 1052 400
137 0 5 691 0 305 100 1284 200 193 300 32 400
138 0 5 1180 0 723 100 61 200 771 300 830 400
139 0 5 32 0 602 100 1008 200 36 300 1284 400
140 0 5 441 0 885 100 527 200 746 300 811 400
141 0 5 1474 0 1081 100 1283 200 308 300 468 400
142 0 5 976 0 984 100 79 200 1220 300 616 400
143 0 5 226 0 1318 100 1289 200 1200 300 567 400
144 0 5 485 0 1377 100 83 200 866 300 254 400
145 0 5 1492 0 168 100 417 200 455 300 1132 400
146 0 5 284 0 282 100 1482 200 1240 300 535 400
147 0 5 73 0 1242 100 856 200 1017 300 1164 400
148 0 5 109 0 48 100 878 200 1190 300 1125 400
149 0 5 189 0 559 100 468 200 1402 300 1081 400
150 0 5 1396 0 894 100 191 200 643 300 563 400
151 0 5 917 0 700 100 1335 200 906 300 1349 400
152 0 5 1411 0 794 100 816 200 1373 300 242 400
153 0 5 638 0 1348 100 13 200 174 300 568 400
154 0 5 432 0 1301 100 247 200 1273 300 1457 400
155 0 5 1321 0 4 100 1367 200 1432 300 420 400
156 0 5 1025 0 228 100 1296 200 1093 300 807 400
157 0 5 298 0 438 100 1114 200 651 300 208 400
158 0 5 826 0 1441 100 1226 200 416 300 533 400
159 0 5 880 0 1201 100 596 200 1192 300 401 400
160 0 5 104 0 430 100 1255 200 413 300 255 400
161 0 5 1387 0 93 100 342 200 591 300 75 400
162 0 5 828 0 1108 100 315 200 495 300 872 400
163 0 5 648 0 319 100 178 200 508 300 1238 400
164 0 5 416 0 207 100 658 200 750 300 1226 400
165 0 5 514 0 1248 100 722 200 744 300 1455 400
166 0 5 637 0 180 100 394 200 606 300 1266 400
167 0 5 767 0 1052 100 136 200 923 300 1204 400
168 0 5 848 0 1492 100 145 200 1128 300 903 400
169 0 5 520 0 1346 100 429 200 1297 300 782 400
170 0 5 1143 0 343 100 337 200 61 300 554 400
171 0 5 264 0 1258 100 802 200 584 300 959 400
172 0 5 1115 0 512 100 1215 200 1228 300 1349 400
173 0 5 426 0 934 100 279 200 961 300 365 400
174 0 5 100 0 638 100 898 200 1436 300 407 400
175 0 5 580 0 1315 100 281 200 335 300 601 400
176 0 5 483 0 973 100 311 200 539 300 419 400
177 0 5 298 0 1360 100 1114 200 258 300 192 400
178 0 5 74 0 163 100 319 200 508 300 593 400
179 0 5 87 0 1094 100 1445 200 270 300 284 400
180 0 5 394 0 166 100 1266 200 638 300 606 400
181 0 5 233 0 773 100 710 200 738 300 763 400
182 0 5 1320 0 502 100 623 200 489 300 661 400
183 0 5 1476 0 1269 100 935 200 400 300 456 400
184 0 5 865 0 332 100 911 200 526 300 1435 400
185 0 5 731 0 1265 100 1151 200 908 300 1156 400
186 0 5 1208 0 1375 100 996 200 752 300 650 400
187 0 5 286 0 1319 100 933 200 969 300 1042 400
188 0 5 210 0 889 100 275 200 431 300 272 400
189 0 5 149 0 1402 100 559 200 308 300 581 400
190 0 5 1001 0 513 100 738 200 758 300 300 400
191 0 5 1122 0 150 100 273 200 563 300 965 400
192 0 5 1114 0 434 100 312 200 874 300 573 400
193 0 5 305 0 1284 100 36 200 137 300 492 400
194 0 5 962 0 1070 100 965 200 191 300 563 400
195 0 5 1205 0 872 100 1259 200 1493 300 1305 400
196 0 5 351 0 10 100 1469 200 752 300 1136 400
197 0 5 428 0 50 100 1056 200 1472 300 861 400
198 0 5 977 0 1172 100 66 200 132 300 1376 400
199 0 5 414 0 1405 100 1337 200 585 300 1079 400
200 0 5 1453 0 1481 100 112 200 1277 300 109 400
201 0 5 255 0 43 100 869 200 396 300 382 400
202 0 5 1182 0 858 100 578 200 418 300 1413 400
203 0 5 3 0 680 100 779 200 629 300 240 400
204 0 5 443 0 266 100 1144 200 1107 300 368 400
205 0 5 297 0 557 100 636 200 285 300 582 400
206 0 5 1275 0 667 100 487 200 746 300 23 400
207 0 5 533 0 164 100 416 200 669 300 1441 400
208 0 5 651 0 361 100 1244 200 157 300 1303 400
209 0 5 496 0 299 100 1083 200 430 300 1468 400
210 0 5 188 0 1009 100 583 200 408 300 1236 400
211 0 5 1348 0 100 100 568 200 174 300 638 400
212 0 5 1048 0 1451 100 683 200 1188 300 521 400
213 0 5 1358 0 1371 100 798 200 708 300 1009 400
214 0 5 876 0 678 100 995 200 1254 300 544 400
215 0 5 817 0 891 100 1486 200 762 300 1438 400
216 0 5 1424 0 470 100 547 200 1420 300 981 400
217 0 5 387 0 1403 100 980 200 17 300 333 400
218 0 5 1374 0 1430 100 925 200 444 300 1427 400
219 0 5 64 0 897 100 808 200 1170 300 1000 400
220 0 5 586 0 600 100 1227 200 1460 300 573 400
221 0 5 542 0 859 100 547 200 726 300 373 400
222 0 5 597 0 1316 100 679 200 409 300 1102 400
223 0 5 1038 0 1138 100 1054 200 1397 300 964 400
224 0 5 91 0 1155 100 764 200 1311 300 411 400
225 0 5 594 0 1329 100 908 200 494 300 227 400
226 0 5 1200 0 143 100 942 200 45 300 1289 400
227 0 5 397 0 1329 100 908 200 1286 300 108 400
228 0 5 936 0 156 100 237 200 1126 300 1344 400
229 0 5 1049 0 1279 100 556 200 1322 300 1381 400
230 0 5 887 0 570 100 22 200 1228 300 1215 400
231 0 5 815 0 1027 100 30 200 1246 300 406 400
232 0 5 1236 0 1445 100 268 200 1009 300 21 400
233 0 5 1078 0 181 100 773 200 378 300 738 400
234 0 5 903 0 1365 100 1090 200 455 300 1132 400
235 0 5 849 0 958 100 677 200 940 300 1010 400
236 0 5 1258 0 802 100 959 200 522 300 171 400
237 0 5 985 0 321 100 228 200 1126 300 807 400
238 0 5 1463 0 1457 100 552 200 631 300 93 400
239 0 5 383 0 706 100 1098 200 792 300 335 400
240 0 5 3 0 259 100 203 200 276 300 355 400
241 0 5 914 0 1272 100 760 200 1446 300 470 400
242 0 5 816 0 794 100 854 200 1373 300 844 400
243 0 5 1043 0 2 100 1366 200 895 300 1231 400
244 0 5 1172 0 871 100 124 200 1376 300 198 400
245 0 5 616 0 315 100 872 200 79 300 1295 400
246 0 5 15 0 252 100 562 200 1276 300 1456 400
247 0 5 820 0 560 100 642 200 154 300 1096 400
248 0 5 380 0 1139 100 5 200 634 300 1031 400
249 0 5 939 0 622 100 1283 200 761 300 389 400
250 0 5 803 0 1270 100 703 200 605 300 507 400
251 0 5 1055 0 71 100 1282 200 888 300 1270 400
252 0 5 290 0 246 100 698 200 1276 300 516 400
253 0 5 766 0 688 100 756 200 1105 300 708 400
254 0 5 83 0 1373 100 866 200 1377 300 485 400
255 0 5 43 0 201 100 382 200 104 300 1179 400
256 0 5 258 0 874 100 1360 200 312 300 1460 400
257 0 5 364 0 44 100 49 200 263 300 1499 400
258 0 5 256 0 1360 100 177 200 192 300 874 400
259 0 5 240 0 355 100 3 200 276 300 1477 400
260 0 5 440 0 131 100 1136 200 425 300 451 400
261 0 5 379 0 1183 100 60 200 810 300 24 400
262 0 5 1336 0 1091 100 603 200 1467 300 1429 400
263 0 5 662 0 1500 100 257 200 5 300 1139 400
264 0 5 584 0 171 100 802 200 70 300 522 400
265 0 5 336 0 821 100 591 200 1387 300 127 400
266 0 5 368 0 1144 100 204 200 899 300 749 400
267 0 5 831 0 130 100 770 200 652 300 1150 400
268 0 5 1051 0 21 100 284 200 232 300 52 400
269 0 5 1252 0 757 100 864 200 1356 300 754 400
270 0 5 1482 0 87 100 179 200 721 300 1077 400
271 0 5 951 0 854 100 844 200 485 300 242 400
272 0 5 275 0 1391 100 408 200 1046 300 210 400
273 0 5 1260 0 1122 100 68 200 191 300 92 400
274 0 5 1502 0 1 100 953 200 702 300 33 400
275 0 5 272 0 431 100 188 200 889 300 210 400
276 0 5 1031 0 355 100 1477 200 259 300 646 400
277 0 5 1152 0 630 100 1359 200 1424 300 981 400
278 0 5 1444 0 492 100 1326 200 919 300 589 400
279 0 5 934 0 957 100 961 200 173 300 1400 400
280 0 5 1483 0 1050 100 869 200 377 300 653 400
281 0 5 852 0 293 100 289 200 968 300 54 400
282 0 5 146 0 1240 100 535 200 1482 300 1023 400
283 0 5 1272 0 863 100 1420 200 470 300 241 400
284 0 5 146 0 52 100 268 200 1023 300 1051 400
285 0 5 636 0 553 100 205 200 777 300 582 400
286 0 5 187 0 969 100 693 200 1319 300 45 400
287 0 5 566 0 837 100 538 200 1390 300 1288 400
288 0 5 832 0 592 100 1047 200 367 300 1257 400
289 0 5 748 0 944 100 359 200 281 300 587 400
290 0 5 252 0 516 100 698 200 302 300 325 400
291 0 5 672 0 306 100 1439 200 1250 300 896 400
292 0 5 825 0 623 100 489 200 182 300 1487 400
293 0 5 993 0 359 100 281 200 601 300 748 400
294 0 5 1334 0 735 100 1313 200 1028 300 1243 400
295 0 5 674 0 1470 100 339 200 1361 300 548 400
296 0 5 1199 0 781 100 1471 200 716 300 819 400
297 0 5 205 0 557 100 51 200 957 300 1495 400
298 0 5 177 0 157 100 1114 200 438 300 1360 400
299 0 5 496 0 209 100 460 200 1380 300 1083 400
300 0 5 1040 0 540 100 1473 200 974 300 190 400
301 0 5 125 0 338 100 1145 200 375 300 67 400
302 0 5 833 0 325 100 290 200 1484 300 698 400
303 0 5 775 0 28 100 1084 200 719 300 873 400
304 0 5 1216 0 1248 100 1418 200 722 300 1028 400
305 0 5 193 0 137 100 644 200 1003 300 1284 400
306 0 5 1101 0 883 100 291 200 992 300 1112 400
307 0 5 778 0 1289 100 668 200 1440 300 366 400
308 0 5 893 0 1219 100 1082 200 189 300 692 400
309 0 5 1117 0 621 100 687 200 1277 300 1263 400
310 0 5 1241 0 545 100 1234 200 1392 300 320 400
311 0 5 420 0 176 100 483 200 12 300 539 400
312 0 5 860 0 573 100 192 200 1227 300 434 400
313 0 5 800 0 555 100 1496 200 1060 300 611 400
314 0 5 16 0 9 100 561 200 1203 300 1300 400
315 0 5 509 0 245 100 162 200 1295 300 621 400
316 0 5 1433 0 851 100 374 200 797 300 1516 400
317 0 5 1037 0 582 100 557 200 205 300 1247 400
318 0 5 1271 0 356 100 1158 200 884 300 134 400
319 0 5 592 0 163 100 648 200 178 300 1238 400
320 0 5 436 0 926 100 1234 200 1241 300 128 400
321 0 5 1344 0 237 100 751 200 1292 300 571 400
322 0 5 950 0 1045 100 1130 200 1105 300 605 400
323 0 5 1327 0 661 100 1177 200 1233 300 363 400
324 0 5 732 0 546 100 595 200 314 300 458 400
325 0 5 1113 0 516 100 302 200 290 300 768 400
326 0 5 1448 0 989 100 720 200 477 300 1150 400
327 0 5 1352 0 1510 100 1509 200 374 300 316 400
328 0 5 110 0 1273 100 1225 200 1167 300 432 400
329 0 5 1291 0 866 100 1377 200 599 300 84 400
330 0 5 84 0 890 100 381 200 866 300 1020 400
331 0 5 69 0 493 100 534 200 398 300 867 400
332 0 5 184 0 741 100 692 200 1309 300 865 400
333 0 5 17 0 1390 100 217 200 837 300 1403 400
334 0 5 1084 0 821 100 716 200 1387 300 775 400
335 0 5 904 0 1315 100 383 200 792 300 706 400
336 0 5 1199 0 265 100 821 200 716 300 591 400
337 0 5 1143 0 847 100 1464 200 572 300 170 400
338 0 5 1183 0 301 100 1430 200 1145 300 1374 400
339 0 5 999 0 682 100 295 200 548 300 1470 400
340 0 5 91 0 764 100 755 200 810 300 24 400
341 0 5 368 0 749 100 1106 200 503 300 1340 400
342 0 5 591 0 875 100 161 200 65 300 75 400
343 0 5 554 0 1064 100 170 200 558 300 1124 400
344 0 5 80 0 575 100 8 200 404 300 1381 400
345 0 5 1214 0 405 100 63 200 1422 300 1174 400
346 0 5 743 0 1501 100 1268 200 833 300 302 400
347 0 5 924 0 747 100 933 200 1400 300 1447 400
348 0 5 504 0 1080 100 1141 200 654 300 684 400
349 0 5 1185 0 1071 100 829 200 818 300 1099 400
350 0 5 481 0 845 100 89 200 232 300 431 400
351 0 5 196 0 996 100 640 200 538 300 752 400
352 0 5 1120 0 1359 100 630 200 877 300 277 400
353 0 5 531 0 458 100 1066 200 907 300 595 400
354 0 5 864 0 1380 100 1468 200 754 300 1252 400
355 0 5 259 0 276 100 1031 200 737 300 380 400
356 0 5 1443 0 318 100 1004 200 1158 300 136 400
357 0 5 26 0 879 100 906 200 27 300 1212 400
358 0 5 856 0 1374 100 1394 200 956 300 925 400
359 0 5 293 0 993 100 650 200 748 300 41 400
360 0 5 497 0 441 100 1428 200 614 300 1194 400
361 0 5 555 0 208 100 842 200 611 300 651 400
362 0 5 1388 0 1461 100 504 200 90 300 1141 400
363 0 5 1223 0 641 100 661 200 1029 300 1177 400
364 0 5 257 0 1499 100 1369 200 435 300 966 400
365 0 5 1016 0 426 100 1148 200 931 300 961 400
366 0 5 567 0 1289 100 970 200 1440 300 117 400
367 0 5 832 0 1073 100 288 200 1447 300 1062 400
368 0 5 341 0 266 100 1144 200 749 300 204 400
369 0 5 423 0 867 100 121 200 421 300 1287 400
370 0 5 1187 0 34 100 1274 200 1368 300 621 400
371 0 5 1001 0 776 100 758 200 1215 300 1212 400
372 0 5 1464 0 1143 100 554 200 170 300 343 400
373 0 5 588 0 1078 100 547 200 859 300 542 400
374 0 5 887 0 316 100 327 200 1352 300 978 400
375 0 5 125 0 379 100 911 200 301 300 1183 400
376 0 5 1361 0 1476 100 400 200 1012 300 530 400
377 0 5 1034 0 1050 100 653 200 280 300 1097 400
378 0 5 513 0 738 100 1419 200 710 300 181 400
379 0 5 261 0 375 100 810 200 1183 300 60 400
380 0 5 248 0 634 100 1031 200 355 300 646 400
381 0 5 1020 0 890 100 330 200 84 300 1221 400
382 0 5 104 0 1083 100 1032 200 255 300 201 400
383 0 5 239 0 915 100 459 200 335 300 904 400
384 0 5 130 0 853 100 101 200 806 300 905 400
385 0 5 1465 0 735 100 539 200 1041 300 294 400
386 0 5 1312 0 752 100 440 200 196 300 1234 400
387 0 5 980 0 217 100 10 200 1403 300 87 400
388 0 5 668 0 675 100 1440 200 14 300 778 400
389 0 5 622 0 670 100 1085 200 249 300 1488 400
390 0 5 97 0 750 100 619 200 669 300 1303 400
391 0 5 834 0 997 100 934 200 1495 300 51 400
392 0 5 33 0 829 100 882 200 1071 300 31 400
393 0 5 532 0 987 100 1251 200 1350 300 728 400
394 0 5 180 0 166 100 638 200 1266 300 606 400
395 0 5 58 0 578 100 858 200 553 300 582 400
396 0 5 1032 0 608 100 1432 200 1035 300 869 400
397 0 5 227 0 1286 100 1293 200 1191 300 1265 400
398 0 5 69 0 606 100 894 200 493 300 635 400
399 0 5 1281 0 747 100 699 200 1079 300 577 400
400 0 5 1476 0 1380 100 376 200 1269 300 183 400
401 0 5 1061 0 490 100 627 200 1162 300 159 400
402 0 5 1209 0 86 100 1062 200 1257 300 1434 400
403 0 5 1431 0 769 100 705 200 786 300 855 400
404 0 5 575 0 451 100 344 200 926 300 131 400
405 0 5 1422 0 1177 100 345 200 1327 300 63 400
406 0 5 30 0 1262 100 1475 200 690 300 1027 400
407 0 5 1436 0 1266 100 898 200 174 300 892 400
408 0 5 1421 0 694 100 272 200 210 300 1046 400
409 0 5 679 0 1188 100 1490 200 222 300 135 400
410 0 5 107 0 974 100 27 200 1285 300 1417 400
411 0 5 930 0 1311 100 793 200 598 300 764 400
412 0 5 1331 0 912 100 1158 200 942 300 134 400
413 0 5 1489 0 1255 100 160 200 255 300 550 400
414 0 5 199 0 804 100 585 200 1364 300 1325 400
415 0 5 1261 0 1441 100 1363 200 94 300 826 400
416 0 5 164 0 658 100 207 200 1226 300 158 400
417 0 5 55 0 1206 100 145 200 733 300 1132 400
418 0 5 1413 0 58 100 202 200 553 300 578 400
419 0 5 1276 0 1149 100 422 200 973 300 1456 400
420 0 5 311 0 12 100 483 200 155 300 422 400
421 0 5 1026 0 121 100 1211 200 1171 300 369 400
422 0 5 772 0 1149 100 419 200 15 300 991 400
423 0 5 369 0 1026 100 451 200 1136 300 425 400
424 0 5 94 0 1410 100 619 200 533 300 1189 400
425 0 5 451 0 1136 100 131 200 260 300 423 400
426 0 5 173 0 365 100 1016 200 961 300 279 400
427 0 5 633 0 1323 100 1378 200 1014 300 1030 400
428 0 5 197 0 1338 100 929 200 1059 300 861 400
429 0 5 1392 0 520 100 1241 200 372 300 169 400
430 0 5 160 0 1328 100 1255 200 1468 300 209 400
431 0 5 889 0 845 100 275 200 188 300 350 400
432 0 5 154 0 1273 100 328 200 1167 300 1301 400
433 0 5 119 0 50 100 1034 200 1334 300 1056 400
434 0 5 1408 0 192 100 1393 200 312 300 914 400
435 0 5 450 0 1314 100 1138 200 1054 300 1397 400
436 0 5 320 0 128 100 926 200 1279 300 556 400
437 0 5 1459 0 809 100 475 200 1087 300 1247 400
438 0 5 611 0 651 100 157 200 1360 300 298 400
439 0 5 809 0 955 100 628 200 475 300 1029 400
440 0 5 260 0 131 100 386 200 752 300 1312 400
441 0 5 140 0 497 100 1119 200 360 300 870 400
442 0 5 1103 0 89 100 982 200 1171 300 1211 400
443 0 5 204 0 921 100 868 200 1351 300 782 400
444 0 5 925 0 1427 100 218 200 902 300 1430 400
445 0 5 1190 0 882 100 392 200 31 300 48 400
446 0 5 658 0 470 100 760 200 216 300 1339 400
447 0 5 559 0 1220 100 1039 200 734 300 1402 400
448 0 5 768 0 797 100 937 200 1501 300 1268 400
449 0 5 1041 0 1517 100 1518 200 1450 300 1418 400
450 0 5 1314 0 435 100 1462 200 1397 300 117 400
451 0 5 425 0 404 100 131 200 575 300 423 400
452 0 5 1072 0 1425 100 1090 200 784 300 711 400
453 0 5 81 0 1198 100 1166 200 1452 300 1386 400
454 0 5 1173 0 73 100 799 200 1164 300 839 400
455 0 5 1365 0 1492 100 1132 200 145 300 1090 400
456 0 5 1012 0 795 100 183 200 1476 300 1278 400
457 0 5 1053 0 519 100 1231 200 1043 300 2 400
458 0 5 546 0 353 100 531 200 42 300 659 400
459 0 5 915 0 923 100 383 200 1225 300 1167 400
460 0 5 299 0 608 100 862 200 496 300 910 400
461 0 5 1221 0 564 100 1413 200 1494 300 777 400
462 0 5 796 0 812 100 541 200 639 300 506 400
463 0 5 982 0 89 100 1067 200 845 300 1211 400
464 0 5 701 0 840 100 645 200 789 300 76 400
465 0 5 587 0 1235 100 54 200 852 300 1057 400
466 0 5 19 0 14 100 529 200 675 300 1237 400
467 0 5 1074 0 1496 100 666 200 611 300 800 400
468 0 5 1081 0 1307 100 761 200 576 300 1095 400
469 0 5 1104 0 1197 100 64 200 1013 300 1108 400
470 0 5 760 0 446 100 216 200 283 300 1272 400
471 0 5 494 0 1121 100 1455 200 225 300 1216 400
472 0 5 1340 0 749 100 114 200 742 300 962 400
473 0 5 1235 0 968 100 704 200 852 300 1116 400
474 0 5 1506 0 1505 100 1131 200 1095 300 805 400
475 0 5 1249 0 822 100 628 200 437 300 439 400
476 0 5 6 0 696 100 1462 200 656 300 1086 400
477 0 5 326 0 781 100 785 200 1199 300 1150 400
478 0 5 1224 0 1008 100 788 200 909 300 139 400
479 0 5 1196 0 713 100 602 200 98 300 831 400
480 0 5 1442 0 1243 100 1472 200 1248 300 1334 400
481 0 5 350 0 1445 100 1094 200 89 300 845 400
482 0 5 82 0 1362 100 90 200 1356 300 135 400
483 0 5 176 0 311 100 420 200 119 300 12 400
484 0 5 707 0 727 100 1300 200 1382 300 1376 400
485 0 5 144 0 83 100 854 200 1377 300 951 400
486 0 5 1434 0 86 100 786 200 38 300 205 400
487 0 5 1178 0 897 100 206 200 885 300 1407 400
488 0 5 55 0 811 100 527 200 1132 300 23 400
489 0 5 1320 0 1487 100 182 200 623 300 292 400
490 0 5 579 0 401 100 1061 200 1162 300 979 400
491 0 5 618 0 1067 100 1391 200 1046 300 686 400
492 0 5 278 0 36 100 602 200 193 300 1196 400
493 0 5 331 0 534 100 69 200 398 300 1322 400
494 0 5 471 0 1455 100 715 200 1341 300 225 400
495 0 5 780 0 1108 100 64 200 162 300 828 400
496 0 5 299 0 209 100 460 200 1083 300 1032 400
497 0 5 360 0 885 100 441 200 140 300 1178 400
498 0 5 963 0 1310 100 657 200 1111 300 659 400
499 0 5 660 0 913 100 76 200 41 300 975 400
500 0 5 1129 0 508 100 1411 200 522 300 802 400
501 0 5 1343 0 789 100 1288 200 971 300 689 400
502 0 5 724 0 182 100 1320 200 1168 300 1174 400
503 0 5 1106 0 965 100 341 200 1107 300 749 400
504 0 5 348 0 1141 100 362 200 671 300 1388 400
505 0 5 654 0 1451 100 1490 200 684 300 1080 400
506 0 5 812 0 646 100 823 200 1127 300 72 400
507 0 5 1140 0 756 100 605 200 250 300 1270 400
508 0 5 1238 0 500 100 648 200 1129 300 178 400
509 0 5 938 0 315 100 18 200 621 300 495 400
510 0 5 1372 0 1179 100 946 200 501 300 550 400
511 0 5 697 0 960 100 913 200 791 300 1256 400
512 0 5 172 0 978 100 1215 200 1349 300 1317 400
513 0 5 1473 0 378 100 190 200 738 300 540 400
514 0 5 744 0 165 100 1176 200 901 300 1248 400
515 0 5 120 0 666 100 530 200 1229 300 999 400
516 0 5 290 0 325 100 827 200 698 300 252 400
517 0 5 1487 0 1304 100 1065 200 1466 300 839 400
518 0 5 928 0 849 100 677 200 1010 300 532 400
519 0 5 1043 0 1040 100 457 200 958 300 300 400
520 0 5 169 0 429 100 572 200 1346 300 554 400
521 0 5 1048 0 535 100 1316 200 1188 300 212 400
522 0 5 959 0 802 100 1218 200 236 300 500 400
523 0 5 612 0 677 100 1389 200 728 300 518 400
524 0 5 120 0 105 100 1360 200 530 300 515 400
525 0 5 667 0 784 100 972 200 711 300 1090 400
526 0 5 1399 0 893 100 741 200 1219 300 332 400
527 0 5 23 0 746 100 811 200 140 300 488 400
528 0 5 947 0 1342 100 684 200 1353 300 1451 400
529 0 5 1415 0 14 100 466 200 1404 300 1237 400
530 0 5 1202 0 999 100 524 200 515 300 105 400
531 0 5 353 0 458 100 659 200 907 300 1066 400
532 0 5 393 0 728 100 1251 200 954 300 518 400
533 0 5 207 0 669 100 619 200 1189 300 1441 400
534 0 5 8 0 493 100 867 200 331 300 80 400
535 0 5 1023 0 521 100 282 200 146 300 212 400
536 0 5 609 0 1347 100 88 200 783 300 841 400
537 0 5 1075 0 47 100 1118 200 1161 300 711 400
538 0 5 640 0 287 100 351 200 660 300 1375 400
539 0 5 176 0 119 100 1041 200 385 300 1465 400
540 0 5 1053 0 1473 100 300 200 1419 300 513 400
541 0 5 796 0 1262 100 30 200 462 300 46 400
542 0 5 221 0 1181 100 547 200 1420 300 726 400
543 0 5 1512 0 1511 100 115 200 734 300 984 400
544 0 5 1092 0 678 100 1331 200 1254 300 214 400
545 0 5 310 0 1241 100 11 200 1392 300 944 400
546 0 5 458 0 324 100 595 200 353 300 1066 400
547 0 5 1420 0 542 100 216 200 373 300 221 400
548 0 5 673 0 674 100 1110 200 339 300 295 400
549 0 5 1006 0 37 100 1159 200 1254 300 1146 400
550 0 5 20 0 1372 100 413 200 946 300 1179 400
551 0 5 1280 0 1151 100 1005 200 843 300 1109 400
552 0 5 28 0 631 100 1463 200 873 300 39 400
553 0 5 285 0 1413 100 777 200 636 300 582 400
554 0 5 343 0 1124 100 372 200 170 300 1143 400
555 0 5 361 0 842 100 313 200 800 300 611 400
556 0 5 1279 0 229 100 868 200 128 300 921 400
557 0 5 1247 0 297 100 205 200 51 300 1037 400
558 0 5 1076 0 1064 100 343 200 665 300 1058 400
559 0 5 447 0 1039 100 1402 200 189 300 149 400
560 0 5 642 0 1096 100 820 200 247 300 988 400
561 0 5 595 0 9 100 1277 200 314 300 34 400
562 0 5 15 0 246 100 935 200 698 300 516 400
563 0 5 1070 0 1033 100 150 200 1396 300 191 400
564 0 5 461 0 777 100 1494 200 1413 300 824 400
565 0 5 979 0 920 100 490 200 936 300 1061 400
566 0 5 287 0 837 100 1288 200 701 300 1390 400
567 0 5 681 0 366 100 1142 200 117 300 143 400
568 0 5 7 0 211 100 1063 200 100 300 898 400
569 0 5 959 0 846 100 1218 200 655 300 656 400
570 0 5 22 0 230 100 763 200 1385 300 1228 400
571 0 5 99 0 927 100 922 200 1292 300 321 400
572 0 5 847 0 1464 100 337 200 520 300 1297 400
573 0 5 1227 0 1460 100 312 200 874 300 192 400
574 0 5 1147 0 718 100 1224 200 909 300 652 400
575 0 5 404 0 344 100 451 200 926 300 867 400
576 0 5 1095 0 1307 100 805 200 1508 300 1509 400
577 0 5 1281 0 886 100 1447 200 832 300 399 400
578 0 5 395 0 858 100 202 200 418 300 1182 400
579 0 5 1162 0 490 100 1164 200 799 300 1017 400
580 0 5 1160 0 1308 100 175 200 791 300 601 400
581 0 5 1402 0 1082 100 649 200 1100 300 189 400
582 0 5 317 0 636 100 553 200 205 300 58 400
583 0 5 714 0 1421 100 798 200 210 300 408 400
584 0 5 264 0 844 100 242 200 171 300 802 400
585 0 5 1325 0 1142 100 414 200 804 300 1405 400
586 0 5 220 0 795 100 1278 200 1460 300 105 400
587 0 5 1235 0 465 100 1057 200 54 300 1299 400
588 0 5 123 0 373 100 1078 200 547 300 1359 400
589 0 5 1214 0 632 100 278 200 919 300 1383 400
590 0 5 594 0 1526 100 1525 200 1131 300 1216 400
591 0 5 127 0 342 100 161 200 265 300 875 400
592 0 5 319 0 288 100 765 200 832 300 1047 400
593 0 5 729 0 74 100 1373 200 178 300 866 400
594 0 5 225 0 590 100 908 200 945 300 1329 400
595 0 5 561 0 34 100 324 200 1274 300 546 400
596 0 5 607 0 1192 100 1088 200 159 300 1017 400
597 0 5 1316 0 222 100 409 200 1188 300 679 400
598 0 5 793 0 126 100 411 200 1378 300 1323 400
599 0 5 1485 0 1291 100 1377 200 329 300 485 400
600 0 5 220 0 1484 100 1227 200 860 300 736 400
601 0 5 993 0 1308 100 41 200 175 300 293 400
602 0 5 1196 0 36 100 479 200 139 300 492 400
603 0 5 1467 0 1353 100 683 200 262 300 1429 400
604 0 5 976 0 984 100 79 200 1295 300 616 400
605 0 5 1105 0 756 100 507 200 250 300 1045 400
606 0 5 637 0 398 100 166 200 1396 300 394 400
607 0 5 596 0 1192 100 1017 200 1088 300 956 400
608 0 5 1432 0 460 100 396 200 910 300 1032 400
609 0 5 1118 0 536 100 1347 200 40 300 783 400
610 0 5 44 0 49 100 1499 200 257 300 364 400
611 0 5 438 0 1074 100 361 200 651 300 800 400
612 0 5 940 0 523 100 677 200 235 300 849 400
613 0 5 846 0 1437 100 6 200 70 300 656 400
614 0 5 1302 0 1178 100 64 200 360 300 780 400
615 0 5 1229 0 682 100 666 200 57 300 1355 400
616 0 5 245 0 79 100 142 200 604 300 1295 400
617 0 5 1250 0 672 100 911 200 755 300 865 400
618 0 5 491 0 1266 100 686 200 1046 300 694 400
619 0 5 1303 0 669 100 533 200 390 300 986 400
620 0 5 1029 0 1182 100 1223 200 858 300 53 400
621 0 5 309 0 509 100 315 200 938 300 1263 400
622 0 5 249 0 389 100 1283 200 670 300 141 400
623 0 5 292 0 182 100 661 200 489 300 932 400
624 0 5 1035 0 4 100 396 200 95 300 155 400
625 0 5 1357 0 1350 100 728 200 1389 300 987 400
626 0 5 1173 0 1065 100 1466 200 490 300 799 400
627 0 5 1088 0 1162 100 401 200 596 300 1017 400
628 0 5 1003 0 955 100 1426 200 475 300 439 400
629 0 5 899 0 203 100 1144 200 779 300 204 400
630 0 5 277 0 1120 100 352 200 877 300 1213 400
631 0 5 1463 0 552 100 28 200 873 300 238 400
632 0 5 919 0 589 100 1383 200 1326 300 902 400
633 0 5 427 0 40 100 1378 200 1014 300 1347 400
634 0 5 116 0 380 100 737 200 248 300 355 400
635 0 5 894 0 92 100 1122 200 398 300 191 400
636 0 5 285 0 582 100 205 200 553 300 557 400
637 0 5 166 0 606 100 398 200 618 300 1396 400
638 0 5 153 0 174 100 394 200 1348 300 180 400
639 0 5 1369 0 1246 100 30 200 462 300 815 400
640 0 5 538 0 975 100 1375 200 351 300 996 400
641 0 5 825 0 1223 100 363 200 661 300 623 400
642 0 5 62 0 560 100 247 200 1301 300 820 400
643 0 5 13 0 1396 100 1395 200 150 300 563 400
644 0 5 1003 0 1426 100 305 200 137 300 955 400
645 0 5 653 0 1483 100 1179 200 689 300 43 400
646 0 5 1031 0 506 100 823 200 1127 300 276 400
647 0 5 1331 0 1092 100 693 200 969 300 942 400
648 0 5 163 0 1238 100 319 200 508 300 178 400
649 0 5 1100 0 581 100 1305 200 1309 300 1082 400
650 0 5 1208 0 41 100 359 200 748 300 186 400
651 0 5 208 0 438 100 157 200 611 300 361 400
652 0 5 785 0 943 100 574 200 98 300 267 400
653 0 5 645 0 1483 100 377 200 280 300 1059 400
654 0 5 505 0 684 100 1080 200 348 300 1451 400
655 0 5 656 0 1364 100 1218 200 804 300 569 400
656 0 5 1086 0 655 100 476 200 804 300 846 400
657 0 5 1310 0 1194 100 498 200 907 300 659 400
658 0 5 446 0 164 100 416 200 750 300 97 400
659 0 5 42 0 907 100 531 200 498 300 745 400
660 0 5 499 0 975 100 76 200 640 300 913 400
661 0 5 323 0 623 100 363 200 1233 300 932 400
662 0 5 263 0 49 100 1139 200 1500 300 5 400
663 0 5 695 0 1317 100 1324 200 1335 300 1185 400
664 0 5 1075 0 1000 100 1480 200 1030 300 1170 400
665 0 5 1134 0 558 100 1076 200 1222 300 739 400
666 0 5 1229 0 515 100 1074 200 615 300 57 400
667 0 5 525 0 206 100 1161 200 711 300 1275 400
668 0 5 388 0 1440 100 778 200 675 300 307 400
669 0 5 750 0 533 100 619 200 207 300 390 400
670 0 5 389 0 1491 100 622 200 1488 300 1085 400
671 0 5 1388 0 1401 100 949 200 1461 300 504 400
672 0 5 1435 0 291 100 617 200 1250 300 1309 400
673 0 5 548 0 1110 100 1356 200 864 300 674 400
674 0 5 295 0 548 100 864 200 673 300 339 400
675 0 5 388 0 14 100 668 200 1440 300 466 400
676 0 5 1383 0 1174 100 839 200 724 300 1168 400
677 0 5 523 0 612 100 849 200 518 300 235 400
678 0 5 1096 0 544 100 214 200 995 300 820 400
679 0 5 409 0 1290 100 222 200 135 300 1102 400
680 0 5 830 0 203 100 779 200 46 300 1477 400
681 0 5 567 0 1405 100 1142 200 1318 300 143 400
682 0 5 339 0 1267 100 615 200 1229 300 515 400
683 0 5 1353 0 212 100 603 200 1023 300 1451 400
684 0 5 947 0 654 100 505 200 348 300 528 400
685 0 5 1098 0 108 100 715 200 494 300 227 400
686 0 5 694 0 1046 100 618 200 408 300 491 400
687 0 5 35 0 1263 100 1117 200 1453 300 309 400
688 0 5 253 0 708 100 766 200 1358 300 756 400
689 0 5 789 0 971 100 645 200 501 300 701 400
690 0 5 774 0 1415 100 1027 200 14 300 529 400
691 0 5 137 0 32 100 1452 200 983 300 1284 400
692 0 5 741 0 1082 100 1100 200 332 300 308 400
693 0 5 286 0 647 100 969 200 45 300 942 400
694 0 5 686 0 408 100 1421 200 1436 300 1266 400
695 0 5 1335 0 663 100 917 200 1317 300 512 400
696 0 5 1086 0 476 100 1325 200 656 300 1462 400
697 0 5 511 0 1256 100 960 200 1176 300 791 400
698 0 5 252 0 290 100 1484 200 516 300 302 400
699 0 5 1337 0 399 100 967 200 1318 300 747 400
700 0 5 151 0 879 100 906 200 66 300 1335 400
701 0 5 464 0 789 100 566 200 1288 300 689 400
702 0 5 953 0 1324 100 1317 200 274 300 1525 400
703 0 5 1270 0 1063 100 250 200 1282 300 1449 400
704 0 5 1116 0 473 100 1157 200 1222 300 739 400
705 0 5 801 0 1431 100 403 200 729 300 866 400
706 0 5 1098 0 239 100 792 200 335 300 383 400
707 0 5 484 0 1382 100 16 200 1300 300 314 400
708 0 5 1358 0 688 100 1371 200 1140 300 756 400
709 0 5 61 0 1064 100 1404 200 1076 300 138 400
710 0 5 1385 0 738 100 181 200 378 300 763 400
711 0 5 1161 0 1425 100 525 200 667 300 537 400
712 0 5 973 0 787 100 449 200 1398 300 827 400
713 0 5 98 0 909 100 479 200 574 300 1224 400
714 0 5 1449 0 583 100 1371 200 798 300 708 400
715 0 5 850 0 792 100 494 200 744 300 1341 400
716 0 5 821 0 296 100 334 200 719 300 336 400
717 0 5 1457 0 1207 100 1330 200 876 300 65 400
718 0 5 29 0 1147 100 574 200 1454 300 1224 400
719 0 5 103 0 303 100 775 200 813 300 28 400
720 0 5 1412 0 989 100 326 200 1085 300 781 400
721 0 5 1077 0 916 100 971 200 270 300 1482 400
722 0 5 1216 0 1248 100 304 200 165 300 1455 400
723 0 5 771 0 138 100 61 200 830 300 1180 400
724 0 5 502 0 1168 100 1174 200 676 300 1320 400
725 0 5 1038 0 964 100 1397 200 223 300 1499 400
726 0 5 859 0 102 100 542 200 1294 300 221 400
727 0 5 484 0 1300 100 871 200 1382 300 1376 400
728 0 5 1389 0 532 100 625 200 523 300 1350 400
729 0 5 593 0 866 100 74 200 1373 300 705 400
730 0 5 1294 0 1406 100 851 200 773 300 102 400
731 0 5 1265 0 185 100 1497 200 813 300 1156 400
732 0 5 324 0 1203 100 314 200 595 300 9 400
733 0 5 1154 0 1206 100 417 200 1128 300 811 400
734 0 5 1507 0 1508 100 543 200 1220 300 881 400
735 0 5 1313 0 294 100 1465 200 1041 300 385 400
736 0 5 1446 0 860 100 1484 200 743 300 1089 400
737 0 5 116 0 114 100 634 200 355 300 1031 400
738 0 5 710 0 378 100 190 200 1385 300 758 400
739 0 5 1458 0 1157 100 704 200 1116 300 1058 400
740 0 5 1165 0 1020 100 330 200 801 300 381 400
741 0 5 332 0 692 100 526 200 1100 300 893 400
742 0 5 1340 0 114 100 472 200 749 300 737 400
743 0 5 346 0 1181 100 833 200 1484 300 1501 400
744 0 5 514 0 850 100 165 200 1160 300 715 400
745 0 5 963 0 42 100 659 200 907 300 498 400
746 0 5 885 0 527 100 140 200 206 300 23 400
747 0 5 924 0 347 100 399 200 967 300 1447 400
748 0 5 289 0 359 100 1208 200 650 300 186 400
749 0 5 472 0 341 100 1340 200 368 300 1144 400
750 0 5 390 0 669 100 658 200 164 300 207 400
751 0 5 1021 0 900 100 1344 200 321 300 1292 400
752 0 5 996 0 386 100 196 200 440 300 186 400
753 0 5 1428 0 1478 100 1332 200 1498 300 1302 400
754 0 5 1468 0 1252 100 354 200 269 300 864 400
755 0 5 911 0 764 100 340 200 617 300 1250 400
756 0 5 507 0 605 100 1140 200 766 300 253 400
757 0 5 269 0 1356 100 135 200 1252 300 1328 400
758 0 5 1228 0 371 100 190 200 738 300 22 400
759 0 5 1127 0 823 100 1500 200 5 300 812 400
760 0 5 470 0 914 100 446 200 97 300 1393 400
761 0 5 939 0 1081 100 1307 200 468 300 249 400
762 0 5 1336 0 1429 100 1409 200 1467 300 262 400
763 0 5 1406 0 773 100 570 200 851 300 181 400
764 0 5 340 0 224 100 755 200 1439 300 930 400
765 0 5 855 0 1047 100 592 200 403 300 786 400
766 0 5 253 0 688 100 756 200 1105 300 1130 400
767 0 5 167 0 923 100 904 200 1204 300 1167 400
768 0 5 1268 0 448 100 1113 200 937 300 325 400
769 0 5 786 0 403 100 38 200 486 300 1165 400
770 0 5 130 0 1345 100 267 200 1153 300 806 400
771 0 5 723 0 830 100 1180 200 779 300 138 400
772 0 5 422 0 991 100 935 200 1321 300 15 400
773 0 5 181 0 763 100 730 200 1406 300 233 400
774 0 5 1027 0 690 100 14 200 231 300 1415 400
775 0 5 1084 0 303 100 719 200 334 300 821 400
776 0 5 371 0 1349 100 1115 200 1212 300 512 400
777 0 5 824 0 564 100 553 200 285 300 38 400
778 0 5 307 0 668 100 1289 200 1440 300 884 400
779 0 5 830 0 203 100 680 200 771 300 629 400
780 0 5 85 0 495 100 836 200 614 300 990 400
781 0 5 296 0 1471 100 477 200 1370 300 1412 400
782 0 5 921 0 1346 100 443 200 169 300 868 400
783 0 5 88 0 1296 100 1118 200 536 300 537 400
784 0 5 1090 0 525 100 452 200 972 300 711 400
785 0 5 943 0 127 100 652 200 477 300 591 400
786 0 5 769 0 855 100 486 200 403 300 1434 400
787 0 5 1456 0 973 100 1149 200 1276 300 419 400
788 0 5 129 0 81 100 983 200 1011 300 478 400
789 0 5 701 0 501 100 689 200 1288 300 566 400
790 0 5 96 0 39 100 1191 200 552 300 28 400
791 0 5 511 0 901 100 580 200 697 300 1176 400
792 0 5 850 0 1160 100 715 200 1098 300 706 400
793 0 5 598 0 1101 100 411 200 896 300 883 400
794 0 5 152 0 242 100 1373 200 816 300 1411 400
795 0 5 456 0 586 100 1012 200 1278 300 183 400
796 0 5 462 0 541 100 812 200 30 300 639 400
797 0 5 102 0 1433 100 448 200 316 300 1527 400
798 0 5 1009 0 213 100 1371 200 583 300 1236 400
799 0 5 1164 0 1173 100 454 200 579 300 490 400
800 0 5 313 0 1496 100 611 200 555 300 361 400
801 0 5 1165 0 705 100 1431 200 403 300 769 400
802 0 5 236 0 522 100 959 200 1258 300 171 400
803 0 5 250 0 888 100 1055 200 605 300 1282 400
804 0 5 1325 0 414 100 1364 200 655 300 1086 400
805 0 5 1245 0 576 100 1307 200 1513 300 1514 400
806 0 5 1018 0 853 100 384 200 1145 300 1345 400
807 0 5 841 0 922 100 985 200 1296 300 237 400
808 0 5 1013 0 1000 100 219 200 1170 300 1480 400
809 0 5 439 0 437 100 53 200 1459 300 1029 400
810 0 5 24 0 261 100 379 200 340 300 755 400
811 0 5 488 0 1119 100 527 200 140 300 1206 400
812 0 5 462 0 506 100 823 200 1127 300 796 400
813 0 5 1497 0 731 100 719 200 103 300 1156 400
814 0 5 1479 0 1134 100 1222 200 167 300 1004 400
815 0 5 1246 0 231 100 30 200 639 300 406 400
816 0 5 242 0 1411 100 152 200 794 300 802 400
817 0 5 1438 0 215 100 1336 200 762 300 21 400
818 0 5 132 0 1423 100 1185 200 1099 300 66 400
819 0 5 998 0 1497 100 1005 200 1471 300 296 400
820 0 5 1207 0 247 100 560 200 1096 300 642 400
821 0 5 716 0 334 100 265 200 336 300 1387 400
822 0 5 997 0 475 100 1249 200 934 300 173 400
823 0 5 1127 0 759 100 646 200 506 300 812 400
824 0 5 777 0 1494 100 564 200 1175 300 38 400
825 0 5 292 0 641 100 623 200 661 300 489 400
826 0 5 158 0 1261 100 1226 200 415 300 1441 400
827 0 5 1113 0 1398 100 516 200 1450 300 302 400
828 0 5 18 0 162 100 495 200 1108 300 938 400
829 0 5 31 0 392 100 1099 200 1071 300 349 400
830 0 5 779 0 680 100 771 200 1475 300 1180 400
831 0 5 267 0 98 100 770 200 652 300 713 400
832 0 5 367 0 288 100 886 200 577 300 592 400
833 0 5 1484 0 302 100 743 200 346 300 736 400
834 0 5 1495 0 391 100 934 200 997 300 51 400
835 0 5 1485 0 84 100 1291 200 329 300 1221 400
836 0 5 838 0 1478 100 780 200 85 300 1368 400
837 0 5 1390 0 287 100 566 200 1264 300 1288 400
838 0 5 836 0 938 100 1368 200 370 300 1478 400
839 0 5 1466 0 1304 100 73 200 454 300 676 400
840 0 5 464 0 1059 100 76 200 1338 300 960 400
841 0 5 807 0 88 100 1296 200 536 300 1347 400
842 0 5 1244 0 555 100 361 200 208 300 313 400
843 0 5 551 0 1109 100 1230 200 1005 300 1370 400
844 0 5 951 0 584 100 242 200 271 300 485 400
845 0 5 350 0 431 100 463 200 89 300 889 400
846 0 5 613 0 569 100 6 200 656 300 70 400
847 0 5 1297 0 572 100 1133 200 337 300 1464 400
848 0 5 1128 0 168 100 1154 200 1492 300 145 400
849 0 5 235 0 518 100 677 200 1010 300 958 400
850 0 5 715 0 792 100 744 200 1160 300 494 400
851 0 5 1406 0 316 100 730 200 1294 300 102 400
852 0 5 281 0 54 100 1235 200 465 300 473 400
853 0 5 905 0 1145 100 806 200 384 300 1018 400
854 0 5 271 0 485 100 242 200 83 300 1373 400
855 0 5 765 0 1047 100 786 200 403 300 705 400
856 0 5 358 0 1017 100 147 200 1242 300 1164 400
857 0 5 1249 0 1386 100 1166 200 1452 300 822 400
858 0 5 578 0 202 100 1182 200 395 300 620 400
859 0 5 221 0 726 100 1294 200 373 300 773 400
860 0 5 312 0 736 100 1484 200 600 300 1227 400
861 0 5 1472 0 929 100 1176 200 1243 300 428 400
862 0 5 910 0 460 100 1380 200 1367 300 1036 400
863 0 5 283 0 1089 100 1195 200 1272 300 1181 400
864 0 5 354 0 1356 100 1252 200 1468 300 673 400
865 0 5 184 0 911 100 617 200 1435 300 332 400
866 0 5 329 0 729 100 1373 200 254 300 330 400
867 0 5 369 0 534 100 8 200 575 300 493 400
868 0 5 1239 0 921 100 443 200 556 300 782 400
869 0 5 1035 0 95 100 396 200 201 300 280 400
870 0 5 1119 0 1111 100 1186 200 441 300 1310 400
871 0 5 124 0 244 100 727 200 484 300 1172 400
872 0 5 195 0 1259 100 245 200 162 300 1205 400
873 0 5 28 0 103 100 631 200 1156 300 1191 400
874 0 5 1460 0 256 100 192 200 573 300 105 400
875 0 5 1147 0 342 100 1330 200 75 300 161 400
876 0 5 214 0 995 100 1454 200 1207 300 717 400
877 0 5 1120 0 1123 100 630 200 1169 300 1213 400
878 0 5 1190 0 148 100 48 200 56 300 112 400
879 0 5 700 0 66 100 357 200 1007 300 906 400
880 0 5 159 0 1201 100 1044 200 1061 300 401 400
881 0 5 1539 0 1 100 1095 200 1220 300 576 400
882 0 5 445 0 392 100 1510 200 1511 300 31 400
883 0 5 1101 0 992 100 306 200 793 300 126 400
884 0 5 318 0 19 100 134 200 912 300 1271 400
885 0 5 746 0 497 100 140 200 487 300 206 400
886 0 5 577 0 1079 100 1238 200 832 300 1129 400
887 0 5 374 0 230 100 1215 200 1406 300 570 400
888 0 5 1282 0 803 100 1055 200 250 300 251 400
889 0 5 431 0 188 100 275 200 845 300 232 400
890 0 5 381 0 330 100 1221 200 84 300 1020 400
891 0 5 215 0 1409 100 21 200 1486 300 1354 400
892 0 5 1063 0 898 100 1421 200 1436 300 694 400
893 0 5 1219 0 526 100 308 200 741 300 692 400
894 0 5 635 0 150 100 398 200 1122 300 1396 400
895 0 5 1231 0 1169 100 2 200 243 300 1043 400
896 0 5 1439 0 930 100 793 200 1101 300 411 400
897 0 5 1407 0 219 100 487 200 47 300 1161 400
898 0 5 892 0 174 100 1436 200 100 300 407 400
899 0 5 629 0 1144 100 1340 200 266 300 749 400
900 0 5 920 0 751 100 936 200 1021 300 1044 400
901 0 5 791 0 514 100 744 200 165 300 1256 400
902 0 5 1326 0 925 100 1242 200 1416 300 1444 400
903 0 5 234 0 1072 100 1365 200 1090 300 784 400
904 0 5 335 0 1315 100 915 200 767 300 383 400
905 0 5 853 0 67 100 1193 200 384 300 1145 400
906 0 5 1349 0 700 100 357 200 1212 300 879 400
907 0 5 659 0 531 100 1066 200 1498 300 353 400
908 0 5 594 0 225 100 227 200 185 300 590 400
909 0 5 1224 0 713 100 574 200 1008 300 478 400
910 0 5 862 0 1367 100 1036 200 608 300 460 400
911 0 5 755 0 865 100 617 200 375 300 184 400
912 0 5 942 0 134 100 412 200 884 300 1158 400
913 0 5 499 0 960 100 511 200 76 300 660 400
914 0 5 1393 0 241 100 760 200 434 300 1408 400
915 0 5 383 0 459 100 904 200 923 300 767 400
916 0 5 59 0 20 100 721 200 1077 300 113 400
917 0 5 151 0 695 100 1335 200 1349 300 512 400
918 0 5 1093 0 1425 100 1296 200 711 300 783 400
919 0 5 632 0 1326 100 278 200 902 300 1444 400
920 0 5 900 0 565 100 1021 200 979 300 936 400
921 0 5 782 0 443 100 868 200 1346 300 556 400
922 0 5 927 0 571 100 807 200 985 300 99 400
923 0 5 767 0 459 100 915 200 167 300 1167 400
924 0 5 347 0 747 100 933 200 967 300 1319 400
925 0 5 444 0 1242 100 902 200 218 300 358 400
926 0 5 128 0 436 100 575 200 404 300 320 400
927 0 5 922 0 571 100 985 200 321 300 99 400
928 0 5 1217 0 518 100 954 200 1169 300 2 400
929 0 5 1338 0 428 100 861 200 1176 300 1243 400
930 0 5 411 0 896 100 764 200 1439 300 1311 400
931 0 5 1016 0 1148 100 365 200 129 300 426 400
932 0 5 1174 0 1233 100 63 200 502 300 661 400
933 0 5 1319 0 924 100 187 200 347 300 967 400
934 0 5 279 0 997 100 173 200 391 300 834 400
935 0 5 772 0 1036 100 1367 200 15 300 1269 400
936 0 5 1126 0 228 100 1344 200 900 300 751 400
937 0 5 448 0 1268 100 1181 200 1501 300 768 400
938 0 5 509 0 18 100 621 200 838 300 495 400
939 0 5 761 0 249 100 1307 200 141 300 1081 400
940 0 5 612 0 1357 100 235 200 1389 300 523 400
941 0 5 1376 0 132 100 1423 200 198 300 244 400
942 0 5 912 0 45 100 1200 200 226 300 412 400
943 0 5 1150 0 785 100 652 200 127 300 477 400
944 0 5 133 0 11 100 289 200 1234 300 545 400
945 0 5 1216 0 1521 100 1520 200 1121 300 590 400
946 0 5 59 0 1372 100 971 200 550 300 20 400
947 0 5 528 0 684 100 1091 200 1342 300 1353 400
948 0 5 1362 0 1356 100 949 200 1110 300 673 400
949 0 5 1401 0 1362 100 948 200 671 300 1110 400
950 0 5 1130 0 322 100 1486 200 1438 300 817 400
951 0 5 271 0 844 100 485 200 144 300 242 400
952 0 5 1399 0 1002 100 893 200 184 300 1219 400
953 0 5 702 0 1516 100 1517 200 274 300 33 400
954 0 5 1251 0 1379 100 532 200 1152 300 1217 400
955 0 5 439 0 1426 100 628 200 1177 300 475 400
956 0 5 60 0 1192 100 1394 200 358 300 1017 400
957 0 5 1209 0 279 100 297 200 51 300 934 400
958 0 5 1010 0 235 100 1366 200 519 300 849 400
959 0 5 522 0 569 100 1218 200 802 300 236 400
960 0 5 1338 0 697 100 913 200 511 300 76 400
961 0 5 1400 0 279 100 173 200 426 300 365 400
962 0 5 194 0 965 100 472 200 749 300 114 400
963 0 5 745 0 498 100 1111 200 659 300 1310 400
964 0 5 725 0 70 100 223 200 1397 300 1499 400
965 0 5 962 0 503 100 1106 200 194 300 191 400
966 0 5 25 0 1369 100 1314 200 435 300 970 400
967 0 5 747 0 699 100 45 200 924 300 933 400
968 0 5 1315 0 473 100 175 200 904 300 704 400
969 0 5 286 0 693 100 647 200 187 300 1092 400
970 0 5 25 0 117 100 1440 200 366 300 966 400
971 0 5 946 0 721 100 689 200 501 300 1372 400
972 0 5 1132 0 1090 100 525 200 784 300 1069 400
973 0 5 712 0 176 100 419 200 787 300 539 400
974 0 5 1285 0 410 100 300 200 190 300 1212 400
975 0 5 1375 0 660 100 640 200 499 300 996 400
976 0 5 604 0 1295 100 79 200 142 300 984 400
977 0 5 198 0 1007 100 1172 200 244 300 871 400
978 0 5 1352 0 1215 100 512 200 374 300 327 400
979 0 5 565 0 1061 100 490 200 1021 300 1044 400
980 0 5 387 0 10 100 217 200 1403 300 17 400
981 0 5 1424 0 1152 100 1339 200 216 300 277 400
982 0 5 1287 0 463 100 1211 200 121 300 89 400
983 0 5 1008 0 1452 100 81 200 32 300 788 400
984 0 5 604 0 734 100 142 200 115 300 543 400
985 0 5 237 0 807 100 927 200 922 300 1344 400
986 0 5 1303 0 1060 100 1244 200 619 300 1410 400
987 0 5 393 0 1350 100 532 200 1251 300 1261 400
988 0 5 1158 0 560 100 1443 200 642 300 412 400
989 0 5 720 0 326 100 1085 200 1448 300 1153 400
990 0 5 1302 0 85 100 1478 200 780 300 614 400
991 0 5 1321 0 772 100 422 200 1367 300 910 400
992 0 5 883 0 1112 100 306 200 1030 300 126 400
993 0 5 601 0 293 100 359 200 1308 300 41 400
994 0 5 1062 0 1257 100 402 200 288 300 1047 400
995 0 5 1146 0 1454 100 876 200 214 300 1006 400
996 0 5 1375 0 752 100 351 200 640 300 186 400
997 0 5 822 0 391 100 934 200 834 300 475 400
998 0 5 1471 0 819 100 1005 200 1109 300 1230 400
999 0 5 339 0 1470 100 530 200 515 300 1361 400
1000 0 5 1170 0 808 100 664 200 219 300 1480 400
1001 0 5 371 0 190 100 758 200 1212 300 1228 400
1002 0 5 952 0 1193 100 67 200 1491 300 670 400
1003 0 5 628 0 644 100 1426 200 305 300 137 400
1004 0 5 136 0 356 100 1479 200 1443 300 814 400
1005 0 5 1109 0 551 100 998 200 843 300 819 400
1006 0 5 1146 0 549 100 995 200 1254 300 129 400
1007 0 5 26 0 977 100 879 200 66 300 700 400
1008 0 5 983 0 478 100 139 200 1452 300 788 400
1009 0 5 1236 0 798 100 210 200 232 300 583 400
1010 0 5 958 0 1366 100 849 200 2 300 235 400
1011 0 5 1298 0 129 100 788 200 478 300 29 400
1012 0 5 456 0 1278 100 1202 200 795 300 376 400
1013 0 5 808 0 1480 100 1197 200 64 300 469 400
1014 0 5 99 0 1378 100 633 200 118 300 1311 400
1015 0 5 47 0 1170 100 219 200 664 300 1075 400
1016 0 5 931 0 365 100 1148 200 426 300 1198 400
1017 0 5 1088 0 856 100 1164 200 596 300 1162 400
1018 0 5 806 0 1427 100 1145 200 1430 300 853 400
1019 0 5 1102 0 113 100 20 200 1240 300 916 400
1020 0 5 381 0 740 100 1221 200 890 300 330 400
1021 0 5 1044 0 751 100 900 200 979 300 1292 400
1022 0 5 1333 0 68 100 1414 200 1351 300 1239 400
1023 0 5 535 0 52 100 683 200 284 300 282 400
1024 0 5 1052 0 1167 100 923 200 1301 300 111 400
1025 0 5 1093 0 156 100 1296 200 918 300 807 400
1026 0 5 1469 0 421 100 1171 200 423 300 1211 400
1027 0 5 774 0 231 100 690 200 406 300 14 400
1028 0 5 1313 0 1418 100 1041 200 304 300 449 400
1029 0 5 620 0 1223 100 53 200 363 300 1177 400
1030 0 5 126 0 1480 100 40 200 992 300 664 400
1031 0 5 646 0 276 100 380 200 355 300 5 400
1032 0 5 396 0 1083 100 382 200 104 300 608 400
1033 0 5 563 0 1395 100 1070 200 13 300 150 400
1034 0 5 377 0 1097 100 119 200 1050 300 433 400
1035 0 5 624 0 869 100 396 200 95 300 201 400
1036 0 5 1269 0 1367 100 910 200 935 300 862 400
1037 0 5 317 0 1087 100 1247 200 557 300 53 400
1038 0 5 725 0 223 100 1499 200 1397 300 1138 400
1039 0 5 1184 0 559 100 1205 200 447 300 142 400
1040 0 5 1417 0 300 100 519 200 540 300 1285 400
1041 0 5 449 0 1465 100 1028 200 1313 300 539 400
1042 0 5 1232 0 1319 100 1148 200 37 300 187 400
1043 0 5 243 0 519 100 457 200 895 300 1366 400
1044 0 5 1021 0 1292 100 880 200 1201 300 751 400
1045 0 5 322 0 1105 100 605 200 950 300 1130 400
1046 0 5 1391 0 686 100 272 200 618 300 408 400
1047 0 5 765 0 1257 100 855 200 288 300 592 400
1048 0 5 212 0 521 100 1188 200 1451 300 683 400
1049 0 5 78 0 122 100 1333 200 229 300 1239 400
1050 0 5 280 0 1097 100 377 200 95 300 1034 400
1051 0 5 268 0 1354 100 21 200 52 300 284 400
1052 0 5 1024 0 111 100 167 200 136 300 1301 400
1053 0 5 457 0 540 100 1419 200 519 300 1231 400
1054 0 5 1138 0 1397 100 223 200 435 300 1499 400
1055 0 5 251 0 1282 100 803 200 888 300 71 400
1056 0 5 1334 0 50 100 197 200 1472 300 1243 400
1057 0 5 1299 0 1306 100 587 200 54 300 465 400
1058 0 5 1458 0 1124 100 558 200 343 300 739 400
1059 0 5 840 0 653 100 428 200 50 300 1338 400
1060 0 5 1410 0 986 100 313 200 1244 300 619 400
1061 0 5 979 0 401 100 490 200 880 300 159 400
1062 0 5 994 0 1073 100 402 200 1400 300 367 400
1063 0 5 892 0 703 100 568 200 1270 300 1449 400
1064 0 5 558 0 61 100 343 200 709 300 1076 400
1065 0 5 626 0 1466 100 1487 200 517 300 490 400
1066 0 5 1274 0 1368 100 1187 200 353 300 907 400
1067 0 5 491 0 463 100 1211 200 1287 300 369 400
1068 0 5 1201 0 1210 100 1292 200 106 300 1044 400
1069 0 5 1132 0 23 100 972 200 488 300 525 400
1070 0 5 563 0 194 100 1033 200 150 300 191 400
1071 0 5 349 0 33 100 392 200 829 300 1522 400
1072 0 5 452 0 903 100 1090 200 784 300 711 400
1073 0 5 1447 0 367 100 1062 200 832 300 747 400
1074 0 5 467 0 611 100 666 200 1496 300 1360 400
1075 0 5 537 0 664 100 1118 200 47 300 1015 400
1076 0 5 558 0 1064 100 709 200 1404 300 665 400
1077 0 5 721 0 1482 100 916 200 113 300 270 400
1078 0 5 233 0 1419 100 373 200 588 300 378 400
1079 0 5 1337 0 886 100 399 200 699 300 1129 400
1080 0 5 348 0 654 100 1141 200 505 300 1490 400
1081 0 5 468 0 761 100 1474 200 141 300 149 400
1082 0 5 692 0 581 100 1100 200 308 300 189 400
1083 0 5 382 0 209 100 104 200 1032 300 496 400
1084 0 5 334 0 775 100 303 200 821 300 1387 400
1085 0 5 389 0 989 100 670 200 720 300 1488 400
1086 0 5 696 0 656 100 1325 200 804 300 476 400
1087 0 5 53 0 1037 100 1459 200 1247 300 437 400
1088 0 5 627 0 1017 100 596 200 1162 300 401 400
1089 0 5 1195 0 863 100 736 200 1420 300 1446 400
1090 0 5 784 0 972 100 452 200 1132 300 455 400
1091 0 5 1342 0 262 100 1353 200 684 300 947 400
1092 0 5 647 0 1331 100 544 200 969 300 693 400
1093 0 5 918 0 1025 100 1425 200 156 300 1296 400
1094 0 5 179 0 1445 100 481 200 87 300 1103 400
1095 0 5 576 0 1503 100 1502 200 805 300 474 400
1096 0 5 678 0 560 100 820 200 412 300 544 400
1097 0 5 95 0 1034 100 12 200 1050 300 119 400
1098 0 5 706 0 685 100 792 200 239 300 715 400
1099 0 5 1423 0 31 100 829 200 1382 300 818 400
1100 0 5 649 0 692 100 1082 200 741 300 581 400
1101 0 5 306 0 883 100 793 200 896 300 1439 400
1102 0 5 1019 0 1290 100 20 200 1489 300 222 400
1103 0 5 442 0 1171 100 1211 200 89 300 1094 400
1104 0 5 1108 0 469 100 64 200 780 300 162 400
1105 0 5 1045 0 605 100 766 200 756 300 1130 400
1106 0 5 503 0 965 100 341 200 1107 300 749 400
1107 0 5 1351 0 1137 100 1106 200 503 300 1414 400
1108 0 5 1104 0 162 100 495 200 828 300 938 400
1109 0 5 1230 0 1005 100 843 200 998 300 1471 400
1110 0 5 673 0 548 100 1267 200 948 300 339 400
1111 0 5 1186 0 870 100 498 200 1119 300 963 400
1112 0 5 1259 0 992 100 306 200 291 300 162 400
1113 0 5 325 0 827 100 1398 200 768 300 797 400
1114 0 5 192 0 177 100 157 200 298 300 208 400
1115 0 5 172 0 776 100 1228 200 1349 300 512 400
1116 0 5 704 0 1157 100 1222 200 739 300 473 400
1117 0 5 309 0 1295 100 687 200 1263 300 621 400
1118 0 5 609 0 537 100 783 200 1075 300 536 400
1119 0 5 870 0 811 100 441 200 140 300 1111 400
1120 0 5 352 0 877 100 630 200 1359 300 1213 400
1121 0 5 471 0 945 100 590 200 594 300 1216 400
1122 0 5 191 0 273 100 894 200 635 300 1260 400
1123 0 5 1213 0 877 100 1169 200 1217 300 630 400
1124 0 5 1058 0 554 100 343 200 429 300 1458 400
1125 0 5 16 0 1481 100 48 200 9 300 109 400
1126 0 5 936 0 1344 100 237 200 228 300 751 400
1127 0 5 823 0 759 100 646 200 506 300 812 400
1128 0 5 848 0 1154 100 1492 200 145 300 168 400
1129 0 5 500 0 1364 100 508 200 886 300 414 400
1130 0 5 950 0 1486 100 766 200 1105 300 215 400
1131 0 5 1515 0 1514 100 474 200 1280 300 590 400
1132 0 5 1069 0 972 100 455 200 488 300 1090 400
1133 0 5 1297 0 847 100 337 200 1346 300 572 400
1134 0 5 665 0 814 100 1479 200 1076 300 1222 400
1135 0 5 1290 0 1328 100 135 200 1255 300 1489 400
1136 0 5 425 0 260 100 1469 200 196 300 423 400
1137 0 5 1414 0 1351 100 1107 200 68 300 1022 400
1138 0 5 1054 0 223 100 1499 200 435 300 1397 400
1139 0 5 5 0 248 100 116 200 662 300 263 400
1140 0 5 507 0 756 100 1449 200 708 300 1270 400
1141 0 5 504 0 1080 100 348 200 362 300 1461 400
1142 0 5 585 0 681 100 117 200 567 300 1405 400
1143 0 5 170 0 1464 100 372 200 337 300 572 400
1144 0 5 899 0 266 100 204 200 368 300 629 400
1145 0 5 853 0 1430 100 1018 200 301 300 806 400
1146 0 5 1006 0 995 100 1454 200 549 300 876 400
1147 0 5 875 0 574 100 718 200 29 300 342 400
1148 0 5 931 0 1042 100 365 200 1016 300 1232 400
1149 0 5 419 0 422 100 1276 200 991 300 772 400
1150 0 5 943 0 1448 100 477 200 326 300 652 400
1151 0 5 551 0 185 100 1497 200 1280 300 1005 400
1152 0 5 277 0 981 100 630 200 1251 300 1424 400
1153 0 5 101 0 1488 100 1193 200 130 300 989 400
1154 0 5 1128 0 733 100 848 200 1206 300 417 400
1155 0 5 224 0 106 100 118 200 764 300 1292 400
1156 0 5 103 0 1265 100 873 200 731 300 813 400
1157 0 5 1116 0 739 100 704 200 1458 300 1222 400
1158 0 5 988 0 318 100 1271 200 1443 300 412 400
1159 0 5 37 0 1254 100 549 200 1232 300 1006 400
1160 0 5 580 0 792 100 744 200 1341 300 850 400
1161 0 5 711 0 537 100 47 200 667 300 1407 400
1162 0 5 579 0 627 100 401 200 1088 300 1017 400
1163 0 5 57 0 1401 100 1355 200 1267 300 949 400
1164 0 5 799 0 1017 100 73 200 454 300 856 400
1165 0 5 740 0 801 100 769 200 1431 300 705 400
1166 0 5 1386 0 1198 100 453 200 857 300 1452 400
1167 0 5 110 0 1024 100 328 200 432 300 1225 400
1168 0 5 1304 0 724 100 502 200 676 300 839 400
1169 0 5 1231 0 895 100 1123 200 877 300 457 400
1170 0 5 1000 0 1015 100 219 200 664 300 808 400
1171 0 5 1103 0 10 100 1211 200 1026 300 1469 400
1172 0 5 244 0 198 100 977 200 1376 300 871 400
1173 0 5 626 0 799 100 454 200 490 300 1466 400
1174 0 5 932 0 676 100 502 200 345 300 724 400
1175 0 5 38 0 1494 100 824 200 777 300 564 400
1176 0 5 1256 0 861 100 1442 200 929 300 960 400
1177 0 5 405 0 1422 100 1426 200 955 300 1327 400
1178 0 5 487 0 614 100 497 200 64 300 219 400
1179 0 5 510 0 43 100 645 200 255 300 550 400
1180 0 5 1475 0 138 100 830 200 771 300 406 400
1181 0 5 1195 0 542 100 937 200 743 300 1268 400
1182 0 5 202 0 620 100 858 200 578 300 1029 400
1183 0 5 338 0 261 100 1394 200 60 300 379 400
1184 0 5 1039 0 1305 100 1205 200 581 300 1402 400
1185 0 5 349 0 66 100 818 200 663 300 1335 400
1186 0 5 1111 0 1310 100 870 200 498 300 907 400
1187 0 5 370 0 1274 100 1066 200 1368 300 34 400
1188 0 5 1490 0 1316 100 409 200 521 300 212 400
1189 0 5 1363 0 94 100 533 200 1441 300 619 400
1190 0 5 445 0 878 100 48 200 543 300 31 400
1191 0 5 1293 0 790 100 873 200 39 300 96 400
1192 0 5 607 0 956 100 596 200 159 300 1088 400
1193 0 5 1491 0 67 100 1002 200 905 300 1153 400
1194 0 5 657 0 1253 100 907 200 1310 300 360 400
1195 0 5 1089 0 1181 100 863 200 1420 300 743 400
1196 0 5 479 0 602 100 492 200 1416 300 98 400
1197 0 5 1480 0 469 100 1013 200 808 300 64 400
1198 0 5 453 0 1166 100 81 200 1386 300 788 400
1199 0 5 336 0 296 100 477 200 781 300 821 400
1200 0 5 226 0 45 100 942 200 143 300 307 400
1201 0 5 1068 0 880 100 159 200 1044 300 1292 400
1202 0 5 530 0 105 100 1278 200 1012 300 515 400
1203 0 5 1300 0 732 100 314 200 484 300 707 400
1204 0 5 1222 0 767 100 167 200 704 300 1116 400
1205 0 5 195 0 1184 100 1039 200 1305 300 872 400
1206 0 5 733 0 417 100 811 200 1154 300 55 400
1207 0 5 820 0 717 100 876 200 1457 300 678 400
1208 0 5 186 0 650 100 748 200 1375 300 41 400
1209 0 5 402 0 957 100 279 200 1400 300 1062 400
1210 0 5 1068 0 106 100 1292 200 1155 300 1201 400
1211 0 5 421 0 121 100 1171 200 1103 300 982 400
1212 0 5 27 0 906 100 1349 200 776 300 1001 400
1213 0 5 1379 0 1123 100 630 200 1217 300 877 400
1214 0 5 589 0 345 100 1383 200 1174 300 676 400
1215 0 5 978 0 512 100 1228 200 172 300 1352 400
1216 0 5 945 0 722 100 304 200 1418 300 590 400
1217 0 5 928 0 1379 100 1123 200 1213 300 877 400
1218 0 5 569 0 655 100 1364 200 959 300 522 400
1219 0 5 893 0 1283 100 308 200 526 300 692 400
1220 0 5 1522 0 1523 100 447 200 881 300 734 400
1221 0 5 461 0 890 100 1413 200 1494 300 1020 400
1222 0 5 1204 0 814 100 1116 200 704 300 665 400
1223 0 5 363 0 641 100 1029 200 620 300 53 400
1224 0 5 478 0 909 100 574 200 718 300 713 400
1225 0 5 77 0 39 100 328 200 110 300 459 400
1226 0 5 1339 0 1251 100 158 200 826 300 416 400
1227 0 5 573 0 1460 100 600 200 220 300 312 400
1228 0 5 758 0 1115 100 1215 200 22 300 172 400
1229 0 5 615 0 666 100 515 200 682 300 339 400
1230 0 5 1370 0 1109 100 843 200 1471 300 1005 400
1231 0 5 895 0 1169 100 457 200 243 300 1053 400
1232 0 5 1042 0 37 100 1148 200 969 300 1159 400
1233 0 5 63 0 932 100 661 200 1327 300 323 400
1234 0 5 133 0 310 100 320 200 1312 300 944 400
1235 0 5 587 0 465 100 473 200 852 300 54 400
1236 0 5 1009 0 232 100 798 200 210 300 21 400
1237 0 5 1404 0 1479 100 529 200 19 300 466 400
1238 0 5 508 0 648 100 886 200 319 300 832 400
1239 0 5 868 0 1333 100 1351 200 1022 300 1049 400
1240 0 5 113 0 282 100 1482 200 1019 300 146 400
1241 0 5 310 0 545 100 1392 200 429 300 320 400
1242 0 5 147 0 925 100 856 200 902 300 1374 400
1243 0 5 1334 0 480 100 1472 200 929 300 1056 400
1244 0 5 842 0 986 100 208 200 1060 300 361 400
1245 0 5 1280 0 805 100 1307 200 1519 300 1520 400
1246 0 5 815 0 639 100 30 200 1369 300 231 400
1247 0 5 557 0 1037 100 51 200 1087 300 437 400
1248 0 5 165 0 304 100 722 200 480 300 1176 400
1249 0 5 857 0 475 100 822 200 628 300 1386 400
1250 0 5 617 0 1439 100 291 200 672 300 764 400
1251 0 5 954 0 1339 100 1226 200 532 300 1152 400
1252 0 5 269 0 754 100 1468 200 864 300 757 400
1253 0 5 1428 0 1332 100 1194 200 360 300 753 400
1254 0 5 1159 0 549 100 995 200 214 300 969 400
1255 0 5 1489 0 413 100 430 200 160 300 1328 400
1256 0 5 697 0 1176 100 511 200 913 300 960 400
1257 0 5 994 0 1047 100 1434 200 86 300 288 400
1258 0 5 171 0 236 100 802 200 959 300 522 400
1259 0 5 1112 0 195 100 1493 200 872 300 1309 400
1260 0 5 273 0 92 100 68 200 122 300 1122 400
1261 0 5 415 0 826 100 1350 200 987 300 1226 400
1262 0 5 541 0 30 100 46 200 406 300 1475 400
1263 0 5 687 0 1117 100 621 200 35 300 1295 400
1264 0 5 1343 0 1288 100 837 200 501 300 217 400
1265 0 5 731 0 185 100 1156 200 103 300 813 400
1266 0 5 407 0 1436 100 180 200 618 300 166 400
1267 0 5 1355 0 682 100 1110 200 615 300 339 400
1268 0 5 768 0 1501 100 937 200 1181 300 346 400
1269 0 5 1036 0 183 100 935 200 400 300 1476 400
1270 0 5 703 0 250 100 1282 200 1063 300 1384 400
1271 0 5 134 0 318 100 1158 200 884 300 356 400
1272 0 5 283 0 241 100 1446 200 863 300 470 400
1273 0 5 77 0 328 100 432 200 1225 300 154 400
1274 0 5 1066 0 34 100 1187 200 370 300 595 400
1275 0 5 206 0 1407 100 487 200 667 300 1161 400
1276 0 5 1456 0 419 100 1149 200 246 300 422 400
1277 0 5 112 0 34 100 561 200 200 300 309 400
1278 0 5 1012 0 1202 100 105 200 586 300 795 400
1279 0 5 556 0 128 100 229 200 436 300 868 400
1280 0 5 1245 0 551 100 805 200 1307 300 1151 400
1281 0 5 577 0 399 100 1447 200 1079 300 886 400
1282 0 5 888 0 1055 100 251 200 1270 300 703 400
1283 0 5 1219 0 622 100 249 200 141 300 670 400
1284 0 5 36 0 193 100 137 200 32 300 139 400
1285 0 5 1417 0 974 100 300 200 1040 300 410 400
1286 0 5 397 0 1293 100 227 200 1191 300 108 400
1287 0 5 121 0 982 100 463 200 1211 300 1067 400
1288 0 5 1343 0 501 100 1264 200 837 300 566 400
1289 0 5 307 0 366 100 143 200 567 300 778 400
1290 0 5 1135 0 679 100 1102 200 135 300 1255 400
1291 0 5 329 0 599 100 835 200 84 300 1485 400
1292 0 5 118 0 1044 100 1210 200 321 300 571 400
1293 0 5 1286 0 1191 100 108 200 397 300 227 400
1294 0 5 730 0 102 100 859 200 851 300 726 400
1295 0 5 1117 0 976 100 315 200 79 300 1263 400
1296 0 5 783 0 156 100 841 200 807 300 918 400
1297 0 5 1133 0 847 100 572 200 1346 300 169 400
1298 0 5 1011 0 29 100 718 200 129 300 574 400
1299 0 5 1057 0 1306 100 587 200 11 300 545 400
1300 0 5 1203 0 727 100 484 200 707 300 314 400
1301 0 5 62 0 154 100 642 200 1052 300 432 400
1302 0 5 990 0 614 100 1478 200 753 300 85 400
1303 0 5 619 0 986 100 208 200 390 300 97 400
1304 0 5 1168 0 517 100 839 200 1466 300 1487 400
1305 0 5 1493 0 1184 100 649 200 1205 300 195 400
1306 0 5 1299 0 11 100 1057 200 587 300 545 400
1307 0 5 468 0 576 100 805 200 1245 300 1518 400
1308 0 5 580 0 601 100 281 200 293 300 175 400
1309 0 5 1435 0 1493 100 649 200 1305 300 332 400
1310 0 5 657 0 1186 100 498 200 1194 300 907 400
1311 0 5 118 0 411 100 224 200 1378 300 1155 400
1312 0 5 386 0 440 100 1234 200 752 300 926 400
1313 0 5 1028 0 735 100 294 200 1041 300 449 400
1314 0 5 450 0 25 100 435 200 966 300 117 400
1315 0 5 175 0 968 100 335 200 904 300 473 400
1316 0 5 597 0 1188 100 222 200 521 300 1048 400
1317 0 5 1324 0 663 100 702 200 695 300 512 400
1318 0 5 681 0 143 100 1405 200 699 300 1337 400
1319 0 5 933 0 187 100 1042 200 286 300 969 400
1320 0 5 489 0 182 100 502 200 1168 300 724 400
1321 0 5 991 0 155 100 772 200 1367 300 422 400
1322 0 5 1381 0 8 100 80 200 229 300 493 400
1323 0 5 427 0 126 100 1378 200 1030 300 633 400
1324 0 5 702 0 1317 100 663 200 953 300 1185 400
1325 0 5 585 0 804 100 1086 200 696 300 414 400
1326 0 5 919 0 902 100 278 200 1444 300 1416 400
1327 0 5 323 0 63 100 1233 200 405 300 1177 400
1328 0 5 1135 0 430 100 135 200 1255 300 1489 400
1329 0 5 225 0 227 100 685 200 108 300 908 400
1330 0 5 75 0 65 100 717 200 875 300 1457 400
1331 0 5 647 0 1092 100 544 200 412 300 678 400
1332 0 5 1253 0 1498 100 753 200 1428 300 907 400
1333 0 5 1022 0 1239 100 1049 200 229 300 68 400
1334 0 5 294 0 1056 100 1243 200 119 300 735 400
1335 0 5 695 0 66 100 663 200 917 300 151 400
1336 0 5 262 0 762 100 817 200 215 300 1409 400
1337 0 5 699 0 1079 100 199 200 1318 300 1405 400
1338 0 5 929 0 428 100 960 200 1059 300 1176 400
1339 0 5 1226 0 1251 100 981 200 658 300 1152 400
1340 0 5 742 0 472 100 749 200 899 300 355 400
1341 0 5 1455 0 494 100 715 200 1160 300 850 400
1342 0 5 528 0 1091 100 1353 200 947 300 684 400
1343 0 5 1288 0 501 100 1264 200 789 300 837 400
1344 0 5 321 0 1126 100 751 200 936 300 985 400
1345 0 5 1416 0 770 100 384 200 130 300 1427 400
1346 0 5 782 0 169 100 1297 200 443 300 1133 400
1347 0 5 40 0 536 100 633 200 609 300 922 400
1348 0 5 211 0 153 100 638 200 100 300 174 400
1349 0 5 776 0 906 100 1115 200 512 300 1212 400
1350 0 5 987 0 625 100 1261 200 728 300 532 400
1351 0 5 1107 0 1137 100 1414 200 1022 300 1239 400
1352 0 5 978 0 327 100 374 200 1215 300 274 400
1353 0 5 683 0 603 100 1091 200 1342 300 1451 400
1354 0 5 52 0 1051 100 1409 200 21 300 1429 400
1355 0 5 1267 0 57 100 1163 200 615 300 666 400
1356 0 5 757 0 948 100 864 200 673 300 482 400
1357 0 5 625 0 940 100 728 200 1389 300 1350 400
1358 0 5 213 0 708 100 1371 200 688 300 766 400
1359 0 5 123 0 352 100 1120 200 277 300 1424 400
1360 0 5 258 0 177 100 524 200 438 300 120 400
1361 0 5 376 0 1470 100 295 200 999 300 674 400
1362 0 5 948 0 482 100 949 200 90 300 671 400
1363 0 5 1189 0 1441 100 415 200 533 300 94 400
1364 0 5 655 0 804 100 1218 200 1129 300 414 400
1365 0 5 455 0 234 100 1492 200 903 300 1132 400
1366 0 5 2 0 1010 100 958 200 243 300 457 400
1367 0 5 1036 0 910 100 155 200 935 300 1432 400
1368 0 5 1498 0 1066 100 1187 200 370 300 1478 400
1369 0 5 639 0 966 100 364 200 1246 300 257 400
1370 0 5 1412 0 1230 100 1471 200 781 300 843 400
1371 0 5 708 0 213 100 798 200 1449 300 1358 400
1372 0 5 510 0 946 100 550 200 971 300 501 400
1373 0 5 254 0 729 100 866 200 83 300 242 400
1374 0 5 218 0 358 100 1394 200 1430 300 1242 400
1375 0 5 975 0 186 100 996 200 640 300 1208 400
1376 0 5 941 0 124 100 198 200 244 300 707 400
1377 0 5 144 0 329 100 599 200 83 300 485 400
1378 0 5 1014 0 427 100 1323 200 633 300 1311 400
1379 0 5 1213 0 954 100 1217 200 630 300 1251 400
1380 0 5 354 0 862 100 400 200 1468 300 209 400
1381 0 5 1322 0 80 100 8 200 229 300 493 400
1382 0 5 707 0 1423 100 31 200 1099 300 484 400
1383 0 5 676 0 632 100 1214 200 1174 300 345 400
1384 0 5 71 0 7 100 703 200 1270 300 1282 400
1385 0 5 710 0 22 100 738 200 758 300 763 400
1386 0 5 857 0 1166 100 1452 200 453 300 1198 400
1387 0 5 161 0 334 100 93 200 821 300 265 400
1388 0 5 671 0 362 100 504 200 1141 300 1461 400
1389 0 5 728 0 523 100 625 200 940 300 532 400
1390 0 5 333 0 837 100 17 200 287 300 566 400
1391 0 5 1046 0 272 100 491 200 618 300 686 400
1392 0 5 429 0 1241 100 545 200 310 300 320 400
1393 0 5 914 0 97 100 434 200 760 300 1303 400
1394 0 5 60 0 1374 100 956 200 1183 300 358 400
1395 0 5 13 0 1033 100 643 200 150 300 563 400
1396 0 5 150 0 643 100 894 200 563 300 606 400
1397 0 5 1054 0 1462 100 435 200 223 300 964 400
1398 0 5 1113 0 827 100 1450 200 1524 300 1523 400
1399 0 5 526 0 952 100 893 200 1002 300 1219 400
1400 0 5 961 0 279 100 347 200 1062 300 1209 400
1401 0 5 949 0 1163 100 671 200 1267 300 1362 400
1402 0 5 581 0 189 100 559 200 1184 300 149 400
1403 0 5 17 0 217 100 10 200 980 300 333 400
1404 0 5 1237 0 709 100 529 200 1415 300 1076 400
1405 0 5 199 0 681 100 1318 200 1142 300 585 400
1406 0 5 763 0 730 100 851 200 773 300 570 400
1407 0 5 1275 0 897 100 487 200 47 300 1161 400
1408 0 5 1446 0 434 100 241 200 914 300 312 400
1409 0 5 891 0 21 100 1354 200 1429 300 762 400
1410 0 5 1060 0 424 100 986 200 313 300 619 400
1411 0 5 152 0 816 100 500 200 794 300 178 400
1412 0 5 1370 0 720 100 781 200 1085 300 326 400
1413 0 5 418 0 553 100 564 200 1221 300 202 400
1414 0 5 1137 0 1351 100 1022 200 68 300 1107 400
1415 0 5 529 0 690 100 1404 200 14 300 774 400
1416 0 5 1345 0 1444 100 902 200 770 300 278 400
1417 0 5 1040 0 1285 100 958 200 519 300 300 400
1418 0 5 1028 0 304 100 449 200 1216 300 945 400
1419 0 5 1053 0 1078 100 378 200 540 300 1169 400
1420 0 5 547 0 470 100 542 200 216 300 1195 400
1421 0 5 408 0 583 100 694 200 892 300 1063 400
1422 0 5 405 0 1177 100 345 200 1426 300 1327 400
1423 0 5 1099 0 818 100 1382 200 132 300 941 400
1424 0 5 216 0 981 100 1152 200 1359 300 277 400
1425 0 5 918 0 711 100 452 200 1093 300 1296 400
1426 0 5 644 0 955 100 1177 200 628 300 1003 400
1427 0 5 444 0 1018 100 218 200 1430 300 1345 400
1428 0 5 753 0 1253 100 360 200 1332 300 1302 400
1429 0 5 1467 0 762 100 1409 200 262 300 1354 400
1430 0 5 1145 0 218 100 338 200 1018 300 1374 400
1431 0 5 403 0 705 100 801 200 1165 300 769 400
1432 0 5 608 0 396 100 4 200 1367 300 155 400
1433 0 5 316 0 797 100 1504 200 1505 300 327 400
1434 0 5 86 0 486 100 1257 200 402 300 786 400
1435 0 5 672 0 1309 100 617 200 865 300 1250 400
1436 0 5 407 0 1266 100 898 200 694 300 174 400
1437 0 5 70 0 613 100 6 200 476 300 1397 400
1438 0 5 1486 0 817 100 215 200 21 300 950 400
1439 0 5 896 0 1250 100 291 200 764 300 930 400
1440 0 5 668 0 970 100 388 200 366 300 307 400
1441 0 5 1363 0 158 100 415 200 533 300 207 400
1442 0 5 480 0 1472 100 1176 200 1248 300 861 400
1443 0 5 356 0 136 100 111 200 1158 300 988 400
1444 0 5 278 0 1416 100 1326 200 902 300 919 400
1445 0 5 1094 0 481 100 232 200 179 300 284 400
1446 0 5 1408 0 736 100 1272 200 241 300 1089 400
1447 0 5 1073 0 577 100 367 200 747 300 399 400
1448 0 5 1150 0 326 100 989 200 130 300 1153 400
1449 0 5 714 0 1140 100 1371 200 703 300 1063 400
1450 0 5 1504 0 1503 100 1398 200 449 300 1433 400
1451 0 5 1490 0 505 100 212 200 1188 300 683 400
1452 0 5 691 0 983 100 1386 200 453 300 81 400
1453 0 5 200 0 109 100 687 200 112 300 56 400
1454 0 5 995 0 876 100 1146 200 29 300 718 400
1455 0 5 1341 0 494 100 165 200 722 300 715 400
1456 0 5 1276 0 787 100 419 200 973 300 1149 400
1457 0 5 717 0 238 100 65 200 1207 300 154 400
1458 0 5 1058 0 739 100 1124 200 558 300 1157 400
1459 0 5 53 0 437 100 1087 200 809 300 475 400
1460 0 5 874 0 573 100 1227 200 105 300 586 400
1461 0 5 90 0 82 100 362 200 671 300 1141 400
1462 0 5 1397 0 450 100 476 200 117 300 435 400
1463 0 5 631 0 238 100 552 200 93 300 873 400
1464 0 5 372 0 1143 100 572 200 337 300 170 400
1465 0 5 1041 0 385 100 735 200 539 300 449 400
1466 0 5 839 0 1065 100 454 200 1304 300 626 400
1467 0 5 1429 0 603 100 262 200 762 300 683 400
1468 0 5 754 0 430 100 354 200 1252 300 1380 400
1469 0 5 1026 0 10 100 1136 200 1171 300 423 400
1470 0 5 1361 0 999 100 295 200 339 300 674 400
1471 0 5 998 0 781 100 296 200 1370 300 1230 400
1472 0 5 861 0 1442 100 480 200 1056 300 1243 400
1473 0 5 513 0 540 100 300 200 190 300 1053 400
1474 0 5 141 0 1081 100 468 200 761 300 1307 400
1475 0 5 1180 0 830 100 46 200 680 300 406 400
1476 0 5 400 0 376 100 183 200 1269 300 1012 400
1477 0 5 72 0 276 100 680 200 3 300 506 400
1478 0 5 836 0 753 100 85 200 1302 300 990 400
1479 0 5 1237 0 814 100 1004 200 1134 300 1404 400
1480 0 5 1197 0 1013 100 1030 200 664 300 808 400
1481 0 5 1125 0 200 100 109 200 9 300 48 400
1482 0 5 270 0 1077 100 1240 200 146 300 113 400
1483 0 5 280 0 653 100 645 200 43 300 201 400
1484 0 5 833 0 600 100 736 200 860 300 698 400
1485 0 5 599 0 835 100 1291 200 329 300 84 400
1486 0 5 1438 0 1130 100 21 200 215 300 891 400
1487 0 5 517 0 489 100 1065 200 1304 300 1168 400
1488 0 5 1491 0 670 100 1153 200 1085 300 101 400
1489 0 5 413 0 1255 100 1290 200 1102 300 1328 400
1490 0 5 1188 0 1451 100 409 200 505 300 1080 400
1491 0 5 1193 0 1488 100 670 200 1002 300 1153 400
1492 0 5 145 0 168 100 455 200 1365 300 1128 400
1493 0 5 1305 0 1309 100 1259 200 195 300 872 400
1494 0 5 824 0 1175 100 564 200 1221 300 1020 400
1495 0 5 834 0 51 100 391 200 957 300 934 400
1496 0 5 467 0 800 100 313 200 1074 300 611 400
1497 0 5 731 0 813 100 819 200 998 300 1005 400
1498 0 5 1368 0 1332 100 907 200 1066 300 753 400
1499 0 5 364 0 44 100 1138 200 1038 300 223 400
1500 0 5 263 0 759 100 5 200 662 300 812 400
1501 0 5 1268 0 346 100 937 200 743 300 448 400
1502 0 5 1095 0 274 100 149 200 1121 300 712 400
1503 0 5 1095 0 1450 100 149 200 1121 300 712 400
1504 0 5 1450 0 1433 100 149 200 1121 300 712 400
1505 0 5 1433 0 474 100 1121 200 149 300 712 400
1506 0 5 474 0 33 100 1121 200 149 300 712 400
1507 0 5 734 0 33 100 149 200 1121 300 712 400
1508 0 5 734 0 576 100 1121 200 149 300 712 400
1509 0 5 327 0 576 100 1121 200 149 300 712 400
1510 0 5 327 0 882 100 149 200 1121 300 712 400
1511 0 5 543 0 882 100 149 200 1121 300 712 400
1512 0 5 543 0 392 100 149 200 1121 300 712 400
1513 0 5 805 0 392 100 1121 200 149 300 712 400
1514 0 5 1131 0 805 100 1121 200 149 300 712 400
1515 0 5 1131 0 316 100 1121 200 149 300 712 400
1516 0 5 953 0 316 100 149 200 1121 300 712 400
1517 0 5 449 0 953 100 1121 200 149 300 712 400
1518 0 5 449 0 1307 100 1121 200 149 300 712 400
1519 0 5 1245 0 1307 100 1121 200 149 300 712 400
1520 0 5 945 0 1245 100 1121 200 149 300 712 400
1521 0 5 945 0 1071 100 1121 200 149 300 712 400
1522 0 5 1220 0 1071 100 149 200 1121 300 712 400
1523 0 5 1220 0 1398 100 1121 200 149 300 712 400
1524 0 5 1398 0 702 100 149 200 712 300 1121 400
1525 0 5 590 0 702 100 1121 200 149 300 712 400
1526 0 5 590 0 797 100 1121 200 149 300 712 400
1527 0 5 797 0 829 100 149 200 1121 300 712 400
1528 0 5 445 0 829 100 149 200 1121 300 712 400
1529 0 5 445 0 31 100 149 200 1121 300 712 400
1530 0 5 1352 0 31 100 149 200 1121 300 712 400
1531 0 5 468 0 1352 100 149 200 712 300 1121 400
1532 0 5 1418 0 468 100 149 200 1121 300 712 400
1533 0 5 1418 0 978 100 149 200 1121 300 712 400
1534 0 5 978 0 149 100 349 200 1121 300 712 400
1535 0 5 1081 0 149 100 349 200 1121 300 712 400
1536 0 5 1081 0 1190 100 149 200 1121 300 712 400
1537 0 5 1190 0 149 100 447 200 1121 300 712 400
1538 0 5 447 0 149 100 1121 200 712 300 448 400
1539 0 5 881 0 149 100 1121 200 712 300 448 400
-1
EOF
