1540
1 0 5 1216 0 44 100 29 200 246 300 828 400
2 0 5 1167 0 627 100 785 200 1063 300 966 400
3 0 5 867 0 92 100 53 200 544 300 484 400
4 0 5 782 0 373 100 238 200 1281 300 1141 400
5 0 5 1394 0 1119 100 791 200 195 300 85 400
6 0 5 122 0 174 100 495 200 1348 300 622 400
7 0 5 1165 0 385 100 1191 200 182 300 589 400
8 0 5 1257 0 464 100 195 200 1119 300 399 400
9 0 5 780 0 1438 100 176 200 640 300 1182 400
10 0 5 692 0 564 100 46 200 1311 300 1353 400
11 0 5 567 0 45 100 382 200 1082 300 346 400
12 0 5 1480 0 1240 100 936 200 1362 300 1092 400
13 0 5 1450 0 133 100 762 200 1421 300 251 400
14 0 5 954 0 1434 100 432 200 661 300 1070 400
15 0 5 157 0 50 100 1349 200 352 300 1289 400
16 0 5 1400 0 1335 100 184 200 542 300 1081 400
17 0 5 180 0 824 100 784 200 1299 300 326 400
18 0 5 1467 0 147 100 1322 200 1340 300 990 400
19 0 5 1072 0 1161 100 537 200 356 300 865 400
20 0 5 236 0 1012 100 490 200 1339 300 243 400
21 0 5 1500 0 340 100 755 200 1208 300 1114 400
22 0 5 721 0 1438 100 249 200 780 300 488 400
23 0 5 1466 0 55 100 1081 200 529 300 607 400
24 0 5 861 0 1415 100 608 200 164 300 782 400
25 0 5 1239 0 826 100 888 200 1189 300 1488 400
26 0 5 798 0 722 100 1275 200 1142 300 1418 400
27 0 5 1354 0 726 100 336 200 1161 300 1072 400
28 0 5 536 0 441 100 1271 200 437 300 594 400
29 0 5 1494 0 980 100 770 200 828 300 707 400
30 0 5 790 0 516 100 489 200 462 300 714 400
31 0 5 641 0 64 100 478 200 717 300 259 400
32 0 5 203 0 764 100 640 200 436 300 1106 400
33 0 5 1227 0 1334 100 1041 200 1027 300 319 400
34 0 5 394 0 1020 100 241 200 1158 300 135 400
35 0 5 159 0 1410 100 1306 200 1393 300 927 400
36 0 5 524 0 102 100 1193 200 1176 300 703 400
37 0 5 1456 0 826 100 822 200 1189 300 881 400
38 0 5 260 0 1377 100 494 200 958 300 878 400
39 0 5 1264 0 1328 100 1064 200 286 300 1242 400
40 0 5 987 0 1022 100 902 200 1307 300 960 400
41 0 5 480 0 1100 100 671 200 1032 300 98 400
42 0 5 855 0 1256 100 1052 200 549 300 654 400
43 0 5 1297 0 981 100 1454 200 1004 300 1439 400
44 0 5 1540 0 1 100 83 200 1175 300 770 400
45 0 5 1082 0 79 100 11 200 242 300 177 400
46 0 5 306 0 1352 100 10 200 1353 300 1311 400
47 0 5 296 0 1224 100 879 200 93 300 1444 400
48 0 5 860 0 313 100 901 200 565 300 485 400
49 0 5 1118 0 1364 100 270 200 1069 300 1044 400
50 0 5 941 0 15 100 352 200 756 300 1433 400
51 0 5 309 0 1083 100 373 200 993 300 596 400
52 0 5 864 0 274 100 652 200 335 300 1351 400
53 0 5 1248 0 92 100 581 200 3 300 978 400
54 0 5 384 0 540 100 280 200 833 300 1320 400
55 0 5 23 0 1324 100 1499 200 1466 300 1233 400
56 0 5 783 0 496 100 100 200 967 300 86 400
57 0 5 1358 0 310 100 637 200 521 300 1241 400
58 0 5 1078 0 1390 100 894 200 577 300 502 400
59 0 5 283 0 284 100 1459 200 1386 300 1220 400
60 0 5 368 0 752 100 530 200 1160 300 793 400
61 0 5 1116 0 156 100 1110 200 249 300 1385 400
62 0 5 1094 0 740 100 614 200 1044 300 1155 400
63 0 5 1107 0 667 100 444 200 1451 300 497 400
64 0 5 796 0 641 100 1200 200 31 300 672 400
65 0 5 513 0 439 100 1304 200 943 300 1408 400
66 0 5 493 0 1258 100 963 200 1443 300 1244 400
67 0 5 306 0 1352 100 842 200 949 300 728 400
68 0 5 1341 0 1016 100 585 200 1301 300 875 400
69 0 5 737 0 1039 100 996 200 645 300 1001 400
70 0 5 711 0 751 100 261 200 1376 300 1068 400
71 0 5 820 0 1045 100 1278 200 732 300 402 400
72 0 5 709 0 769 100 235 200 1366 300 346 400
73 0 5 344 0 1110 100 1172 200 813 300 156 400
74 0 5 1277 0 1208 100 1114 200 101 300 755 400
75 0 5 848 0 1090 100 173 200 546 300 1124 400
76 0 5 730 0 1127 100 486 200 1378 300 388 400
77 0 5 401 0 1290 100 1284 200 1241 300 750 400
78 0 5 1234 0 383 100 191 200 592 300 1037 400
79 0 5 128 0 45 100 242 200 177 300 11 400
80 0 5 629 0 255 100 667 200 829 300 802 400
81 0 5 610 0 1034 100 1419 200 896 300 108 400
82 0 5 500 0 511 100 1274 200 833 300 64 400
83 0 5 518 0 44 100 435 200 1175 300 1112 400
84 0 5 856 0 940 100 1285 200 1038 300 893 400
85 0 5 1209 0 1023 100 499 200 5 300 618 400
86 0 5 911 0 783 100 967 200 56 300 1473 400
87 0 5 849 0 307 100 990 200 544 300 139 400
88 0 5 1404 0 609 100 1293 200 167 300 262 400
89 0 5 1133 0 819 100 1425 200 676 300 364 400
90 0 5 1104 0 992 100 1460 200 1291 300 1225 400
91 0 5 1171 0 1042 100 1007 200 1469 300 217 400
92 0 5 544 0 3 100 53 200 978 300 1248 400
93 0 5 1491 0 1444 100 420 200 47 300 1224 400
94 0 5 1490 0 1380 100 1192 200 869 300 762 400
95 0 5 189 0 276 100 1018 200 167 300 1332 400
96 0 5 1139 0 272 100 1343 200 1096 300 1399 400
97 0 5 425 0 476 100 398 200 1302 300 943 400
98 0 5 1187 0 279 100 1032 200 934 300 729 400
99 0 5 1335 0 1416 100 542 200 689 300 292 400
100 0 5 670 0 742 100 496 200 56 300 1436 400
101 0 5 1277 0 1448 100 1208 200 74 300 340 400
102 0 5 466 0 1193 100 960 200 36 300 374 400
103 0 5 923 0 608 100 198 200 1357 300 958 400
104 0 5 980 0 396 100 920 200 445 300 707 400
105 0 5 1392 0 816 100 1084 200 353 300 807 400
106 0 5 874 0 912 100 1273 200 389 300 244 400
107 0 5 269 0 814 100 843 200 1413 300 763 400
108 0 5 610 0 1245 100 81 200 1419 300 1266 400
109 0 5 931 0 487 100 553 200 883 300 455 400
110 0 5 847 0 754 100 547 200 1053 300 716 400
111 0 5 1244 0 705 100 706 200 723 300 1211 400
112 0 5 465 0 803 100 164 200 209 300 861 400
113 0 5 166 0 146 100 776 200 1454 300 965 400
114 0 5 775 0 718 100 319 200 1015 300 1489 400
115 0 5 1132 0 1338 100 1202 200 869 300 886 400
116 0 5 865 0 704 100 537 200 1319 300 1109 400
117 0 5 979 0 266 100 965 200 600 300 207 400
118 0 5 1184 0 766 100 1406 200 604 300 628 400
119 0 5 1447 0 1485 100 1046 200 591 300 410 400
120 0 5 240 0 970 100 1465 200 976 300 648 400
121 0 5 603 0 1417 100 811 200 326 300 584 400
122 0 5 6 0 622 100 1168 200 214 300 416 400
123 0 5 467 0 1156 100 1308 200 645 300 477 400
124 0 5 290 0 257 100 906 200 1163 300 977 400
125 0 5 1435 0 199 100 1295 200 469 300 766 400
126 0 5 251 0 787 100 1450 200 581 300 53 400
127 0 5 921 0 1500 100 631 200 330 300 453 400
128 0 5 79 0 1013 100 242 200 1452 300 1009 400
129 0 5 857 0 1212 100 343 200 1214 300 1271 400
130 0 5 1055 0 379 100 1294 200 1477 300 350 400
131 0 5 1149 0 1362 100 850 200 429 300 825 400
132 0 5 1159 0 883 100 455 200 1368 300 109 400
133 0 5 762 0 13 100 505 200 474 300 372 400
134 0 5 907 0 580 100 506 200 510 300 291 400
135 0 5 1197 0 142 100 1054 200 1135 300 362 400
136 0 5 835 0 551 100 1366 200 944 300 1461 400
137 0 5 981 0 586 100 281 200 1324 300 1297 400
138 0 5 353 0 1031 100 753 200 567 300 638 400
139 0 5 1472 0 515 100 87 200 428 300 429 400
140 0 5 1015 0 873 100 1100 200 480 300 1236 400
141 0 5 479 0 1206 100 1346 200 1056 300 583 400
142 0 5 1135 0 1102 100 135 200 362 300 360 400
143 0 5 341 0 1344 100 1453 200 1130 300 602 400
144 0 5 965 0 1188 100 1233 200 1255 300 509 400
145 0 5 802 0 255 100 734 200 1372 300 699 400
146 0 5 1222 0 113 100 965 200 776 300 243 400
147 0 5 808 0 1467 100 18 200 292 300 689 400
148 0 5 411 0 366 100 214 200 874 300 697 400
149 0 5 809 0 924 100 533 200 1195 300 1154 400
150 0 5 545 0 512 100 701 200 1001 300 393 400
151 0 5 1073 0 504 100 1122 200 213 300 312 400
152 0 5 220 0 1051 100 1276 200 170 300 1395 400
153 0 5 528 0 1484 100 520 200 418 300 1493 400
154 0 5 1164 0 1186 100 1432 200 1326 300 710 400
155 0 5 1127 0 1365 100 634 200 725 300 548 400
156 0 5 813 0 61 100 1385 200 1110 300 1116 400
157 0 5 15 0 1289 100 1349 200 1309 300 352 400
158 0 5 1360 0 1191 100 225 200 385 300 699 400
159 0 5 35 0 1306 100 927 200 853 300 1405 400
160 0 5 1241 0 1284 100 636 200 578 300 1358 400
161 0 5 935 0 992 100 188 200 681 300 677 400
162 0 5 1370 0 687 100 287 200 470 300 854 400
163 0 5 1397 0 702 100 776 200 347 300 243 400
164 0 5 465 0 112 100 642 200 1330 300 459 400
165 0 5 288 0 1271 100 929 200 857 300 533 400
166 0 5 1412 0 113 100 1454 200 1439 300 347 400
167 0 5 193 0 88 100 609 200 358 300 1293 400
168 0 5 745 0 1260 100 845 200 997 300 460 400
169 0 5 625 0 1126 100 668 200 1464 300 720 400
170 0 5 1051 0 1258 100 549 200 220 300 152 400
171 0 5 232 0 793 100 530 200 395 300 680 400
172 0 5 1268 0 733 100 407 200 1426 300 1516 400
173 0 5 546 0 815 100 75 200 1124 300 848 400
174 0 5 405 0 6 100 495 200 214 300 1348 400
175 0 5 818 0 1411 100 1121 200 490 300 266 400
176 0 5 351 0 9 100 640 200 571 300 764 400
177 0 5 607 0 1082 100 79 200 45 300 1269 400
178 0 5 556 0 1140 100 1462 200 983 300 1225 400
179 0 5 834 0 431 100 828 200 795 300 558 400
180 0 5 17 0 881 100 1456 200 784 300 824 400
181 0 5 1231 0 1117 100 679 200 1313 300 1164 400
182 0 5 589 0 898 100 1165 200 999 300 1028 400
183 0 5 909 0 295 100 217 200 779 300 1007 400
184 0 5 346 0 1400 100 16 200 11 300 799 400
185 0 5 355 0 301 100 559 200 1086 300 971 400
186 0 5 583 0 1056 100 461 200 1310 300 1431 400
187 0 5 435 0 423 100 1365 200 650 300 795 400
188 0 5 832 0 161 100 1205 200 681 300 992 400
189 0 5 95 0 507 100 1455 200 968 300 276 400
190 0 5 433 0 237 100 852 200 295 300 779 400
191 0 5 592 0 256 100 78 200 1476 300 1037 400
192 0 5 904 0 300 100 565 200 448 300 1052 400
193 0 5 358 0 167 100 1018 200 1293 300 1312 400
194 0 5 1144 0 708 100 484 200 1034 300 896 400
195 0 5 651 0 760 100 399 200 1119 300 8 400
196 0 5 1111 0 670 100 742 200 1265 300 949 400
197 0 5 1314 0 298 100 716 200 1310 300 1177 400
198 0 5 608 0 325 100 103 200 777 300 1415 400
199 0 5 1435 0 125 100 766 200 290 300 774 400
200 0 5 903 0 419 100 279 200 318 300 592 400
201 0 5 1459 0 390 100 305 200 1221 300 458 400
202 0 5 1442 0 1071 100 466 200 1317 300 409 400
203 0 5 32 0 436 100 1036 200 1303 300 764 400
204 0 5 275 0 655 100 597 200 210 300 951 400
205 0 5 982 0 603 100 1329 200 326 300 227 400
206 0 5 1136 0 701 100 1065 200 403 300 1315 400
207 0 5 600 0 1339 100 1222 200 117 300 965 400
208 0 5 1077 0 1421 100 1470 200 867 300 974 400
209 0 5 803 0 465 100 112 200 498 300 1281 400
210 0 5 327 0 575 100 951 200 636 300 655 400
211 0 5 273 0 1048 100 1312 200 1148 300 438 400
212 0 5 282 0 846 100 794 200 1058 300 604 400
213 0 5 312 0 883 100 1153 200 504 300 553 400
214 0 5 405 0 411 100 148 200 174 300 874 400
215 0 5 662 0 1286 100 858 200 985 300 387 400
216 0 5 932 0 706 100 1079 200 606 300 317 400
217 0 5 1333 0 1171 100 1007 200 909 300 1042 400
218 0 5 1286 0 662 100 455 200 858 300 735 400
219 0 5 777 0 582 100 957 200 923 300 695 400
220 0 5 1228 0 152 100 170 200 1258 300 1051 400
221 0 5 1308 0 477 100 1329 200 233 300 227 400
222 0 5 1196 0 806 100 1000 200 400 300 348 400
223 0 5 948 0 396 100 369 200 980 300 1457 400
224 0 5 1047 0 1053 100 476 200 365 300 859 400
225 0 5 1372 0 699 100 1191 200 145 300 1165 400
226 0 5 1130 0 602 100 143 200 1021 300 1344 400
227 0 5 784 0 1329 100 205 200 221 300 982 400
228 0 5 336 0 1359 100 739 200 543 300 1198 400
229 0 5 1024 0 913 100 1182 200 640 300 1036 400
230 0 5 1137 0 959 100 897 200 1381 300 626 400
231 0 5 1291 0 615 100 1179 200 364 300 1425 400
232 0 5 171 0 838 100 668 200 395 300 793 400
233 0 5 1038 0 893 100 1308 200 221 300 1156 400
234 0 5 985 0 1147 100 920 200 897 300 387 400
235 0 5 292 0 709 100 808 200 551 300 72 400
236 0 5 497 0 20 100 490 200 915 300 1012 400
237 0 5 995 0 433 100 190 200 779 300 1214 400
238 0 5 1141 0 1106 100 4 200 1083 300 373 400
239 0 5 301 0 249 100 1361 200 22 300 1438 400
240 0 5 120 0 564 100 976 200 797 300 1465 400
241 0 5 394 0 736 100 34 200 1158 300 135 400
242 0 5 406 0 128 100 79 200 421 300 45 400
243 0 5 776 0 1012 100 1471 200 1222 300 702 400
244 0 5 1498 0 874 100 1272 200 1273 300 405 400
245 0 5 574 0 690 100 572 200 1389 300 696 400
246 0 5 733 0 1426 100 268 200 363 300 172 400
247 0 5 1360 0 385 100 589 200 1191 300 158 400
248 0 5 791 0 969 100 370 200 916 300 1394 400
249 0 5 239 0 1116 100 780 200 1361 300 22 400
250 0 5 458 0 284 100 1377 200 1386 300 1459 400
251 0 5 1470 0 1421 100 126 200 53 300 13 400
252 0 5 541 0 1270 100 1192 200 1138 300 1379 400
253 0 5 1128 0 485 100 1143 200 1401 300 660 400
254 0 5 1075 0 1210 100 663 200 412 300 1254 400
255 0 5 80 0 145 100 818 200 629 300 915 400
256 0 5 1476 0 1368 100 191 200 391 300 1026 400
257 0 5 124 0 807 100 434 200 977 300 816 400
258 0 5 944 0 1340 100 1266 200 1461 300 1419 400
259 0 5 717 0 623 100 31 200 267 300 478 400
260 0 5 38 0 494 100 1377 200 958 300 878 400
261 0 5 70 0 1068 100 1404 200 711 300 609 400
262 0 5 481 0 1406 100 1404 200 88 300 579 400
263 0 5 653 0 303 100 866 200 1427 300 300 400
264 0 5 652 0 899 100 678 200 988 300 1134 400
265 0 5 619 0 1045 100 580 200 765 300 506 400
266 0 5 1113 0 117 100 1121 200 461 300 1339 400
267 0 5 550 0 623 100 380 200 478 300 259 400
268 0 5 446 0 1152 100 1424 200 246 300 486 400
269 0 5 107 0 763 100 1420 200 814 300 1124 400
270 0 5 1118 0 1069 100 49 200 1059 300 1256 400
271 0 5 1126 0 414 100 1464 200 1211 300 723 400
272 0 5 1343 0 96 100 1096 200 1018 300 1332 400
273 0 5 211 0 758 100 380 200 550 300 1148 400
274 0 5 1432 0 52 100 1351 200 864 300 154 400
275 0 5 204 0 590 100 951 200 597 300 823 400
276 0 5 95 0 1332 100 1018 200 189 300 968 400
277 0 5 1102 0 1508 100 1509 200 360 300 1216 400
278 0 5 801 0 415 100 40 200 1022 300 902 400
279 0 5 200 0 98 100 934 200 592 300 1489 400
280 0 5 54 0 384 100 1151 200 628 300 540 400
281 0 5 586 0 294 100 1060 200 137 300 990 400
282 0 5 1184 0 212 100 604 200 794 300 628 400
283 0 5 59 0 1220 100 1459 200 443 300 284 400
284 0 5 59 0 250 100 1459 200 1386 300 283 400
285 0 5 345 0 297 100 536 200 1067 300 441 400
286 0 5 39 0 1183 100 1328 200 1064 300 333 400
287 0 5 1080 0 1370 100 162 200 723 300 854 400
288 0 5 165 0 857 100 984 200 1271 300 771 400
289 0 5 1355 0 1423 100 851 200 1451 300 472 400
290 0 5 906 0 124 100 774 200 199 300 766 400
291 0 5 1373 0 1458 100 506 200 649 300 684 400
292 0 5 808 0 235 100 147 200 99 300 689 400
293 0 5 1313 0 1150 100 1460 200 367 300 560 400
294 0 5 535 0 281 100 526 200 569 300 1297 400
295 0 5 183 0 779 100 909 200 190 300 889 400
296 0 5 47 0 879 100 299 200 1491 300 975 400
297 0 5 1067 0 536 100 285 200 1437 300 345 400
298 0 5 1310 0 197 100 1206 200 442 300 1431 400
299 0 5 1146 0 879 100 296 200 1123 300 47 400
300 0 5 1128 0 1401 100 313 200 192 300 565 400
301 0 5 239 0 185 100 22 200 721 300 1093 400
302 0 5 694 0 680 100 1285 200 793 300 940 400
303 0 5 1427 0 263 100 192 200 904 300 300 400
304 0 5 1115 0 882 100 1469 200 1017 300 710 400
305 0 5 1173 0 1162 100 1459 200 201 300 1220 400
306 0 5 67 0 1352 100 46 200 842 300 1449 400
307 0 5 849 0 1108 100 978 200 87 300 544 400
308 0 5 655 0 946 100 1076 200 597 300 204 400
309 0 5 1141 0 1083 100 51 200 373 300 238 400
310 0 5 1134 0 57 100 1496 200 724 300 1358 400
311 0 5 1499 0 1466 100 799 200 1081 300 1416 400
312 0 5 1153 0 1122 100 213 200 504 300 151 400
313 0 5 538 0 48 100 300 200 860 300 485 400
314 0 5 781 0 1261 100 560 200 584 300 681 400
315 0 5 973 0 1316 100 1101 200 563 300 1089 400
316 0 5 844 0 331 100 1219 200 624 300 1043 400
317 0 5 606 0 1315 100 216 200 706 300 705 400
318 0 5 903 0 735 100 419 200 1282 300 455 400
319 0 5 718 0 1027 100 997 200 33 300 1227 400
320 0 5 1507 0 1508 100 360 200 1062 300 751 400
321 0 5 862 0 1237 100 568 200 371 300 1497 400
322 0 5 891 0 1326 100 710 200 1042 300 882 400
323 0 5 1229 0 450 100 1250 200 1232 300 325 400
324 0 5 1381 0 959 100 462 200 489 300 179 400
325 0 5 1229 0 198 100 1250 200 777 300 608 400
326 0 5 982 0 1299 100 603 200 121 300 1456 400
327 0 5 575 0 210 100 482 200 636 300 1120 400
328 0 5 1441 0 930 100 1309 200 1030 300 1321 400
329 0 5 871 0 854 100 470 200 1156 300 456 400
330 0 5 508 0 1405 100 853 200 127 300 1500 400
331 0 5 1043 0 1085 100 316 200 1487 300 1252 400
332 0 5 1087 0 700 100 1504 200 1505 300 1102 400
333 0 5 1183 0 1064 100 845 200 460 300 961 400
334 0 5 381 0 966 100 602 200 590 300 2 400
335 0 5 595 0 864 100 1186 200 1430 300 52 400
336 0 5 228 0 543 100 726 200 27 300 1359 400
337 0 5 757 0 617 100 622 200 674 300 761 400
338 0 5 795 0 532 100 639 200 431 300 1497 400
339 0 5 448 0 523 100 855 200 170 300 192 400
340 0 5 21 0 755 100 1208 200 1019 300 1410 400
341 0 5 143 0 1017 100 1453 200 1344 300 1333 400
342 0 5 991 0 215 100 646 200 387 300 703 400
343 0 5 514 0 715 100 857 200 129 300 451 400
344 0 5 862 0 73 100 568 200 519 300 933 400
345 0 5 285 0 666 100 820 200 297 300 1477 400
346 0 5 382 0 184 100 769 200 11 300 1400 400
347 0 5 468 0 850 100 1397 200 1412 300 1480 400
348 0 5 1196 0 1030 100 433 200 1309 300 222 400
349 0 5 1101 0 1089 100 1413 200 843 300 848 400
350 0 5 1317 0 409 100 202 200 747 300 130 400
351 0 5 459 0 176 100 471 200 571 300 643 400
352 0 5 1247 0 15 100 50 200 756 300 157 400
353 0 5 138 0 1084 100 567 200 816 300 105 400
354 0 5 363 0 1424 100 1378 200 388 300 427 400
355 0 5 1086 0 185 100 301 200 721 300 971 400
356 0 5 937 0 1109 100 1253 200 19 300 865 400
357 0 5 1270 0 430 100 659 200 1380 300 1374 400
358 0 5 193 0 376 100 1293 200 167 300 1312 400
359 0 5 823 0 1300 100 602 200 597 300 821 400
360 0 5 1062 0 1102 100 1135 200 1455 300 277 400
361 0 5 525 0 1317 100 1003 200 942 300 950 400
362 0 5 736 0 1158 100 1342 200 1102 300 135 400
363 0 5 354 0 1426 100 1213 200 246 300 1424 400
364 0 5 676 0 819 100 231 200 89 300 615 400
365 0 5 754 0 880 100 224 200 1053 300 926 400
366 0 5 148 0 534 100 1253 200 386 300 389 400
367 0 5 1150 0 613 100 1231 200 1462 300 1460 400
368 0 5 1160 0 60 100 1345 200 752 300 940 400
369 0 5 1153 0 948 100 223 200 1519 300 1520 400
370 0 5 877 0 409 100 539 200 248 300 916 400
371 0 5 321 0 532 100 1237 200 790 300 489 400
372 0 5 505 0 474 100 1016 200 133 300 1450 400
373 0 5 4 0 51 100 309 200 782 300 238 400
374 0 5 812 0 1180 100 1193 200 102 300 1003 400
375 0 5 831 0 984 100 771 200 821 300 698 400
376 0 5 768 0 358 100 1429 200 1312 300 1125 400
377 0 5 1185 0 1252 100 740 200 1043 300 1325 400
378 0 5 585 0 895 100 875 200 1341 300 541 400
379 0 5 611 0 130 100 1294 200 747 300 409 400
380 0 5 758 0 550 100 267 200 273 300 211 400
381 0 5 334 0 590 100 966 200 2 300 1063 400
382 0 5 346 0 567 100 11 200 1031 300 769 400
383 0 5 872 0 1234 100 1476 200 78 300 1037 400
384 0 5 54 0 846 100 280 200 1320 300 540 400
385 0 5 247 0 7 100 1191 200 589 300 182 400
386 0 5 1479 0 534 100 426 200 366 300 876 400
387 0 5 1440 0 1298 100 985 200 897 300 234 400
388 0 5 1424 0 486 100 725 200 1378 300 76 400
389 0 5 912 0 697 100 1273 200 366 300 447 400
390 0 5 1221 0 201 100 691 200 643 300 458 400
391 0 5 1476 0 1026 100 1327 200 1073 300 256 400
392 0 5 1371 0 492 100 848 200 1099 300 75 400
393 0 5 545 0 1001 100 881 200 938 300 1239 400
394 0 5 34 0 241 100 135 200 142 300 1158 400
395 0 5 1289 0 171 100 530 200 232 300 793 400
396 0 5 445 0 223 100 104 200 980 300 920 400
397 0 5 1396 0 1120 100 575 200 327 300 482 400
398 0 5 682 0 425 100 439 200 97 300 1061 400
399 0 5 1257 0 195 100 1131 200 740 300 767 400
400 0 5 1000 0 222 100 806 200 1014 300 752 400
401 0 5 77 0 1284 100 750 200 1301 300 1383 400
402 0 5 950 0 820 100 732 200 942 300 71 400
403 0 5 1065 0 1315 100 996 200 456 300 737 400
404 0 5 1137 0 989 100 230 200 897 300 788 400
405 0 5 214 0 174 100 874 200 495 300 244 400
406 0 5 242 0 421 100 1084 200 567 300 11 400
407 0 5 172 0 1213 100 1426 200 1268 300 1532 400
408 0 5 1207 0 557 100 1347 200 1174 300 1345 400
409 0 5 747 0 370 100 877 200 1033 300 350 400
410 0 5 591 0 863 100 789 200 475 300 1318 400
411 0 5 148 0 214 100 874 200 912 300 106 400
412 0 5 442 0 1346 100 1262 200 1053 300 1075 400
413 0 5 674 0 1481 100 661 200 761 300 954 400
414 0 5 1464 0 271 100 723 200 1080 300 1211 400
415 0 5 1217 0 278 100 801 200 1463 300 1267 400
416 0 5 1168 0 622 100 1251 200 757 300 413 400
417 0 5 635 0 555 100 773 200 870 300 452 400
418 0 5 520 0 420 100 1091 200 1445 300 153 400
419 0 5 200 0 318 100 1368 200 903 300 455 400
420 0 5 418 0 1445 100 713 200 93 300 1482 400
421 0 5 731 0 406 100 1009 200 242 300 1084 400
422 0 5 1170 0 955 100 746 200 1090 300 1145 400
423 0 5 650 0 187 100 634 200 435 300 834 400
424 0 5 477 0 905 100 994 200 467 300 938 400
425 0 5 97 0 439 100 398 200 682 300 943 400
426 0 5 656 0 1479 100 386 200 534 300 1388 400
427 0 5 1378 0 1482 100 713 200 354 300 420 400
428 0 5 429 0 1108 100 515 200 307 300 139 400
429 0 5 428 0 1246 100 1149 200 515 300 1108 400
430 0 5 659 0 357 100 830 200 1270 300 1374 400
431 0 5 489 0 179 100 338 200 532 300 834 400
432 0 5 954 0 1481 100 14 200 661 300 306 400
433 0 5 190 0 237 100 1196 200 348 300 995 400
434 0 5 807 0 1384 100 257 200 1084 300 816 400
435 0 5 187 0 518 100 1365 200 446 300 423 400
436 0 5 203 0 1049 100 1036 200 1303 300 32 400
437 0 5 1321 0 594 100 491 200 28 300 1495 400
438 0 5 1148 0 1312 100 768 200 211 300 1429 400
439 0 5 425 0 65 100 398 200 943 300 682 400
440 0 5 743 0 717 100 1095 200 31 300 259 400
441 0 5 28 0 1294 100 666 200 1055 300 1495 400
442 0 5 1262 0 412 100 716 200 1346 300 1314 400
443 0 5 1220 0 1386 100 598 200 1074 300 283 400
444 0 5 1107 0 63 100 1446 200 472 300 702 400
445 0 5 396 0 920 100 553 200 487 300 109 400
446 0 5 1112 0 733 100 268 200 435 300 1365 400
447 0 5 704 0 1273 100 697 200 1272 300 389 400
448 0 5 339 0 565 100 192 200 523 300 300 400
449 0 5 914 0 1388 100 1198 200 543 300 656 400
450 0 5 1232 0 323 100 1325 200 1094 300 1250 400
451 0 5 889 0 514 100 715 200 343 300 779 400
452 0 5 962 0 555 100 773 200 1261 300 417 400
453 0 5 921 0 1016 100 508 200 127 300 631 400
454 0 5 887 0 540 100 513 200 1200 300 527 400
455 0 5 1282 0 132 100 883 200 109 300 318 400
456 0 5 871 0 996 100 403 200 1315 300 1065 400
457 0 5 945 0 839 100 1243 200 787 300 910 400
458 0 5 250 0 1357 100 691 200 201 300 390 400
459 0 5 351 0 471 100 642 200 571 300 164 400
460 0 5 577 0 845 100 1334 200 333 300 1369 400
461 0 5 1056 0 186 100 1121 200 266 300 1411 400
462 0 5 1381 0 626 100 714 200 790 300 324 400
463 0 5 647 0 1173 100 488 200 721 300 22 400
464 0 5 644 0 8 100 1257 200 767 300 669 400
465 0 5 164 0 112 100 209 200 459 300 498 400
466 0 5 102 0 1442 100 202 200 1071 300 1003 400
467 0 5 123 0 938 100 645 200 424 300 477 400
468 0 5 552 0 347 100 1412 200 850 300 526 400
469 0 5 1435 0 1295 100 125 200 804 300 664 400
470 0 5 687 0 854 100 1156 200 162 300 329 400
471 0 5 1029 0 459 100 643 200 351 300 1438 400
472 0 5 1446 0 1451 100 851 200 444 300 289 400
473 0 5 773 0 696 100 1417 200 811 300 121 400
474 0 5 372 0 945 100 1450 200 133 300 505 400
475 0 5 863 0 591 100 1379 200 410 300 541 400
476 0 5 1302 0 97 100 224 200 1047 300 859 400
477 0 5 424 0 221 100 467 200 123 300 1308 400
478 0 5 623 0 796 100 1148 200 550 300 31 400
479 0 5 663 0 141 100 1346 200 1206 300 412 400
480 0 5 671 0 1176 100 41 200 646 300 524 400
481 0 5 262 0 579 100 1125 200 1274 300 1429 400
482 0 5 1120 0 636 100 327 200 575 300 160 400
483 0 5 1095 0 673 100 1061 200 31 300 641 400
484 0 5 1144 0 194 100 708 200 544 300 3 400
485 0 5 1401 0 253 100 538 200 911 300 313 400
486 0 5 388 0 725 100 1127 200 76 300 1378 400
487 0 5 1147 0 662 100 109 200 1286 300 920 400
488 0 5 721 0 1173 100 463 200 22 300 1218 400
489 0 5 431 0 532 100 790 200 1381 300 30 400
490 0 5 915 0 818 100 20 200 236 300 175 400
491 0 5 594 0 1212 100 437 200 930 300 1321 400
492 0 5 1090 0 1371 100 392 200 746 300 75 400
493 0 5 66 0 963 100 1079 200 1443 300 932 400
494 0 5 260 0 878 100 38 200 904 300 958 400
495 0 5 1348 0 174 100 1422 200 1498 300 622 400
496 0 5 1436 0 56 100 100 200 598 300 783 400
497 0 5 1005 0 236 100 915 200 63 300 667 400
498 0 5 1106 0 571 100 209 200 1281 300 465 400
499 0 5 947 0 1023 100 669 200 85 300 1119 400
500 0 5 82 0 833 100 511 200 796 300 64 400
501 0 5 528 0 986 100 1445 200 1172 300 836 400
502 0 5 1461 0 712 100 944 200 1266 300 258 400
503 0 5 830 0 1195 100 741 200 1374 300 719 400
504 0 5 1122 0 151 100 312 200 213 300 1073 400
505 0 5 372 0 133 100 875 200 1323 300 474 400
506 0 5 1458 0 765 100 291 200 265 300 134 400
507 0 5 1062 0 189 100 922 200 1135 300 360 400
508 0 5 330 0 853 100 1016 200 841 300 453 400
509 0 5 1233 0 1177 100 1199 200 1255 300 892 400
510 0 5 1292 0 900 100 134 200 1369 300 907 400
511 0 5 82 0 1274 100 1429 200 500 300 768 400
512 0 5 150 0 701 100 737 200 1136 300 69 400
513 0 5 65 0 1304 100 454 200 887 300 1452 400
514 0 5 451 0 343 100 1214 200 889 300 779 400
515 0 5 1472 0 139 100 569 200 428 300 429 400
516 0 5 714 0 925 100 517 200 1363 300 462 400
517 0 5 599 0 925 100 516 200 1478 300 1363 400
518 0 5 83 0 558 100 435 200 770 300 834 400
519 0 5 913 0 568 100 344 200 371 300 229 400
520 0 5 418 0 1484 100 1091 200 153 300 1288 400
521 0 5 637 0 1396 100 1358 200 57 300 397 400
522 0 5 975 0 1091 100 1491 200 1288 300 1201 400
523 0 5 855 0 1052 100 339 200 192 300 448 400
524 0 5 36 0 1176 100 480 200 102 300 646 400
525 0 5 361 0 1477 100 820 200 1317 300 950 400
526 0 5 552 0 535 100 569 200 294 300 850 400
527 0 5 887 0 540 100 1320 200 1452 300 1009 400
528 0 5 501 0 153 100 1445 200 418 300 1172 400
529 0 5 1008 0 1387 100 547 200 607 300 23 400
530 0 5 171 0 752 100 793 200 60 300 395 400
531 0 5 593 0 900 100 1373 200 1409 300 684 400
532 0 5 338 0 489 100 1497 200 639 300 371 400
533 0 5 929 0 149 100 693 200 917 300 165 400
534 0 5 386 0 1253 100 366 200 426 300 656 400
535 0 5 294 0 569 100 526 200 825 300 515 400
536 0 5 28 0 297 100 1437 200 1067 300 285 400
537 0 5 1072 0 19 100 865 200 1319 300 116 400
538 0 5 313 0 1401 100 485 200 300 300 253 400
539 0 5 916 0 1071 100 877 200 370 300 810 400
540 0 5 54 0 454 100 527 200 887 300 280 400
541 0 5 1138 0 252 100 895 200 1192 300 475 400
542 0 5 1335 0 799 100 99 200 1416 300 16 400
543 0 5 1161 0 1388 100 336 200 1198 300 449 400
544 0 5 92 0 849 100 484 200 3 300 307 400
545 0 5 393 0 150 100 1001 200 737 300 938 400
546 0 5 173 0 815 100 848 200 75 300 814 400
547 0 5 892 0 1008 100 1387 200 110 300 529 400
548 0 5 725 0 634 100 1152 200 155 300 1365 400
549 0 5 1059 0 170 100 1256 200 42 300 270 400
550 0 5 267 0 380 100 1148 200 478 300 273 400
551 0 5 136 0 835 100 235 200 1366 300 72 400
552 0 5 468 0 1439 100 526 200 1412 300 347 400
553 0 5 931 0 445 100 109 200 883 300 213 400
554 0 5 732 0 1483 100 612 200 619 300 580 400
555 0 5 635 0 417 100 1042 200 452 300 322 400
556 0 5 1225 0 178 100 983 200 1462 300 1291 400
557 0 5 1174 0 408 100 1329 200 1207 300 1347 400
558 0 5 834 0 518 100 770 200 828 300 83 400
559 0 5 1093 0 971 100 1354 200 185 300 1086 400
560 0 5 1261 0 314 100 1313 200 1002 300 962 400
561 0 5 917 0 1046 100 1447 200 884 300 924 400
562 0 5 722 0 1407 100 1054 200 1142 300 1197 400
563 0 5 890 0 1398 100 918 200 315 300 616 400
564 0 5 1311 0 240 100 10 200 1465 300 120 400
565 0 5 860 0 448 100 300 200 192 300 48 400
566 0 5 1176 0 934 100 1187 200 729 300 480 400
567 0 5 382 0 11 100 406 200 138 300 242 400
568 0 5 862 0 344 100 519 200 321 300 933 400
569 0 5 825 0 535 100 515 200 526 300 1149 400
570 0 5 685 0 1203 100 1197 200 1020 300 798 400
571 0 5 498 0 459 100 351 200 176 300 642 400
572 0 5 1389 0 245 100 690 200 1014 300 696 400
573 0 5 1305 0 759 100 1246 200 786 300 939 400
574 0 5 245 0 1345 100 1014 200 572 300 690 400
575 0 5 327 0 210 100 397 200 482 300 1120 400
576 0 5 1205 0 817 100 1230 200 1456 300 188 400
577 0 5 460 0 1078 100 58 200 333 300 1183 400
578 0 5 908 0 1383 100 1284 200 160 300 1336 400
579 0 5 1151 0 481 100 1274 200 1429 300 280 400
580 0 5 134 0 265 100 907 200 554 300 506 400
581 0 5 53 0 972 100 910 200 787 300 1050 400
582 0 5 219 0 1287 100 957 200 1256 300 777 400
583 0 5 186 0 1310 100 1206 200 1056 300 1346 400
584 0 5 681 0 1417 100 314 200 781 300 1205 400
585 0 5 378 0 1341 100 895 200 68 300 875 400
586 0 5 137 0 281 100 1060 200 1129 300 1324 400
587 0 5 745 0 1037 100 997 200 1234 300 1260 400
588 0 5 1458 0 765 100 1367 200 1045 300 506 400
589 0 5 182 0 1165 100 247 200 385 300 999 400
590 0 5 275 0 381 100 1063 200 951 300 334 400
591 0 5 410 0 1379 100 475 200 863 300 119 400
592 0 5 718 0 191 100 1234 200 1037 300 78 400
593 0 5 531 0 900 100 1245 200 1409 300 1390 400
594 0 5 491 0 437 100 1321 200 1212 300 28 400
595 0 5 335 0 1186 100 1430 200 882 300 1167 400
596 0 5 624 0 1085 100 1487 200 993 300 51 400
597 0 5 823 0 204 100 308 200 275 300 655 400
598 0 5 1436 0 443 100 1057 200 1220 300 496 400
599 0 5 517 0 1303 100 1478 200 925 300 827 400
600 0 5 979 0 207 100 1339 200 117 300 1222 400
601 0 5 908 0 1190 100 1383 200 1336 300 578 400
602 0 5 226 0 334 100 359 200 143 300 381 400
603 0 5 811 0 121 100 205 200 326 300 982 400
604 0 5 1058 0 282 100 1184 200 212 300 1384 400
605 0 5 1181 0 1169 100 1302 200 859 300 97 400
606 0 5 317 0 706 100 705 200 1315 300 216 400
607 0 5 177 0 1081 100 529 200 1269 300 1466 400
608 0 5 198 0 1415 100 103 200 24 300 1357 400
609 0 5 1455 0 88 100 1404 200 167 300 261 400
610 0 5 81 0 108 100 1034 200 1245 300 1419 400
611 0 5 756 0 379 100 747 200 1433 300 1294 400
612 0 5 630 0 1027 100 1483 200 554 300 1041 400
613 0 5 367 0 1462 100 1231 200 679 300 1351 400
614 0 5 1325 0 1094 100 62 200 450 300 377 400
615 0 5 1179 0 231 100 832 200 676 300 1291 400
616 0 5 999 0 1316 100 563 200 973 300 315 400
617 0 5 337 0 761 100 622 200 1348 300 495 400
618 0 5 1209 0 1033 100 85 200 747 300 370 400
619 0 5 265 0 732 100 554 200 1045 300 580 400
620 0 5 682 0 673 100 641 200 1200 300 454 400
621 0 5 964 0 1414 100 831 200 821 300 1318 400
622 0 5 122 0 1168 100 416 200 617 300 495 400
623 0 5 259 0 267 100 478 200 31 300 1148 400
624 0 5 596 0 993 100 788 200 1219 300 1085 400
625 0 5 169 0 1403 100 668 200 1025 300 838 400
626 0 5 462 0 714 100 1363 200 1137 300 230 400
627 0 5 1063 0 988 100 2 200 678 300 785 400
628 0 5 1151 0 1406 100 282 200 794 300 1184 400
629 0 5 80 0 829 100 915 200 255 300 818 400
630 0 5 1027 0 612 100 319 200 775 300 1483 400
631 0 5 127 0 1500 100 955 200 457 300 945 400
632 0 5 1224 0 1444 100 713 200 47 300 1146 400
633 0 5 1058 0 1320 100 731 200 604 300 1384 400
634 0 5 548 0 1152 100 423 200 155 300 1365 400
635 0 5 417 0 870 100 555 200 1007 300 1042 400
636 0 5 482 0 686 100 327 200 210 300 655 400
637 0 5 521 0 1358 100 57 200 1396 300 748 400
638 0 5 753 0 977 100 138 200 39 300 1328 400
639 0 5 1497 0 338 100 532 200 795 300 1237 400
640 0 5 764 0 176 100 9 200 780 300 229 400
641 0 5 1200 0 64 100 31 200 673 300 620 400
642 0 5 1330 0 164 100 1486 200 459 300 571 400
643 0 5 1221 0 1029 100 390 200 471 300 459 400
644 0 5 464 0 1364 100 767 200 658 300 49 400
645 0 5 1039 0 467 100 1001 200 123 300 1156 400
646 0 5 342 0 703 100 991 200 960 300 480 400
647 0 5 463 0 1162 100 1173 200 1218 300 305 400
648 0 5 970 0 1162 100 976 200 1218 300 120 400
649 0 5 291 0 1338 100 1458 200 741 300 506 400
650 0 5 423 0 795 100 187 200 834 300 639 400
651 0 5 760 0 195 100 1131 200 738 300 399 400
652 0 5 264 0 1430 100 988 200 1134 300 785 400
653 0 5 263 0 866 100 660 200 1128 300 300 400
654 0 5 695 0 1052 100 192 200 42 300 904 400
655 0 5 308 0 946 100 204 200 210 300 636 400
656 0 5 426 0 914 100 449 200 1479 300 534 400
657 0 5 1068 0 1406 100 1103 200 1376 300 125 400
658 0 5 665 0 1166 100 1276 200 644 300 1364 400
659 0 5 1374 0 430 100 357 200 830 300 503 400
660 0 5 1143 0 783 100 911 200 653 300 253 400
661 0 5 1449 0 1481 100 413 200 761 300 1422 400
662 0 5 1286 0 215 100 858 200 735 300 218 400
663 0 5 479 0 254 100 1075 200 1346 300 412 400
664 0 5 772 0 1457 100 804 200 469 300 125 400
665 0 5 1166 0 658 100 720 200 669 300 1126 400
666 0 5 1055 0 1477 100 345 200 441 300 525 400
667 0 5 63 0 699 100 829 200 80 300 802 400
668 0 5 838 0 232 100 1403 200 625 300 169 400
669 0 5 947 0 499 100 720 200 464 300 1119 400
670 0 5 100 0 196 100 742 200 1111 300 56 400
671 0 5 480 0 729 100 1032 200 41 300 1176 400
672 0 5 833 0 796 100 64 200 500 300 478 400
673 0 5 483 0 620 100 641 200 1061 300 31 400
674 0 5 1251 0 413 100 757 200 761 300 416 400
675 0 5 1445 0 836 100 1482 200 730 300 1127 400
676 0 5 364 0 1133 100 89 200 615 300 231 400
677 0 5 992 0 1104 100 1002 200 161 300 90 400
678 0 5 988 0 748 100 1496 200 264 300 899 400
679 0 5 1231 0 181 100 1117 200 613 300 1351 400
680 0 5 793 0 302 100 694 200 171 300 668 400
681 0 5 584 0 781 100 1006 200 161 300 188 400
682 0 5 620 0 398 100 439 200 1061 300 673 400
683 0 5 1011 0 974 100 1077 200 1490 300 1380 400
684 0 5 1409 0 1202 100 291 200 531 300 1338 400
685 0 5 570 0 1197 100 798 200 722 300 135 400
686 0 5 636 0 1076 100 1336 200 1501 300 1402 400
687 0 5 470 0 162 100 1280 200 1097 300 1370 400
688 0 5 1223 0 739 100 1359 200 1226 300 1493 400
689 0 5 1060 0 99 100 1416 200 147 300 292 400
690 0 5 696 0 245 100 811 200 572 300 1389 400
691 0 5 1357 0 1486 100 390 200 458 300 201 400
692 0 5 10 0 797 100 837 200 1040 300 1157 400
693 0 5 1437 0 1067 100 533 200 165 300 297 400
694 0 5 302 0 1285 100 940 200 680 300 793 400
695 0 5 654 0 957 100 923 200 219 300 777 400
696 0 5 690 0 473 100 811 200 1389 300 773 400
697 0 5 800 0 389 100 447 200 1273 300 1109 400
698 0 5 929 0 984 100 917 200 375 300 884 400
699 0 5 667 0 225 100 1165 200 1191 300 802 400
700 0 5 332 0 1504 100 1268 200 1503 300 1216 400
701 0 5 512 0 206 100 1136 200 150 300 737 400
702 0 5 1446 0 163 100 243 200 444 300 1397 400
703 0 5 1463 0 991 100 646 200 960 300 36 400
704 0 5 116 0 447 100 1319 200 697 300 537 400
705 0 5 111 0 854 100 706 200 723 300 606 400
706 0 5 216 0 606 100 111 200 705 300 1244 400
707 0 5 980 0 1457 100 29 200 396 300 749 400
708 0 5 896 0 1034 100 194 200 484 300 1144 400
709 0 5 72 0 235 100 99 200 292 300 1335 400
710 0 5 1186 0 882 100 322 200 891 300 154 400
711 0 5 1068 0 70 100 261 200 1103 300 657 400
712 0 5 961 0 1461 100 502 200 1078 300 944 400
713 0 5 1482 0 1444 100 427 200 420 300 1445 400
714 0 5 516 0 626 100 462 200 1363 300 925 400
715 0 5 1344 0 343 100 1021 200 451 300 217 400
716 0 5 1314 0 1262 100 1199 200 1356 300 197 400
717 0 5 259 0 440 100 31 200 483 300 641 400
718 0 5 592 0 1037 100 319 200 114 300 1489 400
719 0 5 741 0 1154 100 1195 200 503 300 649 400
720 0 5 665 0 1126 100 669 200 1166 300 658 400
721 0 5 22 0 488 100 1218 200 1086 300 301 400
722 0 5 562 0 26 100 1142 200 1407 300 798 400
723 0 5 414 0 1080 100 705 200 1211 300 287 400
724 0 5 1134 0 899 100 1496 200 310 300 678 400
725 0 5 548 0 486 100 388 200 1424 300 1127 400
726 0 5 1354 0 1361 100 27 200 336 300 1093 400
727 0 5 1478 0 1083 100 993 200 51 300 1303 400
728 0 5 949 0 1465 100 1111 200 1311 300 1265 400
729 0 5 671 0 1032 100 566 200 1187 300 480 400
730 0 5 836 0 76 100 675 200 1378 300 1127 400
731 0 5 421 0 1320 100 1084 200 633 300 1009 400
732 0 5 619 0 554 100 1045 200 402 300 71 400
733 0 5 446 0 172 100 246 200 1112 300 1525 400
734 0 5 1372 0 802 100 145 200 699 300 667 400
735 0 5 858 0 318 100 662 200 455 300 903 400
736 0 5 241 0 362 100 1158 200 1216 300 1342 400
737 0 5 69 0 996 100 1136 200 1065 300 403 400
738 0 5 1350 0 760 100 651 200 1185 300 969 400
739 0 5 688 0 1201 100 1493 200 1288 300 1359 400
740 0 5 1131 0 62 100 1185 200 1155 300 767 400
741 0 5 719 0 1154 100 503 200 1195 300 1374 400
742 0 5 1265 0 670 100 100 200 196 300 970 400
743 0 5 440 0 1095 100 1061 200 1181 300 31 400
744 0 5 1169 0 1302 100 859 200 476 300 97 400
745 0 5 168 0 587 100 997 200 1260 300 1037 400
746 0 5 1114 0 1090 100 955 200 422 300 492 400
747 0 5 409 0 611 100 1033 200 379 300 350 400
748 0 5 951 0 678 100 1496 200 1396 300 899 400
749 0 5 980 0 1494 100 29 200 920 300 707 400
750 0 5 927 0 1301 100 853 200 1290 300 401 400
751 0 5 70 0 1505 100 1506 200 1376 300 320 400
752 0 5 806 0 60 100 530 200 400 300 368 400
753 0 5 977 0 138 100 638 200 353 300 39 400
754 0 5 365 0 110 100 1008 200 547 300 880 400
755 0 5 1208 0 340 100 1114 200 21 300 74 400
756 0 5 611 0 1433 100 352 200 50 300 1247 400
757 0 5 337 0 1251 100 674 200 622 300 416 400
758 0 5 380 0 273 100 1139 200 1048 300 1096 400
759 0 5 972 0 910 100 573 200 1305 300 1050 400
760 0 5 651 0 195 100 738 200 791 300 1350 400
761 0 5 617 0 1422 100 1348 200 661 300 413 400
762 0 5 133 0 1490 100 13 200 1192 300 94 400
763 0 5 1010 0 269 100 1420 200 885 300 843 400
764 0 5 32 0 640 100 1106 200 176 300 498 400
765 0 5 588 0 506 100 265 200 1045 300 1458 400
766 0 5 199 0 1384 100 118 200 125 300 290 400
767 0 5 1155 0 1364 100 1257 200 1131 300 740 400
768 0 5 376 0 1312 100 1429 200 438 300 511 400
769 0 5 1335 0 346 100 72 200 799 300 99 400
770 0 5 1518 0 1519 100 828 200 558 300 29 400
771 0 5 1021 0 857 100 984 200 375 300 343 400
772 0 5 804 0 664 100 1103 200 1376 300 1295 400
773 0 5 473 0 1389 100 417 200 696 300 452 400
774 0 5 290 0 906 100 1435 200 199 300 1098 400
775 0 5 114 0 1236 100 1015 200 612 300 942 400
776 0 5 243 0 1397 100 163 200 1222 300 113 400
777 0 5 219 0 198 100 325 200 1215 300 957 400
778 0 5 890 0 918 100 1398 200 1089 300 563 400
779 0 5 889 0 295 100 217 200 237 300 1214 400
780 0 5 9 0 249 100 1182 200 640 300 1385 400
781 0 5 1006 0 314 100 681 200 560 300 584 400
782 0 5 4 0 1281 100 803 200 861 300 373 400
783 0 5 56 0 86 100 660 200 911 300 496 400
784 0 5 227 0 994 100 982 200 1299 300 17 400
785 0 5 1430 0 2 100 1167 200 988 300 652 400
786 0 5 1420 0 1246 100 1204 200 573 300 1124 400
787 0 5 126 0 945 100 581 200 1450 300 457 400
788 0 5 989 0 1219 100 624 200 993 300 1298 400
789 0 5 1190 0 863 100 410 200 601 300 1383 400
790 0 5 30 0 489 100 462 200 371 300 532 400
791 0 5 248 0 1394 100 5 200 1209 300 760 400
792 0 5 1361 0 1259 100 1116 200 928 300 336 400
793 0 5 680 0 171 100 530 200 302 300 694 400
794 0 5 846 0 212 100 282 200 628 300 384 400
795 0 5 650 0 338 100 834 200 639 300 179 400
796 0 5 672 0 64 100 478 200 31 300 500 400
797 0 5 868 0 692 100 240 200 1040 300 1235 400
798 0 5 26 0 1275 100 685 200 722 300 1054 400
799 0 5 542 0 1416 100 16 200 311 300 184 400
800 0 5 1109 0 697 100 1253 200 356 300 366 400
801 0 5 1022 0 278 100 415 200 960 300 987 400
802 0 5 145 0 734 100 699 200 667 300 80 400
803 0 5 209 0 1281 100 112 200 782 300 861 400
804 0 5 772 0 1295 100 664 200 469 300 1103 400
805 0 5 1098 0 1163 100 953 200 906 300 1242 400
806 0 5 752 0 222 100 400 200 1000 300 1196 400
807 0 5 1392 0 434 100 257 200 1084 300 816 400
808 0 5 292 0 147 100 235 200 1467 300 709 400
809 0 5 149 0 1154 100 1367 200 924 300 741 400
810 0 5 916 0 960 100 919 200 1071 300 539 400
811 0 5 603 0 696 100 121 200 473 300 690 400
812 0 5 1193 0 374 100 1180 200 1015 300 1003 400
813 0 5 1385 0 156 100 1182 200 1024 300 1110 400
814 0 5 107 0 815 100 1413 200 269 300 546 400
815 0 5 546 0 173 100 814 200 1124 300 1420 400
816 0 5 105 0 1084 100 353 200 257 300 434 400
817 0 5 1230 0 576 100 1456 200 1205 300 37 400
818 0 5 175 0 1411 100 915 200 490 300 255 400
819 0 5 1425 0 89 100 364 200 676 300 231 400
820 0 5 71 0 950 100 525 200 345 300 402 400
821 0 5 1300 0 1414 100 375 200 831 300 359 400
822 0 5 826 0 888 100 37 200 25 300 1456 400
823 0 5 359 0 597 100 275 200 1300 300 204 400
824 0 5 1299 0 17 100 180 200 326 300 982 400
825 0 5 569 0 1149 100 526 200 535 300 850 400
826 0 5 822 0 37 100 25 200 1189 300 888 400
827 0 5 1036 0 913 100 1303 200 599 300 436 400
828 0 5 770 0 558 100 29 200 179 300 834 400
829 0 5 1005 0 629 100 667 200 80 300 915 400
830 0 5 503 0 430 100 1195 200 1374 300 659 400
831 0 5 375 0 621 100 884 200 821 300 984 400
832 0 5 188 0 1230 100 615 200 1179 300 90 400
833 0 5 672 0 500 100 82 200 54 300 64 400
834 0 5 558 0 179 100 795 200 518 300 423 400
835 0 5 136 0 551 100 944 200 1366 300 258 400
836 0 5 730 0 675 100 986 200 501 300 1445 400
837 0 5 1157 0 1353 100 692 200 1272 300 1040 400
838 0 5 668 0 232 100 1403 200 1247 300 625 400
839 0 5 1382 0 910 100 457 200 1243 300 787 400
840 0 5 1328 0 944 100 961 200 136 300 1461 400
841 0 5 853 0 1194 100 508 200 1301 300 750 400
842 0 5 1434 0 1070 100 67 200 949 300 306 400
843 0 5 1238 0 1413 100 885 200 349 300 814 400
844 0 5 1296 0 316 100 1219 200 1249 300 1043 400
845 0 5 168 0 460 100 1064 200 333 300 1035 400
846 0 5 794 0 384 100 212 200 1320 300 282 400
847 0 5 1356 0 110 100 892 200 1428 300 1053 400
848 0 5 546 0 75 100 392 200 1413 300 1089 400
849 0 5 307 0 544 100 87 200 978 300 484 400
850 0 5 1480 0 347 100 1149 200 468 300 131 400
851 0 5 1088 0 289 100 472 200 1451 300 1423 400
852 0 5 1279 0 190 100 909 200 870 300 433 400
853 0 5 841 0 508 100 750 200 330 300 927 400
854 0 5 329 0 705 100 470 200 287 300 162 400
855 0 5 523 0 42 100 339 200 1052 300 170 400
856 0 5 84 0 940 100 1038 200 893 300 1285 400
857 0 5 771 0 288 100 129 200 343 300 1271 400
858 0 5 934 0 735 100 662 200 215 300 566 400
859 0 5 1254 0 744 100 1169 200 476 300 97 400
860 0 5 48 0 565 100 313 200 300 300 538 400
861 0 5 24 0 782 100 112 200 803 300 1281 400
862 0 5 321 0 568 100 344 200 933 300 986 400
863 0 5 475 0 789 100 410 200 591 300 1190 400
864 0 5 52 0 335 100 1186 200 274 300 595 400
865 0 5 116 0 537 100 1109 200 356 300 1319 400
866 0 5 1057 0 653 100 1074 200 263 300 878 400
867 0 5 3 0 1470 100 208 200 1144 300 484 400
868 0 5 797 0 971 100 1086 200 1040 300 1093 400
869 0 5 1380 0 1132 100 94 200 115 300 357 400
870 0 5 635 0 1279 100 1007 200 417 300 909 400
871 0 5 456 0 329 100 996 200 1156 300 854 400
872 0 5 1327 0 383 100 1035 200 1234 300 1064 400
873 0 5 140 0 1100 100 1015 200 480 300 41 400
874 0 5 106 0 244 100 411 200 405 300 912 400
875 0 5 1323 0 895 100 1341 200 378 300 505 400
876 0 5 1123 0 1479 100 386 200 914 300 1146 400
877 0 5 370 0 539 100 409 200 916 300 1071 400
878 0 5 494 0 1427 100 904 200 958 300 866 400
879 0 5 299 0 296 100 47 200 1224 300 1146 400
880 0 5 926 0 365 100 1008 200 1337 300 754 400
881 0 5 1239 0 180 100 1189 200 393 300 905 400
882 0 5 304 0 710 100 1186 200 322 300 595 400
883 0 5 132 0 931 100 213 200 1368 300 109 400
884 0 5 917 0 831 100 561 200 375 300 698 400
885 0 5 1238 0 1092 100 843 200 936 300 1240 400
886 0 5 1202 0 610 100 1409 200 81 300 115 400
887 0 5 454 0 527 100 513 200 540 300 1452 400
888 0 5 1488 0 822 100 25 200 826 300 1133 400
889 0 5 451 0 779 100 514 200 217 300 295 400
890 0 5 778 0 563 100 918 200 1398 300 1089 400
891 0 5 1326 0 322 100 710 200 1313 300 154 400
892 0 5 547 0 1387 100 1233 200 509 300 847 400
893 0 5 233 0 1038 100 1347 200 856 300 1308 400
894 0 5 1292 0 58 100 1369 200 577 300 1390 400
895 0 5 378 0 875 100 541 200 585 300 1138 400
896 0 5 708 0 1419 100 1034 200 1266 300 81 400
897 0 5 234 0 387 100 230 200 1494 300 959 400
898 0 5 998 0 182 100 1028 200 999 300 1165 400
899 0 5 724 0 1496 100 264 200 678 300 1134 400
900 0 5 510 0 593 100 531 200 134 300 1292 400
901 0 5 963 0 1079 100 48 200 565 300 216 400
902 0 5 1350 0 1283 100 40 200 1307 300 987 400
903 0 5 200 0 318 100 279 200 419 300 858 400
904 0 5 192 0 878 100 1427 200 303 300 654 400
905 0 5 994 0 938 100 424 200 881 300 784 400
906 0 5 290 0 124 100 774 200 1163 300 1098 400
907 0 5 134 0 1041 100 580 200 510 300 554 400
908 0 5 578 0 601 100 1336 200 1383 300 1501 400
909 0 5 183 0 1007 100 295 200 852 300 217 400
910 0 5 839 0 759 100 581 200 787 300 457 400
911 0 5 86 0 1143 100 660 200 485 300 783 400
912 0 5 389 0 106 100 874 200 1273 300 411 400
913 0 5 519 0 229 100 827 200 1036 300 344 400
914 0 5 449 0 656 100 975 200 876 300 296 400
915 0 5 490 0 629 100 818 200 236 300 1005 400
916 0 5 539 0 810 100 1071 200 969 300 370 400
917 0 5 884 0 561 100 698 200 924 300 533 400
918 0 5 778 0 563 100 1089 200 890 300 315 400
919 0 5 1307 0 969 100 810 200 1350 300 902 400
920 0 5 445 0 1147 100 234 200 104 300 396 400
921 0 5 453 0 127 100 508 200 631 300 1016 400
922 0 5 968 0 507 100 1135 200 1062 300 189 400
923 0 5 103 0 958 100 695 200 219 300 904 400
924 0 5 149 0 1046 100 561 200 1195 300 917 400
925 0 5 517 0 516 100 1363 200 1478 300 599 400
926 0 5 880 0 1337 100 1408 200 365 300 1047 400
927 0 5 750 0 1393 100 159 200 853 300 1306 400
928 0 5 1226 0 1110 100 1259 200 1223 300 688 400
929 0 5 698 0 533 100 165 200 984 300 917 400
930 0 5 1212 0 328 100 491 200 1321 300 1441 400
931 0 5 109 0 553 100 883 200 213 300 455 400
932 0 5 216 0 1443 100 1244 200 493 300 706 400
933 0 5 862 0 1497 100 639 200 650 300 321 400
934 0 5 858 0 279 100 566 200 98 300 1187 400
935 0 5 161 0 1006 100 1002 200 681 300 677 400
936 0 5 1092 0 1240 100 1088 200 12 300 885 400
937 0 5 1388 0 356 100 1161 200 534 300 1253 400
938 0 5 1001 0 905 100 467 200 424 300 393 400
939 0 5 1305 0 1204 100 573 200 759 300 786 400
940 0 5 84 0 856 100 1285 200 694 300 893 400
941 0 5 50 0 1433 100 756 200 15 300 1495 400
942 0 5 1180 0 1236 100 361 200 1003 300 402 400
943 0 5 1047 0 1408 100 439 200 65 300 97 400
944 0 5 835 0 258 100 502 200 1461 300 1340 400
945 0 5 457 0 787 100 474 200 631 300 1450 400
946 0 5 308 0 655 100 1076 200 686 300 597 400
947 0 5 669 0 499 100 1119 200 5 300 85 400
948 0 5 223 0 1510 100 1509 200 369 300 1457 400
949 0 5 728 0 1111 100 842 200 1352 300 67 400
950 0 5 402 0 820 100 361 200 525 300 732 400
951 0 5 748 0 210 100 275 200 590 300 204 400
952 0 5 1399 0 1066 100 1275 200 1332 300 1096 400
953 0 5 1073 0 1098 100 805 200 1242 300 504 400
954 0 5 14 0 432 100 413 200 1481 300 416 400
955 0 5 1114 0 746 100 422 200 631 300 1170 400
956 0 5 1468 0 1353 100 46 200 1272 300 837 400
957 0 5 582 0 695 100 1256 200 219 300 42 400
958 0 5 923 0 1377 100 38 200 1357 300 904 400
959 0 5 1494 0 324 100 230 200 1381 300 897 400
960 0 5 1307 0 102 100 801 200 1022 300 703 400
961 0 5 712 0 1183 100 840 200 333 300 1461 400
962 0 5 1261 0 452 100 560 200 314 300 555 400
963 0 5 901 0 493 100 1079 200 66 300 565 400
964 0 5 621 0 1414 100 1318 200 1402 300 1076 400
965 0 5 144 0 117 100 146 200 1339 300 1188 400
966 0 5 1167 0 334 100 381 200 2 300 602 400
967 0 5 1105 0 86 100 1111 200 1473 300 56 400
968 0 5 922 0 1407 100 189 200 1142 300 276 400
969 0 5 919 0 248 100 1350 200 916 300 1307 400
970 0 5 648 0 120 100 1265 200 742 300 1218 400
971 0 5 559 0 868 100 1086 200 1093 300 1040 400
972 0 5 759 0 1050 100 581 200 910 300 1248 400
973 0 5 315 0 1101 100 1316 200 999 300 1423 400
974 0 5 1077 0 683 100 1011 200 1490 300 208 400
975 0 5 522 0 1201 100 914 200 1288 300 449 400
976 0 5 1235 0 240 100 120 200 648 300 1218 400
977 0 5 753 0 124 100 638 200 257 300 1163 400
978 0 5 1248 0 1108 100 92 200 307 300 53 400
979 0 5 600 0 117 100 1339 200 266 300 207 400
980 0 5 749 0 707 100 104 200 223 300 396 400
981 0 5 1297 0 137 100 43 200 1324 300 586 400
982 0 5 205 0 1299 100 326 200 784 300 227 400
983 0 5 1140 0 1291 100 556 200 231 300 178 400
984 0 5 698 0 375 100 771 200 288 300 831 400
985 0 5 234 0 1147 100 387 200 920 300 897 400
986 0 5 501 0 836 100 155 200 1172 300 1127 400
987 0 5 1022 0 40 100 1283 200 902 300 801 400
988 0 5 627 0 678 100 652 200 264 300 785 400
989 0 5 788 0 1298 100 404 200 993 300 624 400
990 0 5 1322 0 294 100 281 200 87 300 18 400
991 0 5 1463 0 342 100 703 200 646 300 960 400
992 0 5 677 0 90 100 161 200 188 300 1104 400
993 0 5 624 0 727 100 51 200 596 300 788 400
994 0 5 905 0 784 100 424 200 938 300 881 400
995 0 5 237 0 1214 100 433 200 190 300 1030 400
996 0 5 456 0 737 100 69 200 403 300 1065 400
997 0 5 745 0 1037 100 1331 200 587 300 168 400
998 0 5 898 0 1028 100 999 200 1423 300 1355 400
999 0 5 616 0 1316 100 998 200 973 300 1028 400
1000 0 5 400 0 1014 100 222 200 806 300 752 400
1001 0 5 938 0 1039 100 393 200 645 300 545 400
1002 0 5 677 0 1104 100 935 200 1460 300 560 400
1003 0 5 1180 0 1317 100 361 200 942 300 466 400
1004 0 5 1188 0 1454 100 1324 200 43 300 113 400
1005 0 5 497 0 829 100 915 200 667 300 629 400
1006 0 5 781 0 935 100 681 200 1002 300 314 400
1007 0 5 909 0 870 100 1171 200 91 300 635 400
1008 0 5 880 0 547 100 529 200 1337 300 754 400
1009 0 5 1452 0 1320 100 421 200 1013 300 527 400
1010 0 5 763 0 1362 100 1420 200 1246 300 885 400
1011 0 5 683 0 974 100 1077 200 1144 300 867 400
1012 0 5 1471 0 20 100 243 200 1339 300 444 400
1013 0 5 1492 0 1452 100 128 200 1009 300 1304 400
1014 0 5 1000 0 574 100 400 200 1389 300 572 400
1015 0 5 140 0 1236 100 775 200 1193 300 812 400
1016 0 5 68 0 453 100 1194 200 508 300 372 400
1017 0 5 1115 0 341 100 1453 200 1333 300 143 400
1018 0 5 1332 0 1096 100 193 200 276 300 95 400
1019 0 5 1405 0 1410 100 340 200 1500 300 21 400
1020 0 5 1203 0 34 100 1197 200 135 300 362 400
1021 0 5 771 0 1130 100 715 200 226 300 1344 400
1022 0 5 801 0 987 100 40 200 960 300 278 400
1023 0 5 1025 0 85 100 499 200 756 300 1247 400
1024 0 5 1182 0 229 100 780 200 813 300 640 400
1025 0 5 1023 0 1247 100 1403 200 499 300 625 400
1026 0 5 391 0 1476 100 256 200 1368 300 883 400
1027 0 5 630 0 612 100 33 200 319 300 1483 400
1028 0 5 998 0 1423 100 999 200 1165 300 699 400
1029 0 5 471 0 643 100 1221 200 1438 300 459 400
1030 0 5 348 0 1309 100 328 200 433 300 1196 400
1031 0 5 138 0 1366 100 72 200 382 300 769 400
1032 0 5 1187 0 729 100 671 200 98 300 566 400
1033 0 5 618 0 747 100 409 200 370 300 1209 400
1034 0 5 81 0 708 100 194 200 896 300 1266 400
1035 0 5 872 0 845 100 1064 200 1260 300 1327 400
1036 0 5 827 0 1303 100 436 200 913 300 229 400
1037 0 5 1234 0 997 100 587 200 718 300 592 400
1038 0 5 233 0 856 100 893 200 1285 300 84 400
1039 0 5 645 0 69 100 1001 200 737 300 938 400
1040 0 5 1474 0 1157 100 692 200 797 300 868 400
1041 0 5 907 0 33 100 580 200 612 300 1334 400
1042 0 5 91 0 555 100 322 200 1007 300 217 400
1043 0 5 1283 0 331 100 1252 200 316 300 1085 400
1044 0 5 1155 0 1215 100 62 200 1287 300 740 400
1045 0 5 265 0 71 100 732 200 765 300 1278 400
1046 0 5 1485 0 1447 100 924 200 561 300 1195 400
1047 0 5 224 0 943 100 476 200 926 300 365 400
1048 0 5 211 0 1343 100 758 200 1139 300 1018 400
1049 0 5 436 0 1303 100 1106 200 1036 300 599 400
1050 0 5 1248 0 972 100 581 200 759 300 573 400
1051 0 5 1395 0 170 100 152 200 1059 300 220 400
1052 0 5 523 0 654 100 42 200 192 300 855 400
1053 0 5 1262 0 224 100 412 200 716 300 754 400
1054 0 5 1197 0 562 100 135 200 722 300 1135 400
1055 0 5 666 0 130 100 1477 200 1294 300 379 400
1056 0 5 461 0 186 100 1206 200 1411 300 1121 400
1057 0 5 866 0 1074 100 598 200 443 300 1386 400
1058 0 5 604 0 633 100 212 200 1320 300 118 400
1059 0 5 549 0 1395 100 270 200 1051 300 170 400
1060 0 5 689 0 586 100 281 200 1129 300 1416 400
1061 0 5 1181 0 483 100 673 200 1095 300 682 400
1062 0 5 507 0 360 100 1135 200 1455 300 320 400
1063 0 5 627 0 590 100 2 200 988 300 381 400
1064 0 5 333 0 845 100 1327 200 39 300 1035 400
1065 0 5 403 0 1136 100 737 200 206 300 996 400
1066 0 5 1418 0 952 100 1332 200 1275 300 1096 400
1067 0 5 1437 0 693 100 297 200 536 300 285 400
1068 0 5 711 0 261 100 657 200 1406 300 1404 400
1069 0 5 1118 0 270 100 1287 200 1256 300 49 400
1070 0 5 1473 0 842 100 1434 200 1111 300 949 400
1071 0 5 539 0 1442 100 202 200 916 300 810 400
1072 0 5 19 0 537 100 1319 200 27 300 1161 400
1073 0 5 151 0 953 100 504 200 391 300 1242 400
1074 0 5 1057 0 1386 100 866 200 443 300 878 400
1075 0 5 254 0 1210 100 663 200 412 300 1346 400
1076 0 5 946 0 686 100 1414 200 308 300 1402 400
1077 0 5 208 0 974 100 1490 200 1421 300 1011 400
1078 0 5 58 0 577 100 1183 200 712 300 1390 400
1079 0 5 901 0 1443 100 963 200 493 300 216 400
1080 0 5 287 0 723 100 414 200 1370 300 1464 400
1081 0 5 607 0 1466 100 1400 200 23 300 11 400
1082 0 5 45 0 177 100 11 200 1400 300 1081 400
1083 0 5 309 0 727 100 51 200 1141 300 238 400
1084 0 5 105 0 353 100 816 200 406 300 731 400
1085 0 5 596 0 1487 100 331 200 624 300 1232 400
1086 0 5 355 0 1235 100 868 200 1218 300 971 400
1087 0 5 332 0 1375 100 1342 200 1158 300 700 400
1088 0 5 851 0 936 100 1092 200 1240 300 885 400
1089 0 5 349 0 918 100 1101 200 1413 300 848 400
1090 0 5 492 0 746 100 75 200 422 300 955 400
1091 0 5 522 0 1491 100 418 200 520 300 420 400
1092 0 5 936 0 1240 100 885 200 1088 300 12 400
1093 0 5 559 0 1354 100 726 200 971 300 1361 400
1094 0 5 614 0 62 100 1250 200 1215 300 450 400
1095 0 5 743 0 483 100 1061 200 440 300 673 400
1096 0 5 1018 0 272 100 96 200 1332 300 1343 400
1097 0 5 1370 0 1280 100 687 200 1080 300 162 400
1098 0 5 953 0 805 100 906 200 1242 300 774 400
1099 0 5 1398 0 1448 100 392 200 1371 300 778 400
1100 0 5 873 0 140 100 480 200 41 300 1015 400
1101 0 5 349 0 973 100 1089 200 315 300 1413 400
1102 0 5 277 0 142 100 360 200 362 300 1511 400
1103 0 5 657 0 1376 100 711 200 804 300 772 400
1104 0 5 90 0 677 100 1002 200 1460 300 992 400
1105 0 5 967 0 1473 100 1111 200 196 300 670 400
1106 0 5 498 0 238 100 1049 200 764 300 571 400
1107 0 5 444 0 63 100 1451 200 472 300 1446 400
1108 0 5 428 0 307 100 978 200 429 300 515 400
1109 0 5 800 0 1253 100 865 200 356 300 697 400
1110 0 5 928 0 73 100 156 200 61 300 1226 400
1111 0 5 196 0 949 100 967 200 728 300 1070 400
1112 0 5 1175 0 446 100 733 200 1522 300 435 400
1113 0 5 266 0 1431 100 461 200 1255 300 1121 400
1114 0 5 955 0 746 100 74 200 755 300 1208 400
1115 0 5 304 0 1017 100 1469 200 882 300 341 400
1116 0 5 61 0 249 100 1259 200 1385 300 1110 400
1117 0 5 181 0 1351 100 679 200 1164 300 1313 400
1118 0 5 1069 0 270 100 49 200 1364 300 1044 400
1119 0 5 5 0 947 100 195 200 499 300 8 400
1120 0 5 482 0 397 100 575 200 327 300 636 400
1121 0 5 1411 0 461 100 175 200 266 300 1056 400
1122 0 5 504 0 312 100 151 200 1098 300 1153 400
1123 0 5 1146 0 876 100 1479 200 299 300 914 400
1124 0 5 1204 0 815 100 173 200 1420 300 75 400
1125 0 5 1293 0 1429 100 481 200 1404 300 88 400
1126 0 5 271 0 1211 100 1166 200 720 300 1464 400
1127 0 5 76 0 486 100 155 200 725 300 986 400
1128 0 5 253 0 300 100 653 200 1143 300 263 400
1129 0 5 1416 0 586 100 1060 200 799 300 689 400
1130 0 5 226 0 1021 100 1344 200 143 300 715 400
1131 0 5 740 0 399 100 1185 200 651 300 767 400
1132 0 5 115 0 869 100 1380 200 1202 300 94 400
1133 0 5 89 0 1488 100 676 200 888 300 822 400
1134 0 5 310 0 724 100 264 200 652 300 899 400
1135 0 5 142 0 922 100 1062 200 360 300 135 400
1136 0 5 206 0 1065 100 737 200 701 300 512 400
1137 0 5 230 0 1363 100 404 200 626 300 989 400
1138 0 5 1323 0 541 100 1192 200 252 300 895 400
1139 0 5 1391 0 96 100 758 200 1048 300 1343 400
1140 0 5 983 0 178 100 1425 200 556 300 1291 400
1141 0 5 309 0 238 100 1083 200 4 300 373 400
1142 0 5 1418 0 722 100 1407 200 26 300 968 400
1143 0 5 660 0 911 100 253 200 1128 300 485 400
1144 0 5 194 0 484 100 867 200 708 300 1011 400
1145 0 5 1170 0 1243 100 1382 200 422 300 1124 400
1146 0 5 1123 0 299 100 1224 200 876 300 386 400
1147 0 5 985 0 234 100 920 200 487 300 387 400
1148 0 5 438 0 550 100 478 200 623 300 211 400
1149 0 5 131 0 825 100 850 200 429 300 526 400
1150 0 5 293 0 367 100 1460 200 1313 300 1231 400
1151 0 5 628 0 579 100 280 200 1274 300 794 400
1152 0 5 634 0 1365 100 548 200 268 300 725 400
1153 0 5 312 0 369 100 213 200 1122 300 223 400
1154 0 5 741 0 1367 100 719 200 809 300 588 400
1155 0 5 1044 0 767 100 740 200 62 300 1364 400
1156 0 5 123 0 470 100 1280 200 645 300 1308 400
1157 0 5 837 0 1040 100 1474 200 1319 300 692 400
1158 0 5 1375 0 1342 100 362 200 736 300 1087 400
1159 0 5 132 0 1368 100 883 200 419 300 455 400
1160 0 5 368 0 1345 100 60 200 1347 300 940 400
1161 0 5 543 0 19 100 27 200 356 300 1072 400
1162 0 5 647 0 648 100 305 200 463 300 1173 400
1163 0 5 805 0 906 100 1264 200 1242 300 124 400
1164 0 5 154 0 1351 100 1432 200 1117 300 1326 400
1165 0 5 7 0 589 100 1191 200 699 300 1028 400
1166 0 5 665 0 658 100 1276 200 1178 300 1126 400
1167 0 5 966 0 2 100 785 200 595 300 882 400
1168 0 5 416 0 622 100 122 200 757 300 1251 400
1169 0 5 744 0 605 100 859 200 1302 300 476 400
1170 0 5 1145 0 1243 100 422 200 955 300 1382 400
1171 0 5 91 0 1469 100 1007 200 217 300 1333 400
1172 0 5 73 0 986 100 501 200 344 300 933 400
1173 0 5 488 0 463 100 305 200 1221 300 201 400
1174 0 5 557 0 1329 100 893 200 408 300 221 400
1175 0 5 1112 0 1515 100 1514 200 44 300 83 400
1176 0 5 524 0 480 100 566 200 36 300 671 400
1177 0 5 1255 0 1199 100 509 200 1431 300 892 400
1178 0 5 1211 0 1276 100 1166 200 152 300 658 400
1179 0 5 615 0 231 100 832 200 90 300 1291 400
1180 0 5 1003 0 942 100 374 200 1236 300 361 400
1181 0 5 605 0 1061 100 398 200 682 300 673 400
1182 0 5 1024 0 813 100 1385 200 229 300 780 400
1183 0 5 333 0 961 100 1078 200 502 300 712 400
1184 0 5 282 0 118 100 604 200 1384 300 628 400
1185 0 5 377 0 740 100 1252 200 1131 300 1350 400
1186 0 5 710 0 154 100 595 200 882 300 864 400
1187 0 5 1032 0 98 100 729 200 566 300 934 400
1188 0 5 1004 0 1454 100 144 200 965 300 113 400
1189 0 5 1239 0 881 100 25 200 826 300 37 400
1190 0 5 789 0 601 100 1383 200 863 300 410 400
1191 0 5 158 0 225 100 1165 200 385 300 699 400
1192 0 5 94 0 252 100 1270 200 1138 300 541 400
1193 0 5 102 0 812 100 374 200 36 300 1015 400
1194 0 5 841 0 1301 100 1016 200 853 300 750 400
1195 0 5 503 0 719 100 741 200 1046 300 830 400
1196 0 5 348 0 222 100 433 200 806 300 1030 400
1197 0 5 135 0 1054 100 685 200 1020 300 798 400
1198 0 5 1201 0 543 100 449 200 1388 300 228 400
1199 0 5 1428 0 1177 100 509 200 716 300 892 400
1200 0 5 641 0 64 100 454 200 620 300 540 400
1201 0 5 1198 0 975 100 739 200 1288 300 1091 400
1202 0 5 684 0 1338 100 115 200 886 300 1409 400
1203 0 5 1020 0 570 100 1197 200 135 300 685 400
1204 0 5 939 0 1124 100 786 200 1305 300 573 400
1205 0 5 576 0 1456 100 817 200 188 300 681 400
1206 0 5 141 0 1346 100 1056 200 583 300 1310 400
1207 0 5 1347 0 408 100 557 200 1345 300 1174 400
1208 0 5 755 0 74 100 340 200 101 300 1114 400
1209 0 5 85 0 618 100 791 200 1394 300 1033 400
1210 0 5 1254 0 254 100 1075 200 224 300 744 400
1211 0 5 1178 0 271 100 1126 200 723 300 1166 400
1212 0 5 930 0 491 100 129 200 594 300 1214 400
1213 0 5 407 0 363 100 1426 200 1378 300 354 400
1214 0 5 995 0 514 100 129 200 779 300 237 400
1215 0 5 1250 0 1094 100 1044 200 777 300 62 400
1216 0 5 1502 0 1 100 277 200 360 300 700 400
1217 0 5 415 0 1267 100 1475 200 1463 300 801 400
1218 0 5 1235 0 721 100 1086 200 648 300 976 400
1219 0 5 1249 0 844 100 624 200 1296 300 316 400
1220 0 5 443 0 283 100 598 200 305 300 1459 400
1221 0 5 643 0 390 100 1029 200 201 300 1173 400
1222 0 5 146 0 207 100 776 200 243 300 1339 400
1223 0 5 688 0 1359 100 1259 200 928 300 739 400
1224 0 5 632 0 47 100 1444 200 1146 300 93 400
1225 0 5 556 0 1462 100 1460 200 90 300 178 400
1226 0 5 928 0 1493 100 688 200 1110 300 739 400
1227 0 5 1331 0 33 100 1334 200 319 300 997 400
1228 0 5 220 0 1244 100 1258 200 152 300 170 400
1229 0 5 325 0 323 100 24 200 1250 300 198 400
1230 0 5 817 0 576 100 832 200 1456 300 188 400
1231 0 5 181 0 679 100 613 200 367 300 1313 400
1232 0 5 1487 0 450 100 1325 200 323 300 373 400
1233 0 5 509 0 1387 100 144 200 892 300 55 400
1234 0 5 1037 0 383 100 78 200 587 300 592 400
1235 0 5 976 0 1218 100 1086 200 240 300 797 400
1236 0 5 942 0 775 100 1015 200 1180 300 361 400
1237 0 5 1497 0 321 100 371 200 639 300 568 400
1238 0 5 843 0 885 100 814 200 763 300 1092 400
1239 0 5 1189 0 881 100 25 200 393 300 826 400
1240 0 5 12 0 1092 100 936 200 885 300 1088 400
1241 0 5 160 0 1290 100 1358 200 1284 300 1396 400
1242 0 5 1264 0 1163 100 953 200 805 300 1327 400
1243 0 5 1145 0 1170 100 1382 200 457 300 839 400
1244 0 5 1228 0 111 100 706 200 1258 300 1443 400
1245 0 5 108 0 1390 100 1266 200 593 300 1409 400
1246 0 5 786 0 429 100 573 200 1010 300 1420 400
1247 0 5 352 0 1403 100 1025 200 838 300 756 400
1248 0 5 1050 0 978 100 53 200 581 300 92 400
1249 0 5 1219 0 1475 100 1296 200 844 300 1267 400
1250 0 5 1215 0 1094 100 325 200 323 300 450 400
1251 0 5 757 0 674 100 416 200 413 300 622 400
1252 0 5 377 0 1185 100 1043 200 1131 300 1283 400
1253 0 5 800 0 534 100 1109 200 366 300 356 400
1254 0 5 859 0 1210 100 224 200 1169 300 1053 400
1255 0 5 1177 0 1431 100 509 200 144 300 1233 400
1256 0 5 1287 0 42 100 957 200 549 300 582 400
1257 0 5 8 0 399 100 767 200 464 300 195 400
1258 0 5 66 0 170 100 1228 200 1244 300 220 400
1259 0 5 792 0 1223 100 1116 200 928 300 1110 400
1260 0 5 168 0 745 100 587 200 1035 300 1334 400
1261 0 5 962 0 314 100 560 200 452 300 781 400
1262 0 5 442 0 1053 100 412 200 716 300 1314 400
1263 0 5 1408 0 1304 100 1269 200 1492 300 65 400
1264 0 5 1242 0 39 100 1163 200 1327 300 805 400
1265 0 5 742 0 970 100 1465 200 728 300 196 400
1266 0 5 502 0 896 100 258 200 1245 300 1034 400
1267 0 5 1217 0 1463 100 1475 200 415 300 40 400
1268 0 5 172 0 700 100 407 200 1507 300 1506 400
1269 0 5 1337 0 1263 100 607 200 1408 300 177 400
1270 0 5 357 0 252 100 1192 200 430 300 1380 400
1271 0 5 165 0 28 100 129 200 857 300 288 400
1272 0 5 1273 0 1353 100 244 200 447 300 837 400
1273 0 5 1272 0 447 100 244 200 697 300 389 400
1274 0 5 511 0 1429 100 82 200 481 300 579 400
1275 0 5 798 0 952 100 26 200 1391 300 1066 400
1276 0 5 1178 0 1166 100 152 200 658 300 1395 400
1277 0 5 101 0 74 100 1208 200 1448 300 1114 400
1278 0 5 71 0 1045 100 588 200 1367 300 297 400
1279 0 5 852 0 870 100 1389 200 1014 300 572 400
1280 0 5 1097 0 687 100 1156 200 1285 300 1308 400
1281 0 5 803 0 782 100 209 200 498 300 4 400
1282 0 5 455 0 318 100 883 200 735 300 132 400
1283 0 5 1043 0 987 100 902 200 1475 300 40 400
1284 0 5 1383 0 401 100 578 200 160 300 750 400
1285 0 5 694 0 940 100 302 200 84 300 1038 400
1286 0 5 487 0 662 100 218 200 215 300 318 400
1287 0 5 582 0 1256 100 1069 200 1044 300 549 400
1288 0 5 1484 0 1493 100 1201 200 739 300 975 400
1289 0 5 157 0 1309 100 395 200 1349 300 352 400
1290 0 5 77 0 1241 100 750 200 160 300 1393 400
1291 0 5 231 0 983 100 90 200 1179 300 556 400
1292 0 5 894 0 510 100 1390 200 900 300 1369 400
1293 0 5 1125 0 88 100 358 200 167 300 1404 400
1294 0 5 379 0 441 100 1433 200 130 300 1055 400
1295 0 5 804 0 469 100 125 200 657 300 772 400
1296 0 5 1475 0 844 100 1249 200 1219 300 316 400
1297 0 5 981 0 43 100 1439 200 552 300 1454 400
1298 0 5 989 0 387 100 897 200 788 300 1440 400
1299 0 5 824 0 982 100 326 200 784 300 17 400
1300 0 5 821 0 359 100 823 200 1414 300 597 400
1301 0 5 1194 0 750 100 68 200 1016 300 841 400
1302 0 5 476 0 744 100 1169 200 97 300 605 400
1303 0 5 599 0 1049 100 1036 200 827 300 436 400
1304 0 5 1492 0 1263 100 513 200 65 300 1013 400
1305 0 5 939 0 573 100 1204 200 759 300 1382 400
1306 0 5 1393 0 159 100 35 200 927 300 750 400
1307 0 5 919 0 960 100 40 200 969 300 902 400
1308 0 5 221 0 233 100 123 200 1156 300 477 400
1309 0 5 1030 0 1289 100 1349 200 328 300 348 400
1310 0 5 298 0 583 100 1431 200 197 300 1206 400
1311 0 5 564 0 1465 100 46 200 10 300 1352 400
1312 0 5 438 0 768 100 376 200 211 300 358 400
1313 0 5 293 0 560 100 1326 200 1150 300 1117 400
1314 0 5 197 0 716 100 442 200 1262 300 1053 400
1315 0 5 317 0 403 100 606 200 456 300 996 400
1316 0 5 616 0 315 100 999 200 973 300 563 400
1317 0 5 1003 0 361 100 350 200 202 300 525 400
1318 0 5 1402 0 1501 100 964 200 410 300 1336 400
1319 0 5 1474 0 537 100 1072 200 27 300 1157 400
1320 0 5 633 0 731 100 212 200 1058 300 384 400
1321 0 5 1441 0 437 100 491 200 1495 300 930 400
1322 0 5 990 0 18 100 1419 200 1340 300 1467 400
1323 0 5 875 0 1138 100 895 200 505 300 541 400
1324 0 5 1499 0 1004 100 55 200 586 300 981 400
1325 0 5 614 0 1232 100 450 200 331 300 62 400
1326 0 5 891 0 322 100 1313 200 154 300 710 400
1327 0 5 872 0 1064 100 1242 200 391 300 1264 400
1328 0 5 840 0 39 100 286 200 961 300 1366 400
1329 0 5 1174 0 227 100 221 200 557 300 205 400
1330 0 5 642 0 1486 100 1415 200 164 300 608 400
1331 0 5 1227 0 997 100 1334 200 33 300 587 400
1332 0 5 276 0 1018 100 1096 200 1066 300 95 400
1333 0 5 1469 0 217 100 1017 200 1171 300 341 400
1334 0 5 33 0 1331 100 1369 200 460 300 1227 400
1335 0 5 542 0 99 100 16 200 769 300 709 400
1336 0 5 1501 0 601 100 908 200 686 300 1402 400
1337 0 5 1269 0 926 100 1008 200 880 300 1408 400
1338 0 5 115 0 1202 100 649 200 684 300 291 400
1339 0 5 1471 0 207 100 600 200 1222 300 20 400
1340 0 5 1419 0 258 100 944 200 1322 300 18 400
1341 0 5 68 0 585 100 875 200 378 300 895 400
1342 0 5 1375 0 1158 100 1087 200 362 300 1102 400
1343 0 5 272 0 1048 100 96 200 1096 300 1139 400
1344 0 5 1453 0 715 100 143 200 1130 300 341 400
1345 0 5 1160 0 1347 100 574 200 1207 300 408 400
1346 0 5 1206 0 412 100 141 200 663 300 442 400
1347 0 5 1207 0 1345 100 408 200 893 300 1160 400
1348 0 5 495 0 1422 100 761 200 617 300 622 400
1349 0 5 157 0 1309 100 15 200 1289 300 1495 400
1350 0 5 738 0 902 100 969 200 919 300 1185 400
1351 0 5 1432 0 1117 100 274 200 1164 300 679 400
1352 0 5 67 0 306 100 46 200 949 300 1311 400
1353 0 5 956 0 837 100 1272 200 46 300 10 400
1354 0 5 27 0 726 100 1093 200 559 300 1319 400
1355 0 5 1423 0 289 100 1451 200 1028 300 851 400
1356 0 5 847 0 1428 100 716 200 1199 300 1262 400
1357 0 5 691 0 458 100 958 200 103 300 608 400
1358 0 5 57 0 637 100 1241 200 160 300 521 400
1359 0 5 228 0 1223 100 688 200 739 300 336 400
1360 0 5 247 0 158 100 225 200 1191 300 589 400
1361 0 5 792 0 726 100 249 200 239 300 1093 400
1362 0 5 131 0 1010 100 1480 200 12 300 850 400
1363 0 5 1137 0 626 100 1478 200 925 300 714 400
1364 0 5 644 0 49 100 767 200 1155 300 464 400
1365 0 5 1152 0 435 100 187 200 155 300 634 400
1366 0 5 1031 0 551 100 136 200 72 300 944 400
1367 0 5 1154 0 588 100 765 200 1458 300 809 400
1368 0 5 256 0 1476 100 883 200 419 300 132 400
1369 0 5 894 0 1334 100 510 200 460 300 577 400
1370 0 5 162 0 1097 100 287 200 1080 300 687 400
1371 0 5 392 0 492 100 1448 200 1099 300 746 400
1372 0 5 734 0 225 100 699 200 802 300 145 400
1373 0 5 531 0 291 100 134 200 684 300 900 400
1374 0 5 659 0 503 100 357 200 430 300 830 400
1375 0 5 1087 0 1342 100 1158 200 362 300 1513 400
1376 0 5 1517 0 1518 100 1103 200 657 300 751 400
1377 0 5 260 0 38 100 1386 200 958 300 250 400
1378 0 5 427 0 354 100 388 200 76 300 730 400
1379 0 5 591 0 1485 100 475 200 252 300 830 400
1380 0 5 869 0 94 100 1132 200 357 300 1270 400
1381 0 5 324 0 462 100 959 200 489 300 230 400
1382 0 5 839 0 1243 100 1145 200 1305 300 457 400
1383 0 5 1284 0 578 100 601 200 1190 300 908 400
1384 0 5 766 0 434 100 1184 200 604 300 633 400
1385 0 5 813 0 156 100 1182 200 780 300 249 400
1386 0 5 1074 0 443 100 1377 200 250 300 284 400
1387 0 5 1233 0 892 100 529 200 547 300 509 400
1388 0 5 937 0 449 100 543 200 1198 300 1161 400
1389 0 5 572 0 773 100 1014 200 1279 300 696 400
1390 0 5 58 0 1245 100 502 200 1078 300 1292 400
1391 0 5 1399 0 1139 100 1275 200 96 300 1066 400
1392 0 5 807 0 105 100 1084 200 816 300 257 400
1393 0 5 1306 0 927 100 750 200 35 300 1290 400
1394 0 5 5 0 791 100 1209 200 85 300 248 400
1395 0 5 1051 0 1059 100 152 200 270 300 1276 400
1396 0 5 521 0 397 100 637 200 748 300 160 400
1397 0 5 163 0 776 100 347 200 702 300 113 400
1398 0 5 1099 0 563 100 778 200 1448 300 890 400
1399 0 5 1391 0 952 100 1275 200 96 300 1066 400
1400 0 5 16 0 184 100 1081 200 1082 300 346 400
1401 0 5 485 0 538 100 300 200 253 300 1128 400
1402 0 5 1318 0 1501 100 964 200 686 300 1076 400
1403 0 5 625 0 1247 100 668 200 838 300 1025 400
1404 0 5 88 0 609 100 261 200 262 300 1125 400
1405 0 5 1019 0 330 100 1410 200 1500 300 127 400
1406 0 5 657 0 628 100 1068 200 262 300 118 400
1407 0 5 968 0 562 100 1142 200 722 300 1054 400
1408 0 5 1263 0 943 100 926 200 65 300 1269 400
1409 0 5 684 0 531 100 1202 200 593 300 1245 400
1410 0 5 1019 0 35 100 340 200 1405 300 159 400
1411 0 5 1121 0 175 100 818 200 1056 300 461 400
1412 0 5 166 0 1439 100 468 200 552 300 347 400
1413 0 5 843 0 1089 100 814 200 349 300 848 400
1414 0 5 621 0 821 100 964 200 1076 300 686 400
1415 0 5 608 0 24 100 1330 200 164 300 861 400
1416 0 5 1129 0 99 100 799 200 542 300 689 400
1417 0 5 121 0 584 100 473 200 811 300 773 400
1418 0 5 1142 0 1066 100 26 200 1275 300 952 400
1419 0 5 1340 0 896 100 81 200 258 300 1322 400
1420 0 5 786 0 763 100 1010 200 1124 300 269 400
1421 0 5 208 0 251 100 1470 200 1077 300 13 400
1422 0 5 1498 0 1348 100 761 200 495 300 661 400
1423 0 5 1355 0 1028 100 289 200 851 300 998 400
1424 0 5 388 0 354 100 268 200 725 300 363 400
1425 0 5 819 0 1140 100 89 200 231 300 983 400
1426 0 5 363 0 407 100 1213 200 246 300 733 400
1427 0 5 303 0 878 100 904 200 192 300 263 400
1428 0 5 1199 0 1356 100 892 200 847 300 716 400
1429 0 5 1125 0 1274 100 376 200 768 300 481 400
1430 0 5 785 0 652 100 595 200 335 300 988 400
1431 0 5 1113 0 1255 100 1310 200 1177 300 509 400
1432 0 5 274 0 1351 100 154 200 1164 300 1186 400
1433 0 5 941 0 756 100 1294 200 50 300 611 400
1434 0 5 842 0 14 100 1070 200 306 300 67 400
1435 0 5 469 0 199 100 125 200 774 300 290 400
1436 0 5 598 0 496 100 1220 200 443 300 100 400
1437 0 5 1067 0 693 100 536 200 297 300 28 400
1438 0 5 9 0 22 100 1029 200 471 300 176 400
1439 0 5 1412 0 1454 100 552 200 166 300 43 400
1440 0 5 1267 0 387 100 1298 200 991 300 342 400
1441 0 5 328 0 1321 100 930 200 1495 300 1309 400
1442 0 5 202 0 1071 100 466 200 102 300 539 400
1443 0 5 932 0 1079 100 1244 200 493 300 216 400
1444 0 5 93 0 713 100 1224 200 420 300 47 400
1445 0 5 675 0 420 100 418 200 501 300 1482 400
1446 0 5 472 0 702 100 444 200 851 300 1088 400
1447 0 5 119 0 1485 100 1046 200 561 300 1379 400
1448 0 5 101 0 1099 100 1371 200 1398 300 392 400
1449 0 5 1468 0 661 100 1481 200 306 300 46 400
1450 0 5 13 0 474 100 126 200 787 300 945 400
1451 0 5 1355 0 472 100 289 200 63 300 851 400
1452 0 5 1009 0 1013 100 527 200 513 300 128 400
1453 0 5 1344 0 341 100 143 200 1017 300 715 400
1454 0 5 1439 0 1188 100 1004 200 43 300 166 400
1455 0 5 609 0 320 100 360 200 1062 300 189 400
1456 0 5 37 0 1205 100 817 200 326 300 180 400
1457 0 5 1503 0 1502 100 664 200 948 300 44 400
1458 0 5 588 0 506 100 291 200 765 300 649 400
1459 0 5 201 0 284 100 305 200 59 300 283 400
1460 0 5 1150 0 90 100 1225 200 1002 300 293 400
1461 0 5 712 0 502 100 944 200 258 300 961 400
1462 0 5 613 0 1225 100 178 200 367 300 556 400
1463 0 5 703 0 991 100 1217 200 960 300 1267 400
1464 0 5 414 0 271 100 1126 200 1080 300 169 400
1465 0 5 1311 0 120 100 728 200 1265 300 564 400
1466 0 5 23 0 1081 100 311 200 607 300 55 400
1467 0 5 18 0 147 100 1322 200 1340 300 235 400
1468 0 5 1449 0 956 100 661 200 46 300 306 400
1469 0 5 1333 0 1171 100 217 200 1115 300 304 400
1470 0 5 251 0 1421 100 208 200 867 300 3 400
1471 0 5 1012 0 1339 100 243 200 1222 300 20 400
1472 0 5 139 0 515 100 535 200 569 300 428 400
1473 0 5 1070 0 1105 100 967 200 1111 300 86 400
1474 0 5 1319 0 1040 100 1157 200 1354 300 971 400
1475 0 5 1296 0 1249 100 1217 200 1219 300 1267 400
1476 0 5 256 0 391 100 1368 200 383 300 191 400
1477 0 5 666 0 1055 100 525 200 130 300 820 400
1478 0 5 727 0 599 100 925 200 517 300 516 400
1479 0 5 876 0 386 100 426 200 656 300 1123 400
1480 0 5 12 0 850 100 347 200 1362 300 936 400
1481 0 5 432 0 413 100 661 200 954 300 1449 400
1482 0 5 713 0 427 100 675 200 420 300 1445 400
1483 0 5 612 0 554 100 630 200 1027 300 775 400
1484 0 5 1288 0 520 100 1493 200 153 300 1091 400
1485 0 5 119 0 1447 100 1046 200 1379 300 591 400
1486 0 5 691 0 1330 100 642 200 1357 300 390 400
1487 0 5 1232 0 1085 100 596 200 450 300 373 400
1488 0 5 888 0 1133 100 25 200 822 300 826 400
1489 0 5 718 0 114 100 279 200 1187 300 592 400
1490 0 5 94 0 762 100 1077 200 974 300 683 400
1491 0 5 93 0 1091 100 522 200 296 300 47 400
1492 0 5 1304 0 1013 100 1263 200 1452 300 1408 400
1493 0 5 1288 0 1226 100 1484 200 739 300 153 400
1494 0 5 959 0 29 100 749 200 980 300 897 400
1495 0 5 1321 0 1349 100 1309 200 437 300 1441 400
1496 0 5 899 0 678 100 748 200 310 300 724 400
1497 0 5 1237 0 639 100 532 200 933 300 321 400
1498 0 5 244 0 1422 100 495 200 1348 300 874 400
1499 0 5 1324 0 311 100 55 200 1466 300 23 400
1500 0 5 21 0 127 100 631 200 340 300 1019 400
1501 0 5 1336 0 1402 100 1318 200 686 300 908 400
1502 0 5 1216 0 1457 100 29 200 246 300 1153 400
1503 0 5 1457 0 700 100 29 200 1153 300 246 400
1504 0 5 700 0 332 100 29 200 246 300 828 400
1505 0 5 751 0 332 100 29 200 246 300 1153 400
1506 0 5 751 0 1268 100 29 200 246 300 1153 400
1507 0 5 320 0 1268 100 29 200 246 300 1153 400
1508 0 5 320 0 277 100 29 200 246 300 1153 400
1509 0 5 948 0 277 100 29 200 246 300 1153 400
1510 0 5 948 0 1102 100 29 200 1153 300 246 400
1511 0 5 1102 0 29 100 1087 200 1153 300 246 400
1512 0 5 1342 0 29 100 1153 200 246 300 1087 400
1513 0 5 1342 0 29 100 1375 200 246 300 1153 400
1514 0 5 1175 0 1375 100 29 200 1153 300 246 400
1515 0 5 1175 0 172 100 29 200 246 300 1153 400
1516 0 5 172 0 29 100 246 200 1153 300 104 400
1517 0 5 1376 0 29 100 1153 200 246 300 104 400
1518 0 5 1376 0 770 100 29 200 1153 300 246 400
1519 0 5 770 0 369 100 29 200 1153 300 246 400
1520 0 5 83 0 369 100 29 200 1153 300 104 400
1521 0 5 83 0 1112 100 29 200 1153 300 246 400
1522 0 5 360 0 1112 100 29 200 246 300 1153 400
1523 0 5 664 0 360 100 29 200 1153 300 246 400
1524 0 5 664 0 362 100 29 200 1153 300 246 400
1525 0 5 733 0 362 100 29 200 246 300 1153 400
1526 0 5 733 0 223 100 29 200 1153 300 246 400
1527 0 5 70 0 223 100 29 200 1153 300 828 400
1528 0 5 772 0 70 100 29 200 1153 300 828 400
1529 0 5 772 0 142 100 29 200 1153 300 246 400
1530 0 5 707 0 142 100 29 200 1153 300 246 400
1531 0 5 707 0 407 100 29 200 1153 300 246 400
1532 0 5 407 0 804 100 29 200 1153 300 246 400
1533 0 5 1103 0 804 100 29 200 1153 300 828 400
1534 0 5 1103 0 29 100 1153 200 736 300 246 400
1535 0 5 1135 0 29 100 1153 200 246 300 736 400
1536 0 5 1062 0 1135 100 1455 200 29 300 1153 400
1537 0 5 446 0 1062 100 1455 200 29 300 1153 400
1538 0 5 518 0 446 100 1455 200 29 300 1153 400
1539 0 5 518 0 1455 100 711 200 261 300 29 400
1540 0 5 44 0 1455 100 29 200 261 300 1153 400
-1
EOF
