1540
1 0 5 730 0 995 100 1217 200 817 300 759 400
2 0 5 88 0 1305 100 539 200 349 300 877 400
3 0 5 317 0 1168 100 799 200 422 300 1209 400
4 0 5 559 0 956 100 145 200 1209 300 422 400
5 0 5 637 0 1468 100 1195 200 1402 300 657 400
6 0 5 787 0 1321 100 1054 200 813 300 492 400
7 0 5 446 0 1309 100 356 200 42 300 831 400
8 0 5 415 0 169 100 984 200 1416 300 754 400
9 0 5 1163 0 377 100 367 200 1341 300 1424 400
10 0 5 645 0 1390 100 1225 200 1201 300 172 400
11 0 5 1448 0 1243 100 464 200 311 300 912 400
12 0 5 1405 0 529 100 324 200 1032 300 890 400
13 0 5 31 0 700 100 1162 200 1247 300 951 400
14 0 5 228 0 744 100 961 200 1100 300 64 400
15 0 5 23 0 1480 100 105 200 675 300 483 400
16 0 5 560 0 1133 100 1353 200 996 300 742 400
17 0 5 1387 0 169 100 1016 200 828 300 907 400
18 0 5 526 0 120 100 1122 200 1092 300 853 400
19 0 5 1395 0 1118 100 878 200 1421 300 1125 400
20 0 5 1346 0 673 100 883 200 1315 300 1204 400
21 0 5 793 0 500 100 949 200 121 300 1167 400
22 0 5 81 0 535 100 596 200 491 300 1268 400
23 0 5 15 0 105 100 270 200 350 300 1082 400
24 0 5 1048 0 945 100 991 200 1073 300 694 400
25 0 5 255 0 285 100 303 200 1362 300 830 400
26 0 5 1412 0 107 100 505 200 1047 300 898 400
27 0 5 352 0 159 100 857 200 378 300 150 400
28 0 5 702 0 1128 100 1241 200 734 300 563 400
29 0 5 405 0 267 100 1160 200 453 300 342 400
30 0 5 115 0 1240 100 99 200 231 300 371 400
31 0 5 13 0 700 100 1247 200 1156 300 763 400
32 0 5 233 0 316 100 1495 200 1244 300 1127 400
33 0 5 603 0 953 100 1069 200 869 300 1128 400
34 0 5 426 0 362 100 76 200 804 300 998 400
35 0 5 1326 0 1467 100 647 200 734 300 1065 400
36 0 5 777 0 466 100 959 200 331 300 1211 400
37 0 5 41 0 905 100 642 200 896 300 582 400
38 0 5 236 0 915 100 1074 200 807 300 154 400
39 0 5 192 0 499 100 630 200 1174 300 1093 400
40 0 5 679 0 1201 100 973 200 699 300 581 400
41 0 5 37 0 1098 100 905 200 1079 300 582 400
42 0 5 1218 0 356 100 7 200 1063 300 1309 400
43 0 5 662 0 449 100 1492 200 677 300 1187 400
44 0 5 311 0 313 100 912 200 378 300 1343 400
45 0 5 57 0 76 100 362 200 987 300 1178 400
46 0 5 449 0 662 100 881 200 554 300 1292 400
47 0 5 611 0 234 100 417 200 1092 300 1137 400
48 0 5 1278 0 1125 100 1257 200 507 300 896 400
49 0 5 573 0 1287 100 561 200 252 300 568 400
50 0 5 792 0 1457 100 1483 200 1359 300 107 400
51 0 5 984 0 976 100 399 200 828 300 436 400
52 0 5 1493 0 681 100 437 200 1499 300 351 400
53 0 5 1138 0 204 100 431 200 1348 300 803 400
54 0 5 1180 0 459 100 1417 200 69 300 1490 400
55 0 5 955 0 189 100 733 200 1105 300 1212 400
56 0 5 194 0 783 100 1299 200 1404 300 1277 400
57 0 5 45 0 1491 100 1259 200 362 300 987 400
58 0 5 956 0 1076 100 135 200 85 300 711 400
59 0 5 1394 0 87 100 684 200 277 300 1369 400
60 0 5 634 0 580 100 1289 200 439 300 408 400
61 0 5 1281 0 1175 100 995 200 1508 300 1507 400
62 0 5 1022 0 1017 100 628 200 215 300 836 400
63 0 5 157 0 229 100 93 200 1392 300 128 400
64 0 5 961 0 397 100 605 200 744 300 14 400
65 0 5 307 0 658 100 1009 200 1340 300 800 400
66 0 5 1135 0 340 100 812 200 1166 300 972 400
67 0 5 414 0 503 100 1386 200 1185 300 1459 400
68 0 5 608 0 103 100 162 200 992 300 201 400
69 0 5 379 0 1180 100 493 200 1417 300 54 400
70 0 5 136 0 348 100 751 200 455 300 1464 400
71 0 5 1342 0 873 100 548 200 831 300 446 400
72 0 5 1469 0 1141 100 1498 200 651 300 330 400
73 0 5 79 0 242 100 1046 200 1075 300 396 400
74 0 5 509 0 305 100 675 200 585 300 1086 400
75 0 5 614 0 1148 100 543 200 669 300 345 400
76 0 5 426 0 45 100 34 200 362 300 57 400
77 0 5 1257 0 1097 100 1125 200 926 300 1304 400
78 0 5 201 0 774 100 1269 200 1007 300 208 400
79 0 5 73 0 1046 100 1145 200 1382 300 496 400
80 0 5 1254 0 506 100 1485 200 141 300 715 400
81 0 5 1268 0 22 100 596 200 137 300 1162 400
82 0 5 498 0 178 100 373 200 361 300 587 400
83 0 5 773 0 1366 100 463 200 117 300 259 400
84 0 5 439 0 184 100 634 200 1289 300 1002 400
85 0 5 746 0 711 100 1347 200 512 300 956 400
86 0 5 166 0 901 100 671 200 606 300 599 400
87 0 5 546 0 59 100 684 200 887 300 930 400
88 0 5 349 0 539 100 2 200 1479 300 1305 400
89 0 5 1473 0 482 100 922 200 844 300 1288 400
90 0 5 1184 0 727 100 1228 200 1004 300 738 400
91 0 5 763 0 381 100 258 200 1091 300 1247 400
92 0 5 296 0 709 100 1285 200 797 300 265 400
93 0 5 1186 0 863 100 1393 200 63 300 229 400
94 0 5 366 0 534 100 291 200 339 300 537 400
95 0 5 1391 0 786 100 1211 200 717 300 211 400
96 0 5 1190 0 1333 100 1495 200 129 300 1172 400
97 0 5 826 0 785 100 725 200 1379 300 1388 400
98 0 5 920 0 1399 100 344 200 1036 300 273 400
99 0 5 824 0 371 100 30 200 1164 300 231 400
100 0 5 336 0 810 100 419 200 748 300 1308 400
101 0 5 219 0 994 100 760 200 1158 300 939 400
102 0 5 1093 0 1174 100 868 200 347 300 499 400
103 0 5 1039 0 68 100 608 200 1443 300 992 400
104 0 5 1290 0 382 100 1358 200 1378 300 617 400
105 0 5 23 0 350 100 15 200 1368 300 377 400
106 0 5 1456 0 137 100 936 200 538 300 1162 400
107 0 5 1412 0 1302 100 26 200 1359 300 345 400
108 0 5 153 0 160 100 837 200 479 300 1161 400
109 0 5 520 0 397 100 1453 200 605 300 357 400
110 0 5 997 0 181 100 359 200 864 300 1139 400
111 0 5 1095 0 703 100 282 200 1113 300 269 400
112 0 5 138 0 523 100 392 200 1237 300 854 400
113 0 5 1355 0 693 100 1041 200 289 300 1409 400
114 0 5 856 0 1131 100 1437 200 299 300 1334 400
115 0 5 794 0 30 100 231 200 1240 300 423 400
116 0 5 148 0 971 100 806 200 1196 300 625 400
117 0 5 1043 0 939 100 773 200 760 300 83 400
118 0 5 990 0 1352 100 1008 200 214 300 1375 400
119 0 5 582 0 441 100 1079 200 653 300 761 400
120 0 5 853 0 18 100 615 200 591 300 526 400
121 0 5 1134 0 949 100 1208 200 1481 300 726 400
122 0 5 683 0 1241 100 402 200 702 300 1471 400
123 0 5 528 0 410 100 910 200 960 300 1122 400
124 0 5 825 0 447 100 439 200 84 300 1331 400
125 0 5 1390 0 1201 100 1225 200 172 300 847 400
126 0 5 1087 0 428 100 1264 200 1171 300 849 400
127 0 5 1083 0 1354 100 342 200 1274 300 925 400
128 0 5 1392 0 1451 100 157 200 63 300 229 400
129 0 5 1190 0 1172 100 836 200 1495 300 1022 400
130 0 5 1384 0 776 100 1260 200 411 300 627 400
131 0 5 731 0 184 100 220 200 1002 300 568 400
132 0 5 1018 0 1305 100 387 200 2 300 570 400
133 0 5 329 0 569 100 1478 200 1500 300 1271 400
134 0 5 778 0 973 100 832 200 1121 300 629 400
135 0 5 640 0 1441 100 1316 200 58 300 711 400
136 0 5 70 0 1464 100 455 200 660 300 840 400
137 0 5 106 0 936 100 1456 200 81 300 794 400
138 0 5 1237 0 112 100 392 200 523 300 815 400
139 0 5 504 0 360 100 867 200 595 300 988 400
140 0 5 581 0 1311 100 629 200 973 300 720 400
141 0 5 866 0 506 100 1406 200 80 300 1485 400
142 0 5 174 0 666 100 610 200 564 300 719 400
143 0 5 768 0 898 100 266 200 1047 300 229 400
144 0 5 501 0 235 100 930 200 1167 300 1454 400
145 0 5 326 0 1076 100 633 200 4 300 1383 400
146 0 5 451 0 290 100 1327 200 351 300 1377 400
147 0 5 749 0 1275 100 628 200 1022 300 970 400
148 0 5 116 0 612 100 1196 200 944 300 1400 400
149 0 5 1294 0 1364 100 557 200 1093 300 1105 400
150 0 5 1007 0 1269 100 1044 200 1142 300 159 400
151 0 5 304 0 429 100 829 200 815 300 1237 400
152 0 5 1198 0 262 100 873 200 957 300 945 400
153 0 5 108 0 1123 100 160 200 479 300 841 400
154 0 5 165 0 1074 100 900 200 1477 300 915 400
155 0 5 595 0 867 100 179 200 620 300 706 400
156 0 5 1040 0 1407 100 1291 200 842 300 665 400
157 0 5 63 0 229 100 1392 200 128 300 93 400
158 0 5 263 0 494 100 1160 200 1057 300 573 400
159 0 5 27 0 1044 100 857 200 1497 300 150 400
160 0 5 1379 0 108 100 841 200 479 300 153 400
161 0 5 775 0 904 100 400 200 370 300 385 400
162 0 5 519 0 608 100 280 200 68 300 201 400
163 0 5 508 0 712 100 986 200 551 300 562 400
164 0 5 363 0 935 100 535 200 704 300 398 400
165 0 5 154 0 1477 100 1055 200 1480 300 483 400
166 0 5 86 0 599 100 901 200 1271 300 671 400
167 0 5 728 0 455 100 336 200 565 300 748 400
168 0 5 1001 0 1205 100 1338 200 1066 300 343 400
169 0 5 8 0 17 100 275 200 754 300 355 400
170 0 5 1053 0 1395 100 1304 200 1453 300 917 400
171 0 5 710 0 737 100 185 200 1094 300 564 400
172 0 5 847 0 1201 100 1202 200 1225 300 699 400
173 0 5 909 0 855 100 1409 200 652 300 1279 400
174 0 5 142 0 564 100 185 200 610 300 737 400
175 0 5 1278 0 1070 100 1097 200 1312 300 859 400
176 0 5 187 0 975 100 226 200 1052 300 237 400
177 0 5 840 0 613 100 572 200 419 300 485 400
178 0 5 587 0 82 100 1233 200 373 300 1440 400
179 0 5 706 0 155 100 620 200 260 300 292 400
180 0 5 1466 0 1406 100 196 200 980 300 1140 400
181 0 5 967 0 1132 100 110 200 997 300 359 400
182 0 5 752 0 1392 100 1381 200 1451 300 301 400
183 0 5 1255 0 1364 100 967 200 359 300 1294 400
184 0 5 568 0 131 100 84 200 1287 300 731 400
185 0 5 1080 0 564 100 813 200 171 300 737 400
186 0 5 1365 0 300 100 1215 200 1422 300 1377 400
187 0 5 747 0 176 100 1450 200 1200 300 975 400
188 0 5 933 0 1307 100 1223 200 315 300 385 400
189 0 5 733 0 55 100 1105 200 261 300 1026 400
190 0 5 1074 0 592 100 900 200 835 300 609 400
191 0 5 1091 0 1188 100 295 200 381 300 1313 400
192 0 5 630 0 39 100 499 200 1090 300 1013 400
193 0 5 722 0 1049 100 1114 200 480 300 529 400
194 0 5 56 0 1028 100 757 200 783 300 1299 400
195 0 5 732 0 674 100 206 200 223 300 265 400
196 0 5 756 0 1406 100 1140 200 180 300 1351 400
197 0 5 983 0 610 100 1222 200 882 300 1420 400
198 0 5 579 0 478 100 1384 200 884 300 583 400
199 0 5 1410 0 1094 100 1229 200 710 300 1378 400
200 0 5 1204 0 638 100 686 200 883 300 923 400
201 0 5 251 0 78 100 162 200 68 300 954 400
202 0 5 1118 0 427 100 1248 200 977 300 232 400
203 0 5 764 0 428 100 552 200 849 300 470 400
204 0 5 53 0 1138 100 431 200 1439 300 382 400
205 0 5 225 0 989 100 459 200 302 300 477 400
206 0 5 1368 0 589 100 265 200 195 300 268 400
207 0 5 607 0 299 100 1131 200 328 300 1334 400
208 0 5 678 0 876 100 724 200 774 300 1045 400
209 0 5 474 0 609 100 486 200 1253 300 517 400
210 0 5 764 0 1060 100 552 200 203 300 470 400
211 0 5 908 0 1272 100 1388 200 786 300 584 400
212 0 5 741 0 1402 100 1144 200 270 300 305 400
213 0 5 542 0 565 100 979 200 751 300 363 400
214 0 5 1391 0 717 100 1352 200 118 300 1008 400
215 0 5 836 0 62 100 1262 200 594 300 1022 400
216 0 5 577 0 458 100 901 200 224 300 687 400
217 0 5 1401 0 1224 100 279 200 900 300 1472 400
218 0 5 327 0 593 100 1349 200 288 300 716 400
219 0 5 101 0 1096 100 981 200 728 300 1189 400
220 0 5 1397 0 131 100 536 200 821 300 914 400
221 0 5 315 0 775 100 385 200 400 300 1223 400
222 0 5 1319 0 927 100 330 200 1498 300 621 400
223 0 5 682 0 1465 100 732 200 413 300 195 400
224 0 5 1154 0 1187 100 1129 200 216 300 577 400
225 0 5 205 0 302 100 989 200 477 300 244 400
226 0 5 1052 0 982 100 176 200 1297 300 237 400
227 0 5 665 0 1434 100 1291 200 1329 300 941 400
228 0 5 14 0 922 100 1473 200 804 300 1100 400
229 0 5 157 0 63 100 266 200 768 300 93 400
230 0 5 918 0 1010 100 330 200 621 300 1498 400
231 0 5 1265 0 115 100 423 200 30 300 99 400
232 0 5 427 0 977 100 1443 200 668 300 202 400
233 0 5 32 0 1244 100 314 200 333 300 932 400
234 0 5 1431 0 47 100 1137 200 1092 300 611 400
235 0 5 1490 0 1454 100 144 200 501 300 244 400
236 0 5 38 0 807 100 914 200 915 300 1397 400
237 0 5 975 0 1433 100 226 200 1297 300 176 400
238 0 5 1375 0 1101 100 1442 200 886 300 1418 400
239 0 5 821 0 1029 100 274 200 536 300 1160 400
240 0 5 375 0 1051 100 816 200 383 300 389 400
241 0 5 465 0 442 100 1216 200 758 300 1034 400
242 0 5 1075 0 73 100 1340 200 1023 300 1046 400
243 0 5 838 0 974 100 456 200 834 300 480 400
244 0 5 278 0 477 100 388 200 1343 300 1454 400
245 0 5 450 0 740 100 1232 200 368 300 468 400
246 0 5 970 0 1172 100 1022 200 924 300 447 400
247 0 5 1028 0 757 100 743 200 808 300 514 400
248 0 5 729 0 1338 100 1481 200 887 300 318 400
249 0 5 250 0 1071 100 809 200 490 300 374 400
250 0 5 249 0 374 100 1514 200 1515 300 995 400
251 0 5 201 0 954 100 992 200 1289 300 78 400
252 0 5 644 0 762 100 573 200 1333 300 494 400
253 0 5 290 0 550 100 851 200 146 300 1112 400
254 0 5 713 0 1398 100 869 200 418 300 948 400
255 0 5 25 0 1081 100 830 200 549 300 303 400
256 0 5 481 0 848 100 846 200 649 300 478 400
257 0 5 957 0 962 100 1476 200 518 300 1073 400
258 0 5 763 0 1247 100 91 200 31 300 381 400
259 0 5 1366 0 463 100 893 200 83 300 1021 400
260 0 5 1353 0 179 100 706 200 1026 300 560 400
261 0 5 822 0 706 100 648 200 1026 300 189 400
262 0 5 152 0 1073 100 957 200 24 300 873 400
263 0 5 561 0 158 100 573 200 494 300 49 400
264 0 5 1179 0 353 100 1354 200 880 300 273 400
265 0 5 690 0 268 100 732 200 206 300 195 400
266 0 5 755 0 898 100 229 200 543 300 143 400
267 0 5 29 0 274 100 1160 200 964 300 239 400
268 0 5 797 0 265 100 361 200 709 300 373 400
269 0 5 282 0 297 100 703 200 111 300 394 400
270 0 5 509 0 741 100 1082 200 305 300 23 400
271 0 5 704 0 1089 100 371 200 1164 300 164 400
272 0 5 1448 0 1120 100 878 200 464 300 1118 400
273 0 5 1325 0 1274 100 344 200 1179 300 98 400
274 0 5 1029 0 267 100 964 200 239 300 367 400
275 0 5 532 0 754 100 169 200 525 300 412 400
276 0 5 424 0 811 100 1104 200 1003 300 1061 400
277 0 5 1369 0 379 100 493 200 59 300 284 400
278 0 5 1343 0 244 100 912 200 501 300 1454 400
279 0 5 900 0 1086 100 217 200 1480 300 585 400
280 0 5 313 0 608 100 519 200 162 300 378 400
281 0 5 650 0 686 100 1040 200 883 300 200 400
282 0 5 269 0 297 100 1113 200 818 300 1501 400
283 0 5 332 0 1152 100 1054 200 325 300 813 400
284 0 5 930 0 493 100 795 200 684 300 1490 400
285 0 5 303 0 1430 100 25 200 969 300 255 400
286 0 5 860 0 1298 100 429 200 523 300 897 400
287 0 5 351 0 384 100 146 200 349 300 451 400
288 0 5 1381 0 593 100 1344 200 1349 300 218 400
289 0 5 1062 0 1041 100 113 200 1339 300 693 400
290 0 5 451 0 253 100 146 200 351 300 550 400
291 0 5 495 0 1173 100 1101 200 1004 300 94 400
292 0 5 667 0 560 100 179 200 631 300 260 400
293 0 5 571 0 826 100 1379 200 830 300 306 400
294 0 5 879 0 1411 100 1465 200 223 300 736 400
295 0 5 1188 0 1313 100 191 200 381 300 1091 400
296 0 5 1414 0 92 100 1285 200 709 300 797 400
297 0 5 739 0 269 100 282 200 394 300 1501 400
298 0 5 937 0 1181 100 1220 200 692 300 1407 400
299 0 5 1334 0 207 100 114 200 1131 300 607 400
300 0 5 769 0 186 100 1215 200 877 300 515 400
301 0 5 593 0 803 100 1348 200 663 300 182 400
302 0 5 225 0 531 100 735 200 477 300 916 400
303 0 5 285 0 969 100 25 200 1430 300 255 400
304 0 5 151 0 357 100 829 200 429 300 643 400
305 0 5 74 0 509 100 270 200 741 300 1110 400
306 0 5 1081 0 479 100 1379 200 293 300 1284 400
307 0 5 65 0 1340 100 800 200 658 300 1009 400
308 0 5 1012 0 808 100 1283 200 1510 300 1511 400
309 0 5 1251 0 1425 100 725 200 908 300 354 400
310 0 5 403 0 818 100 1501 200 1499 300 1114 400
311 0 5 44 0 912 100 11 200 1343 300 278 400
312 0 5 1170 0 484 100 756 200 792 300 411 400
313 0 5 1317 0 280 100 44 200 378 300 608 400
314 0 5 932 0 344 100 790 200 889 300 233 400
315 0 5 911 0 221 100 1223 200 385 300 775 400
316 0 5 1127 0 32 100 1262 200 885 300 1188 400
317 0 5 3 0 1209 100 1168 200 799 300 4 400
318 0 5 1338 0 726 100 248 200 862 300 586 400
319 0 5 1276 0 1337 100 946 200 370 300 488 400
320 0 5 1285 0 1414 100 670 200 296 300 92 400
321 0 5 707 0 1233 100 404 200 899 300 1440 400
322 0 5 944 0 624 100 1200 200 148 300 524 400
323 0 5 1347 0 1366 100 773 200 1168 300 422 400
324 0 5 1328 0 1479 100 781 200 12 300 529 400
325 0 5 332 0 1152 100 1104 200 283 300 530 400
326 0 5 145 0 1076 100 633 200 1383 300 1316 400
327 0 5 218 0 1349 100 593 200 1348 300 1408 400
328 0 5 607 0 1131 100 1370 200 1137 300 1437 400
329 0 5 133 0 742 100 1500 200 660 300 16 400
330 0 5 1498 0 222 100 230 200 918 300 621 400
331 0 5 1446 0 1387 100 36 200 907 300 789 400
332 0 5 325 0 283 100 1183 200 1152 300 524 400
333 0 5 1036 0 1244 100 1399 200 920 300 233 400
334 0 5 861 0 1279 100 743 200 514 300 623 400
335 0 5 448 0 597 100 1437 200 856 300 432 400
336 0 5 100 0 728 100 810 200 167 300 748 400
337 0 5 1327 0 1377 100 1422 200 1365 300 186 400
338 0 5 507 0 1226 100 905 200 642 300 1421 400
339 0 5 738 0 534 100 571 200 1263 300 94 400
340 0 5 66 0 1110 100 1135 200 972 300 812 400
341 0 5 510 0 966 100 1040 200 156 300 281 400
342 0 5 453 0 964 100 127 200 952 300 405 400
343 0 5 347 0 1294 100 1205 200 149 300 541 400
344 0 5 889 0 314 100 790 200 273 300 98 400
345 0 5 1302 0 505 100 664 200 1148 300 1359 400
346 0 5 1417 0 759 100 623 200 459 300 54 400
347 0 5 343 0 541 100 868 200 521 300 102 400
348 0 5 70 0 751 100 979 200 599 300 213 400
349 0 5 88 0 384 100 2 200 1479 300 287 400
350 0 5 1238 0 105 100 23 200 1368 300 589 400
351 0 5 287 0 384 100 146 200 451 300 681 400
352 0 5 27 0 870 100 533 200 378 300 857 400
353 0 5 264 0 999 100 1354 200 1107 300 880 400
354 0 5 785 0 1251 100 725 200 908 300 1425 400
355 0 5 758 0 619 100 716 200 1034 300 1016 400
356 0 5 42 0 7 100 805 200 446 300 1309 400
357 0 5 304 0 520 100 796 200 605 300 829 400
358 0 5 1486 0 631 100 292 200 1323 300 560 400
359 0 5 1066 0 967 100 110 200 181 300 940 400
360 0 5 867 0 139 100 620 200 155 300 595 400
361 0 5 373 0 268 100 82 200 797 300 587 400
362 0 5 34 0 45 100 1491 200 76 300 57 400
363 0 5 542 0 164 100 979 200 704 300 213 400
364 0 5 460 0 891 100 1484 200 1171 300 470 400
365 0 5 458 0 1438 100 1182 200 1136 300 216 400
366 0 5 94 0 537 100 826 200 339 300 1388 400
367 0 5 404 0 1424 100 9 200 1163 300 274 400
368 0 5 1232 0 468 100 1072 200 450 300 740 400
369 0 5 656 0 1236 100 618 200 1103 300 1435 400
370 0 5 904 0 991 100 488 200 319 300 161 400
371 0 5 1164 0 1089 100 99 200 30 300 271 400
372 0 5 1252 0 386 100 1382 200 1210 300 986 400
373 0 5 361 0 82 100 587 200 178 300 268 400
374 0 5 250 0 1513 100 1512 200 1012 300 308 400
375 0 5 240 0 383 100 701 200 812 300 816 400
376 0 5 456 0 788 100 547 200 974 300 1468 400
377 0 5 1163 0 9 100 1341 200 105 300 688 400
378 0 5 313 0 870 100 280 200 519 300 533 400
379 0 5 69 0 277 100 493 200 1417 300 1369 400
380 0 5 401 0 863 100 1393 200 475 300 705 400
381 0 5 91 0 1091 100 191 200 295 300 1313 400
382 0 5 1358 0 1439 100 104 200 1290 300 431 400
383 0 5 375 0 701 100 987 200 240 300 1259 400
384 0 5 287 0 349 100 351 200 1479 300 681 400
385 0 5 1307 0 1048 100 1396 200 962 300 221 400
386 0 5 372 0 1252 100 886 200 1210 300 1382 400
387 0 5 1305 0 902 100 132 200 1018 300 772 400
388 0 5 1243 0 1343 100 477 200 464 300 11 400
389 0 5 1051 0 1192 100 816 200 1345 300 1049 400
390 0 5 699 0 649 100 1202 200 846 300 172 400
391 0 5 476 0 1060 100 552 200 1486 300 470 400
392 0 5 1293 0 1237 100 1116 200 112 300 643 400
393 0 5 620 0 667 100 292 200 179 300 155 400
394 0 5 597 0 297 100 739 200 432 300 1487 400
395 0 5 461 0 400 100 714 200 968 300 1318 400
396 0 5 1210 0 800 100 73 200 242 300 307 400
397 0 5 64 0 109 100 605 200 520 300 1453 400
398 0 5 535 0 1199 100 935 200 164 300 433 400
399 0 5 51 0 1416 100 436 200 984 300 1413 400
400 0 5 395 0 904 100 161 200 775 300 911 400
401 0 5 380 0 1425 100 635 200 705 300 863 400
402 0 5 1155 0 566 100 683 200 1241 300 1102 400
403 0 5 1499 0 818 100 310 200 1114 300 1501 400
404 0 5 367 0 1424 100 707 200 1440 300 321 400
405 0 5 453 0 29 100 267 200 342 300 1160 400
406 0 5 802 0 1426 100 982 200 929 300 1052 400
407 0 5 782 0 1412 100 475 200 26 300 107 400
408 0 5 580 0 1045 100 1275 200 749 300 246 400
409 0 5 933 0 971 100 1223 200 806 300 315 400
410 0 5 123 0 1122 100 910 200 1460 300 526 400
411 0 5 776 0 484 100 1483 200 489 300 130 400
412 0 5 525 0 636 100 656 200 532 300 275 400
413 0 5 1191 0 1092 100 1452 200 223 300 879 400
414 0 5 67 0 1459 100 712 200 503 300 1386 400
415 0 5 976 0 8 100 984 200 51 300 828 400
416 0 5 972 0 472 100 1086 200 1224 300 1000 400
417 0 5 553 0 611 100 47 200 1169 300 1092 400
418 0 5 1069 0 1398 100 254 200 869 300 603 400
419 0 5 748 0 100 100 1308 200 572 300 810 400
420 0 5 1415 0 950 100 550 200 750 300 567 400
421 0 5 861 0 1306 100 1350 200 623 300 459 400
422 0 5 559 0 1347 100 956 200 323 300 85 400
423 0 5 1250 0 1316 100 231 200 640 300 1265 400
424 0 5 276 0 1003 100 1061 200 819 300 1183 400
425 0 5 865 0 823 100 598 200 1509 300 1510 400
426 0 5 76 0 34 100 804 200 362 300 45 400
427 0 5 232 0 1248 100 668 200 1443 300 202 400
428 0 5 849 0 126 100 203 200 1484 300 1171 400
429 0 5 829 0 286 100 151 200 304 300 796 400
430 0 5 1438 0 440 100 1136 200 1261 300 576 400
431 0 5 204 0 53 100 1439 200 382 300 1348 400
432 0 5 1487 0 527 100 974 200 394 300 448 400
433 0 5 943 0 935 100 398 200 1182 300 1199 400
434 0 5 798 0 1319 100 1466 200 621 300 938 400
435 0 5 1482 0 828 100 51 200 399 300 976 400
436 0 5 1296 0 1413 100 643 200 399 300 1482 400
437 0 5 1493 0 1113 100 681 200 351 300 52 400
438 0 5 1099 0 855 100 514 200 783 300 1028 400
439 0 5 447 0 580 100 84 200 634 300 124 400
440 0 5 430 0 1136 100 576 200 1199 300 1261 400
441 0 5 119 0 652 100 653 200 1079 300 582 400
442 0 5 1301 0 1216 100 241 200 1157 300 888 400
443 0 5 452 0 521 100 1147 200 347 300 541 400
444 0 5 1088 0 1324 100 1002 200 471 300 696 400
445 0 5 1471 0 1235 100 1128 200 425 300 823 400
446 0 5 7 0 805 100 356 200 831 300 1309 400
447 0 5 124 0 439 100 580 200 246 300 825 400
448 0 5 335 0 597 100 432 200 394 300 1300 400
449 0 5 46 0 662 100 43 200 677 300 881 400
450 0 5 245 0 888 100 468 200 740 300 442 400
451 0 5 290 0 146 100 351 200 253 300 287 400
452 0 5 443 0 545 100 1147 200 1115 300 521 400
453 0 5 405 0 342 100 952 200 964 300 29 400
454 0 5 1108 0 892 100 1316 200 1447 300 1267 400
455 0 5 1464 0 565 100 136 200 167 300 751 400
456 0 5 376 0 1468 100 243 200 689 300 834 400
457 0 5 1187 0 522 100 513 200 1492 300 1124 400
458 0 5 365 0 216 100 1182 200 687 300 577 400
459 0 5 989 0 1417 100 205 200 54 300 346 400
460 0 5 1153 0 364 100 1171 200 891 300 685 400
461 0 5 1318 0 395 100 400 200 811 300 1003 400
462 0 5 583 0 478 100 198 200 256 300 1384 400
463 0 5 259 0 1021 100 893 200 83 300 1363 400
464 0 5 1243 0 531 100 11 200 477 300 388 400
465 0 5 241 0 758 100 1034 200 716 300 442 400
466 0 5 777 0 36 100 959 200 575 300 907 400
467 0 5 1196 0 524 100 819 200 625 300 612 400
468 0 5 1385 0 888 100 450 200 368 300 740 400
469 0 5 1357 0 1156 100 1261 200 491 300 576 400
470 0 5 1484 0 764 100 203 200 428 300 552 400
471 0 5 1002 0 444 100 1088 200 497 300 84 400
472 0 5 1000 0 416 100 1166 200 1135 300 972 400
473 0 5 1427 0 655 100 1266 200 1085 300 958 400
474 0 5 209 0 1253 100 486 200 1324 300 1039 400
475 0 5 839 0 407 100 1393 200 380 300 1047 400
476 0 5 391 0 791 100 1486 200 845 300 1323 400
477 0 5 244 0 388 100 464 200 225 300 302 400
478 0 5 462 0 600 100 198 200 256 300 481 400
479 0 5 306 0 1161 100 1284 200 1379 300 160 400
480 0 5 1487 0 1056 100 722 200 974 300 838 400
481 0 5 846 0 256 100 616 200 478 300 600 400
482 0 5 844 0 1288 100 1473 200 89 300 517 400
483 0 5 1055 0 688 100 1480 200 165 300 15 400
484 0 5 312 0 411 100 489 200 1206 300 1483 400
485 0 5 572 0 1212 100 1077 200 1231 300 177 400
486 0 5 517 0 474 100 209 200 1039 300 668 400
487 0 5 937 0 842 100 1434 200 1329 300 156 400
488 0 5 490 0 991 100 370 200 694 300 319 400
489 0 5 1206 0 1042 100 1351 200 484 300 411 400
490 0 5 488 0 1071 100 721 200 694 300 249 400
491 0 5 596 0 1357 100 22 200 535 300 469 400
492 0 5 669 0 1444 100 6 200 617 300 1426 400
493 0 5 284 0 69 100 379 200 684 300 277 400
494 0 5 1165 0 1314 100 158 200 762 300 573 400
495 0 5 291 0 1352 100 1101 200 214 300 118 400
496 0 5 1215 0 570 100 769 200 79 300 1046 400
497 0 5 954 0 1289 100 471 200 696 300 251 400
498 0 5 894 0 82 100 1107 200 178 300 899 400
499 0 5 659 0 39 100 192 200 555 300 779 400
500 0 5 949 0 21 100 1256 200 793 300 654 400
501 0 5 144 0 1423 100 1167 200 1454 300 235 400
502 0 5 1153 0 685 100 364 200 470 300 460 400
503 0 5 67 0 567 100 1185 200 414 300 1459 400
504 0 5 988 0 139 100 1371 200 595 300 1494 400
505 0 5 1064 0 345 100 26 200 543 300 898 400
506 0 5 715 0 80 100 141 200 833 300 866 400
507 0 5 1226 0 338 100 1310 200 642 300 48 400
508 0 5 163 0 551 100 986 200 1280 300 1230 400
509 0 5 74 0 305 100 270 200 675 300 741 400
510 0 5 341 0 779 100 1291 200 659 300 966 400
511 0 5 890 0 1149 100 1032 200 529 300 1259 400
512 0 5 760 0 773 100 746 200 711 300 1158 400
513 0 5 1492 0 677 100 457 200 913 300 1124 400
514 0 5 1028 0 438 100 855 200 334 300 1279 400
515 0 5 1422 0 875 100 877 200 300 300 186 400
516 0 5 1020 0 1474 100 1139 200 981 300 728 400
517 0 5 486 0 1288 100 482 200 668 300 844 400
518 0 5 805 0 1476 100 257 200 446 300 831 400
519 0 5 162 0 280 100 313 200 857 300 68 400
520 0 5 109 0 1453 100 397 200 357 300 605 400
521 0 5 443 0 1205 100 347 200 452 300 1338 400
522 0 5 672 0 457 100 671 200 1124 300 1187 400
523 0 5 112 0 897 100 854 200 1298 300 658 400
524 0 5 467 0 787 100 819 200 612 300 1183 400
525 0 5 412 0 754 100 275 200 532 300 169 400
526 0 5 18 0 910 100 1122 200 120 300 1092 400
527 0 5 1300 0 432 100 974 200 788 300 1126 400
528 0 5 960 0 123 100 410 200 1122 300 1460 400
529 0 5 1114 0 12 100 1049 200 890 300 1405 400
530 0 5 745 0 983 100 1104 200 564 300 325 400
531 0 5 916 0 464 100 302 200 735 300 477 400
532 0 5 275 0 1034 100 525 200 412 300 754 400
533 0 5 870 0 1423 100 912 200 501 300 871 400
534 0 5 94 0 339 100 738 200 1004 300 291 400
535 0 5 398 0 22 100 164 200 491 300 1357 400
536 0 5 1160 0 821 100 239 200 220 300 1397 400
537 0 5 366 0 717 100 1388 200 94 300 339 400
538 0 5 1456 0 951 100 1162 200 106 300 1247 400
539 0 5 88 0 1305 100 2 200 1328 300 902 400
540 0 5 1282 0 845 100 667 200 360 300 620 400
541 0 5 868 0 347 100 1461 200 817 300 443 400
542 0 5 363 0 213 100 704 200 565 300 164 400
543 0 5 898 0 1064 100 755 200 669 300 266 400
544 0 5 748 0 1464 100 167 200 419 300 455 400
545 0 5 452 0 723 100 59 200 1227 300 1204 400
546 0 5 887 0 87 100 59 200 1115 300 729 400
547 0 5 1468 0 1169 100 657 200 637 300 611 400
548 0 5 1295 0 71 100 683 200 1309 300 1342 400
549 0 5 1121 0 720 100 832 200 255 300 1311 400
550 0 5 750 0 253 100 1112 200 420 300 852 400
551 0 5 508 0 986 100 1280 200 958 300 163 400
552 0 5 1486 0 203 100 1060 200 849 300 1133 400
553 0 5 1332 0 417 100 736 200 1465 300 1169 400
554 0 5 921 0 881 100 46 200 767 300 1292 400
555 0 5 1194 0 1494 100 1291 200 1373 300 499 400
556 0 5 646 0 1117 100 1326 200 1063 300 1218 400
557 0 5 1330 0 1093 100 149 200 630 300 648 400
558 0 5 1313 0 1207 100 885 200 295 300 1188 400
559 0 5 4 0 422 100 956 200 85 300 3 400
560 0 5 292 0 16 100 1353 200 631 300 260 400
561 0 5 263 0 573 100 49 200 1287 300 158 400
562 0 5 1085 0 1280 100 1230 200 903 300 163 400
563 0 5 1463 0 702 100 1063 200 734 300 28 400
564 0 5 174 0 185 100 142 200 737 300 171 400
565 0 5 213 0 751 100 455 200 167 300 1164 400
566 0 5 874 0 1102 100 402 200 1175 300 1155 400
567 0 5 1185 0 503 100 1459 200 1415 300 420 400
568 0 5 184 0 1287 100 49 200 561 300 84 400
569 0 5 1478 0 1271 100 133 200 599 300 1500 400
570 0 5 496 0 769 100 877 200 132 300 1018 400
571 0 5 293 0 1263 100 830 200 339 300 1005 400
572 0 5 485 0 613 100 177 200 1077 300 963 400
573 0 5 49 0 561 100 252 200 494 300 263 400
574 0 5 1436 0 1056 100 1109 200 838 300 834 400
575 0 5 907 0 619 100 1016 200 466 300 777 400
576 0 5 1199 0 1261 100 440 200 1357 300 469 400
577 0 5 687 0 216 100 224 200 1129 300 1154 400
578 0 5 1023 0 860 100 1075 200 1046 300 897 400
579 0 5 198 0 884 100 627 200 1384 300 130 400
580 0 5 439 0 60 100 408 200 634 300 447 400
581 0 5 604 0 140 100 720 200 629 300 903 400
582 0 5 119 0 441 100 761 200 37 300 1079 400
583 0 5 462 0 1384 100 256 200 198 300 848 400
584 0 5 1272 0 959 100 1211 200 786 300 211 400
585 0 5 1006 0 1086 100 74 200 675 300 279 400
586 0 5 1011 0 1338 100 864 200 318 300 1001 400
587 0 5 178 0 1440 100 373 200 1233 300 82 400
588 0 5 1079 0 1098 100 41 200 302 300 735 400
589 0 5 1238 0 206 100 1368 200 195 300 350 400
590 0 5 1470 0 1496 100 1019 200 1270 300 1410 400
591 0 5 853 0 615 100 1361 200 120 300 1203 400
592 0 5 1253 0 1324 100 1074 200 190 300 38 400
593 0 5 301 0 218 100 288 200 327 300 1348 400
594 0 5 1031 0 633 100 1383 200 215 300 326 400
595 0 5 155 0 1494 100 620 200 1013 300 179 400
596 0 5 491 0 22 100 81 200 700 300 1162 400
597 0 5 394 0 448 100 335 200 297 300 432 400
598 0 5 947 0 865 100 425 200 823 300 948 400
599 0 5 166 0 1271 100 979 200 569 300 348 400
600 0 5 1284 0 478 100 616 200 198 300 479 400
601 0 5 859 0 680 100 1413 200 399 300 926 400
602 0 5 740 0 1232 100 618 200 1216 300 245 400
603 0 5 33 0 1069 100 1467 200 1398 300 953 400
604 0 5 1213 0 581 100 655 200 1427 300 903 400
605 0 5 796 0 64 100 961 200 397 300 520 400
606 0 5 671 0 1271 100 1124 200 86 300 522 400
607 0 5 207 0 328 100 1131 200 299 300 114 400
608 0 5 68 0 280 100 162 200 103 300 1443 400
609 0 5 209 0 844 100 190 200 486 300 517 400
610 0 5 1222 0 197 100 719 200 142 300 174 400
611 0 5 47 0 417 100 1169 200 788 300 1126 400
612 0 5 944 0 148 100 1196 200 524 300 625 400
613 0 5 963 0 177 100 572 200 1322 300 1077 400
614 0 5 1426 0 75 100 1148 200 406 300 982 400
615 0 5 1249 0 1361 100 591 200 120 300 853 400
616 0 5 600 0 846 100 1221 200 481 300 478 400
617 0 5 1444 0 104 100 492 200 382 300 1439 400
618 0 5 1236 0 895 100 1435 200 369 300 656 400
619 0 5 355 0 716 100 575 200 1016 300 758 400
620 0 5 393 0 179 100 155 200 867 300 360 400
621 0 5 927 0 918 100 434 200 230 300 938 400
622 0 5 1218 0 1117 100 1063 200 1309 300 42 400
623 0 5 759 0 1417 100 1306 200 346 300 421 400
624 0 5 1200 0 322 100 1400 200 148 300 944 400
625 0 5 676 0 806 100 467 200 116 300 1196 400
626 0 5 713 0 692 100 948 200 598 300 947 400
627 0 5 884 0 1161 100 1260 200 837 300 579 400
628 0 5 1017 0 62 100 1031 200 147 300 1022 400
629 0 5 973 0 1311 100 140 200 134 300 832 400
630 0 5 1090 0 192 100 1330 200 39 300 706 400
631 0 5 1323 0 358 100 560 200 292 300 667 400
632 0 5 1067 0 1130 100 1491 200 820 300 998 400
633 0 5 594 0 145 100 326 200 1031 300 1383 400
634 0 5 60 0 1289 100 580 200 439 300 84 400
635 0 5 705 0 1425 100 401 200 1106 300 1014 400
636 0 5 1103 0 412 100 1146 200 656 300 1462 400
637 0 5 657 0 5 100 1402 200 1468 300 547 400
638 0 5 200 0 923 100 686 200 1217 300 779 400
639 0 5 1403 0 1382 100 1111 200 1489 300 1360 400
640 0 5 135 0 1265 100 423 200 1316 300 1219 400
641 0 5 1367 0 934 100 772 200 1458 300 578 400
642 0 5 905 0 896 100 37 200 1310 300 1226 400
643 0 5 1296 0 815 100 436 200 392 300 1116 400
644 0 5 924 0 252 100 1150 200 1333 300 1190 400
645 0 5 10 0 651 100 1141 200 1225 300 172 400
646 0 5 556 0 1326 100 647 200 1063 300 35 400
647 0 5 1037 0 1463 100 35 200 1467 300 1063 400
648 0 5 822 0 1330 100 261 200 1105 300 149 400
649 0 5 848 0 390 100 846 200 256 300 1356 400
650 0 5 281 0 1040 100 883 200 673 300 1407 400
651 0 5 1141 0 645 100 1225 200 1469 300 230 400
652 0 5 653 0 1350 100 441 200 173 300 1079 400
653 0 5 652 0 1079 100 441 200 1350 300 119 400
654 0 5 1256 0 1320 100 1193 200 500 300 893 400
655 0 5 1427 0 473 100 903 200 1085 300 604 400
656 0 5 369 0 1435 100 412 200 636 300 1103 400
657 0 5 1169 0 637 100 547 200 5 300 417 400
658 0 5 65 0 854 100 307 200 1340 300 1009 400
659 0 5 499 0 779 100 510 200 555 300 39 400
660 0 5 1322 0 1478 100 1500 200 136 300 840 400
661 0 5 814 0 708 100 1353 200 1077 300 1026 400
662 0 5 43 0 449 100 46 200 1129 300 677 400
663 0 5 803 0 1451 100 301 200 1138 300 182 400
664 0 5 850 0 1302 100 1148 200 345 300 982 400
665 0 5 227 0 770 100 1434 200 156 300 487 400
666 0 5 719 0 142 100 737 200 1050 300 174 400
667 0 5 393 0 292 100 540 200 1282 300 631 400
668 0 5 427 0 1248 100 1288 200 232 300 517 400
669 0 5 492 0 1426 100 1444 200 543 300 406 400
670 0 5 1249 0 320 100 1285 200 615 300 1361 400
671 0 5 606 0 672 100 522 200 86 300 901 400
672 0 5 522 0 671 100 1187 200 457 300 901 400
673 0 5 20 0 1346 100 650 200 883 300 1407 400
674 0 5 682 0 195 100 1082 200 223 300 736 400
675 0 5 1006 0 74 100 1480 200 15 300 585 400
676 0 5 1061 0 625 100 819 200 424 300 1183 400
677 0 5 913 0 767 100 513 200 43 300 1492 400
678 0 5 208 0 876 100 1045 200 724 300 774 400
679 0 5 40 0 1221 100 973 200 778 300 699 400
680 0 5 601 0 859 100 1416 200 1312 300 399 400
681 0 5 1493 0 52 100 437 200 351 300 384 400
682 0 5 223 0 674 100 1465 200 736 300 195 400
683 0 5 122 0 548 100 753 200 402 300 1380 400
684 0 5 795 0 1394 100 493 200 284 300 87 400
685 0 5 502 0 1292 100 46 200 921 300 554 400
686 0 5 966 0 281 100 200 200 1040 300 638 400
687 0 5 577 0 1129 100 216 200 458 300 224 400
688 0 5 1055 0 483 100 1341 200 165 300 1477 400
689 0 5 834 0 1468 100 1195 200 456 300 243 400
690 0 5 1191 0 265 100 732 200 1452 300 223 400
691 0 5 1455 0 869 100 1128 200 823 300 425 400
692 0 5 626 0 1220 100 1181 200 948 300 1398 400
693 0 5 1409 0 113 100 761 200 1070 300 909 400
694 0 5 991 0 1445 100 945 200 490 300 488 400
695 0 5 1453 0 1053 100 1395 200 202 300 520 400
696 0 5 992 0 1039 100 1088 200 497 300 471 400
697 0 5 928 0 1335 100 1176 200 1433 300 993 400
698 0 5 1120 0 916 100 1421 200 531 300 272 400
699 0 5 390 0 1202 100 846 200 172 300 1201 400
700 0 5 31 0 13 100 1162 200 1156 300 596 400
701 0 5 987 0 383 100 375 200 812 300 1166 400
702 0 5 28 0 563 100 1241 200 734 300 122 400
703 0 5 111 0 1428 100 269 200 1095 300 282 400
704 0 5 271 0 542 100 164 200 363 300 1089 400
705 0 5 635 0 839 100 401 200 1014 300 1106 400
706 0 5 261 0 179 100 260 200 1026 300 595 400
707 0 5 321 0 899 100 1233 200 404 300 894 400
708 0 5 661 0 1026 100 1353 200 260 300 814 400
709 0 5 797 0 92 100 268 200 1285 300 265 400
710 0 5 1336 0 171 100 1410 200 1094 300 199 400
711 0 5 1441 0 1158 100 85 200 512 300 135 400
712 0 5 1234 0 163 100 414 200 1459 300 1386 400
713 0 5 254 0 626 100 1398 200 692 300 948 400
714 0 5 946 0 968 100 395 200 1078 300 319 400
715 0 5 506 0 1254 100 1485 200 993 300 80 400
716 0 5 619 0 758 100 355 200 1157 300 442 400
717 0 5 1388 0 537 100 1391 200 214 300 786 400
718 0 5 1360 0 1111 100 1215 200 639 300 1145 400
719 0 5 666 0 1222 100 610 200 142 300 1050 400
720 0 5 969 0 1430 100 549 200 1311 300 581 400
721 0 5 809 0 1445 100 490 200 694 300 1071 400
722 0 5 193 0 480 100 1114 200 1487 300 1049 400
723 0 5 1503 0 1502 100 545 200 1315 300 1376 400
724 0 5 876 0 1374 100 208 200 678 300 1045 400
725 0 5 841 0 785 100 1123 200 354 300 97 400
726 0 5 771 0 1246 100 1481 200 1208 300 318 400
727 0 5 1228 0 90 100 1432 200 1184 300 738 400
728 0 5 167 0 336 100 1474 200 219 300 101 400
729 0 5 1147 0 248 100 1338 200 1115 300 546 400
730 0 5 1540 0 1 100 743 200 1376 300 308 400
731 0 5 131 0 1002 100 84 200 184 300 471 400
732 0 5 195 0 690 100 265 200 223 300 1191 400
733 0 5 189 0 1255 100 55 200 1105 300 955 400
734 0 5 1065 0 1037 100 28 200 953 300 1128 400
735 0 5 302 0 531 100 916 200 905 300 225 400
736 0 5 1332 0 1144 100 1465 200 1082 300 682 400
737 0 5 666 0 171 100 564 200 1050 300 185 400
738 0 5 339 0 1263 100 1432 200 843 300 534 400
739 0 5 1501 0 297 100 394 200 282 300 1487 400
740 0 5 245 0 602 100 1019 200 450 300 1216 400
741 0 5 212 0 270 100 305 200 1402 300 509 400
742 0 5 329 0 906 100 133 200 16 300 942 400
743 0 5 730 0 1518 100 1517 200 247 300 334 400
744 0 5 961 0 14 100 796 200 64 300 605 400
745 0 5 1104 0 530 100 983 200 1078 300 811 400
746 0 5 85 0 1347 100 512 200 773 300 323 400
747 0 5 187 0 1450 100 975 200 928 300 1200 400
748 0 5 544 0 419 100 336 200 167 300 100 400
749 0 5 147 0 1045 100 408 200 1275 300 628 400
750 0 5 550 0 1112 100 852 200 420 300 1428 400
751 0 5 348 0 565 100 70 200 455 300 213 400
752 0 5 1381 0 182 100 1344 200 288 300 466 400
753 0 5 1342 0 1380 100 683 200 402 300 71 400
754 0 5 525 0 275 100 1303 200 1416 300 169 400
755 0 5 266 0 1138 100 543 200 1444 300 898 400
756 0 5 196 0 792 100 1170 200 980 300 312 400
757 0 5 247 0 730 100 194 200 743 300 308 400
758 0 5 355 0 465 100 716 200 1034 300 619 400
759 0 5 1417 0 623 100 346 200 459 300 1306 400
760 0 5 939 0 512 100 117 200 101 300 1158 400
761 0 5 1070 0 693 100 1409 200 582 300 119 400
762 0 5 1314 0 252 100 494 200 1333 300 790 400
763 0 5 258 0 91 100 31 200 1091 300 1247 400
764 0 5 210 0 203 100 470 200 552 300 428 400
765 0 5 1286 0 960 100 1035 200 801 300 910 400
766 0 5 929 0 787 100 1200 200 1321 300 1052 400
767 0 5 881 0 677 100 1087 200 1171 300 554 400
768 0 5 143 0 1047 100 229 200 898 300 266 400
769 0 5 300 0 1215 100 570 200 496 300 877 400
770 0 5 842 0 665 100 156 200 1407 300 1434 400
771 0 5 726 0 1246 100 1021 200 862 300 1256 400
772 0 5 1018 0 641 100 1367 200 387 300 132 400
773 0 5 83 0 512 100 746 200 117 300 323 400
774 0 5 1374 0 208 100 78 200 678 300 1142 400
775 0 5 221 0 161 100 400 200 385 300 911 400
776 0 5 411 0 130 100 1483 200 1260 300 489 400
777 0 5 36 0 466 100 907 200 575 300 959 400
778 0 5 1221 0 134 100 832 200 1121 300 679 400
779 0 5 659 0 510 100 966 200 499 300 638 400
780 0 5 1068 0 1363 100 862 200 1139 300 1043 400
781 0 5 820 0 1328 100 324 200 902 300 1259 400
782 0 5 407 0 1483 100 1412 200 26 300 475 400
783 0 5 56 0 1277 100 1404 200 1028 300 438 400
784 0 5 1346 0 1516 100 1517 200 1407 300 20 400
785 0 5 354 0 1251 100 725 200 97 300 908 400
786 0 5 95 0 1211 100 584 200 1272 300 959 400
787 0 5 6 0 1054 100 524 200 766 300 1321 400
788 0 5 376 0 1126 100 1300 200 974 300 611 400
789 0 5 827 0 1446 100 985 200 828 300 1116 400
790 0 5 932 0 314 100 344 200 889 300 762 400
791 0 5 845 0 1323 100 476 200 1282 300 540 400
792 0 5 50 0 1170 100 756 200 833 300 980 400
793 0 5 1320 0 21 100 500 200 1167 300 871 400
794 0 5 115 0 1240 100 30 200 936 300 137 400
795 0 5 684 0 930 100 284 200 1394 300 87 400
796 0 5 605 0 829 100 1038 200 1458 300 744 400
797 0 5 709 0 268 100 92 200 265 300 361 400
798 0 5 434 0 1466 100 938 200 1319 300 621 400
799 0 5 1497 0 3 100 1168 200 1209 300 317 400
800 0 5 396 0 307 100 1009 200 1210 300 65 400
801 0 5 1286 0 1030 100 1035 200 1460 300 960 400
802 0 5 1321 0 406 100 929 200 766 300 669 400
803 0 5 663 0 301 100 1138 200 1451 300 1348 400
804 0 5 922 0 1027 100 426 200 228 300 34 400
805 0 5 518 0 356 100 446 200 831 300 1476 400
806 0 5 971 0 625 100 116 200 1223 300 409 400
807 0 5 915 0 236 100 914 200 38 300 1477 400
808 0 5 1012 0 308 100 1222 200 247 300 1519 400
809 0 5 721 0 249 100 1445 200 1175 300 61 400
810 0 5 100 0 1308 100 336 200 1020 300 419 400
811 0 5 968 0 276 100 1104 200 1003 300 461 400
812 0 5 1166 0 66 100 1135 200 375 300 701 400
813 0 5 1054 0 1058 100 1152 200 185 300 6 400
814 0 5 661 0 1353 100 1077 200 708 300 260 400
815 0 5 1237 0 643 100 392 200 138 300 151 400
816 0 5 1051 0 240 100 1192 200 389 300 1345 400
817 0 5 1461 0 541 100 1204 200 200 300 1217 400
818 0 5 403 0 310 100 1501 200 1113 300 282 400
819 0 5 1183 0 467 100 524 200 676 300 424 400
820 0 5 1130 0 781 100 1259 200 902 300 632 400
821 0 5 239 0 1397 100 536 200 1029 300 220 400
822 0 5 261 0 648 100 1026 200 1105 300 189 400
823 0 5 425 0 1128 100 1455 200 691 300 598 400
824 0 5 1033 0 99 100 994 200 30 300 1158 400
825 0 5 124 0 1331 100 447 200 924 300 84 400
826 0 5 97 0 293 100 1379 200 1388 300 366 400
827 0 5 789 0 1214 100 985 200 1293 300 1116 400
828 0 5 435 0 976 100 51 200 1387 300 17 400
829 0 5 1458 0 796 100 429 200 304 300 151 400
830 0 5 1362 0 255 100 1081 200 25 300 571 400
831 0 5 873 0 1476 100 805 200 446 300 71 400
832 0 5 1121 0 549 100 134 200 1311 300 778 400
833 0 5 872 0 980 100 506 200 792 300 756 400
834 0 5 689 0 1195 100 243 200 838 300 456 400
835 0 5 1472 0 1401 100 1224 200 190 300 900 400
836 0 5 1059 0 215 100 129 200 1495 300 1022 400
837 0 5 1161 0 1106 100 108 200 627 300 153 400
838 0 5 243 0 1056 100 834 200 574 300 689 400
839 0 5 475 0 705 100 1014 200 776 300 1260 400
840 0 5 177 0 1322 100 136 200 613 300 660 400
841 0 5 725 0 1123 100 160 200 1379 300 479 400
842 0 5 770 0 487 100 1407 200 156 300 1040 400
843 0 5 1432 0 1266 100 1015 200 738 300 1263 400
844 0 5 482 0 609 100 922 200 517 300 89 400
845 0 5 791 0 1282 100 540 200 476 300 1323 400
846 0 5 481 0 616 100 256 200 649 300 699 400
847 0 5 1202 0 172 100 1225 200 1201 300 125 400
848 0 5 649 0 256 100 1042 200 1384 300 583 400
849 0 5 428 0 203 100 552 200 1133 300 996 400
850 0 5 664 0 982 100 1297 200 1302 300 1242 400
851 0 5 1428 0 852 100 253 200 1113 300 1095 400
852 0 5 1112 0 851 100 750 200 550 300 1428 400
853 0 5 120 0 591 100 615 200 18 300 413 400
854 0 5 658 0 1214 100 1009 200 523 300 65 400
855 0 5 1279 0 438 100 514 200 1350 300 173 400
856 0 5 114 0 1437 100 335 200 1131 300 1370 400
857 0 5 1269 0 159 100 27 200 378 300 870 400
858 0 5 1008 0 985 100 214 200 990 300 827 400
859 0 5 601 0 680 100 1312 200 175 300 1097 400
860 0 5 286 0 578 100 1298 200 429 300 1340 400
861 0 5 334 0 1279 100 1350 200 421 300 1306 400
862 0 5 1068 0 1011 100 318 200 780 300 864 400
863 0 5 380 0 1393 100 93 200 401 300 1392 400
864 0 5 1011 0 110 100 1068 200 586 300 862 400
865 0 5 598 0 425 100 823 200 1507 300 1506 400
866 0 5 141 0 980 100 1406 200 506 300 196 400
867 0 5 360 0 155 100 620 200 595 300 139 400
868 0 5 541 0 1461 100 102 200 347 300 923 400
869 0 5 1455 0 691 100 254 200 953 300 1069 400
870 0 5 352 0 533 100 378 200 857 300 912 400
871 0 5 1423 0 1320 100 793 200 1167 300 533 400
872 0 5 833 0 993 100 1457 200 1485 300 1297 400
873 0 5 831 0 71 100 446 200 152 300 1476 400
874 0 5 566 0 1235 100 1175 200 61 300 445 400
875 0 5 877 0 515 100 1422 200 2 300 1377 400
876 0 5 208 0 678 100 724 200 1209 300 1374 400
877 0 5 875 0 515 100 2 200 300 300 570 400
878 0 5 1118 0 272 100 1120 200 19 300 1421 400
879 0 5 294 0 1092 100 413 200 223 300 47 400
880 0 5 1274 0 1179 100 1354 200 127 300 264 400
881 0 5 767 0 554 100 46 200 449 300 677 400
882 0 5 1143 0 1276 100 1420 200 1337 300 197 400
883 0 5 20 0 650 100 673 200 281 300 200 400
884 0 5 579 0 627 100 198 200 1161 300 1284 400
885 0 5 1207 0 1267 100 1262 200 316 300 558 400
886 0 5 386 0 1210 100 1442 200 238 300 800 400
887 0 5 546 0 1134 100 248 200 87 300 121 400
888 0 5 1385 0 450 100 468 200 1301 300 442 400
889 0 5 1325 0 344 100 790 200 314 300 1165 400
890 0 5 511 0 1032 100 1149 200 1405 300 529 400
891 0 5 364 0 1171 100 1484 200 428 300 126 400
892 0 5 454 0 1383 100 1108 200 1316 300 326 400
893 0 5 259 0 1193 100 463 200 1256 300 323 400
894 0 5 899 0 498 100 707 200 925 300 321 400
895 0 5 1435 0 1216 100 241 200 442 300 465 400
896 0 5 1310 0 642 100 37 200 905 300 48 400
897 0 5 1298 0 523 100 1340 200 578 300 286 400
898 0 5 143 0 543 100 266 200 768 300 1064 400
899 0 5 894 0 925 100 707 200 321 300 404 400
900 0 5 279 0 154 100 1074 200 217 300 1401 400
901 0 5 1372 0 86 100 672 200 166 300 216 400
902 0 5 387 0 1305 100 781 200 820 300 539 400
903 0 5 1213 0 1085 100 655 200 1084 300 562 400
904 0 5 370 0 161 100 400 200 1048 300 991 400
905 0 5 642 0 37 100 338 200 896 300 1226 400
906 0 5 742 0 1245 100 942 200 1273 300 133 400
907 0 5 575 0 777 100 1016 200 466 300 1387 400
908 0 5 211 0 1251 100 785 200 1388 300 97 400
909 0 5 1409 0 173 100 693 200 652 300 1062 400
910 0 5 526 0 1122 100 410 200 1249 300 18 400
911 0 5 315 0 1223 100 400 200 1318 300 775 400
912 0 5 1343 0 533 100 44 200 311 300 278 400
913 0 5 1087 0 677 100 513 200 1264 300 767 400
914 0 5 236 0 807 100 1397 200 1477 300 220 400
915 0 5 807 0 236 100 38 200 154 300 1074 400
916 0 5 531 0 698 100 735 200 905 300 1120 400
917 0 5 1304 0 1125 100 926 200 77 300 170 400
918 0 5 230 0 621 100 330 200 927 300 938 400
919 0 5 925 0 964 100 274 200 342 300 899 400
920 0 5 98 0 1399 100 1091 200 1188 300 1036 400
921 0 5 1292 0 554 100 46 200 685 300 881 400
922 0 5 804 0 844 100 1473 200 89 300 228 400
923 0 5 1174 0 1217 100 638 200 868 300 200 400
924 0 5 644 0 1150 100 1190 200 246 300 1331 400
925 0 5 919 0 899 100 1354 200 127 300 964 400
926 0 5 1097 0 1304 100 1413 200 77 300 601 400
927 0 5 621 0 222 100 1319 200 434 300 918 400
928 0 5 697 0 1433 100 1176 200 1335 300 975 400
929 0 5 1052 0 766 100 802 200 406 300 1321 400
930 0 5 284 0 795 100 144 200 1490 300 684 400
931 0 5 1050 0 1197 100 1094 200 171 300 737 400
932 0 5 314 0 790 100 1495 200 1333 300 233 400
933 0 5 409 0 188 100 1223 200 385 300 315 400
934 0 5 1367 0 1458 100 641 200 1038 300 829 400
935 0 5 433 0 164 100 398 200 979 300 704 400
936 0 5 1250 0 137 100 1267 200 106 300 794 400
937 0 5 487 0 298 100 978 200 1220 300 1407 400
938 0 5 1140 0 1042 100 1356 200 798 300 434 400
939 0 5 760 0 117 100 1043 200 101 300 1096 400
940 0 5 1205 0 967 100 181 200 359 300 1001 400
941 0 5 1329 0 1194 100 1291 200 227 300 1373 400
942 0 5 1273 0 1245 100 906 200 1264 300 742 400
943 0 5 1182 0 433 100 935 200 1136 300 216 400
944 0 5 612 0 322 100 148 200 524 300 624 400
945 0 5 1102 0 24 100 1198 200 694 300 566 400
946 0 5 1078 0 714 100 1276 200 319 300 968 400
947 0 5 598 0 1505 100 1504 200 948 300 995 400
948 0 5 626 0 598 100 1514 200 1513 300 947 400
949 0 5 500 0 121 100 1208 200 21 300 793 400
950 0 5 420 0 1365 100 1415 200 1327 300 186 400
951 0 5 538 0 1247 100 1162 200 1313 300 381 400
952 0 5 1083 0 1057 100 342 200 127 300 1274 400
953 0 5 33 0 1065 100 869 200 1128 300 734 400
954 0 5 251 0 497 100 1289 200 992 300 201 400
955 0 5 55 0 1231 100 1212 200 733 300 1026 400
956 0 5 58 0 4 100 422 200 1076 300 85 400
957 0 5 1073 0 257 100 262 200 1476 300 873 400
958 0 5 1015 0 1230 100 1280 200 1266 300 473 400
959 0 5 1211 0 36 100 584 200 466 300 575 400
960 0 5 528 0 765 100 410 200 1460 300 123 400
961 0 5 744 0 64 100 605 200 796 300 14 400
962 0 5 1159 0 257 100 385 200 1307 300 1396 400
963 0 5 1077 0 613 100 572 200 1500 300 1322 400
964 0 5 919 0 342 100 274 200 925 300 267 400
965 0 5 1488 0 1277 100 1404 200 1299 300 618 400
966 0 5 686 0 341 100 779 200 510 300 1040 400
967 0 5 181 0 359 100 940 200 183 300 1132 400
968 0 5 811 0 714 100 1078 200 395 300 461 400
969 0 5 720 0 303 100 1430 200 285 300 255 400
970 0 5 1275 0 246 100 1022 200 1172 300 147 400
971 0 5 806 0 116 100 409 200 1223 300 148 400
972 0 5 1110 0 416 100 1135 200 66 300 472 400
973 0 5 629 0 134 100 40 200 679 300 140 400
974 0 5 432 0 527 100 243 200 1300 300 788 400
975 0 5 237 0 176 100 1433 200 187 300 226 400
976 0 5 415 0 51 100 984 200 828 300 8 400
977 0 5 1258 0 1443 100 232 200 202 300 427 400
978 0 5 1220 0 1524 100 1523 200 948 300 1181 400
979 0 5 348 0 213 100 935 200 599 300 363 400
980 0 5 833 0 866 100 756 200 1406 300 506 400
981 0 5 1474 0 1096 100 516 200 219 300 1189 400
982 0 5 850 0 226 100 406 200 1297 300 664 400
983 0 5 197 0 530 100 745 200 1420 300 142 400
984 0 5 51 0 976 100 1416 200 8 300 415 400
985 0 5 858 0 990 100 1008 200 827 300 789 400
986 0 5 551 0 163 100 508 200 1252 300 1382 400
987 0 5 701 0 57 100 383 200 45 300 375 400
988 0 5 504 0 1371 100 1373 200 1494 300 595 400
989 0 5 459 0 225 100 205 200 244 300 1180 400
990 0 5 118 0 1008 100 985 200 1418 300 1214 400
991 0 5 694 0 370 100 488 200 24 300 1048 400
992 0 5 696 0 1039 100 251 200 68 300 103 400
993 0 5 1297 0 1335 100 872 200 1485 300 1176 400
994 0 5 1033 0 101 100 824 200 1158 300 219 400
995 0 5 1502 0 1 100 61 200 250 300 308 400
996 0 5 1273 0 1133 100 16 200 849 300 1264 400
997 0 5 110 0 1139 100 181 200 1020 300 1132 400
998 0 5 1491 0 1067 100 1038 200 632 300 796 400
999 0 5 1107 0 353 100 1354 200 894 300 498 400
1000 0 5 472 0 1224 100 1178 200 1166 300 416 400
1001 0 5 168 0 1066 100 1205 200 940 300 359 400
1002 0 5 471 0 444 100 731 200 1324 300 84 400
1003 0 5 1318 0 1061 100 424 200 811 300 276 400
1004 0 5 1173 0 1184 100 291 200 90 300 534 400
1005 0 5 1263 0 1362 100 571 200 843 300 830 400
1006 0 5 585 0 675 100 74 200 1086 300 279 400
1007 0 5 150 0 1374 100 774 200 78 300 1269 400
1008 0 5 858 0 990 100 985 200 118 300 1352 400
1009 0 5 65 0 800 100 854 200 658 300 307 400
1010 0 5 1356 0 230 100 1225 200 649 300 1202 400
1011 0 5 586 0 862 100 864 200 1068 300 1338 400
1012 0 5 808 0 308 100 1222 200 374 300 1522 400
1013 0 5 1090 0 1494 100 595 200 555 300 192 400
1014 0 5 1024 0 1260 100 705 200 839 300 635 400
1015 0 5 1266 0 958 100 843 200 473 300 1228 400
1016 0 5 575 0 907 100 1034 200 355 300 17 400
1017 0 5 628 0 1031 100 62 200 215 300 1022 400
1018 0 5 772 0 132 100 387 200 1305 300 570 400
1019 0 5 1229 0 1197 100 590 200 1470 300 740 400
1020 0 5 516 0 1474 100 1139 200 997 300 810 400
1021 0 5 463 0 1256 100 771 200 1246 300 862 400
1022 0 5 62 0 1172 100 970 200 147 300 246 400
1023 0 5 1075 0 578 100 1046 200 242 300 73 400
1024 0 5 1014 0 1106 100 1260 200 705 300 627 400
1025 0 5 1035 0 1429 100 1431 200 1334 300 1137 400
1026 0 5 708 0 706 100 261 200 260 300 822 400
1027 0 5 804 0 835 100 844 200 609 300 190 400
1028 0 5 247 0 194 100 514 200 783 300 438 400
1029 0 5 274 0 239 100 821 200 9 300 1397 400
1030 0 5 801 0 1119 100 1035 200 1460 300 960 400
1031 0 5 1017 0 594 100 633 200 215 300 628 400
1032 0 5 1405 0 890 100 511 200 1149 300 781 400
1033 0 5 824 0 994 100 1219 200 1441 300 1265 400
1034 0 5 532 0 465 100 758 200 1016 300 355 400
1035 0 5 1025 0 1334 100 1460 200 1119 300 1429 400
1036 0 5 1399 0 333 100 920 200 98 300 1244 400
1037 0 5 647 0 1463 100 734 200 1467 300 1065 400
1038 0 5 1458 0 934 100 796 200 1067 300 998 400
1039 0 5 103 0 992 100 696 200 486 300 1088 400
1040 0 5 156 0 650 100 281 200 686 300 341 400
1041 0 5 289 0 1103 100 113 200 1462 300 1062 400
1042 0 5 938 0 848 100 1351 200 489 300 1140 400
1043 0 5 117 0 1363 100 939 200 1189 300 512 400
1044 0 5 1142 0 159 100 150 200 774 300 1374 400
1045 0 5 749 0 408 100 678 200 208 300 1209 400
1046 0 5 79 0 1075 100 73 200 1023 300 242 400
1047 0 5 1186 0 768 100 475 200 26 300 143 400
1048 0 5 24 0 385 100 1396 200 991 300 1073 400
1049 0 5 1114 0 1345 100 193 200 529 300 722 400
1050 0 5 931 0 737 100 1404 200 1488 300 1419 400
1051 0 5 816 0 240 100 389 200 1192 300 1345 400
1052 0 5 226 0 929 100 766 200 406 300 176 400
1053 0 5 170 0 695 100 1395 200 1453 300 19 400
1054 0 5 787 0 283 100 813 200 6 300 1152 400
1055 0 5 688 0 483 100 165 200 1480 300 1477 400
1056 0 5 838 0 480 100 574 200 722 300 1436 400
1057 0 5 952 0 1165 100 1274 200 494 300 158 400
1058 0 5 1080 0 1152 100 813 200 710 300 185 400
1059 0 5 1127 0 836 100 1495 200 215 300 1262 400
1060 0 5 391 0 210 100 552 200 470 300 476 400
1061 0 5 676 0 1003 100 424 200 1318 300 276 400
1062 0 5 289 0 1339 100 1409 200 693 300 173 400
1063 0 5 1117 0 622 100 647 200 1295 300 556 400
1064 0 5 505 0 1148 100 543 200 898 300 345 400
1065 0 5 734 0 953 100 1467 200 1037 300 1128 400
1066 0 5 359 0 1001 100 110 200 940 300 168 400
1067 0 5 632 0 998 100 1130 200 1038 300 1491 400
1068 0 5 862 0 780 100 864 200 1139 300 1011 400
1069 0 5 418 0 603 100 33 200 869 300 254 400
1070 0 5 1278 0 175 100 761 200 1355 300 1462 400
1071 0 5 249 0 490 100 1337 200 250 300 488 400
1072 0 5 1270 0 1232 100 368 200 740 300 245 400
1073 0 5 957 0 262 100 1396 200 24 300 1048 400
1074 0 5 190 0 154 100 900 200 38 300 592 400
1075 0 5 1023 0 242 100 1046 200 73 300 578 400
1076 0 5 58 0 326 100 145 200 956 300 135 400
1077 0 5 963 0 814 100 572 200 613 300 485 400
1078 0 5 946 0 1420 100 1276 200 968 300 714 400
1079 0 5 653 0 1350 100 588 200 119 300 441 400
1080 0 5 1058 0 185 100 1152 200 564 300 813 400
1081 0 5 306 0 255 100 830 200 293 300 1121 400
1082 0 5 1144 0 270 100 674 200 736 300 23 400
1083 0 5 952 0 127 100 1274 200 342 300 1354 400
1084 0 5 1234 0 1459 100 903 200 712 300 562 400
1085 0 5 562 0 903 100 655 200 473 300 1230 400
1086 0 5 585 0 279 100 74 200 1006 300 416 400
1087 0 5 913 0 126 100 1264 200 767 300 1171 400
1088 0 5 444 0 696 100 471 200 1039 300 992 400
1089 0 5 271 0 371 100 1164 200 704 300 565 400
1090 0 5 1013 0 630 100 192 200 499 300 595 400
1091 0 5 191 0 381 100 920 200 1188 300 295 400
1092 0 5 879 0 1122 100 413 200 18 300 1431 400
1093 0 5 102 0 557 100 149 200 1174 300 39 400
1094 0 5 1229 0 1197 100 199 200 171 300 931 400
1095 0 5 111 0 1113 100 1428 200 703 300 282 400
1096 0 5 1189 0 981 100 219 200 939 300 1474 400
1097 0 5 926 0 77 100 1257 200 175 300 1278 400
1098 0 5 41 0 588 100 37 200 1079 300 302 400
1099 0 5 438 0 1339 100 783 200 1236 300 514 400
1100 0 5 1453 0 14 100 228 200 397 300 64 400
1101 0 5 1173 0 1442 100 238 200 291 300 1375 400
1102 0 5 566 0 1445 100 945 200 694 300 402 400
1103 0 5 636 0 1041 100 1462 200 1146 300 369 400
1104 0 5 745 0 276 100 325 200 811 300 530 400
1105 0 5 1255 0 189 100 733 200 149 300 648 400
1106 0 5 837 0 1024 100 635 200 705 300 1260 400
1107 0 5 999 0 498 100 1354 200 894 300 353 400
1108 0 5 1447 0 454 100 892 200 1262 300 1267 400
1109 0 5 1195 0 1436 100 574 200 1110 300 5 400
1110 0 5 972 0 340 100 1135 200 1109 300 305 400
1111 0 5 1145 0 718 100 639 200 1382 300 1360 400
1112 0 5 852 0 750 100 550 200 253 300 851 400
1113 0 5 1095 0 437 100 282 200 818 300 851 400
1114 0 5 529 0 1049 100 1499 200 193 300 722 400
1115 0 5 1147 0 452 100 729 200 248 300 546 400
1116 0 5 1482 0 1293 100 392 200 643 300 1214 400
1117 0 5 622 0 1063 100 556 200 1218 300 1309 400
1118 0 5 878 0 202 100 19 200 313 300 272 400
1119 0 5 1460 0 1030 100 1035 200 1122 300 801 400
1120 0 5 698 0 272 100 1421 200 878 300 916 400
1121 0 5 832 0 549 100 778 200 255 300 134 400
1122 0 5 1460 0 910 100 410 200 18 300 1092 400
1123 0 5 153 0 841 100 725 200 1425 300 160 400
1124 0 5 1177 0 606 100 457 200 522 300 513 400
1125 0 5 1257 0 48 100 507 200 77 300 917 400
1126 0 5 1370 0 788 100 1300 200 328 300 611 400
1127 0 5 1059 0 316 100 836 200 32 300 1495 400
1128 0 5 28 0 823 100 691 200 445 300 953 400
1129 0 5 687 0 224 100 662 200 1187 300 43 400
1130 0 5 820 0 632 100 1067 200 902 300 1367 400
1131 0 5 114 0 328 100 1437 200 207 300 607 400
1132 0 5 181 0 1308 100 967 200 997 300 1020 400
1133 0 5 996 0 16 100 849 200 552 300 1486 400
1134 0 5 121 0 887 100 248 200 1481 300 87 400
1135 0 5 66 0 1166 100 340 200 972 300 472 400
1136 0 5 440 0 1438 100 1182 200 1199 300 430 400
1137 0 5 1429 0 1431 100 234 200 328 300 47 400
1138 0 5 53 0 204 100 803 200 755 300 266 400
1139 0 5 997 0 516 100 1020 200 1189 300 1068 400
1140 0 5 938 0 1351 100 196 200 1042 300 180 400
1141 0 5 72 0 651 100 1498 200 645 300 330 400
1142 0 5 1044 0 1374 100 150 200 774 300 724 400
1143 0 5 882 0 1012 100 1337 200 1420 300 197 400
1144 0 5 1402 0 1082 100 212 200 736 300 270 400
1145 0 5 1111 0 1382 100 79 200 718 300 1215 400
1146 0 5 1303 0 636 100 1103 200 1462 300 1416 400
1147 0 5 729 0 1115 100 452 200 443 300 248 400
1148 0 5 75 0 1064 100 664 200 614 300 345 400
1149 0 5 511 0 1259 100 890 200 781 300 1032 400
1150 0 5 1331 0 924 100 644 200 1287 300 252 400
1151 0 5 1193 0 1320 100 500 200 793 300 893 400
1152 0 5 1058 0 283 100 325 200 813 300 332 400
1153 0 5 502 0 460 100 685 200 364 300 1171 400
1154 0 5 1372 0 224 100 1187 200 901 300 216 400
1155 0 5 1475 0 402 100 1380 200 566 300 1102 400
1156 0 5 1261 0 469 100 31 200 700 300 596 400
1157 0 5 1301 0 1408 100 442 200 1385 300 716 400
1158 0 5 711 0 1441 100 512 200 994 300 760 400
1159 0 5 962 0 1396 100 1073 200 257 300 957 400
1160 0 5 536 0 267 100 158 200 29 300 239 400
1161 0 5 837 0 627 100 479 200 1284 300 108 400
1162 0 5 13 0 700 100 951 200 538 300 1247 400
1163 0 5 377 0 9 100 1424 200 1368 300 367 400
1164 0 5 371 0 1089 100 99 200 565 300 994 400
1165 0 5 1314 0 1057 100 494 200 762 300 889 400
1166 0 5 812 0 1135 100 472 200 66 300 1000 400
1167 0 5 1423 0 501 100 144 200 793 300 871 400
1168 0 5 3 0 1497 100 799 200 323 300 317 400
1169 0 5 657 0 547 100 611 200 417 300 1332 400
1170 0 5 312 0 792 100 756 200 484 300 1483 400
1171 0 5 891 0 1484 100 126 200 767 300 428 400
1172 0 5 129 0 246 100 1022 200 1190 300 970 400
1173 0 5 1004 0 1101 100 291 200 1442 300 1184 400
1174 0 5 923 0 102 100 1217 200 868 300 1093 400
1175 0 5 61 0 874 100 809 200 995 300 1281 400
1176 0 5 1335 0 1485 100 697 200 928 300 993 400
1177 0 5 1245 0 1124 100 1264 200 942 300 906 400
1178 0 5 1000 0 45 100 1166 200 1224 300 987 400
1179 0 5 264 0 880 100 1354 200 1274 300 273 400
1180 0 5 69 0 1490 100 54 200 493 300 989 400
1181 0 5 298 0 1220 100 692 200 978 300 948 400
1182 0 5 943 0 1136 100 458 200 365 300 1199 400
1183 0 5 819 0 332 100 1104 200 524 300 424 400
1184 0 5 90 0 1004 100 1442 200 1173 300 1101 400
1185 0 5 567 0 503 100 1415 200 67 300 1386 400
1186 0 5 1047 0 93 100 475 200 1393 300 768 400
1187 0 5 224 0 457 100 672 200 1154 300 1129 400
1188 0 5 295 0 191 100 1313 200 1091 300 920 400
1189 0 5 1096 0 1363 100 1139 200 981 300 1043 400
1190 0 5 96 0 129 100 1172 200 924 300 1495 400
1191 0 5 1452 0 690 100 413 200 223 300 732 400
1192 0 5 1345 0 389 100 1051 200 816 300 1049 400
1193 0 5 1151 0 654 100 893 200 1320 300 500 400
1194 0 5 941 0 555 100 1373 200 1291 300 1371 400
1195 0 5 1109 0 834 100 689 200 5 300 1436 400
1196 0 5 467 0 148 100 612 200 116 300 524 400
1197 0 5 1094 0 1419 100 1019 200 931 300 1488 400
1198 0 5 152 0 945 100 1475 200 1380 300 262 400
1199 0 5 576 0 398 100 440 200 1136 300 1357 400
1200 0 5 624 0 1400 100 322 200 766 300 187 400
1201 0 5 125 0 172 100 40 200 699 300 1225 400
1202 0 5 847 0 699 100 172 200 390 300 1225 400
1203 0 5 1239 0 1361 100 1452 200 591 300 1285 400
1204 0 5 1315 0 200 100 20 200 817 300 883 400
1205 0 5 343 0 168 100 940 200 521 300 1294 400
1206 0 5 489 0 1351 100 484 200 196 300 1042 400
1207 0 5 558 0 885 100 1267 200 936 300 951 400
1208 0 5 1246 0 726 100 121 200 949 300 1481 400
1209 0 5 317 0 1045 100 876 200 4 300 799 400
1210 0 5 396 0 886 100 386 200 800 300 1382 400
1211 0 5 959 0 786 100 584 200 36 300 1446 400
1212 0 5 485 0 1231 100 955 200 1077 300 55 400
1213 0 5 604 0 903 100 655 200 1427 300 581 400
1214 0 5 827 0 854 100 1293 200 1418 300 1009 400
1215 0 5 496 0 769 100 186 200 300 300 718 400
1216 0 5 442 0 895 100 1301 200 740 300 241 400
1217 0 5 923 0 1174 100 1461 200 200 300 817 400
1218 0 5 622 0 42 100 556 200 1309 300 1117 400
1219 0 5 1265 0 1441 100 1033 200 1158 300 640 400
1220 0 5 978 0 1181 100 692 200 948 300 784 400
1221 0 5 778 0 679 100 616 200 832 300 134 400
1222 0 5 1012 0 719 100 808 200 610 300 197 400
1223 0 5 911 0 409 100 315 200 1318 300 806 400
1224 0 5 217 0 1000 100 1401 200 835 300 416 400
1225 0 5 847 0 125 100 172 200 1010 300 651 400
1226 0 5 507 0 338 100 642 200 905 300 1310 400
1227 0 5 1369 0 723 100 1376 200 59 300 759 400
1228 0 5 727 0 1432 100 90 200 738 300 1015 400
1229 0 5 1094 0 1019 100 1470 200 199 300 1197 400
1230 0 5 1280 0 958 100 562 200 1085 300 551 400
1231 0 5 955 0 1212 100 1308 200 485 300 419 400
1232 0 5 245 0 368 100 1072 200 740 300 1019 400
1233 0 5 321 0 1440 100 178 200 707 300 587 400
1234 0 5 1084 0 712 100 1459 200 903 300 163 400
1235 0 5 1281 0 874 100 445 200 1471 300 61 400
1236 0 5 618 0 369 100 783 200 1339 300 1099 400
1237 0 5 138 0 815 100 392 200 643 300 112 400
1238 0 5 589 0 350 100 1368 200 105 300 23 400
1239 0 5 1203 0 1452 100 413 200 591 300 1361 400
1240 0 5 1268 0 794 100 30 200 936 300 115 400
1241 0 5 1471 0 122 100 28 200 702 300 402 400
1242 0 5 1457 0 1359 100 850 200 1297 300 872 400
1243 0 5 388 0 464 100 11 200 477 300 44 400
1244 0 5 233 0 333 100 32 200 920 300 316 400
1245 0 5 1177 0 942 100 906 200 1124 300 1273 400
1246 0 5 771 0 726 100 1208 200 1256 300 1021 400
1247 0 5 258 0 31 100 951 200 13 300 1162 400
1248 0 5 1288 0 427 100 668 200 202 300 482 400
1249 0 5 670 0 615 100 910 200 120 300 526 400
1250 0 5 936 0 423 100 1267 200 454 300 1316 400
1251 0 5 354 0 785 100 908 200 309 300 725 400
1252 0 5 372 0 386 100 1382 200 986 300 886 400
1253 0 5 592 0 474 100 1324 200 209 300 486 400
1254 0 5 80 0 715 100 1485 200 506 300 993 400
1255 0 5 183 0 1105 100 733 200 1364 300 149 400
1256 0 5 654 0 1021 100 1246 200 500 300 771 400
1257 0 5 1125 0 77 100 48 200 1097 300 1278 400
1258 0 5 977 0 1317 100 1443 200 202 300 313 400
1259 0 5 1149 0 820 100 57 200 781 300 375 400
1260 0 5 1014 0 1024 100 130 200 627 300 839 400
1261 0 5 1156 0 576 100 469 200 440 300 430 400
1262 0 5 1447 0 1267 100 885 200 215 300 316 400
1263 0 5 1005 0 738 100 571 200 339 300 843 400
1264 0 5 126 0 1087 100 1177 200 913 300 942 400
1265 0 5 1219 0 231 100 640 200 1033 300 1316 400
1266 0 5 1015 0 843 100 958 200 473 300 1362 400
1267 0 5 885 0 1262 100 1447 200 1207 300 936 400
1268 0 5 1240 0 81 100 137 200 22 300 936 400
1269 0 5 857 0 150 100 78 200 1007 300 201 400
1270 0 5 1072 0 1496 100 590 200 1019 300 1470 400
1271 0 5 569 0 606 100 599 200 133 300 166 400
1272 0 5 584 0 211 100 786 200 1388 300 717 400
1273 0 5 942 0 996 100 906 200 1264 300 16 400
1274 0 5 880 0 273 100 127 200 1083 300 1057 400
1275 0 5 970 0 147 100 408 200 580 300 749 400
1276 0 5 882 0 1337 100 319 200 946 300 1078 400
1277 0 5 965 0 1404 100 783 200 56 300 1236 400
1278 0 5 175 0 48 100 1070 200 1257 300 1097 400
1279 0 5 855 0 334 100 861 200 514 300 173 400
1280 0 5 1230 0 562 100 958 200 1085 300 551 400
1281 0 5 1235 0 61 100 1512 200 1511 300 865 400
1282 0 5 540 0 845 100 791 200 1323 300 667 400
1283 0 5 1506 0 1505 100 308 200 730 300 808 400
1284 0 5 600 0 479 100 1161 200 198 300 616 400
1285 0 5 320 0 670 100 1361 200 92 300 1203 400
1286 0 5 801 0 765 100 1035 200 1460 300 1122 400
1287 0 5 568 0 49 100 1150 200 184 300 561 400
1288 0 5 1248 0 517 100 668 200 482 300 427 400
1289 0 5 634 0 497 100 60 200 84 300 954 400
1290 0 5 104 0 1358 100 1378 200 382 300 1336 400
1291 0 5 227 0 555 100 156 200 1329 300 1373 400
1292 0 5 921 0 685 100 46 200 554 300 767 400
1293 0 5 392 0 1116 100 1214 200 827 300 854 400
1294 0 5 343 0 1364 100 149 200 1205 300 183 400
1295 0 5 1309 0 548 100 1063 200 683 300 563 400
1296 0 5 643 0 436 100 1413 200 1482 300 815 400
1297 0 5 993 0 226 100 850 200 982 300 1242 400
1298 0 5 897 0 286 100 523 200 860 300 112 400
1299 0 5 56 0 1404 100 1419 200 1488 300 965 400
1300 0 5 527 0 1126 100 1370 200 788 300 974 400
1301 0 5 1157 0 442 100 888 200 1385 300 1216 400
1302 0 5 345 0 664 100 107 200 1359 300 850 400
1303 0 5 1146 0 1416 100 1312 200 754 300 1462 400
1304 0 5 917 0 926 100 170 200 1125 300 77 400
1305 0 5 132 0 539 100 387 200 2 300 902 400
1306 0 5 421 0 623 100 1376 200 861 300 759 400
1307 0 5 188 0 385 100 962 200 1223 300 1396 400
1308 0 5 810 0 1132 100 419 200 1231 300 181 400
1309 0 5 1295 0 7 100 548 200 446 300 1063 400
1310 0 5 896 0 507 100 642 200 1226 300 338 400
1311 0 5 140 0 629 100 832 200 549 300 720 400
1312 0 5 1303 0 1462 100 859 200 680 300 1416 400
1313 0 5 558 0 295 100 951 200 1188 300 381 400
1314 0 5 1165 0 762 100 494 200 790 300 1057 400
1315 0 5 1204 0 1520 100 1519 200 20 300 723 400
1316 0 5 454 0 423 100 640 200 135 300 326 400
1317 0 5 1258 0 313 100 280 200 1443 300 103 400
1318 0 5 461 0 1003 100 1223 200 1061 300 625 400
1319 0 5 222 0 434 100 927 200 798 300 1406 400
1320 0 5 793 0 654 100 1151 200 1193 300 871 400
1321 0 5 802 0 6 100 766 200 787 300 929 400
1322 0 5 660 0 840 100 613 200 1500 300 963 400
1323 0 5 631 0 791 100 1282 200 358 300 476 400
1324 0 5 444 0 592 100 1253 200 474 300 1002 400
1325 0 5 273 0 889 100 344 200 1057 300 790 400
1326 0 5 35 0 646 100 1467 200 556 300 603 400
1327 0 5 337 0 1365 100 146 200 1377 300 950 400
1328 0 5 1479 0 324 100 781 200 539 300 902 400
1329 0 5 941 0 1434 100 227 200 1291 300 770 400
1330 0 5 557 0 648 100 149 200 630 300 1105 400
1331 0 5 1150 0 825 100 84 200 924 300 246 400
1332 0 5 553 0 736 100 1169 200 1144 300 637 400
1333 0 5 96 0 1495 100 252 200 762 300 932 400
1334 0 5 299 0 1035 100 114 200 1025 300 1429 400
1335 0 5 1176 0 697 100 993 200 928 300 1297 400
1336 0 5 710 0 1378 100 1410 200 813 300 1290 400
1337 0 5 1276 0 1071 100 319 200 882 300 1143 400
1338 0 5 586 0 318 100 248 200 729 300 1011 400
1339 0 5 1099 0 1062 100 1236 200 289 300 1409 400
1340 0 5 307 0 658 100 242 200 897 300 65 400
1341 0 5 1477 0 377 100 688 200 9 300 1397 400
1342 0 5 71 0 753 100 1380 200 873 300 683 400
1343 0 5 278 0 912 100 388 200 1423 300 311 400
1344 0 5 288 0 466 100 575 200 1381 300 752 400
1345 0 5 1192 0 1049 100 389 200 816 300 1051 400
1346 0 5 784 0 20 100 673 200 1407 300 1524 400
1347 0 5 323 0 746 100 85 200 422 300 773 400
1348 0 5 301 0 327 100 53 200 803 300 593 400
1349 0 5 1408 0 327 100 218 200 288 300 1385 400
1350 0 5 861 0 855 100 652 200 1079 300 653 400
1351 0 5 1206 0 1140 100 1042 200 489 300 196 400
1352 0 5 495 0 118 100 214 200 291 300 1008 400
1353 0 5 814 0 560 100 260 200 661 300 708 400
1354 0 5 880 0 127 100 1107 200 353 300 925 400
1355 0 5 113 0 1462 100 1070 200 1041 300 1103 400
1356 0 5 1010 0 938 100 649 200 1042 300 848 400
1357 0 5 469 0 491 100 576 200 1199 300 398 400
1358 0 5 382 0 1290 100 104 200 1378 300 1496 400
1359 0 5 1242 0 1302 100 107 200 50 300 345 400
1360 0 5 1386 0 718 100 1489 200 639 300 1403 400
1361 0 5 1203 0 615 100 591 200 1285 300 1239 400
1362 0 5 1005 0 830 100 25 200 473 300 255 400
1363 0 5 780 0 1043 100 1189 200 1139 300 117 400
1364 0 5 183 0 1294 100 149 200 1255 300 359 400
1365 0 5 1327 0 950 100 186 200 1415 300 337 400
1366 0 5 259 0 83 100 323 200 773 300 893 400
1367 0 5 934 0 641 100 772 200 1038 300 1458 400
1368 0 5 206 0 589 100 1163 200 350 300 105 400
1369 0 5 1227 0 277 100 59 200 379 300 493 400
1370 0 5 1126 0 1437 100 328 200 1300 300 1131 400
1371 0 5 988 0 1373 100 504 200 1194 300 1291 400
1372 0 5 1154 0 901 100 1187 200 224 300 672 400
1373 0 5 1371 0 1494 100 1194 200 555 300 1291 400
1374 0 5 1007 0 774 100 724 200 1142 300 208 400
1375 0 5 238 0 1418 100 118 200 1101 300 1009 400
1376 0 5 1504 0 1503 100 730 200 1306 300 723 400
1377 0 5 337 0 1422 100 1327 200 146 300 186 400
1378 0 5 1336 0 1290 100 1410 200 104 300 1358 400
1379 0 5 160 0 306 100 479 200 826 300 293 400
1380 0 5 1475 0 753 100 1155 200 1198 300 402 400
1381 0 5 288 0 752 100 182 200 1344 300 1349 400
1382 0 5 1145 0 639 100 1111 200 79 300 1252 400
1383 0 5 892 0 594 100 326 200 633 300 145 400
1384 0 5 583 0 130 100 198 200 848 300 478 400
1385 0 5 468 0 888 100 1408 200 1301 300 1157 400
1386 0 5 1360 0 1489 100 67 200 1185 300 414 400
1387 0 5 331 0 17 100 907 200 828 300 36 400
1388 0 5 717 0 537 100 908 200 785 300 826 400
1389 0 5 1450 0 1400 100 1200 200 148 300 116 400
1390 0 5 10 0 125 100 1225 200 1201 300 172 400
1391 0 5 95 0 214 100 717 200 1388 300 786 400
1392 0 5 128 0 182 100 157 200 1451 300 63 400
1393 0 5 863 0 380 100 93 200 475 300 1186 400
1394 0 5 59 0 684 100 795 200 87 300 930 400
1395 0 5 19 0 695 100 1053 200 170 300 1453 400
1396 0 5 1159 0 1048 100 1073 200 385 300 962 400
1397 0 5 821 0 914 100 220 200 1477 300 1341 400
1398 0 5 418 0 254 100 713 200 692 300 603 400
1399 0 5 1036 0 98 100 920 200 333 300 314 400
1400 0 5 1389 0 1200 100 624 200 148 300 116 400
1401 0 5 217 0 1472 100 835 200 1224 300 900 400
1402 0 5 1144 0 212 100 637 200 741 300 5 400
1403 0 5 1489 0 639 100 1360 200 986 300 1386 400
1404 0 5 1277 0 56 100 1299 200 783 300 965 400
1405 0 5 1032 0 12 100 890 200 529 300 1149 400
1406 0 5 180 0 141 100 196 200 866 300 980 400
1407 0 5 1346 0 156 100 650 200 842 300 784 400
1408 0 5 1349 0 1157 100 1385 200 716 300 327 400
1409 0 5 693 0 909 100 1062 200 173 300 441 400
1410 0 5 199 0 1336 100 710 200 1378 300 1496 400
1411 0 5 294 0 1465 100 223 200 736 300 553 400
1412 0 5 107 0 26 100 407 200 782 300 475 400
1413 0 5 601 0 436 100 926 200 399 300 520 400
1414 0 5 296 0 320 100 92 200 1285 300 361 400
1415 0 5 420 0 1185 100 950 200 567 300 1365 400
1416 0 5 1303 0 680 100 984 200 1312 300 8 400
1417 0 5 459 0 759 100 346 200 69 300 623 400
1418 0 5 1375 0 1214 100 1009 200 990 300 118 400
1419 0 5 1488 0 1197 100 1299 200 1050 300 931 400
1420 0 5 882 0 1078 100 1143 200 983 300 197 400
1421 0 5 1120 0 1125 100 878 200 507 300 338 400
1422 0 5 515 0 1377 100 186 200 875 300 337 400
1423 0 5 1167 0 501 100 533 200 871 300 1343 400
1424 0 5 404 0 367 100 1163 200 1440 300 9 400
1425 0 5 635 0 401 100 309 200 725 300 1123 400
1426 0 5 614 0 669 100 406 200 802 300 75 400
1427 0 5 655 0 473 100 1430 200 903 300 285 400
1428 0 5 851 0 703 100 1095 200 1113 300 852 400
1429 0 5 1137 0 1025 100 1431 200 1334 300 328 400
1430 0 5 285 0 720 100 969 200 1427 300 303 400
1431 0 5 234 0 1137 100 1025 200 1429 300 1092 400
1432 0 5 843 0 1228 100 738 200 727 300 90 400
1433 0 5 237 0 928 100 975 200 697 300 1297 400
1434 0 5 227 0 1329 100 665 200 487 300 770 400
1435 0 5 895 0 656 100 369 200 241 300 412 400
1436 0 5 574 0 1109 100 1195 200 1056 300 834 400
1437 0 5 856 0 1370 100 1131 200 335 300 114 400
1438 0 5 430 0 365 100 1136 200 440 300 1182 400
1439 0 5 382 0 431 100 204 200 617 300 104 400
1440 0 5 1233 0 587 100 404 200 1424 300 178 400
1441 0 5 1219 0 711 100 1158 200 135 300 1033 400
1442 0 5 1101 0 1184 100 1173 200 238 300 886 400
1443 0 5 977 0 427 100 232 200 103 300 1258 400
1444 0 5 617 0 492 100 669 200 755 300 543 400
1445 0 5 721 0 1102 100 694 200 809 300 1175 400
1446 0 5 331 0 789 100 1211 200 36 300 959 400
1447 0 5 1108 0 1262 100 1267 200 454 300 1383 400
1448 0 5 11 0 272 100 44 200 464 300 1243 400
1449 0 5 1497 0 1142 100 1044 200 159 300 799 400
1450 0 5 747 0 1389 100 187 200 1200 300 1400 400
1451 0 5 128 0 663 100 1392 200 803 300 1138 400
1452 0 5 1239 0 1191 100 1203 200 413 300 690 400
1453 0 5 695 0 520 100 1053 200 1100 300 397 400
1454 0 5 235 0 501 100 144 200 54 300 278 400
1455 0 5 869 0 691 100 823 200 598 300 425 400
1456 0 5 106 0 538 100 137 200 1162 300 951 400
1457 0 5 1242 0 50 100 872 200 1359 300 1483 400
1458 0 5 934 0 1038 100 829 200 796 300 641 400
1459 0 5 414 0 1084 100 567 200 712 300 503 400
1460 0 5 1119 0 1122 100 1035 200 1092 300 410 400
1461 0 5 817 0 868 100 541 200 1217 300 923 400
1462 0 5 1355 0 1103 100 1312 200 1070 300 1041 400
1463 0 5 563 0 1037 100 647 200 734 300 1063 400
1464 0 5 544 0 455 100 136 200 70 300 748 400
1465 0 5 1411 0 223 100 682 200 736 300 553 400
1466 0 5 180 0 798 100 434 200 1406 300 196 400
1467 0 5 35 0 1065 100 647 200 1326 300 603 400
1468 0 5 547 0 456 100 689 200 637 300 5 400
1469 0 5 72 0 1498 100 651 200 1225 300 330 400
1470 0 5 590 0 1229 100 1496 200 1019 300 1410 400
1471 0 5 1241 0 445 100 1128 200 1235 300 874 400
1472 0 5 1401 0 835 100 900 200 217 300 1224 400
1473 0 5 89 0 482 100 922 200 228 300 1288 400
1474 0 5 981 0 1020 100 516 200 728 300 810 400
1475 0 5 1155 0 1380 100 1198 200 945 300 1102 400
1476 0 5 518 0 257 100 831 200 957 300 873 400
1477 0 5 1341 0 165 100 914 200 1397 300 688 400
1478 0 5 569 0 660 100 1500 200 133 300 599 400
1479 0 5 1328 0 324 100 349 200 88 300 384 400
1480 0 5 15 0 675 100 483 200 165 300 279 400
1481 0 5 726 0 248 100 121 200 1208 300 1246 400
1482 0 5 435 0 1116 100 436 200 643 300 399 400
1483 0 5 782 0 776 100 50 200 411 300 1457 400
1484 0 5 470 0 1171 100 891 200 428 300 364 400
1485 0 5 1176 0 80 100 1254 200 993 300 715 400
1486 0 5 358 0 552 100 476 200 1133 300 391 400
1487 0 5 480 0 432 100 722 200 974 300 394 400
1488 0 5 965 0 1419 100 1197 200 1299 300 1050 400
1489 0 5 1403 0 1386 100 639 200 1360 300 67 400
1490 0 5 235 0 1180 100 930 200 284 300 493 400
1491 0 5 998 0 57 100 362 200 632 300 1067 400
1492 0 5 513 0 43 100 457 200 677 300 1187 400
1493 0 5 52 0 681 100 437 200 1113 300 1499 400
1494 0 5 1013 0 555 100 1373 200 595 300 1194 400
1495 0 5 96 0 1333 100 1059 200 32 300 836 400
1496 0 5 1270 0 590 100 1470 200 1410 300 1229 400
1497 0 5 799 0 1449 100 1168 200 159 300 1044 400
1498 0 5 1469 0 330 100 1141 200 72 300 230 400
1499 0 5 403 0 1114 100 310 200 437 300 722 400
1500 0 5 660 0 1478 100 329 200 133 300 613 400
1501 0 5 739 0 310 100 818 200 282 300 297 400
1502 0 5 723 0 995 100 1217 200 817 300 759 400
1503 0 5 723 0 1376 100 1217 200 817 300 759 400
1504 0 5 1376 0 947 100 1217 200 759 300 817 400
1505 0 5 1283 0 947 100 1217 200 759 300 817 400
1506 0 5 1283 0 865 100 1217 200 759 300 817 400
1507 0 5 61 0 865 100 1217 200 759 300 817 400
1508 0 5 61 0 598 100 1217 200 759 300 817 400
1509 0 5 425 0 598 100 1217 200 759 300 817 400
1510 0 5 308 0 425 100 1217 200 759 300 817 400
1511 0 5 308 0 1281 100 1217 200 759 300 817 400
1512 0 5 374 0 1281 100 1217 200 759 300 817 400
1513 0 5 374 0 948 100 1217 200 759 300 817 400
1514 0 5 250 0 948 100 1217 200 759 300 817 400
1515 0 5 250 0 1175 100 1217 200 817 300 759 400
1516 0 5 784 0 1175 100 1217 200 817 300 759 400
1517 0 5 743 0 784 100 1217 200 759 300 817 400
1518 0 5 743 0 808 100 1217 200 759 300 817 400
1519 0 5 1315 0 808 100 1217 200 759 300 817 400
1520 0 5 1315 0 249 100 1217 200 817 300 759 400
1521 0 5 249 0 1012 100 1217 200 759 300 817 400
1522 0 5 1012 0 1235 100 1217 200 817 300 759 400
1523 0 5 978 0 1235 100 1217 200 817 300 759 400
1524 0 5 978 0 1346 100 1217 200 759 300 817 400
1525 0 5 757 0 1346 100 1217 200 759 300 817 400
1526 0 5 757 0 1204 100 1217 200 759 300 817 400
1527 0 5 1306 0 1204 100 1217 200 759 300 817 400
1528 0 5 1306 0 20 100 1217 200 759 300 817 400
1529 0 5 545 0 20 100 1217 200 759 300 817 400
1530 0 5 545 0 673 100 1217 200 759 300 817 400
1531 0 5 1227 0 673 100 1217 200 817 300 759 400
1532 0 5 1227 0 1217 100 759 200 817 300 623 400
1533 0 5 1217 0 817 100 759 200 623 300 1071 400
1534 0 5 823 0 1217 100 817 200 759 300 623 400
1535 0 5 823 0 874 100 1217 200 817 300 759 400
1536 0 5 809 0 874 100 1217 200 759 300 817 400
1537 0 5 1407 0 809 100 1217 200 759 300 817 400
1538 0 5 1407 0 1217 100 759 200 817 300 623 400
1539 0 5 1217 0 759 100 817 200 623 300 883 400
1540 0 5 730 0 1217 100 759 200 817 300 623 400
-1
EOF
