1540
1 0 5 1342 0 657 100 336 200 543 300 527 400
2 0 5 336 0 734 100 1112 200 1109 300 1475 400
3 0 5 574 0 1024 100 1292 200 400 300 241 400
4 0 5 662 0 88 100 362 200 1143 300 1010 400
5 0 5 333 0 252 100 1370 200 1393 300 1164 400
6 0 5 459 0 1257 100 1425 200 881 300 398 400
7 0 5 688 0 885 100 997 200 1203 300 475 400
8 0 5 1354 0 662 100 1181 200 1133 300 1173 400
9 0 5 926 0 513 100 1471 200 258 300 171 400
10 0 5 182 0 401 100 472 200 1469 300 1349 400
11 0 5 1348 0 67 100 1451 200 850 300 28 400
12 0 5 564 0 1178 100 977 200 645 300 957 400
13 0 5 297 0 1415 100 1145 200 1187 300 723 400
14 0 5 282 0 1318 100 1465 200 62 300 272 400
15 0 5 888 0 577 100 180 200 86 300 1147 400
16 0 5 1004 0 1080 100 57 200 81 300 659 400
17 0 5 1205 0 305 100 895 200 238 300 1402 400
18 0 5 1302 0 1156 100 1097 200 355 300 1030 400
19 0 5 1480 0 631 100 22 200 1399 300 201 400
20 0 5 972 0 437 100 384 200 690 300 268 400
21 0 5 696 0 328 100 260 200 430 300 61 400
22 0 5 157 0 846 100 285 200 19 300 631 400
23 0 5 766 0 1508 100 1507 200 891 300 1442 400
24 0 5 1134 0 1042 100 524 200 759 300 1414 400
25 0 5 1177 0 1041 100 1478 200 520 300 1234 400
26 0 5 1472 0 365 100 913 200 900 300 1220 400
27 0 5 1198 0 1084 100 1428 200 445 300 922 400
28 0 5 1451 0 850 100 11 200 201 300 595 400
29 0 5 685 0 806 100 461 200 1264 300 1174 400
30 0 5 851 0 1023 100 978 200 699 300 931 400
31 0 5 388 0 1441 100 998 200 604 300 1405 400
32 0 5 983 0 1341 100 312 200 488 300 1293 400
33 0 5 423 0 1442 100 857 200 349 300 766 400
34 0 5 1310 0 469 100 403 200 1239 300 519 400
35 0 5 166 0 40 100 576 200 655 300 1010 400
36 0 5 503 0 1229 100 925 200 1431 300 356 400
37 0 5 1359 0 194 100 1229 200 502 300 824 400
38 0 5 482 0 996 100 1280 200 219 300 348 400
39 0 5 1362 0 1272 100 460 200 346 300 1484 400
40 0 5 576 0 35 100 1010 200 426 300 1102 400
41 0 5 1356 0 467 100 1060 200 373 300 917 400
42 0 5 109 0 1194 100 294 200 1061 300 1159 400
43 0 5 1099 0 290 100 911 200 1068 300 1481 400
44 0 5 1435 0 1014 100 1009 200 652 300 232 400
45 0 5 979 0 1146 100 1276 200 551 300 274 400
46 0 5 667 0 707 100 1018 200 632 300 1473 400
47 0 5 410 0 744 100 1215 200 1294 300 1186 400
48 0 5 1319 0 1166 100 296 200 1086 300 515 400
49 0 5 1152 0 79 100 83 200 1095 300 178 400
50 0 5 316 0 1223 100 1150 200 1199 300 1065 400
51 0 5 236 0 326 100 695 200 1454 300 825 400
52 0 5 697 0 1320 100 1206 200 128 300 1439 400
53 0 5 1230 0 1227 100 139 200 915 300 427 400
54 0 5 1145 0 845 100 803 200 1017 300 263 400
55 0 5 179 0 408 100 330 200 327 300 148 400
56 0 5 458 0 654 100 858 200 671 300 489 400
57 0 5 925 0 16 100 1080 200 1235 300 755 400
58 0 5 385 0 250 100 1106 200 880 300 146 400
59 0 5 644 0 1138 100 1379 200 1026 300 784 400
60 0 5 814 0 1383 100 466 200 97 300 116 400
61 0 5 366 0 1301 100 1358 200 260 300 21 400
62 0 5 119 0 322 100 14 200 956 300 798 400
63 0 5 1165 0 142 100 495 200 1500 300 1491 400
64 0 5 443 0 547 100 256 200 709 300 1062 400
65 0 5 455 0 1372 100 1180 200 670 300 289 400
66 0 5 362 0 539 100 1350 200 1143 300 406 400
67 0 5 1351 0 1348 100 11 200 1451 300 595 400
68 0 5 246 0 1019 100 550 200 910 300 822 400
69 0 5 498 0 969 100 1285 200 1169 300 345 400
70 0 5 283 0 1375 100 952 200 1137 300 561 400
71 0 5 397 0 1126 100 1434 200 404 300 1034 400
72 0 5 116 0 491 100 158 200 1105 300 1123 400
73 0 5 1333 0 1220 100 138 200 790 300 365 400
74 0 5 1034 0 1404 100 261 200 1263 300 1434 400
75 0 5 241 0 1292 100 858 200 3 300 1024 400
76 0 5 1129 0 191 100 553 200 130 300 557 400
77 0 5 1071 0 1491 100 783 200 1500 300 788 400
78 0 5 954 0 531 100 104 200 1423 300 1186 400
79 0 5 49 0 178 100 456 200 573 300 83 400
80 0 5 1164 0 177 100 1142 200 452 300 816 400
81 0 5 1235 0 1004 100 16 200 57 300 591 400
82 0 5 501 0 453 100 554 200 1401 300 1072 400
83 0 5 704 0 779 100 901 200 79 300 49 400
84 0 5 355 0 566 100 1074 200 1156 300 1035 400
85 0 5 786 0 918 100 461 200 1418 300 1248 400
86 0 5 577 0 1242 100 1147 200 622 300 15 400
87 0 5 205 0 1418 100 649 200 544 300 247 400
88 0 5 1143 0 4 100 1173 200 362 300 662 400
89 0 5 414 0 1064 100 1115 200 896 300 672 400
90 0 5 1303 0 962 100 635 200 342 300 830 400
91 0 5 683 0 1121 100 635 200 127 300 1303 400
92 0 5 1498 0 805 100 1308 200 123 300 203 400
93 0 5 1468 0 1207 100 693 200 658 300 914 400
94 0 5 986 0 763 100 1168 200 492 300 1276 400
95 0 5 300 0 345 100 1128 200 69 300 328 400
96 0 5 1132 0 1369 100 246 200 448 300 357 400
97 0 5 444 0 117 100 1383 200 810 300 605 400
98 0 5 395 0 1335 100 740 200 1394 300 1238 400
99 0 5 749 0 228 100 610 200 1460 300 1272 400
100 0 5 1121 0 127 100 1251 200 507 300 1200 400
101 0 5 1445 0 793 100 802 200 634 300 593 400
102 0 5 849 0 1316 100 347 200 711 300 1120 400
103 0 5 708 0 471 100 1377 200 522 300 883 400
104 0 5 1215 0 1186 100 78 200 531 300 1294 400
105 0 5 448 0 1369 100 64 200 1295 300 96 400
106 0 5 545 0 1253 100 1464 200 173 300 907 400
107 0 5 384 0 739 100 1163 200 323 300 268 400
108 0 5 317 0 1061 100 1250 200 294 300 114 400
109 0 5 1130 0 311 100 42 200 782 300 1488 400
110 0 5 1163 0 889 100 832 200 363 300 739 400
111 0 5 1191 0 1241 100 1000 200 1011 300 211 400
112 0 5 1007 0 1413 100 1488 200 1130 300 55 400
113 0 5 338 0 536 100 136 200 803 300 532 400
114 0 5 586 0 294 100 317 200 1250 300 108 400
115 0 5 602 0 996 100 259 200 1112 300 1236 400
116 0 5 72 0 1411 100 1043 200 491 300 60 400
117 0 5 394 0 97 100 1069 200 810 300 1325 400
118 0 5 244 0 947 100 698 200 960 300 637 400
119 0 5 62 0 325 100 1465 200 321 300 374 400
120 0 5 436 0 1226 100 1019 200 1307 300 550 400
121 0 5 417 0 1314 100 511 200 264 300 1128 400
122 0 5 1226 0 351 100 859 200 927 300 674 400
123 0 5 808 0 805 100 134 200 1396 300 1221 400
124 0 5 1154 0 1399 100 530 200 650 300 846 400
125 0 5 306 0 529 100 165 200 272 300 508 400
126 0 5 1258 0 1405 100 756 200 195 300 486 400
127 0 5 485 0 100 100 1121 200 91 300 488 400
128 0 5 861 0 1175 100 1320 200 52 300 974 400
129 0 5 878 0 530 100 1399 200 1480 300 1056 400
130 0 5 310 0 1204 100 1088 200 191 300 553 400
131 0 5 1435 0 652 100 493 200 1438 300 1326 400
132 0 5 172 0 367 100 303 200 877 300 771 400
133 0 5 1378 0 589 100 876 200 966 300 580 400
134 0 5 839 0 808 100 123 200 1221 300 677 400
135 0 5 1516 0 1515 100 1077 200 1087 300 1400 400
136 0 5 338 0 532 100 297 200 113 300 1501 400
137 0 5 726 0 477 100 911 200 1211 300 463 400
138 0 5 1421 0 73 100 641 200 1070 300 524 400
139 0 5 1326 0 427 100 1227 200 53 300 1138 400
140 0 5 1089 0 1288 100 221 200 369 300 208 400
141 0 5 767 0 1068 100 290 200 911 300 43 400
142 0 5 63 0 1491 100 495 200 1500 300 1165 400
143 0 5 1459 0 830 100 756 200 195 300 995 400
144 0 5 865 0 346 100 243 200 1484 300 1360 400
145 0 5 1021 0 762 100 728 200 1375 300 1493 400
146 0 5 1408 0 880 100 560 200 1239 300 58 400
147 0 5 741 0 880 100 197 200 922 300 535 400
148 0 5 327 0 285 100 1496 200 352 300 55 400
149 0 5 932 0 647 100 560 200 535 300 1234 400
150 0 5 1001 0 266 100 276 200 1241 300 457 400
151 0 5 777 0 989 100 309 200 950 300 287 400
152 0 5 997 0 1170 100 1429 200 1167 300 885 400
153 0 5 1290 0 1021 100 728 200 1196 300 812 400
154 0 5 558 0 1193 100 358 200 1025 300 399 400
155 0 5 255 0 1307 100 1485 200 899 300 1226 400
156 0 5 867 0 161 100 699 200 1119 300 376 400
157 0 5 846 0 22 100 1476 200 387 300 650 400
158 0 5 985 0 491 100 72 200 1123 300 1411 400
159 0 5 413 0 1355 100 751 200 1463 300 1048 400
160 0 5 722 0 523 100 965 200 1206 300 860 400
161 0 5 1277 0 156 100 867 200 785 300 468 400
162 0 5 329 0 1088 100 1059 200 1297 300 1320 400
163 0 5 930 0 205 100 1344 200 1120 300 1412 400
164 0 5 1159 0 242 100 980 200 1194 300 1233 400
165 0 5 272 0 185 100 1038 200 306 300 125 400
166 0 5 655 0 35 100 1010 200 662 300 576 400
167 0 5 1116 0 1433 100 330 200 320 300 55 400
168 0 5 1161 0 959 100 1292 200 400 300 1083 400
169 0 5 1172 0 1217 100 1016 200 840 300 667 400
170 0 5 1036 0 594 100 715 200 269 300 1456 400
171 0 5 258 0 270 100 737 200 569 300 736 400
172 0 5 132 0 771 100 367 200 303 300 429 400
173 0 5 842 0 902 100 441 200 1464 300 177 400
174 0 5 232 0 208 100 1009 200 412 300 221 400
175 0 5 490 0 1340 100 1363 200 1096 300 944 400
176 0 5 1119 0 1076 100 1149 200 699 300 740 400
177 0 5 80 0 1164 100 842 200 984 300 510 400
178 0 5 779 0 79 100 456 200 1453 300 475 400
179 0 5 55 0 1440 100 465 200 1413 300 112 400
180 0 5 807 0 622 100 392 200 1409 300 15 400
181 0 5 1189 0 775 100 1272 200 818 300 346 400
182 0 5 10 0 472 100 1469 200 1122 300 519 400
183 0 5 980 0 1065 100 487 200 1199 300 653 400
184 0 5 1184 0 782 100 1361 200 1366 300 1325 400
185 0 5 165 0 919 100 1038 200 1390 300 874 400
186 0 5 534 0 917 100 477 200 41 300 1022 400
187 0 5 920 0 194 100 824 200 502 300 607 400
188 0 5 280 0 797 100 1038 200 884 300 1318 400
189 0 5 380 0 1047 100 941 200 492 300 893 400
190 0 5 409 0 281 100 1169 200 585 300 1185 400
191 0 5 553 0 557 100 76 200 130 300 1367 400
192 0 5 813 0 896 100 1115 200 1337 300 973 400
193 0 5 1023 0 578 100 953 200 1049 300 275 400
194 0 5 37 0 824 100 187 200 1229 300 502 400
195 0 5 756 0 1258 100 1441 200 143 300 126 400
196 0 5 1324 0 649 100 1248 200 544 300 1477 400
197 0 5 1391 0 883 100 147 200 673 300 922 400
198 0 5 787 0 322 100 956 200 1406 300 318 400
199 0 5 1222 0 1309 100 579 200 679 300 1199 400
200 0 5 254 0 331 100 874 200 592 300 691 400
201 0 5 595 0 631 100 1451 200 28 300 19 400
202 0 5 928 0 780 100 889 200 608 300 538 400
203 0 5 1397 0 385 100 1396 200 250 300 727 400
204 0 5 620 0 856 100 1426 200 1280 300 857 400
205 0 5 87 0 163 100 930 200 1344 300 1412 400
206 0 5 357 0 1132 100 910 200 1295 300 674 400
207 0 5 226 0 552 100 371 200 1066 300 924 400
208 0 5 905 0 174 100 232 200 221 300 140 400
209 0 5 565 0 1232 100 1032 200 1380 300 476 400
210 0 5 1343 0 1142 100 1284 200 1067 300 944 400
211 0 5 811 0 945 100 801 200 512 300 1241 400
212 0 5 666 0 796 100 1304 200 383 300 1207 400
213 0 5 490 0 228 100 933 200 610 300 1363 400
214 0 5 575 0 572 100 632 200 1328 300 1197 400
215 0 5 1447 0 695 100 1171 200 1454 300 1299 400
216 0 5 713 0 675 100 1204 200 732 300 543 400
217 0 5 1254 0 632 100 640 200 302 300 1487 400
218 0 5 760 0 555 100 864 200 1265 300 505 400
219 0 5 996 0 1278 100 744 200 38 300 482 400
220 0 5 1281 0 1466 100 948 200 714 300 1384 400
221 0 5 412 0 1288 100 140 200 208 300 174 400
222 0 5 1268 0 364 100 912 200 398 300 768 400
223 0 5 366 0 467 100 430 200 463 300 373 400
224 0 5 1201 0 353 100 580 200 433 300 1082 400
225 0 5 1090 0 1470 100 902 200 1395 300 789 400
226 0 5 1030 0 850 100 371 200 207 300 1332 400
227 0 5 975 0 1500 100 1300 200 1178 300 1151 400
228 0 5 610 0 99 100 213 200 749 300 379 400
229 0 5 461 0 757 100 847 200 1423 300 29 400
230 0 5 1212 0 249 100 636 200 611 300 759 400
231 0 5 483 0 1360 100 510 200 177 300 1393 400
232 0 5 174 0 208 100 1009 200 1033 300 603 400
233 0 5 598 0 746 100 517 200 1446 300 837 400
234 0 5 981 0 811 100 1114 200 1191 300 968 400
235 0 5 863 0 968 100 540 200 284 300 981 400
236 0 5 51 0 326 100 1299 200 825 300 881 400
237 0 5 963 0 1461 100 1472 200 900 300 1124 400
238 0 5 676 0 305 100 1197 200 1328 300 1485 400
239 0 5 571 0 951 100 460 200 946 300 765 400
240 0 5 1046 0 1024 100 829 200 3 300 1446 400
241 0 5 75 0 1024 100 3 200 858 300 1292 400
242 0 5 1233 0 164 100 1159 200 980 300 487 400
243 0 5 1360 0 907 100 144 200 993 300 624 400
244 0 5 118 0 271 100 765 200 698 300 778 400
245 0 5 1264 0 873 100 685 200 1028 300 29 400
246 0 5 68 0 822 100 910 200 550 300 96 400
247 0 5 1117 0 649 100 1120 200 87 300 1477 400
248 0 5 795 0 1331 100 853 200 278 300 1468 400
249 0 5 884 0 636 100 230 200 1387 300 188 400
250 0 5 1221 0 58 100 385 200 203 300 1396 400
251 0 5 1111 0 768 100 965 200 1206 300 459 400
252 0 5 1003 0 5 100 600 200 1393 300 333 400
253 0 5 776 0 496 100 1166 200 686 300 1319 400
254 0 5 200 0 874 100 1110 200 592 300 331 400
255 0 5 155 0 1307 100 1485 200 629 300 899 400
256 0 5 547 0 1148 100 1062 200 64 300 443 400
257 0 5 757 0 1179 100 229 200 621 300 360 400
258 0 5 171 0 1511 100 1510 200 1471 300 513 400
259 0 5 1112 0 1225 100 734 200 115 300 1109 400
260 0 5 615 0 430 100 1098 200 21 300 61 400
261 0 5 1392 0 74 100 1434 200 1034 300 709 400
262 0 5 659 0 497 100 504 200 591 300 413 400
263 0 5 974 0 669 100 723 200 1145 300 128 400
264 0 5 417 0 680 100 1478 200 121 300 1202 400
265 0 5 478 0 321 100 936 200 1353 300 1249 400
266 0 5 276 0 150 100 457 200 1005 300 1001 400
267 0 5 765 0 946 100 460 200 244 300 450 400
268 0 5 648 0 437 100 384 200 20 300 1055 400
269 0 5 594 0 1036 100 1337 200 499 300 715 400
270 0 5 405 0 171 100 569 200 737 300 1471 400
271 0 5 628 0 778 100 244 200 379 300 765 400
272 0 5 165 0 282 100 1038 200 1318 300 529 400
273 0 5 437 0 1256 100 690 200 1330 300 1055 400
274 0 5 1057 0 1146 100 1298 200 45 300 1416 400
275 0 5 1023 0 1157 100 953 200 828 300 1049 400
276 0 5 266 0 947 100 150 200 801 300 1001 400
277 0 5 641 0 583 100 1492 200 522 300 731 400
278 0 5 446 0 1002 100 1174 200 795 300 248 400
279 0 5 332 0 391 100 472 200 1349 300 182 400
280 0 5 797 0 1321 100 188 200 337 300 249 400
281 0 5 887 0 190 100 1285 200 1169 300 1046 400
282 0 5 529 0 14 100 272 200 787 300 165 400
283 0 5 70 0 952 100 1375 200 1137 300 561 400
284 0 5 863 0 1105 100 985 200 235 300 466 400
285 0 5 1496 0 148 100 22 200 1078 300 1243 400
286 0 5 1457 0 819 100 646 200 1196 300 862 400
287 0 5 528 0 899 100 354 200 1252 300 151 400
288 0 5 1357 0 916 100 1273 200 1140 300 592 400
289 0 5 625 0 378 100 455 200 65 300 479 400
290 0 5 1068 0 43 100 911 200 141 300 1382 400
291 0 5 1084 0 1247 100 708 200 522 300 883 400
292 0 5 1422 0 1211 100 1188 200 534 300 1481 400
293 0 5 583 0 611 100 1492 200 1212 300 1055 400
294 0 5 114 0 980 100 1194 200 42 300 317 400
295 0 5 375 0 845 100 1373 200 1176 300 681 400
296 0 5 1118 0 1008 100 1352 200 1319 300 48 400
297 0 5 13 0 848 100 1501 200 136 300 532 400
298 0 5 791 0 1305 100 656 200 1439 300 697 400
299 0 5 639 0 983 100 876 200 1116 300 32 400
300 0 5 95 0 328 100 870 200 21 300 841 400
301 0 5 422 0 393 100 501 200 738 300 1401 400
302 0 5 324 0 1487 100 1254 200 217 300 1437 400
303 0 5 877 0 132 100 537 200 1279 300 700 400
304 0 5 783 0 1062 100 1094 200 1148 300 1071 400
305 0 5 895 0 17 100 238 200 1485 300 1205 400
306 0 5 125 0 508 100 165 200 1371 300 529 400
307 0 5 1494 0 1077 100 527 200 1157 300 678 400
308 0 5 609 0 596 100 852 200 1395 300 1013 400
309 0 5 989 0 1224 100 777 200 1216 300 415 400
310 0 5 130 0 563 100 1297 200 1439 300 1088 400
311 0 5 782 0 109 100 1130 200 1413 300 42 400
312 0 5 488 0 1293 100 32 200 485 300 1312 400
313 0 5 1461 0 804 100 990 200 1124 300 838 400
314 0 5 1179 0 434 100 898 200 581 300 1416 400
315 0 5 1026 0 1278 100 1012 200 833 300 427 400
316 0 5 50 0 1150 100 1065 200 653 300 1199 400
317 0 5 108 0 1250 100 114 200 294 300 1061 400
318 0 5 1372 0 1406 100 773 200 484 300 970 400
319 0 5 934 0 864 100 500 200 1317 300 1168 400
320 0 5 1488 0 1474 100 1130 200 638 300 1194 400
321 0 5 265 0 119 100 1249 200 325 300 804 400
322 0 5 956 0 198 100 62 200 787 300 798 400
323 0 5 363 0 739 100 928 200 107 300 919 400
324 0 5 302 0 1254 100 1437 200 1487 300 217 400
325 0 5 1465 0 119 100 990 200 321 300 1321 400
326 0 5 1454 0 51 100 1299 200 236 300 1425 400
327 0 5 352 0 148 100 408 200 1182 300 55 400
328 0 5 870 0 21 100 300 200 481 300 260 400
329 0 5 1320 0 162 100 1297 200 861 300 52 400
330 0 5 408 0 1433 100 55 200 167 300 327 400
331 0 5 1448 0 200 100 597 200 1110 300 592 400
332 0 5 279 0 1469 100 1122 200 1107 300 1270 400
333 0 5 5 0 1284 100 1142 200 252 300 600 400
334 0 5 826 0 1223 100 1000 200 1222 300 1011 400
335 0 5 1389 0 638 100 1474 200 1127 300 612 400
336 0 5 2 0 1104 100 1112 200 1109 300 734 400
337 0 5 1124 0 1321 100 967 200 280 300 1134 400
338 0 5 1415 0 136 100 113 200 536 300 803 400
339 0 5 725 0 834 100 520 200 1108 300 601 400
340 0 5 1487 0 1016 100 903 200 1437 300 302 400
341 0 5 1489 0 564 100 835 200 655 300 40 400
342 0 5 1293 0 1283 100 1303 200 875 300 1427 400
343 0 5 559 0 399 100 1193 200 1050 300 353 400
344 0 5 1107 0 1479 100 1410 200 403 300 489 400
345 0 5 95 0 837 100 1128 200 890 300 498 400
346 0 5 144 0 1484 100 1189 200 818 300 1153 400
347 0 5 1269 0 1420 100 1316 200 1120 300 1306 400
348 0 5 1236 0 1280 100 996 200 857 300 115 400
349 0 5 1463 0 939 100 1103 200 1517 300 1400 400
350 0 5 634 0 957 100 645 200 1300 300 227 400
351 0 5 674 0 122 100 927 200 386 300 1226 400
352 0 5 1182 0 327 100 1287 200 387 300 148 400
353 0 5 433 0 224 100 343 200 1082 300 1405 400
354 0 5 550 0 1252 100 436 200 287 300 822 400
355 0 5 84 0 614 100 1074 200 475 300 18 400
356 0 5 1365 0 661 100 925 200 1311 300 36 400
357 0 5 206 0 1295 100 1132 200 96 300 448 400
358 0 5 717 0 1323 100 154 200 1193 300 580 400
359 0 5 429 0 1015 100 377 200 593 300 719 400
360 0 5 621 0 898 100 930 200 257 300 1179 400
361 0 5 906 0 1459 100 756 200 830 300 486 400
362 0 5 1143 0 66 100 4 200 539 300 88 400
363 0 5 608 0 323 100 739 200 110 300 928 400
364 0 5 428 0 222 100 1268 200 1017 300 974 400
365 0 5 820 0 1220 100 26 200 73 300 1414 400
366 0 5 61 0 223 100 260 200 430 300 21 400
367 0 5 790 0 132 100 716 200 877 300 429 400
368 0 5 416 0 1125 100 732 200 675 300 1195 400
369 0 5 905 0 1271 100 1086 200 570 300 140 400
370 0 5 1508 0 1509 100 473 200 518 300 1022 400
371 0 5 1332 0 226 100 924 200 1030 300 207 400
372 0 5 505 0 613 100 1265 200 555 300 1196 400
373 0 5 1176 0 1060 100 467 200 1356 300 41 400
374 0 5 1407 0 798 100 119 200 936 300 321 400
375 0 5 1255 0 295 100 1060 200 536 300 1176 400
376 0 5 468 0 605 100 1043 200 1277 300 867 400
377 0 5 719 0 593 100 359 200 1327 300 913 400
378 0 5 289 0 670 100 479 200 625 300 800 400
379 0 5 749 0 628 100 228 200 271 300 778 400
380 0 5 189 0 492 100 893 200 1168 300 941 400
381 0 5 941 0 792 100 1219 200 470 300 979 400
382 0 5 1251 0 507 100 668 200 1200 300 100 400
383 0 5 693 0 796 100 1334 200 1207 300 1304 400
384 0 5 107 0 268 100 20 200 648 300 437 400
385 0 5 58 0 203 100 250 200 1106 300 1428 400
386 0 5 494 0 674 100 927 200 1141 300 1091 400
387 0 5 1476 0 650 100 1182 200 352 300 846 400
388 0 5 815 0 31 100 998 200 604 300 1260 400
389 0 5 703 0 526 100 1361 200 949 300 1325 400
390 0 5 401 0 964 100 805 200 839 300 519 400
391 0 5 1349 0 279 100 472 200 489 300 401 400
392 0 5 1240 0 1339 100 180 200 1458 300 882 400
393 0 5 301 0 992 100 738 200 501 300 422 400
394 0 5 117 0 689 100 785 200 468 300 1183 400
395 0 5 98 0 1238 100 1394 200 1075 300 1209 400
396 0 5 581 0 1475 100 434 200 1179 300 734 400
397 0 5 71 0 1434 100 404 200 1034 300 261 400
398 0 5 459 0 912 100 768 200 222 300 1268 400
399 0 5 1193 0 343 100 558 200 1050 300 559 400
400 0 5 409 0 574 100 1185 200 3 300 1161 400
401 0 5 390 0 10 100 805 200 839 300 964 400
402 0 5 844 0 1336 100 560 200 1108 300 823 400
403 0 5 748 0 1108 100 469 200 1270 300 844 400
404 0 5 1170 0 1074 100 397 200 71 300 1429 400
405 0 5 270 0 737 100 901 200 1158 300 83 400
406 0 5 1350 0 940 100 1102 200 66 300 1085 400
407 0 5 829 0 809 100 517 200 1446 300 233 400
408 0 5 330 0 327 100 55 200 148 300 352 400
409 0 5 190 0 400 100 1185 200 1161 300 281 400
410 0 5 47 0 666 100 1186 200 1215 300 744 400
411 0 5 1020 0 1518 100 1517 200 868 300 766 400
412 0 5 221 0 1288 100 1009 200 174 300 232 400
413 0 5 159 0 1048 100 497 200 262 300 908 400
414 0 5 89 0 1064 100 672 200 1115 300 896 400
415 0 5 1322 0 640 100 309 200 604 300 1216 400
416 0 5 368 0 1514 100 1515 200 1195 300 1125 400
417 0 5 121 0 264 100 1202 200 894 300 1314 400
418 0 5 578 0 978 100 953 200 193 300 30 400
419 0 5 502 0 984 100 921 200 1359 300 1246 400
420 0 5 1025 0 843 100 1045 200 1384 300 682 400
421 0 5 1314 0 1444 100 1267 200 618 300 894 400
422 0 5 301 0 616 100 1409 200 1449 300 622 400
423 0 5 33 0 857 100 159 200 620 300 1442 400
424 0 5 909 0 1482 100 841 200 1444 300 618 400
425 0 5 1149 0 931 100 855 200 1075 300 1076 400
426 0 5 1010 0 539 100 1102 200 576 300 40 400
427 0 5 644 0 1012 100 1026 200 139 300 53 400
428 0 5 1017 0 364 100 1268 200 447 300 974 400
429 0 5 593 0 359 100 367 200 790 300 1015 400
430 0 5 260 0 463 100 21 200 223 300 366 400
431 0 5 493 0 1379 100 1438 200 1326 300 784 400
432 0 5 1323 0 530 100 717 200 1154 300 358 400
433 0 5 353 0 1082 100 1405 200 1050 300 486 400
434 0 5 581 0 314 100 1179 200 396 300 1475 400
435 0 5 1136 0 937 100 651 200 1362 300 1484 400
436 0 5 120 0 1019 100 354 200 550 300 287 400
437 0 5 273 0 268 100 20 200 690 300 384 400
438 0 5 1486 0 1371 100 1110 200 508 300 1180 400
439 0 5 1069 0 1366 100 451 200 733 300 1325 400
440 0 5 1506 0 1507 100 1456 200 715 300 1376 400
441 0 5 988 0 902 100 173 200 642 300 842 400
442 0 5 1139 0 1009 100 652 200 1227 300 496 400
443 0 5 709 0 64 100 1062 200 256 300 547 400
444 0 5 480 0 814 100 97 200 1383 300 810 400
445 0 5 522 0 1192 100 1364 200 700 300 1084 400
446 0 5 278 0 994 100 961 200 1174 300 1002 400
447 0 5 754 0 743 100 1268 200 514 300 1443 400
448 0 5 105 0 1369 100 1295 200 96 300 357 400
449 0 5 923 0 684 100 706 200 1037 300 1296 400
450 0 5 1213 0 628 100 765 200 271 300 379 400
451 0 5 1061 0 733 100 439 200 1184 300 720 400
452 0 5 816 0 1359 100 80 200 1067 300 177 400
453 0 5 1072 0 82 100 554 200 760 300 1401 400
454 0 5 626 0 1441 100 998 200 1260 300 31 400
455 0 5 65 0 1063 100 1385 200 289 300 1275 400
456 0 5 475 0 178 100 79 200 573 300 779 400
457 0 5 1005 0 1011 100 266 200 826 300 150 400
458 0 5 56 0 489 100 671 200 654 300 858 400
459 0 5 398 0 6 100 912 200 768 300 251 400
460 0 5 1362 0 946 100 765 200 267 300 1272 400
461 0 5 918 0 229 100 29 200 85 300 786 400
462 0 5 1368 0 924 100 714 200 552 300 371 400
463 0 5 726 0 430 100 477 200 568 300 223 400
464 0 5 828 0 908 100 1286 200 1467 300 504 400
465 0 5 1440 0 179 100 1413 200 1243 300 1361 400
466 0 5 1105 0 60 100 720 200 480 300 284 400
467 0 5 223 0 41 100 373 200 477 300 917 400
468 0 5 1277 0 376 100 605 200 161 300 394 400
469 0 5 34 0 823 100 403 200 1239 300 844 400
470 0 5 551 0 1104 100 381 200 868 300 941 400
471 0 5 103 0 1377 100 883 200 708 300 1391 400
472 0 5 1349 0 182 100 10 200 1469 300 1122 400
473 0 5 370 0 113 100 518 200 1022 300 532 400
474 0 5 679 0 1499 100 1309 200 1450 300 668 400
475 0 5 456 0 614 100 1167 200 7 300 1097 400
476 0 5 750 0 1232 100 1477 200 196 300 918 400
477 0 5 917 0 137 100 911 200 463 300 1211 400
478 0 5 265 0 1249 100 321 200 936 300 1353 400
479 0 5 1436 0 378 100 625 200 289 300 1228 400
480 0 5 444 0 814 100 810 200 1417 300 720 400
481 0 5 1098 0 870 100 328 200 1482 300 300 400
482 0 5 38 0 1044 100 1278 200 219 300 735 400
483 0 5 231 0 842 100 1360 200 1464 300 177 400
484 0 5 1263 0 1406 100 773 200 318 300 892 400
485 0 5 127 0 488 100 1200 200 312 300 1312 400
486 0 5 1082 0 906 100 1405 200 361 300 126 400
487 0 5 1450 0 1233 100 183 200 1199 300 1499 400
488 0 5 312 0 485 100 32 200 1312 300 127 400
489 0 5 871 0 458 100 1479 200 663 300 344 400
490 0 5 175 0 213 100 1096 200 610 300 1340 400
491 0 5 158 0 1123 100 72 200 1411 300 116 400
492 0 5 763 0 380 100 189 200 893 300 94 400
493 0 5 431 0 1438 100 131 200 652 300 1326 400
494 0 5 1091 0 386 100 1141 200 927 300 1085 400
495 0 5 1165 0 142 100 63 200 1102 300 710 400
496 0 5 761 0 253 100 686 200 1139 300 1227 400
497 0 5 262 0 504 100 908 200 413 300 659 400
498 0 5 69 0 890 100 345 200 969 300 1046 400
499 0 5 1064 0 672 100 1036 200 269 300 1115 400
500 0 5 1190 0 864 100 1317 200 1449 300 347 400
501 0 5 82 0 301 100 1401 200 738 300 393 400
502 0 5 419 0 1359 100 187 200 920 300 1388 400
503 0 5 36 0 817 100 1229 200 661 300 925 400
504 0 5 908 0 497 100 262 200 16 300 659 400
505 0 5 372 0 613 100 760 200 218 300 555 400
506 0 5 872 0 1402 100 859 200 895 300 1226 400
507 0 5 382 0 1200 100 100 200 612 300 485 400
508 0 5 774 0 306 100 438 200 874 300 1371 400
509 0 5 799 0 831 100 1430 200 1095 300 1259 400
510 0 5 1393 0 1370 100 231 200 177 300 1360 400
511 0 5 1128 0 1314 100 841 200 121 300 1444 400
512 0 5 945 0 801 100 211 200 1497 300 960 400
513 0 5 9 0 926 100 258 200 1471 300 171 400
514 0 5 1443 0 754 100 1081 200 447 300 1268 400
515 0 5 1079 0 1040 100 1086 200 607 300 48 400
516 0 5 1101 0 809 100 517 200 582 300 1419 400
517 0 5 809 0 407 100 516 200 233 300 1446 400
518 0 5 1505 0 1504 100 821 200 370 300 532 400
519 0 5 1310 0 964 100 1469 200 403 300 401 400
520 0 5 1336 0 1234 100 1108 200 25 300 339 400
521 0 5 1343 0 661 100 1039 200 210 300 356 400
522 0 5 445 0 641 100 277 200 1377 300 708 400
523 0 5 747 0 160 100 965 200 722 300 1206 400
524 0 5 1070 0 1333 100 1414 200 24 300 1220 400
525 0 5 1224 0 1490 100 640 200 777 300 575 400
526 0 5 1261 0 389 100 1361 200 1243 300 949 400
527 0 5 1077 0 1494 100 678 200 855 300 307 400
528 0 5 287 0 1252 100 1289 200 354 300 633 400
529 0 5 282 0 125 100 306 200 272 300 1371 400
530 0 5 124 0 129 100 432 200 717 300 878 400
531 0 5 78 0 1294 100 1225 200 104 300 954 400
532 0 5 821 0 136 100 1501 200 297 300 113 400
533 0 5 1346 0 1081 100 687 200 754 300 743 400
534 0 5 186 0 1022 100 1422 200 917 300 292 400
535 0 5 673 0 1256 100 149 200 147 300 880 400
536 0 5 113 0 1255 100 1060 200 1356 300 375 400
537 0 5 1192 0 877 100 303 200 716 300 367 400
538 0 5 780 0 1382 100 202 200 928 300 712 400
539 0 5 426 0 66 100 1102 200 362 300 1350 400
540 0 5 1131 0 705 100 235 200 968 300 769 400
541 0 5 1099 0 1188 100 1481 200 1068 300 43 400
542 0 5 1246 0 1388 100 1093 200 502 300 902 400
543 0 5 848 0 821 100 216 200 368 300 1125 400
544 0 5 1324 0 1248 100 196 200 87 300 649 400
545 0 5 106 0 1464 100 1253 200 1218 300 907 400
546 0 5 1386 0 1245 100 987 200 942 300 1140 400
547 0 5 256 0 1091 100 64 200 702 300 443 400
548 0 5 630 0 1231 100 661 200 1343 300 549 400
549 0 5 1231 0 1210 100 1160 200 548 300 1054 400
550 0 5 354 0 1019 100 68 200 822 300 436 400
551 0 5 1146 0 470 100 45 200 979 300 792 400
552 0 5 1368 0 1281 100 1066 200 207 300 220 400
553 0 5 191 0 1204 100 76 200 557 300 130 400
554 0 5 1374 0 453 100 752 200 1401 300 82 400
555 0 5 1265 0 218 100 986 200 372 300 505 400
556 0 5 1262 0 623 100 1346 200 1443 300 687 400
557 0 5 191 0 1367 100 553 200 893 300 1204 400
558 0 5 154 0 1193 100 1045 200 399 300 1025 400
559 0 5 1050 0 343 100 399 200 1405 300 1193 400
560 0 5 402 0 1336 100 146 200 149 300 647 400
561 0 5 1401 0 721 100 738 200 992 300 752 400
562 0 5 1279 0 771 100 303 200 836 300 700 400
563 0 5 1439 0 310 100 1297 200 130 300 1088 400
564 0 5 341 0 12 100 977 200 645 300 1489 400
565 0 5 209 0 1380 100 1032 200 1232 300 1117 400
566 0 5 84 0 1035 100 627 200 1156 300 1074 400
567 0 5 621 0 786 100 1418 200 461 300 257 400
568 0 5 615 0 726 100 463 200 1098 300 137 400
569 0 5 736 0 270 100 1158 200 171 300 1345 400
570 0 5 1388 0 920 100 1086 200 1271 300 369 400
571 0 5 239 0 946 100 951 200 765 300 460 400
572 0 5 1473 0 214 100 707 200 1328 300 632 400
573 0 5 897 0 1152 100 456 200 79 300 1302 400
574 0 5 3 0 400 100 1161 200 1292 300 1024 400
575 0 5 1490 0 214 100 640 200 525 300 1197 400
576 0 5 40 0 1010 100 35 200 426 300 166 400
577 0 5 86 0 15 100 1147 200 622 300 1242 400
578 0 5 418 0 953 100 193 200 1023 300 978 400
579 0 5 1005 0 1222 100 826 200 199 300 334 400
580 0 5 1201 0 224 100 358 200 133 300 966 400
581 0 5 434 0 396 100 1475 200 314 300 1179 400
582 0 5 663 0 1419 100 671 200 809 300 516 400
583 0 5 293 0 1492 100 277 200 991 300 641 400
584 0 5 700 0 1308 100 1029 200 836 300 727 400
585 0 5 1296 0 695 100 1185 200 190 300 1037 400
586 0 5 1250 0 114 100 769 200 317 300 980 400
587 0 5 1156 0 1030 100 1332 200 924 300 566 400
588 0 5 1502 0 1503 100 939 200 1463 300 349 400
589 0 5 1135 0 133 100 876 200 1283 300 299 400
590 0 5 827 0 1313 100 730 200 831 300 1209 400
591 0 5 664 0 262 100 1455 200 1004 300 1352 400
592 0 5 597 0 874 100 916 200 254 300 942 400
593 0 5 429 0 377 100 719 200 359 300 101 400
594 0 5 1113 0 269 100 1376 200 170 300 1337 400
595 0 5 201 0 1451 100 67 200 1351 300 28 400
596 0 5 1013 0 308 100 609 200 1033 300 1051 400
597 0 5 942 0 1245 100 592 200 331 300 546 400
598 0 5 1041 0 233 100 837 200 345 300 746 400
599 0 5 987 0 1113 100 1386 200 942 300 597 400
600 0 5 775 0 1096 100 252 200 1003 300 818 400
601 0 5 1410 0 834 100 663 200 1419 300 339 400
602 0 5 115 0 1020 100 1109 200 411 300 259 400
603 0 5 1051 0 852 100 232 200 174 300 1033 400
604 0 5 815 0 1322 100 640 200 31 300 388 400
605 0 5 1383 0 376 100 468 200 97 300 161 400
606 0 5 1419 0 1101 100 725 200 516 300 25 400
607 0 5 664 0 1455 100 1040 200 187 300 515 400
608 0 5 363 0 928 100 202 200 780 300 889 400
609 0 5 1395 0 308 100 596 200 789 300 1033 400
610 0 5 228 0 1460 100 99 200 213 300 490 400
611 0 5 1212 0 293 100 1055 200 230 300 1492 400
612 0 5 1200 0 1389 100 1312 200 1127 300 485 400
613 0 5 505 0 1374 100 372 200 812 300 760 400
614 0 5 355 0 475 100 1167 200 1429 300 1074 400
615 0 5 568 0 260 100 1098 200 430 300 463 400
616 0 5 1306 0 422 100 622 200 1409 300 1449 400
617 0 5 1426 0 943 100 1008 200 1424 300 701 400
618 0 5 1444 0 832 100 909 200 421 300 424 400
619 0 5 647 0 932 100 1234 200 520 300 560 400
620 0 5 204 0 1280 100 857 200 856 300 348 400
621 0 5 360 0 567 100 930 200 257 300 1418 400
622 0 5 1409 0 180 100 616 200 577 300 86 400
623 0 5 556 0 1373 100 1274 200 687 300 706 400
624 0 5 1484 0 993 100 243 200 937 300 651 400
625 0 5 289 0 479 100 378 200 1275 300 813 400
626 0 5 454 0 903 100 1260 200 998 300 1441 400
627 0 5 1035 0 566 100 709 200 261 300 587 400
628 0 5 450 0 271 100 379 200 749 300 778 400
629 0 5 1485 0 1307 100 895 200 1226 300 506 400
630 0 5 548 0 1311 100 1231 200 1053 300 661 400
631 0 5 201 0 19 100 22 200 595 300 285 400
632 0 5 217 0 707 100 1254 200 214 300 640 400
633 0 5 1237 0 1289 100 1252 200 354 300 904 400
634 0 5 350 0 645 100 101 200 957 300 1300 400
635 0 5 1329 0 1303 100 995 200 91 300 90 400
636 0 5 967 0 249 100 230 200 884 300 759 400
637 0 5 698 0 960 100 1497 200 933 300 778 400
638 0 5 1474 0 335 100 320 200 1389 300 1127 400
639 0 5 876 0 299 100 1433 200 1116 300 1378 400
640 0 5 415 0 1322 100 217 200 525 300 632 400
641 0 5 277 0 522 100 138 200 1070 300 991 400
642 0 5 1246 0 902 100 988 200 921 300 441 400
643 0 5 1027 0 1358 100 758 200 887 300 706 400
644 0 5 59 0 427 100 1026 200 1138 300 1012 400
645 0 5 1489 0 957 100 634 200 12 300 564 400
646 0 5 1196 0 1457 100 286 200 1439 300 372 400
647 0 5 619 0 932 100 149 200 560 300 1336 400
648 0 5 1055 0 268 100 384 200 742 300 107 400
649 0 5 1477 0 247 100 196 200 87 300 1324 400
650 0 5 1154 0 1476 100 387 200 124 300 846 400
651 0 5 993 0 937 100 1218 200 1136 300 624 400
652 0 5 442 0 131 100 1227 200 1435 300 139 400
653 0 5 1065 0 1199 100 316 200 183 300 50 400
654 0 5 56 0 671 100 858 200 458 300 663 400
655 0 5 166 0 835 100 35 200 40 300 341 400
656 0 5 1432 0 791 100 1305 200 965 300 697 400
657 0 5 1502 0 1 100 868 200 1104 300 411 400
658 0 5 914 0 1304 100 1207 200 93 300 59 400
659 0 5 1004 0 262 100 16 200 504 300 497 400
660 0 5 886 0 1458 100 1137 200 807 300 180 400
661 0 5 521 0 356 100 548 200 1311 300 630 400
662 0 5 1133 0 4 100 8 200 88 300 1173 400
663 0 5 582 0 671 100 1419 200 601 300 1410 400
664 0 5 591 0 607 100 1455 200 1431 300 1352 400
665 0 5 1018 0 1328 100 1473 200 879 300 707 400
666 0 5 212 0 410 100 796 200 744 300 1334 400
667 0 5 46 0 840 100 1437 200 1172 300 324 400
668 0 5 1251 0 1309 100 382 200 507 300 474 400
669 0 5 1175 0 263 100 723 200 1145 300 1187 400
670 0 5 800 0 378 100 1372 200 65 300 289 400
671 0 5 654 0 663 100 858 200 582 300 458 400
672 0 5 1064 0 1520 100 499 200 414 300 89 400
673 0 5 535 0 1391 100 197 200 1256 300 147 400
674 0 5 351 0 910 100 386 200 927 300 122 400
675 0 5 1125 0 216 100 732 200 368 300 1204 400
676 0 5 955 0 238 100 1328 200 1197 300 665 400
677 0 5 805 0 839 100 123 200 401 300 964 400
678 0 5 1494 0 855 100 931 200 527 300 425 400
679 0 5 474 0 1199 100 1499 200 1309 300 183 400
680 0 5 264 0 1478 100 837 200 1128 300 25 400
681 0 5 845 0 938 100 295 200 1031 300 1373 400
682 0 5 982 0 1006 100 420 200 1045 300 950 400
683 0 5 91 0 1121 100 995 200 100 300 127 400
684 0 5 1037 0 706 100 449 200 623 300 1296 400
685 0 5 847 0 29 100 1264 200 245 300 229 400
686 0 5 1166 0 761 100 496 200 253 300 1089 400
687 0 5 1346 0 743 100 533 200 1373 300 1031 400
688 0 5 1266 0 885 100 7 200 1203 300 718 400
689 0 5 394 0 1183 100 785 200 740 300 161 400
690 0 5 1267 0 894 100 20 200 437 300 1330 400
691 0 5 1448 0 1337 100 200 200 1386 300 331 400
692 0 5 935 0 1381 100 701 200 735 300 776 400
693 0 5 383 0 1207 100 93 200 1334 300 994 400
694 0 5 1122 0 1270 100 1469 200 403 300 748 400
695 0 5 215 0 585 100 51 200 1447 300 1185 400
696 0 5 1495 0 21 100 758 200 1301 300 61 400
697 0 5 52 0 1206 100 860 200 1439 300 656 400
698 0 5 637 0 778 100 244 200 118 300 960 400
699 0 5 1119 0 1076 100 156 200 851 300 867 400
700 0 5 836 0 584 100 445 200 1364 300 1029 400
701 0 5 1424 0 776 100 1381 200 692 300 1008 400
702 0 5 1398 0 1148 100 1085 200 256 300 547 400
703 0 5 389 0 949 100 1325 200 1335 300 1361 400
704 0 5 799 0 83 100 901 200 1095 300 1430 400
705 0 5 968 0 1191 100 540 200 1000 300 1223 400
706 0 5 684 0 449 100 1027 200 643 300 887 400
707 0 5 46 0 632 100 1473 200 572 300 214 400
708 0 5 103 0 291 100 883 200 1247 300 471 400
709 0 5 443 0 1392 100 627 200 261 300 64 400
710 0 5 753 0 1165 100 977 200 1500 300 495 400
711 0 5 849 0 1100 100 1338 200 1144 300 102 400
712 0 5 1140 0 1382 100 546 200 538 300 288 400
713 0 5 1059 0 216 100 1187 200 848 300 162 400
714 0 5 1368 0 220 100 1281 200 552 300 462 400
715 0 5 1376 0 1456 100 1514 200 1513 300 440 400
716 0 5 1421 0 790 100 367 200 1192 300 877 400
717 0 5 358 0 1323 100 432 200 530 300 878 400
718 0 5 997 0 885 100 800 200 688 300 1372 400
719 0 5 377 0 793 100 1327 200 593 300 913 400
720 0 5 1315 0 1417 100 1052 200 733 300 451 400
721 0 5 952 0 561 100 992 200 1137 300 886 400
722 0 5 1432 0 160 100 965 200 523 300 697 400
723 0 5 1187 0 669 100 1175 200 263 300 13 400
724 0 5 1453 0 1158 100 1345 200 1266 300 1228 400
725 0 5 339 0 834 100 1419 200 25 300 520 400
726 0 5 137 0 568 100 463 200 477 300 430 400
727 0 5 1364 0 1397 100 1029 200 203 300 1198 400
728 0 5 1493 0 153 100 1290 200 145 300 812 400
729 0 5 843 0 1466 100 1066 200 1282 300 1056 400
730 0 5 1430 0 1259 100 590 200 827 300 1313 400
731 0 5 742 0 1377 100 1492 200 522 300 1055 400
732 0 5 675 0 1204 100 1367 200 368 300 216 400
733 0 5 1417 0 451 100 439 200 810 300 720 400
734 0 5 2 0 1225 100 259 200 396 300 1112 400
735 0 5 1044 0 1381 100 856 200 1424 300 692 400
736 0 5 569 0 1158 100 1345 200 171 300 270 400
737 0 5 405 0 901 100 270 200 171 300 799 400
738 0 5 992 0 393 100 561 200 1401 300 501 400
739 0 5 107 0 1163 100 363 200 323 300 972 400
740 0 5 1394 0 1183 100 1119 200 98 300 785 400
741 0 5 1106 0 147 100 880 200 922 300 1428 400
742 0 5 731 0 1492 100 1055 200 273 300 648 400
743 0 5 1031 0 447 100 687 200 754 300 533 400
744 0 5 47 0 219 100 1294 200 410 300 666 400
745 0 5 1214 0 1181 100 1092 200 8 300 122 400
746 0 5 1446 0 233 100 890 200 345 300 517 400
747 0 5 523 0 1111 100 160 200 656 300 1432 400
748 0 5 1270 0 403 100 1107 200 694 300 332 400
749 0 5 379 0 99 100 228 200 628 300 778 400
750 0 5 476 0 764 100 918 200 196 300 806 400
751 0 5 159 0 1103 100 1355 200 349 300 1463 400
752 0 5 929 0 554 100 1401 200 762 300 561 400
753 0 5 710 0 975 100 977 200 1178 300 1500 400
754 0 5 1081 0 514 100 447 200 533 300 743 400
755 0 5 1403 0 1080 100 57 200 794 300 1286 400
756 0 5 195 0 1258 100 143 200 126 300 361 400
757 0 5 257 0 229 100 954 200 1423 300 847 400
758 0 5 1301 0 887 100 1358 200 643 300 696 400
759 0 5 1042 0 967 100 24 200 1212 300 1134 400
760 0 5 1072 0 218 100 613 200 505 300 554 400
761 0 5 1089 0 686 100 496 200 1139 300 1288 400
762 0 5 145 0 1493 100 752 200 728 300 929 400
763 0 5 492 0 94 100 986 200 1168 300 1276 400
764 0 5 853 0 750 100 806 200 918 300 461 400
765 0 5 267 0 460 100 244 200 571 300 450 400
766 0 5 23 0 1236 100 891 200 1442 300 411 400
767 0 5 141 0 958 100 909 200 1068 300 290 400
768 0 5 912 0 251 100 398 200 222 300 459 400
769 0 5 976 0 1150 100 1131 200 1250 300 586 400
770 0 5 1144 0 1032 100 1147 200 1242 300 86 400
771 0 5 172 0 562 100 303 200 1279 300 132 400
772 0 5 825 0 1262 100 923 200 623 300 449 400
773 0 5 970 0 1126 100 318 200 484 300 1263 400
774 0 5 1110 0 508 100 874 200 438 300 254 400
775 0 5 181 0 600 100 1460 200 1189 300 818 400
776 0 5 253 0 701 100 1008 200 496 300 935 400
777 0 5 151 0 1224 100 1490 200 309 300 525 400
778 0 5 698 0 271 100 244 200 379 300 933 400
779 0 5 178 0 83 100 1453 200 901 300 1158 400
780 0 5 538 0 202 100 889 200 1068 300 608 400
781 0 5 1483 0 1092 100 1354 200 8 300 1214 400
782 0 5 311 0 184 100 1184 200 1413 300 1361 400
783 0 5 304 0 77 100 1071 200 1491 300 1500 400
784 0 5 1138 0 1326 100 1379 200 59 300 431 400
785 0 5 689 0 1119 100 1183 200 161 300 394 400
786 0 5 85 0 567 100 1418 200 461 300 918 400
787 0 5 198 0 1180 100 318 200 282 300 322 400
788 0 5 1353 0 1071 100 1151 200 1500 300 892 400
789 0 5 1033 0 1395 100 1470 200 609 300 225 400
790 0 5 367 0 716 100 1015 200 73 300 429 400
791 0 5 298 0 656 100 1439 200 1305 300 563 400
792 0 5 979 0 381 100 941 200 551 300 45 400
793 0 5 719 0 1445 100 101 200 1327 300 802 400
794 0 5 1452 0 1043 100 1411 200 755 300 1123 400
795 0 5 248 0 1002 100 278 200 1331 300 1468 400
796 0 5 212 0 383 100 1334 200 666 300 1304 400
797 0 5 280 0 188 100 1318 200 1038 300 1321 400
798 0 5 956 0 374 100 1406 200 1407 300 62 400
799 0 5 704 0 509 100 901 200 1471 300 737 400
800 0 5 670 0 718 100 1372 200 378 300 970 400
801 0 5 512 0 960 100 211 200 1241 300 1001 400
802 0 5 1445 0 1300 100 1327 200 101 300 793 400
803 0 5 1145 0 1415 100 845 200 13 300 54 400
804 0 5 838 0 313 100 1249 200 990 300 321 400
805 0 5 677 0 92 100 123 200 401 300 964 400
806 0 5 853 0 29 100 918 200 764 300 461 400
807 0 5 1208 0 180 100 1409 200 660 300 622 400
808 0 5 123 0 134 100 1221 200 1396 300 1498 400
809 0 5 517 0 516 100 407 200 582 300 858 400
810 0 5 1417 0 480 100 97 200 733 300 117 400
811 0 5 211 0 234 100 1114 200 1058 300 945 400
812 0 5 1290 0 1374 100 613 200 1196 300 728 400
813 0 5 192 0 973 100 1385 200 625 300 455 400
814 0 5 60 0 480 100 444 200 97 300 1383 400
815 0 5 388 0 604 100 998 200 1260 300 1487 400
816 0 5 452 0 1067 100 1142 200 80 300 971 400
817 0 5 1039 0 503 100 452 200 1229 300 971 400
818 0 5 1003 0 1153 100 1189 200 600 300 346 400
819 0 5 862 0 286 100 1457 200 191 300 1129 400
820 0 5 1015 0 365 100 26 200 359 300 790 400
821 0 5 532 0 518 100 1501 200 848 300 543 400
822 0 5 904 0 246 100 550 200 1237 300 1347 400
823 0 5 1239 0 844 100 469 200 1408 300 560 400
824 0 5 1455 0 194 100 187 200 37 300 1229 400
825 0 5 772 0 1262 100 923 200 236 300 1443 400
826 0 5 334 0 579 100 1005 200 1011 300 457 400
827 0 5 590 0 1209 100 831 200 730 300 1335 400
828 0 5 464 0 1087 100 1467 200 953 300 1400 400
829 0 5 407 0 1446 100 240 200 1024 300 890 400
830 0 5 143 0 1459 100 906 200 361 300 995 400
831 0 5 1238 0 1209 100 509 200 1430 300 827 400
832 0 5 1244 0 1267 100 618 200 1163 300 690 400
833 0 5 1012 0 1278 100 1044 200 315 300 735 400
834 0 5 339 0 601 100 725 200 1410 300 663 400
835 0 5 1133 0 655 100 1354 200 662 300 8 400
836 0 5 700 0 1279 100 584 200 303 300 445 400
837 0 5 1041 0 345 100 680 200 1128 300 598 400
838 0 5 804 0 1300 100 1249 200 313 300 227 400
839 0 5 677 0 134 100 964 200 401 300 390 400
840 0 5 1437 0 1172 100 667 200 1217 300 169 400
841 0 5 1482 0 511 100 424 200 1444 300 300 400
842 0 5 173 0 483 100 177 200 441 300 1464 400
843 0 5 1025 0 729 100 420 200 1384 300 1466 400
844 0 5 402 0 823 100 1108 200 403 300 469 400
845 0 5 681 0 54 100 295 200 803 300 743 400
846 0 5 157 0 1476 100 22 200 1399 300 650 400
847 0 5 685 0 1423 100 229 200 757 300 29 400
848 0 5 1187 0 543 100 297 200 1501 300 821 400
849 0 5 711 0 102 100 1338 200 1316 300 1100 400
850 0 5 28 0 226 100 11 200 1030 300 1451 400
851 0 5 30 0 869 100 699 200 867 300 156 400
852 0 5 1014 0 603 100 308 200 232 300 1051 400
853 0 5 764 0 806 100 1174 200 248 300 918 400
854 0 5 1218 0 907 100 993 200 545 300 243 400
855 0 5 678 0 931 100 425 200 1076 300 527 400
856 0 5 204 0 1424 100 735 200 620 300 1280 400
857 0 5 1442 0 620 100 33 200 1280 300 204 400
858 0 5 1292 0 671 100 75 200 809 300 241 400
859 0 5 872 0 1214 100 1226 200 506 300 122 400
860 0 5 965 0 1206 100 697 200 52 300 160 400
861 0 5 128 0 1175 100 1320 200 329 300 723 400
862 0 5 819 0 1129 100 191 200 76 300 286 400
863 0 5 284 0 235 100 985 200 981 300 968 400
864 0 5 319 0 500 100 218 200 1190 300 555 400
865 0 5 144 0 1153 100 243 200 1360 300 346 400
866 0 5 1438 0 914 100 1379 200 59 300 431 400
867 0 5 1277 0 156 100 161 200 851 300 699 400
868 0 5 1104 0 1505 100 1506 200 657 300 411 400
869 0 5 851 0 1286 100 1080 200 193 300 978 400
870 0 5 328 0 481 100 1482 200 300 300 1098 400
871 0 5 1479 0 489 100 332 200 1107 300 344 400
872 0 5 859 0 506 100 1402 200 1483 300 1214 400
873 0 5 1028 0 245 100 961 200 1264 300 29 400
874 0 5 254 0 1462 100 592 200 508 300 200 400
875 0 5 1427 0 962 100 1283 200 342 300 90 400
876 0 5 639 0 299 100 1378 200 133 300 589 400
877 0 5 303 0 537 100 367 200 716 300 132 400
878 0 5 129 0 1282 100 530 200 1056 300 717 400
879 0 5 1018 0 1162 100 665 200 1328 300 1473 400
880 0 5 146 0 1106 100 147 200 741 300 535 400
881 0 5 1257 0 1425 100 1443 200 6 300 236 400
882 0 5 1137 0 1458 100 392 200 660 300 180 400
883 0 5 922 0 197 100 708 200 471 300 1247 400
884 0 5 249 0 1387 100 1038 200 188 300 337 400
885 0 5 688 0 718 100 997 200 7 300 152 400
886 0 5 1073 0 660 100 721 200 992 300 1137 400
887 0 5 281 0 758 100 643 200 1285 300 1495 400
888 0 5 1339 0 15 100 180 200 1240 300 577 400
889 0 5 110 0 202 100 780 200 739 300 1163 400
890 0 5 498 0 1446 100 746 200 345 300 829 400
891 0 5 1236 0 766 100 23 200 411 300 348 400
892 0 5 1263 0 1353 100 936 200 484 300 1407 400
893 0 5 1367 0 1047 100 557 200 492 300 189 400
894 0 5 1330 0 690 100 1202 200 1267 300 417 400
895 0 5 305 0 17 100 629 200 506 300 1205 400
896 0 5 1115 0 1436 100 192 200 89 300 1337 400
897 0 5 573 0 1348 100 1152 200 67 300 79 400
898 0 5 360 0 1179 100 314 200 930 300 434 400
899 0 5 1197 0 287 100 1485 200 155 300 151 400
900 0 5 913 0 963 100 1327 200 26 300 1300 400
901 0 5 405 0 737 100 799 200 704 300 83 400
902 0 5 642 0 441 100 173 200 1093 300 225 400
903 0 5 626 0 1260 100 340 200 1487 300 998 400
904 0 5 1347 0 822 100 1237 200 948 300 354 400
905 0 5 208 0 369 100 1271 200 1033 300 1093 400
906 0 5 361 0 486 100 830 200 1459 300 756 400
907 0 5 1464 0 854 100 243 200 545 300 1360 400
908 0 5 504 0 828 100 464 200 497 300 978 400
909 0 5 958 0 424 100 618 200 1444 300 767 400
910 0 5 1132 0 206 100 674 200 1019 300 246 400
911 0 5 1211 0 290 100 137 200 43 300 477 400
912 0 5 768 0 398 100 222 200 459 300 1268 400
913 0 5 1327 0 900 100 26 200 719 300 963 400
914 0 5 658 0 866 100 1379 200 59 300 93 400
915 0 5 1230 0 935 100 53 200 1012 300 692 400
916 0 5 288 0 1245 100 592 200 1140 300 1273 400
917 0 5 477 0 186 100 534 200 41 300 467 400
918 0 5 85 0 461 100 806 200 750 300 764 400
919 0 5 1390 0 185 100 1387 200 323 300 1462 400
920 0 5 187 0 1079 100 570 200 1086 300 1388 400
921 0 5 988 0 984 100 642 200 419 300 1246 400
922 0 5 883 0 1428 100 1247 200 147 300 197 400
923 0 5 449 0 772 100 825 200 623 300 51 400
924 0 5 462 0 371 100 1368 200 587 300 552 400
925 0 5 57 0 36 100 356 200 1365 300 1431 400
926 0 5 1471 0 9 100 799 200 513 300 258 400
927 0 5 1141 0 351 100 386 200 674 300 122 400
928 0 5 202 0 608 100 1357 200 1273 300 538 400
929 0 5 752 0 1375 100 762 200 554 300 145 400
930 0 5 163 0 1412 100 898 200 1344 300 1416 400
931 0 5 425 0 855 100 678 200 1494 300 1076 400
932 0 5 619 0 647 100 149 200 1234 300 1177 400
933 0 5 1497 0 213 100 637 200 778 300 228 400
934 0 5 319 0 1317 100 986 200 1168 300 500 400
935 0 5 692 0 915 100 1227 200 776 300 496 400
936 0 5 1353 0 265 100 1407 200 892 300 374 400
937 0 5 435 0 651 100 1484 200 993 300 624 400
938 0 5 1031 0 681 100 1373 200 295 300 845 400
939 0 5 349 0 1504 100 1503 200 1103 300 1463 400
940 0 5 1350 0 1085 100 406 200 1398 300 1141 400
941 0 5 381 0 1219 100 189 200 1047 300 792 400
942 0 5 597 0 546 100 1245 200 592 300 1386 400
943 0 5 617 0 1118 100 1008 200 999 300 1048 400
944 0 5 1340 0 1363 100 1284 200 210 300 1096 400
945 0 5 512 0 211 100 1160 200 1497 300 801 400
946 0 5 267 0 571 100 460 200 239 300 765 400
947 0 5 118 0 276 100 960 200 801 300 637 400
948 0 5 1347 0 1384 100 220 200 904 300 1237 400
949 0 5 703 0 1335 100 389 200 827 300 526 400
950 0 5 982 0 1216 100 989 200 1006 300 151 400
951 0 5 1213 0 239 100 571 200 99 300 1272 400
952 0 5 283 0 721 100 70 200 561 300 992 400
953 0 5 578 0 275 100 193 200 828 300 418 400
954 0 5 78 0 1423 100 757 200 531 300 229 400
955 0 5 1162 0 676 100 238 200 1328 300 665 400
956 0 5 798 0 322 100 1406 200 198 300 62 400
957 0 5 350 0 645 100 12 200 1178 300 1300 400
958 0 5 767 0 909 100 141 200 424 300 1068 400
959 0 5 1171 0 168 100 1083 200 1185 300 215 400
960 0 5 637 0 947 100 801 200 1497 300 512 400
961 0 5 994 0 873 100 1174 200 446 300 1028 400
962 0 5 875 0 90 100 1427 200 1283 300 1303 400
963 0 5 237 0 900 100 1472 200 1461 300 26 400
964 0 5 390 0 519 100 839 200 1310 300 1469 400
965 0 5 860 0 1206 100 160 200 251 300 722 400
966 0 5 1291 0 1378 100 133 200 1287 300 589 400
967 0 5 636 0 759 100 1134 200 337 300 24 400
968 0 5 705 0 235 100 540 200 1191 300 981 400
969 0 5 1495 0 69 100 1285 200 758 300 21 400
970 0 5 1372 0 773 100 1126 200 318 300 800 400
971 0 5 1067 0 1039 100 1343 200 1142 300 210 400
972 0 5 20 0 1244 100 1163 200 739 300 1267 400
973 0 5 1385 0 813 100 1063 200 192 300 1275 400
974 0 5 1017 0 263 100 128 200 669 300 364 400
975 0 5 1178 0 227 100 753 200 1500 300 710 400
976 0 5 1052 0 769 100 1131 200 1315 300 1250 400
977 0 5 564 0 753 100 12 200 710 300 1178 400
978 0 5 418 0 1286 100 30 200 869 300 908 400
979 0 5 792 0 45 100 551 200 1276 300 381 400
980 0 5 183 0 294 100 164 200 1194 300 1065 400
981 0 5 234 0 1114 100 863 200 985 300 235 400
982 0 5 682 0 950 100 1006 200 420 300 989 400
983 0 5 32 0 1312 100 299 200 312 300 876 400
984 0 5 419 0 921 100 1359 200 177 300 988 400
985 0 5 158 0 1105 100 284 200 863 300 1058 400
986 0 5 94 0 1265 100 555 200 934 300 763 400
987 0 5 1386 0 1113 100 599 200 546 300 1337 400
988 0 5 921 0 441 100 642 200 984 300 177 400
989 0 5 309 0 151 100 1216 200 950 300 777 400
990 0 5 313 0 325 100 1321 200 1124 300 804 400
991 0 5 1070 0 1042 100 583 200 641 300 759 400
992 0 5 738 0 393 100 721 200 1401 300 561 400
993 0 5 624 0 651 100 854 200 243 300 937 400
994 0 5 961 0 446 100 693 200 1002 300 873 400
995 0 5 1329 0 635 100 830 200 143 300 91 400
996 0 5 219 0 115 100 38 200 348 300 1280 400
997 0 5 1167 0 152 100 718 200 885 300 7 400
998 0 5 1260 0 388 100 31 200 815 300 454 400
999 0 5 1048 0 1118 100 1352 200 943 300 1040 400
1000 0 5 1011 0 334 100 111 200 1223 300 705 400
1001 0 5 1241 0 150 100 801 200 276 300 266 400
1002 0 5 795 0 278 100 994 200 693 300 446 400
1003 0 5 818 0 252 100 600 200 1393 300 1153 400
1004 0 5 659 0 81 100 16 200 591 300 504 400
1005 0 5 457 0 579 100 826 200 266 300 1011 400
1006 0 5 1045 0 682 100 982 200 950 300 1216 400
1007 0 5 112 0 1488 100 1413 200 1130 300 320 400
1008 0 5 1319 0 296 100 943 200 617 300 776 400
1009 0 5 442 0 1139 100 174 200 412 300 232 400
1010 0 5 426 0 576 100 4 200 35 300 539 400
1011 0 5 1000 0 457 100 826 200 111 300 334 400
1012 0 5 833 0 315 100 427 200 915 300 1230 400
1013 0 5 596 0 1051 100 308 200 609 300 603 400
1014 0 5 852 0 44 100 232 200 1009 300 442 400
1015 0 5 820 0 359 100 790 200 429 300 365 400
1016 0 5 1217 0 340 100 169 200 1437 300 1172 400
1017 0 5 428 0 974 100 364 200 263 300 54 400
1018 0 5 879 0 665 100 46 200 707 300 1328 400
1019 0 5 550 0 436 100 68 200 910 300 120 400
1020 0 5 411 0 602 100 1109 200 1104 300 1112 400
1021 0 5 145 0 153 100 1305 200 1493 300 728 400
1022 0 5 1422 0 534 100 1456 200 715 300 518 400
1023 0 5 275 0 193 100 30 200 578 300 953 400
1024 0 5 241 0 240 100 3 200 829 300 858 400
1025 0 5 843 0 420 100 1045 200 558 300 729 400
1026 0 5 315 0 644 100 427 200 59 300 1304 400
1027 0 5 643 0 1155 100 706 200 887 300 449 400
1028 0 5 873 0 1174 100 1264 200 245 300 961 400
1029 0 5 1308 0 584 100 727 200 203 300 700 400
1030 0 5 1332 0 226 100 371 200 587 300 850 400
1031 0 5 938 0 743 100 1373 200 687 300 681 400
1032 0 5 1147 0 770 100 209 200 1338 300 1117 400
1033 0 5 789 0 232 100 1093 200 1470 300 609 400
1034 0 5 1434 0 74 100 1263 200 1126 300 261 400
1035 0 5 627 0 566 100 1074 200 84 300 1429 400
1036 0 5 269 0 1513 100 1512 200 499 300 170 400
1037 0 5 684 0 1296 100 449 200 585 300 706 400
1038 0 5 188 0 272 100 884 200 1387 300 165 400
1039 0 5 817 0 971 100 521 200 1343 300 1067 400
1040 0 5 1352 0 515 100 607 200 999 300 296 400
1041 0 5 598 0 837 100 25 200 1478 300 680 400
1042 0 5 759 0 991 100 24 200 1070 300 524 400
1043 0 5 1411 0 794 100 376 200 116 300 867 400
1044 0 5 482 0 735 100 833 200 1278 300 1381 400
1045 0 5 1006 0 558 100 420 200 399 300 1025 400
1046 0 5 240 0 1169 100 281 200 400 300 1024 400
1047 0 5 1195 0 189 100 893 200 941 300 1219 400
1048 0 5 999 0 413 100 1352 200 159 300 943 400
1049 0 5 1157 0 1467 100 275 200 193 300 1023 400
1050 0 5 559 0 1405 100 1216 200 343 300 399 400
1051 0 5 603 0 1013 100 596 200 232 300 308 400
1052 0 5 1315 0 976 100 720 200 769 300 1250 400
1053 0 5 1452 0 1311 100 1123 200 630 300 1058 400
1054 0 5 1210 0 1363 100 1160 200 549 300 548 400
1055 0 5 648 0 742 100 611 200 1492 300 273 400
1056 0 5 1282 0 878 100 729 200 1066 300 129 400
1057 0 5 1412 0 1416 100 274 200 930 300 1298 400
1058 0 5 1114 0 1123 100 985 200 1053 300 811 400
1059 0 5 713 0 1088 100 162 200 216 300 130 400
1060 0 5 373 0 1356 100 1176 200 375 300 41 400
1061 0 5 451 0 108 100 317 200 42 300 720 400
1062 0 5 1148 0 256 100 443 200 1094 300 304 400
1063 0 5 1385 0 1180 100 455 200 973 300 813 400
1064 0 5 414 0 89 100 499 200 672 300 1115 400
1065 0 5 653 0 183 100 316 200 980 300 1150 400
1066 0 5 1281 0 729 100 552 200 1466 300 207 400
1067 0 5 971 0 816 100 1142 200 452 300 210 400
1068 0 5 290 0 141 100 43 200 541 300 780 400
1069 0 5 1325 0 439 100 117 200 733 300 1366 400
1070 0 5 991 0 524 100 1042 200 138 300 641 400
1071 0 5 77 0 788 100 783 200 1353 300 1500 400
1072 0 5 760 0 453 100 554 200 82 300 218 400
1073 0 5 886 0 1208 100 992 200 721 300 807 400
1074 0 5 404 0 1429 100 1170 200 84 300 355 400
1075 0 5 1394 0 1149 100 395 200 425 300 740 400
1076 0 5 176 0 1149 100 699 200 931 300 855 400
1077 0 5 307 0 527 100 135 200 939 300 1049 400
1078 0 5 1243 0 1261 100 1496 200 285 300 201 400
1079 0 5 1086 0 515 100 920 200 187 300 607 400
1080 0 5 1286 0 16 100 755 200 57 300 869 400
1081 0 5 754 0 533 100 1443 200 1346 300 514 400
1082 0 5 486 0 433 100 353 200 1405 300 962 400
1083 0 5 1185 0 1171 100 1161 200 959 300 695 400
1084 0 5 291 0 27 100 1247 200 1428 300 1198 400
1085 0 5 1398 0 702 100 940 200 1141 300 406 400
1086 0 5 1079 0 515 100 570 200 920 300 369 400
1087 0 5 1400 0 1467 100 828 200 135 300 1049 400
1088 0 5 1059 0 162 100 1297 200 130 300 310 400
1089 0 5 140 0 761 100 1288 200 686 300 48 400
1090 0 5 1253 0 225 100 1395 200 308 300 902 400
1091 0 5 494 0 547 100 386 200 256 300 1141 400
1092 0 5 1214 0 781 100 745 200 1483 300 8 400
1093 0 5 1271 0 542 100 902 200 1033 300 1388 400
1094 0 5 1404 0 1062 100 304 200 74 300 1263 400
1095 0 5 1430 0 704 100 1351 200 799 300 509 400
1096 0 5 1460 0 600 100 490 200 1340 300 944 400
1097 0 5 1302 0 475 100 573 200 18 300 355 400
1098 0 5 481 0 615 100 260 200 568 300 424 400
1099 0 5 1188 0 541 100 43 200 1382 300 911 400
1100 0 5 1242 0 711 100 1338 200 616 300 1144 400
1101 0 5 606 0 516 100 1419 200 25 300 517 400
1102 0 5 426 0 539 100 495 200 406 300 1350 400
1103 0 5 1512 0 1511 100 349 200 939 300 1355 400
1104 0 5 1475 0 868 100 470 200 336 300 1020 400
1105 0 5 284 0 466 100 985 200 72 300 60 400
1106 0 5 741 0 1428 100 880 200 385 300 147 400
1107 0 5 344 0 1479 100 748 200 332 300 403 400
1108 0 5 844 0 403 100 520 200 402 300 1336 400
1109 0 5 1020 0 1112 100 2 200 602 300 259 400
1110 0 5 774 0 254 100 438 200 331 300 1486 400
1111 0 5 251 0 747 100 768 200 523 300 965 400
1112 0 5 259 0 2 100 1109 200 1225 300 734 400
1113 0 5 594 0 987 100 599 200 1337 300 269 400
1114 0 5 1058 0 981 100 234 200 811 300 1123 400
1115 0 5 896 0 89 100 192 200 414 300 1064 400
1116 0 5 167 0 1127 100 299 200 639 300 1433 400
1117 0 5 247 0 1338 100 1120 200 1477 300 649 400
1118 0 5 296 0 999 100 943 200 1008 300 1048 400
1119 0 5 176 0 699 100 740 200 785 300 156 400
1120 0 5 1316 0 1420 100 247 200 347 300 1117 400
1121 0 5 683 0 100 100 91 200 127 300 635 400
1122 0 5 694 0 1469 100 1270 200 332 300 1107 400
1123 0 5 491 0 1411 100 1058 200 1053 300 1452 400
1124 0 5 337 0 1134 100 990 200 1414 300 313 400
1125 0 5 675 0 368 100 732 200 416 300 216 400
1126 0 5 71 0 773 100 970 200 1034 300 1434 400
1127 0 5 1312 0 1116 100 335 200 612 300 1389 400
1128 0 5 511 0 680 100 837 200 345 300 121 400
1129 0 5 76 0 862 100 191 200 819 300 130 400
1130 0 5 109 0 1488 100 311 200 320 300 1413 400
1131 0 5 540 0 976 100 769 200 235 300 1052 400
1132 0 5 910 0 96 100 206 200 357 300 246 400
1133 0 5 835 0 662 100 8 200 1354 300 4 400
1134 0 5 24 0 1124 100 967 200 337 300 759 400
1135 0 5 589 0 1341 100 1283 200 32 300 876 400
1136 0 5 435 0 1218 100 651 200 1362 300 460 400
1137 0 5 882 0 660 100 721 200 70 300 283 400
1138 0 5 784 0 59 100 1326 200 139 300 427 400
1139 0 5 442 0 1009 100 496 200 1288 300 761 400
1140 0 5 712 0 1245 100 546 200 916 300 288 400
1141 0 5 927 0 494 100 386 200 940 300 1085 400
1142 0 5 816 0 210 100 1284 200 1067 300 80 400
1143 0 5 88 0 362 100 66 200 4 300 1350 400
1144 0 5 770 0 1338 100 1242 200 711 300 1100 400
1145 0 5 54 0 803 100 13 200 263 300 669 400
1146 0 5 1416 0 45 100 551 200 274 300 314 400
1147 0 5 1032 0 1240 100 577 200 770 300 86 400
1148 0 5 1062 0 702 100 256 200 304 300 1398 400
1149 0 5 425 0 1076 100 176 200 1075 300 1394 400
1150 0 5 316 0 50 100 769 200 1223 300 540 400
1151 0 5 1500 0 788 100 227 200 1353 300 1249 400
1152 0 5 49 0 573 100 79 200 1351 300 897 400
1153 0 5 865 0 818 100 1393 200 346 300 1003 400
1154 0 5 650 0 124 100 432 200 530 300 1323 400
1155 0 5 1027 0 1274 100 643 200 623 300 706 400
1156 0 5 587 0 18 100 566 200 84 300 1030 400
1157 0 5 275 0 1049 100 1467 200 307 300 828 400
1158 0 5 724 0 569 100 736 200 405 300 1345 400
1159 0 5 164 0 1194 100 242 200 42 300 980 400
1160 0 5 1210 0 549 100 945 200 1497 300 1054 400
1161 0 5 168 0 574 100 1083 200 400 300 1292 400
1162 0 5 955 0 879 100 665 200 1328 300 676 400
1163 0 5 110 0 739 100 972 200 832 300 889 400
1164 0 5 1370 0 80 100 177 200 5 300 510 400
1165 0 5 63 0 495 100 710 200 142 300 1500 400
1166 0 5 686 0 48 100 253 200 1319 300 1008 400
1167 0 5 997 0 614 100 1429 200 152 300 475 400
1168 0 5 1276 0 1317 100 94 200 934 300 763 400
1169 0 5 1285 0 1046 100 190 200 281 300 69 400
1170 0 5 404 0 1429 100 152 200 1074 300 1167 400
1171 0 5 959 0 1083 100 215 200 695 300 1185 400
1172 0 5 169 0 840 100 667 200 1016 300 1437 400
1173 0 5 1181 0 88 100 8 200 662 300 4 400
1174 0 5 1028 0 1264 100 961 200 853 300 29 400
1175 0 5 669 0 861 100 128 200 723 300 1187 400
1176 0 5 1274 0 373 100 1060 200 295 300 1373 400
1177 0 5 1234 0 25 100 1478 200 1202 300 680 400
1178 0 5 975 0 12 100 753 200 227 300 957 400
1179 0 5 898 0 434 100 314 200 257 300 396 400
1180 0 5 787 0 1063 100 65 200 438 300 1371 400
1181 0 5 1173 0 745 100 8 200 122 300 88 400
1182 0 5 352 0 1287 100 387 200 327 300 1291 400
1183 0 5 689 0 740 100 785 200 1119 300 98 400
1184 0 5 1366 0 184 100 451 200 782 300 1061 400
1185 0 5 1083 0 585 100 400 200 695 300 190 400
1186 0 5 1334 0 104 100 410 200 1215 300 78 400
1187 0 5 723 0 848 100 13 200 713 300 669 400
1188 0 5 1099 0 1481 100 541 200 292 300 1211 400
1189 0 5 181 0 1272 100 346 200 818 300 775 400
1190 0 5 500 0 1449 100 864 200 422 300 616 400
1191 0 5 111 0 705 100 968 200 1000 300 234 400
1192 0 5 537 0 445 100 716 200 522 300 1421 400
1193 0 5 399 0 154 100 558 200 343 300 358 400
1194 0 5 1159 0 42 100 294 200 164 300 980 400
1195 0 5 1047 0 1219 100 416 200 368 300 189 400
1196 0 5 646 0 1457 100 153 200 812 300 1439 400
1197 0 5 1328 0 899 100 238 200 214 300 1485 400
1198 0 5 27 0 1364 100 1397 200 1084 300 727 400
1199 0 5 653 0 679 100 487 200 183 300 1309 400
1200 0 5 612 0 507 100 485 200 100 300 127 400
1201 0 5 580 0 224 100 962 200 353 300 1283 400
1202 0 5 417 0 894 100 264 200 1177 300 1330 400
1203 0 5 1266 0 1453 100 688 200 7 300 724 400
1204 0 5 553 0 732 100 130 200 1367 300 216 400
1205 0 5 17 0 1402 100 895 200 1483 300 506 400
1206 0 5 860 0 965 100 697 200 52 300 160 400
1207 0 5 1304 0 93 100 693 200 658 300 383 400
1208 0 5 1073 0 807 100 992 200 1409 300 422 400
1209 0 5 1238 0 831 100 827 200 1430 300 590 400
1210 0 5 1054 0 1160 100 549 200 548 300 1231 400
1211 0 5 292 0 911 100 1188 200 477 300 137 400
1212 0 5 611 0 230 100 759 200 293 300 991 400
1213 0 5 951 0 450 100 765 200 946 300 239 400
1214 0 5 1092 0 745 100 859 200 872 300 1483 400
1215 0 5 104 0 1294 100 47 200 1186 300 410 400
1216 0 5 950 0 989 100 1050 200 309 300 415 400
1217 0 5 1016 0 169 100 1437 200 840 300 1487 400
1218 0 5 1136 0 854 100 651 200 545 300 907 400
1219 0 5 941 0 1195 100 381 200 657 300 1047 400
1220 0 5 1333 0 365 100 73 200 1414 300 524 400
1221 0 5 250 0 1396 100 808 200 123 300 134 400
1222 0 5 199 0 579 100 334 200 826 300 1223 400
1223 0 5 50 0 334 100 1000 200 705 300 1150 400
1224 0 5 525 0 777 100 309 200 640 300 1490 400
1225 0 5 1294 0 734 100 259 200 531 300 1112 400
1226 0 5 122 0 120 100 859 200 629 300 506 400
1227 0 5 53 0 652 100 139 200 496 300 935 400
1228 0 5 1345 0 479 100 724 200 378 300 688 400
1229 0 5 1431 0 36 100 503 200 37 300 1455 400
1230 0 5 53 0 915 100 1012 200 427 300 1227 400
1231 0 5 549 0 548 100 630 200 1311 300 1058 400
1232 0 5 209 0 476 100 1380 200 1477 300 1032 400
1233 0 5 242 0 487 100 1389 200 183 300 164 400
1234 0 5 1177 0 520 100 619 200 25 300 932 400
1235 0 5 81 0 1431 100 57 200 664 300 591 400
1236 0 5 348 0 891 100 766 200 1442 300 857 400
1237 0 5 633 0 904 100 822 200 1289 300 1347 400
1238 0 5 1209 0 831 100 395 200 98 300 827 400
1239 0 5 1408 0 823 100 469 200 146 300 560 400
1240 0 5 392 0 1339 100 1147 200 15 300 1032 400
1241 0 5 1001 0 111 100 801 200 150 300 211 400
1242 0 5 1100 0 86 100 1144 200 770 300 577 400
1243 0 5 1496 0 1261 100 1440 200 465 300 526 400
1244 0 5 1267 0 972 100 832 200 690 300 20 400
1245 0 5 916 0 1140 100 546 200 597 300 942 400
1246 0 5 542 0 642 100 1093 200 921 300 902 400
1247 0 5 291 0 1428 100 922 200 1084 300 883 400
1248 0 5 1418 0 544 100 196 200 1324 300 918 400
1249 0 5 478 0 804 100 838 200 321 300 1151 400
1250 0 5 586 0 317 100 108 200 769 300 1052 400
1251 0 5 382 0 668 100 100 200 1309 300 507 400
1252 0 5 528 0 1289 100 354 200 287 300 633 400
1253 0 5 1090 0 106 100 545 200 902 300 173 400
1254 0 5 217 0 324 100 302 200 632 300 1487 400
1255 0 5 375 0 1415 100 536 200 295 300 803 400
1256 0 5 1330 0 273 100 535 200 673 300 1391 400
1257 0 5 881 0 6 100 1443 200 514 300 222 400
1258 0 5 126 0 195 100 756 200 1441 300 31 400
1259 0 5 1313 0 730 100 1095 200 1430 300 509 400
1260 0 5 903 0 998 100 815 200 454 300 1487 400
1261 0 5 526 0 1243 100 1496 200 1361 300 1078 400
1262 0 5 556 0 772 100 825 200 923 300 623 400
1263 0 5 484 0 1034 100 892 200 773 300 74 400
1264 0 5 245 0 1174 100 29 200 1028 300 685 400
1265 0 5 555 0 986 100 372 200 218 300 505 400
1266 0 5 1203 0 688 100 1453 200 724 300 378 400
1267 0 5 1244 0 832 100 690 200 894 300 421 400
1268 0 5 222 0 364 100 447 200 428 300 514 400
1269 0 5 1298 0 347 100 500 200 1412 300 1344 400
1270 0 5 748 0 694 100 1122 200 403 300 1107 400
1271 0 5 1093 0 369 100 570 200 905 300 1388 400
1272 0 5 39 0 1189 100 460 200 99 300 181 400
1273 0 5 1462 0 1357 100 288 200 916 300 592 400
1274 0 5 1176 0 1155 100 623 200 1373 300 373 400
1275 0 5 455 0 625 100 896 200 973 300 479 400
1276 0 5 1168 0 1317 100 45 200 1298 300 979 400
1277 0 5 468 0 161 100 867 200 376 300 156 400
1278 0 5 219 0 833 100 315 200 1044 300 482 400
1279 0 5 562 0 836 100 303 200 771 300 700 400
1280 0 5 620 0 348 100 857 200 38 300 204 400
1281 0 5 220 0 552 100 1066 200 1466 300 714 400
1282 0 5 1056 0 878 100 729 200 843 300 717 400
1283 0 5 342 0 1427 100 875 200 1341 300 1135 400
1284 0 5 333 0 210 100 1142 200 944 300 1343 400
1285 0 5 1169 0 281 100 969 200 69 300 887 400
1286 0 5 1080 0 978 100 869 200 464 300 953 400
1287 0 5 1291 0 1182 100 352 200 966 300 387 400
1288 0 5 221 0 140 100 412 200 1009 300 1139 400
1289 0 5 633 0 1252 100 528 200 1237 300 287 400
1290 0 5 812 0 153 100 728 200 1196 300 613 400
1291 0 5 1287 0 966 100 1378 200 1182 300 352 400
1292 0 5 858 0 75 100 3 200 1161 300 168 400
1293 0 5 342 0 1341 100 312 200 32 300 1303 400
1294 0 5 1225 0 1215 100 531 200 104 300 47 400
1295 0 5 357 0 448 100 206 200 386 300 1369 400
1296 0 5 585 0 1037 100 695 200 449 300 51 400
1297 0 5 1439 0 563 100 1088 200 1320 300 310 400
1298 0 5 1269 0 1317 100 274 200 1276 300 1168 400
1299 0 5 1425 0 326 100 1454 200 236 300 1447 400
1300 0 5 838 0 802 100 227 200 957 300 900 400
1301 0 5 1358 0 758 100 61 200 696 300 21 400
1302 0 5 18 0 1097 100 573 200 1348 300 897 400
1303 0 5 90 0 635 100 342 200 962 300 1293 400
1304 0 5 658 0 1207 100 212 200 693 300 796 400
1305 0 5 298 0 1021 100 656 200 791 300 145 400
1306 0 5 1449 0 616 100 347 200 1190 300 500 400
1307 0 5 155 0 255 100 629 200 1226 300 1485 400
1308 0 5 1029 0 584 100 92 200 1498 300 203 400
1309 0 5 199 0 668 100 474 200 679 300 1199 400
1310 0 5 34 0 519 100 403 200 964 300 839 400
1311 0 5 1053 0 630 100 661 200 1452 300 356 400
1312 0 5 1127 0 983 100 612 200 488 300 312 400
1313 0 5 1259 0 1351 100 590 200 730 300 1095 400
1314 0 5 421 0 121 100 511 200 417 300 1444 400
1315 0 5 720 0 1052 100 976 200 1131 300 466 400
1316 0 5 102 0 1120 100 347 200 1338 300 1420 400
1317 0 5 934 0 1298 100 1168 200 1276 300 500 400
1318 0 5 797 0 14 100 1038 200 188 300 272 400
1319 0 5 48 0 1008 100 1166 200 253 300 296 400
1320 0 5 329 0 52 100 861 200 1297 300 128 400
1321 0 5 280 0 337 100 1465 200 990 300 1318 400
1322 0 5 415 0 640 100 604 200 31 300 217 400
1323 0 5 432 0 358 100 717 200 530 300 1154 400
1324 0 5 196 0 544 100 649 200 1248 300 87 400
1325 0 5 1069 0 439 100 1366 200 389 300 703 400
1326 0 5 139 0 784 100 1138 200 431 300 1379 400
1327 0 5 913 0 802 100 900 200 793 300 719 400
1328 0 5 1197 0 665 100 214 200 238 300 572 400
1329 0 5 995 0 635 100 90 200 830 300 1303 400
1330 0 5 1256 0 894 100 690 200 273 300 535 400
1331 0 5 248 0 1468 100 93 200 1002 300 693 400
1332 0 5 1030 0 371 100 226 200 587 300 924 400
1333 0 5 73 0 1220 100 524 200 1414 300 1070 400
1334 0 5 1186 0 383 100 796 200 693 300 666 400
1335 0 5 949 0 98 100 827 200 395 300 1209 400
1336 0 5 520 0 402 100 560 200 1108 300 619 400
1337 0 5 691 0 1448 100 1113 200 192 300 896 400
1338 0 5 1117 0 1144 100 711 200 849 300 1316 400
1339 0 5 888 0 1240 100 392 200 180 300 15 400
1340 0 5 175 0 944 100 1363 200 1096 300 490 400
1341 0 5 1293 0 1135 100 32 200 1283 300 342 400
1342 0 5 1540 0 1 100 868 200 411 300 657 400
1343 0 5 521 0 210 100 548 200 1039 300 971 400
1344 0 5 1420 0 1412 100 163 200 1120 300 930 400
1345 0 5 1228 0 724 100 1436 200 569 300 479 400
1346 0 5 533 0 687 100 1081 200 754 300 556 400
1347 0 5 904 0 948 100 822 200 1237 300 96 400
1348 0 5 897 0 11 100 67 200 1302 300 573 400
1349 0 5 391 0 472 100 10 200 182 300 279 400
1350 0 5 940 0 406 100 66 200 1102 300 539 400
1351 0 5 1313 0 67 100 1152 200 1095 300 1348 400
1352 0 5 1040 0 999 100 296 200 1048 300 591 400
1353 0 5 788 0 936 100 892 200 1151 300 265 400
1354 0 5 8 0 1483 100 835 200 781 300 1133 400
1355 0 5 1463 0 159 100 1103 200 1400 300 751 400
1356 0 5 41 0 1060 100 536 200 373 300 1176 400
1357 0 5 288 0 928 100 1273 200 916 300 202 400
1358 0 5 1301 0 643 100 61 200 758 300 887 400
1359 0 5 37 0 502 100 452 200 984 300 419 400
1360 0 5 243 0 231 100 1464 200 483 300 907 400
1361 0 5 389 0 184 100 465 200 526 300 782 400
1362 0 5 460 0 39 100 1484 200 1272 300 346 400
1363 0 5 1054 0 944 100 1340 200 175 300 213 400
1364 0 5 727 0 1198 100 445 200 700 300 1029 400
1365 0 5 1403 0 356 100 925 200 1311 300 57 400
1366 0 5 1184 0 439 100 1325 200 184 300 1069 400
1367 0 5 557 0 893 100 732 200 1204 300 191 400
1368 0 5 462 0 714 100 552 200 924 300 1281 400
1369 0 5 448 0 96 100 105 200 1295 300 714 400
1370 0 5 1164 0 510 100 1393 200 5 300 177 400
1371 0 5 438 0 1486 100 1180 200 306 300 508 400
1372 0 5 970 0 65 100 318 200 670 300 800 400
1373 0 5 1031 0 623 100 938 200 295 300 687 400
1374 0 5 554 0 812 100 613 200 752 300 505 400
1375 0 5 929 0 70 100 145 200 762 300 283 400
1376 0 5 715 0 1456 100 594 200 1481 300 440 400
1377 0 5 731 0 471 100 103 200 522 300 1256 400
1378 0 5 133 0 966 100 876 200 639 300 1433 400
1379 0 5 784 0 431 100 866 200 1438 300 59 400
1380 0 5 1477 0 565 100 1232 200 209 300 196 400
1381 0 5 692 0 735 100 1424 200 701 300 1044 400
1382 0 5 712 0 538 100 1099 200 290 300 43 400
1383 0 5 605 0 60 100 97 200 814 300 444 400
1384 0 5 1466 0 948 100 420 200 843 300 220 400
1385 0 5 1063 0 973 100 455 200 813 300 1486 400
1386 0 5 987 0 546 100 599 200 942 300 691 400
1387 0 5 919 0 884 100 1038 200 185 300 249 400
1388 0 5 570 0 542 100 920 200 1093 300 502 400
1389 0 5 335 0 612 100 1233 200 1127 300 638 400
1390 0 5 919 0 1462 100 185 200 874 300 323 400
1391 0 5 197 0 673 100 1256 200 883 300 471 400
1392 0 5 261 0 1404 100 709 200 74 300 443 400
1393 0 5 510 0 1370 100 1153 200 252 300 5 400
1394 0 5 1075 0 740 100 1149 200 395 300 98 400
1395 0 5 609 0 1470 100 789 200 308 300 1090 400
1396 0 5 1498 0 1221 100 203 200 123 300 808 400
1397 0 5 203 0 727 100 1198 200 385 300 1364 400
1398 0 5 1085 0 702 100 940 200 406 300 1148 400
1399 0 5 1480 0 124 100 129 200 530 300 846 400
1400 0 5 1087 0 1463 100 828 200 1355 300 349 400
1401 0 5 561 0 501 100 738 200 554 300 992 400
1402 0 5 1205 0 506 100 1483 200 872 300 895 400
1403 0 5 1365 0 755 100 925 200 57 300 1080 400
1404 0 5 1392 0 1094 100 74 200 261 300 892 400
1405 0 5 126 0 1050 100 486 200 433 300 31 400
1406 0 5 484 0 956 100 318 200 198 300 798 400
1407 0 5 374 0 936 100 798 200 892 300 484 400
1408 0 5 1239 0 146 100 823 200 560 300 469 400
1409 0 5 622 0 807 100 422 200 180 300 616 400
1410 0 5 601 0 344 100 834 200 403 300 1108 400
1411 0 5 116 0 1043 100 1123 200 794 300 491 400
1412 0 5 1057 0 1344 100 930 200 1420 300 347 400
1413 0 5 112 0 1007 100 465 200 179 300 782 400
1414 0 5 1472 0 524 100 1220 200 1124 300 24 400
1415 0 5 338 0 1255 100 803 200 13 300 536 400
1416 0 5 1057 0 1146 100 274 200 551 300 314 400
1417 0 5 810 0 733 100 480 200 720 300 466 400
1418 0 5 1248 0 87 100 567 200 786 300 544 400
1419 0 5 606 0 582 100 663 200 725 300 1101 400
1420 0 5 1344 0 1120 100 347 200 1412 300 1316 400
1421 0 5 138 0 716 100 73 200 1192 300 641 400
1422 0 5 292 0 1022 100 534 200 1481 300 1456 400
1423 0 5 847 0 954 100 229 200 757 300 78 400
1424 0 5 701 0 856 100 1381 200 735 300 617 400
1425 0 5 1299 0 881 100 326 200 6 300 1454 400
1426 0 5 617 0 423 100 204 200 943 300 856 400
1427 0 5 875 0 1283 100 962 200 342 300 90 400
1428 0 5 1106 0 1247 100 922 200 27 300 1084 400
1429 0 5 1074 0 1170 100 1167 200 614 300 152 400
1430 0 5 730 0 1095 100 831 200 1209 300 509 400
1431 0 5 1235 0 1229 100 925 200 1455 300 36 400
1432 0 5 722 0 656 100 965 200 697 300 523 400
1433 0 5 330 0 639 100 167 200 1116 300 1378 400
1434 0 5 397 0 1034 100 71 200 261 300 1126 400
1435 0 5 44 0 131 100 652 200 1009 300 442 400
1436 0 5 479 0 896 100 1345 200 625 300 1275 400
1437 0 5 840 0 324 100 667 200 1217 300 340 400
1438 0 5 866 0 493 100 431 200 1379 300 131 400
1439 0 5 563 0 1297 100 791 200 697 300 1196 400
1440 0 5 465 0 179 100 1243 200 1413 300 1496 400
1441 0 5 454 0 195 100 31 200 998 300 1405 400
1442 0 5 857 0 33 100 766 200 1236 300 23 400
1443 0 5 514 0 1081 100 881 200 1257 300 825 400
1444 0 5 421 0 618 100 424 200 841 300 909 400
1445 0 5 101 0 802 100 793 200 1327 300 1300 400
1446 0 5 746 0 890 100 829 200 517 300 407 400
1447 0 5 215 0 1454 100 695 200 1299 300 1425 400
1448 0 5 691 0 331 100 1337 200 597 300 200 400
1449 0 5 1306 0 1190 100 500 200 616 300 422 400
1450 0 5 1499 0 487 100 474 200 679 300 1233 400
1451 0 5 28 0 11 100 595 200 201 300 67 400
1452 0 5 1053 0 794 100 1123 200 1311 300 1411 400
1453 0 5 1203 0 724 100 1266 200 779 300 1158 400
1454 0 5 1447 0 326 100 1299 200 51 300 215 400
1455 0 5 824 0 607 100 664 200 1431 300 187 400
1456 0 5 715 0 440 100 1509 200 1376 300 1510 400
1457 0 5 286 0 646 100 1196 200 819 300 862 400
1458 0 5 882 0 660 100 392 200 180 300 807 400
1459 0 5 143 0 361 100 830 200 906 300 756 400
1460 0 5 1096 0 610 100 99 200 775 300 600 400
1461 0 5 237 0 313 100 963 200 1124 300 990 400
1462 0 5 1390 0 1273 100 874 200 592 300 363 400
1463 0 5 349 0 1355 100 1400 200 939 300 1103 400
1464 0 5 907 0 545 100 106 200 1360 300 173 400
1465 0 5 325 0 119 100 1321 200 14 300 62 400
1466 0 5 1384 0 220 100 729 200 1066 300 1281 400
1467 0 5 1087 0 828 100 1049 200 953 300 275 400
1468 0 5 1331 0 93 100 1002 200 248 300 693 400
1469 0 5 1122 0 332 100 519 200 694 300 182 400
1470 0 5 225 0 1395 100 789 200 1033 300 902 400
1471 0 5 926 0 9 100 799 200 737 300 258 400
1472 0 5 26 0 1414 100 963 200 1220 300 237 400
1473 0 5 572 0 707 100 665 200 1328 300 214 400
1474 0 5 638 0 320 100 335 200 1127 300 1116 400
1475 0 5 581 0 1104 100 396 200 434 300 2 400
1476 0 5 387 0 650 100 846 200 157 300 22 400
1477 0 5 1380 0 649 100 476 200 196 300 247 400
1478 0 5 264 0 680 100 25 200 1177 300 1041 400
1479 0 5 871 0 1107 100 344 200 332 300 489 400
1480 0 5 19 0 1399 100 129 200 124 300 530 400
1481 0 5 1188 0 541 100 1376 200 43 300 292 400
1482 0 5 841 0 870 100 424 200 481 300 300 400
1483 0 5 781 0 1402 100 1354 200 1092 300 872 400
1484 0 5 624 0 346 100 937 200 243 300 144 400
1485 0 5 255 0 155 100 629 200 238 300 899 400
1486 0 5 438 0 1110 100 331 200 1385 300 813 400
1487 0 5 340 0 302 100 903 200 217 300 324 400
1488 0 5 320 0 1007 100 1130 200 112 300 109 400
1489 0 5 341 0 645 100 564 200 12 300 977 400
1490 0 5 575 0 525 100 777 200 1224 300 151 400
1491 0 5 77 0 142 100 1500 200 63 300 783 400
1492 0 5 742 0 583 100 277 200 293 300 731 400
1493 0 5 728 0 762 100 145 200 1021 300 752 400
1494 0 5 678 0 307 100 931 200 527 300 855 400
1495 0 5 696 0 969 100 887 200 300 300 21 400
1496 0 5 285 0 1243 100 148 200 1440 300 1261 400
1497 0 5 933 0 637 100 960 200 1160 300 512 400
1498 0 5 92 0 1396 100 203 200 808 300 123 400
1499 0 5 1450 0 474 100 679 200 487 300 183 400
1500 0 5 1151 0 710 100 227 200 1491 300 753 400
1501 0 5 532 0 297 100 136 200 821 300 848 400
1502 0 5 588 0 657 100 336 200 543 300 527 400
1503 0 5 588 0 939 100 336 200 543 300 527 400
1504 0 5 939 0 518 100 336 200 543 300 527 400
1505 0 5 518 0 868 100 336 200 543 300 527 400
1506 0 5 440 0 868 100 336 200 543 300 527 400
1507 0 5 440 0 23 100 336 200 543 300 527 400
1508 0 5 370 0 23 100 336 200 543 300 527 400
1509 0 5 370 0 1456 100 336 200 543 300 527 400
1510 0 5 258 0 1456 100 543 200 336 300 527 400
1511 0 5 258 0 1103 100 543 200 336 300 527 400
1512 0 5 1036 0 1103 100 336 200 543 300 527 400
1513 0 5 1036 0 715 100 336 200 543 300 527 400
1514 0 5 416 0 715 100 336 200 543 300 527 400
1515 0 5 135 0 416 100 336 200 543 300 527 400
1516 0 5 135 0 349 100 336 200 543 300 527 400
1517 0 5 411 0 349 100 336 200 543 300 527 400
1518 0 5 170 0 411 100 336 200 543 300 527 400
1519 0 5 170 0 672 100 336 200 543 300 527 400
1520 0 5 672 0 1195 100 336 200 543 300 527 400
1521 0 5 1195 0 368 100 336 200 543 300 1501 400
1522 0 5 368 0 766 100 336 200 543 300 1501 400
1523 0 5 513 0 766 100 336 200 543 300 527 400
1524 0 5 513 0 499 100 336 200 543 300 527 400
1525 0 5 499 0 1219 100 336 200 543 300 527 400
1526 0 5 1219 0 1376 100 336 200 543 300 1501 400
1527 0 5 1376 0 1463 100 336 200 543 300 527 400
1528 0 5 1442 0 1463 100 336 200 543 300 527 400
1529 0 5 171 0 1442 100 336 200 543 300 527 400
1530 0 5 171 0 1104 100 336 200 543 300 527 400
1531 0 5 821 0 1104 100 336 200 543 300 1501 400
1532 0 5 821 0 470 100 336 200 543 300 1501 400
1533 0 5 1077 0 470 100 336 200 543 300 527 400
1534 0 5 1077 0 1022 100 336 200 543 300 527 400
1535 0 5 1022 0 473 100 336 200 543 300 527 400
1536 0 5 473 0 891 100 336 200 543 300 1501 400
1537 0 5 891 0 1047 100 336 200 543 300 1501 400
1538 0 5 9 0 1047 100 336 200 543 300 1501 400
1539 0 5 9 0 336 100 543 200 1501 300 33 400
1540 0 5 1342 0 543 100 336 200 527 300 33 400
-1
EOF
