1540
1 0 5 74 0 1352 100 818 200 893 300 846 400
2 0 5 497 0 121 100 1206 200 287 300 69 400
3 0 5 1501 0 1270 100 443 200 343 300 1429 400
4 0 5 1023 0 1432 100 252 200 608 300 488 400
5 0 5 1180 0 891 100 990 200 70 300 1044 400
6 0 5 1293 0 402 100 1162 200 687 300 1277 400
7 0 5 946 0 300 100 898 200 1416 300 113 400
8 0 5 816 0 1059 100 314 200 240 300 126 400
9 0 5 283 0 748 100 557 200 815 300 1323 400
10 0 5 1381 0 1356 100 843 200 1236 300 1105 400
11 0 5 765 0 1209 100 73 200 90 300 351 400
12 0 5 1313 0 95 100 450 200 56 300 596 400
13 0 5 1316 0 823 100 46 200 171 300 1279 400
14 0 5 474 0 1315 100 513 200 1028 300 1283 400
15 0 5 119 0 675 100 35 200 36 300 977 400
16 0 5 168 0 953 100 704 200 649 300 695 400
17 0 5 1361 0 146 100 419 200 75 300 174 400
18 0 5 1458 0 445 100 409 200 302 300 680 400
19 0 5 895 0 72 100 241 200 110 300 261 400
20 0 5 1123 0 1372 100 239 200 1324 300 284 400
21 0 5 667 0 862 100 139 200 1238 300 1489 400
22 0 5 487 0 1318 100 37 200 525 300 759 400
23 0 5 720 0 1014 100 875 200 676 300 1341 400
24 0 5 1134 0 125 100 416 200 460 300 1151 400
25 0 5 1118 0 889 100 678 200 1493 300 177 400
26 0 5 344 0 1107 100 544 200 995 300 652 400
27 0 5 1384 0 130 100 700 200 1315 300 211 400
28 0 5 87 0 1328 100 730 200 1022 300 875 400
29 0 5 287 0 60 100 1223 200 175 300 1358 400
30 0 5 1298 0 415 100 781 200 1164 300 1188 400
31 0 5 975 0 1472 100 1299 200 117 300 868 400
32 0 5 397 0 1462 100 1161 200 1090 300 1084 400
33 0 5 1417 0 228 100 82 200 927 300 1054 400
34 0 5 869 0 510 100 851 200 595 300 1345 400
35 0 5 789 0 977 100 766 200 15 300 1184 400
36 0 5 119 0 1366 100 1184 200 15 300 35 400
37 0 5 1318 0 904 100 1087 200 1213 300 525 400
38 0 5 1285 0 1464 100 808 200 1090 300 874 400
39 0 5 705 0 686 100 267 200 93 300 1021 400
40 0 5 1297 0 122 100 459 200 626 300 971 400
41 0 5 1326 0 1415 100 771 200 389 300 206 400
42 0 5 1422 0 1049 100 96 200 1299 300 198 400
43 0 5 935 0 829 100 1311 200 406 300 179 400
44 0 5 342 0 98 100 1063 200 515 300 303 400
45 0 5 307 0 1380 100 663 200 944 300 1210 400
46 0 5 1279 0 1316 100 467 200 13 300 999 400
47 0 5 101 0 154 100 1057 200 1160 300 1083 400
48 0 5 1000 0 496 100 921 200 130 300 756 400
49 0 5 1076 0 232 100 1425 200 876 300 133 400
50 0 5 475 0 1039 100 914 200 850 300 1238 400
51 0 5 103 0 1334 100 632 200 1468 300 728 400
52 0 5 309 0 1338 100 779 200 1343 300 92 400
53 0 5 880 0 987 100 690 200 1276 300 916 400
54 0 5 1402 0 848 100 86 200 219 300 1182 400
55 0 5 1035 0 1355 100 734 200 1241 300 77 400
56 0 5 1358 0 1507 100 1506 200 422 300 12 400
57 0 5 480 0 691 100 374 200 673 300 371 400
58 0 5 347 0 499 100 209 200 236 300 1038 400
59 0 5 296 0 560 100 128 200 735 300 1043 400
60 0 5 287 0 29 100 411 200 1472 300 291 400
61 0 5 1479 0 524 100 466 200 1463 300 1264 400
62 0 5 187 0 234 100 1330 200 585 300 718 400
63 0 5 1038 0 802 100 412 200 236 300 696 400
64 0 5 1194 0 147 100 542 200 1353 300 776 400
65 0 5 414 0 219 100 831 200 67 300 282 400
66 0 5 1089 0 1325 100 1165 200 70 300 1437 400
67 0 5 192 0 414 100 1202 200 65 300 831 400
68 0 5 135 0 244 100 506 200 1317 300 170 400
69 0 5 1223 0 1212 100 213 200 1047 300 2 400
70 0 5 1089 0 1373 100 66 200 1214 300 1437 400
71 0 5 1132 0 236 100 1197 200 602 300 589 400
72 0 5 19 0 1413 100 261 200 110 300 1183 400
73 0 5 929 0 351 100 11 200 1091 300 265 400
74 0 5 1540 0 1 100 175 200 291 300 418 400
75 0 5 145 0 419 100 1486 200 146 300 17 400
76 0 5 1447 0 264 100 1276 200 846 300 1425 400
77 0 5 734 0 1348 100 1355 200 1009 300 55 400
78 0 5 457 0 558 100 108 200 978 300 181 400
79 0 5 379 0 1489 100 660 200 139 300 667 400
80 0 5 1172 0 279 100 1287 200 560 300 664 400
81 0 5 1037 0 886 100 254 200 1476 300 486 400
82 0 5 879 0 728 100 536 200 33 300 1417 400
83 0 5 754 0 184 100 1483 200 782 300 249 400
84 0 5 490 0 598 100 222 200 590 300 1481 400
85 0 5 447 0 949 100 225 200 1150 300 1244 400
86 0 5 848 0 1182 100 219 200 505 300 282 400
87 0 5 28 0 676 100 1022 200 1221 300 1328 400
88 0 5 1098 0 1088 100 159 200 980 300 1284 400
89 0 5 1488 0 343 100 849 200 794 300 1349 400
90 0 5 1209 0 351 100 899 200 11 300 224 400
91 0 5 559 0 1234 100 563 200 1456 300 1249 400
92 0 5 1354 0 779 100 1338 200 52 300 925 400
93 0 5 1154 0 1400 100 39 200 686 300 1170 400
94 0 5 838 0 727 100 797 200 399 300 199 400
95 0 5 12 0 450 100 229 200 535 300 1042 400
96 0 5 1422 0 742 100 1030 200 274 300 417 400
97 0 5 1400 0 579 100 1027 200 288 300 260 400
98 0 5 1063 0 1171 100 540 200 44 300 924 400
99 0 5 205 0 489 100 337 200 850 300 500 400
100 0 5 407 0 1081 100 970 200 529 300 157 400
101 0 5 47 0 1208 100 503 200 231 300 1057 400
102 0 5 545 0 805 100 1429 200 269 300 266 400
103 0 5 51 0 728 100 1417 200 927 300 1334 400
104 0 5 780 0 896 100 697 200 1297 300 1228 400
105 0 5 846 0 635 100 1130 200 395 300 1435 400
106 0 5 140 0 420 100 413 200 685 300 1260 400
107 0 5 196 0 678 100 889 200 818 300 25 400
108 0 5 558 0 978 100 78 200 952 300 457 400
109 0 5 245 0 1500 100 1325 200 1267 300 592 400
110 0 5 1443 0 1413 100 241 200 895 300 19 400
111 0 5 446 0 714 100 1092 200 468 300 1093 400
112 0 5 851 0 83 100 869 200 1345 300 1232 400
113 0 5 316 0 315 100 946 200 858 300 7 400
114 0 5 1065 0 186 100 583 200 1441 300 954 400
115 0 5 1403 0 712 100 183 200 305 300 1128 400
116 0 5 1149 0 479 100 1201 200 757 300 1005 400
117 0 5 1030 0 868 100 1049 200 31 300 272 400
118 0 5 1348 0 1163 100 1071 200 191 300 1009 400
119 0 5 15 0 36 100 675 200 429 300 1366 400
120 0 5 1237 0 326 100 212 200 207 300 315 400
121 0 5 736 0 2 100 287 200 1206 300 1047 400
122 0 5 40 0 971 100 494 200 1018 300 1297 400
123 0 5 965 0 858 100 882 200 722 300 634 400
124 0 5 1226 0 1441 100 1409 200 1387 300 1196 400
125 0 5 349 0 24 100 1377 200 1134 300 416 400
126 0 5 240 0 189 100 8 200 953 300 314 400
127 0 5 906 0 787 100 547 200 1274 300 227 400
128 0 5 533 0 825 100 1013 200 1131 300 59 400
129 0 5 1362 0 292 100 270 200 500 300 850 400
130 0 5 1028 0 1137 100 27 200 1283 300 1000 400
131 0 5 1330 0 887 100 642 200 1404 300 1017 400
132 0 5 657 0 334 100 1433 200 672 300 924 400
133 0 5 304 0 876 100 1307 200 592 300 859 400
134 0 5 612 0 615 100 575 200 1263 300 879 400
135 0 5 68 0 312 100 170 200 650 300 997 400
136 0 5 372 0 778 100 1413 200 768 300 115 400
137 0 5 666 0 1292 100 1230 200 864 300 355 400
138 0 5 1137 0 438 100 1473 200 622 300 130 400
139 0 5 1055 0 957 100 79 200 862 300 667 400
140 0 5 106 0 1260 100 1169 200 420 300 1144 400
141 0 5 1117 0 380 100 504 200 285 300 356 400
142 0 5 200 0 1003 100 1082 200 861 300 1048 400
143 0 5 452 0 1322 100 1475 200 653 300 1240 400
144 0 5 1359 0 1139 100 784 200 166 300 962 400
145 0 5 1486 0 75 100 146 200 1034 300 643 400
146 0 5 1361 0 17 100 695 200 75 300 169 400
147 0 5 960 0 64 100 542 200 1112 300 1250 400
148 0 5 939 0 1340 100 1286 200 260 300 436 400
149 0 5 1046 0 1052 100 519 200 1469 300 180 400
150 0 5 772 0 201 100 1075 200 163 300 873 400
151 0 5 1452 0 791 100 1465 200 1370 300 465 400
152 0 5 440 0 841 100 1001 200 1375 300 247 400
153 0 5 750 0 516 100 366 200 241 300 261 400
154 0 5 1083 0 47 100 1057 200 566 300 101 400
155 0 5 983 0 355 100 1115 200 896 300 1108 400
156 0 5 845 0 713 100 483 200 1257 300 1378 400
157 0 5 1397 0 267 100 686 200 970 300 610 400
158 0 5 619 0 1471 100 345 200 855 300 1003 400
159 0 5 286 0 1088 100 980 200 1428 300 88 400
160 0 5 376 0 1211 100 297 200 308 300 776 400
161 0 5 324 0 871 100 458 200 1476 300 1289 400
162 0 5 1159 0 295 100 1245 200 1353 300 359 400
163 0 5 772 0 150 100 1363 200 1072 300 632 400
164 0 5 1077 0 730 100 1450 200 1341 300 875 400
165 0 5 462 0 242 100 1052 200 1129 300 1046 400
166 0 5 1139 0 293 100 546 200 683 300 215 400
167 0 5 753 0 1230 100 640 200 552 300 1168 400
168 0 5 629 0 16 100 953 200 126 300 693 400
169 0 5 671 0 1361 100 1357 200 842 300 695 400
170 0 5 788 0 244 100 135 200 68 300 506 400
171 0 5 832 0 740 100 1011 200 1329 300 1279 400
172 0 5 246 0 971 100 611 200 626 300 494 400
173 0 5 1045 0 1025 100 1108 200 679 300 646 400
174 0 5 694 0 419 100 972 200 1436 300 276 400
175 0 5 291 0 1505 100 1504 200 591 300 418 400
176 0 5 418 0 865 100 683 200 893 300 528 400
177 0 5 717 0 1385 100 817 200 1118 300 25 400
178 0 5 1312 0 1256 100 1111 200 567 300 193 400
179 0 5 359 0 1311 100 829 200 382 300 1159 400
180 0 5 783 0 1469 100 519 200 149 300 658 400
181 0 5 1492 0 1329 100 1097 200 375 300 457 400
182 0 5 803 0 1414 100 737 200 572 300 1360 400
183 0 5 1407 0 778 100 115 200 1128 300 465 400
184 0 5 83 0 273 100 796 200 1449 300 1483 400
185 0 5 1401 0 427 100 1357 200 972 300 920 400
186 0 5 114 0 476 100 950 200 1448 300 583 400
187 0 5 62 0 425 100 718 200 1288 300 1330 400
188 0 5 614 0 985 100 1218 200 1009 300 1094 400
189 0 5 126 0 561 100 240 200 953 300 1434 400
190 0 5 217 0 328 100 1198 200 296 300 1043 400
191 0 5 1163 0 813 100 1338 200 1071 300 439 400
192 0 5 67 0 1402 100 414 200 219 300 1202 400
193 0 5 495 0 1207 100 1236 200 928 300 752 400
194 0 5 228 0 1054 100 1477 200 879 300 1252 400
195 0 5 795 0 1335 100 1454 200 1494 300 258 400
196 0 5 716 0 107 100 531 200 66 300 889 400
197 0 5 1059 0 715 100 1015 200 1099 300 8 400
198 0 5 344 0 411 100 1422 200 742 300 1391 400
199 0 5 1110 0 662 100 727 200 94 300 472 400
200 0 5 866 0 142 100 861 200 1082 300 91 400
201 0 5 1075 0 150 100 772 200 873 300 719 400
202 0 5 1105 0 993 100 1327 200 321 300 1271 400
203 0 5 987 0 1470 100 1444 200 53 300 880 400
204 0 5 1415 0 1482 100 386 200 1326 300 1245 400
205 0 5 99 0 337 100 1039 200 475 300 1104 400
206 0 5 771 0 389 100 41 200 647 300 1326 400
207 0 5 212 0 562 100 739 200 326 300 872 400
208 0 5 1484 0 623 100 1412 200 336 300 867 400
209 0 5 1327 0 499 100 58 200 1105 300 202 400
210 0 5 363 0 951 100 554 200 456 300 594 400
211 0 5 700 0 213 100 604 200 819 300 1220 400
212 0 5 120 0 207 100 1237 200 94 300 329 400
213 0 5 1212 0 211 100 69 200 474 300 1047 400
214 0 5 682 0 644 100 630 200 1314 300 1078 400
215 0 5 398 0 683 100 865 200 340 300 1324 400
216 0 5 891 0 761 100 1321 200 234 300 62 400
217 0 5 190 0 328 100 1198 200 1043 300 296 400
218 0 5 857 0 312 100 436 200 550 300 260 400
219 0 5 282 0 65 100 1402 200 86 300 414 400
220 0 5 491 0 1056 100 584 200 1262 300 243 400
221 0 5 278 0 1026 100 916 200 1179 300 1173 400
222 0 5 1111 0 598 100 84 200 762 300 928 400
223 0 5 1177 0 750 100 651 200 153 300 1183 400
224 0 5 929 0 351 100 391 200 1346 300 233 400
225 0 5 949 0 85 100 966 200 1031 300 333 400
226 0 5 706 0 929 100 233 200 224 300 1465 400
227 0 5 681 0 607 100 913 200 127 300 231 400
228 0 5 33 0 194 100 1054 200 1417 300 1477 400
229 0 5 596 0 1444 100 95 200 438 300 1040 400
230 0 5 1420 0 890 100 1254 200 455 300 756 400
231 0 5 507 0 503 100 913 200 227 300 101 400
232 0 5 49 0 1510 100 1509 200 1425 300 133 400
233 0 5 712 0 1346 100 929 200 226 300 305 400
234 0 5 585 0 62 100 216 200 853 300 613 400
235 0 5 1456 0 1388 100 1339 200 828 300 1122 400
236 0 5 1332 0 71 100 63 200 1038 300 1132 400
237 0 5 1154 0 377 100 894 200 1400 300 93 400
238 0 5 322 0 463 100 789 200 892 300 1183 400
239 0 5 1371 0 1243 100 1324 200 784 300 20 400
240 0 5 126 0 189 100 8 200 314 300 1491 400
241 0 5 895 0 19 100 750 200 110 300 1183 400
242 0 5 1129 0 165 100 798 200 684 300 1052 400
243 0 5 1291 0 1435 100 1010 200 961 300 1056 400
244 0 5 170 0 506 100 68 200 901 300 788 400
245 0 5 109 0 1267 100 592 200 1493 300 1325 400
246 0 5 172 0 971 100 611 200 626 300 847 400
247 0 5 642 0 1001 100 1051 200 1017 300 918 400
248 0 5 764 0 888 100 470 200 1343 300 583 400
249 0 5 732 0 1483 100 754 200 782 300 975 400
250 0 5 1153 0 1389 100 1438 200 518 300 1496 400
251 0 5 439 0 1071 100 925 200 191 300 1354 400
252 0 5 1432 0 733 100 1135 200 4 300 608 400
253 0 5 902 0 919 100 1017 200 703 300 585 400
254 0 5 1062 0 1143 100 1176 200 1037 300 81 400
255 0 5 568 0 545 100 786 200 266 300 102 400
256 0 5 385 0 602 100 907 200 1197 300 71 400
257 0 5 972 0 1007 100 317 200 276 300 1446 400
258 0 5 578 0 709 100 721 200 1427 300 1454 400
259 0 5 963 0 1360 100 852 200 348 300 1086 400
260 0 5 579 0 288 100 436 200 1340 300 148 400
261 0 5 1203 0 1413 100 72 200 968 300 19 400
262 0 5 428 0 611 100 1439 200 335 300 847 400
263 0 5 582 0 365 100 506 200 393 300 1282 400
264 0 5 76 0 1276 100 810 200 331 300 1425 400
265 0 5 1157 0 765 100 1032 200 73 300 11 400
266 0 5 1270 0 786 100 545 200 1429 300 102 400
267 0 5 157 0 407 100 39 200 686 300 663 400
268 0 5 1451 0 1433 100 1133 200 672 300 909 400
269 0 5 339 0 805 100 501 200 1440 300 1429 400
270 0 5 1293 0 129 100 1277 200 292 300 667 400
271 0 5 556 0 1217 100 718 200 491 300 584 400
272 0 5 338 0 1030 100 117 200 645 300 274 400
273 0 5 1174 0 729 100 628 200 184 300 1252 400
274 0 5 1030 0 1301 100 96 200 1125 300 742 400
275 0 5 849 0 358 100 1440 200 89 300 1349 400
276 0 5 1436 0 745 100 257 200 972 300 174 400
277 0 5 1356 0 589 100 1105 200 10 300 1050 400
278 0 5 1026 0 221 100 916 200 690 300 1331 400
279 0 5 80 0 498 100 401 200 1287 300 560 400
280 0 5 1199 0 1227 100 408 200 863 300 674 400
281 0 5 1307 0 1193 100 1165 200 876 300 1500 400
282 0 5 526 0 219 100 1158 200 65 300 339 400
283 0 5 9 0 815 100 756 200 1137 300 1000 400
284 0 5 605 0 1372 100 975 200 1195 300 20 400
285 0 5 1491 0 435 100 380 200 314 300 356 400
286 0 5 1428 0 159 100 1088 200 1182 300 1158 400
287 0 5 29 0 60 100 121 200 411 300 2 400
288 0 5 320 0 260 100 579 200 97 300 857 400
289 0 5 1247 0 551 100 604 200 760 300 1080 400
290 0 5 311 0 1240 100 609 200 1475 300 1365 400
291 0 5 1472 0 591 100 175 200 1299 300 60 400
292 0 5 1362 0 850 100 129 200 862 300 475 400
293 0 5 546 0 922 100 702 200 166 300 1396 400
294 0 5 1490 0 534 100 752 200 843 300 1113 400
295 0 5 1353 0 162 100 701 200 1245 300 1159 400
296 0 5 59 0 1043 100 190 200 217 300 560 400
297 0 5 1431 0 776 100 308 200 160 300 328 400
298 0 5 1421 0 300 100 1150 200 447 300 1377 400
299 0 5 1461 0 1273 100 625 200 817 300 531 400
300 0 5 298 0 1416 100 7 200 898 300 1421 400
301 0 5 1029 0 341 100 1252 200 943 300 851 400
302 0 5 1458 0 1019 100 409 200 18 300 680 400
303 0 5 515 0 699 100 1060 200 44 300 931 400
304 0 5 133 0 859 100 1352 200 959 300 1307 400
305 0 5 1346 0 1403 100 391 200 115 300 233 400
306 0 5 1142 0 824 100 837 200 313 300 429 400
307 0 5 45 0 1380 100 1210 200 564 300 1467 400
308 0 5 616 0 517 100 297 200 1341 300 160 400
309 0 5 52 0 508 100 779 200 764 300 1343 400
310 0 5 330 0 763 100 766 200 1183 300 391 400
311 0 5 290 0 609 100 1290 200 1475 300 1240 400
312 0 5 550 0 218 100 135 200 436 300 857 400
313 0 5 824 0 441 100 429 200 1142 300 306 400
314 0 5 1491 0 816 100 8 200 240 300 126 400
315 0 5 326 0 113 100 207 200 562 300 1237 400
316 0 5 113 0 946 100 858 200 7 300 965 400
317 0 5 1100 0 745 100 257 200 366 300 276 400
318 0 5 323 0 1275 100 854 200 900 300 1182 400
319 0 5 1268 0 1339 100 1388 200 828 300 235 400
320 0 5 288 0 502 100 1027 200 327 300 260 400
321 0 5 442 0 1271 100 843 200 202 300 1490 400
322 0 5 238 0 789 100 463 200 1183 300 35 400
323 0 5 318 0 1275 100 854 200 505 300 480 400
324 0 5 161 0 1289 100 871 200 1281 300 1476 400
325 0 5 449 0 1309 100 508 200 538 300 541 400
326 0 5 315 0 120 100 1237 200 207 300 212 400
327 0 5 362 0 857 100 997 200 1225 300 320 400
328 0 5 1431 0 217 100 190 200 297 300 776 400
329 0 5 872 0 608 100 576 200 212 300 207 400
330 0 5 310 0 1192 100 766 200 1393 300 977 400
331 0 5 1425 0 1513 100 1512 200 264 300 846 400
332 0 5 1262 0 1288 100 718 200 969 300 1217 400
333 0 5 898 0 966 100 777 200 225 300 1244 400
334 0 5 924 0 132 100 1171 200 657 300 98 400
335 0 5 1224 0 643 100 1439 200 428 300 262 400
336 0 5 521 0 623 100 920 200 208 300 1401 400
337 0 5 205 0 841 100 489 200 99 300 357 400
338 0 5 381 0 645 100 272 200 809 300 1232 400
339 0 5 269 0 1158 100 820 200 1440 300 668 400
340 0 5 865 0 398 100 1372 200 1324 300 215 400
341 0 5 927 0 1029 100 301 200 654 300 1468 400
342 0 5 699 0 641 100 44 200 1155 300 1060 400
343 0 5 89 0 926 100 1488 200 3 300 443 400
344 0 5 198 0 26 100 742 200 995 300 736 400
345 0 5 1003 0 158 100 1126 200 619 300 861 400
346 0 5 703 0 688 100 725 200 638 300 1017 400
347 0 5 58 0 1038 100 412 200 993 300 499 400
348 0 5 1086 0 1445 100 259 200 1284 300 963 400
349 0 5 125 0 1377 100 1416 200 1109 300 1421 400
350 0 5 1308 0 807 100 1141 200 956 300 738 400
351 0 5 90 0 391 100 224 200 73 300 11 400
352 0 5 1419 0 1126 100 1406 200 345 300 1295 400
353 0 5 867 0 1379 100 569 200 1442 300 400 400
354 0 5 1488 0 926 100 373 200 343 300 443 400
355 0 5 646 0 155 100 864 200 137 300 767 400
356 0 5 464 0 435 100 380 200 189 300 1491 400
357 0 5 631 0 841 100 1104 200 337 300 442 400
358 0 5 1202 0 275 100 1440 200 501 300 849 400
359 0 5 179 0 701 100 382 200 1159 300 1311 400
360 0 5 984 0 956 100 795 200 1141 300 1494 400
361 0 5 1300 0 421 100 1404 200 905 300 620 400
362 0 5 327 0 417 100 1066 200 1225 300 967 400
363 0 5 554 0 210 100 1086 200 963 300 594 400
364 0 5 1166 0 1317 100 135 200 1186 300 939 400
365 0 5 263 0 510 100 901 200 1282 300 522 400
366 0 5 516 0 1175 100 153 200 867 300 781 400
367 0 5 1259 0 723 100 993 200 897 300 631 400
368 0 5 444 0 370 100 1020 200 1149 300 1004 400
369 0 5 1449 0 1243 100 856 200 239 300 597 400
370 0 5 923 0 949 100 368 200 447 300 828 400
371 0 5 1445 0 374 100 554 200 691 300 57 400
372 0 5 968 0 136 100 1203 200 1413 300 778 400
373 0 5 1233 0 538 100 354 200 1395 300 926 400
374 0 5 900 0 371 100 57 200 691 300 480 400
375 0 5 904 0 832 100 1492 200 13 300 1097 400
376 0 5 160 0 1337 100 382 200 1211 300 633 400
377 0 5 894 0 237 100 1170 200 1154 300 1364 400
378 0 5 1211 0 1194 100 776 200 382 300 64 400
379 0 5 1367 0 79 100 957 200 660 300 835 400
380 0 5 141 0 285 100 356 200 1117 300 504 400
381 0 5 338 0 1232 100 809 200 645 300 272 400
382 0 5 701 0 376 100 359 200 633 300 179 400
383 0 5 830 0 498 100 774 200 670 300 1013 400
384 0 5 396 0 773 100 1466 200 503 300 692 400
385 0 5 256 0 907 100 1197 200 951 300 1085 400
386 0 5 1399 0 1482 100 204 200 1075 300 542 400
387 0 5 1263 0 369 100 1449 200 796 300 612 400
388 0 5 538 0 1233 100 1309 200 541 300 373 400
389 0 5 647 0 206 100 41 200 771 300 201 400
390 0 5 1021 0 760 100 836 200 267 300 1080 400
391 0 5 351 0 1346 100 224 200 899 300 305 400
392 0 5 1036 0 1298 100 792 200 1120 300 903 400
393 0 5 582 0 533 100 1131 200 263 300 1282 400
394 0 5 996 0 711 100 901 200 788 300 510 400
395 0 5 1447 0 635 100 461 200 916 300 105 400
396 0 5 588 0 384 100 503 200 773 300 881 400
397 0 5 32 0 1161 100 1280 200 1090 300 1462 400
398 0 5 539 0 215 100 340 200 1324 300 1139 400
399 0 5 1124 0 838 100 94 200 733 300 797 400
400 0 5 1148 0 1379 100 569 200 623 300 208 400
401 0 5 1013 0 498 100 825 200 279 300 830 400
402 0 5 1162 0 1277 100 6 200 1293 300 687 400
403 0 5 973 0 1334 100 536 200 51 300 728 400
404 0 5 547 0 787 100 906 200 127 300 989 400
405 0 5 1107 0 1027 100 26 200 502 300 705 400
406 0 5 601 0 771 100 883 200 1326 300 935 400
407 0 5 100 0 663 100 267 200 45 300 1081 400
408 0 5 1199 0 1272 100 280 200 1282 300 863 400
409 0 5 302 0 18 100 1019 200 1092 300 572 400
410 0 5 719 0 1136 100 708 200 1012 300 201 400
411 0 5 287 0 1391 100 60 200 198 300 121 400
412 0 5 1259 0 897 100 63 200 1038 300 696 400
413 0 5 106 0 578 100 487 200 258 300 420 400
414 0 5 65 0 67 100 192 200 219 300 831 400
415 0 5 30 0 988 100 569 200 1442 300 1164 400
416 0 5 1122 0 1151 100 24 200 1134 300 938 400
417 0 5 742 0 1127 100 362 200 1066 300 96 400
418 0 5 176 0 1510 100 1511 200 528 300 893 400
419 0 5 694 0 174 100 75 200 17 300 643 400
420 0 5 106 0 998 100 685 200 140 300 532 400
421 0 5 887 0 361 100 905 200 1246 300 1404 400
422 0 5 56 0 1410 100 95 200 1042 300 581 400
423 0 5 633 0 941 100 1337 200 676 300 1014 400
424 0 5 1424 0 1133 100 1189 200 1433 300 707 400
425 0 5 1217 0 187 100 979 200 853 300 718 400
426 0 5 603 0 903 100 1370 200 1364 300 1407 400
427 0 5 1401 0 185 100 920 200 1357 300 842 400
428 0 5 262 0 611 100 847 200 1439 300 335 400
429 0 5 1142 0 313 100 675 200 1393 300 1366 400
430 0 5 455 0 890 100 1394 200 1254 300 756 400
431 0 5 936 0 1145 100 1392 200 749 300 945 400
432 0 5 661 0 878 100 1005 200 1310 300 576 400
433 0 5 1095 0 684 100 798 200 1152 300 186 400
434 0 5 523 0 1342 100 529 200 599 300 1380 400
435 0 5 1491 0 356 100 285 200 380 300 189 400
436 0 5 550 0 218 100 260 200 939 300 148 400
437 0 5 964 0 1287 100 664 200 1341 300 1077 400
438 0 5 1283 0 138 100 229 200 1444 300 513 400
439 0 5 813 0 251 100 191 200 1354 300 925 400
440 0 5 573 0 152 100 841 200 1255 300 723 400
441 0 5 313 0 1386 100 824 200 429 300 1142 400
442 0 5 321 0 1271 100 631 200 1104 300 357 400
443 0 5 659 0 926 100 3 200 343 300 1501 400
444 0 5 368 0 1004 100 1020 200 1114 300 561 400
445 0 5 786 0 18 100 1458 200 568 300 680 400
446 0 5 111 0 468 100 1351 200 1280 300 1383 400
447 0 5 85 0 1377 100 1150 200 298 300 923 400
448 0 5 1465 0 1495 100 791 200 151 300 1370 400
449 0 5 325 0 538 100 1309 200 508 300 388 400
450 0 5 12 0 95 100 1313 200 56 300 422 400
451 0 5 574 0 1200 100 945 200 1145 300 749 400
452 0 5 143 0 653 100 514 200 731 300 1074 400
453 0 5 981 0 586 100 515 200 1376 300 1169 400
454 0 5 1463 0 537 100 930 200 466 300 1103 400
455 0 5 430 0 548 100 1406 200 743 300 1419 400
456 0 5 812 0 951 100 210 200 933 300 755 400
457 0 5 78 0 1011 100 1329 200 558 300 1109 400
458 0 5 1160 0 486 100 161 200 1476 300 1208 400
459 0 5 780 0 1297 100 40 200 1096 300 626 400
460 0 5 1134 0 1459 100 1304 200 1295 300 958 400
461 0 5 1179 0 916 100 395 200 1447 300 221 400
462 0 5 1046 0 165 100 1052 200 149 300 519 400
463 0 5 238 0 974 100 892 200 1183 300 322 400
464 0 5 1453 0 356 100 878 200 380 300 1201 400
465 0 5 712 0 1452 100 151 200 183 300 226 400
466 0 5 1185 0 1479 100 61 200 1463 300 930 400
467 0 5 677 0 557 100 999 200 46 300 1419 400
468 0 5 1383 0 680 100 446 200 111 300 1395 400
469 0 5 484 0 1457 100 510 200 365 300 1455 400
470 0 5 1409 0 1235 100 583 200 888 300 248 400
471 0 5 570 0 1068 100 881 200 1390 300 731 400
472 0 5 917 0 882 100 199 200 482 300 1110 400
473 0 5 948 0 1342 100 1048 200 988 300 1302 400
474 0 5 513 0 14 100 213 200 1410 300 1042 400
475 0 5 50 0 850 100 1104 200 1039 300 205 400
476 0 5 1448 0 482 100 186 200 1067 300 950 400
477 0 5 820 0 1382 100 980 200 805 300 1158 400
478 0 5 1001 0 918 100 489 200 1246 300 500 400
479 0 5 757 0 116 100 1031 200 1005 300 949 400
480 0 5 673 0 57 100 900 200 374 300 1275 400
481 0 5 1228 0 837 100 896 200 1184 300 1366 400
482 0 5 476 0 1067 100 1448 200 917 300 472 400
483 0 5 508 0 779 100 156 200 925 300 713 400
484 0 5 469 0 595 100 510 200 943 300 1455 400
485 0 5 610 0 1036 100 1170 200 903 300 392 400
486 0 5 1476 0 886 100 458 200 1037 300 81 400
487 0 5 22 0 525 100 413 200 1474 300 1318 400
488 0 5 992 0 1023 100 1176 200 608 300 4 400
489 0 5 500 0 99 100 337 200 478 300 1002 400
490 0 5 84 0 1481 100 590 200 222 300 746 400
491 0 5 220 0 1262 100 271 200 718 300 969 400
492 0 5 758 0 1195 100 1030 200 645 300 975 400
493 0 5 722 0 952 100 884 200 978 300 580 400
494 0 5 1018 0 122 100 971 200 611 300 626 400
495 0 5 193 0 933 100 1207 200 1381 300 1236 400
496 0 5 48 0 756 100 921 200 1000 300 283 400
497 0 5 2 0 287 100 1206 200 69 300 121 400
498 0 5 383 0 830 100 401 200 279 300 670 400
499 0 5 1327 0 209 100 58 200 993 300 347 400
500 0 5 489 0 1002 100 850 200 1362 300 99 400
501 0 5 1440 0 1429 100 1349 200 269 300 794 400
502 0 5 652 0 320 100 1027 200 967 300 405 400
503 0 5 231 0 913 100 396 200 384 300 1208 400
504 0 5 1117 0 1310 100 800 200 380 300 141 400
505 0 5 854 0 1182 100 323 200 86 300 900 400
506 0 5 244 0 68 100 1317 200 263 300 128 400
507 0 5 231 0 1216 100 913 200 227 300 1208 400
508 0 5 483 0 309 100 325 200 779 300 1309 400
509 0 5 1236 0 752 100 843 200 294 300 193 400
510 0 5 844 0 365 100 484 200 34 300 901 400
511 0 5 1204 0 1213 100 1097 200 682 300 904 400
512 0 5 648 0 1053 100 583 200 950 300 1405 400
513 0 5 535 0 474 100 14 200 1042 300 438 400
514 0 5 653 0 1074 100 452 200 731 300 773 400
515 0 5 303 0 981 100 453 200 44 300 1060 400
516 0 5 781 0 366 100 153 200 1188 300 30 400
517 0 5 941 0 1215 100 308 200 1337 300 1341 400
518 0 5 1444 0 1389 100 1470 200 250 300 1438 400
519 0 5 814 0 149 100 1281 200 180 300 1046 400
520 0 5 522 0 1272 100 1282 200 565 300 1455 400
521 0 5 336 0 920 100 1268 200 623 300 208 400
522 0 5 520 0 1455 100 365 200 1282 300 565 400
523 0 5 434 0 564 100 529 200 599 300 1306 400
524 0 5 934 0 61 100 637 200 1264 300 1463 400
525 0 5 487 0 759 100 1474 200 1323 300 37 400
526 0 5 1158 0 282 100 1382 200 1182 300 820 400
527 0 5 1116 0 852 100 1269 200 1156 300 1360 400
528 0 5 683 0 1507 100 1508 200 418 300 176 400
529 0 5 523 0 434 100 610 200 599 300 1036 400
530 0 5 553 0 1261 100 1344 200 1032 300 964 400
531 0 5 625 0 716 100 1350 200 817 300 196 400
532 0 5 685 0 627 100 998 200 833 300 420 400
533 0 5 393 0 128 100 1131 200 263 300 825 400
534 0 5 600 0 294 100 543 200 1113 300 752 400
535 0 5 513 0 1042 100 95 200 474 300 1410 400
536 0 5 575 0 1070 100 82 200 1181 300 403 400
537 0 5 930 0 454 100 609 200 571 300 839 400
538 0 5 449 0 388 100 373 200 1233 300 1309 400
539 0 5 398 0 784 100 1324 200 1371 300 239 400
540 0 5 1155 0 98 100 924 200 1189 300 1063 400
541 0 5 1006 0 1309 100 1395 200 388 300 1233 400
542 0 5 147 0 1245 100 64 200 1399 300 1250 400
543 0 5 746 0 600 100 1113 200 534 300 770 400
544 0 5 1107 0 995 100 26 200 976 300 705 400
545 0 5 102 0 255 100 266 200 568 300 1429 400
546 0 5 922 0 293 100 166 200 215 300 683 400
547 0 5 404 0 787 100 127 200 906 300 618 400
548 0 5 743 0 455 100 937 200 1254 300 1394 400
549 0 5 807 0 1008 100 672 200 657 300 132 400
550 0 5 312 0 436 100 218 200 135 300 364 400
551 0 5 289 0 760 100 1247 200 836 300 1080 400
552 0 5 1168 0 640 100 1478 200 753 300 167 400
553 0 5 530 0 964 100 1261 200 1287 300 1344 400
554 0 5 363 0 1086 100 691 200 371 300 210 400
555 0 5 937 0 999 100 557 200 1394 300 467 400
556 0 5 271 0 1460 100 1217 200 1373 300 584 400
557 0 5 467 0 748 100 621 200 555 300 999 400
558 0 5 108 0 78 100 457 200 978 300 1416 400
559 0 5 91 0 1249 100 563 200 1398 300 1456 400
560 0 5 825 0 59 100 80 200 279 300 296 400
561 0 5 1020 0 189 100 1201 200 1434 300 1114 400
562 0 5 777 0 207 100 739 200 1024 300 315 400
563 0 5 1398 0 988 100 559 200 91 300 1148 400
564 0 5 1081 0 523 100 1306 200 1380 300 434 400
565 0 5 1282 0 826 100 520 200 1272 300 522 400
566 0 5 1248 0 1057 100 154 200 1068 300 886 400
567 0 5 1106 0 1207 100 1312 200 1156 300 495 400
568 0 5 255 0 786 100 545 200 445 300 266 400
569 0 5 415 0 1379 100 1442 200 1148 300 400 400
570 0 5 471 0 1068 100 1061 200 881 300 1322 400
571 0 5 1015 0 839 100 1033 200 930 300 537 400
572 0 5 1414 0 1269 100 1138 200 409 300 182 400
573 0 5 440 0 723 100 841 200 631 300 1255 400
574 0 5 1221 0 451 100 1200 200 945 300 749 400
575 0 5 615 0 536 100 879 200 134 300 82 400
576 0 5 910 0 661 100 1347 200 1251 300 608 400
577 0 5 1292 0 1185 100 839 200 1033 300 1230 400
578 0 5 1427 0 258 100 413 200 1087 300 1318 400
579 0 5 1340 0 260 100 97 200 288 300 148 400
580 0 5 884 0 493 100 952 200 1265 300 634 400
581 0 5 1410 0 1042 100 474 200 535 300 793 400
582 0 5 393 0 263 100 1282 200 365 300 1131 400
583 0 5 512 0 888 100 470 200 1405 300 114 400
584 0 5 1229 0 1460 100 271 200 556 300 220 400
585 0 5 234 0 613 100 62 200 902 300 1330 400
586 0 5 453 0 1497 100 639 200 1376 300 870 400
587 0 5 747 0 788 100 711 200 1147 300 650 400
588 0 5 396 0 881 100 1390 200 503 300 773 400
589 0 5 1050 0 277 100 1356 200 1105 300 1197 400
590 0 5 1376 0 490 100 1060 200 598 300 1481 400
591 0 5 291 0 175 100 1511 200 1512 300 60 400
592 0 5 859 0 1307 100 1500 200 133 300 304 400
593 0 5 1509 0 1508 100 1358 200 29 300 793 400
594 0 5 908 0 963 100 210 200 1207 300 363 400
595 0 5 851 0 484 100 943 200 34 300 301 400
596 0 5 229 0 1040 100 775 200 95 300 12 400
597 0 5 612 0 1041 100 856 200 962 300 387 400
598 0 5 84 0 641 100 222 200 1189 300 590 400
599 0 5 1303 0 434 100 529 200 1342 300 948 400
600 0 5 1231 0 534 100 543 200 746 300 1113 400
601 0 5 406 0 883 100 1326 200 41 300 204 400
602 0 5 1132 0 256 100 71 200 1332 300 236 400
603 0 5 426 0 1128 100 1370 200 1407 300 151 400
604 0 5 819 0 213 100 211 200 289 300 840 400
605 0 5 732 0 284 100 1123 200 1195 300 975 400
606 0 5 1499 0 1350 100 70 200 990 300 196 400
607 0 5 940 0 787 100 227 200 681 300 913 400
608 0 5 800 0 329 100 1176 200 4 300 576 400
609 0 5 1290 0 311 100 1369 200 537 300 1059 400
610 0 5 485 0 1306 100 529 200 1170 300 617 400
611 0 5 262 0 428 100 246 200 494 300 847 400
612 0 5 134 0 597 100 387 200 369 300 1263 400
613 0 5 919 0 585 100 234 200 703 300 1330 400
614 0 5 188 0 985 100 1218 200 1009 300 1161 400
615 0 5 575 0 134 100 879 200 1263 300 1477 400
616 0 5 308 0 1198 100 1341 200 664 300 437 400
617 0 5 1397 0 970 100 1306 200 610 300 1170 400
618 0 5 1274 0 637 100 934 200 404 300 547 400
619 0 5 158 0 804 100 1467 200 345 300 1406 400
620 0 5 1404 0 1288 100 1300 200 361 300 1277 400
621 0 5 748 0 1418 100 799 200 557 300 665 400
622 0 5 1438 0 1473 100 438 200 1137 300 138 400
623 0 5 208 0 336 100 1498 200 400 300 521 400
624 0 5 1451 0 1320 100 909 200 1138 300 672 400
625 0 5 531 0 1461 100 1273 200 299 300 817 400
626 0 5 785 0 1430 100 246 200 40 300 971 400
627 0 5 532 0 1153 100 1438 200 1473 300 1496 400
628 0 5 1054 0 729 100 273 200 1252 300 1477 400
629 0 5 168 0 1099 100 693 200 911 300 8 400
630 0 5 644 0 214 100 1101 200 1241 300 801 400
631 0 5 357 0 841 100 442 200 1271 300 723 400
632 0 5 1363 0 51 100 1334 200 973 300 163 400
633 0 5 423 0 1337 100 382 200 376 300 941 400
634 0 5 811 0 1058 100 722 200 1067 300 884 400
635 0 5 395 0 1296 100 105 200 1426 300 1130 400
636 0 5 982 0 1251 100 1347 200 1005 300 1031 400
637 0 5 934 0 618 100 524 200 1264 300 404 400
638 0 5 696 0 1255 100 688 200 897 300 802 400
639 0 5 835 0 821 100 1336 200 586 300 379 400
640 0 5 552 0 167 100 753 200 649 300 1219 400
641 0 5 1155 0 598 100 342 200 590 300 1189 400
642 0 5 887 0 247 100 131 200 918 300 1017 400
643 0 5 335 0 694 100 1436 200 419 300 1224 400
644 0 5 630 0 214 100 682 200 1241 300 1101 400
645 0 5 338 0 758 100 381 200 1232 300 782 400
646 0 5 355 0 767 100 1108 200 864 300 1045 400
647 0 5 389 0 1012 100 206 200 771 300 41 400
648 0 5 512 0 1405 100 950 200 583 300 1053 400
649 0 5 1219 0 704 100 16 200 640 300 693 400
650 0 5 747 0 997 100 135 200 1225 300 857 400
651 0 5 1294 0 223 100 1430 200 892 300 1177 400
652 0 5 1016 0 502 100 967 200 26 300 362 400
653 0 5 514 0 452 100 1240 200 143 300 1365 400
654 0 5 674 0 341 100 943 200 1227 300 1468 400
655 0 5 1360 0 1284 100 1190 200 737 300 348 400
656 0 5 1242 0 801 100 874 200 1084 300 1078 400
657 0 5 132 0 738 100 1171 200 334 300 549 400
658 0 5 1135 0 783 100 834 200 1052 300 1469 400
659 0 5 443 0 1395 100 1270 200 1501 300 926 400
660 0 5 79 0 1336 100 1073 200 379 300 1489 400
661 0 5 1310 0 432 100 576 200 504 300 800 400
662 0 5 1152 0 727 100 199 200 917 300 797 400
663 0 5 836 0 407 100 45 200 267 300 840 400
664 0 5 1172 0 1287 100 437 200 964 300 1341 400
665 0 5 799 0 1474 100 1323 200 748 300 525 400
666 0 5 137 0 864 100 355 200 753 300 1230 400
667 0 5 21 0 1489 100 79 200 139 300 1055 400
668 0 5 831 0 1440 100 1202 200 339 300 65 400
669 0 5 932 0 1467 100 741 200 804 300 619 400
670 0 5 1157 0 1091 100 383 200 498 300 279 400
671 0 5 169 0 842 100 695 200 1004 300 1357 400
672 0 5 909 0 549 100 1433 200 268 300 624 400
673 0 5 480 0 885 100 691 200 57 300 900 400
674 0 5 1227 0 654 100 863 200 280 300 943 400
675 0 5 977 0 15 100 429 200 1393 300 35 400
676 0 5 1014 0 87 100 423 200 941 300 23 400
677 0 5 740 0 467 100 1459 200 1295 300 1419 400
678 0 5 889 0 107 100 1493 200 25 300 818 400
679 0 5 1102 0 1108 100 173 200 1018 300 877 400
680 0 5 1458 0 1383 100 468 200 1019 300 302 400
681 0 5 227 0 913 100 607 200 231 300 127 400
682 0 5 214 0 1204 100 644 200 511 300 630 400
683 0 5 215 0 528 100 865 200 176 300 1520 400
684 0 5 1095 0 1196 100 1129 200 433 300 1064 400
685 0 5 532 0 998 100 420 200 827 300 106 400
686 0 5 39 0 267 100 93 200 157 300 705 400
687 0 5 1173 0 1162 100 6 200 994 300 402 400
688 0 5 346 0 1255 100 638 200 725 300 897 400
689 0 5 1190 0 980 100 805 200 477 300 1284 400
690 0 5 1026 0 1146 100 987 200 916 300 1331 400
691 0 5 57 0 951 100 554 200 371 300 673 400
692 0 5 989 0 1466 100 940 200 1264 300 384 400
693 0 5 911 0 1219 100 629 200 1191 300 649 400
694 0 5 174 0 419 100 643 200 75 300 1436 400
695 0 5 704 0 146 100 671 200 169 300 16 400
696 0 5 638 0 897 100 802 200 63 300 412 400
697 0 5 1096 0 1187 100 104 200 780 300 1228 400
698 0 5 885 0 1085 100 951 200 691 300 1197 400
699 0 5 342 0 303 100 1060 200 44 300 515 400
700 0 5 1220 0 211 100 819 200 27 300 1420 400
701 0 5 382 0 359 100 295 200 1159 300 179 400
702 0 5 1396 0 922 100 915 200 293 300 1516 400
703 0 5 346 0 725 100 1017 200 253 300 1375 400
704 0 5 649 0 695 100 16 200 640 300 146 400
705 0 5 39 0 1107 100 544 200 93 300 405 400
706 0 5 226 0 1465 100 724 200 1495 300 670 400
707 0 5 912 0 1312 100 1111 200 1133 300 1433 400
708 0 5 1136 0 1181 100 410 200 536 300 1411 400
709 0 5 721 0 258 100 1063 200 795 300 1423 400
710 0 5 1365 0 1103 100 1240 200 609 300 1264 400
711 0 5 394 0 844 100 587 200 510 300 788 400
712 0 5 465 0 233 100 115 200 305 300 1346 400
713 0 5 1257 0 156 100 483 200 1094 300 845 400
714 0 5 1093 0 1008 100 111 200 1092 300 446 400
715 0 5 1099 0 197 100 1191 200 1015 300 1059 400
716 0 5 531 0 196 100 817 200 107 300 25 400
717 0 5 817 0 177 100 1385 200 1118 300 25 400
718 0 5 1217 0 187 100 332 200 271 300 1288 400
719 0 5 1012 0 410 100 201 200 389 300 41 400
720 0 5 23 0 1215 100 875 200 1341 300 517 400
721 0 5 709 0 1423 100 751 200 258 300 1063 400
722 0 5 493 0 965 100 634 200 884 300 952 400
723 0 5 367 0 573 100 1255 200 631 300 897 400
724 0 5 1495 0 1186 100 706 200 1465 300 1286 400
725 0 5 703 0 1375 100 688 200 1255 300 1017 400
726 0 5 1498 0 1249 100 1398 200 1456 300 1148 400
727 0 5 797 0 94 100 662 200 199 300 838 400
728 0 5 103 0 1417 100 82 200 1334 300 51 400
729 0 5 796 0 273 100 628 200 184 300 1477 400
730 0 5 1450 0 164 100 1344 200 1328 300 936 400
731 0 5 1074 0 773 100 881 200 514 300 452 400
732 0 5 605 0 249 100 1195 200 782 300 1123 400
733 0 5 1135 0 252 100 1124 200 658 300 399 400
734 0 5 1355 0 77 100 1348 200 55 300 1009 400
735 0 5 826 0 1131 100 59 200 565 300 128 400
736 0 5 995 0 121 100 1391 200 1206 300 976 400
737 0 5 803 0 1414 100 182 200 655 300 1190 400
738 0 5 986 0 657 100 1308 200 1141 300 350 400
739 0 5 872 0 207 100 562 200 777 300 333 400
740 0 5 677 0 171 100 1279 200 1459 300 1316 400
741 0 5 804 0 1406 100 669 200 619 300 932 400
742 0 5 417 0 96 100 1016 200 344 300 274 400
743 0 5 937 0 1419 100 548 200 455 300 999 400
744 0 5 1478 0 1034 100 1045 200 1168 300 767 400
745 0 5 1294 0 276 100 317 200 257 300 1436 400
746 0 5 543 0 1266 100 600 200 1231 300 490 400
747 0 5 587 0 1147 100 650 200 788 300 1127 400
748 0 5 621 0 9 100 1323 200 557 300 665 400
749 0 5 1022 0 945 100 1221 200 431 300 1145 400
750 0 5 153 0 241 100 223 200 1183 300 261 400
751 0 5 931 0 1423 100 721 200 1205 300 258 400
752 0 5 509 0 294 100 928 200 534 300 1113 400
753 0 5 167 0 1230 100 1168 200 640 300 552 400
754 0 5 83 0 782 100 249 200 1483 300 975 400
755 0 5 812 0 1239 100 933 200 1197 300 456 400
756 0 5 496 0 1394 100 283 200 430 300 48 400
757 0 5 479 0 1031 100 1005 200 949 300 116 400
758 0 5 492 0 782 100 645 200 1195 300 272 400
759 0 5 1319 0 1418 100 525 200 799 300 748 400
760 0 5 836 0 1080 100 390 200 551 300 1253 400
761 0 5 216 0 1321 100 891 200 5 300 1180 400
762 0 5 928 0 1256 100 1111 200 222 300 770 400
763 0 5 310 0 1443 100 1183 200 1403 300 391 400
764 0 5 248 0 1343 100 309 200 888 300 52 400
765 0 5 11 0 265 100 1032 200 936 300 73 400
766 0 5 1393 0 977 100 330 200 35 300 1192 400
767 0 5 864 0 646 100 1168 200 744 300 1045 400
768 0 5 792 0 1120 100 778 200 136 300 372 400
769 0 5 1385 0 915 100 177 200 1352 300 717 400
770 0 5 1113 0 928 100 752 200 543 300 222 400
771 0 5 206 0 406 100 41 200 389 300 647 400
772 0 5 163 0 150 100 1075 200 201 300 386 400
773 0 5 1074 0 384 100 731 200 514 300 396 400
774 0 5 1317 0 830 100 383 200 506 300 364 400
775 0 5 1506 0 1505 100 596 200 810 300 12 400
776 0 5 297 0 1431 100 378 200 1211 300 1194 400
777 0 5 562 0 1024 100 739 200 333 300 207 400
778 0 5 136 0 183 100 768 200 1407 300 372 400
779 0 5 92 0 483 100 52 200 309 300 508 400
780 0 5 459 0 104 100 697 200 1096 300 1297 400
781 0 5 516 0 1442 100 30 200 1188 300 366 400
782 0 5 754 0 758 100 249 200 1195 300 83 400
783 0 5 180 0 1469 100 658 200 1432 300 519 400
784 0 5 539 0 962 100 1371 200 856 300 1041 400
785 0 5 626 0 1187 100 1430 200 892 300 1096 400
786 0 5 445 0 266 100 568 200 255 300 1395 400
787 0 5 547 0 607 100 127 200 404 300 989 400
788 0 5 170 0 587 100 1147 200 135 300 650 400
789 0 5 322 0 35 100 238 200 1183 300 766 400
790 0 5 947 0 1470 100 1389 200 518 300 821 400
791 0 5 1370 0 151 100 448 200 1364 300 1452 400
792 0 5 1120 0 768 100 392 200 1188 300 1298 400
793 0 5 1410 0 56 100 1358 200 581 300 474 400
794 0 5 1349 0 1429 100 501 200 3 300 343 400
795 0 5 195 0 1494 100 360 200 1454 300 808 400
796 0 5 729 0 184 100 1449 200 1477 300 387 400
797 0 5 727 0 838 100 94 200 662 300 199 400
798 0 5 834 0 242 100 433 200 684 300 1052 400
799 0 5 665 0 1418 100 621 200 759 300 525 400
800 0 5 608 0 1310 100 504 200 1176 300 1062 400
801 0 5 656 0 874 100 1078 200 630 300 1242 400
802 0 5 1069 0 63 100 696 200 638 300 897 400
803 0 5 737 0 182 100 1414 200 655 300 572 400
804 0 5 741 0 619 100 1406 200 669 300 345 400
805 0 5 269 0 102 100 689 200 477 300 980 400
806 0 5 1143 0 992 100 1281 200 1476 300 1037 400
807 0 5 549 0 350 100 1308 200 1008 300 738 400
808 0 5 956 0 1494 100 1285 200 795 300 38 400
809 0 5 844 0 381 100 338 200 1125 300 1232 400
810 0 5 1503 0 1502 100 264 200 775 300 331 400
811 0 5 1058 0 634 100 1067 200 55 300 1035 400
812 0 5 755 0 456 100 933 200 1239 300 951 400
813 0 5 1338 0 439 100 191 200 1354 300 251 400
814 0 5 871 0 519 100 1046 200 1281 300 149 400
815 0 5 283 0 9 100 833 200 1137 300 1119 400
816 0 5 314 0 8 100 1369 200 1290 300 1059 400
817 0 5 717 0 1118 100 177 200 716 300 107 400
818 0 5 889 0 25 100 107 200 959 300 678 400
819 0 5 604 0 1220 100 840 200 700 300 211 400
820 0 5 477 0 1382 100 1158 200 339 300 1428 400
821 0 5 947 0 639 100 1167 200 1336 300 1222 400
822 0 5 1427 0 1454 100 1087 200 1213 300 1335 400
823 0 5 904 0 1319 100 13 200 525 300 759 400
824 0 5 306 0 313 100 441 200 1386 300 1142 400
825 0 5 560 0 128 100 401 200 1013 300 533 400
826 0 5 735 0 565 100 1131 200 1282 300 393 400
827 0 5 1474 0 1323 100 685 200 525 300 665 400
828 0 5 938 0 1122 100 923 200 235 300 1339 400
829 0 5 43 0 1311 100 179 200 382 300 935 400
830 0 5 774 0 383 100 498 200 1013 300 506 400
831 0 5 668 0 65 100 1202 200 67 300 339 400
832 0 5 1492 0 375 100 171 200 860 300 13 400
833 0 5 1119 0 1323 100 532 200 748 300 815 400
834 0 5 798 0 658 100 1124 200 1052 300 1135 400
835 0 5 639 0 1376 100 379 200 870 300 1336 400
836 0 5 663 0 760 100 390 200 267 300 551 400
837 0 5 481 0 1184 100 306 200 1366 300 1142 400
838 0 5 797 0 399 100 94 200 1124 300 727 400
839 0 5 1033 0 571 100 577 200 1185 300 930 400
840 0 5 944 0 1247 100 819 200 1210 300 604 400
841 0 5 631 0 357 100 152 200 337 300 573 400
842 0 5 1357 0 671 100 169 200 1004 300 920 400
843 0 5 10 0 1490 100 321 200 294 300 509 400
844 0 5 809 0 711 100 510 200 394 300 34 400
845 0 5 156 0 1079 100 1309 200 483 300 1378 400
846 0 5 331 0 1425 100 1291 200 105 300 76 400
847 0 5 942 0 428 100 611 200 246 300 1439 400
848 0 5 86 0 54 100 219 200 1182 300 282 400
849 0 5 275 0 1349 100 1440 200 89 300 501 400
850 0 5 1362 0 292 100 475 200 500 300 862 400
851 0 5 595 0 112 100 943 200 34 300 1345 400
852 0 5 527 0 908 100 1106 200 259 300 567 400
853 0 5 979 0 1485 100 425 200 234 300 187 400
854 0 5 505 0 318 100 323 200 1182 300 900 400
855 0 5 1471 0 1048 100 1302 200 1467 300 158 400
856 0 5 1041 0 369 100 597 200 784 300 962 400
857 0 5 218 0 327 100 997 200 650 300 1225 400
858 0 5 1110 0 882 100 123 200 316 300 113 400
859 0 5 959 0 592 100 304 200 133 300 1500 400
860 0 5 1304 0 1011 100 1329 200 832 300 1109 400
861 0 5 958 0 1126 100 1003 200 200 300 142 400
862 0 5 21 0 1238 100 292 200 850 300 139 400
863 0 5 960 0 280 100 674 200 654 300 1227 400
864 0 5 666 0 767 100 355 200 137 300 1168 400
865 0 5 340 0 176 100 683 200 215 300 528 400
866 0 5 200 0 1151 100 1121 200 958 300 416 400
867 0 5 353 0 1175 100 1484 200 1379 300 366 400
868 0 5 117 0 1299 100 1472 200 31 300 1195 400
869 0 5 1232 0 34 100 851 200 809 300 1345 400
870 0 5 1367 0 957 100 1376 200 1481 300 586 400
871 0 5 814 0 161 100 1281 200 1046 300 324 400
872 0 5 739 0 329 100 207 200 562 300 212 400
873 0 5 1333 0 1070 100 150 200 163 300 201 400
874 0 5 801 0 656 100 1078 200 1242 300 1084 400
875 0 5 1450 0 1341 100 23 200 720 300 164 400
876 0 5 1305 0 133 100 1076 200 1193 300 281 400
877 0 5 1115 0 1102 100 1018 200 983 300 1108 400
878 0 5 464 0 1453 100 432 200 1201 300 1005 400
879 0 5 82 0 615 100 575 200 1477 300 1263 400
880 0 5 53 0 1276 100 987 200 203 300 264 400
881 0 5 1390 0 588 100 731 200 471 300 1068 400
882 0 5 858 0 472 100 1110 200 199 300 123 400
883 0 5 601 0 935 100 406 200 1326 300 41 400
884 0 5 580 0 493 100 952 200 722 300 1265 400
885 0 5 698 0 673 100 691 200 1085 300 480 400
886 0 5 81 0 486 100 1248 200 1037 300 566 400
887 0 5 642 0 421 100 131 200 1404 300 918 400
888 0 5 248 0 583 100 1343 200 1053 300 470 400
889 0 5 818 0 678 100 1493 200 25 300 107 400
890 0 5 230 0 430 100 1420 200 1254 300 455 400
891 0 5 5 0 216 100 761 200 990 300 1180 400
892 0 5 463 0 974 100 1430 200 785 300 1183 400
893 0 5 1372 0 176 100 418 200 1324 300 528 400
894 0 5 377 0 1364 100 1170 200 237 300 1154 400
895 0 5 241 0 19 100 110 200 72 300 1183 400
896 0 5 1228 0 104 100 155 200 481 300 697 400
897 0 5 412 0 696 100 638 200 1259 300 723 400
898 0 5 333 0 1244 100 1024 200 300 300 7 400
899 0 5 90 0 1192 100 391 200 1145 300 351 400
900 0 5 374 0 1275 100 480 200 318 300 691 400
901 0 5 996 0 394 100 510 200 365 300 244 400
902 0 5 253 0 1017 100 919 200 585 300 131 400
903 0 5 1120 0 426 100 485 200 392 300 1036 400
904 0 5 823 0 375 100 1097 200 37 300 13 400
905 0 5 1246 0 421 100 361 200 1300 300 1404 400
906 0 5 1408 0 127 100 404 200 547 300 787 400
907 0 5 1085 0 385 100 256 200 951 300 1197 400
908 0 5 594 0 1106 100 852 200 1207 300 963 400
909 0 5 672 0 1138 100 624 200 1320 300 1092 400
910 0 5 576 0 1347 100 1251 200 661 300 329 400
911 0 5 693 0 1191 100 629 200 1099 300 1219 400
912 0 5 707 0 1156 100 1312 200 1111 300 1451 400
913 0 5 681 0 503 100 227 200 231 300 607 400
914 0 5 1039 0 50 100 1238 200 1490 300 1055 400
915 0 5 769 0 922 100 702 200 1396 300 1534 400
916 0 5 278 0 1179 100 461 200 690 300 221 400
917 0 5 472 0 1152 100 482 200 1448 300 662 400
918 0 5 478 0 1001 100 1246 200 642 300 247 400
919 0 5 253 0 613 100 902 200 703 300 585 400
920 0 5 427 0 1401 100 1268 200 336 300 521 400
921 0 5 48 0 1000 100 130 200 496 300 1137 400
922 0 5 546 0 702 100 915 200 293 300 1396 400
923 0 5 370 0 828 100 447 200 368 300 1377 400
924 0 5 334 0 540 100 1189 200 98 300 1171 400
925 0 5 1354 0 1094 100 251 200 439 300 483 400
926 0 5 443 0 354 100 343 200 3 300 659 400
927 0 5 1029 0 341 100 51 200 33 300 103 400
928 0 5 770 0 762 100 752 200 1256 300 193 400
929 0 5 73 0 224 100 226 200 233 300 1346 400
930 0 5 537 0 454 100 839 200 571 300 609 400
931 0 5 1205 0 751 100 1423 200 1144 300 303 400
932 0 5 669 0 1210 100 840 200 455 300 890 400
933 0 5 1207 0 495 100 812 200 755 300 456 400
934 0 5 637 0 524 100 618 200 61 300 1264 400
935 0 5 43 0 883 100 1311 200 1159 300 406 400
936 0 5 431 0 1392 100 1344 200 730 300 1032 400
937 0 5 743 0 555 100 1394 200 999 300 548 400
938 0 5 1122 0 828 100 1377 200 416 300 235 400
939 0 5 148 0 1286 100 436 200 1166 300 1340 400
940 0 5 607 0 989 100 692 200 913 300 503 400
941 0 5 423 0 517 100 1337 200 1215 300 676 400
942 0 5 847 0 1439 100 428 200 651 300 1430 400
943 0 5 851 0 595 100 654 200 301 300 484 400
944 0 5 1210 0 840 100 45 200 1247 300 663 400
945 0 5 1145 0 749 100 1221 200 451 300 431 400
946 0 5 7 0 316 100 113 200 965 300 300 400
947 0 5 790 0 821 100 1470 200 1167 300 1222 400
948 0 5 988 0 473 100 1342 200 1164 300 599 400
949 0 5 225 0 85 100 370 200 1031 300 757 400
950 0 5 1405 0 648 100 512 200 186 300 1053 400
951 0 5 456 0 210 100 691 200 1197 300 554 400
952 0 5 493 0 978 100 1265 200 884 300 580 400
953 0 5 1434 0 16 100 168 200 189 300 126 400
954 0 5 1235 0 1387 100 1226 200 114 300 583 400
955 0 5 1305 0 961 100 1056 200 1076 300 1193 400
956 0 5 1285 0 808 100 360 200 350 300 1141 400
957 0 5 1367 0 870 100 139 200 1481 300 379 400
958 0 5 861 0 1121 100 1126 200 460 300 200 400
959 0 5 859 0 1515 100 1514 200 1352 300 304 400
960 0 5 863 0 147 100 1480 200 1112 300 735 400
961 0 5 955 0 1291 100 1056 200 243 300 1425 400
962 0 5 1359 0 1041 100 784 200 856 300 597 400
963 0 5 594 0 259 100 210 200 363 300 1086 400
964 0 5 437 0 553 100 1287 200 1261 300 530 400
965 0 5 123 0 722 100 858 200 978 300 946 400
966 0 5 982 0 333 100 225 200 1031 300 636 400
967 0 5 652 0 1016 100 502 200 320 300 362 400
968 0 5 1203 0 372 100 261 200 1413 300 768 400
969 0 5 1010 0 1262 100 1130 200 332 300 1288 400
970 0 5 1306 0 617 100 1397 200 1081 300 157 400
971 0 5 172 0 122 100 246 200 494 300 40 400
972 0 5 257 0 1007 100 1446 200 174 300 276 400
973 0 5 403 0 1333 100 632 200 1334 300 536 400
974 0 5 1177 0 463 100 892 200 1183 300 223 400
975 0 5 31 0 1195 100 284 200 249 300 782 400
976 0 5 995 0 544 100 1391 200 736 300 121 400
977 0 5 675 0 1393 100 766 200 35 300 15 400
978 0 5 108 0 952 100 493 200 1265 300 965 400
979 0 5 853 0 1485 100 425 200 1044 300 1217 400
980 0 5 159 0 689 100 477 200 1284 300 805 400
981 0 5 453 0 515 100 1169 200 303 300 699 400
982 0 5 636 0 966 100 1031 200 1251 300 1347 400
983 0 5 155 0 1115 100 1102 200 1108 300 877 400
984 0 5 360 0 986 100 1141 200 795 300 956 400
985 0 5 188 0 614 100 1218 200 1094 300 1009 400
986 0 5 984 0 738 100 1141 200 657 300 1308 400
987 0 5 53 0 1470 100 203 200 690 300 1222 400
988 0 5 948 0 415 100 563 200 1164 300 473 400
989 0 5 692 0 940 100 787 200 607 300 404 400
990 0 5 1499 0 1374 100 606 200 891 300 5 400
991 0 5 1320 0 1269 100 1138 200 624 300 572 400
992 0 5 488 0 1176 100 806 200 1143 300 1062 400
993 0 5 1271 0 202 100 1327 200 1259 300 347 400
994 0 5 1173 0 1296 100 1426 200 221 300 687 400
995 0 5 736 0 544 100 976 200 26 300 1253 400
996 0 5 901 0 394 100 510 200 711 300 844 400
997 0 5 1225 0 650 100 857 200 135 300 327 400
998 0 5 420 0 685 100 532 200 106 300 140 400
999 0 5 555 0 467 100 1419 200 677 300 557 400
1000 0 5 48 0 1137 100 921 200 130 300 496 400
1001 0 5 478 0 918 100 247 200 337 300 1051 400
1002 0 5 500 0 1246 100 337 200 99 300 1362 400
1003 0 5 345 0 861 100 142 200 1126 300 158 400
1004 0 5 444 0 1114 100 1020 200 671 300 842 400
1005 0 5 1031 0 878 100 432 200 757 300 636 400
1006 0 5 1351 0 541 100 1178 200 446 300 1079 400
1007 0 5 1446 0 1412 100 972 200 257 300 1484 400
1008 0 5 714 0 1093 100 549 200 807 300 350 400
1009 0 5 614 0 1348 100 77 200 1071 300 985 400
1010 0 5 969 0 243 100 1130 200 1435 300 1291 400
1011 0 5 1329 0 860 100 1109 200 457 300 171 400
1012 0 5 647 0 719 100 389 200 410 300 206 400
1013 0 5 401 0 128 100 830 200 825 300 498 400
1014 0 5 676 0 23 100 875 200 28 300 423 400
1015 0 5 571 0 197 100 1059 200 839 300 609 400
1016 0 5 652 0 742 100 967 200 362 300 417 400
1017 0 5 902 0 703 100 1051 200 247 300 725 400
1018 0 5 494 0 1297 100 122 200 877 300 679 400
1019 0 5 302 0 1092 100 680 200 409 300 1458 400
1020 0 5 561 0 444 100 1004 200 1149 300 368 400
1021 0 5 1080 0 390 100 39 200 705 300 1206 400
1022 0 5 1328 0 749 100 1221 200 87 300 28 400
1023 0 5 4 0 488 100 1432 200 1176 300 1281 400
1024 0 5 777 0 898 100 562 200 315 300 7 400
1025 0 5 1224 0 173 100 1045 200 1034 300 335 400
1026 0 5 278 0 690 100 1331 200 1146 300 221 400
1027 0 5 1400 0 502 100 405 200 320 300 97 400
1028 0 5 1283 0 130 100 14 200 1384 300 438 400
1029 0 5 927 0 341 100 301 200 228 300 1468 400
1030 0 5 117 0 274 100 96 200 272 300 1301 400
1031 0 5 1005 0 757 100 982 200 225 300 949 400
1032 0 5 1344 0 765 100 530 200 265 300 936 400
1033 0 5 839 0 1230 100 577 200 1292 300 571 400
1034 0 5 744 0 1478 100 1486 200 1025 300 1224 400
1035 0 5 55 0 1241 100 1355 200 1101 300 630 400
1036 0 5 392 0 485 100 903 200 610 300 529 400
1037 0 5 81 0 1476 100 886 200 486 300 806 400
1038 0 5 347 0 63 100 412 200 236 300 993 400
1039 0 5 1104 0 50 100 914 200 205 300 475 400
1040 0 5 1444 0 596 100 229 200 203 300 95 400
1041 0 5 856 0 962 100 597 200 784 300 539 400
1042 0 5 535 0 1410 100 513 200 474 300 95 400
1043 0 5 1198 0 296 100 217 200 59 300 190 400
1044 0 5 1373 0 1180 100 979 200 1485 300 5 400
1045 0 5 173 0 744 100 1025 200 1108 300 1034 400
1046 0 5 462 0 149 100 871 200 1052 300 519 400
1047 0 5 1206 0 1212 100 69 200 121 300 1223 400
1048 0 5 855 0 1302 100 473 200 1471 300 1082 400
1049 0 5 117 0 42 100 60 200 1422 300 1472 400
1050 0 5 1487 0 589 100 1197 200 1356 300 1105 400
1051 0 5 1375 0 247 100 1017 200 152 300 1255 400
1052 0 5 1469 0 149 100 658 200 165 300 462 400
1053 0 5 1343 0 512 100 888 200 950 300 1338 400
1054 0 5 628 0 194 100 1477 200 228 300 729 400
1055 0 5 139 0 1258 100 1238 200 914 300 862 400
1056 0 5 220 0 961 100 955 200 243 300 969 400
1057 0 5 566 0 47 100 154 200 1068 300 101 400
1058 0 5 811 0 634 100 1067 200 55 300 1355 400
1059 0 5 197 0 8 100 1369 200 1015 300 609 400
1060 0 5 303 0 1376 100 590 200 699 300 515 400
1061 0 5 1248 0 570 100 886 200 566 300 1068 400
1062 0 5 254 0 1176 100 1143 200 800 300 992 400
1063 0 5 98 0 1423 100 44 200 540 300 721 400
1064 0 5 1129 0 1196 100 684 200 242 300 798 400
1065 0 5 1441 0 114 100 1095 200 684 300 124 400
1066 0 5 1127 0 1225 100 362 200 417 300 650 400
1067 0 5 482 0 476 100 811 200 1058 300 634 400
1068 0 5 471 0 1390 100 1057 200 570 300 566 400
1069 0 5 1332 0 802 100 236 200 63 300 696 400
1070 0 5 1411 0 873 100 536 200 1181 300 1333 400
1071 0 5 118 0 251 100 1163 200 191 300 439 400
1072 0 5 1250 0 1363 100 1112 200 163 300 632 400
1073 0 5 1146 0 1167 100 1489 200 1222 300 660 400
1074 0 5 773 0 731 100 514 200 452 300 653 400
1075 0 5 201 0 1482 100 150 200 772 300 386 400
1076 0 5 49 0 1305 100 876 200 1425 300 961 400
1077 0 5 164 0 1261 100 1344 200 437 300 964 400
1078 0 5 1314 0 874 100 801 200 1494 300 214 400
1079 0 5 845 0 1178 100 1378 200 1161 300 541 400
1080 0 5 1253 0 760 100 1021 200 1206 300 390 400
1081 0 5 564 0 100 100 970 200 1306 300 407 400
1082 0 5 1234 0 142 100 200 200 1048 300 91 400
1083 0 5 154 0 1160 100 47 200 458 300 566 400
1084 0 5 1462 0 1242 100 1090 200 874 300 32 400
1085 0 5 907 0 698 100 951 200 885 300 385 400
1086 0 5 348 0 1445 100 554 200 363 300 963 400
1087 0 5 1318 0 1213 100 578 200 1427 300 37 400
1088 0 5 88 0 159 100 286 200 1182 300 980 400
1089 0 5 70 0 66 100 1214 200 1437 300 281 400
1090 0 5 1464 0 1280 100 1084 200 397 300 1462 400
1091 0 5 1157 0 670 100 73 200 265 300 765 400
1092 0 5 1019 0 409 100 111 200 714 300 572 400
1093 0 5 714 0 1008 100 1280 200 111 300 1090 400
1094 0 5 1257 0 925 100 985 200 1378 300 713 400
1095 0 5 433 0 684 100 1065 200 114 300 186 400
1096 0 5 697 0 1187 100 780 200 785 300 459 400
1097 0 5 904 0 511 100 1213 200 375 300 181 400
1098 0 5 88 0 1284 100 1445 200 348 300 980 400
1099 0 5 715 0 1191 100 629 200 8 300 197 400
1100 0 5 1175 0 317 100 366 200 867 300 1484 400
1101 0 5 1241 0 630 100 1035 200 1355 300 55 400
1102 0 5 679 0 877 100 983 200 1108 300 1115 400
1103 0 5 710 0 1264 100 1463 200 609 300 1466 400
1104 0 5 1039 0 357 100 1490 200 442 300 475 400
1105 0 5 202 0 277 100 589 200 1327 300 1356 400
1106 0 5 567 0 908 100 852 200 1207 300 259 400
1107 0 5 544 0 405 100 26 200 705 300 1027 400
1108 0 5 679 0 173 100 646 200 1045 300 1102 400
1109 0 5 1416 0 1011 100 349 200 457 300 860 400
1110 0 5 858 0 199 100 882 200 472 300 315 400
1111 0 5 222 0 707 100 1424 200 1256 300 762 400
1112 0 5 1480 0 1363 100 1072 200 542 300 147 400
1113 0 5 770 0 543 100 534 200 294 300 752 400
1114 0 5 1434 0 1004 100 561 200 953 300 695 400
1115 0 5 877 0 983 100 155 200 1297 300 1018 400
1116 0 5 527 0 1156 100 1269 200 912 300 567 400
1117 0 5 141 0 504 100 380 200 1310 300 800 400
1118 0 5 25 0 817 100 177 200 717 300 678 400
1119 0 5 833 0 1473 100 1137 200 622 300 1153 400
1120 0 5 792 0 903 100 768 200 392 300 778 400
1121 0 5 958 0 1151 100 1134 200 460 300 200 400
1122 0 5 938 0 416 100 828 200 235 300 1456 400
1123 0 5 20 0 605 100 239 200 1483 300 249 400
1124 0 5 399 0 838 100 834 200 733 300 1135 400
1125 0 5 1301 0 1147 100 1127 200 274 300 809 400
1126 0 5 861 0 958 100 1003 200 1295 300 352 400
1127 0 5 1066 0 417 100 1147 200 1125 300 650 400
1128 0 5 1407 0 603 100 1370 200 115 300 183 400
1129 0 5 1064 0 242 100 684 200 165 300 798 400
1130 0 5 1435 0 1426 100 969 200 1010 300 243 400
1131 0 5 533 0 826 100 393 200 735 300 128 400
1132 0 5 602 0 71 100 1332 200 236 300 63 400
1133 0 5 424 0 1433 100 268 200 707 300 132 400
1134 0 5 24 0 460 100 1151 200 1304 300 1121 400
1135 0 5 733 0 658 100 1124 200 252 300 834 400
1136 0 5 410 0 708 100 1411 200 201 300 1181 400
1137 0 5 138 0 1000 100 130 200 622 300 1119 400
1138 0 5 1320 0 909 100 991 200 572 300 624 400
1139 0 5 144 0 166 100 784 200 398 300 539 400
1140 0 5 1169 0 1260 100 1205 200 1497 300 1144 400
1141 0 5 350 0 738 100 1308 200 986 300 984 400
1142 0 5 429 0 306 100 313 200 837 300 824 400
1143 0 5 806 0 254 100 1062 200 1037 300 992 400
1144 0 5 1260 0 1205 100 1169 200 1140 300 931 400
1145 0 5 945 0 431 100 899 200 749 300 1192 400
1146 0 5 1073 0 690 100 1026 200 1331 300 1489 400
1147 0 5 747 0 1125 100 1127 200 788 300 587 400
1148 0 5 400 0 1398 100 415 200 569 300 563 400
1149 0 5 116 0 1201 100 1020 200 368 300 878 400
1150 0 5 1244 0 298 100 447 200 898 300 300 400
1151 0 5 1134 0 866 100 416 200 1121 300 460 400
1152 0 5 662 0 917 100 1448 200 433 300 186 400
1153 0 5 627 0 1496 100 1438 200 250 300 1389 400
1154 0 5 237 0 93 100 1400 200 97 300 377 400
1155 0 5 540 0 641 100 342 200 598 300 44 400
1156 0 5 1116 0 912 100 1312 200 567 300 527 400
1157 0 5 265 0 670 100 1091 200 279 300 765 400
1158 0 5 526 0 820 100 339 200 1382 300 1428 400
1159 0 5 162 0 1245 100 359 200 1311 300 179 400
1160 0 5 458 0 1083 100 47 200 1208 300 101 400
1161 0 5 397 0 1178 100 1378 200 1079 300 1218 400
1162 0 5 402 0 687 100 6 200 1173 300 994 400
1163 0 5 118 0 191 100 1071 200 1348 300 251 400
1164 0 5 1303 0 415 100 30 200 988 300 948 400
1165 0 5 1368 0 1325 100 281 200 66 300 1193 400
1166 0 5 1286 0 1186 100 364 200 939 300 1317 400
1167 0 5 1336 0 1222 100 1073 200 947 300 821 400
1168 0 5 552 0 767 100 1478 200 753 300 744 400
1169 0 5 1140 0 1260 100 981 200 140 300 1144 400
1170 0 5 1364 0 894 100 485 200 610 300 93 400
1171 0 5 98 0 334 100 657 200 924 300 1063 400
1172 0 5 664 0 80 100 279 200 1198 300 616 400
1173 0 5 687 0 994 100 221 200 1162 300 6 400
1174 0 5 273 0 1345 100 1252 200 184 300 628 400
1175 0 5 1100 0 366 100 867 200 1484 300 317 400
1176 0 5 1062 0 992 100 488 200 608 300 800 400
1177 0 5 974 0 223 100 1183 200 892 300 651 400
1178 0 5 1351 0 1079 100 1161 200 1006 300 1378 400
1179 0 5 461 0 916 100 221 200 395 300 635 400
1180 0 5 5 0 1044 100 891 200 70 300 990 400
1181 0 5 708 0 1411 100 536 200 1070 300 873 400
1182 0 5 505 0 86 100 1088 200 854 300 286 400
1183 0 5 1177 0 763 100 463 200 750 300 241 400
1184 0 5 1366 0 36 100 837 200 429 300 35 400
1185 0 5 466 0 577 100 1463 200 839 300 1292 400
1186 0 5 1495 0 1166 100 724 200 1286 300 364 400
1187 0 5 1096 0 697 100 785 200 780 300 626 400
1188 0 5 1298 0 781 100 30 200 792 300 516 400
1189 0 5 1424 0 598 100 540 200 924 300 641 400
1190 0 5 689 0 655 100 1284 200 737 300 980 400
1191 0 5 911 0 715 100 1099 200 640 300 629 400
1192 0 5 330 0 899 100 1393 200 766 300 1145 400
1193 0 5 1229 0 281 100 876 200 1368 300 1165 400
1194 0 5 378 0 64 100 1353 200 776 300 295 400
1195 0 5 492 0 732 100 975 200 758 300 284 400
1196 0 5 1064 0 684 100 1409 200 124 300 1441 400
1197 0 5 71 0 385 100 1239 200 1278 300 589 400
1198 0 5 1043 0 616 100 217 200 190 300 1172 400
1199 0 5 408 0 280 100 1272 200 1227 300 1455 400
1200 0 5 1386 0 451 100 574 200 1221 300 87 400
1201 0 5 1453 0 878 100 1149 200 561 300 116 400
1202 0 5 358 0 1440 100 831 200 668 300 67 400
1203 0 5 261 0 968 100 372 200 1413 300 768 400
1204 0 5 511 0 682 100 1265 200 1097 300 1213 400
1205 0 5 931 0 1144 100 1140 200 751 300 1169 400
1206 0 5 1253 0 1047 100 121 200 2 300 497 400
1207 0 5 933 0 567 100 495 200 1106 300 193 400
1208 0 5 1216 0 101 100 458 200 503 300 1160 400
1209 0 5 1392 0 90 100 11 200 351 300 765 400
1210 0 5 944 0 1467 100 840 200 932 300 45 400
1211 0 5 378 0 160 100 776 200 376 300 382 400
1212 0 5 69 0 213 100 1047 200 1223 300 2 400
1213 0 5 511 0 1087 100 1097 200 37 300 822 400
1214 0 5 1437 0 1460 100 1089 200 70 300 1373 400
1215 0 5 720 0 1341 100 517 200 941 300 875 400
1216 0 5 1208 0 507 100 458 200 1160 300 231 400
1217 0 5 425 0 718 100 271 200 556 300 979 400
1218 0 5 1378 0 614 100 985 200 188 300 1161 400
1219 0 5 649 0 693 100 640 200 1191 300 911 400
1220 0 5 700 0 1420 100 819 200 211 300 840 400
1221 0 5 574 0 945 100 749 200 1022 300 1200 400
1222 0 5 1167 0 1470 100 987 200 1073 300 947 400
1223 0 5 69 0 1358 100 29 200 1410 300 1047 400
1224 0 5 335 0 1025 100 1486 200 1034 300 643 400
1225 0 5 1066 0 997 100 327 200 650 300 362 400
1226 0 5 1387 0 124 100 954 200 1441 300 114 400
1227 0 5 674 0 280 100 654 200 1199 300 863 400
1228 0 5 481 0 896 100 697 200 104 300 1184 400
1229 0 5 1193 0 584 100 1368 200 1437 300 1460 400
1230 0 5 1033 0 753 100 167 200 137 300 1292 400
1231 0 5 600 0 1258 100 746 200 1266 300 1113 400
1232 0 5 869 0 381 100 645 200 338 300 809 400
1233 0 5 373 0 388 100 1395 200 538 300 541 400
1234 0 5 91 0 1082 100 559 200 563 300 200 400
1235 0 5 954 0 470 100 1409 200 583 300 1387 400
1236 0 5 509 0 1381 100 10 200 193 300 495 400
1237 0 5 120 0 212 100 326 200 199 300 207 400
1238 0 5 862 0 914 100 1055 200 50 300 1258 400
1239 0 5 755 0 1278 100 1197 200 933 300 1356 400
1240 0 5 290 0 1365 100 653 200 1475 300 143 400
1241 0 5 1101 0 1035 100 630 200 55 300 1355 400
1242 0 5 656 0 1084 100 874 200 1462 300 801 400
1243 0 5 1371 0 369 100 239 200 856 300 1324 400
1244 0 5 1150 0 898 100 333 200 225 300 447 400
1245 0 5 1159 0 162 100 542 200 1353 300 204 400
1246 0 5 905 0 918 100 421 200 1002 300 478 400
1247 0 5 289 0 840 100 551 200 604 300 819 400
1248 0 5 566 0 886 100 1061 200 1068 300 1057 400
1249 0 5 559 0 1456 100 726 200 91 300 1398 400
1250 0 5 1399 0 1072 100 542 200 1112 300 1075 400
1251 0 5 1347 0 636 100 576 200 910 300 982 400
1252 0 5 1345 0 1174 100 301 200 851 300 628 400
1253 0 5 1206 0 1080 100 995 200 760 300 976 400
1254 0 5 230 0 890 100 430 200 756 300 548 400
1255 0 5 638 0 688 100 725 200 1375 300 723 400
1256 0 5 178 0 762 100 928 200 1111 300 222 400
1257 0 5 1094 0 713 100 925 200 483 300 156 400
1258 0 5 1231 0 1055 100 1266 200 914 300 1481 400
1259 0 5 367 0 412 100 897 200 993 300 63 400
1260 0 5 1144 0 140 100 1169 200 1140 300 1205 400
1261 0 5 1077 0 530 100 553 200 1344 300 964 400
1262 0 5 332 0 491 100 969 200 718 300 1288 400
1263 0 5 1477 0 387 100 134 200 879 300 615 400
1264 0 5 1103 0 1466 100 1463 200 524 300 637 400
1265 0 5 952 0 978 100 1204 200 884 300 580 400
1266 0 5 746 0 1481 100 1231 200 1258 300 1113 400
1267 0 5 1493 0 245 100 109 200 1325 300 678 400
1268 0 5 319 0 1339 100 1388 200 920 300 521 400
1269 0 5 991 0 527 100 572 200 1116 300 1360 400
1270 0 5 1501 0 266 100 3 200 659 300 443 400
1271 0 5 993 0 442 100 321 200 631 300 202 400
1272 0 5 408 0 520 100 1199 200 1282 300 565 400
1273 0 5 1350 0 299 100 1461 200 1374 300 625 400
1274 0 5 618 0 1408 100 127 200 227 300 681 400
1275 0 5 318 0 900 100 323 200 480 300 854 400
1276 0 5 880 0 264 100 76 200 53 300 331 400
1277 0 5 402 0 1300 100 1293 200 6 300 129 400
1278 0 5 1487 0 1239 100 1197 200 755 300 1050 400
1279 0 5 1316 0 46 100 740 200 13 300 467 400
1280 0 5 1090 0 446 100 397 200 1093 300 1161 400
1281 0 5 1289 0 519 100 1476 200 806 300 871 400
1282 0 5 565 0 520 100 365 200 1272 300 582 400
1283 0 5 1028 0 438 100 14 200 130 300 513 400
1284 0 5 1098 0 655 100 980 200 348 300 1190 400
1285 0 5 956 0 38 100 808 200 1464 300 350 400
1286 0 5 1166 0 939 100 1186 200 148 300 724 400
1287 0 5 664 0 437 100 964 200 80 300 279 400
1288 0 5 332 0 1330 100 718 200 187 300 620 400
1289 0 5 1281 0 324 100 871 200 161 300 519 400
1290 0 5 1369 0 609 100 311 200 816 300 1475 400
1291 0 5 243 0 961 100 846 200 1010 300 1435 400
1292 0 5 577 0 137 100 1033 200 1230 300 839 400
1293 0 5 6 0 270 100 1277 200 402 300 129 400
1294 0 5 651 0 745 100 317 200 276 300 1439 400
1295 0 5 677 0 1419 100 1126 200 1459 300 352 400
1296 0 5 994 0 635 100 1426 200 221 300 105 400
1297 0 5 40 0 459 100 1018 200 104 300 122 400
1298 0 5 1188 0 30 100 392 200 792 300 781 400
1299 0 5 1472 0 117 100 31 200 868 300 291 400
1300 0 5 361 0 1277 100 1002 200 620 300 905 400
1301 0 5 1125 0 274 100 1030 200 272 300 96 400
1302 0 5 855 0 1048 100 1342 200 473 300 1471 400
1303 0 5 1164 0 599 100 30 200 1298 300 948 400
1304 0 5 860 0 1459 100 460 200 1134 300 171 400
1305 0 5 955 0 876 100 1076 200 961 300 1425 400
1306 0 5 970 0 610 100 617 200 564 300 1081 400
1307 0 5 281 0 592 100 133 200 1500 300 876 400
1308 0 5 350 0 738 100 807 200 1141 300 986 400
1309 0 5 541 0 325 100 388 200 508 300 449 400
1310 0 5 661 0 504 100 800 200 432 300 1117 400
1311 0 5 829 0 179 100 43 200 359 300 1159 400
1312 0 5 178 0 707 100 912 200 1156 300 567 400
1313 0 5 12 0 1503 100 1504 200 450 300 422 400
1314 0 5 1078 0 1494 100 214 200 1335 300 808 400
1315 0 5 1384 0 14 100 213 200 474 300 211 400
1316 0 5 1319 0 13 100 1279 200 46 300 740 400
1317 0 5 774 0 364 100 506 200 68 300 1166 400
1318 0 5 1087 0 22 100 37 200 487 300 525 400
1319 0 5 1316 0 1418 100 759 200 823 300 525 400
1320 0 5 991 0 624 100 1138 200 909 300 1451 400
1321 0 5 1485 0 761 100 216 200 853 300 1044 400
1322 0 5 143 0 1475 100 452 200 653 300 570 400
1323 0 5 1474 0 665 100 748 200 827 300 525 400
1324 0 5 1372 0 239 100 340 200 539 300 20 400
1325 0 5 109 0 1165 100 1500 200 66 300 592 400
1326 0 5 41 0 1415 100 204 200 883 300 406 400
1327 0 5 209 0 499 100 202 200 993 300 1105 400
1328 0 5 1022 0 28 100 730 200 749 300 87 400
1329 0 5 1011 0 181 100 860 200 457 300 1492 400
1330 0 5 131 0 1288 100 62 200 187 300 585 400
1331 0 5 1026 0 1489 100 1146 200 221 300 690 400
1332 0 5 1069 0 236 100 1132 200 602 300 71 400
1333 0 5 873 0 973 100 632 200 1070 300 150 400
1334 0 5 403 0 51 100 632 200 728 300 973 400
1335 0 5 195 0 1454 100 1494 200 822 300 1314 400
1336 0 5 1167 0 639 100 660 200 1489 300 821 400
1337 0 5 633 0 941 100 376 200 423 300 517 400
1338 0 5 813 0 52 100 191 200 1354 300 1053 400
1339 0 5 319 0 1268 100 1388 200 235 300 1456 400
1340 0 5 579 0 148 100 939 200 260 300 436 400
1341 0 5 1215 0 875 100 308 200 720 300 164 400
1342 0 5 434 0 948 100 1380 200 473 300 1302 400
1343 0 5 764 0 1053 100 888 200 52 300 309 400
1344 0 5 1032 0 936 100 730 200 530 300 1261 400
1345 0 5 1252 0 1174 100 851 200 301 300 34 400
1346 0 5 233 0 305 100 391 200 224 300 712 400
1347 0 5 1251 0 910 100 576 200 636 300 982 400
1348 0 5 118 0 77 100 1163 200 1009 300 734 400
1349 0 5 794 0 501 100 849 200 1429 300 89 400
1350 0 5 1374 0 1273 100 606 200 531 300 196 400
1351 0 5 1006 0 1178 100 446 200 1161 300 541 400
1352 0 5 1502 0 1 100 304 200 959 300 133 400
1353 0 5 295 0 1194 100 1245 200 162 300 542 400
1354 0 5 92 0 925 100 439 200 813 300 1338 400
1355 0 5 734 0 55 100 77 200 1035 300 1241 400
1356 0 5 277 0 589 100 10 200 1105 300 1050 400
1357 0 5 842 0 185 100 427 200 169 300 671 400
1358 0 5 56 0 593 100 1410 200 1223 300 793 400
1359 0 5 144 0 962 100 784 200 1041 300 166 400
1360 0 5 655 0 259 100 1269 200 737 300 852 400
1361 0 5 146 0 17 100 169 200 671 300 1357 400
1362 0 5 292 0 129 100 850 200 500 300 1002 400
1363 0 5 1072 0 1112 100 632 200 163 300 1480 400
1364 0 5 1170 0 894 100 426 200 1370 300 791 400
1365 0 5 710 0 1240 100 609 200 1475 300 653 400
1366 0 5 1184 0 36 100 837 200 429 300 119 400
1367 0 5 957 0 379 100 870 200 835 300 660 400
1368 0 5 1165 0 1437 100 1229 200 1193 300 281 400
1369 0 5 1290 0 816 100 1059 200 609 300 311 400
1370 0 5 791 0 603 100 426 200 1128 300 1364 400
1371 0 5 1243 0 239 100 784 200 539 300 1324 400
1372 0 5 284 0 1324 100 340 200 20 300 893 400
1373 0 5 1044 0 70 100 556 200 1214 300 1460 400
1374 0 5 1350 0 990 100 1273 200 606 300 1499 400
1375 0 5 1051 0 725 100 1255 200 152 300 1017 400
1376 0 5 590 0 870 100 1060 200 586 300 835 400
1377 0 5 349 0 1421 100 447 200 938 300 125 400
1378 0 5 1218 0 1079 100 1161 200 1094 300 1178 400
1379 0 5 353 0 400 100 569 200 867 300 208 400
1380 0 5 1342 0 307 100 564 200 434 300 1467 400
1381 0 5 10 0 1236 100 495 200 1356 300 843 400
1382 0 5 1428 0 820 100 477 200 1158 300 980 400
1383 0 5 468 0 680 100 1395 200 446 300 541 400
1384 0 5 27 0 1315 100 14 200 1028 300 213 400
1385 0 5 769 0 177 100 717 200 817 300 1352 400
1386 0 5 1200 0 441 100 824 200 451 300 429 400
1387 0 5 1226 0 954 100 1409 200 124 300 1235 400
1388 0 5 1339 0 1268 100 1456 200 235 300 1498 400
1389 0 5 1496 0 790 100 518 200 1153 300 250 400
1390 0 5 881 0 1068 100 588 200 471 300 1057 400
1391 0 5 411 0 736 100 287 200 995 300 121 400
1392 0 5 1209 0 936 100 431 200 11 300 765 400
1393 0 5 766 0 977 100 1192 200 429 300 675 400
1394 0 5 756 0 555 100 743 200 937 300 455 400
1395 0 5 659 0 1383 100 541 200 1233 300 373 400
1396 0 5 702 0 1514 100 1513 200 293 300 1352 400
1397 0 5 617 0 157 100 970 200 267 300 93 400
1398 0 5 726 0 563 100 1148 200 1498 300 559 400
1399 0 5 1250 0 386 100 542 200 1075 300 1072 400
1400 0 5 1154 0 1027 100 93 200 97 300 39 400
1401 0 5 185 0 427 100 920 200 336 300 1357 400
1402 0 5 54 0 192 100 219 200 414 300 65 400
1403 0 5 305 0 115 100 1443 200 391 300 224 400
1404 0 5 620 0 361 100 421 200 131 300 887 400
1405 0 5 648 0 950 100 583 200 512 300 186 400
1406 0 5 804 0 1419 100 455 200 741 300 743 400
1407 0 5 183 0 1128 100 603 200 778 300 426 400
1408 0 5 1274 0 906 100 618 200 127 300 637 400
1409 0 5 470 0 1387 100 1196 200 124 300 1235 400
1410 0 5 581 0 793 100 1358 200 1042 300 474 400
1411 0 5 1181 0 1070 100 201 200 1136 300 873 400
1412 0 5 1484 0 1446 100 1007 200 208 300 972 400
1413 0 5 72 0 261 100 110 200 136 300 372 400
1414 0 5 572 0 182 100 803 200 737 300 409 400
1415 0 5 1482 0 1326 100 204 200 41 300 386 400
1416 0 5 300 0 1109 100 349 200 1421 300 7 400
1417 0 5 33 0 728 100 103 200 82 300 927 400
1418 0 5 799 0 1319 100 621 200 759 300 525 400
1419 0 5 743 0 352 100 999 200 1406 300 1295 400
1420 0 5 230 0 1220 100 819 200 890 300 840 400
1421 0 5 298 0 1377 100 300 200 1416 300 349 400
1422 0 5 42 0 96 100 742 200 198 300 117 400
1423 0 5 751 0 721 100 1063 200 931 300 1205 400
1424 0 5 424 0 1189 100 1111 200 222 300 924 400
1425 0 5 49 0 331 100 846 200 1076 300 961 400
1426 0 5 1130 0 994 100 1296 200 105 300 635 400
1427 0 5 822 0 578 100 1087 200 258 300 1454 400
1428 0 5 286 0 1382 100 159 200 1158 300 1182 400
1429 0 5 794 0 102 100 501 200 1349 300 3 400
1430 0 5 626 0 892 100 785 200 246 300 651 400
1431 0 5 297 0 328 100 776 200 217 300 190 400
1432 0 5 252 0 4 100 783 200 1023 300 180 400
1433 0 5 1133 0 268 100 672 200 132 300 924 400
1434 0 5 953 0 1114 100 561 200 189 300 16 400
1435 0 5 243 0 1130 100 1010 200 1291 300 105 400
1436 0 5 276 0 1439 100 643 200 174 300 335 400
1437 0 5 1214 0 1368 100 1229 200 66 300 1460 400
1438 0 5 622 0 1153 100 1473 200 627 300 250 400
1439 0 5 942 0 428 100 335 200 1436 300 643 400
1440 0 5 501 0 1202 100 668 200 849 300 339 400
1441 0 5 1065 0 124 100 114 200 1226 300 1196 400
1442 0 5 781 0 415 100 30 200 569 300 366 400
1443 0 5 110 0 1403 100 763 200 1183 300 1413 400
1444 0 5 518 0 229 100 1040 200 622 300 203 400
1445 0 5 371 0 1086 100 348 200 1098 300 554 400
1446 0 5 1007 0 1412 100 257 200 972 300 1484 400
1447 0 5 76 0 395 100 461 200 916 300 105 400
1448 0 5 476 0 482 100 186 200 917 300 1152 400
1449 0 5 369 0 184 100 20 200 1483 300 239 400
1450 0 5 875 0 730 100 164 200 1341 300 28 400
1451 0 5 268 0 624 100 912 200 1433 300 1320 400
1452 0 5 151 0 465 100 233 200 712 300 115 400
1453 0 5 1201 0 464 100 878 200 356 300 1005 400
1454 0 5 822 0 1335 100 195 200 795 300 258 400
1455 0 5 1457 0 522 100 943 200 1227 300 469 400
1456 0 5 1249 0 235 100 726 200 1388 300 91 400
1457 0 5 1455 0 469 100 365 200 522 300 510 400
1458 0 5 18 0 302 100 680 200 445 300 1019 400
1459 0 5 460 0 740 100 677 200 1295 300 1126 400
1460 0 5 1214 0 556 100 584 200 1437 300 271 400
1461 0 5 299 0 625 100 1273 200 817 300 531 400
1462 0 5 1084 0 32 100 1090 200 1242 300 397 400
1463 0 5 454 0 1479 100 1185 200 466 300 1264 400
1464 0 5 1090 0 38 100 1280 200 1285 300 1084 400
1465 0 5 448 0 706 100 151 200 1495 300 724 400
1466 0 5 1264 0 692 100 384 200 940 300 1103 400
1467 0 5 1471 0 1210 100 855 200 669 300 1380 400
1468 0 5 1480 0 654 100 51 200 341 300 863 400
1469 0 5 180 0 783 100 1052 200 149 300 658 400
1470 0 5 790 0 987 100 947 200 518 300 1222 400
1471 0 5 855 0 1467 100 1048 200 158 300 1302 400
1472 0 5 291 0 1299 100 60 200 868 300 175 400
1473 0 5 1119 0 622 100 1438 200 1153 300 138 400
1474 0 5 665 0 1323 100 827 200 525 300 487 400
1475 0 5 1322 0 143 100 311 200 1240 300 1365 400
1476 0 5 486 0 1037 100 1281 200 458 300 806 400
1477 0 5 1263 0 194 100 1054 200 796 300 879 400
1478 0 5 744 0 1034 100 1168 200 552 300 1486 400
1479 0 5 61 0 466 100 1463 200 1185 300 454 400
1480 0 5 1112 0 1468 100 632 200 1363 300 960 400
1481 0 5 1266 0 490 100 870 200 957 300 1376 400
1482 0 5 1415 0 386 100 204 200 1075 300 201 400
1483 0 5 249 0 184 100 83 200 1123 300 754 400
1484 0 5 1412 0 208 100 867 200 1175 300 1446 400
1485 0 5 1321 0 853 100 979 200 1044 300 425 400
1486 0 5 145 0 1224 100 75 200 1034 300 1478 400
1487 0 5 1278 0 1050 100 1197 200 1239 300 589 400
1488 0 5 354 0 89 100 343 200 926 300 849 400
1489 0 5 79 0 667 100 1331 200 1073 300 1336 400
1490 0 5 294 0 914 100 1104 200 843 300 321 400
1491 0 5 314 0 435 100 285 200 240 300 356 400
1492 0 5 181 0 832 100 375 200 1329 300 1097 400
1493 0 5 1267 0 678 100 889 200 25 300 859 400
1494 0 5 795 0 808 100 1314 200 1335 300 195 400
1495 0 5 1186 0 724 100 448 200 1465 300 706 400
1496 0 5 1497 0 1153 100 1389 200 250 300 627 400
1497 0 5 1496 0 586 100 453 200 1140 300 981 400
1498 0 5 726 0 1398 100 623 200 1388 300 400 400
1499 0 5 990 0 606 100 70 200 1374 300 5 400
1500 0 5 109 0 1325 100 592 200 1307 300 281 400
1501 0 5 3 0 1270 100 659 200 443 300 266 400
1502 0 5 1352 0 810 100 818 200 893 300 846 400
1503 0 5 810 0 1313 100 818 200 893 300 846 400
1504 0 5 175 0 1313 100 818 200 893 300 846 400
1505 0 5 175 0 775 100 818 200 893 300 846 400
1506 0 5 775 0 56 100 818 200 893 300 846 400
1507 0 5 56 0 528 100 818 200 893 300 846 400
1508 0 5 593 0 528 100 818 200 893 300 1276 400
1509 0 5 593 0 232 100 818 200 893 300 1276 400
1510 0 5 232 0 418 100 818 200 893 300 1276 400
1511 0 5 418 0 591 100 818 200 893 300 1276 400
1512 0 5 331 0 591 100 818 200 893 300 1276 400
1513 0 5 1396 0 331 100 818 200 893 300 846 400
1514 0 5 1396 0 959 100 818 200 893 300 846 400
1515 0 5 959 0 702 100 818 200 893 300 846 400
1516 0 5 304 0 702 100 818 200 893 300 1276 400
1517 0 5 304 0 133 100 818 200 893 300 846 400
1518 0 5 133 0 291 100 818 200 893 300 846 400
1519 0 5 683 0 291 100 818 200 893 300 581 400
1520 0 5 683 0 818 100 293 200 893 300 1276 400
1521 0 5 12 0 818 100 893 200 293 300 1276 400
1522 0 5 450 0 12 100 818 200 893 300 1276 400
1523 0 5 450 0 859 100 818 200 893 300 1276 400
1524 0 5 1358 0 818 100 859 200 893 300 1276 400
1525 0 5 422 0 1358 100 818 200 893 300 1276 400
1526 0 5 422 0 1472 100 818 200 893 300 1276 400
1527 0 5 1472 0 176 100 818 200 893 300 846 400
1528 0 5 166 0 176 100 818 200 893 300 846 400
1529 0 5 166 0 818 100 893 200 846 300 1276 400
1530 0 5 29 0 818 100 893 200 846 300 1276 400
1531 0 5 29 0 818 100 893 200 846 300 1276 400
1532 0 5 264 0 818 100 893 200 846 300 1276 400
1533 0 5 264 0 915 100 818 200 893 300 846 400
1534 0 5 49 0 915 100 818 200 893 300 846 400
1535 0 5 1425 0 49 100 818 200 893 300 846 400
1536 0 5 1425 0 1076 100 818 200 893 300 846 400
1537 0 5 596 0 1076 100 818 200 893 300 846 400
1538 0 5 596 0 818 100 893 200 592 300 1276 400
1539 0 5 793 0 818 100 893 200 1276 300 592 400
1540 0 5 74 0 818 100 793 200 893 300 1276 400
-1
EOF
