1540
1 0 5 766 0 479 100 1484 200 664 300 1297 400
2 0 5 378 0 1115 100 1520 200 1519 300 1495 400
3 0 5 583 0 1497 100 225 200 33 300 462 400
4 0 5 450 0 1084 100 813 200 1342 300 424 400
5 0 5 1156 0 1421 100 363 200 54 300 888 400
6 0 5 1022 0 1470 100 1157 200 852 300 861 400
7 0 5 399 0 996 100 466 200 351 300 988 400
8 0 5 160 0 860 100 455 200 207 300 1402 400
9 0 5 230 0 746 100 1064 200 21 300 326 400
10 0 5 444 0 253 100 416 200 847 300 1434 400
11 0 5 1506 0 1505 100 1073 200 177 300 679 400
12 0 5 1268 0 542 100 691 200 1086 300 705 400
13 0 5 495 0 689 100 837 200 782 300 1429 400
14 0 5 777 0 549 100 440 200 1096 300 753 400
15 0 5 720 0 321 100 572 200 194 300 1396 400
16 0 5 1488 0 1030 100 444 200 315 300 64 400
17 0 5 1160 0 1056 100 1069 200 1086 300 170 400
18 0 5 856 0 138 100 776 200 956 300 254 400
19 0 5 1462 0 379 100 1329 200 338 300 118 400
20 0 5 551 0 345 100 1092 200 376 300 1295 400
21 0 5 1267 0 797 100 704 200 530 300 1197 400
22 0 5 193 0 120 100 273 200 838 300 123 400
23 0 5 1237 0 372 100 443 200 1461 300 291 400
24 0 5 418 0 463 100 533 200 1275 300 108 400
25 0 5 437 0 970 100 1252 200 504 300 306 400
26 0 5 655 0 1498 100 997 200 1030 300 382 400
27 0 5 670 0 245 100 919 200 1036 300 748 400
28 0 5 1331 0 1351 100 524 200 778 300 1012 400
29 0 5 1125 0 1130 100 1335 200 830 300 565 400
30 0 5 1115 0 479 100 103 200 822 300 1507 400
31 0 5 1159 0 346 100 1475 200 137 300 1288 400
32 0 5 240 0 99 100 451 200 162 300 59 400
33 0 5 225 0 462 100 3 200 583 300 1437 400
34 0 5 975 0 310 100 377 200 1086 300 705 400
35 0 5 1161 0 96 100 83 200 557 300 144 400
36 0 5 1500 0 575 100 729 200 580 300 1103 400
37 0 5 989 0 505 100 172 200 1098 300 223 400
38 0 5 429 0 1449 100 494 200 850 300 1003 400
39 0 5 1123 0 1122 100 1170 200 167 300 1165 400
40 0 5 1413 0 323 100 674 200 736 300 1252 400
41 0 5 569 0 520 100 75 200 1247 300 1176 400
42 0 5 562 0 1097 100 1341 200 1315 300 634 400
43 0 5 773 0 202 100 518 200 200 300 1134 400
44 0 5 559 0 663 100 932 200 473 300 1095 400
45 0 5 865 0 1054 100 89 200 104 300 263 400
46 0 5 751 0 799 100 621 200 1438 300 1058 400
47 0 5 680 0 1501 100 1313 200 147 300 1398 400
48 0 5 702 0 1029 100 1070 200 1287 300 1082 400
49 0 5 1361 0 818 100 207 200 633 300 275 400
50 0 5 1379 0 1153 100 706 200 1227 300 1077 400
51 0 5 1279 0 333 100 292 200 1108 300 635 400
52 0 5 897 0 1285 100 58 200 153 300 1316 400
53 0 5 419 0 1148 100 842 200 1334 300 75 400
54 0 5 541 0 1439 100 1156 200 5 300 95 400
55 0 5 1280 0 1276 100 939 200 711 300 299 400
56 0 5 415 0 125 100 829 200 907 300 502 400
57 0 5 586 0 308 100 173 200 248 300 1207 400
58 0 5 1291 0 177 100 679 200 52 300 1285 400
59 0 5 102 0 162 100 99 200 574 300 409 400
60 0 5 1021 0 1137 100 604 200 1081 300 1178 400
61 0 5 857 0 1194 100 1444 200 1326 300 634 400
62 0 5 578 0 91 100 618 200 274 300 769 400
63 0 5 545 0 786 100 796 200 906 300 510 400
64 0 5 655 0 444 100 1030 200 253 300 16 400
65 0 5 567 0 454 100 967 200 1392 300 952 400
66 0 5 815 0 598 100 1352 200 507 300 755 400
67 0 5 742 0 143 100 1336 200 662 300 241 400
68 0 5 1289 0 499 100 1040 200 402 300 1382 400
69 0 5 90 0 142 100 1436 200 1192 300 614 400
70 0 5 1492 0 1066 100 676 200 730 300 1201 400
71 0 5 527 0 153 100 1181 200 155 300 1363 400
72 0 5 372 0 1459 100 224 200 1461 300 342 400
73 0 5 688 0 841 100 1069 200 971 300 272 400
74 0 5 852 0 683 100 1022 200 717 300 1157 400
75 0 5 1375 0 1334 100 41 200 419 300 1393 400
76 0 5 192 0 877 100 98 200 375 300 821 400
77 0 5 92 0 1131 100 1071 200 761 300 114 400
78 0 5 1224 0 1430 100 314 200 107 300 719 400
79 0 5 127 0 707 100 1168 200 1266 300 1428 400
80 0 5 876 0 368 100 1382 200 499 300 745 400
81 0 5 830 0 1198 100 561 200 504 300 645 400
82 0 5 1121 0 737 100 692 200 534 300 1496 400
83 0 5 96 0 87 100 35 200 557 300 1161 400
84 0 5 524 0 771 100 1017 200 128 300 1351 400
85 0 5 285 0 1438 100 799 200 751 300 954 400
86 0 5 1430 0 107 100 314 200 1135 300 1061 400
87 0 5 557 0 83 100 449 200 1065 300 423 400
88 0 5 1359 0 1133 100 490 200 675 300 1124 400
89 0 5 263 0 1054 100 45 200 544 300 1175 400
90 0 5 69 0 614 100 1436 200 435 300 1192 400
91 0 5 578 0 62 100 544 200 1220 300 274 400
92 0 5 77 0 1469 100 114 200 1131 300 358 400
93 0 5 652 0 226 100 1257 200 446 300 1090 400
94 0 5 1004 0 1049 100 867 200 271 300 935 400
95 0 5 389 0 422 100 541 200 1439 300 554 400
96 0 5 83 0 35 100 436 200 489 300 144 400
97 0 5 582 0 1058 100 1305 200 341 300 1102 400
98 0 5 849 0 806 100 76 200 821 300 375 400
99 0 5 32 0 451 100 59 200 102 300 109 400
100 0 5 387 0 198 100 560 200 1251 300 129 400
101 0 5 995 0 1477 100 560 200 1032 300 1162 400
102 0 5 409 0 59 100 99 200 109 300 451 400
103 0 5 145 0 30 100 1115 200 822 300 1318 400
104 0 5 186 0 951 100 515 200 648 300 45 400
105 0 5 1165 0 629 100 820 200 912 300 1222 400
106 0 5 734 0 843 100 700 200 301 300 533 400
107 0 5 1219 0 86 100 1135 200 78 300 851 400
108 0 5 418 0 1373 100 1037 200 982 300 1426 400
109 0 5 696 0 497 100 451 200 1024 300 99 400
110 0 5 359 0 754 100 331 200 510 300 130 400
111 0 5 415 0 1211 100 829 200 953 300 502 400
112 0 5 208 0 1466 100 221 200 341 300 590 400
113 0 5 739 0 301 100 461 200 412 300 708 400
114 0 5 358 0 1071 100 1486 200 92 300 77 400
115 0 5 845 0 916 100 290 200 1446 300 868 400
116 0 5 1345 0 985 100 732 200 273 300 193 400
117 0 5 310 0 961 100 996 200 377 300 414 400
118 0 5 374 0 1462 100 654 200 1009 300 923 400
119 0 5 874 0 774 100 1203 200 384 300 794 400
120 0 5 193 0 838 100 22 200 186 300 1345 400
121 0 5 454 0 967 100 256 200 758 300 662 400
122 0 5 803 0 1001 100 585 200 962 300 1101 400
123 0 5 383 0 273 100 1048 200 22 300 513 400
124 0 5 721 0 1179 100 1221 200 1027 300 731 400
125 0 5 56 0 907 100 1277 200 456 300 781 400
126 0 5 549 0 1096 100 753 200 14 300 1451 400
127 0 5 79 0 707 100 1266 200 1168 300 507 400
128 0 5 959 0 1494 100 1351 200 771 300 524 400
129 0 5 759 0 560 100 344 200 1013 300 100 400
130 0 5 754 0 869 100 334 200 166 300 110 400
131 0 5 132 0 1127 100 483 200 1290 300 628 400
132 0 5 131 0 483 100 169 200 327 300 808 400
133 0 5 1312 0 312 100 511 200 1371 300 718 400
134 0 5 1378 0 383 100 963 200 123 300 669 400
135 0 5 237 0 503 100 1257 200 1098 300 239 400
136 0 5 288 0 242 100 922 200 1196 300 150 400
137 0 5 244 0 31 100 182 200 722 300 197 400
138 0 5 18 0 254 100 610 200 795 300 776 400
139 0 5 1037 0 866 100 891 200 666 300 236 400
140 0 5 738 0 1366 100 1217 200 360 300 558 400
141 0 5 536 0 199 100 912 200 915 300 1370 400
142 0 5 949 0 1192 100 627 200 69 300 370 400
143 0 5 241 0 67 100 662 200 1344 300 742 400
144 0 5 1161 0 489 100 214 200 329 300 834 400
145 0 5 1318 0 103 100 1452 200 822 300 1517 400
146 0 5 401 0 978 100 272 200 971 300 752 400
147 0 5 1313 0 1501 100 641 200 47 300 330 400
148 0 5 238 0 1152 100 661 200 921 300 354 400
149 0 5 335 0 304 100 1415 200 593 300 823 400
150 0 5 243 0 701 100 136 200 1113 300 1418 400
151 0 5 1369 0 744 100 1217 200 568 300 246 400
152 0 5 316 0 1294 100 352 200 286 300 880 400
153 0 5 1181 0 71 100 155 200 52 300 835 400
154 0 5 1299 0 1101 100 694 200 962 300 1114 400
155 0 5 844 0 153 100 71 200 302 300 516 400
156 0 5 685 0 471 100 41 200 1176 300 520 400
157 0 5 1067 0 959 100 771 200 1419 300 1035 400
158 0 5 704 0 1260 100 790 200 417 300 213 400
159 0 5 1391 0 948 100 213 200 430 300 265 400
160 0 5 8 0 1177 100 455 200 1402 300 207 400
161 0 5 895 0 220 100 1082 200 1057 300 767 400
162 0 5 224 0 59 100 443 200 574 300 99 400
163 0 5 498 0 728 100 210 200 931 300 472 400
164 0 5 747 0 405 100 287 200 1483 300 1374 400
165 0 5 459 0 1093 100 875 200 353 300 827 400
166 0 5 1254 0 571 100 334 200 130 300 612 400
167 0 5 1170 0 1337 100 39 200 1123 300 755 400
168 0 5 837 0 1390 100 788 200 1471 300 523 400
169 0 5 1480 0 1176 100 483 200 685 300 132 400
170 0 5 1200 0 1160 100 1069 200 17 300 1056 400
171 0 5 630 0 953 100 942 200 1010 300 1073 400
172 0 5 505 0 223 100 748 200 37 300 1442 400
173 0 5 57 0 1314 100 1244 200 248 300 1207 400
174 0 5 218 0 1130 100 1450 200 333 300 1335 400
175 0 5 743 0 1031 100 1162 200 101 300 786 400
176 0 5 592 0 591 100 909 200 216 300 1072 400
177 0 5 58 0 1073 100 679 200 942 300 11 400
178 0 5 321 0 298 100 1392 200 15 300 1088 400
179 0 5 1015 0 1079 100 286 200 316 300 819 400
180 0 5 880 0 601 100 255 200 826 300 883 400
181 0 5 972 0 248 100 1244 200 1199 300 762 400
182 0 5 386 0 726 100 555 200 1043 300 137 400
183 0 5 731 0 1234 100 802 200 1179 300 1325 400
184 0 5 1323 0 290 100 988 200 351 300 115 400
185 0 5 1238 0 408 100 881 200 1222 300 1122 400
186 0 5 104 0 871 100 45 200 120 300 263 400
187 0 5 546 0 258 100 1022 200 1357 300 872 400
188 0 5 1242 0 1072 100 421 200 235 300 435 400
189 0 5 428 0 909 100 216 200 1128 300 286 400
190 0 5 200 0 674 100 1259 200 1413 300 724 400
191 0 5 251 0 480 100 610 200 1409 300 403 400
192 0 5 76 0 1261 100 877 200 1429 300 782 400
193 0 5 120 0 22 100 1345 200 273 300 411 400
194 0 5 977 0 572 100 850 200 15 300 1167 400
195 0 5 689 0 788 100 255 200 413 300 1298 400
196 0 5 570 0 748 100 1146 200 27 300 1149 400
197 0 5 1043 0 244 100 722 200 1372 300 1425 400
198 0 5 387 0 890 100 100 200 560 300 129 400
199 0 5 536 0 141 100 347 200 1370 300 881 400
200 0 5 190 0 724 100 300 200 674 300 202 400
201 0 5 1250 0 264 100 931 200 1227 300 678 400
202 0 5 43 0 1134 100 512 200 1078 300 1380 400
203 0 5 404 0 1456 100 920 200 738 300 1320 400
204 0 5 1033 0 1283 100 412 200 981 300 350 400
205 0 5 1107 0 574 100 1459 200 432 300 342 400
206 0 5 354 0 495 100 319 200 756 300 986 400
207 0 5 659 0 1361 100 49 200 860 300 8 400
208 0 5 112 0 341 100 1466 200 221 300 898 400
209 0 5 1083 0 794 100 384 200 642 300 474 400
210 0 5 163 0 728 100 580 200 1245 300 477 400
211 0 5 1026 0 469 100 606 200 1207 300 556 400
212 0 5 612 0 1460 100 1278 200 339 300 1190 400
213 0 5 265 0 159 100 781 200 907 300 1277 400
214 0 5 329 0 834 100 144 200 1232 300 1161 400
215 0 5 1063 0 1045 100 1238 200 878 300 625 400
216 0 5 1397 0 909 100 189 200 176 300 591 400
217 0 5 1290 0 1127 100 937 200 957 300 628 400
218 0 5 1450 0 174 100 1279 200 333 300 51 400
219 0 5 1295 0 452 100 1092 200 735 300 20 400
220 0 5 373 0 960 100 695 200 161 300 1116 400
221 0 5 308 0 112 100 992 200 898 300 208 400
222 0 5 1444 0 573 100 287 200 1374 300 634 400
223 0 5 172 0 811 100 748 200 687 300 1383 400
224 0 5 1136 0 162 100 72 200 1459 300 574 400
225 0 5 33 0 583 100 3 200 994 300 1309 400
226 0 5 93 0 446 100 1257 200 237 300 652 400
227 0 5 352 0 1132 100 1362 200 639 300 1389 400
228 0 5 884 0 1049 100 1331 200 1012 300 509 400
229 0 5 709 0 1084 100 278 200 743 300 1047 400
230 0 5 797 0 1197 100 1111 200 9 300 231 400
231 0 5 1458 0 1455 100 470 200 230 300 638 400
232 0 5 1342 0 813 100 394 200 1019 300 450 400
233 0 5 1408 0 550 100 303 200 941 300 1327 400
234 0 5 1282 0 1150 100 1035 200 894 300 157 400
235 0 5 1317 0 1242 100 1072 200 188 300 1478 400
236 0 5 666 0 1018 100 940 200 866 300 337 400
237 0 5 135 0 239 100 1257 200 446 300 226 400
238 0 5 148 0 921 100 1152 200 661 300 381 400
239 0 5 289 0 237 100 621 200 503 300 799 400
240 0 5 32 0 443 100 451 200 1024 300 162 400
241 0 5 143 0 1344 100 67 200 1464 300 1336 400
242 0 5 547 0 1418 100 136 200 1196 300 1180 400
243 0 5 900 0 150 100 1113 200 701 300 1418 400
244 0 5 197 0 1043 100 137 200 1372 300 722 400
245 0 5 672 0 27 100 928 200 811 300 919 400
246 0 5 1217 0 345 100 947 200 376 300 1369 400
247 0 5 1012 0 778 100 1347 200 300 300 518 400
248 0 5 181 0 1244 100 57 200 173 300 586 400
249 0 5 934 0 1141 100 1085 200 1431 300 267 400
250 0 5 542 0 925 100 577 200 1160 300 691 400
251 0 5 191 0 610 100 403 200 480 300 1028 400
252 0 5 385 0 577 100 1191 200 1321 300 691 400
253 0 5 1178 0 10 100 444 200 64 300 382 400
254 0 5 795 0 138 100 643 200 18 300 1205 400
255 0 5 601 0 1298 100 180 200 195 300 281 400
256 0 5 1281 0 637 100 121 200 967 300 1411 400
257 0 5 1427 0 1236 100 1213 200 1103 300 972 400
258 0 5 1357 0 187 100 348 200 683 300 546 400
259 0 5 364 0 277 100 1484 200 699 300 1208 400
260 0 5 1306 0 556 100 846 200 1044 300 848 400
261 0 5 276 0 1105 100 406 200 1350 300 908 400
262 0 5 613 0 482 100 988 200 1323 300 643 400
263 0 5 89 0 515 100 1288 200 45 300 104 400
264 0 5 201 0 750 100 1227 200 324 300 1250 400
265 0 5 781 0 948 100 213 200 322 300 1099 400
266 0 5 1124 0 453 100 595 200 342 300 1259 400
267 0 5 934 0 1288 100 812 200 1141 300 249 400
268 0 5 1074 0 792 100 656 200 565 300 984 400
269 0 5 1265 0 1326 100 857 200 1215 300 634 400
270 0 5 529 0 1338 100 1228 200 1020 300 1174 400
271 0 5 867 0 94 100 1401 200 1384 300 739 400
272 0 5 971 0 841 100 978 200 146 300 401 400
273 0 5 123 0 985 100 22 200 1048 300 193 400
274 0 5 769 0 631 100 1263 200 1324 300 618 400
275 0 5 633 0 983 100 548 200 295 300 584 400
276 0 5 1350 0 261 100 908 200 990 300 1145 400
277 0 5 259 0 938 100 1208 200 918 300 664 400
278 0 5 1111 0 746 100 1365 200 709 300 1479 400
279 0 5 1481 0 823 100 1109 200 304 300 917 400
280 0 5 715 0 469 100 1026 200 371 300 1207 400
281 0 5 826 0 340 100 601 200 794 300 255 400
282 0 5 872 0 1118 100 348 200 757 300 426 400
283 0 5 1276 0 328 100 817 200 939 300 531 400
284 0 5 1216 0 302 100 844 200 859 300 516 400
285 0 5 538 0 85 100 1438 200 1240 300 954 400
286 0 5 1128 0 316 100 179 200 189 300 152 400
287 0 5 747 0 1374 100 573 200 222 300 367 400
288 0 5 136 0 922 100 1196 200 1192 300 150 400
289 0 5 621 0 239 100 1383 200 615 300 223 400
290 0 5 115 0 1343 100 845 200 184 300 868 400
291 0 5 1237 0 879 100 23 200 1264 300 1461 400
292 0 5 635 0 1108 100 1223 200 1364 300 51 400
293 0 5 1002 0 908 100 365 200 487 300 1454 400
294 0 5 861 0 1435 100 1470 200 1090 300 446 400
295 0 5 584 0 548 100 275 200 983 300 765 400
296 0 5 532 0 669 100 383 200 134 300 581 400
297 0 5 1177 0 605 100 890 200 1434 300 433 400
298 0 5 1193 0 178 100 1392 200 952 300 1088 400
299 0 5 517 0 1014 100 886 200 711 300 55 400
300 0 5 724 0 980 100 518 200 247 300 200 400
301 0 5 708 0 113 100 106 200 739 300 412 400
302 0 5 1181 0 284 100 844 200 516 300 859 400
303 0 5 1226 0 1493 100 233 200 313 300 1327 400
304 0 5 149 0 823 100 593 200 596 300 1415 400
305 0 5 1322 0 1138 100 414 200 117 300 398 400
306 0 5 696 0 1440 100 970 200 998 300 497 400
307 0 5 1346 0 636 100 1408 200 1385 300 904 400
308 0 5 586 0 57 100 221 200 992 300 1466 400
309 0 5 1126 0 1496 100 1377 200 1348 300 534 400
310 0 5 34 0 117 100 377 200 961 300 1086 400
311 0 5 1044 0 930 100 673 200 1306 300 1354 400
312 0 5 420 0 133 100 855 200 1312 300 1218 400
313 0 5 1327 0 1307 100 425 200 1226 300 303 400
314 0 5 1430 0 1070 100 86 200 1029 300 78 400
315 0 5 1488 0 391 100 16 200 754 300 608 400
316 0 5 152 0 1015 100 286 200 849 300 179 400
317 0 5 438 0 332 100 967 200 439 300 637 400
318 0 5 665 0 485 100 401 200 752 300 971 400
319 0 5 354 0 661 100 756 200 986 300 206 400
320 0 5 946 0 1116 100 695 200 623 300 515 400
321 0 5 178 0 15 100 1422 200 1392 300 720 400
322 0 5 1099 0 948 100 781 200 265 300 1482 400
323 0 5 1258 0 1413 100 40 200 1440 300 409 400
324 0 5 678 0 750 100 264 200 201 300 688 400
325 0 5 445 0 1445 100 1320 200 740 300 920 400
326 0 5 1367 0 752 100 9 200 146 300 1365 400
327 0 5 808 0 1449 100 1465 200 132 300 429 400
328 0 5 531 0 283 100 519 200 1276 300 817 400
329 0 5 214 0 489 100 144 200 834 300 1161 400
330 0 5 1501 0 735 100 452 200 1092 300 147 400
331 0 5 917 0 1229 100 1415 200 1414 300 823 400
332 0 5 967 0 317 100 121 200 763 300 256 400
333 0 5 1042 0 51 100 174 200 1108 300 218 400
334 0 5 869 0 130 100 166 200 612 300 651 400
335 0 5 571 0 149 100 1415 200 593 300 1254 400
336 0 5 1046 0 1395 100 889 200 966 300 411 400
337 0 5 666 0 1373 100 236 200 866 300 891 400
338 0 5 976 0 379 100 870 200 19 300 699 400
339 0 5 593 0 1278 100 212 200 612 300 596 400
340 0 5 281 0 474 100 794 200 826 300 601 400
341 0 5 208 0 1466 100 1102 200 898 300 1272 400
342 0 5 1124 0 490 100 1459 200 266 300 432 400
343 0 5 763 0 1423 100 952 200 1155 300 967 400
344 0 5 1013 0 560 100 129 200 995 300 100 400
345 0 5 20 0 246 100 1092 200 376 300 1217 400
346 0 5 1159 0 31 100 1370 200 1301 300 863 400
347 0 5 1209 0 396 100 199 200 1370 300 1204 400
348 0 5 258 0 1357 100 872 200 1118 300 282 400
349 0 5 1064 0 1200 100 1455 200 250 300 1160 400
350 0 5 686 0 981 100 730 200 1201 300 1283 400
351 0 5 988 0 7 100 903 200 466 300 1323 400
352 0 5 1128 0 227 100 1132 200 880 300 152 400
353 0 5 609 0 875 100 1106 200 499 300 368 400
354 0 5 319 0 206 100 661 200 148 300 381 400
355 0 5 380 0 682 100 697 200 991 300 414 400
356 0 5 1119 0 1461 100 787 200 372 300 342 400
357 0 5 1062 0 1223 100 488 200 745 300 292 400
358 0 5 114 0 858 100 1469 200 1486 300 1225 400
359 0 5 510 0 1229 100 110 200 1414 300 331 400
360 0 5 1349 0 1366 100 600 200 1016 300 1456 400
361 0 5 624 0 1279 100 1450 200 1292 300 29 400
362 0 5 1206 0 607 100 528 200 1172 300 910 400
363 0 5 924 0 5 100 692 200 501 300 1421 400
364 0 5 976 0 259 100 1484 200 699 300 653 400
365 0 5 1000 0 1454 100 487 200 1002 300 293 400
366 0 5 1139 0 1271 100 725 200 974 300 1008 400
367 0 5 573 0 1027 100 287 200 222 300 164 400
368 0 5 80 0 609 100 745 200 353 300 499 400
369 0 5 511 0 1371 100 1228 200 1231 300 979 400
370 0 5 1113 0 949 100 1192 200 627 300 142 400
371 0 5 791 0 650 100 1026 200 280 300 930 400
372 0 5 72 0 23 100 1461 200 224 300 356 400
373 0 5 784 0 220 100 1378 200 434 300 427 400
374 0 5 660 0 118 100 923 200 1462 300 550 400
375 0 5 832 0 877 100 821 200 98 300 76 400
376 0 5 1092 0 1016 100 345 200 246 300 1217 400
377 0 5 310 0 657 100 34 200 1086 300 117 400
378 0 5 2 0 950 100 492 200 1528 300 617 400
379 0 5 766 0 1508 100 1509 200 338 300 938 400
380 0 5 355 0 1474 100 1248 200 991 300 1153 400
381 0 5 921 0 661 100 319 200 354 300 148 400
382 0 5 448 0 997 100 253 200 26 300 1178 400
383 0 5 134 0 123 100 963 200 532 300 296 400
384 0 5 851 0 209 100 774 200 1338 300 1135 400
385 0 5 543 0 252 100 577 200 618 300 929 400
386 0 5 182 0 1043 100 726 200 975 300 555 400
387 0 5 100 0 198 100 890 200 1251 300 560 400
388 0 5 736 0 512 100 645 200 1412 300 437 400
389 0 5 770 0 95 100 422 200 690 300 139 400
390 0 5 836 0 531 100 475 200 514 300 465 400
391 0 5 315 0 1488 100 945 200 1490 300 1251 400
392 0 5 589 0 640 100 663 200 1253 300 465 400
393 0 5 802 0 588 100 1183 200 1286 300 1234 400
394 0 5 1250 0 1342 100 772 200 232 300 813 400
395 0 5 719 0 901 100 1082 200 525 300 1224 400
396 0 5 964 0 347 100 1204 200 1209 300 491 400
397 0 5 962 0 694 100 585 200 154 300 1382 400
398 0 5 1322 0 1138 100 665 200 752 300 1056 400
399 0 5 816 0 7 100 988 200 528 300 351 400
400 0 5 1293 0 564 100 957 200 1499 300 807 400
401 0 5 146 0 318 100 978 200 752 300 971 400
402 0 5 1416 0 1448 100 1040 200 540 300 1289 400
403 0 5 539 0 251 100 848 200 480 300 191 400
404 0 5 920 0 203 100 1445 200 1456 300 740 400
405 0 5 1483 0 164 100 1374 200 599 300 747 400
406 0 5 893 0 1145 100 261 200 1105 300 276 400
407 0 5 413 0 1131 100 1091 200 761 300 788 400
408 0 5 185 0 1006 100 881 200 1169 300 1238 400
409 0 5 102 0 1440 100 574 200 323 300 1303 400
410 0 5 476 0 785 100 926 200 1388 300 798 400
411 0 5 889 0 871 100 1345 200 193 300 865 400
412 0 5 1033 0 204 100 113 200 301 300 981 400
413 0 5 407 0 788 100 1091 200 195 300 1131 400
414 0 5 493 0 682 100 355 200 961 300 810 400
415 0 5 111 0 56 100 502 200 1099 300 829 400
416 0 5 1178 0 902 100 1137 200 10 300 253 400
417 0 5 704 0 638 100 1260 200 158 300 470 400
418 0 5 108 0 24 100 1426 200 1075 300 1275 400
419 0 5 53 0 1014 100 75 200 1148 300 1393 400
420 0 5 1110 0 312 100 855 200 911 300 592 400
421 0 5 1424 0 1072 100 188 200 423 300 614 400
422 0 5 481 0 1439 100 95 200 389 300 1363 400
423 0 5 557 0 1424 100 1065 200 421 300 591 400
424 0 5 1365 0 1084 100 4 200 746 300 1479 400
425 0 5 950 0 1307 100 313 200 492 300 1226 400
426 0 5 1100 0 1403 100 872 200 1240 300 522 400
427 0 5 594 0 767 100 484 200 784 300 373 400
428 0 5 468 0 189 100 1362 200 909 300 1128 400
429 0 5 783 0 38 100 327 200 1449 300 494 400
430 0 5 1391 0 890 100 159 200 646 300 605 400
431 0 5 825 0 877 100 986 200 661 300 375 400
432 0 5 1107 0 1303 100 342 200 266 300 1259 400
433 0 5 1434 0 847 100 1038 200 945 300 902 400
434 0 5 513 0 838 100 521 200 951 300 789 400
435 0 5 1436 0 1182 100 625 200 824 300 90 400
436 0 5 806 0 821 100 96 200 489 300 832 400
437 0 5 25 0 504 100 736 200 645 300 388 400
438 0 5 317 0 439 100 637 200 763 300 256 400
439 0 5 637 0 438 100 1411 200 707 300 317 400
440 0 5 1451 0 622 100 14 200 698 300 777 400
441 0 5 664 0 938 100 277 200 1208 300 840 400
442 0 5 944 0 809 100 1154 200 1157 300 658 400
443 0 5 1136 0 240 100 162 200 23 300 72 400
444 0 5 10 0 64 100 253 200 16 300 945 400
445 0 5 325 0 1445 100 1320 200 488 300 1062 400
446 0 5 1435 0 226 100 237 200 799 300 294 400
447 0 5 1356 0 1053 100 1467 200 1299 300 1357 400
448 0 5 853 0 382 100 997 200 1021 300 1178 400
449 0 5 1065 0 1113 100 627 200 87 300 800 400
450 0 5 4 0 1342 100 1250 200 232 300 678 400
451 0 5 99 0 109 100 1024 200 240 300 32 400
452 0 5 735 0 219 100 330 200 641 300 147 400
453 0 5 1259 0 266 100 749 200 595 300 432 400
454 0 5 121 0 65 100 1344 200 967 300 1392 400
455 0 5 659 0 502 100 8 200 860 300 207 400
456 0 5 125 0 1059 100 1277 200 56 300 126 400
457 0 5 1202 0 470 100 1458 200 231 300 929 400
458 0 5 484 0 1034 100 1483 200 164 300 927 400
459 0 5 827 0 165 100 1416 200 1448 300 1093 400
460 0 5 1291 0 1443 100 1360 200 1068 300 1007 400
461 0 5 843 0 739 100 708 200 113 300 1262 400
462 0 5 33 0 1437 100 3 200 1497 300 1214 400
463 0 5 1275 0 24 100 533 200 1311 300 1081 400
464 0 5 1328 0 1498 100 686 200 1283 300 26 400
465 0 5 1273 0 1253 100 589 200 390 300 553 400
466 0 5 996 0 7 100 903 200 351 300 961 400
467 0 5 1076 0 728 100 1000 200 365 300 498 400
468 0 5 428 0 855 100 1129 200 1362 300 1174 400
469 0 5 1026 0 211 100 280 200 1207 300 371 400
470 0 5 1417 0 698 100 1458 200 231 300 417 400
471 0 5 156 0 685 100 483 200 905 300 225 400
472 0 5 498 0 931 100 163 200 1227 300 973 400
473 0 5 932 0 579 100 44 200 710 300 553 400
474 0 5 340 0 1225 100 1469 200 794 300 358 400
475 0 5 1189 0 519 100 390 200 1473 300 531 400
476 0 5 410 0 926 100 798 200 496 300 928 400
477 0 5 772 0 1245 100 580 200 394 300 1001 400
478 0 5 779 0 937 100 1163 200 957 300 400 400
479 0 5 30 0 822 100 1502 200 1115 300 1 400
480 0 5 1409 0 191 100 251 200 1028 300 403 400
481 0 5 422 0 527 100 1363 200 1439 300 54 400
482 0 5 643 0 262 100 1205 200 613 300 1323 400
483 0 5 132 0 131 100 685 200 471 300 169 400
484 0 5 458 0 1034 100 1368 200 427 300 1491 400
485 0 5 752 0 665 100 398 200 318 300 1056 400
486 0 5 1407 0 599 100 1374 200 1140 300 1194 400
487 0 5 864 0 1000 100 365 200 908 300 973 400
488 0 5 745 0 1062 100 357 200 445 300 1320 400
489 0 5 329 0 144 100 649 200 1232 300 831 400
490 0 5 787 0 342 100 88 200 1359 300 1124 400
491 0 5 1310 0 964 100 396 200 1204 300 863 400
492 0 5 617 0 950 100 425 200 1226 300 550 400
493 0 5 810 0 414 100 682 200 961 300 903 400
494 0 5 1476 0 1449 100 38 200 1393 300 1003 400
495 0 5 13 0 206 100 968 200 837 300 756 400
496 0 5 928 0 987 100 926 200 1243 300 1102 400
497 0 5 1330 0 109 100 696 200 1024 300 306 400
498 0 5 472 0 163 100 728 200 1000 300 210 400
499 0 5 1289 0 68 100 875 200 1093 300 353 400
500 0 5 1452 0 859 100 1216 200 1463 300 284 400
501 0 5 888 0 1421 100 1117 200 924 300 363 400
502 0 5 712 0 455 100 56 200 415 300 1211 400
503 0 5 535 0 135 100 239 200 1098 300 1257 400
504 0 5 830 0 437 100 970 200 565 300 81 400
505 0 5 172 0 37 100 989 200 1442 300 804 400
506 0 5 1221 0 1097 100 1341 200 42 300 634 400
507 0 5 1168 0 66 100 755 200 598 300 1337 400
508 0 5 632 0 1166 100 565 200 656 300 1074 400
509 0 5 1246 0 760 100 1494 200 1351 300 1049 400
510 0 5 359 0 1414 100 1358 200 1229 300 110 400
511 0 5 369 0 718 100 133 200 1218 300 1228 400
512 0 5 388 0 1412 100 1078 200 645 300 40 400
513 0 5 434 0 1378 100 123 200 22 300 838 400
514 0 5 817 0 531 100 1354 200 539 300 390 400
515 0 5 648 0 263 100 104 200 623 300 951 400
516 0 5 844 0 1463 100 859 200 302 300 942 400
517 0 5 299 0 886 100 711 200 1014 300 977 400
518 0 5 773 0 616 100 300 200 43 300 247 400
519 0 5 475 0 531 100 328 200 1189 300 390 400
520 0 5 569 0 579 100 41 200 710 300 1247 400
521 0 5 789 0 951 100 434 200 838 300 320 400
522 0 5 1100 0 768 100 426 200 1213 300 1403 400
523 0 5 914 0 968 100 837 200 1471 300 566 400
524 0 5 1017 0 84 100 28 200 1351 300 128 400
525 0 5 901 0 1050 100 395 200 1224 300 668 400
526 0 5 620 0 1428 100 587 200 707 300 1387 400
527 0 5 71 0 481 100 1363 200 690 300 422 400
528 0 5 1206 0 816 100 362 200 613 300 988 400
529 0 5 1228 0 270 100 1171 200 1489 300 1020 400
530 0 5 1267 0 797 100 1197 200 814 300 1284 400
531 0 5 328 0 519 100 514 200 390 300 817 400
532 0 5 296 0 581 100 669 200 383 300 904 400
533 0 5 700 0 463 100 24 200 843 300 1311 400
534 0 5 1496 0 1381 100 1262 200 1377 300 309 400
535 0 5 1098 0 503 100 135 200 37 300 1257 400
536 0 5 141 0 199 100 915 200 1006 300 408 400
537 0 5 1212 0 1005 100 1246 200 1496 300 737 400
538 0 5 1240 0 285 100 954 200 85 300 1403 400
539 0 5 403 0 1354 100 514 200 848 300 673 400
540 0 5 402 0 1453 100 1416 200 813 300 827 400
541 0 5 54 0 1439 100 1156 200 95 300 1037 400
542 0 5 12 0 691 100 250 200 1268 300 925 400
543 0 5 385 0 929 100 577 200 618 300 925 400
544 0 5 1175 0 1054 100 1220 200 865 300 89 400
545 0 5 906 0 63 100 796 200 1358 300 1255 400
546 0 5 187 0 954 100 872 200 1022 300 258 400
547 0 5 1180 0 242 100 1418 200 1196 300 1423 400
548 0 5 765 0 295 100 584 200 275 300 1399 400
549 0 5 126 0 753 100 1208 200 14 300 664 400
550 0 5 233 0 660 100 611 200 492 300 1226 400
551 0 5 1295 0 20 100 345 200 219 300 1092 400
552 0 5 1337 0 1400 100 1386 200 755 300 167 400
553 0 5 1273 0 932 100 710 200 1473 300 842 400
554 0 5 982 0 1037 100 108 200 541 300 1426 400
555 0 5 726 0 182 100 1321 200 576 300 386 400
556 0 5 965 0 260 100 1306 200 1147 300 211 400
557 0 5 423 0 87 100 1161 200 1065 300 1424 400
558 0 5 1151 0 1320 100 738 200 1292 300 140 400
559 0 5 1095 0 44 100 579 200 663 300 473 400
560 0 5 344 0 100 100 129 200 101 300 1013 400
561 0 5 873 0 81 100 1198 200 1335 300 830 400
562 0 5 42 0 1315 100 1486 200 1097 300 858 400
563 0 5 966 0 1395 100 1404 200 653 300 259 400
564 0 5 933 0 400 100 671 200 1499 300 833 400
565 0 5 998 0 1330 100 504 200 970 300 1074 400
566 0 5 1471 0 714 100 761 200 1071 300 1468 400
567 0 5 65 0 1088 100 952 200 1392 300 454 400
568 0 5 1369 0 947 100 1166 200 805 300 632 400
569 0 5 41 0 520 100 1247 200 1334 300 710 400
570 0 5 196 0 1149 100 1442 200 807 300 748 400
571 0 5 335 0 1254 100 166 200 612 300 149 400
572 0 5 1167 0 194 100 15 200 1487 300 850 400
573 0 5 367 0 222 100 287 200 1027 300 634 400
574 0 5 205 0 1107 100 409 200 1303 300 1459 400
575 0 5 1076 0 729 100 36 200 1039 300 580 400
576 0 5 705 0 726 100 1321 200 555 300 1268 400
577 0 5 925 0 543 100 250 200 252 300 385 400
578 0 5 62 0 91 100 618 200 544 300 543 400
579 0 5 473 0 520 100 710 200 559 300 44 400
580 0 5 1094 0 36 100 210 200 477 300 1245 400
581 0 5 963 0 532 100 904 200 594 300 296 400
582 0 5 97 0 1239 100 615 200 1058 300 1102 400
583 0 5 3 0 994 100 225 200 1087 300 33 400
584 0 5 633 0 295 100 548 200 275 300 1443 400
585 0 5 962 0 122 100 397 200 1382 300 694 400
586 0 5 308 0 57 100 221 200 173 300 248 400
587 0 5 1387 0 1428 100 526 200 620 300 1168 400
588 0 5 393 0 1183 100 1493 200 1327 300 303 400
589 0 5 392 0 663 100 465 200 932 300 1273 400
590 0 5 768 0 1466 100 1305 200 112 300 522 400
591 0 5 1232 0 176 100 1424 200 834 300 1397 400
592 0 5 176 0 911 100 420 200 1110 300 909 400
593 0 5 339 0 596 100 304 200 149 300 943 400
594 0 5 427 0 963 100 1368 200 1378 300 581 400
595 0 5 1359 0 677 100 266 200 1124 300 453 400
596 0 5 943 0 593 100 1233 200 304 300 339 400
597 0 5 1047 0 759 100 709 200 1111 300 129 400
598 0 5 755 0 815 100 66 200 507 300 1352 400
599 0 5 1374 0 486 100 1407 200 1287 300 702 400
600 0 5 733 0 360 100 1016 200 1398 300 1501 400
601 0 5 826 0 255 100 180 200 281 300 340 400
602 0 5 1045 0 1238 100 1170 200 1122 300 1222 400
603 0 5 807 0 804 100 1442 200 505 300 989 400
604 0 5 1018 0 1081 100 1275 200 765 300 236 400
605 0 5 1402 0 890 100 297 200 1482 300 430 400
606 0 5 1339 0 211 100 1207 200 1314 300 173 400
607 0 5 1400 0 362 100 613 200 528 300 1386 400
608 0 5 754 0 1328 100 651 200 1030 300 1498 400
609 0 5 353 0 368 100 745 200 1106 300 488 400
610 0 5 251 0 138 100 1028 200 795 300 776 400
611 0 5 660 0 1346 100 550 200 233 300 923 400
612 0 5 212 0 339 100 166 200 571 300 1278 400
613 0 5 262 0 528 100 607 200 816 300 988 400
614 0 5 90 0 800 100 69 200 421 300 1436 400
615 0 5 1058 0 1239 100 1383 200 582 300 289 400
616 0 5 1347 0 518 100 1380 200 1355 300 727 400
617 0 5 1495 0 492 100 1462 200 378 300 1524 400
618 0 5 929 0 274 100 769 200 62 300 543 400
619 0 5 905 0 1290 100 671 200 483 300 1051 400
620 0 5 1387 0 526 100 587 200 1410 300 1428 400
621 0 5 289 0 46 100 239 200 799 300 1058 400
622 0 5 1263 0 440 100 777 200 698 300 274 400
623 0 5 775 0 946 100 1085 200 515 300 320 400
624 0 5 361 0 1450 100 1279 200 1292 300 218 400
625 0 5 1182 0 435 100 878 200 824 300 955 400
626 0 5 50 0 264 100 1447 200 750 300 665 400
627 0 5 949 0 142 100 449 200 370 300 69 400
628 0 5 887 0 1127 100 131 200 217 300 779 400
629 0 5 820 0 105 100 912 200 885 300 1165 400
630 0 5 829 0 953 100 171 200 1297 300 840 400
631 0 5 769 0 698 100 274 200 1263 300 622 400
632 0 5 508 0 656 100 1166 200 947 300 1074 400
633 0 5 275 0 1361 100 584 200 49 300 548 400
634 0 5 1341 0 1326 100 1215 200 573 300 222 400
635 0 5 292 0 1151 100 1292 200 1223 300 51 400
636 0 5 904 0 1385 100 307 200 1408 300 1491 400
637 0 5 439 0 256 100 1411 200 1281 300 438 400
638 0 5 417 0 1455 100 231 200 1458 300 1417 400
639 0 5 1132 0 883 100 227 200 1389 300 352 400
640 0 5 974 0 1388 100 392 200 1008 300 1214 400
641 0 5 1313 0 809 100 147 200 452 300 944 400
642 0 5 1061 0 209 100 851 200 1135 300 1140 400
643 0 5 482 0 1205 100 795 200 254 300 1028 400
644 0 5 1406 0 1420 100 833 200 1499 300 807 400
645 0 5 1412 0 1198 100 512 200 388 300 1055 400
646 0 5 759 0 129 100 430 200 530 300 1284 400
647 0 5 1061 0 1143 100 1140 200 1194 300 486 400
648 0 5 515 0 951 100 104 200 263 300 320 400
649 0 5 831 0 1015 100 489 200 1232 300 316 400
650 0 5 1253 0 791 100 371 200 465 300 930 400
651 0 5 869 0 608 100 1328 200 754 300 334 400
652 0 5 93 0 1308 100 226 200 1257 300 446 400
653 0 5 1441 0 966 100 563 200 732 300 699 400
654 0 5 1332 0 118 100 1009 200 1441 300 985 400
655 0 5 64 0 26 100 1030 200 253 300 382 400
656 0 5 1074 0 1300 100 632 200 984 300 268 400
657 0 5 377 0 1086 100 1056 200 1138 300 117 400
658 0 5 809 0 1023 100 1154 200 713 300 1090 400
659 0 5 860 0 1361 100 455 200 207 300 49 400
660 0 5 611 0 374 100 550 200 923 300 492 400
661 0 5 381 0 319 100 431 200 354 300 986 400
662 0 5 742 0 758 100 143 200 67 300 1280 400
663 0 5 44 0 589 100 392 200 1095 300 559 400
664 0 5 441 0 1404 100 259 200 277 300 549 400
665 0 5 318 0 398 100 1447 200 485 300 626 400
666 0 5 337 0 236 100 1373 200 1037 300 866 400
667 0 5 980 0 1419 100 778 200 247 300 839 400
668 0 5 892 0 1050 100 525 200 780 300 1431 400
669 0 5 296 0 532 100 1332 200 1048 300 383 400
670 0 5 27 0 1036 100 1497 200 1146 300 1241 400
671 0 5 1309 0 905 100 619 200 564 300 1499 400
672 0 5 245 0 928 100 1239 200 687 300 1383 400
673 0 5 1354 0 930 100 311 200 836 300 539 400
674 0 5 190 0 1413 100 40 200 512 300 200 400
675 0 5 677 0 1133 100 1359 200 595 300 88 400
676 0 5 1066 0 730 100 70 200 1201 300 350 400
677 0 5 675 0 595 100 894 200 749 300 1359 400
678 0 5 324 0 1250 100 450 200 264 300 1342 400
679 0 5 1285 0 942 100 177 200 58 300 11 400
680 0 5 47 0 1210 100 1398 200 1501 300 717 400
681 0 5 1191 0 1175 100 1288 200 544 300 89 400
682 0 5 903 0 810 100 697 200 355 300 493 400
683 0 5 1357 0 1467 100 74 200 1022 300 1394 400
684 0 5 893 0 868 100 1145 200 845 300 1185 400
685 0 5 156 0 471 100 483 200 169 300 1176 400
686 0 5 350 0 1283 100 464 200 981 300 1328 400
687 0 5 1383 0 811 100 223 200 672 300 615 400
688 0 5 73 0 841 100 750 200 324 300 971 400
689 0 5 195 0 13 100 1429 200 1298 300 255 400
690 0 5 770 0 1316 100 891 200 835 300 1007 400
691 0 5 542 0 1321 100 925 200 250 300 12 400
692 0 5 1005 0 1121 100 924 200 82 300 363 400
693 0 5 1405 0 1230 100 881 200 1312 300 979 400
694 0 5 397 0 1382 100 585 200 1299 300 154 400
695 0 5 960 0 1116 100 320 200 220 300 789 400
696 0 5 306 0 109 100 497 200 1330 300 1024 400
697 0 5 903 0 1164 100 682 200 723 300 1446 400
698 0 5 631 0 1263 100 1417 200 470 300 440 400
699 0 5 1441 0 364 100 259 200 870 300 732 400
700 0 5 1311 0 734 100 106 200 533 300 1081 400
701 0 5 150 0 1418 100 900 200 243 300 136 400
702 0 5 48 0 1070 100 1287 200 1407 300 599 400
703 0 5 873 0 1011 100 943 200 1052 300 561 400
704 0 5 158 0 417 100 1304 200 1260 300 790 400
705 0 5 576 0 1086 100 1268 200 1321 300 726 400
706 0 5 1474 0 973 100 1153 200 864 300 1248 400
707 0 5 1266 0 127 100 79 200 1428 300 439 400
708 0 5 301 0 843 100 461 200 106 300 113 400
709 0 5 1047 0 597 100 229 200 1111 300 1365 400
710 0 5 1247 0 1148 100 520 200 579 300 1334 400
711 0 5 1280 0 742 100 55 200 1336 300 517 400
712 0 5 1402 0 502 100 1482 200 1099 300 322 400
713 0 5 1023 0 1090 100 658 200 1308 300 1154 400
714 0 5 828 0 914 100 566 200 1471 300 523 400
715 0 5 280 0 1207 100 725 200 992 300 1271 400
716 0 5 757 0 1500 100 1353 200 1103 300 1094 400
717 0 5 1210 0 852 100 1157 200 944 300 74 400
718 0 5 1218 0 511 100 1174 200 1129 300 133 400
719 0 5 395 0 1029 100 78 200 314 300 1224 400
720 0 5 1396 0 15 100 1422 200 321 300 194 400
721 0 5 124 0 1221 100 1027 200 1179 300 731 400
722 0 5 1425 0 1301 100 1372 200 820 300 197 400
723 0 5 1164 0 1145 100 697 200 990 300 1248 400
724 0 5 300 0 1080 100 200 200 980 300 1259 400
725 0 5 1271 0 992 100 715 200 366 300 1207 400
726 0 5 555 0 182 100 576 200 386 300 705 400
727 0 5 1190 0 1380 100 801 200 1333 300 616 400
728 0 5 467 0 498 100 163 200 1076 300 210 400
729 0 5 1427 0 575 100 1199 200 36 300 1039 400
730 0 5 676 0 1201 100 350 200 70 300 1355 400
731 0 5 183 0 1179 100 1186 200 1325 300 1234 400
732 0 5 985 0 1441 100 653 200 699 300 116 400
733 0 5 600 0 1398 100 1456 200 862 300 740 400
734 0 5 106 0 700 100 533 200 843 300 997 400
735 0 5 452 0 330 100 1092 200 219 300 1501 400
736 0 5 388 0 1252 100 437 200 40 300 512 400
737 0 5 82 0 1005 100 692 200 1496 300 537 400
738 0 5 140 0 1456 100 1366 200 558 300 360 400
739 0 5 113 0 461 100 1377 200 271 300 301 400
740 0 5 793 0 862 100 1456 200 1445 300 920 400
741 0 5 1314 0 762 100 1002 200 1339 300 173 400
742 0 5 67 0 662 100 711 200 1280 300 758 400
743 0 5 175 0 786 100 1031 200 709 300 229 400
744 0 5 1292 0 151 100 1217 200 558 300 1369 400
745 0 5 488 0 609 100 368 200 353 300 357 400
746 0 5 1479 0 278 100 1365 200 1111 300 9 400
747 0 5 287 0 164 100 405 200 1374 300 573 400
748 0 5 196 0 811 100 223 200 172 300 570 400
749 0 5 894 0 1259 100 453 200 677 300 1080 400
750 0 5 264 0 324 100 841 200 201 300 626 400
751 0 5 46 0 1438 100 85 200 799 300 285 400
752 0 5 1056 0 485 100 398 200 1270 300 1138 400
753 0 5 1208 0 549 100 126 200 14 300 1096 400
754 0 5 608 0 130 100 110 200 651 300 315 400
755 0 5 598 0 1337 100 507 200 815 300 167 400
756 0 5 986 0 1261 100 319 200 825 300 13 400
757 0 5 716 0 1353 100 282 200 1118 300 1142 400
758 0 5 662 0 956 100 1280 200 121 300 817 400
759 0 5 995 0 597 100 129 200 1013 300 646 400
760 0 5 509 0 1173 100 1348 200 1246 300 1496 400
761 0 5 1071 0 77 100 1131 200 566 300 1468 400
762 0 5 1244 0 741 100 1314 200 1002 300 1199 400
763 0 5 343 0 967 100 952 200 1423 300 1155 400
764 0 5 1480 0 1176 100 808 200 1465 300 169 400
765 0 5 1018 0 548 100 1399 200 604 300 1137 400
766 0 5 1540 0 1 100 938 200 379 300 918 400
767 0 5 1057 0 427 100 484 200 594 300 1249 400
768 0 5 590 0 522 100 1305 200 1403 300 1100 400
769 0 5 631 0 274 100 618 200 929 300 62 400
770 0 5 389 0 690 100 891 200 139 300 1363 400
771 0 5 84 0 959 100 157 200 1017 300 128 400
772 0 5 477 0 394 100 1245 200 1019 300 1001 400
773 0 5 43 0 518 100 1380 200 202 300 616 400
774 0 5 119 0 1338 100 384 200 1362 300 468 400
775 0 5 780 0 623 100 1085 200 946 300 1431 400
776 0 5 856 0 956 100 18 200 138 300 610 400
777 0 5 14 0 1324 100 622 200 440 300 1263 400
778 0 5 667 0 247 100 1012 200 28 300 1419 400
779 0 5 887 0 478 100 1127 200 217 300 628 400
780 0 5 775 0 1431 100 1085 200 668 300 525 400
781 0 5 907 0 265 100 125 200 322 300 213 400
782 0 5 1261 0 1429 100 13 200 192 300 689 400
783 0 5 429 0 1487 100 327 200 38 300 1167 400
784 0 5 373 0 1378 100 427 200 134 300 220 400
785 0 5 1272 0 1102 100 410 200 898 300 1243 400
786 0 5 63 0 743 100 827 200 1031 300 1162 400
787 0 5 1461 0 490 100 356 200 1119 300 88 400
788 0 5 1390 0 413 100 195 200 1468 300 1091 400
789 0 5 960 0 521 100 951 200 434 300 695 400
790 0 5 1451 0 158 100 1260 200 704 300 1417 400
791 0 5 371 0 650 100 1253 200 280 300 1026 400
792 0 5 268 0 984 100 1024 200 656 300 565 400
793 0 5 1394 0 740 100 1053 200 862 300 1398 400
794 0 5 209 0 281 100 826 200 340 300 1083 400
795 0 5 254 0 1028 100 138 200 643 300 610 400
796 0 5 1255 0 63 100 1032 200 993 300 545 400
797 0 5 230 0 1197 100 530 200 21 300 1111 400
798 0 5 919 0 476 100 926 200 928 300 410 400
799 0 5 1435 0 46 100 85 200 621 300 239 400
800 0 5 1065 0 614 100 421 200 449 300 69 400
801 0 5 1055 0 1380 100 1235 200 727 300 1190 400
802 0 5 393 0 1234 100 899 200 1286 300 183 400
803 0 5 122 0 1001 100 1245 200 1094 300 1101 400
804 0 5 1442 0 603 100 989 200 505 300 172 400
805 0 5 1125 0 1166 100 568 200 565 300 29 400
806 0 5 436 0 98 100 831 200 821 300 849 400
807 0 5 603 0 1406 100 1442 200 644 300 570 400
808 0 5 327 0 1465 100 764 200 132 300 1176 400
809 0 5 658 0 442 100 641 200 944 300 1154 400
810 0 5 493 0 682 100 355 200 697 300 903 400
811 0 5 748 0 223 100 687 200 245 300 672 400
812 0 5 1310 0 1141 100 267 200 863 300 491 400
813 0 5 232 0 1019 100 394 200 540 300 896 400
814 0 5 1304 0 1267 100 530 200 1391 300 1284 400
815 0 5 66 0 598 100 1352 200 755 300 507 400
816 0 5 399 0 528 100 910 200 1206 300 988 400
817 0 5 514 0 283 100 939 200 531 300 1276 400
818 0 5 936 0 49 100 1211 200 1010 300 111 400
819 0 5 1079 0 1232 100 1397 200 591 300 179 400
820 0 5 629 0 105 100 1372 200 722 300 1165 400
821 0 5 832 0 436 100 806 200 98 300 375 400
822 0 5 1452 0 479 100 145 200 30 300 1504 400
823 0 5 279 0 304 100 1415 200 917 300 149 400
824 0 5 999 0 1192 100 1436 200 878 300 435 400
825 0 5 431 0 986 100 756 200 1261 300 192 400
826 0 5 601 0 281 100 180 200 794 300 340 400
827 0 5 459 0 1416 100 540 200 786 300 165 400
828 0 5 714 0 914 100 913 200 1152 300 921 400
829 0 5 630 0 1297 100 111 200 953 300 56 400
830 0 5 504 0 81 100 565 200 29 300 561 400
831 0 5 649 0 849 100 806 200 489 300 316 400
832 0 5 821 0 375 100 436 200 806 300 96 400
833 0 5 1420 0 1499 100 644 200 671 300 564 400
834 0 5 214 0 1232 100 591 200 1424 300 329 400
835 0 5 770 0 690 100 153 200 1363 300 1316 400
836 0 5 390 0 1354 100 673 200 514 300 1253 400
837 0 5 168 0 13 100 968 200 495 300 523 400
838 0 5 120 0 434 100 951 200 22 300 521 400
839 0 5 1035 0 1419 100 980 200 1080 300 157 400
840 0 5 1297 0 938 100 630 200 277 300 441 400
841 0 5 971 0 688 100 272 200 73 300 750 400
842 0 5 1473 0 1148 100 53 200 710 300 1189 400
843 0 5 708 0 461 100 106 200 533 300 734 400
844 0 5 155 0 516 100 284 200 302 300 153 400
845 0 5 115 0 916 100 290 200 868 300 684 400
846 0 5 260 0 930 100 311 200 1044 300 1306 400
847 0 5 433 0 945 100 1038 200 10 300 1434 400
848 0 5 1044 0 1306 100 260 200 403 300 882 400
849 0 5 98 0 831 100 316 200 1294 300 806 400
850 0 5 886 0 977 100 194 200 38 300 572 400
851 0 5 1135 0 384 100 1219 200 642 300 107 400
852 0 5 74 0 717 100 1157 200 1022 300 6 400
853 0 5 1021 0 448 100 1311 200 997 300 1081 400
854 0 5 1481 0 1364 100 1233 200 1472 300 1042 400
855 0 5 1129 0 420 100 468 200 312 300 909 400
856 0 5 956 0 776 100 18 200 138 300 610 400
857 0 5 61 0 269 100 1326 200 1265 300 1194 400
858 0 5 1486 0 1315 100 358 200 1225 300 114 400
859 0 5 500 0 516 100 1463 200 1319 300 1510 400
860 0 5 659 0 8 100 455 200 207 300 160 400
861 0 5 1470 0 294 100 6 200 1435 300 799 400
862 0 5 1398 0 793 100 740 200 1394 300 733 400
863 0 5 964 0 1310 100 1370 200 491 300 812 400
864 0 5 973 0 487 100 1248 200 706 300 1000 400
865 0 5 1054 0 871 100 45 200 1220 300 1046 400
866 0 5 139 0 891 100 940 200 666 300 236 400
867 0 5 271 0 1401 100 1049 200 94 300 1012 400
868 0 5 1185 0 1409 100 684 200 845 300 893 400
869 0 5 651 0 334 100 130 200 754 300 608 400
870 0 5 338 0 976 100 699 200 918 300 1462 400
871 0 5 411 0 865 100 186 200 45 300 889 400
872 0 5 282 0 546 100 348 200 426 300 187 400
873 0 5 703 0 561 100 1052 200 1335 300 1198 400
874 0 5 119 0 1203 100 1389 200 1340 300 227 400
875 0 5 1093 0 353 100 165 200 499 300 1106 400
876 0 5 80 0 1382 100 694 200 499 300 368 400
877 0 5 375 0 431 100 76 200 192 300 1261 400
878 0 5 969 0 999 100 1274 200 625 300 1302 400
879 0 5 1264 0 291 100 1237 200 443 300 23 400
880 0 5 180 0 1298 100 883 200 1132 300 352 400
881 0 5 408 0 693 100 1006 200 185 300 199 400
882 0 5 1185 0 1147 100 848 200 1409 300 868 400
883 0 5 639 0 1132 100 1340 200 880 300 1389 400
884 0 5 228 0 1331 100 1012 200 1049 300 28 400
885 0 5 910 0 1372 100 629 200 820 300 1206 400
886 0 5 850 0 517 100 299 200 977 300 1003 400
887 0 5 628 0 779 100 478 200 1127 300 131 400
888 0 5 501 0 1184 100 1426 200 982 300 1421 400
889 0 5 411 0 1345 100 1395 200 966 300 336 400
890 0 5 198 0 430 100 387 200 530 300 129 400
891 0 5 866 0 690 100 1041 200 139 300 770 400
892 0 5 668 0 1489 100 1050 200 1204 300 1171 400
893 0 5 406 0 1145 100 684 200 1185 300 868 400
894 0 5 749 0 1080 100 677 200 234 300 1035 400
895 0 5 161 0 1082 100 1287 200 1249 300 901 400
896 0 5 1453 0 1019 100 813 200 1001 300 772 400
897 0 5 52 0 1316 100 153 200 690 300 1285 400
898 0 5 1272 0 992 100 785 200 341 300 221 400
899 0 5 1286 0 1034 100 927 200 802 300 941 400
900 0 5 243 0 1269 100 701 200 150 300 1418 400
901 0 5 525 0 1116 100 395 200 1224 300 1082 400
902 0 5 983 0 416 100 1434 200 10 300 1137 400
903 0 5 682 0 697 100 466 200 351 300 7 400
904 0 5 636 0 581 100 963 200 1385 300 1491 400
905 0 5 619 0 671 100 471 200 1309 300 225 400
906 0 5 545 0 1358 100 63 200 165 300 875 400
907 0 5 781 0 125 100 56 200 213 300 265 400
908 0 5 276 0 293 100 487 200 261 300 864 400
909 0 5 216 0 189 100 176 200 855 300 911 400
910 0 5 885 0 1206 100 362 200 816 300 1165 400
911 0 5 592 0 1110 100 909 200 176 300 855 400
912 0 5 629 0 915 100 1376 200 1370 300 141 400
913 0 5 1152 0 968 100 828 200 495 300 837 400
914 0 5 523 0 828 100 714 200 837 300 1471 400
915 0 5 536 0 1376 100 1006 200 912 300 141 400
916 0 5 1446 0 115 100 845 200 1164 300 290 400
917 0 5 331 0 1415 100 1414 200 823 300 1229 400
918 0 5 1515 0 1516 100 976 200 379 300 338 400
919 0 5 798 0 1241 100 27 200 670 300 245 400
920 0 5 404 0 1445 100 203 200 1320 300 740 400
921 0 5 381 0 238 100 1152 200 148 300 661 400
922 0 5 288 0 1196 100 1158 200 136 300 1410 400
923 0 5 669 0 1009 100 118 200 374 300 611 400
924 0 5 363 0 1117 100 692 200 1121 300 501 400
925 0 5 577 0 250 100 691 200 542 300 543 400
926 0 5 476 0 928 100 496 200 798 300 410 400
927 0 5 1325 0 899 100 367 200 1034 300 1234 400
928 0 5 496 0 926 100 245 200 672 300 798 400
929 0 5 543 0 618 100 1202 200 577 300 231 400
930 0 5 673 0 311 100 846 200 371 300 1354 400
931 0 5 1227 0 472 100 163 200 1250 300 201 400
932 0 5 473 0 553 100 44 200 589 300 1273 400
933 0 5 1195 0 564 100 671 200 619 300 1499 400
934 0 5 249 0 267 100 1085 200 1288 300 623 400
935 0 5 1004 0 1348 100 1377 200 1173 300 271 400
936 0 5 818 0 1010 100 49 200 1073 300 177 400
937 0 5 1163 0 478 100 217 200 957 300 1051 400
938 0 5 766 0 277 100 1518 200 379 300 840 400
939 0 5 1276 0 55 100 817 200 283 300 1280 400
940 0 5 1041 0 866 100 236 200 1089 300 1068 400
941 0 5 1286 0 1493 100 1408 200 233 300 1385 400
942 0 5 679 0 1073 100 177 200 1319 300 1463 400
943 0 5 596 0 1233 100 703 200 1011 300 1052 400
944 0 5 442 0 809 100 1157 200 717 300 1210 400
945 0 5 847 0 1488 100 391 200 1251 300 444 400
946 0 5 320 0 623 100 775 200 901 300 1116 400
947 0 5 1300 0 568 100 246 200 632 300 1369 400
948 0 5 159 0 265 100 322 200 781 300 213 400
949 0 5 627 0 370 100 142 200 1192 300 1113 400
950 0 5 425 0 1307 100 492 200 378 300 617 400
951 0 5 521 0 648 100 104 200 838 300 789 400
952 0 5 1155 0 1193 100 343 200 763 300 298 400
953 0 5 630 0 829 100 1211 200 111 300 171 400
954 0 5 546 0 85 100 1022 200 538 300 285 400
955 0 5 1063 0 1104 100 1182 200 625 300 1478 400
956 0 5 856 0 776 100 758 200 18 300 1281 400
957 0 5 1163 0 1051 100 478 200 400 300 217 400
958 0 5 1251 0 1038 100 847 200 945 300 100 400
959 0 5 128 0 1067 100 771 200 157 300 1282 400
960 0 5 789 0 695 100 220 200 434 300 513 400
961 0 5 996 0 310 100 117 200 493 300 414 400
962 0 5 397 0 585 100 694 200 122 300 154 400
963 0 5 581 0 904 100 594 200 1368 300 383 400
964 0 5 396 0 863 100 491 200 1310 300 1370 400
965 0 5 1147 0 556 100 260 200 882 300 1306 400
966 0 5 1395 0 563 100 653 200 889 300 336 400
967 0 5 332 0 121 100 763 200 317 300 454 400
968 0 5 523 0 913 100 837 200 495 300 914 400
969 0 5 1274 0 878 100 999 200 1158 300 1302 400
970 0 5 998 0 25 100 504 200 306 300 565 400
971 0 5 272 0 841 100 978 200 665 300 626 400
972 0 5 181 0 1236 100 1213 200 257 300 1427 400
973 0 5 864 0 706 100 472 200 487 300 1000 400
974 0 5 1139 0 1008 100 640 200 1388 300 366 400
975 0 5 34 0 386 100 1086 200 377 300 705 400
976 0 5 364 0 1462 100 870 200 338 300 918 400
977 0 5 194 0 850 100 886 200 1336 300 517 400
978 0 5 971 0 272 100 146 200 401 300 841 400
979 0 5 1296 0 1371 100 1230 200 693 300 369 400
980 0 5 667 0 300 100 1080 200 839 300 724 400
981 0 5 1201 0 350 100 204 200 1283 300 1384 400
982 0 5 554 0 1426 100 888 200 108 300 1184 400
983 0 5 1137 0 275 100 902 200 295 300 584 400
984 0 5 1432 0 792 100 656 200 1300 300 1024 400
985 0 5 732 0 116 100 273 200 1332 300 193 400
986 0 5 756 0 825 100 431 200 319 300 661 400
987 0 5 1243 0 496 100 1102 200 928 300 1239 400
988 0 5 351 0 1323 100 7 200 528 300 184 400
989 0 5 37 0 804 100 505 200 172 300 1442 400
990 0 5 1248 0 1350 100 276 200 723 300 864 400
991 0 5 1077 0 380 100 355 200 414 300 1153 400
992 0 5 725 0 221 100 898 200 1207 300 308 400
993 0 5 1060 0 1255 100 1490 200 796 300 391 400
994 0 5 1309 0 583 100 1087 200 1420 300 225 400
995 0 5 101 0 1013 100 759 200 344 300 129 400
996 0 5 466 0 961 100 7 200 903 300 351 400
997 0 5 382 0 26 100 448 200 1498 300 853 400
998 0 5 970 0 565 100 1330 200 306 300 497 400
999 0 5 824 0 969 100 878 200 1192 300 1158 400
1000 0 5 365 0 487 100 467 200 864 300 728 400
1001 0 5 122 0 803 100 1245 200 896 300 1453 400
1002 0 5 1454 0 1039 100 741 200 365 300 293 400
1003 0 5 1014 0 1476 100 886 200 38 300 419 400
1004 0 5 94 0 935 100 271 200 1348 300 1049 400
1005 0 5 737 0 537 100 692 200 1212 300 1496 400
1006 0 5 1169 0 1376 100 408 200 915 300 881 400
1007 0 5 1360 0 1041 100 690 200 891 300 1068 400
1008 0 5 1139 0 974 100 640 200 366 300 1271 400
1009 0 5 118 0 923 100 654 200 1332 300 374 400
1010 0 5 936 0 1073 100 942 200 630 300 818 400
1011 0 5 703 0 1235 100 1055 200 1198 300 943 400
1012 0 5 884 0 247 100 778 200 28 300 1331 400
1013 0 5 344 0 995 100 759 200 129 300 560 400
1014 0 5 1003 0 419 100 299 200 517 300 886 400
1015 0 5 179 0 649 100 316 200 831 300 286 400
1016 0 5 1349 0 376 100 360 200 600 300 1366 400
1017 0 5 524 0 84 100 771 200 1419 300 778 400
1018 0 5 1399 0 604 100 236 200 765 300 1068 400
1019 0 5 813 0 896 100 1453 200 394 300 772 400
1020 0 5 1219 0 1338 100 270 200 529 300 107 400
1021 0 5 60 0 853 100 1311 200 1178 300 448 400
1022 0 5 6 0 187 100 74 200 852 300 954 400
1023 0 5 713 0 1308 100 658 200 1090 300 1154 400
1024 0 5 1432 0 451 100 109 200 792 300 1330 400
1025 0 5 1343 0 1028 100 643 200 795 300 290 400
1026 0 5 469 0 211 100 280 200 371 300 930 400
1027 0 5 1186 0 1341 100 367 200 721 300 1325 400
1028 0 5 795 0 1025 100 610 200 138 300 643 400
1029 0 5 48 0 719 100 314 200 1070 300 1287 400
1030 0 5 16 0 655 100 64 200 26 300 608 400
1031 0 5 175 0 1162 100 743 200 709 300 101 400
1032 0 5 1187 0 1490 100 1477 200 101 300 1060 400
1033 0 5 412 0 204 100 1283 200 997 300 981 400
1034 0 5 899 0 484 100 458 200 1368 300 927 400
1035 0 5 839 0 234 100 1080 200 894 300 157 400
1036 0 5 1146 0 670 100 1497 200 27 300 1149 400
1037 0 5 139 0 554 100 666 200 108 300 1373 400
1038 0 5 958 0 847 100 433 200 1251 300 1434 400
1039 0 5 1199 0 1002 100 729 200 1454 300 1076 400
1040 0 5 1289 0 1448 100 402 200 68 300 1093 400
1041 0 5 940 0 1007 100 891 200 866 300 690 400
1042 0 5 1108 0 333 100 1364 200 51 300 1472 400
1043 0 5 197 0 386 100 244 200 182 300 722 400
1044 0 5 311 0 848 100 1306 200 260 300 846 400
1045 0 5 602 0 215 100 1302 200 1063 300 1238 400
1046 0 5 336 0 1220 100 865 200 1395 300 871 400
1047 0 5 597 0 709 100 759 200 1031 300 1477 400
1048 0 5 1332 0 669 100 123 200 273 300 383 400
1049 0 5 228 0 94 100 867 200 509 300 1348 400
1050 0 5 525 0 1224 100 892 200 668 300 901 400
1051 0 5 1120 0 957 100 619 200 1290 300 671 400
1052 0 5 1233 0 1472 100 873 200 703 300 1335 400
1053 0 5 447 0 793 100 740 200 1394 300 1467 400
1054 0 5 865 0 89 100 45 200 544 300 1220 400
1055 0 5 801 0 1134 100 1198 200 1011 300 645 400
1056 0 5 1086 0 752 100 657 200 1138 300 17 400
1057 0 5 767 0 1249 100 1287 200 161 300 427 400
1058 0 5 615 0 97 100 582 200 1438 300 621 400
1059 0 5 1208 0 456 100 1297 200 829 300 277 400
1060 0 5 1187 0 1490 100 993 200 1255 300 796 400
1061 0 5 647 0 642 100 1140 200 86 300 1135 400
1062 0 5 357 0 488 100 1223 200 635 300 1151 400
1063 0 5 955 0 215 100 1238 200 1045 300 1104 400
1064 0 5 349 0 1455 100 1200 200 250 300 231 400
1065 0 5 800 0 449 100 423 200 87 300 557 400
1066 0 5 676 0 70 100 1333 200 1492 300 1190 400
1067 0 5 1282 0 157 100 959 200 234 300 771 400
1068 0 5 1443 0 1089 100 460 200 940 300 1018 400
1069 0 5 326 0 1270 100 1367 200 73 300 146 400
1070 0 5 702 0 1407 100 314 200 48 300 1029 400
1071 0 5 761 0 114 100 77 200 566 300 1468 400
1072 0 5 188 0 421 100 235 200 176 300 1242 400
1073 0 5 177 0 942 100 11 200 1010 300 679 400
1074 0 5 268 0 656 100 632 200 565 300 508 400
1075 0 5 1184 0 1426 100 1381 200 1117 300 418 400
1076 0 5 467 0 575 100 728 200 729 300 1039 400
1077 0 5 1379 0 1153 100 991 200 380 300 1474 400
1078 0 5 1412 0 1134 100 512 200 202 300 645 400
1079 0 5 819 0 179 100 1397 200 286 300 216 400
1080 0 5 894 0 724 100 980 200 1035 300 1259 400
1081 0 5 604 0 1311 100 853 200 60 300 1275 400
1082 0 5 895 0 1287 100 395 200 1029 300 161 400
1083 0 5 1433 0 209 100 794 200 642 300 384 400
1084 0 5 1365 0 424 100 4 200 1479 300 229 400
1085 0 5 1431 0 775 100 780 200 623 300 249 400
1086 0 5 705 0 657 100 377 200 1268 300 1056 400
1087 0 5 1149 0 1406 100 1420 200 994 300 644 400
1088 0 5 567 0 1392 100 952 200 298 300 65 400
1089 0 5 1399 0 1443 100 1068 200 940 300 584 400
1090 0 5 1154 0 713 100 1157 200 1308 300 294 400
1091 0 5 1468 0 413 100 407 200 788 300 761 400
1092 0 5 376 0 345 100 219 200 735 300 20 400
1093 0 5 875 0 165 100 499 200 1289 300 1040 400
1094 0 5 1500 0 1101 100 580 200 716 300 1245 400
1095 0 5 559 0 44 100 663 200 1437 300 462 400
1096 0 5 126 0 1451 100 14 200 440 300 790 400
1097 0 5 42 0 506 100 562 200 1341 300 1486 400
1098 0 5 535 0 1257 100 37 200 135 300 503 400
1099 0 5 322 0 56 100 415 200 265 300 712 400
1100 0 5 522 0 426 100 1403 200 1305 300 768 400
1101 0 5 1353 0 154 100 1094 200 1142 300 122 400
1102 0 5 1243 0 785 100 341 200 987 300 1239 400
1103 0 5 1213 0 257 100 1236 200 36 300 1500 400
1104 0 5 1478 0 1317 100 955 200 1182 300 625 400
1105 0 5 261 0 1147 100 406 200 1185 300 276 400
1106 0 5 1144 0 353 100 1457 200 1109 300 875 400
1107 0 5 205 0 432 100 574 200 1303 300 1459 400
1108 0 5 1042 0 292 100 1364 200 333 300 51 400
1109 0 5 1457 0 279 100 1106 200 1358 300 1481 400
1110 0 5 911 0 420 100 855 200 312 300 909 400
1111 0 5 278 0 230 100 1197 200 597 300 709 400
1112 0 5 1464 0 1336 100 1422 200 241 300 1344 400
1113 0 5 370 0 449 100 243 200 150 300 627 400
1114 0 5 1118 0 1142 100 1101 200 1353 300 154 400
1115 0 5 30 0 103 100 479 200 2 300 1510 400
1116 0 5 695 0 320 100 901 200 220 300 775 400
1117 0 5 1121 0 924 100 501 200 1421 300 1075 400
1118 0 5 1114 0 282 100 348 200 1142 300 1356 400
1119 0 5 1264 0 356 100 787 200 372 300 1461 400
1120 0 5 1051 0 1195 100 619 200 671 300 957 400
1121 0 5 82 0 1117 100 692 200 924 300 363 400
1122 0 5 1222 0 39 100 1170 200 602 300 185 400
1123 0 5 39 0 1172 100 1386 200 1170 300 1165 400
1124 0 5 342 0 266 100 595 200 1359 300 490 400
1125 0 5 805 0 29 100 1130 200 361 300 1166 400
1126 0 5 1173 0 309 100 1348 200 1496 300 1377 400
1127 0 5 628 0 217 100 131 200 779 300 1290 400
1128 0 5 286 0 352 100 189 200 1362 300 227 400
1129 0 5 855 0 1174 100 1218 200 468 300 718 400
1130 0 5 174 0 1335 100 29 200 1450 300 561 400
1131 0 5 407 0 77 100 761 200 1091 300 92 400
1132 0 5 639 0 227 100 883 200 352 300 880 400
1133 0 5 1150 0 88 100 675 200 677 300 1359 400
1134 0 5 202 0 1078 100 1055 200 1380 300 512 400
1135 0 5 851 0 86 100 107 200 384 300 642 400
1136 0 5 443 0 224 100 162 200 23 300 72 400
1137 0 5 60 0 983 100 416 200 765 300 295 400
1138 0 5 398 0 305 100 1322 200 1056 300 414 400
1139 0 5 1008 0 366 100 974 200 1271 300 640 400
1140 0 5 1407 0 647 100 1061 200 486 300 1070 400
1141 0 5 249 0 812 100 1431 200 267 300 1159 400
1142 0 5 1114 0 1353 100 1101 200 1118 300 757 400
1143 0 5 1433 0 647 100 1265 200 1194 300 857 400
1144 0 5 1457 0 1106 100 906 200 1109 300 1358 400
1145 0 5 893 0 406 100 723 200 684 300 276 400
1146 0 5 1036 0 1149 100 196 200 670 300 1497 400
1147 0 5 965 0 1105 100 882 200 556 300 1185 400
1148 0 5 53 0 842 100 1334 200 710 300 419 400
1149 0 5 1087 0 570 100 1146 200 1406 300 196 400
1150 0 5 1133 0 1282 100 234 200 1035 300 675 400
1151 0 5 558 0 635 100 1292 200 1062 300 1320 400
1152 0 5 913 0 148 100 921 200 238 300 828 400
1153 0 5 1474 0 706 100 1077 200 50 300 1379 400
1154 0 5 1090 0 658 100 1157 200 442 300 713 400
1155 0 5 952 0 1423 100 1188 200 343 300 763 400
1156 0 5 5 0 54 100 541 200 1421 300 95 400
1157 0 5 852 0 6 100 944 200 717 300 1090 400
1158 0 5 1352 0 922 100 1410 200 1274 300 1196 400
1159 0 5 31 0 346 100 1141 200 863 300 1288 400
1160 0 5 17 0 250 100 542 200 1056 300 1200 400
1161 0 5 35 0 144 100 557 200 423 300 489 400
1162 0 5 1477 0 1031 100 175 200 1187 300 101 400
1163 0 5 937 0 957 100 478 200 217 300 1051 400
1164 0 5 1446 0 723 100 697 200 1145 300 916 400
1165 0 5 105 0 1172 100 910 200 1123 300 362 400
1166 0 5 508 0 805 100 632 200 568 300 29 400
1167 0 5 572 0 1487 100 194 200 850 300 38 400
1168 0 5 507 0 1428 100 79 200 127 300 587 400
1169 0 5 1006 0 1376 100 408 200 1222 300 915 400
1170 0 5 167 0 39 100 602 200 1123 300 1122 400
1171 0 5 1489 0 529 100 892 200 1228 300 270 400
1172 0 5 1386 0 1165 100 1123 200 362 300 910 400
1173 0 5 1126 0 760 100 1348 200 309 300 935 400
1174 0 5 1129 0 1218 100 1338 200 468 300 718 400
1175 0 5 681 0 544 100 1191 200 1475 300 89 400
1176 0 5 1465 0 764 100 169 200 1480 300 41 400
1177 0 5 297 0 160 100 1402 200 8 300 860 400
1178 0 5 253 0 416 100 1021 200 382 300 60 400
1179 0 5 124 0 731 100 1186 200 1027 300 721 400
1180 0 5 547 0 1423 100 1418 200 1196 300 242 400
1181 0 5 302 0 153 100 71 200 527 300 516 400
1182 0 5 625 0 435 100 1104 200 1242 300 955 400
1183 0 5 588 0 1327 100 1493 200 393 300 303 400
1184 0 5 1075 0 1426 100 888 200 982 300 1117 400
1185 0 5 868 0 882 100 893 200 1409 300 1147 400
1186 0 5 1325 0 1027 100 731 200 1179 300 1221 400
1187 0 5 1060 0 1032 100 1490 200 1477 300 1162 400
1188 0 5 1269 0 1193 100 1155 200 952 300 1423 400
1189 0 5 475 0 1473 100 519 200 842 300 55 400
1190 0 5 1333 0 727 100 801 200 212 300 1460 400
1191 0 5 681 0 1475 100 1288 200 1175 300 252 400
1192 0 5 824 0 142 100 999 200 370 300 69 400
1193 0 5 298 0 952 100 1188 200 1155 300 1392 400
1194 0 5 61 0 1374 100 1444 200 486 300 1143 400
1195 0 5 933 0 1120 100 671 200 957 300 564 400
1196 0 5 1410 0 922 100 242 200 136 300 547 400
1197 0 5 1284 0 230 100 797 200 1111 300 530 400
1198 0 5 81 0 645 100 561 200 1055 300 1011 400
1199 0 5 1039 0 729 100 1427 200 762 300 972 400
1200 0 5 170 0 349 100 752 200 1160 300 1064 400
1201 0 5 981 0 730 100 1355 200 350 300 1384 400
1202 0 5 457 0 929 100 1458 200 250 300 231 400
1203 0 5 1340 0 874 100 119 200 1389 300 774 400
1204 0 5 396 0 892 100 1209 200 1296 300 491 400
1205 0 5 643 0 1266 100 1411 200 482 300 254 400
1206 0 5 362 0 528 100 910 200 816 300 885 400
1207 0 5 715 0 992 100 211 200 280 300 606 400
1208 0 5 753 0 1059 100 549 200 259 300 277 400
1209 0 5 347 0 1296 100 1204 200 396 300 881 400
1210 0 5 680 0 717 100 1398 200 944 300 1394 400
1211 0 5 111 0 953 100 818 200 829 300 502 400
1212 0 5 1494 0 537 100 1246 200 1005 300 737 400
1213 0 5 1236 0 1103 100 257 200 972 300 522 400
1214 0 5 1437 0 1388 100 462 200 640 300 1241 400
1215 0 5 1225 0 1265 100 269 200 634 300 1315 400
1216 0 5 1318 0 284 100 1452 200 500 300 859 400
1217 0 5 246 0 140 100 1369 200 744 300 151 400
1218 0 5 718 0 1129 100 1174 200 511 300 312 400
1219 0 5 1020 0 851 100 107 200 1338 300 78 400
1220 0 5 1046 0 865 100 544 200 1054 300 91 400
1221 0 5 506 0 721 100 1186 200 1027 300 124 400
1222 0 5 1122 0 1169 100 1376 200 185 300 602 400
1223 0 5 357 0 1364 100 292 200 635 300 1062 400
1224 0 5 78 0 1050 100 525 200 395 300 719 400
1225 0 5 1215 0 474 100 1315 200 1469 300 858 400
1226 0 5 303 0 425 100 492 200 550 300 313 400
1227 0 5 931 0 472 100 163 200 201 300 706 400
1228 0 5 529 0 270 100 369 200 511 300 718 400
1229 0 5 1414 0 359 100 331 200 510 300 917 400
1230 0 5 693 0 979 100 1312 200 1485 300 1371 400
1231 0 5 1489 0 1371 100 369 200 892 300 1228 400
1232 0 5 819 0 834 100 591 200 1397 300 489 400
1233 0 5 1052 0 943 100 596 200 1472 300 854 400
1234 0 5 183 0 802 100 927 200 731 300 1325 400
1235 0 5 1011 0 801 100 1460 200 1278 300 1055 400
1236 0 5 1213 0 257 100 972 200 1103 300 1427 400
1237 0 5 23 0 291 100 879 200 372 300 1461 400
1238 0 5 185 0 602 100 1405 200 1063 300 408 400
1239 0 5 615 0 582 100 672 200 1383 300 1102 400
1240 0 5 538 0 1403 100 285 200 426 300 1305 400
1241 0 5 1497 0 919 100 670 200 27 300 798 400
1242 0 5 188 0 235 100 1072 200 1182 300 1478 400
1243 0 5 987 0 1102 100 785 200 496 300 1239 400
1244 0 5 762 0 173 100 181 200 248 300 1314 400
1245 0 5 1001 0 477 100 772 200 580 300 803 400
1246 0 5 509 0 1212 100 1494 200 537 300 760 400
1247 0 5 710 0 1334 100 569 200 41 300 520 400
1248 0 5 990 0 864 100 1474 200 380 300 706 400
1249 0 5 1483 0 1057 100 1287 200 405 300 458 400
1250 0 5 201 0 394 100 931 200 163 300 1342 400
1251 0 5 958 0 945 100 1038 200 100 300 344 400
1252 0 5 1440 0 736 100 40 200 25 300 323 400
1253 0 5 650 0 465 100 392 200 791 300 589 400
1254 0 5 166 0 571 100 335 200 130 300 334 400
1255 0 5 993 0 796 100 510 200 1358 300 1060 400
1256 0 5 1485 0 1478 100 1312 200 1230 300 1317 400
1257 0 5 1098 0 226 100 237 200 135 300 93 400
1258 0 5 1303 0 323 100 1413 200 432 300 674 400
1259 0 5 453 0 749 100 266 200 432 300 1080 400
1260 0 5 158 0 1277 100 704 200 417 300 790 400
1261 0 5 782 0 756 100 192 200 825 300 13 400
1262 0 5 1377 0 1381 100 534 200 461 300 739 400
1263 0 5 622 0 698 100 274 200 631 300 1324 400
1264 0 5 1119 0 879 100 291 200 372 300 787 400
1265 0 5 269 0 1215 100 1143 200 857 300 1225 400
1266 0 5 707 0 1205 100 127 200 79 300 1411 400
1267 0 5 530 0 814 100 21 200 1304 300 797 400
1268 0 5 12 0 705 100 1086 200 576 300 542 400
1269 0 5 1188 0 900 100 1155 200 1193 300 1423 400
1270 0 5 752 0 170 100 1200 200 665 300 398 400
1271 0 5 725 0 366 100 1139 200 992 300 1008 400
1272 0 5 785 0 898 100 341 200 1102 300 208 400
1273 0 5 553 0 465 100 589 200 932 300 1473 400
1274 0 5 969 0 878 100 1302 200 1352 300 1158 400
1275 0 5 463 0 1373 100 604 200 24 300 418 400
1276 0 5 939 0 283 100 55 200 328 300 817 400
1277 0 5 125 0 1260 100 456 200 213 300 781 400
1278 0 5 1460 0 339 100 212 200 1235 300 593 400
1279 0 5 51 0 361 100 624 200 218 300 1292 400
1280 0 5 711 0 55 100 742 200 939 300 758 400
1281 0 5 256 0 1411 100 637 200 18 300 439 400
1282 0 5 1067 0 234 100 1150 200 959 300 157 400
1283 0 5 204 0 686 100 464 200 997 300 350 400
1284 0 5 1197 0 1111 100 530 200 278 300 814 400
1285 0 5 679 0 52 100 58 200 897 300 177 400
1286 0 5 941 0 899 100 1385 200 802 300 1034 400
1287 0 5 1082 0 702 100 599 200 1029 300 1249 400
1288 0 5 267 0 263 100 1191 200 1475 300 31 400
1289 0 5 1040 0 68 100 499 200 402 300 1093 400
1290 0 5 217 0 619 100 131 200 483 300 1051 400
1291 0 5 58 0 460 100 1360 200 52 300 891 400
1292 0 5 744 0 635 100 624 200 1151 300 1279 400
1293 0 5 400 0 1499 100 807 200 564 300 644 400
1294 0 5 1298 0 152 100 1429 200 849 300 689 400
1295 0 5 551 0 219 100 20 200 1300 300 345 400
1296 0 5 979 0 1209 100 1204 200 1230 300 892 400
1297 0 5 829 0 630 100 1059 200 840 300 456 400
1298 0 5 1294 0 880 100 255 200 689 300 195 400
1299 0 5 154 0 1356 100 694 200 447 300 348 400
1300 0 5 947 0 656 100 632 200 984 300 568 400
1301 0 5 1425 0 722 100 912 200 346 300 1370 400
1302 0 5 1274 0 1045 100 1352 200 878 300 1170 400
1303 0 5 1258 0 432 100 574 200 323 300 1107 400
1304 0 5 814 0 1391 100 704 200 1267 300 159 400
1305 0 5 1403 0 590 100 1466 200 768 300 97 400
1306 0 5 260 0 848 100 1044 200 311 300 846 400
1307 0 5 950 0 313 100 425 200 1183 300 1226 400
1308 0 5 1023 0 652 100 713 200 1090 300 1154 400
1309 0 5 671 0 994 100 905 200 225 300 1420 400
1310 0 5 812 0 491 100 863 200 964 300 1141 400
1311 0 5 700 0 1081 100 533 200 853 300 1021 400
1312 0 5 133 0 1230 100 312 200 1256 300 1405 400
1313 0 5 147 0 641 100 47 200 1501 300 680 400
1314 0 5 741 0 1339 100 173 200 762 300 606 400
1315 0 5 562 0 858 100 1486 200 1225 300 1215 400
1316 0 5 897 0 1360 100 690 200 52 300 835 400
1317 0 5 235 0 1104 100 1478 200 1256 300 1485 400
1318 0 5 1216 0 145 100 500 200 1452 300 103 400
1319 0 5 1463 0 1503 100 942 200 1502 300 859 400
1320 0 5 558 0 1445 100 920 200 445 300 325 400
1321 0 5 691 0 576 100 705 200 252 300 1268 400
1322 0 5 305 0 398 100 1138 200 414 300 117 400
1323 0 5 184 0 988 100 351 200 262 300 1343 400
1324 0 5 777 0 274 100 1263 200 631 300 698 400
1325 0 5 1186 0 927 100 731 200 1027 300 183 400
1326 0 5 269 0 634 100 857 200 61 300 1215 400
1327 0 5 313 0 1493 100 1183 200 233 300 303 400
1328 0 5 464 0 1498 100 608 200 651 300 26 400
1329 0 5 1517 0 1518 100 19 200 1462 300 338 400
1330 0 5 497 0 998 100 565 200 1024 300 696 400
1331 0 5 884 0 28 100 1012 200 509 300 1351 400
1332 0 5 1048 0 654 100 669 200 985 300 273 400
1333 0 5 1190 0 1492 100 1066 200 727 300 70 400
1334 0 5 1247 0 75 100 1148 200 710 300 419 400
1335 0 5 1472 0 1130 100 29 200 1052 300 561 400
1336 0 5 1112 0 1422 100 67 200 1464 300 977 400
1337 0 5 552 0 755 100 167 200 1400 300 507 400
1338 0 5 270 0 1020 100 774 200 1174 300 384 400
1339 0 5 606 0 1314 100 741 200 1002 300 762 400
1340 0 5 1203 0 1389 100 883 200 874 300 227 400
1341 0 5 634 0 506 100 1027 200 1097 300 42 400
1342 0 5 232 0 450 100 394 200 1250 300 4 400
1343 0 5 1025 0 290 100 1409 200 1323 300 868 400
1344 0 5 241 0 1464 100 454 200 143 300 65 400
1345 0 5 116 0 889 100 193 200 411 300 273 400
1346 0 5 307 0 611 100 923 200 233 300 1408 400
1347 0 5 1401 0 616 100 247 200 1012 300 1384 400
1348 0 5 935 0 1173 100 760 200 309 300 1496 400
1349 0 5 1366 0 360 100 1016 200 376 300 140 400
1350 0 5 276 0 990 100 1248 200 261 300 864 400
1351 0 5 128 0 28 100 1494 200 524 300 509 400
1352 0 5 1158 0 66 100 1302 200 1274 300 815 400
1353 0 5 1142 0 1101 100 716 200 757 300 1114 400
1354 0 5 673 0 836 100 539 200 514 300 311 400
1355 0 5 1384 0 1201 100 616 200 70 300 981 400
1356 0 5 447 0 1299 100 348 200 1118 300 1467 400
1357 0 5 258 0 683 100 1467 200 348 300 187 400
1358 0 5 1414 0 906 100 510 200 1144 300 1457 400
1359 0 5 595 0 88 100 675 200 490 300 1124 400
1360 0 5 1007 0 1316 100 460 200 1291 300 891 400
1361 0 5 659 0 633 100 49 200 207 300 275 400
1362 0 5 1389 0 227 100 428 200 1128 300 468 400
1363 0 5 527 0 481 100 1439 200 71 300 422 400
1364 0 5 854 0 1108 100 1223 200 292 300 1042 400
1365 0 5 424 0 1479 100 1084 200 746 300 709 400
1366 0 5 1349 0 140 100 360 200 738 300 1456 400
1367 0 5 326 0 752 100 1365 200 1479 300 1084 400
1368 0 5 1491 0 484 100 963 200 594 300 1034 400
1369 0 5 151 0 568 100 1217 200 246 300 947 400
1370 0 5 863 0 912 100 199 200 141 300 346 400
1371 0 5 369 0 1231 100 979 200 133 300 1230 400
1372 0 5 885 0 820 100 722 200 244 300 1043 400
1373 0 5 337 0 1275 100 108 200 666 300 1037 400
1374 0 5 599 0 287 100 1444 200 1194 300 486 400
1375 0 5 1393 0 75 100 419 200 1449 300 1334 400
1376 0 5 1169 0 1006 100 915 200 912 300 1222 400
1377 0 5 1262 0 309 100 534 200 739 300 935 400
1378 0 5 134 0 513 100 784 200 373 300 963 400
1379 0 5 50 0 1077 100 1153 200 706 300 1474 400
1380 0 5 727 0 616 100 801 200 1134 300 202 400
1381 0 5 1075 0 1262 100 534 200 1426 300 1117 400
1382 0 5 876 0 80 100 694 200 585 300 499 400
1383 0 5 687 0 289 100 615 200 672 300 1239 400
1384 0 5 1355 0 1401 100 271 200 204 300 1201 400
1385 0 5 636 0 1408 100 1491 200 1286 300 904 400
1386 0 5 1172 0 1123 100 552 200 362 300 1337 400
1387 0 5 620 0 587 100 1410 200 526 300 1158 400
1388 0 5 640 0 1214 100 974 200 1437 300 410 400
1389 0 5 1340 0 1362 100 227 200 883 300 1203 400
1390 0 5 168 0 788 100 1468 200 1471 300 1091 400
1391 0 5 159 0 430 100 1304 200 213 300 814 400
1392 0 5 1088 0 178 100 298 200 321 300 65 400
1393 0 5 1375 0 1476 100 1449 200 419 300 75 400
1394 0 5 793 0 1467 100 862 200 1398 300 1210 400
1395 0 5 966 0 336 100 889 200 563 300 116 400
1396 0 5 1422 0 720 100 15 200 194 300 321 400
1397 0 5 216 0 819 100 1079 200 1232 300 591 400
1398 0 5 862 0 733 100 600 200 1394 300 1501 400
1399 0 5 1089 0 1018 100 765 200 940 300 236 400
1400 0 5 607 0 552 100 1337 200 1386 300 362 400
1401 0 5 1347 0 867 100 1384 200 271 300 1012 400
1402 0 5 712 0 605 100 1482 200 1177 300 160 400
1403 0 5 1240 0 426 100 1305 200 1100 300 522 400
1404 0 5 563 0 664 100 259 200 549 300 1484 400
1405 0 5 693 0 1485 100 1478 200 1312 300 1238 400
1406 0 5 644 0 1087 100 807 200 1149 300 833 400
1407 0 5 486 0 1140 100 1070 200 599 300 702 400
1408 0 5 233 0 1385 100 307 200 941 300 636 400
1409 0 5 480 0 868 100 1343 200 1185 300 882 400
1410 0 5 1196 0 1158 100 1387 200 620 300 922 400
1411 0 5 1281 0 637 100 439 200 1266 300 1205 400
1412 0 5 1078 0 645 100 512 200 388 300 1055 400
1413 0 5 40 0 674 100 323 200 1258 300 190 400
1414 0 5 1229 0 510 100 917 200 1358 300 331 400
1415 0 5 149 0 917 100 823 200 335 300 331 400
1416 0 5 1448 0 402 100 459 200 827 300 540 400
1417 0 5 698 0 470 100 440 200 790 300 638 400
1418 0 5 701 0 242 100 547 200 1180 300 1423 400
1419 0 5 667 0 839 100 157 200 778 300 1017 400
1420 0 5 833 0 644 100 1087 200 994 300 1499 400
1421 0 5 501 0 5 100 1117 200 1156 300 888 400
1422 0 5 1396 0 1112 100 720 200 321 300 1336 400
1423 0 5 1155 0 1180 100 343 200 763 300 1418 400
1424 0 5 421 0 423 100 591 200 834 300 1072 400
1425 0 5 1301 0 722 100 31 200 820 300 197 400
1426 0 5 1184 0 1075 100 982 200 888 300 418 400
1427 0 5 257 0 729 100 1199 200 972 300 36 400
1428 0 5 587 0 526 100 1168 200 707 300 79 400
1429 0 5 782 0 689 100 1294 200 13 300 192 400
1430 0 5 86 0 314 100 78 200 107 300 719 400
1431 0 5 780 0 1085 100 1141 200 249 300 775 400
1432 0 5 1024 0 984 100 109 200 451 300 240 400
1433 0 5 1083 0 1143 100 642 200 1225 300 1061 400
1434 0 5 433 0 902 100 847 200 10 300 1038 400
1435 0 5 446 0 294 100 799 200 237 300 85 400
1436 0 5 435 0 69 100 90 200 824 300 1182 400
1437 0 5 1214 0 462 100 1095 200 1388 300 663 400
1438 0 5 751 0 285 100 85 200 46 300 1058 400
1439 0 5 54 0 541 100 422 200 481 300 1363 400
1440 0 5 1252 0 306 100 409 200 323 300 25 400
1441 0 5 699 0 732 100 653 200 654 300 966 400
1442 0 5 804 0 603 100 807 200 570 300 505 400
1443 0 5 1068 0 1089 100 460 200 584 300 1007 400
1444 0 5 222 0 61 100 1374 200 1194 300 634 400
1445 0 5 325 0 1320 100 920 200 445 300 740 400
1446 0 5 916 0 1164 100 697 200 115 300 845 400
1447 0 5 626 0 665 100 50 200 1322 300 398 400
1448 0 5 1416 0 402 100 1040 200 459 300 165 400
1449 0 5 494 0 38 100 327 200 1393 300 1465 400
1450 0 5 218 0 624 100 361 200 174 300 1130 400
1451 0 5 1096 0 440 100 790 200 126 300 14 400
1452 0 5 500 0 822 100 145 200 1216 300 1507 400
1453 0 5 896 0 1019 100 540 200 813 300 1001 400
1454 0 5 1002 0 365 100 1039 200 1076 300 293 400
1455 0 5 349 0 1064 100 231 200 638 300 1458 400
1456 0 5 203 0 738 100 733 200 740 300 360 400
1457 0 5 1144 0 1109 100 1106 200 1358 300 917 400
1458 0 5 231 0 470 100 457 200 1202 300 1455 400
1459 0 5 205 0 72 100 342 200 574 300 224 400
1460 0 5 1278 0 212 100 1235 200 1011 300 1190 400
1461 0 5 787 0 356 100 72 200 342 300 372 400
1462 0 5 19 0 976 100 118 200 699 300 338 400
1463 0 5 1319 0 516 100 859 200 942 300 1504 400
1464 0 5 1112 0 1344 100 1336 200 241 300 1422 400
1465 0 5 808 0 1176 100 327 200 764 300 1449 400
1466 0 5 112 0 341 100 208 200 590 300 1305 400
1467 0 5 683 0 1357 100 1394 200 447 300 1053 400
1468 0 5 1091 0 1471 100 1390 200 788 300 761 400
1469 0 5 92 0 358 100 474 200 1225 300 1131 400
1470 0 5 861 0 6 100 294 200 954 300 799 400
1471 0 5 566 0 1468 100 1390 200 714 300 837 400
1472 0 5 1335 0 1052 100 1233 200 854 300 333 400
1473 0 5 1189 0 842 100 475 200 553 300 1148 400
1474 0 5 1153 0 706 100 380 200 1248 300 1077 400
1475 0 5 1191 0 31 100 1288 200 1175 300 1159 400
1476 0 5 494 0 1393 100 1003 200 1449 300 38 400
1477 0 5 1162 0 101 100 1187 200 1032 300 995 400
1478 0 5 1104 0 1317 100 1485 200 1256 300 1405 400
1479 0 5 1365 0 746 100 1084 200 278 300 424 400
1480 0 5 764 0 169 100 1176 200 808 300 1465 400
1481 0 5 279 0 854 100 1109 200 304 300 1364 400
1482 0 5 1402 0 605 100 322 200 712 300 159 400
1483 0 5 405 0 1249 100 458 200 164 300 1057 400
1484 0 5 364 0 259 100 699 200 1404 300 653 400
1485 0 5 1256 0 1405 100 1478 200 1230 300 1312 400
1486 0 5 858 0 562 100 114 200 1315 300 358 400
1487 0 5 783 0 1167 100 572 200 38 300 194 400
1488 0 5 16 0 315 100 391 200 945 300 444 400
1489 0 5 1231 0 1171 100 892 200 529 300 1228 400
1490 0 5 1187 0 1060 100 1032 200 391 300 993 400
1491 0 5 1368 0 1385 100 484 200 904 300 1034 400
1492 0 5 70 0 1333 100 1066 200 727 300 616 400
1493 0 5 1327 0 941 100 303 200 588 300 1183 400
1494 0 5 1212 0 128 100 1246 200 1351 300 509 400
1495 0 5 617 0 1514 100 1515 200 2 300 378 400
1496 0 5 534 0 309 100 537 200 760 300 737 400
1497 0 5 1241 0 3 100 1036 200 670 300 1146 400
1498 0 5 26 0 1328 100 464 200 997 300 1030 400
1499 0 5 1293 0 833 100 644 200 400 300 671 400
1500 0 5 36 0 1094 100 716 200 1103 300 1101 400
1501 0 5 330 0 47 100 147 200 1398 300 600 400
1502 0 5 479 0 1319 100 1484 200 664 300 1297 400
1503 0 5 1319 0 1463 100 1484 200 664 300 1297 400
1504 0 5 822 0 1463 100 1484 200 664 300 1297 400
1505 0 5 11 0 822 100 1484 200 664 300 1297 400
1506 0 5 11 0 1484 100 664 200 1297 300 936 400
1507 0 5 1452 0 1484 100 664 200 30 300 1297 400
1508 0 5 379 0 1452 100 1484 200 664 300 1297 400
1509 0 5 379 0 1115 100 1484 200 664 300 1297 400
1510 0 5 859 0 1115 100 1484 200 664 300 1297 400
1511 0 5 942 0 859 100 1484 200 664 300 1297 400
1512 0 5 942 0 500 100 1484 200 664 300 1297 400
1513 0 5 516 0 500 100 1484 200 664 300 1297 400
1514 0 5 1495 0 516 100 1484 200 664 300 1297 400
1515 0 5 1495 0 918 100 1484 200 664 300 1297 400
1516 0 5 918 0 1484 100 664 200 1297 300 936 400
1517 0 5 1329 0 1484 100 664 200 1297 300 145 400
1518 0 5 1329 0 938 100 1484 200 664 300 1297 400
1519 0 5 2 0 938 100 1484 200 664 300 1297 400
1520 0 5 2 0 1484 100 664 200 1297 300 936 400
1521 0 5 1484 0 664 100 1297 200 936 300 277 400
1522 0 5 1073 0 1484 100 664 200 1297 300 936 400
1523 0 5 1073 0 617 100 1484 200 664 300 1297 400
1524 0 5 19 0 617 100 1484 200 664 300 1297 400
1525 0 5 19 0 338 100 1484 200 664 300 1297 400
1526 0 5 338 0 284 100 1484 200 664 300 1297 400
1527 0 5 284 0 378 100 1484 200 664 300 1297 400
1528 0 5 1462 0 378 100 1484 200 664 300 1297 400
1529 0 5 840 0 1462 100 1484 200 664 300 1297 400
1530 0 5 840 0 1484 100 664 200 103 300 1297 400
1531 0 5 171 0 1484 100 664 200 103 300 1297 400
1532 0 5 171 0 870 100 1484 200 664 300 277 400
1533 0 5 870 0 1010 100 1484 200 277 300 664 400
1534 0 5 441 0 1010 100 1484 200 277 300 664 400
1535 0 5 441 0 177 100 1484 200 277 300 664 400
1536 0 5 177 0 679 100 277 200 1484 300 664 400
1537 0 5 679 0 844 100 277 200 1484 300 664 400
1538 0 5 976 0 844 100 277 200 1484 300 664 400
1539 0 5 976 0 277 100 1484 200 155 300 664 400
1540 0 5 766 0 1484 100 664 200 277 300 1297 400
-1
EOF
