1540
1 0 5 1254 0 825 100 966 200 1433 300 407 400
2 0 5 434 0 792 100 444 200 519 300 878 400
3 0 5 345 0 1159 100 404 200 834 300 886 400
4 0 5 1275 0 847 100 378 200 703 300 1498 400
5 0 5 331 0 562 100 376 200 1031 300 744 400
6 0 5 566 0 1234 100 1422 200 352 300 580 400
7 0 5 93 0 274 100 1101 200 872 300 1174 400
8 0 5 313 0 316 100 389 200 843 300 142 400
9 0 5 714 0 761 100 1266 200 590 300 1054 400
10 0 5 1125 0 652 100 1312 200 83 300 1373 400
11 0 5 594 0 774 100 928 200 975 300 259 400
12 0 5 334 0 1165 100 601 200 590 300 9 400
13 0 5 209 0 1309 100 97 200 805 300 1432 400
14 0 5 620 0 720 100 35 200 1334 300 1488 400
15 0 5 312 0 1500 100 834 200 918 300 942 400
16 0 5 553 0 1123 100 368 200 874 300 824 400
17 0 5 413 0 838 100 1029 200 146 300 30 400
18 0 5 1439 0 1449 100 725 200 1326 300 963 400
19 0 5 757 0 903 100 705 200 503 300 1226 400
20 0 5 1455 0 856 100 1104 200 1233 300 498 400
21 0 5 80 0 181 100 678 200 390 300 1335 400
22 0 5 1472 0 639 100 421 200 1170 300 305 400
23 0 5 573 0 96 100 875 200 562 300 472 400
24 0 5 1355 0 841 100 1471 200 1402 300 1356 400
25 0 5 659 0 536 100 413 200 146 300 30 400
26 0 5 33 0 930 100 32 200 211 300 1199 400
27 0 5 451 0 883 100 468 200 617 300 1033 400
28 0 5 107 0 899 100 1349 200 29 300 462 400
29 0 5 247 0 1349 100 710 200 28 300 1201 400
30 0 5 146 0 203 100 871 200 1272 300 1029 400
31 0 5 483 0 1279 100 441 200 391 300 340 400
32 0 5 766 0 491 100 26 200 842 300 511 400
33 0 5 26 0 1199 100 930 200 1357 300 857 400
34 0 5 426 0 121 100 990 200 1132 300 509 400
35 0 5 1334 0 323 100 1434 200 14 300 1114 400
36 0 5 1376 0 124 100 40 200 1493 300 471 400
37 0 5 818 0 1010 100 1172 200 1370 300 406 400
38 0 5 417 0 191 100 612 200 880 300 102 400
39 0 5 1250 0 780 100 711 200 165 300 1148 400
40 0 5 471 0 36 100 1376 200 1139 300 124 400
41 0 5 278 0 452 100 1474 200 125 300 330 400
42 0 5 1343 0 559 100 1129 200 143 300 75 400
43 0 5 602 0 1195 100 209 200 97 300 210 400
44 0 5 560 0 981 100 341 200 121 300 1384 400
45 0 5 866 0 637 100 329 200 568 300 157 400
46 0 5 999 0 108 100 1028 200 1347 300 831 400
47 0 5 1478 0 1108 100 1387 200 5 300 96 400
48 0 5 1175 0 966 100 326 200 158 300 297 400
49 0 5 987 0 262 100 1489 200 318 300 572 400
50 0 5 1157 0 421 100 475 200 81 300 1170 400
51 0 5 243 0 642 100 858 200 977 300 1169 400
52 0 5 322 0 164 100 1270 200 983 300 1444 400
53 0 5 1379 0 433 100 1435 200 258 300 1162 400
54 0 5 86 0 814 100 614 200 1374 300 1481 400
55 0 5 301 0 1202 100 994 200 970 300 1112 400
56 0 5 1167 0 569 100 194 200 789 300 1077 400
57 0 5 456 0 945 100 1076 200 1055 300 249 400
58 0 5 1339 0 1140 100 1119 200 769 300 120 400
59 0 5 69 0 438 100 1185 200 520 300 258 400
60 0 5 342 0 1174 100 93 200 787 300 7 400
61 0 5 885 0 858 100 1169 200 737 300 243 400
62 0 5 1311 0 555 100 1321 200 1230 300 704 400
63 0 5 1062 0 1400 100 1268 200 277 300 551 400
64 0 5 1492 0 1407 100 238 200 1469 300 763 400
65 0 5 135 0 430 100 257 200 680 300 819 400
66 0 5 701 0 1490 100 945 200 249 300 1485 400
67 0 5 335 0 196 100 1418 200 397 300 565 400
68 0 5 997 0 899 100 739 200 1349 300 512 400
69 0 5 438 0 59 100 990 200 1132 300 800 400
70 0 5 1261 0 1081 100 236 200 695 300 1060 400
71 0 5 862 0 183 100 353 200 212 300 1397 400
72 0 5 579 0 153 100 482 200 667 300 479 400
73 0 5 882 0 853 100 1350 200 230 300 1149 400
74 0 5 117 0 1336 100 1432 200 828 300 608 400
75 0 5 145 0 979 100 1440 200 1380 300 143 400
76 0 5 955 0 1269 100 640 200 1021 300 977 400
77 0 5 494 0 982 100 1428 200 394 300 1183 400
78 0 5 363 0 1117 100 362 200 1346 300 700 400
79 0 5 1292 0 130 100 229 200 1134 300 202 400
80 0 5 21 0 390 100 678 200 361 300 892 400
81 0 5 1451 0 1170 100 475 200 189 300 1326 400
82 0 5 1173 0 1474 100 890 200 278 300 1450 400
83 0 5 1125 0 1397 100 1373 200 10 300 652 400
84 0 5 1438 0 661 100 598 200 564 300 920 400
85 0 5 163 0 1358 100 522 200 429 300 219 400
86 0 5 614 0 54 100 1493 200 400 300 124 400
87 0 5 1289 0 516 100 1394 200 1299 300 1475 400
88 0 5 1293 0 327 100 283 200 557 300 1158 400
89 0 5 936 0 701 100 287 200 1207 300 249 400
90 0 5 867 0 829 100 296 200 1420 300 960 400
91 0 5 885 0 325 100 1169 200 405 300 539 400
92 0 5 1302 0 812 100 1111 200 1034 300 1158 400
93 0 5 787 0 7 100 60 200 1174 300 1101 400
94 0 5 220 0 536 100 428 200 959 300 221 400
95 0 5 1238 0 1476 100 593 200 1246 300 535 400
96 0 5 23 0 472 100 1478 200 5 300 1387 400
97 0 5 805 0 1338 100 13 200 43 300 1372 400
98 0 5 384 0 554 100 556 200 540 300 1039 400
99 0 5 893 0 693 100 1245 200 623 300 1468 400
100 0 5 822 0 1118 100 938 200 475 300 1221 400
101 0 5 969 0 311 100 1222 200 1077 300 1167 400
102 0 5 1458 0 417 100 612 200 38 300 122 400
103 0 5 176 0 718 100 995 200 785 300 266 400
104 0 5 1255 0 974 100 1020 200 140 300 910 400
105 0 5 1265 0 435 100 782 200 373 300 1496 400
106 0 5 1097 0 651 100 863 200 315 300 1315 400
107 0 5 28 0 1468 100 29 200 899 300 247 400
108 0 5 46 0 114 100 768 200 529 300 1178 400
109 0 5 948 0 617 100 1180 200 1153 300 777 400
110 0 5 706 0 359 100 228 200 1352 300 246 400
111 0 5 591 0 252 100 908 200 789 300 909 400
112 0 5 1387 0 1108 100 1141 200 1478 300 514 400
113 0 5 1022 0 564 100 1046 200 155 300 1429 400
114 0 5 147 0 768 100 108 200 1028 300 1135 400
115 0 5 960 0 1500 100 783 200 1363 300 309 400
116 0 5 1285 0 535 100 1246 200 1249 300 712 400
117 0 5 265 0 1004 100 74 200 1025 300 379 400
118 0 5 831 0 514 100 779 200 921 300 375 400
119 0 5 932 0 958 100 1419 200 1313 300 880 400
120 0 5 1488 0 1339 100 1119 200 58 300 1474 400
121 0 5 426 0 34 100 509 200 1122 300 44 400
122 0 5 427 0 1424 100 612 200 1458 300 283 400
123 0 5 816 0 1226 100 662 200 616 300 705 400
124 0 5 36 0 1493 100 614 200 814 300 86 400
125 0 5 896 0 337 100 452 200 1073 300 227 400
126 0 5 501 0 801 100 1000 200 1482 300 1015 400
127 0 5 819 0 771 100 1186 200 1452 300 680 400
128 0 5 657 0 129 100 934 200 215 300 1035 400
129 0 5 170 0 128 100 934 200 542 300 215 400
130 0 5 202 0 79 100 229 200 1292 300 1134 400
131 0 5 931 0 1144 100 342 200 1382 300 487 400
132 0 5 880 0 1037 100 855 200 901 300 917 400
133 0 5 399 0 908 100 1459 200 221 300 589 400
134 0 5 574 0 1162 100 963 200 1185 300 954 400
135 0 5 65 0 680 100 430 200 454 300 127 400
136 0 5 294 0 533 100 145 200 1198 300 1240 400
137 0 5 148 0 664 100 851 200 768 300 114 400
138 0 5 930 0 842 100 1372 200 1195 300 449 400
139 0 5 470 0 969 100 1196 200 984 300 286 400
140 0 5 790 0 1318 100 104 200 1128 300 1460 400
141 0 5 1147 0 366 100 1096 200 1329 300 248 400
142 0 5 786 0 1383 100 685 200 389 300 8 400
143 0 5 1380 0 1223 100 42 200 979 300 798 400
144 0 5 623 0 1267 100 392 200 772 300 462 400
145 0 5 75 0 136 100 606 200 533 300 294 400
146 0 5 30 0 428 100 959 200 203 300 536 400
147 0 5 1359 0 114 100 1135 200 768 300 1028 400
148 0 5 137 0 851 100 317 200 768 300 664 400
149 0 5 218 0 641 100 646 200 1165 300 386 400
150 0 5 502 0 571 100 225 200 423 300 808 400
151 0 5 730 0 967 100 826 200 1453 300 1419 400
152 0 5 378 0 770 100 1288 200 354 300 215 400
153 0 5 72 0 479 100 711 200 1396 300 241 400
154 0 5 484 0 571 100 648 200 225 300 1179 400
155 0 5 1046 0 564 100 802 200 1429 300 976 400
156 0 5 1081 0 672 100 695 200 298 300 1060 400
157 0 5 489 0 403 100 329 200 45 300 539 400
158 0 5 1511 0 431 100 1510 200 966 300 749 400
159 0 5 401 0 348 100 472 200 270 300 23 400
160 0 5 985 0 680 100 771 200 181 300 1497 400
161 0 5 171 0 1036 100 575 200 603 300 1501 400
162 0 5 238 0 1090 100 1492 200 64 300 232 400
163 0 5 85 0 429 100 522 200 1358 300 219 400
164 0 5 52 0 603 100 322 200 1270 300 1042 400
165 0 5 1250 0 944 100 588 200 1148 300 39 400
166 0 5 1043 0 1444 100 458 200 383 300 214 400
167 0 5 488 0 956 100 1223 200 1399 300 407 400
168 0 5 493 0 655 100 716 200 1421 300 1066 400
169 0 5 581 0 450 100 1159 200 244 300 886 400
170 0 5 129 0 441 100 1275 200 215 300 378 400
171 0 5 161 0 1098 100 1391 200 1501 300 575 400
172 0 5 1312 0 633 100 991 200 1235 300 1373 400
173 0 5 174 0 1417 100 860 200 1005 300 394 400
174 0 5 173 0 865 100 860 200 1005 300 1168 400
175 0 5 257 0 1413 100 819 200 1228 300 1015 400
176 0 5 1328 0 103 100 995 200 718 300 742 400
177 0 5 678 0 513 100 1326 200 1181 300 189 400
178 0 5 1481 0 994 100 814 200 1374 300 54 400
179 0 5 1222 0 889 100 969 200 286 300 669 400
180 0 5 776 0 1306 100 1446 200 347 300 1377 400
181 0 5 21 0 1237 100 160 200 771 300 678 400
182 0 5 1146 0 596 100 425 200 937 300 268 400
183 0 5 212 0 644 100 71 200 681 300 1373 400
184 0 5 1509 0 1510 100 201 200 252 300 194 400
185 0 5 1038 0 1164 100 546 200 672 300 1448 400
186 0 5 1461 0 381 100 699 200 714 300 541 400
187 0 5 1190 0 952 100 1278 200 277 300 259 400
188 0 5 993 0 656 100 604 200 1497 300 425 400
189 0 5 576 0 513 100 81 200 177 300 678 400
190 0 5 1366 0 486 100 80 200 447 300 1181 400
191 0 5 38 0 901 100 417 200 840 300 880 400
192 0 5 382 0 1416 100 671 200 1008 300 410 400
193 0 5 1053 0 1015 100 567 200 1228 300 175 400
194 0 5 1167 0 1517 100 1516 200 252 300 201 400
195 0 5 653 0 1121 100 797 200 419 300 547 400
196 0 5 1176 0 67 100 271 200 565 300 335 400
197 0 5 204 0 234 100 281 200 1414 300 524 400
198 0 5 1465 0 1040 100 440 200 1143 300 286 400
199 0 5 419 0 1123 100 1480 200 1232 300 195 400
200 0 5 1109 0 1365 100 683 200 1494 300 975 400
201 0 5 1514 0 252 100 194 200 448 300 184 400
202 0 5 130 0 1368 100 1406 200 1192 300 229 400
203 0 5 1272 0 339 100 30 200 146 300 959 400
204 0 5 197 0 255 100 281 200 234 300 1414 400
205 0 5 1172 0 658 100 406 200 624 300 818 400
206 0 5 762 0 310 100 214 200 396 300 383 400
207 0 5 424 0 1044 100 1467 200 343 300 311 400
208 0 5 964 0 304 100 336 200 431 300 749 400
209 0 5 13 0 1309 100 43 200 97 300 1393 400
210 0 5 593 0 491 100 923 200 1145 300 1372 400
211 0 5 1001 0 1032 100 511 200 26 300 1199 400
212 0 5 644 0 183 100 922 200 71 300 353 400
213 0 5 1034 0 873 100 1087 200 1136 300 1424 400
214 0 5 762 0 1314 100 166 200 206 300 383 400
215 0 5 1320 0 378 100 128 200 1288 300 1084 400
216 0 5 1251 0 648 100 721 200 484 300 1412 400
217 0 5 1237 0 1221 100 1403 200 475 300 181 400
218 0 5 149 0 788 100 394 200 646 300 1165 400
219 0 5 686 0 746 100 582 200 429 300 1367 400
220 0 5 94 0 1133 100 751 200 1067 300 536 400
221 0 5 339 0 1030 100 1459 200 908 300 1067 400
222 0 5 540 0 1390 100 928 200 992 300 384 400
223 0 5 1033 0 812 100 1034 200 1361 300 883 400
224 0 5 295 0 832 100 505 200 293 300 1045 400
225 0 5 423 0 150 100 732 200 154 300 571 400
226 0 5 307 0 262 100 741 200 782 300 1409 400
227 0 5 1073 0 896 100 1006 200 1066 300 125 400
228 0 5 110 0 431 100 359 200 246 300 706 400
229 0 5 276 0 130 100 79 200 202 300 1274 400
230 0 5 1018 0 73 100 1322 200 759 300 853 400
231 0 5 854 0 433 100 1162 200 916 300 53 400
232 0 5 256 0 1388 100 162 200 345 300 404 400
233 0 5 1050 0 667 100 570 200 579 300 1011 400
234 0 5 524 0 197 100 1414 200 281 300 204 400
235 0 5 736 0 455 100 1491 200 469 300 1483 400
236 0 5 1211 0 1259 100 695 200 70 300 1081 400
237 0 5 1063 0 1364 100 773 200 244 300 460 400
238 0 5 162 0 1492 100 64 200 404 300 1469 400
239 0 5 748 0 844 100 1247 200 1064 300 609 400
240 0 5 709 0 1333 100 933 200 1425 300 803 400
241 0 5 1137 0 479 100 153 200 711 300 760 400
242 0 5 803 0 1482 100 1425 200 933 300 240 400
243 0 5 51 0 1169 100 61 200 858 300 642 400
244 0 5 1063 0 1280 100 942 200 450 300 169 400
245 0 5 968 0 1161 100 943 200 665 300 1126 400
246 0 5 887 0 964 100 1352 200 110 300 228 400
247 0 5 29 0 585 100 297 200 718 300 107 400
248 0 5 1096 0 1147 100 1463 200 794 300 141 400
249 0 5 368 0 936 100 945 200 66 300 874 400
250 0 5 951 0 666 100 649 200 332 300 674 400
251 0 5 628 0 1094 100 944 200 1361 300 1344 400
252 0 5 789 0 201 100 194 200 1167 300 184 400
253 0 5 926 0 1486 100 490 200 353 300 71 400
254 0 5 829 0 811 100 296 200 1100 300 90 400
255 0 5 1519 0 1518 100 204 200 658 300 281 400
256 0 5 232 0 1090 100 345 200 404 300 162 400
257 0 5 175 0 819 100 65 200 1228 300 1413 400
258 0 5 1341 0 1162 100 1379 200 53 300 59 400
259 0 5 1291 0 774 100 11 200 632 300 277 400
260 0 5 1089 0 600 100 517 200 1435 300 518 400
261 0 5 619 0 550 100 443 200 775 300 1494 400
262 0 5 49 0 226 100 318 200 987 300 307 400
263 0 5 820 0 1247 100 1064 200 1400 300 239 400
264 0 5 422 0 313 100 316 200 616 300 1342 400
265 0 5 117 0 379 100 946 200 1004 300 1025 400
266 0 5 465 0 742 100 995 200 1038 300 1328 400
267 0 5 905 0 1026 100 1126 200 375 300 1161 400
268 0 5 1413 0 1047 100 414 200 425 300 596 400
269 0 5 1057 0 856 100 448 200 498 300 1214 400
270 0 5 351 0 358 100 310 200 396 300 159 400
271 0 5 810 0 196 100 397 200 1053 300 308 400
272 0 5 1267 0 332 100 772 200 1263 300 1086 400
273 0 5 1224 0 1457 100 589 200 369 300 1308 400
274 0 5 7 0 872 100 354 200 770 300 378 400
275 0 5 681 0 499 100 495 200 1473 300 1373 400
276 0 5 229 0 515 100 1274 200 745 300 79 400
277 0 5 1062 0 1268 100 187 200 259 300 1278 400
278 0 5 41 0 1474 100 82 200 1173 300 330 400
279 0 5 1436 0 1055 100 1191 200 1079 300 1475 400
280 0 5 1392 0 291 100 544 200 548 300 323 400
281 0 5 1414 0 197 100 204 200 255 300 234 400
282 0 5 508 0 1425 100 1171 200 1083 300 1333 400
283 0 5 1293 0 1458 100 327 200 1048 300 122 400
284 0 5 794 0 1463 100 248 200 1374 300 1096 400
285 0 5 710 0 1201 100 546 200 1265 300 1349 400
286 0 5 440 0 1236 100 198 200 654 300 1040 400
287 0 5 544 0 733 100 89 200 1207 300 874 400
288 0 5 957 0 510 100 418 200 455 300 638 400
289 0 5 501 0 972 100 1025 200 946 300 1336 400
290 0 5 753 0 767 100 348 200 950 300 1387 400
291 0 5 544 0 280 100 1392 200 323 300 35 400
292 0 5 927 0 412 100 1346 200 683 300 679 400
293 0 5 737 0 1115 100 1410 200 505 300 295 400
294 0 5 136 0 383 100 533 200 1198 300 145 400
295 0 5 224 0 1410 100 293 200 505 300 1323 400
296 0 5 1100 0 829 100 254 200 622 300 446 400
297 0 5 585 0 1175 100 247 200 1455 300 988 400
298 0 5 850 0 672 100 695 200 156 300 236 400
299 0 5 302 0 566 100 1360 200 352 300 1218 400
300 0 5 954 0 574 100 802 200 916 300 1162 400
301 0 5 55 0 1507 100 1506 200 825 300 994 400
302 0 5 299 0 1360 100 471 200 981 300 40 400
303 0 5 439 0 460 100 1332 200 1212 300 775 400
304 0 5 1176 0 208 100 336 200 196 300 595 400
305 0 5 904 0 1472 100 22 200 1319 300 1155 400
306 0 5 1194 0 864 100 947 200 1152 300 932 400
307 0 5 226 0 1409 100 262 200 815 300 782 400
308 0 5 907 0 492 100 481 200 1053 300 567 400
309 0 5 881 0 1217 100 115 200 1363 300 918 400
310 0 5 351 0 206 100 270 200 396 300 762 400
311 0 5 1044 0 1077 100 969 200 101 300 1167 400
312 0 5 15 0 942 100 1280 200 1208 300 834 400
313 0 5 8 0 1356 100 264 200 422 300 1402 400
314 0 5 664 0 1359 100 768 200 114 300 108 400
315 0 5 1097 0 1382 100 863 200 900 300 106 400
316 0 5 1342 0 8 100 1383 200 264 300 389 400
317 0 5 851 0 1234 100 328 200 148 300 1431 400
318 0 5 987 0 1423 100 815 200 262 300 1489 400
319 0 5 607 0 925 100 634 200 727 300 827 400
320 0 5 1502 0 1503 100 996 200 1477 300 988 400
321 0 5 892 0 361 100 636 200 1219 300 1102 400
322 0 5 52 0 1444 100 164 200 533 300 983 400
323 0 5 548 0 35 100 291 200 1392 300 691 400
324 0 5 467 0 1441 100 780 200 1148 300 1396 400
325 0 5 405 0 91 100 758 200 737 300 293 400
326 0 5 693 0 1175 100 48 200 585 300 461 400
327 0 5 88 0 1424 100 283 200 1158 300 122 400
328 0 5 1099 0 1431 100 317 200 1234 300 1166 400
329 0 5 866 0 758 100 45 200 157 300 405 400
330 0 5 1006 0 452 100 1297 200 1300 300 1066 400
331 0 5 924 0 5 100 1430 200 1031 300 376 400
332 0 5 272 0 1263 100 250 200 1086 300 1267 400
333 0 5 403 0 743 100 45 200 157 300 329 400
334 0 5 12 0 1165 100 788 200 1054 300 1011 400
335 0 5 397 0 67 100 1418 200 938 300 196 400
336 0 5 749 0 208 100 304 200 964 300 431 400
337 0 5 125 0 716 100 493 200 1073 300 1066 400
338 0 5 1008 0 836 100 382 200 785 300 856 400
339 0 5 203 0 959 100 1272 200 221 300 146 400
340 0 5 483 0 391 100 370 200 31 300 1279 400
341 0 5 1078 0 560 100 44 200 1384 300 1218 400
342 0 5 60 0 1174 100 131 200 1144 300 487 400
343 0 5 761 0 1019 100 1027 200 424 300 973 400
344 0 5 1189 0 1282 100 557 200 1111 300 588 400
345 0 5 404 0 3 100 238 200 1407 300 1090 400
346 0 5 1304 0 1316 100 848 200 592 300 347 400
347 0 5 776 0 1377 100 1304 200 1316 300 848 400
348 0 5 472 0 159 100 290 200 96 300 23 400
349 0 5 810 0 949 100 1487 200 1053 300 1442 400
350 0 5 432 0 665 100 1161 200 1070 300 905 400
351 0 5 270 0 310 100 358 200 396 300 1239 400
352 0 5 1218 0 1360 100 566 200 299 300 580 400
353 0 5 1486 0 71 100 490 200 922 300 212 400
354 0 5 770 0 872 100 274 200 152 300 420 400
355 0 5 1350 0 583 100 838 200 808 300 1398 400
356 0 5 1051 0 876 100 1239 200 1240 300 744 400
357 0 5 1330 0 634 100 1395 200 687 300 827 400
358 0 5 401 0 270 100 1411 200 875 300 1051 400
359 0 5 480 0 110 100 1245 200 578 300 228 400
360 0 5 586 0 503 100 1315 200 616 300 1017 400
361 0 5 1366 0 321 100 892 200 390 300 80 400
362 0 5 363 0 741 100 1117 200 78 300 700 400
363 0 5 78 0 362 100 1117 200 1346 300 679 400
364 0 5 416 0 1437 100 1447 200 1307 300 791 400
365 0 5 939 0 1395 100 912 200 705 300 357 400
366 0 5 670 0 141 100 1147 200 1329 300 839 400
367 0 5 702 0 743 100 568 200 525 300 403 400
368 0 5 249 0 16 100 824 200 874 300 553 400
369 0 5 1030 0 1459 100 589 200 1224 300 273 400
370 0 5 1271 0 391 100 340 200 483 300 523 400
371 0 5 1325 0 1354 100 902 200 1068 300 843 400
372 0 5 1420 0 1316 100 1274 200 90 300 1368 400
373 0 5 577 0 587 100 1258 200 105 300 543 400
374 0 5 1465 0 719 100 1401 200 1040 300 1143 400
375 0 5 921 0 905 100 267 200 432 300 1026 400
376 0 5 744 0 1031 100 876 200 5 300 331 400
377 0 5 1329 0 794 100 1096 200 141 300 1463 400
378 0 5 152 0 770 100 215 200 1275 300 1288 400
379 0 5 265 0 1025 100 946 200 289 300 117 400
380 0 5 692 0 537 100 852 200 955 300 977 400
381 0 5 1461 0 186 100 1305 200 724 300 777 400
382 0 5 192 0 836 100 338 200 1214 300 1008 400
383 0 5 1198 0 294 100 396 200 1444 300 166 400
384 0 5 98 0 928 100 556 200 222 300 1105 400
385 0 5 1069 0 519 100 1415 200 1258 300 792 400
386 0 5 601 0 641 100 149 200 590 300 424 400
387 0 5 1498 0 847 100 391 200 441 300 31 400
388 0 5 1322 0 698 100 569 200 1149 300 230 400
389 0 5 786 0 1383 100 8 200 843 300 316 400
390 0 5 80 0 1102 100 892 200 1497 300 361 400
391 0 5 340 0 370 100 387 200 31 300 483 400
392 0 5 772 0 1245 100 144 200 1337 300 623 400
393 0 5 457 0 835 100 549 200 465 300 531 400
394 0 5 1417 0 1256 100 788 200 218 300 982 400
395 0 5 1402 0 1356 100 686 200 1367 300 841 400
396 0 5 1239 0 1198 100 383 200 270 300 310 400
397 0 5 335 0 938 100 1221 200 67 300 271 400
398 0 5 1086 0 626 100 772 200 861 300 649 400
399 0 5 133 0 1120 100 723 200 908 300 1459 400
400 0 5 1126 0 614 100 943 200 86 300 1493 400
401 0 5 159 0 358 100 270 200 23 300 875 400
402 0 5 853 0 1184 100 808 200 697 300 1290 400
403 0 5 333 0 743 100 157 200 489 300 367 400
404 0 5 345 0 886 100 1407 200 1159 300 238 400
405 0 5 325 0 539 100 329 200 91 300 758 400
406 0 5 205 0 818 100 1414 200 1172 300 37 400
407 0 5 488 0 956 100 1257 200 1386 300 1463 400
408 0 5 1112 0 1508 100 1507 200 970 300 595 400
409 0 5 1094 0 1344 100 944 200 760 300 39 400
410 0 5 671 0 1120 100 1057 200 269 300 382 400
411 0 5 1290 0 699 100 697 200 1027 300 541 400
412 0 5 679 0 292 100 927 200 500 300 540 400
413 0 5 17 0 25 100 838 200 659 300 150 400
414 0 5 972 0 1015 100 946 200 268 300 1047 400
415 0 5 971 0 1123 100 1232 200 553 300 754 400
416 0 5 364 0 1437 100 791 200 631 300 1299 400
417 0 5 38 0 102 100 191 200 1458 300 840 400
418 0 5 638 0 1095 100 288 200 455 300 736 400
419 0 5 199 0 796 100 797 200 1142 300 1480 400
420 0 5 872 0 1101 100 445 200 354 300 274 400
421 0 5 1472 0 50 100 22 200 1170 300 1157 400
422 0 5 264 0 1356 100 313 200 686 300 395 400
423 0 5 225 0 1184 100 150 200 402 300 732 400
424 0 5 207 0 1467 100 343 200 386 300 1196 400
425 0 5 454 0 182 100 993 200 430 300 268 400
426 0 5 34 0 121 100 1427 200 990 300 800 400
427 0 5 1136 0 122 100 213 200 1389 300 612 400
428 0 5 536 0 146 100 959 200 94 300 220 400
429 0 5 163 0 1174 100 582 200 1101 300 219 400
430 0 5 65 0 454 100 135 200 425 300 849 400
431 0 5 158 0 964 100 208 200 228 300 749 400
432 0 5 350 0 665 100 905 200 1070 300 375 400
433 0 5 231 0 53 100 740 200 598 300 854 400
434 0 5 2 0 444 100 878 200 792 300 477 400
435 0 5 782 0 105 100 1496 200 1349 300 1201 400
436 0 5 599 0 158 100 480 200 1337 300 431 400
437 0 5 727 0 1036 100 884 200 575 300 319 400
438 0 5 69 0 59 100 990 200 1132 300 747 400
439 0 5 1332 0 303 100 1212 200 1109 300 1494 400
440 0 5 830 0 286 100 654 200 198 300 865 400
441 0 5 31 0 170 100 1279 200 1275 300 847 400
442 0 5 1210 0 1131 100 1012 200 1482 300 492 400
443 0 5 1212 0 775 100 261 200 550 300 1494 400
444 0 5 434 0 477 100 2 200 261 300 446 400
445 0 5 1101 0 582 100 420 200 872 300 1367 400
446 0 5 477 0 622 100 296 200 1100 300 1242 400
447 0 5 1022 0 636 100 1429 200 190 300 976 400
448 0 5 629 0 1057 100 269 200 953 300 201 400
449 0 5 1276 0 1357 100 138 200 33 300 930 400
450 0 5 834 0 169 100 1159 200 244 300 942 400
451 0 5 27 0 468 100 777 200 617 300 883 400
452 0 5 41 0 330 100 1006 200 125 300 896 400
453 0 5 801 0 1210 100 1000 200 1131 300 567 400
454 0 5 430 0 849 100 425 200 135 300 680 400
455 0 5 510 0 235 100 668 200 1483 300 288 400
456 0 5 57 0 1076 100 945 200 368 300 249 400
457 0 5 393 0 1416 100 898 200 549 300 1230 400
458 0 5 998 0 166 100 1444 200 1043 300 463 400
459 0 5 1371 0 558 100 1180 200 1260 300 1466 400
460 0 5 1177 0 303 100 1058 200 1110 300 237 400
461 0 5 1468 0 693 100 966 200 326 300 107 400
462 0 5 739 0 144 100 512 200 893 300 28 400
463 0 5 897 0 1150 100 458 200 1444 300 1499 400
464 0 5 597 0 1399 100 1440 200 1103 300 1385 400
465 0 5 266 0 531 100 393 200 1038 300 457 400
466 0 5 1127 0 1419 100 1313 200 1082 300 516 400
467 0 5 1296 0 324 100 1396 200 780 300 1277 400
468 0 5 451 0 1305 100 777 200 27 300 504 400
469 0 5 1491 0 705 100 687 200 506 300 235 400
470 0 5 139 0 1196 100 654 200 1281 300 984 400
471 0 5 40 0 302 100 1376 200 1151 300 566 400
472 0 5 348 0 96 100 159 200 23 300 401 400
473 0 5 1080 0 726 100 1166 200 1435 300 1200 400
474 0 5 868 0 1456 100 1341 200 1243 300 1166 400
475 0 5 1118 0 50 100 81 200 100 300 822 400
476 0 5 1426 0 796 100 676 200 1480 300 419 400
477 0 5 446 0 444 100 1100 200 434 300 878 400
478 0 5 1464 0 660 100 688 200 1074 300 755 400
479 0 5 241 0 153 100 760 200 1137 300 1156 400
480 0 5 359 0 599 100 436 200 1337 300 1245 400
481 0 5 1352 0 907 100 1131 200 887 300 308 400
482 0 5 579 0 807 100 738 200 72 300 479 400
483 0 5 340 0 31 100 1279 200 391 300 1160 400
484 0 5 154 0 1179 100 1412 200 571 300 216 400
485 0 5 650 0 1270 100 1103 200 983 300 164 400
486 0 5 636 0 190 100 1366 200 361 300 892 400
487 0 5 1144 0 522 100 342 200 163 300 85 400
488 0 5 167 0 407 100 956 200 524 300 1399 400
489 0 5 539 0 157 100 403 200 333 300 329 400
490 0 5 625 0 922 100 353 200 253 300 1213 400
491 0 5 766 0 210 100 32 200 923 300 618 400
492 0 5 907 0 1131 100 308 200 567 300 442 400
493 0 5 716 0 168 100 337 200 1066 300 1421 400
494 0 5 77 0 1035 100 1183 200 657 300 394 400
495 0 5 681 0 275 100 1473 200 900 300 499 400
496 0 5 1448 0 587 100 577 200 373 300 672 400
497 0 5 753 0 1135 100 1028 200 999 300 950 400
498 0 5 1515 0 1516 100 996 200 269 300 1104 400
499 0 5 275 0 681 100 717 200 1473 300 495 400
500 0 5 679 0 572 100 1489 200 741 300 412 400
501 0 5 289 0 126 100 1015 200 972 300 1000 400
502 0 5 1345 0 150 100 571 200 1340 300 1079 400
503 0 5 1226 0 616 100 360 200 19 300 903 400
504 0 5 673 0 750 100 468 200 1156 300 1305 400
505 0 5 832 0 758 100 293 200 224 300 295 400
506 0 5 912 0 1330 100 687 200 469 300 705 400
507 0 5 1358 0 522 100 1331 200 746 300 219 400
508 0 5 282 0 1425 100 1083 200 1012 300 861 400
509 0 5 1122 0 859 100 121 200 34 300 1132 400
510 0 5 455 0 957 100 288 200 1295 300 668 400
511 0 5 618 0 1032 100 211 200 32 300 766 400
512 0 5 1263 0 739 100 462 200 674 300 929 400
513 0 5 576 0 177 100 189 200 1326 300 678 400
514 0 5 118 0 779 100 831 200 112 300 1347 400
515 0 5 894 0 1446 100 276 200 745 300 1327 400
516 0 5 87 0 1475 100 795 200 1289 300 1299 400
517 0 5 1089 0 726 100 260 200 518 300 1080 400
518 0 5 1099 0 1080 100 517 200 260 300 726 400
519 0 5 1415 0 792 100 385 200 2 300 1258 400
520 0 5 747 0 1185 100 59 200 963 300 725 400
521 0 5 685 0 624 100 719 200 1273 300 374 400
522 0 5 487 0 507 100 1331 200 85 300 1382 400
523 0 5 605 0 895 100 391 200 1187 300 387 400
524 0 5 799 0 234 100 1414 200 1399 300 488 400
525 0 5 702 0 568 100 367 200 1093 300 1193 400
526 0 5 1021 0 1115 100 1462 200 640 300 76 400
527 0 5 840 0 1059 100 917 200 1193 300 784 400
528 0 5 752 0 1009 100 1088 200 914 300 751 400
529 0 5 768 0 1023 100 108 200 1178 300 1151 400
530 0 5 1192 0 1261 100 1060 200 965 300 1069 400
531 0 5 850 0 465 100 835 200 1038 300 393 400
532 0 5 1215 0 1143 100 1401 200 1220 300 1068 400
533 0 5 136 0 983 100 294 200 145 300 597 400
534 0 5 1026 0 1347 100 921 200 375 300 267 400
535 0 5 1246 0 116 100 95 200 712 300 1238 400
536 0 5 428 0 94 100 25 200 220 300 146 400
537 0 5 691 0 1269 100 1307 200 380 300 1447 400
538 0 5 688 0 1308 100 704 200 660 300 971 400
539 0 5 489 0 405 100 329 200 157 300 403 400
540 0 5 630 0 222 100 412 200 927 300 1390 400
541 0 5 1188 0 724 100 699 200 1248 300 1443 400
542 0 5 1160 0 934 100 129 200 677 300 1124 400
543 0 5 700 0 1258 100 373 200 105 300 782 400
544 0 5 291 0 287 100 733 200 280 300 1392 400
545 0 5 725 0 976 100 1429 200 574 300 155 400
546 0 5 742 0 1038 100 285 200 1164 300 185 400
547 0 5 1140 0 653 100 1434 200 1121 300 870 400
548 0 5 323 0 1392 100 280 200 691 300 291 400
549 0 5 1211 0 835 100 393 200 1230 300 457 400
550 0 5 619 0 1346 100 261 200 443 300 700 400
551 0 5 1278 0 1062 100 1388 200 63 300 277 400
552 0 5 764 0 121 100 639 200 981 300 44 400
553 0 5 16 0 824 100 914 200 368 300 415 400
554 0 5 1039 0 98 100 1405 200 556 300 1404 400
555 0 5 1321 0 62 100 704 200 561 300 1224 400
556 0 5 1404 0 1105 100 1032 200 384 300 554 400
557 0 5 1282 0 1111 100 1158 200 88 300 344 400
558 0 5 1466 0 459 100 1260 200 1408 300 1113 400
559 0 5 817 0 1454 100 839 200 42 300 956 400
560 0 5 44 0 341 100 981 200 1384 300 121 400
561 0 5 1321 0 704 100 660 200 755 300 555 400
562 0 5 573 0 5 100 744 200 23 300 875 400
563 0 5 1284 0 1177 100 610 200 1110 300 1058 400
564 0 5 155 0 113 100 1046 200 802 300 920 400
565 0 5 1418 0 1381 100 196 200 1176 300 595 400
566 0 5 6 0 299 100 352 200 471 300 1234 400
567 0 5 1000 0 1131 100 193 200 1015 300 1210 400
568 0 5 1093 0 525 100 367 200 45 300 743 400
569 0 5 698 0 56 100 1167 200 1044 300 1077 400
570 0 5 667 0 728 100 233 200 1396 300 153 400
571 0 5 154 0 484 100 150 200 225 300 502 400
572 0 5 1489 0 962 100 630 200 500 300 412 400
573 0 5 562 0 875 100 23 200 1411 300 744 400
574 0 5 134 0 300 100 954 200 155 300 802 400
575 0 5 1501 0 827 100 1036 200 437 300 161 400
576 0 5 513 0 189 100 1326 200 81 300 690 400
577 0 5 373 0 965 100 1258 200 496 300 587 400
578 0 5 778 0 706 100 359 200 1012 300 110 400
579 0 5 72 0 482 100 667 200 233 300 570 400
580 0 5 888 0 1422 100 613 200 352 300 1218 400
581 0 5 169 0 886 100 1159 200 244 300 450 400
582 0 5 1367 0 445 100 429 200 219 300 686 400
583 0 5 879 0 1398 100 1029 200 1350 300 355 400
584 0 5 781 0 1490 100 791 200 1307 300 364 400
585 0 5 297 0 693 100 247 200 718 300 1175 400
586 0 5 360 0 1315 100 863 200 1331 300 651 400
587 0 5 496 0 373 100 1265 200 577 300 1448 400
588 0 5 1189 0 1148 100 165 200 628 300 944 400
589 0 5 1459 0 1203 100 273 200 369 300 671 400
590 0 5 601 0 1054 100 1165 200 9 300 12 400
591 0 5 908 0 111 100 723 200 1057 300 399 400
592 0 5 1085 0 615 100 655 200 848 300 346 400
593 0 5 210 0 1338 100 95 200 1476 300 1238 400
594 0 5 11 0 696 100 1105 200 928 300 259 400
595 0 5 1112 0 408 100 1521 200 1381 300 1130 400
596 0 5 937 0 182 100 1047 200 1146 300 268 400
597 0 5 1385 0 464 100 533 200 1440 300 983 400
598 0 5 684 0 661 100 854 200 740 300 600 400
599 0 5 436 0 480 100 1337 200 1175 300 359 400
600 0 5 734 0 260 100 598 200 684 300 627 400
601 0 5 590 0 386 100 1165 200 12 300 149 400
602 0 5 1195 0 43 100 1372 200 97 300 210 400
603 0 5 884 0 1042 100 164 200 1444 300 1036 400
604 0 5 993 0 1362 100 849 200 656 300 188 400
605 0 5 523 0 708 100 895 200 1187 300 713 400
606 0 5 1240 0 145 100 876 200 356 300 1343 400
607 0 5 1470 0 319 100 731 200 727 300 437 400
608 0 5 694 0 1003 100 74 200 1336 300 1216 400
609 0 5 1276 0 857 100 748 200 239 300 844 400
610 0 5 1284 0 1177 100 563 200 886 300 244 400
611 0 5 1295 0 668 100 1150 200 1499 300 458 400
612 0 5 102 0 122 100 1389 200 38 300 880 400
613 0 5 735 0 580 100 1422 200 1456 300 888 400
614 0 5 86 0 54 100 400 200 124 300 1493 400
615 0 5 940 0 848 100 655 200 592 300 1421 400
616 0 5 503 0 1226 100 360 200 264 300 746 400
617 0 5 1033 0 109 100 777 200 451 300 883 400
618 0 5 1404 0 511 100 923 200 556 300 1032 400
619 0 5 261 0 550 100 700 200 1117 300 1346 400
620 0 5 1114 0 14 100 35 200 720 300 1334 400
621 0 5 1116 0 1181 100 1429 200 725 300 1449 400
622 0 5 1317 0 446 100 906 200 296 300 1369 400
623 0 5 893 0 144 100 392 200 1267 300 99 400
624 0 5 521 0 719 100 1040 200 205 300 374 400
625 0 5 490 0 1213 100 922 200 1071 300 1252 400
626 0 5 861 0 398 100 772 200 392 300 635 400
627 0 5 1435 0 740 100 433 200 600 300 53 400
628 0 5 251 0 1361 100 1111 200 944 300 165 400
629 0 5 1512 0 1513 100 448 200 201 300 953 400
630 0 5 540 0 962 100 572 200 222 300 412 400
631 0 5 1353 0 1299 100 416 200 1394 300 1453 400
632 0 5 1291 0 1268 100 1064 200 259 300 1400 400
633 0 5 172 0 991 100 1312 200 681 300 1373 400
634 0 5 1460 0 357 100 925 200 1395 300 319 400
635 0 5 861 0 778 100 1083 200 1012 300 392 400
636 0 5 486 0 447 100 321 200 1219 300 190 400
637 0 5 1045 0 45 100 758 200 832 300 866 400
638 0 5 418 0 1016 100 1049 200 288 300 1095 400
639 0 5 1122 0 22 100 552 200 305 300 764 400
640 0 5 1437 0 76 100 1269 200 1447 300 1021 400
641 0 5 1196 0 149 100 386 200 646 300 984 400
642 0 5 51 0 977 100 858 200 955 300 243 400
643 0 5 859 0 1132 100 1163 200 34 300 1170 400
644 0 5 212 0 922 100 183 200 681 300 490 400
645 0 5 1186 0 1403 100 1228 200 1442 300 1487 400
646 0 5 1154 0 984 100 149 200 860 300 218 400
647 0 5 877 0 750 100 738 200 482 300 1305 400
648 0 5 1248 0 216 100 154 200 225 300 732 400
649 0 5 1249 0 951 100 1086 200 250 300 1285 400
650 0 5 485 0 1103 100 983 200 464 300 1385 400
651 0 5 106 0 1138 100 1315 200 863 300 900 400
652 0 5 10 0 1312 100 1235 200 83 300 1373 400
653 0 5 195 0 547 100 1121 200 797 300 1140 400
654 0 5 1281 0 1236 100 440 200 470 300 286 400
655 0 5 940 0 168 100 615 200 592 300 1421 400
656 0 5 1219 0 188 100 604 200 1497 300 1102 400
657 0 5 128 0 1084 100 1183 200 1035 300 494 400
658 0 5 205 0 406 100 1172 200 911 300 1040 400
659 0 5 1286 0 25 100 1076 200 715 300 413 400
660 0 5 478 0 561 100 704 200 688 300 755 400
661 0 5 84 0 920 100 598 200 854 300 802 400
662 0 5 816 0 663 100 939 200 123 300 1484 400
663 0 5 662 0 939 100 1484 200 722 300 1128 400
664 0 5 314 0 137 100 768 200 114 300 851 400
665 0 5 350 0 1161 100 432 200 245 300 968 400
666 0 5 1445 0 250 100 929 200 674 300 962 400
667 0 5 570 0 233 100 579 200 72 300 153 400
668 0 5 611 0 1253 100 1499 200 455 300 1483 400
669 0 5 765 0 255 100 911 200 198 300 286 400
670 0 5 366 0 809 100 839 200 689 300 793 400
671 0 5 1203 0 410 100 192 200 589 300 1416 400
672 0 5 156 0 298 100 1038 200 185 300 850 400
673 0 5 504 0 1156 100 750 200 760 300 1344 400
674 0 5 929 0 1263 100 250 200 512 300 666 400
675 0 5 1010 0 1197 100 37 200 1172 300 1020 400
676 0 5 1426 0 1072 100 476 200 1480 300 754 400
677 0 5 1256 0 1011 100 542 200 1050 300 788 400
678 0 5 177 0 21 100 80 200 1181 300 181 400
679 0 5 412 0 500 100 292 200 363 300 1346 400
680 0 5 135 0 771 100 160 200 127 300 849 400
681 0 5 275 0 499 100 495 200 183 300 1373 400
682 0 5 1287 0 1381 100 1130 200 1319 300 1157 400
683 0 5 927 0 1390 100 1494 200 200 300 292 400
684 0 5 1438 0 598 100 600 200 734 300 740 400
685 0 5 521 0 813 100 910 200 1273 300 974 400
686 0 5 219 0 1367 100 395 200 422 300 582 400
687 0 5 506 0 1501 100 1330 200 469 300 827 400
688 0 5 538 0 478 100 971 200 660 300 1074 400
689 0 5 1070 0 793 100 809 200 913 300 670 400
690 0 5 1075 0 821 100 1326 200 1163 300 747 400
691 0 5 537 0 1307 100 692 200 1229 300 380 400
692 0 5 380 0 852 100 691 200 537 300 1229 400
693 0 5 326 0 461 100 585 200 99 300 1468 400
694 0 5 608 0 1216 100 933 200 1336 300 1003 400
695 0 5 1081 0 156 100 236 200 298 300 70 400
696 0 5 844 0 1105 100 594 200 1032 300 928 400
697 0 5 732 0 402 100 411 200 1290 300 1188 400
698 0 5 388 0 569 100 789 200 1322 300 1149 400
699 0 5 186 0 714 100 541 200 411 300 724 400
700 0 5 1117 0 543 100 362 200 619 300 1415 400
701 0 5 66 0 89 100 1490 200 936 300 249 400
702 0 5 525 0 367 100 568 200 1093 300 1193 400
703 0 5 1498 0 1187 100 4 200 847 300 1275 400
704 0 5 555 0 561 100 1308 200 1321 300 660 400
705 0 5 19 0 469 100 365 200 1395 300 757 400
706 0 5 110 0 578 100 778 200 1245 300 481 400
707 0 5 1370 0 731 100 1301 200 1020 300 935 400
708 0 5 1205 0 605 100 1296 200 1227 300 1277 400
709 0 5 240 0 1333 100 933 200 712 300 1003 400
710 0 5 1328 0 285 100 742 200 29 300 1349 400
711 0 5 1137 0 1396 100 39 200 153 300 780 400
712 0 5 1171 0 1333 100 709 200 1249 300 398 400
713 0 5 1187 0 787 100 605 200 703 300 523 400
714 0 5 699 0 9 100 761 200 1019 300 186 400
715 0 5 1286 0 1436 100 1079 200 659 300 413 400
716 0 5 493 0 337 100 168 200 655 300 592 400
717 0 5 1252 0 499 100 1071 200 1065 300 922 400
718 0 5 103 0 176 100 585 200 1233 300 247 400
719 0 5 1220 0 1401 100 374 200 521 300 624 400
720 0 5 1334 0 14 100 35 200 1488 300 1119 400
721 0 5 1408 0 919 100 1251 200 216 300 648 400
722 0 5 1128 0 1484 100 663 200 939 300 1318 400
723 0 5 1057 0 1120 100 399 200 908 300 591 400
724 0 5 915 0 541 100 1443 200 381 300 699 400
725 0 5 545 0 963 100 18 200 621 300 520 400
726 0 5 517 0 473 100 1080 200 1435 300 518 400
727 0 5 437 0 884 100 607 200 1270 300 319 400
728 0 5 1277 0 1227 100 570 200 1396 300 233 400
729 0 5 1272 0 908 100 339 200 871 300 203 400
730 0 5 826 0 151 100 1453 200 967 300 1394 400
731 0 5 1301 0 707 100 1470 200 607 300 1020 400
732 0 5 697 0 1188 100 225 200 1248 300 648 400
733 0 5 1207 0 287 100 756 200 1434 300 544 400
734 0 5 600 0 740 100 598 200 684 300 627 400
735 0 5 613 0 1166 100 1422 200 1431 300 580 400
736 0 5 1095 0 235 100 1491 200 469 300 455 400
737 0 5 858 0 293 100 61 200 325 300 1115 400
738 0 5 807 0 877 100 1266 200 482 300 1305 400
739 0 5 462 0 899 100 512 200 68 300 1263 400
740 0 5 734 0 627 100 433 200 598 300 1435 400
741 0 5 362 0 226 100 782 200 500 300 262 400
742 0 5 546 0 1328 100 710 200 995 300 266 400
743 0 5 367 0 333 100 403 200 45 300 568 400
744 0 5 876 0 376 100 562 200 5 300 356 400
745 0 5 1259 0 515 100 276 200 755 300 894 400
746 0 5 219 0 1331 100 616 200 507 300 1358 400
747 0 5 520 0 1163 100 438 200 1132 300 1185 400
748 0 5 1247 0 239 100 609 200 844 300 1064 400
749 0 5 1506 0 1505 100 336 200 595 300 208 400
750 0 5 647 0 504 100 877 200 673 300 1156 400
751 0 5 1092 0 1076 100 220 200 824 300 1133 400
752 0 5 1009 0 528 100 1067 200 1088 300 369 400
753 0 5 497 0 950 100 290 200 1028 300 999 400
754 0 5 1480 0 1232 100 1072 200 676 300 415 400
755 0 5 1231 0 1464 100 561 200 745 300 660 400
756 0 5 1434 0 733 100 1207 200 547 300 35 400
757 0 5 19 0 1378 100 1491 200 705 300 469 400
758 0 5 505 0 329 100 832 200 866 300 325 400
759 0 5 837 0 853 100 230 200 1018 300 1027 400
760 0 5 1156 0 1344 100 479 200 409 300 883 400
761 0 5 1019 0 343 100 9 200 714 300 590 400
762 0 5 214 0 206 100 310 200 270 300 351 400
763 0 5 1190 0 1407 100 1469 200 1284 300 1110 400
764 0 5 552 0 823 100 1155 200 1433 300 981 400
765 0 5 1040 0 669 100 198 200 1465 300 286 400
766 0 5 491 0 32 100 511 200 923 300 618 400
767 0 5 950 0 290 100 831 200 1347 300 1387 400
768 0 5 529 0 114 100 108 200 851 300 314 400
769 0 5 846 0 1474 100 1339 200 58 300 1140 400
770 0 5 354 0 152 100 378 200 274 300 872 400
771 0 5 680 0 127 100 160 200 1186 300 1403 400
772 0 5 626 0 392 100 398 200 144 300 272 400
773 0 5 1364 0 1091 100 237 200 833 300 460 400
774 0 5 1348 0 11 100 259 200 975 300 1110 400
775 0 5 1212 0 1242 100 443 200 261 300 303 400
776 0 5 347 0 180 100 1446 200 1274 300 1306 400
777 0 5 451 0 468 100 381 200 617 300 1305 400
778 0 5 578 0 635 100 1012 200 1245 300 706 400
779 0 5 913 0 514 100 1070 200 118 300 1182 400
780 0 5 1396 0 324 100 39 200 1441 300 1296 400
781 0 5 1485 0 584 100 1206 200 791 300 1490 400
782 0 5 435 0 105 100 741 200 226 300 543 400
783 0 5 906 0 1369 100 1007 200 115 300 1500 400
784 0 5 1059 0 1209 100 840 200 527 300 1458 400
785 0 5 1233 0 266 100 465 200 1008 300 338 400
786 0 5 389 0 142 100 8 200 1068 300 1383 400
787 0 5 93 0 713 100 60 200 1174 300 7 400
788 0 5 218 0 1256 100 394 200 334 300 646 400
789 0 5 252 0 909 100 698 200 194 300 1167 400
790 0 5 140 0 1460 100 1128 200 634 300 1318 400
791 0 5 1206 0 584 100 781 200 416 300 364 400
792 0 5 2 0 519 100 878 200 385 300 1069 400
793 0 5 809 0 1262 100 689 200 913 300 1430 400
794 0 5 284 0 377 100 248 200 1096 300 1463 400
795 0 5 1475 0 1079 100 516 200 1340 300 466 400
796 0 5 1142 0 476 100 419 200 1426 300 1480 400
797 0 5 1142 0 1450 100 890 200 1121 300 419 400
798 0 5 1223 0 1440 100 1399 200 143 300 464 400
799 0 5 524 0 935 100 1399 200 1414 300 234 400
800 0 5 1427 0 1456 100 990 200 1341 300 426 400
801 0 5 453 0 126 100 1482 200 1000 300 1210 400
802 0 5 920 0 916 100 300 200 155 300 564 400
803 0 5 242 0 933 100 1482 200 1216 300 240 400
804 0 5 1283 0 943 100 1329 200 968 300 400 400
805 0 5 1338 0 97 100 1432 200 43 300 13 400
806 0 5 836 0 856 100 1214 200 382 300 338 400
807 0 5 1266 0 738 100 1054 200 482 300 877 400
808 0 5 1184 0 402 100 1350 200 355 300 150 400
809 0 5 793 0 670 100 839 200 689 300 366 400
810 0 5 349 0 271 100 1053 200 1442 300 949 400
811 0 5 254 0 1100 100 878 200 1368 300 296 400
812 0 5 223 0 1034 100 92 200 1361 300 883 400
813 0 5 910 0 974 100 685 200 104 300 1273 400
814 0 5 54 0 1374 100 1481 200 124 300 86 400
815 0 5 1409 0 1423 100 318 200 1349 300 262 400
816 0 5 123 0 662 100 1226 200 616 300 1342 400
817 0 5 956 0 559 100 248 200 1147 300 1463 400
818 0 5 37 0 935 100 406 200 1172 300 1370 400
819 0 5 1452 0 127 100 257 200 175 300 65 400
820 0 5 263 0 1400 100 1064 200 632 300 1291 400
821 0 5 1439 0 690 100 747 200 1163 300 1326 400
822 0 5 100 0 938 100 475 200 1157 300 50 400
823 0 5 1202 0 1155 100 764 200 1130 300 552 400
824 0 5 914 0 553 100 368 200 751 300 16 400
825 0 5 1502 0 1 100 301 200 970 300 55 400
826 0 5 730 0 151 100 864 200 1453 300 1264 400
827 0 5 925 0 575 100 687 200 1501 300 357 400
828 0 5 1107 0 1393 100 1061 200 74 300 1004 400
829 0 5 254 0 90 100 296 200 811 300 867 400
830 0 5 865 0 440 100 845 200 174 300 654 400
831 0 5 118 0 1347 100 767 200 514 300 46 400
832 0 5 505 0 224 100 758 200 637 300 1045 400
833 0 5 1091 0 1242 100 773 200 1364 300 446 400
834 0 5 942 0 450 100 1159 200 15 300 312 400
835 0 5 393 0 549 100 531 200 850 300 236 400
836 0 5 806 0 338 100 382 200 410 300 1214 400
837 0 5 1290 0 759 100 1027 200 411 300 230 400
838 0 5 17 0 1029 100 413 200 355 300 583 400
839 0 5 1454 0 670 100 559 200 809 300 1147 400
840 0 5 527 0 1059 100 917 200 191 300 901 400
841 0 5 1495 0 24 100 1402 200 395 300 1471 400
842 0 5 138 0 1372 100 32 200 930 300 26 400
843 0 5 1325 0 1068 100 389 200 8 300 1354 400
844 0 5 696 0 239 100 1064 200 609 300 594 400
845 0 5 1154 0 984 100 1281 200 865 300 646 400
846 0 5 870 0 769 100 1121 200 1140 300 890 400
847 0 5 387 0 4 100 1498 200 441 300 703 400
848 0 5 1421 0 615 100 346 200 1304 300 1377 400
849 0 5 1362 0 454 100 604 200 680 300 425 400
850 0 5 298 0 531 100 835 200 672 300 1038 400
851 0 5 317 0 148 100 768 200 1234 300 137 400
852 0 5 1310 0 692 100 380 200 1229 300 691 400
853 0 5 759 0 73 100 402 200 1350 300 230 400
854 0 5 916 0 231 100 598 200 802 300 433 400
855 0 5 1375 0 1037 100 132 200 901 300 1013 400
856 0 5 806 0 20 100 269 200 1214 300 338 400
857 0 5 1001 0 609 100 1199 200 211 300 1357 400
858 0 5 737 0 61 100 642 200 243 300 977 400
859 0 5 643 0 509 100 1170 200 1122 300 22 400
860 0 5 1154 0 173 100 174 200 646 300 394 400
861 0 5 626 0 635 100 1171 200 398 300 1083 400
862 0 5 71 0 978 100 183 200 212 300 1373 400
863 0 5 1331 0 315 100 586 200 106 300 651 400
864 0 5 306 0 932 100 826 200 947 300 1264 400
865 0 5 174 0 830 100 845 200 1168 300 440 400
866 0 5 329 0 45 100 758 200 637 300 157 400
867 0 5 960 0 90 100 115 200 1420 300 296 400
868 0 5 474 0 1243 100 1341 200 1456 300 258 400
869 0 5 1003 0 1432 100 1238 200 989 300 593 400
870 0 5 846 0 1121 100 1140 200 769 300 547 400
871 0 5 30 0 1241 100 1029 200 146 300 1272 400
872 0 5 420 0 354 100 274 200 7 300 1101 400
873 0 5 1087 0 213 100 1002 200 1136 300 1389 400
874 0 5 1207 0 936 100 16 200 368 300 249 400
875 0 5 573 0 1411 100 23 200 1051 300 358 400
876 0 5 744 0 356 100 376 200 606 300 1240 400
877 0 5 647 0 738 100 750 200 1305 300 807 400
878 0 5 1204 0 1100 100 811 200 792 300 1069 400
879 0 5 1029 0 583 100 1398 200 1241 300 838 400
880 0 5 132 0 612 100 958 200 38 300 119 400
881 0 5 309 0 918 100 1217 200 115 300 1500 400
882 0 5 1244 0 73 100 1149 200 1350 300 1398 400
883 0 5 27 0 1344 100 1361 200 1033 300 468 400
884 0 5 603 0 1042 100 727 200 437 300 1036 400
885 0 5 91 0 61 100 1169 200 243 300 325 400
886 0 5 581 0 404 100 1159 200 1407 300 610 400
887 0 5 1352 0 246 100 481 200 964 300 1131 400
888 0 5 580 0 891 100 1078 200 1218 300 1427 400
889 0 5 1513 0 1514 100 179 200 1222 300 1254 400
890 0 5 1450 0 1173 100 797 200 82 300 769 400
891 0 5 1384 0 1427 100 888 200 1078 300 800 400
892 0 5 321 0 1102 100 390 200 361 300 80 400
893 0 5 99 0 623 100 144 200 462 300 392 400
894 0 5 1303 0 515 100 1446 200 1327 300 745 400
895 0 5 1271 0 523 100 605 200 1227 300 1205 400
896 0 5 125 0 227 100 1073 200 1006 300 452 400
897 0 5 463 0 1499 100 1150 200 458 300 668 400
898 0 5 1230 0 1457 100 1416 200 457 300 393 400
899 0 5 68 0 739 100 28 200 107 300 997 400
900 0 5 1235 0 1097 100 495 200 1138 300 651 400
901 0 5 1037 0 191 100 917 200 132 300 840 400
902 0 5 1471 0 371 100 1428 200 1068 300 1354 400
903 0 5 1017 0 19 100 503 200 1378 300 360 400
904 0 5 305 0 1319 100 1472 200 1287 300 1155 400
905 0 5 267 0 375 100 432 200 921 300 1161 400
906 0 5 1369 0 783 100 622 200 296 300 1007 400
907 0 5 492 0 308 100 481 200 1352 300 1131 400
908 0 5 729 0 133 100 591 200 723 300 399 400
909 0 5 789 0 1241 100 1149 200 1398 300 1244 400
910 0 5 813 0 1273 100 685 200 104 300 1020 400
911 0 5 624 0 255 100 669 200 658 300 765 400
912 0 5 506 0 1330 100 1395 200 365 300 705 400
913 0 5 779 0 1070 100 689 200 793 300 1182 400
914 0 5 824 0 1088 100 971 200 553 300 528 400
915 0 5 1294 0 724 100 1443 200 1153 300 919 400
916 0 5 854 0 802 100 954 200 300 300 231 400
917 0 5 1193 0 527 100 901 200 1037 300 840 400
918 0 5 881 0 1500 100 15 200 1217 300 115 400
919 0 5 1443 0 1180 100 721 200 1153 300 948 400
920 0 5 802 0 661 100 854 200 916 300 598 400
921 0 5 375 0 534 100 905 200 1026 300 267 400
922 0 5 490 0 644 100 212 200 717 300 353 400
923 0 5 1145 0 618 100 210 200 491 300 766 400
924 0 5 986 0 331 100 1031 200 1343 300 1430 400
925 0 5 827 0 319 100 634 200 357 300 575 400
926 0 5 253 0 1397 100 1486 200 490 300 71 400
927 0 5 292 0 683 100 1390 200 412 300 222 400
928 0 5 384 0 992 100 222 200 11 300 594 400
929 0 5 674 0 962 100 987 200 666 300 250 400
930 0 5 138 0 26 100 33 200 842 300 32 400
931 0 5 131 0 1382 100 1235 200 991 300 1144 400
932 0 5 967 0 864 100 119 200 880 300 1419 400
933 0 5 1216 0 803 100 694 200 709 300 240 400
934 0 5 1124 0 128 100 129 200 542 300 1035 400
935 0 5 799 0 1370 100 818 200 1414 300 707 400
936 0 5 89 0 249 100 874 200 701 300 368 400
937 0 5 596 0 1047 100 946 200 1146 300 1004 400
938 0 5 822 0 397 100 100 200 335 300 1157 400
939 0 5 365 0 663 100 722 200 1128 300 1395 400
940 0 5 655 0 615 100 1421 200 848 300 168 400
941 0 5 1139 0 1433 100 994 200 124 300 55 400
942 0 5 834 0 1280 100 312 200 244 300 450 400
943 0 5 968 0 804 100 245 200 400 300 1126 400
944 0 5 1094 0 251 100 409 200 165 300 1250 400
945 0 5 249 0 66 100 57 200 456 300 701 400
946 0 5 379 0 972 100 414 200 937 300 1004 400
947 0 5 1264 0 1152 100 306 200 864 300 826 400
948 0 5 109 0 1153 100 1180 200 919 300 915 400
949 0 5 1487 0 349 100 1221 200 1403 300 1442 400
950 0 5 767 0 753 100 290 200 497 300 831 400
951 0 5 1086 0 250 100 649 200 332 300 272 400
952 0 5 1278 0 187 100 1469 200 1190 300 1388 400
953 0 5 1518 0 448 100 269 200 498 300 629 400
954 0 5 300 0 574 100 916 200 1162 300 802 400
955 0 5 977 0 76 100 380 200 642 300 1269 400
956 0 5 817 0 167 100 488 200 407 300 559 400
957 0 5 288 0 510 100 1295 200 455 300 418 400
958 0 5 1324 0 1389 100 119 200 880 300 612 400
959 0 5 428 0 339 100 146 200 94 300 203 400
960 0 5 867 0 115 100 90 200 296 300 783 400
961 0 5 1058 0 1332 100 1110 200 460 300 1109 400
962 0 5 929 0 630 100 572 200 1445 300 1489 400
963 0 5 1185 0 725 100 134 200 520 300 18 400
964 0 5 246 0 208 100 431 200 887 300 336 400
965 0 5 1060 0 577 100 1069 200 530 300 1258 400
966 0 5 1175 0 158 100 48 200 326 300 693 400
967 0 5 1419 0 932 100 151 200 119 300 864 400
968 0 5 245 0 943 100 1161 200 665 300 804 400
969 0 5 1222 0 139 100 101 200 311 300 1077 400
970 0 5 1505 0 1504 100 408 200 301 300 55 400
971 0 5 415 0 688 100 1088 200 914 300 1232 400
972 0 5 414 0 289 100 946 200 1015 300 501 400
973 0 5 1467 0 1018 100 343 200 1027 300 1322 400
974 0 5 813 0 1255 100 104 200 1484 300 685 400
975 0 5 992 0 1348 100 11 200 774 300 200 400
976 0 5 1429 0 545 100 1046 200 155 300 574 400
977 0 5 955 0 642 100 380 200 76 300 858 400
978 0 5 862 0 1373 100 183 200 212 300 1397 400
979 0 5 1380 0 75 100 1440 200 143 300 533 400
980 0 5 1508 0 1509 100 825 200 284 300 301 400
981 0 5 1139 0 44 100 560 200 552 300 302 400
982 0 5 77 0 1005 100 1417 200 394 300 1428 400
983 0 5 1385 0 650 100 533 200 1103 300 322 400
984 0 5 1281 0 845 100 646 200 470 300 1196 400
985 0 5 160 0 1335 100 1497 200 181 300 771 400
986 0 5 924 0 1129 100 1454 200 839 300 1262 400
987 0 5 49 0 318 100 262 200 929 300 1489 400
988 0 5 1477 0 1233 100 320 200 996 300 1455 400
989 0 5 1238 0 712 100 1003 200 869 300 709 400
990 0 5 1132 0 69 100 34 200 438 300 800 400
991 0 5 633 0 1235 100 172 200 900 300 681 400
992 0 5 975 0 1390 100 928 200 222 300 11 400
993 0 5 188 0 604 100 425 200 454 300 1362 400
994 0 5 178 0 55 100 1374 200 301 300 1433 400
995 0 5 1328 0 176 100 103 200 742 300 266 400
996 0 5 1455 0 498 100 1477 200 320 300 1233 400
997 0 5 1423 0 68 100 1349 200 815 300 899 400
998 0 5 458 0 1314 100 1150 200 1043 300 463 400
999 0 5 1028 0 46 100 1347 200 1135 300 114 400
1000 0 5 567 0 801 100 1015 200 453 300 126 400
1001 0 5 857 0 211 100 1032 200 1199 300 511 400
1002 0 5 1087 0 873 100 1324 200 1113 300 1260 400
1003 0 5 869 0 608 100 989 200 1238 300 694 400
1004 0 5 1061 0 117 100 946 200 828 300 265 400
1005 0 5 982 0 1168 100 1417 200 173 300 174 400
1006 0 5 330 0 227 100 452 200 896 300 1300 400
1007 0 5 1208 0 783 100 1317 200 1280 300 1063 400
1008 0 5 338 0 785 100 382 200 192 300 836 400
1009 0 5 752 0 528 100 1067 200 1088 300 369 400
1010 0 5 675 0 37 100 1197 200 1020 300 1370 400
1011 0 5 1050 0 677 100 788 200 334 300 233 400
1012 0 5 1083 0 778 100 442 200 1482 300 1210 400
1013 0 5 1375 0 1323 100 1045 200 855 300 637 400
1014 0 5 1488 0 1119 100 120 200 720 300 58 400
1015 0 5 414 0 193 100 972 200 1000 300 501 400
1016 0 5 638 0 1049 100 717 200 1095 300 1065 400
1017 0 5 903 0 1138 100 1315 200 1473 300 360 400
1018 0 5 973 0 230 100 1027 200 759 300 343 400
1019 0 5 1027 0 761 100 714 200 343 300 9 400
1020 0 5 104 0 1197 100 1010 200 1273 300 910 400
1021 0 5 526 0 1115 100 76 200 1462 300 640 400
1022 0 5 447 0 113 100 1429 200 976 300 1046 400
1023 0 5 529 0 1178 100 108 200 1151 300 1351 400
1024 0 5 1163 0 1451 100 1075 200 1170 300 747 400
1025 0 5 1336 0 379 100 117 200 74 300 289 400
1026 0 5 534 0 267 100 921 200 1126 300 905 400
1027 0 5 1019 0 1018 100 343 200 411 300 837 400
1028 0 5 999 0 46 100 1135 200 114 300 497 400
1029 0 5 879 0 838 100 1241 200 583 300 17 400
1030 0 5 1067 0 369 100 221 200 1459 300 1224 400
1031 0 5 1343 0 376 100 331 200 5 300 1129 400
1032 0 5 211 0 511 100 1105 200 1001 300 556 400
1033 0 5 223 0 617 100 883 200 27 300 451 400
1034 0 5 213 0 812 100 92 200 1302 300 1424 400
1035 0 5 494 0 1124 100 934 200 1183 300 657 400
1036 0 5 161 0 437 100 575 200 884 300 171 400
1037 0 5 901 0 855 100 132 200 917 300 191 400
1038 0 5 185 0 546 100 672 200 266 300 531 400
1039 0 5 554 0 1405 100 1404 200 556 300 1445 400
1040 0 5 765 0 198 100 1465 200 374 300 286 400
1041 0 5 1068 0 1215 100 1168 200 532 300 1428 400
1042 0 5 884 0 603 100 1270 200 164 300 727 400
1043 0 5 1314 0 166 100 998 200 458 300 1444 400
1044 0 5 207 0 311 100 1077 200 569 300 1467 400
1045 0 5 637 0 1323 100 832 200 1013 300 224 400
1046 0 5 155 0 564 100 113 200 1429 300 976 400
1047 0 5 268 0 937 100 596 200 946 300 414 400
1048 0 5 1052 0 1293 100 283 200 1458 300 327 400
1049 0 5 1065 0 1016 100 1071 200 1213 300 638 400
1050 0 5 233 0 1011 100 677 200 1160 300 728 400
1051 0 5 1411 0 356 100 875 200 358 300 270 400
1052 0 5 1048 0 1209 100 283 200 1458 300 1293 400
1053 0 5 193 0 349 100 1442 200 271 300 1228 400
1054 0 5 1266 0 807 100 590 200 334 300 9 400
1055 0 5 1191 0 279 100 1436 200 57 300 1286 400
1056 0 5 1066 0 1225 100 1300 200 1377 300 168 400
1057 0 5 269 0 723 100 1120 200 448 300 410 400
1058 0 5 961 0 1110 100 460 200 563 300 1177 400
1059 0 5 784 0 840 100 527 200 1209 300 525 400
1060 0 5 965 0 1261 100 530 200 1081 300 70 400
1061 0 5 1004 0 1146 100 828 200 1107 300 937 400
1062 0 5 63 0 277 100 551 200 1268 300 187 400
1063 0 5 244 0 237 100 1007 200 1364 300 1280 400
1064 0 5 820 0 1291 100 263 200 632 300 239 400
1065 0 5 1049 0 1071 100 717 200 1016 300 1252 400
1066 0 5 1056 0 1073 100 1300 200 337 300 227 400
1067 0 5 1030 0 752 100 220 200 1009 300 221 400
1068 0 5 1041 0 1168 100 843 200 902 300 1325 400
1069 0 5 385 0 1204 100 965 200 530 300 878 400
1070 0 5 913 0 689 100 432 200 779 300 350 400
1071 0 5 1065 0 1252 100 717 200 1049 300 1213 400
1072 0 5 1074 0 676 100 754 200 1426 300 476 400
1073 0 5 227 0 1066 100 337 200 896 300 125 400
1074 0 5 1072 0 478 100 1464 200 688 300 660 400
1075 0 5 690 0 1163 100 1024 200 1451 300 821 400
1076 0 5 456 0 751 100 1286 200 57 300 1092 400
1077 0 5 1044 0 569 100 311 200 1167 300 969 400
1078 0 5 341 0 1384 100 888 200 1218 300 891 400
1079 0 5 795 0 715 100 1340 200 1436 300 1345 400
1080 0 5 473 0 518 100 726 200 1166 300 1431 400
1081 0 5 695 0 156 100 70 200 1060 300 236 400
1082 0 5 1298 0 1340 100 1179 200 1127 300 466 400
1083 0 5 508 0 1012 100 635 200 861 300 1171 400
1084 0 5 1183 0 657 100 1320 200 1471 300 215 400
1085 0 5 592 0 1363 100 115 200 716 300 655 400
1086 0 5 951 0 398 100 649 200 332 300 772 400
1087 0 5 873 0 1002 100 213 200 1136 300 1034 400
1088 0 5 528 0 914 100 971 200 1009 300 824 400
1089 0 5 260 0 517 100 518 200 148 300 726 400
1090 0 5 256 0 162 100 345 200 404 300 238 400
1091 0 5 833 0 1242 100 773 200 303 300 775 400
1092 0 5 1133 0 751 100 1076 200 220 300 536 400
1093 0 5 1193 0 568 100 525 200 917 300 367 400
1094 0 5 251 0 944 100 409 200 1361 300 1344 400
1095 0 5 736 0 418 100 1016 200 1491 300 638 400
1096 0 5 248 0 141 100 1147 200 794 300 377 400
1097 0 5 106 0 315 100 900 200 651 300 1382 400
1098 0 5 1391 0 171 100 1501 200 1253 300 575 400
1099 0 5 328 0 518 100 1431 200 317 300 1166 400
1100 0 5 296 0 811 100 878 200 477 300 446 400
1101 0 5 445 0 420 100 7 200 429 300 1174 400
1102 0 5 1219 0 892 100 390 200 1497 300 361 400
1103 0 5 650 0 485 100 983 200 464 300 1301 400
1104 0 5 1455 0 20 100 498 200 1233 300 996 400
1105 0 5 696 0 594 100 1032 200 556 300 928 400
1106 0 5 1149 0 73 100 789 200 698 300 909 400
1107 0 5 828 0 1393 100 1061 200 209 300 1004 400
1108 0 5 1141 0 47 100 112 200 1478 300 1182 400
1109 0 5 1365 0 200 100 1348 200 1110 300 1332 400
1110 0 5 1058 0 763 100 774 200 1109 300 1348 400
1111 0 5 1158 0 557 100 92 200 1302 300 628 400
1112 0 5 595 0 1130 100 408 200 1381 300 55 400
1113 0 5 1324 0 1466 100 1260 200 1002 300 1313 400
1114 0 5 620 0 1229 100 35 200 1310 300 14 400
1115 0 5 1462 0 1021 100 526 200 293 300 1410 400
1116 0 5 621 0 1449 100 1326 200 1181 300 1439 400
1117 0 5 78 0 700 100 363 200 362 300 1346 400
1118 0 5 475 0 100 100 822 200 1221 300 1157 400
1119 0 5 1014 0 58 100 1488 200 1140 300 120 400
1120 0 5 399 0 1057 100 723 200 410 300 589 400
1121 0 5 870 0 653 100 797 200 846 300 195 400
1122 0 5 639 0 509 100 121 200 552 300 859 400
1123 0 5 415 0 199 100 16 200 1232 300 874 400
1124 0 5 934 0 1035 100 1256 200 394 300 542 400
1125 0 5 83 0 10 100 1312 200 652 300 1373 400
1126 0 5 400 0 1493 100 267 200 1161 300 943 400
1127 0 5 1298 0 466 100 1313 200 1082 300 1408 400
1128 0 5 722 0 1460 100 1318 200 939 300 1484 400
1129 0 5 1454 0 1343 100 986 200 42 300 559 400
1130 0 5 1381 0 1112 100 682 200 595 300 1202 400
1131 0 5 492 0 567 100 442 200 481 300 1210 400
1132 0 5 990 0 643 100 438 200 34 300 747 400
1133 0 5 1092 0 220 100 751 200 94 300 536 400
1134 0 5 1292 0 1259 100 79 200 1261 300 236 400
1135 0 5 497 0 1028 100 114 200 1359 300 147 400
1136 0 5 427 0 1389 100 213 200 873 300 958 400
1137 0 5 241 0 711 100 479 200 153 300 39 400
1138 0 5 651 0 1315 100 1017 200 1473 300 900 400
1139 0 5 941 0 981 100 40 200 36 300 471 400
1140 0 5 58 0 547 100 1119 200 870 300 1434 400
1141 0 5 1108 0 1182 100 112 200 779 300 5 400
1142 0 5 796 0 797 100 419 200 1450 300 890 400
1143 0 5 532 0 198 100 1215 200 1465 300 374 400
1144 0 5 487 0 131 100 1382 200 342 300 522 400
1145 0 5 923 0 1476 100 210 200 1246 300 593 400
1146 0 5 182 0 1061 100 596 200 937 300 1004 400
1147 0 5 248 0 141 100 366 200 1096 300 839 400
1148 0 5 1441 0 588 100 324 200 39 300 165 400
1149 0 5 1244 0 1322 100 882 200 1106 300 909 400
1150 0 5 463 0 998 100 611 200 1295 300 668 400
1151 0 5 1351 0 1376 100 471 200 1023 300 1178 400
1152 0 5 1462 0 1194 100 947 200 306 300 1264 400
1153 0 5 1294 0 948 100 109 200 919 300 915 400
1154 0 5 860 0 845 100 646 200 174 300 865 400
1155 0 5 823 0 764 100 1319 200 904 300 305 400
1156 0 5 673 0 760 100 750 200 479 300 504 400
1157 0 5 50 0 1287 100 1319 200 938 300 682 400
1158 0 5 1111 0 1302 100 1424 200 557 300 92 400
1159 0 5 3 0 886 100 834 200 450 300 169 400
1160 0 5 542 0 1279 100 1050 200 483 300 129 400
1161 0 5 245 0 665 100 968 200 1126 300 905 400
1162 0 5 134 0 258 100 954 200 53 300 300 400
1163 0 5 1024 0 1075 100 747 200 643 300 1451 400
1164 0 5 1448 0 185 100 546 200 1038 300 672 400
1165 0 5 12 0 334 100 601 200 149 300 590 400
1166 0 5 735 0 1431 100 473 200 1080 300 1200 400
1167 0 5 194 0 56 100 569 200 1077 300 789 400
1168 0 5 1005 0 1428 100 1068 200 1041 300 865 400
1169 0 5 243 0 91 100 61 200 1310 300 380 400
1170 0 5 81 0 22 100 421 200 1451 300 50 400
1171 0 5 1333 0 712 100 282 200 1425 300 861 400
1172 0 5 205 0 37 100 818 200 406 300 1010 400
1173 0 5 82 0 1450 100 890 200 278 300 1474 400
1174 0 5 60 0 429 100 342 200 93 300 1101 400
1175 0 5 326 0 966 100 48 200 297 300 693 400
1176 0 5 196 0 304 100 565 200 595 300 208 400
1177 0 5 460 0 610 100 563 200 1110 300 1058 400
1178 0 5 1351 0 1023 100 108 200 1151 300 534 400
1179 0 5 1412 0 484 100 1082 200 571 300 154 400
1180 0 5 919 0 948 100 1371 200 459 300 109 400
1181 0 5 621 0 1326 100 678 200 177 300 1116 400
1182 0 5 1430 0 1141 100 1262 200 779 300 1108 400
1183 0 5 1084 0 1428 100 657 200 494 300 1035 400
1184 0 5 423 0 808 100 402 200 150 300 697 400
1185 0 5 963 0 520 100 59 200 134 300 747 400
1186 0 5 645 0 1452 100 127 200 771 300 1403 400
1187 0 5 713 0 703 100 605 200 523 300 4 400
1188 0 5 732 0 541 100 1248 200 411 300 697 400
1189 0 5 344 0 588 100 1148 200 1282 300 628 400
1190 0 5 187 0 763 100 952 200 1469 300 1110 400
1191 0 5 1055 0 279 100 1485 200 1206 300 1475 400
1192 0 5 530 0 1406 100 1292 200 202 300 1204 400
1193 0 5 1093 0 917 100 525 200 568 300 527 400
1194 0 5 306 0 1152 100 1410 200 1462 300 293 400
1195 0 5 602 0 1372 100 43 200 138 300 842 400
1196 0 5 641 0 470 100 1281 200 139 300 984 400
1197 0 5 1273 0 675 100 1010 200 1020 300 1172 400
1198 0 5 396 0 383 100 294 200 136 300 1239 400
1199 0 5 1357 0 33 100 857 200 211 300 26 400
1200 0 5 1243 0 1379 100 1435 200 473 300 1166 400
1201 0 5 1496 0 1349 100 285 200 1265 300 435 400
1202 0 5 823 0 55 100 1130 200 1112 300 1155 400
1203 0 5 671 0 589 100 273 200 410 300 192 400
1204 0 5 1406 0 878 100 1069 200 1192 300 530 400
1205 0 5 708 0 1227 100 1277 200 895 300 728 400
1206 0 5 791 0 781 100 1485 200 1191 300 416 400
1207 0 5 733 0 756 100 874 200 287 300 1434 400
1208 0 5 1007 0 1280 100 312 200 942 300 244 400
1209 0 5 784 0 1052 100 1458 200 527 300 417 400
1210 0 5 453 0 442 100 1131 200 1012 300 1482 400
1211 0 5 236 0 549 100 1311 200 835 300 1230 400
1212 0 5 443 0 775 100 439 200 303 300 261 400
1213 0 5 625 0 1252 100 1071 200 922 300 717 400
1214 0 5 806 0 856 100 269 200 382 300 192 400
1215 0 5 1041 0 532 100 1068 200 1143 300 1168 400
1216 0 5 694 0 933 100 1336 200 803 300 608 400
1217 0 5 309 0 1363 100 918 200 115 300 1085 400
1218 0 5 352 0 1360 100 1078 200 888 300 580 400
1219 0 5 656 0 1102 100 1497 200 321 300 892 400
1220 0 5 719 0 1401 100 532 200 374 300 521 400
1221 0 5 217 0 397 100 949 200 1403 300 349 400
1222 0 5 179 0 969 100 889 200 101 300 311 400
1223 0 5 798 0 1399 100 143 200 167 300 1440 400
1224 0 5 273 0 1308 100 704 200 369 300 555 400
1225 0 5 1306 0 1056 100 1377 200 1303 300 1300 400
1226 0 5 123 0 503 100 616 200 19 300 705 400
1227 0 5 1277 0 1205 100 728 200 895 300 1296 400
1228 0 5 1442 0 1452 100 645 200 193 300 1053 400
1229 0 5 1310 0 1114 100 852 200 691 300 692 400
1230 0 5 898 0 1311 100 549 200 62 300 393 400
1231 0 5 755 0 1327 100 1464 200 745 300 515 400
1232 0 5 1480 0 754 100 415 200 199 300 1123 400
1233 0 5 1104 0 988 100 20 200 996 300 1455 400
1234 0 5 6 0 317 100 1422 200 851 300 1431 400
1235 0 5 991 0 900 100 172 200 931 300 681 400
1236 0 5 654 0 286 100 1281 200 845 300 984 400
1237 0 5 217 0 181 100 1403 200 771 300 1221 400
1238 0 5 989 0 95 100 869 200 1432 300 593 400
1239 0 5 396 0 1240 100 356 200 1198 300 270 400
1240 0 5 606 0 1239 100 356 200 876 300 1198 400
1241 0 5 879 0 1029 100 1398 200 871 300 583 400
1242 0 5 1091 0 833 100 775 200 446 300 303 400
1243 0 5 1200 0 868 100 474 200 258 300 1166 400
1244 0 5 882 0 1149 100 1398 200 909 300 1322 400
1245 0 5 1337 0 392 100 359 200 635 300 480 400
1246 0 5 535 0 1476 100 95 200 116 300 1145 400
1247 0 5 748 0 263 100 239 200 1064 300 609 400
1248 0 5 648 0 1188 100 1443 200 541 300 732 400
1249 0 5 649 0 1285 100 712 200 116 300 398 400
1250 0 5 165 0 39 100 944 200 409 300 1148 400
1251 0 5 1412 0 216 100 1408 200 721 300 484 400
1252 0 5 1071 0 717 100 1213 200 1065 300 922 400
1253 0 5 1483 0 668 100 1391 200 1499 300 1501 400
1254 0 5 1540 0 1 100 194 200 201 300 889 400
1255 0 5 1318 0 104 100 974 200 1020 300 685 400
1256 0 5 677 0 788 100 394 200 1124 300 542 400
1257 0 5 1386 0 956 100 407 200 248 300 1463 400
1258 0 5 1415 0 543 100 577 200 373 300 385 400
1259 0 5 1134 0 236 100 745 200 1211 300 276 400
1260 0 5 1371 0 1113 100 558 200 459 300 1002 400
1261 0 5 70 0 1060 100 530 200 1081 300 1134 400
1262 0 5 1430 0 793 100 689 200 839 300 986 400
1263 0 5 674 0 512 100 332 200 272 300 250 400
1264 0 5 947 0 1353 100 826 200 864 300 1152 400
1265 0 5 105 0 587 100 1496 200 285 300 373 400
1266 0 5 1054 0 807 100 738 200 9 300 1305 400
1267 0 5 272 0 144 100 623 200 332 300 772 400
1268 0 5 1400 0 632 100 63 200 277 300 259 400
1269 0 5 1447 0 537 100 76 200 640 300 380 400
1270 0 5 485 0 1042 100 164 200 1103 300 727 400
1271 0 5 895 0 370 100 523 200 340 300 391 400
1272 0 5 729 0 203 100 339 200 30 300 871 400
1273 0 5 1197 0 910 100 1020 200 685 300 675 400
1274 0 5 1446 0 372 100 1316 200 276 300 515 400
1275 0 5 4 0 170 100 441 200 378 300 847 400
1276 0 5 449 0 609 100 1357 200 138 300 930 400
1277 0 5 1227 0 728 100 1205 200 1296 300 1396 400
1278 0 5 551 0 952 100 187 200 277 300 1388 400
1279 0 5 1160 0 31 100 441 200 483 300 542 400
1280 0 5 1208 0 942 100 244 200 312 300 1007 400
1281 0 5 654 0 984 100 845 200 470 300 1196 400
1282 0 5 557 0 344 100 88 200 1293 300 327 400
1283 0 5 804 0 1329 100 614 200 400 300 943 400
1284 0 5 563 0 610 100 1407 200 763 300 1110 400
1285 0 5 116 0 1249 100 649 200 250 300 951 400
1286 0 5 659 0 715 100 1436 200 1076 300 1055 400
1287 0 5 682 0 1319 100 1157 200 904 300 1381 400
1288 0 5 1320 0 152 100 215 200 1495 300 378 400
1289 0 5 87 0 1394 100 516 200 1299 300 151 400
1290 0 5 837 0 411 100 402 200 697 300 230 400
1291 0 5 632 0 259 100 1064 200 594 300 11 400
1292 0 5 79 0 1134 100 1192 200 130 300 202 400
1293 0 5 88 0 1048 100 283 200 557 300 327 400
1294 0 5 1153 0 915 100 777 200 724 300 919 400
1295 0 5 611 0 957 100 510 200 1150 300 668 400
1296 0 5 467 0 708 100 1277 200 1396 300 780 400
1297 0 5 1300 0 1479 100 330 200 1006 300 1303 400
1298 0 5 1127 0 1082 100 1408 200 1179 300 1412 400
1299 0 5 631 0 1475 100 87 200 516 300 416 400
1300 0 5 1297 0 1479 100 1066 200 330 300 1056 400
1301 0 5 1470 0 731 100 707 200 1103 300 727 400
1302 0 5 92 0 1158 100 1111 200 1034 300 1424 400
1303 0 5 894 0 1479 100 1225 200 1306 300 515 400
1304 0 5 346 0 1316 100 848 200 347 300 1377 400
1305 0 5 468 0 1461 100 381 200 738 300 877 400
1306 0 5 1225 0 180 100 1377 200 1446 300 1056 400
1307 0 5 1447 0 537 100 691 200 364 300 584 400
1308 0 5 538 0 1224 100 704 200 660 300 273 400
1309 0 5 1393 0 209 100 13 200 97 300 1432 400
1310 0 5 852 0 1229 100 1169 200 1114 300 380 400
1311 0 5 1230 0 62 100 1211 200 549 300 555 400
1312 0 5 172 0 652 100 1373 200 633 300 1235 400
1313 0 5 1127 0 1466 100 466 200 1408 300 119 400
1314 0 5 1043 0 214 100 998 200 166 300 458 400
1315 0 5 586 0 1138 100 360 200 1017 300 651 400
1316 0 5 346 0 372 100 1304 200 1274 300 347 400
1317 0 5 1369 0 622 100 1007 200 1364 300 833 400
1318 0 5 1255 0 140 100 1484 200 1128 300 722 400
1319 0 5 904 0 1287 100 1157 200 682 300 1472 400
1320 0 5 215 0 1288 100 1471 200 1084 300 378 400
1321 0 5 561 0 555 100 62 200 704 300 660 400
1322 0 5 388 0 1149 100 698 200 230 300 1467 400
1323 0 5 1013 0 1045 100 1375 200 855 300 295 400
1324 0 5 1113 0 958 100 1002 200 1389 300 119 400
1325 0 5 371 0 843 100 1068 200 1354 300 8 400
1326 0 5 576 0 1181 100 177 200 1449 300 513 400
1327 0 5 1231 0 1464 100 515 200 894 300 755 400
1328 0 5 176 0 710 100 995 200 742 300 29 400
1329 0 5 377 0 1283 100 141 200 804 300 366 400
1330 0 5 357 0 506 100 912 200 687 300 1395 400
1331 0 5 863 0 746 100 507 200 522 300 586 400
1332 0 5 961 0 439 100 303 200 1109 300 1365 400
1333 0 5 240 0 709 100 1171 200 1425 300 712 400
1334 0 5 720 0 35 100 14 200 1434 300 1140 400
1335 0 5 1497 0 985 100 21 200 160 300 181 400
1336 0 5 1025 0 74 100 1216 200 694 300 289 400
1337 0 5 1245 0 480 100 599 200 436 300 99 400
1338 0 5 805 0 97 100 593 200 1432 300 43 400
1339 0 5 120 0 58 100 769 200 1119 300 1140 400
1340 0 5 1345 0 1082 100 1079 200 795 300 502 400
1341 0 5 258 0 474 100 1456 200 868 300 800 400
1342 0 5 316 0 1383 100 1484 200 264 300 662 400
1343 0 5 1031 0 1129 100 42 200 606 300 986 400
1344 0 5 883 0 409 100 760 200 1361 300 1094 400
1345 0 5 1340 0 502 100 1079 200 1082 300 715 400
1346 0 5 550 0 363 100 292 200 78 300 1117 400
1347 0 5 831 0 534 100 46 200 108 300 767 400
1348 0 5 774 0 975 100 1109 200 1110 300 200 400
1349 0 5 1201 0 28 100 29 200 285 300 997 400
1350 0 5 73 0 808 100 355 200 583 300 853 400
1351 0 5 1178 0 1151 100 1376 200 1023 300 40 400
1352 0 5 887 0 481 100 246 200 110 300 706 400
1353 0 5 631 0 1264 100 1453 200 947 300 1299 400
1354 0 5 1355 0 371 100 902 200 843 300 1325 400
1355 0 5 24 0 1354 100 902 200 843 300 841 400
1356 0 5 422 0 1402 100 395 200 313 300 24 400
1357 0 5 1199 0 449 100 33 200 1276 300 857 400
1358 0 5 507 0 85 100 219 200 522 300 746 400
1359 0 5 147 0 314 100 1135 200 114 300 768 400
1360 0 5 302 0 352 100 299 200 1218 300 580 400
1361 0 5 628 0 1344 100 812 200 883 300 251 400
1362 0 5 849 0 604 100 1497 200 680 300 160 400
1363 0 5 1217 0 1085 100 115 200 309 300 960 400
1364 0 5 773 0 237 100 833 200 1007 300 1063 400
1365 0 5 1109 0 200 100 1494 200 1110 300 683 400
1366 0 5 190 0 361 100 486 200 80 300 892 400
1367 0 5 582 0 1495 100 686 200 395 300 1288 400
1368 0 5 202 0 1420 100 1406 200 811 300 1192 400
1369 0 5 906 0 1317 100 783 200 622 300 1007 400
1370 0 5 707 0 935 100 37 200 818 300 1010 400
1371 0 5 1260 0 459 100 1180 200 1113 300 558 400
1372 0 5 1195 0 842 100 97 200 138 300 602 400
1373 0 5 978 0 1312 100 83 200 633 300 183 400
1374 0 5 814 0 54 100 994 200 178 300 1481 400
1375 0 5 1013 0 855 100 1323 200 132 300 1045 400
1376 0 5 36 0 1151 100 471 200 40 300 1351 400
1377 0 5 1421 0 347 100 848 200 1056 300 1225 400
1378 0 5 1491 0 757 100 1473 200 903 300 19 400
1379 0 5 53 0 1200 100 258 200 1435 300 1341 400
1380 0 5 979 0 143 100 75 200 1440 300 1223 400
1381 0 5 1130 0 682 100 565 200 595 300 1112 400
1382 0 5 931 0 315 100 1144 200 522 300 863 400
1383 0 5 1342 0 316 100 389 200 142 300 1484 400
1384 0 5 891 0 1078 100 341 200 1427 300 426 400
1385 0 5 983 0 597 100 1103 200 464 300 533 400
1386 0 5 1511 0 1257 100 1512 200 407 300 825 400
1387 0 5 112 0 1478 100 47 200 290 300 96 400
1388 0 5 232 0 1469 100 952 200 551 300 1278 400
1389 0 5 1136 0 958 100 612 200 873 300 427 400
1390 0 5 992 0 683 100 222 200 927 300 975 400
1391 0 5 1098 0 1499 100 1253 200 171 300 1483 400
1392 0 5 280 0 548 100 291 200 323 300 544 400
1393 0 5 1309 0 1107 100 828 200 209 300 13 400
1394 0 5 1453 0 1289 100 87 200 151 300 631 400
1395 0 5 365 0 357 100 912 200 634 300 705 400
1396 0 5 780 0 711 100 1296 200 570 300 153 400
1397 0 5 83 0 926 100 1373 200 71 300 978 400
1398 0 5 879 0 583 100 909 200 1241 300 882 400
1399 0 5 1223 0 464 100 167 200 798 300 799 400
1400 0 5 1268 0 63 100 820 200 632 300 263 400
1401 0 5 1220 0 719 100 532 200 374 300 1143 400
1402 0 5 395 0 1356 100 841 200 1495 300 24 400
1403 0 5 645 0 1237 100 771 200 1487 300 949 400
1404 0 5 618 0 556 100 1039 200 554 300 1032 400
1405 0 5 1039 0 1445 100 554 200 962 300 666 400
1406 0 5 1204 0 1368 100 1192 200 202 300 878 400
1407 0 5 64 0 763 100 1284 200 1492 300 1469 400
1408 0 5 721 0 1251 100 1313 200 1466 300 1298 400
1409 0 5 815 0 307 100 1349 200 262 300 318 400
1410 0 5 295 0 293 100 1194 200 1115 300 224 400
1411 0 5 1051 0 875 100 358 200 270 300 401 400
1412 0 5 1251 0 1179 100 484 200 216 300 1408 400
1413 0 5 175 0 268 100 414 200 425 300 1015 400
1414 0 5 281 0 234 100 406 200 524 300 818 400
1415 0 5 519 0 1258 100 385 200 700 300 543 400
1416 0 5 1457 0 898 100 192 200 457 300 671 400
1417 0 5 173 0 1005 100 982 200 394 300 77 400
1418 0 5 565 0 335 100 67 200 938 300 1157 400
1419 0 5 967 0 466 100 151 200 119 300 1313 400
1420 0 5 372 0 1368 100 90 200 1274 300 867 400
1421 0 5 1377 0 848 100 940 200 168 300 615 400
1422 0 5 1431 0 580 100 613 200 1234 300 352 400
1423 0 5 997 0 815 100 318 200 1409 300 68 400
1424 0 5 327 0 122 100 1158 200 213 300 1034 400
1425 0 5 282 0 508 100 1171 200 1333 300 242 400
1426 0 5 476 0 676 100 796 200 1480 300 1072 400
1427 0 5 800 0 891 100 426 200 1384 300 888 400
1428 0 5 1168 0 1183 100 902 200 982 300 1005 400
1429 0 5 976 0 447 100 1046 200 621 300 155 400
1430 0 5 1182 0 1262 100 331 200 793 300 5 400
1431 0 5 328 0 1422 100 1166 200 1234 300 518 400
1432 0 5 869 0 805 100 74 200 1338 300 1238 400
1433 0 5 941 0 994 100 301 200 55 300 1202 400
1434 0 5 756 0 733 100 35 200 547 300 1140 400
1435 0 5 627 0 53 100 1200 200 473 300 1379 400
1436 0 5 279 0 715 100 1055 200 1286 300 1079 400
1437 0 5 364 0 640 100 416 200 1447 300 76 400
1438 0 5 84 0 684 100 598 200 600 300 661 400
1439 0 5 821 0 18 100 1449 200 1326 300 747 400
1440 0 5 798 0 979 100 464 200 75 300 533 400
1441 0 5 1148 0 324 100 780 200 165 300 39 400
1442 0 5 1228 0 1487 100 645 200 1053 300 349 400
1443 0 5 919 0 724 100 915 200 1248 300 541 400
1444 0 5 166 0 322 100 458 200 383 300 603 400
1445 0 5 1405 0 666 100 962 200 929 300 1039 400
1446 0 5 776 0 180 100 1274 200 515 300 894 400
1447 0 5 1307 0 1269 100 537 200 364 300 640 400
1448 0 5 496 0 1164 100 587 200 546 300 672 400
1449 0 5 1116 0 18 100 1439 200 1326 300 621 400
1450 0 5 1173 0 890 100 797 200 1142 300 82 400
1451 0 5 81 0 1024 100 1170 200 1163 300 643 400
1452 0 5 819 0 1228 100 1186 200 127 300 645 400
1453 0 5 1394 0 730 100 151 200 826 300 1353 400
1454 0 5 1129 0 839 100 559 200 986 300 1031 400
1455 0 5 996 0 20 100 1104 200 1233 300 297 400
1456 0 5 474 0 800 100 1341 200 868 300 613 400
1457 0 5 898 0 1416 100 273 200 555 300 704 400
1458 0 5 102 0 283 100 417 200 122 300 612 400
1459 0 5 369 0 589 100 133 200 221 300 1030 400
1460 0 5 790 0 634 100 1128 200 1395 300 939 400
1461 0 5 381 0 186 100 1305 200 724 300 714 400
1462 0 5 1152 0 1115 100 526 200 1194 300 1021 400
1463 0 5 284 0 248 100 794 200 1096 300 1147 400
1464 0 5 478 0 1327 100 755 200 1074 300 1231 400
1465 0 5 374 0 198 100 1040 200 1143 300 765 400
1466 0 5 558 0 1313 100 1113 200 1408 300 1260 400
1467 0 5 973 0 424 100 1044 200 207 300 1322 400
1468 0 5 461 0 107 100 693 200 99 300 585 400
1469 0 5 1388 0 763 100 952 200 64 300 1407 400
1470 0 5 1301 0 607 100 731 200 727 300 1270 400
1471 0 5 902 0 1320 100 1084 200 24 300 1183 400
1472 0 5 421 0 305 100 22 200 904 300 1319 400
1473 0 5 495 0 499 100 1378 200 1138 300 1017 400
1474 0 5 82 0 278 100 769 200 41 300 1339 400
1475 0 5 795 0 1299 100 516 200 416 300 1191 400
1476 0 5 1145 0 95 100 1246 200 593 300 210 400
1477 0 5 1504 0 1503 100 996 200 320 300 988 400
1478 0 5 47 0 1387 100 96 200 1108 300 112 400
1479 0 5 1297 0 1300 100 1303 200 1056 300 1225 400
1480 0 5 754 0 1232 100 676 200 199 300 419 400
1481 0 5 178 0 814 100 54 200 86 300 1374 400
1482 0 5 242 0 801 100 803 200 126 300 442 400
1483 0 5 1253 0 1501 100 455 200 1391 300 668 400
1484 0 5 722 0 663 100 1318 200 1342 300 974 400
1485 0 5 781 0 1191 100 1206 200 66 300 1490 400
1486 0 5 253 0 353 100 926 200 71 300 1397 400
1487 0 5 949 0 1442 100 349 200 1403 300 645 400
1488 0 5 1014 0 120 100 1119 200 14 300 720 400
1489 0 5 572 0 49 100 500 200 262 300 962 400
1490 0 5 66 0 584 100 701 200 1485 300 287 400
1491 0 5 1378 0 469 100 757 200 235 300 736 400
1492 0 5 64 0 238 100 1407 200 1469 300 763 400
1493 0 5 1126 0 86 100 124 200 614 300 400 400
1494 0 5 1365 0 683 100 200 200 443 300 439 400
1495 0 5 841 0 1367 100 1402 200 1288 300 395 400
1496 0 5 1201 0 435 100 1265 200 105 300 782 400
1497 0 5 1335 0 1102 100 1219 200 390 300 1362 400
1498 0 5 703 0 387 100 847 200 4 300 441 400
1499 0 5 897 0 1391 100 668 200 1253 300 1150 400
1500 0 5 15 0 918 100 115 200 783 300 312 400
1501 0 5 575 0 1483 100 687 200 1098 300 827 400
1502 0 5 320 0 825 100 966 200 56 300 1433 400
1503 0 5 320 0 1477 100 966 200 56 300 1433 400
1504 0 5 1477 0 970 100 966 200 407 300 56 400
1505 0 5 749 0 970 100 966 200 56 300 1433 400
1506 0 5 749 0 301 100 966 200 56 300 407 400
1507 0 5 408 0 301 100 966 200 56 300 1433 400
1508 0 5 980 0 408 100 966 200 56 300 407 400
1509 0 5 184 0 980 100 407 200 966 300 1433 400
1510 0 5 184 0 158 100 407 200 966 300 1433 400
1511 0 5 158 0 1386 100 966 200 56 300 407 400
1512 0 5 629 0 1386 100 407 200 966 300 1433 400
1513 0 5 889 0 629 100 966 200 407 300 56 400
1514 0 5 889 0 201 100 966 200 407 300 297 400
1515 0 5 498 0 201 100 966 200 297 300 56 400
1516 0 5 194 0 498 100 966 200 56 300 407 400
1517 0 5 194 0 953 100 966 200 56 300 297 400
1518 0 5 953 0 255 100 966 200 407 300 297 400
1519 0 5 255 0 336 100 407 200 1433 300 966 400
1520 0 5 336 0 595 100 56 200 966 300 407 400
1521 0 5 48 0 595 100 56 200 407 300 1433 400
1522 0 5 48 0 1112 100 56 200 966 300 407 400
1523 0 5 431 0 1112 100 56 200 966 300 407 400
1524 0 5 431 0 55 100 56 200 966 300 407 400
1525 0 5 996 0 55 100 56 200 966 300 407 400
1526 0 5 996 0 448 100 56 200 966 300 407 400
1527 0 5 1257 0 448 100 56 200 966 300 407 400
1528 0 5 911 0 1257 100 966 200 56 300 407 400
1529 0 5 911 0 988 100 966 200 56 300 407 400
1530 0 5 988 0 179 100 966 200 56 300 407 400
1531 0 5 1104 0 179 100 56 200 966 300 994 400
1532 0 5 1104 0 1222 100 56 200 966 300 994 400
1533 0 5 1167 0 1222 100 56 200 966 300 994 400
1534 0 5 101 0 1167 100 966 200 56 300 994 400
1535 0 5 101 0 966 100 56 200 994 300 1455 400
1536 0 5 204 0 966 100 56 200 1455 300 994 400
1537 0 5 669 0 204 100 966 200 56 300 994 400
1538 0 5 669 0 966 100 56 200 252 300 994 400
1539 0 5 966 0 56 100 252 200 994 300 969 400
1540 0 5 1254 0 966 100 56 200 1463 300 1433 400
-1
EOF
