1540
1 0 5 449 0 861 100 1189 200 1111 300 1333 400
2 0 5 494 0 888 100 752 200 1129 300 287 400
3 0 5 262 0 1354 100 794 200 99 300 265 400
4 0 5 1356 0 1266 100 240 200 133 300 855 400
5 0 5 1370 0 1273 100 253 200 145 300 720 400
6 0 5 415 0 335 100 256 200 997 300 1139 400
7 0 5 559 0 1406 100 1123 200 541 300 877 400
8 0 5 456 0 1344 100 257 200 429 300 356 400
9 0 5 607 0 23 100 1441 200 497 300 699 400
10 0 5 260 0 949 100 83 200 1167 300 1373 400
11 0 5 1124 0 920 100 911 200 1177 300 1131 400
12 0 5 49 0 645 100 167 200 341 300 1297 400
13 0 5 1277 0 538 100 1162 200 452 300 563 400
14 0 5 46 0 653 100 264 200 34 300 635 400
15 0 5 1276 0 1049 100 1082 200 1255 300 1371 400
16 0 5 778 0 1179 100 1324 200 736 300 1262 400
17 0 5 131 0 34 100 490 200 481 300 683 400
18 0 5 1146 0 896 100 1127 200 568 300 480 400
19 0 5 813 0 453 100 486 200 123 300 431 400
20 0 5 166 0 1018 100 726 200 147 300 181 400
21 0 5 1408 0 1054 100 894 200 937 300 347 400
22 0 5 579 0 386 100 1038 200 372 300 233 400
23 0 5 497 0 9 100 1441 200 608 300 248 400
24 0 5 1477 0 459 100 1171 200 1278 300 972 400
25 0 5 1139 0 1299 100 261 200 1327 300 875 400
26 0 5 928 0 241 100 1503 200 1504 300 1239 400
27 0 5 454 0 288 100 453 200 1175 300 1290 400
28 0 5 1346 0 615 100 741 200 978 300 452 400
29 0 5 213 0 500 100 769 200 363 300 57 400
30 0 5 114 0 590 100 44 200 1089 300 436 400
31 0 5 1258 0 368 100 132 200 1345 300 1251 400
32 0 5 1237 0 541 100 720 200 1024 300 1020 400
33 0 5 45 0 1396 100 390 200 730 300 1380 400
34 0 5 17 0 131 100 653 200 481 300 490 400
35 0 5 1021 0 221 100 1493 200 77 300 1463 400
36 0 5 596 0 1227 100 66 200 1113 300 266 400
37 0 5 946 0 527 100 443 200 1490 300 202 400
38 0 5 1348 0 533 100 1083 200 439 300 234 400
39 0 5 1384 0 1199 100 660 200 47 300 756 400
40 0 5 1005 0 668 100 207 200 975 300 650 400
41 0 5 403 0 158 100 1048 200 840 300 1430 400
42 0 5 380 0 199 100 430 200 385 300 297 400
43 0 5 674 0 1174 100 142 200 1353 300 779 400
44 0 5 436 0 1222 100 30 200 496 300 470 400
45 0 5 1116 0 33 100 1396 200 738 300 730 400
46 0 5 14 0 264 100 653 200 635 300 34 400
47 0 5 756 0 660 100 259 200 39 300 354 400
48 0 5 1501 0 410 100 984 200 1135 300 865 400
49 0 5 12 0 167 100 1352 200 1297 300 479 400
50 0 5 599 0 1497 100 1015 200 755 300 982 400
51 0 5 139 0 1122 100 429 200 759 300 407 400
52 0 5 870 0 942 100 777 200 651 300 1185 400
53 0 5 886 0 195 100 686 200 1163 300 1220 400
54 0 5 994 0 179 100 526 200 1209 300 1047 400
55 0 5 665 0 1037 100 892 200 1348 300 1336 400
56 0 5 815 0 904 100 1480 200 1001 300 671 400
57 0 5 769 0 1275 100 1130 200 1463 300 182 400
58 0 5 124 0 1469 100 595 200 1097 300 1317 400
59 0 5 79 0 206 100 594 200 1208 300 502 400
60 0 5 1338 0 655 100 1492 200 1330 300 224 400
61 0 5 569 0 1470 100 1431 200 899 300 758 400
62 0 5 295 0 251 100 1186 200 1166 300 1154 400
63 0 5 473 0 194 100 499 200 189 300 1499 400
64 0 5 882 0 1059 100 727 200 243 300 1337 400
65 0 5 272 0 921 100 1496 200 1498 300 1024 400
66 0 5 1113 0 1394 100 1227 200 717 300 36 400
67 0 5 1279 0 1176 100 562 200 786 300 445 400
68 0 5 136 0 1380 100 88 200 1052 300 859 400
69 0 5 787 0 244 100 963 200 437 300 575 400
70 0 5 242 0 775 100 920 200 174 300 547 400
71 0 5 1038 0 233 100 556 200 579 300 1393 400
72 0 5 826 0 935 100 625 200 1274 300 185 400
73 0 5 671 0 1141 100 992 200 1115 300 1480 400
74 0 5 732 0 416 100 1185 200 476 300 1083 400
75 0 5 163 0 667 100 626 200 1411 300 435 400
76 0 5 479 0 1372 100 565 200 1352 300 684 400
77 0 5 271 0 363 100 221 200 500 300 35 400
78 0 5 424 0 1060 100 822 200 477 300 664 400
79 0 5 1208 0 59 100 206 200 502 300 277 400
80 0 5 1344 0 580 100 1447 200 8 300 257 400
81 0 5 245 0 100 100 1395 200 1198 300 1482 400
82 0 5 126 0 310 100 396 200 1306 300 681 400
83 0 5 346 0 10 100 1373 200 677 300 323 400
84 0 5 1426 0 1324 100 266 200 1204 300 382 400
85 0 5 812 0 249 100 1067 200 652 300 177 400
86 0 5 1296 0 563 100 1494 200 912 300 1391 400
87 0 5 655 0 1365 100 1410 200 1492 300 300 400
88 0 5 106 0 845 100 68 200 136 300 1204 400
89 0 5 462 0 437 100 209 200 1301 300 583 400
90 0 5 840 0 241 100 412 200 1430 300 1236 400
91 0 5 432 0 689 100 819 200 1398 300 883 400
92 0 5 189 0 1438 100 1499 200 804 300 472 400
93 0 5 637 0 1155 100 1295 200 421 300 847 400
94 0 5 1096 0 388 100 565 200 1148 300 1028 400
95 0 5 943 0 206 100 1208 200 684 300 603 400
96 0 5 613 0 543 100 1190 200 475 300 303 400
97 0 5 1484 0 597 100 511 200 299 300 1212 400
98 0 5 1413 0 992 100 564 200 908 300 1115 400
99 0 5 1354 0 319 100 1084 200 794 300 3 400
100 0 5 1395 0 81 100 1398 200 753 300 1198 400
101 0 5 827 0 137 100 627 200 802 300 465 400
102 0 5 944 0 150 100 1256 200 659 300 547 400
103 0 5 937 0 286 100 1376 200 1127 300 155 400
104 0 5 237 0 397 100 801 200 878 300 221 400
105 0 5 640 0 1007 100 792 200 633 300 970 400
106 0 5 88 0 736 100 147 200 845 300 1204 400
107 0 5 1203 0 728 100 481 200 212 300 1004 400
108 0 5 360 0 182 100 1130 200 434 300 768 400
109 0 5 431 0 267 100 708 200 509 300 318 400
110 0 5 270 0 218 100 931 200 410 300 745 400
111 0 5 629 0 1056 100 311 200 1487 300 1079 400
112 0 5 1499 0 527 100 832 200 946 300 472 400
113 0 5 710 0 858 100 1222 200 1057 300 663 400
114 0 5 30 0 1271 100 517 200 540 300 1089 400
115 0 5 414 0 1091 100 823 200 1252 300 857 400
116 0 5 204 0 1359 100 491 200 909 300 1169 400
117 0 5 143 0 1082 100 232 200 138 300 191 400
118 0 5 591 0 233 100 186 200 1393 300 1214 400
119 0 5 247 0 1102 100 1433 200 609 300 448 400
120 0 5 367 0 784 100 915 200 1424 300 216 400
121 0 5 365 0 153 100 227 200 425 300 751 400
122 0 5 503 0 135 100 490 200 264 300 712 400
123 0 5 813 0 722 100 291 200 19 300 486 400
124 0 5 1469 0 58 100 1317 200 961 300 562 400
125 0 5 680 0 1476 100 868 200 196 300 1070 400
126 0 5 1306 0 82 100 712 200 1298 300 310 400
127 0 5 729 0 1084 100 1072 200 354 300 319 400
128 0 5 1411 0 743 100 917 200 1041 300 274 400
129 0 5 1045 0 972 100 459 200 1062 300 984 400
130 0 5 353 0 177 100 1036 200 239 300 85 400
131 0 5 17 0 490 100 34 200 683 300 481 400
132 0 5 1251 0 798 100 31 200 1334 300 631 400
133 0 5 1356 0 1216 100 240 200 4 300 442 400
134 0 5 648 0 1210 100 817 200 1231 300 310 400
135 0 5 507 0 503 100 122 200 1487 300 490 400
136 0 5 1204 0 68 100 88 200 789 300 106 400
137 0 5 802 0 101 100 1215 200 829 300 287 400
138 0 5 296 0 339 100 1276 200 232 300 1278 400
139 0 5 51 0 520 100 759 200 522 300 1122 400
140 0 5 535 0 610 100 1326 200 1385 300 276 400
141 0 5 1247 0 377 100 725 200 457 300 826 400
142 0 5 1174 0 43 100 1353 200 838 300 566 400
143 0 5 117 0 740 100 1082 200 232 300 315 400
144 0 5 261 0 874 100 456 200 8 300 356 400
145 0 5 1066 0 458 100 1370 200 253 300 5 400
146 0 5 679 0 1400 100 59 200 1060 300 363 400
147 0 5 1018 0 1320 100 106 200 1179 300 508 400
148 0 5 1292 0 382 100 714 200 326 300 266 400
149 0 5 1341 0 746 100 1330 200 1040 300 201 400
150 0 5 1256 0 102 100 944 200 547 300 659 400
151 0 5 169 0 347 100 927 200 1390 300 314 400
152 0 5 1248 0 991 100 1175 200 1417 300 1290 400
153 0 5 817 0 121 100 1231 200 754 300 365 400
154 0 5 662 0 394 100 380 200 766 300 199 400
155 0 5 1416 0 957 100 1376 200 534 300 425 400
156 0 5 319 0 169 100 1390 200 347 300 1408 400
157 0 5 784 0 582 100 641 200 180 300 598 400
158 0 5 41 0 1048 100 403 200 216 300 412 400
159 0 5 860 0 887 100 384 200 328 300 560 400
160 0 5 400 0 1012 100 1458 200 754 300 483 400
161 0 5 506 0 809 100 799 200 1023 300 399 400
162 0 5 735 0 1305 100 1064 200 1281 300 448 400
163 0 5 1077 0 75 100 864 200 1411 300 667 400
164 0 5 1230 0 1014 100 324 200 384 300 504 400
165 0 5 762 0 808 100 783 200 761 300 1472 400
166 0 5 20 0 181 100 315 200 376 300 726 400
167 0 5 1297 0 49 100 12 200 578 300 1352 400
168 0 5 884 0 829 100 1223 200 1265 300 427 400
169 0 5 151 0 156 100 347 200 1390 300 307 400
170 0 5 691 0 423 100 1321 200 642 300 1149 400
171 0 5 202 0 1475 100 175 200 443 300 1183 400
172 0 5 496 0 961 100 470 200 842 300 663 400
173 0 5 1217 0 656 100 383 200 183 300 654 400
174 0 5 1110 0 547 100 775 200 70 300 1256 400
175 0 5 780 0 1368 100 1475 200 171 300 202 400
176 0 5 1129 0 1234 100 750 200 888 300 1150 400
177 0 5 130 0 1259 100 353 200 812 300 85 400
178 0 5 1483 0 1487 100 936 200 1433 300 609 400
179 0 5 1280 0 994 100 54 200 526 300 1035 400
180 0 5 582 0 1345 100 157 200 598 300 31 400
181 0 5 166 0 376 100 726 200 876 300 586 400
182 0 5 1021 0 1463 100 108 200 360 300 57 400
183 0 5 1241 0 1157 100 1254 200 173 300 1114 400
184 0 5 260 0 567 100 1242 200 1373 300 1461 400
185 0 5 226 0 1090 100 836 200 1247 300 72 400
186 0 5 1165 0 591 100 1214 200 118 300 233 400
187 0 5 733 0 1446 100 537 200 1294 300 514 400
188 0 5 1464 0 803 100 1132 200 1457 300 1341 400
189 0 5 473 0 1438 100 92 200 1499 300 63 400
190 0 5 1207 0 1323 100 785 200 965 300 283 400
191 0 5 232 0 1362 100 1401 200 296 300 138 400
192 0 5 1389 0 1331 100 1409 200 265 300 1267 400
193 0 5 525 0 697 100 361 200 944 300 659 400
194 0 5 676 0 63 100 1091 200 473 300 700 400
195 0 5 886 0 53 100 276 200 1220 300 1163 400
196 0 5 1070 0 909 100 125 200 1473 300 350 400
197 0 5 1152 0 951 100 1142 200 1386 300 1116 400
198 0 5 1453 0 1219 100 983 200 633 300 844 400
199 0 5 593 0 42 100 297 200 394 300 380 400
200 0 5 203 0 814 100 1228 200 444 300 1017 400
201 0 5 746 0 1330 100 1461 200 1373 300 1500 400
202 0 5 171 0 223 100 1194 200 1475 300 37 400
203 0 5 1017 0 200 100 1228 200 444 300 1293 400
204 0 5 116 0 1359 100 909 200 1169 300 1125 400
205 0 5 908 0 696 100 531 200 992 300 433 400
206 0 5 59 0 594 100 95 200 79 300 1208 400
207 0 5 650 0 668 100 40 200 1312 300 1005 400
208 0 5 981 0 1442 100 478 200 364 300 954 400
209 0 5 583 0 1412 100 1207 200 1301 300 1323 400
210 0 5 1073 0 968 100 1403 200 535 300 1201 400
211 0 5 1165 0 1126 100 587 200 847 300 1163 400
212 0 5 1004 0 947 100 214 200 1203 300 1428 400
213 0 5 679 0 29 100 664 200 500 300 769 400
214 0 5 955 0 212 100 1004 200 947 300 1428 400
215 0 5 681 0 1399 100 1254 200 1056 300 1385 400
216 0 5 367 0 412 100 236 200 120 300 1048 400
217 0 5 514 0 1497 100 599 200 1387 300 50 400
218 0 5 1440 0 110 100 931 200 1240 300 455 400
219 0 5 617 0 1493 100 237 200 221 300 35 400
220 0 5 577 0 799 100 871 200 561 300 818 400
221 0 5 237 0 271 100 219 200 35 300 77 400
222 0 5 457 0 369 100 861 200 826 300 377 400
223 0 5 1194 0 1444 100 202 200 472 300 527 400
224 0 5 1455 0 1427 100 612 200 857 300 1378 400
225 0 5 263 0 285 100 631 200 1196 300 1339 400
226 0 5 185 0 836 100 625 200 1090 300 1247 400
227 0 5 751 0 672 100 121 200 365 300 1061 400
228 0 5 647 0 1090 100 185 200 725 300 412 400
229 0 5 724 0 1482 100 753 200 1395 300 831 400
230 0 5 793 0 764 100 544 200 632 300 738 400
231 0 5 269 0 1176 100 636 200 695 300 786 400
232 0 5 191 0 740 100 117 200 1276 300 138 400
233 0 5 71 0 118 100 1038 200 186 300 1393 400
234 0 5 321 0 411 100 878 200 1270 300 397 400
235 0 5 1363 0 1508 100 1509 200 1293 300 1253 400
236 0 5 1048 0 791 100 216 200 158 300 41 400
237 0 5 104 0 617 100 221 200 801 300 219 400
238 0 5 877 0 1076 100 272 200 1024 300 1123 400
239 0 5 1036 0 1259 100 1459 200 130 300 177 400
240 0 5 317 0 1266 100 133 200 4 300 1353 400
241 0 5 928 0 90 100 1236 200 26 300 1430 400
242 0 5 70 0 841 100 422 200 419 300 775 400
243 0 5 1015 0 64 100 727 200 1337 300 1087 400
244 0 5 69 0 963 100 575 200 787 300 583 400
245 0 5 81 0 1198 100 1482 200 938 300 1053 400
246 0 5 492 0 767 100 387 200 737 300 307 400
247 0 5 1369 0 1233 100 119 200 1272 300 1112 400
248 0 5 608 0 675 100 891 200 289 300 497 400
249 0 5 85 0 1067 100 592 200 652 300 259 400
250 0 5 893 0 1235 100 669 200 1103 300 398 400
251 0 5 1154 0 620 100 62 200 518 300 1166 400
252 0 5 1454 0 1400 100 594 200 257 300 901 400
253 0 5 921 0 1496 100 5 200 145 300 1024 400
254 0 5 1366 0 806 100 1005 200 975 300 938 400
255 0 5 1329 0 1443 100 1158 200 1040 300 1156 400
256 0 5 997 0 1442 100 335 200 6 300 1139 400
257 0 5 901 0 8 100 252 200 80 300 456 400
258 0 5 1319 0 557 100 708 200 267 300 851 400
259 0 5 1226 0 47 100 660 200 249 300 354 400
260 0 5 184 0 10 100 949 200 1373 300 567 400
261 0 5 144 0 1299 100 356 200 25 300 78 400
262 0 5 3 0 1389 100 794 200 192 300 265 400
263 0 5 225 0 698 100 657 200 1481 300 631 400
264 0 5 46 0 635 100 122 200 14 300 712 400
265 0 5 737 0 1409 100 192 200 767 300 262 400
266 0 5 84 0 1068 100 1485 200 1227 300 148 400
267 0 5 708 0 109 100 258 200 1422 300 1319 400
268 0 5 1267 0 298 100 1150 200 1331 300 1234 400
269 0 5 231 0 961 100 842 200 1176 300 172 400
270 0 5 110 0 1349 100 410 200 375 300 745 400
271 0 5 77 0 1450 100 1491 200 221 300 35 400
272 0 5 65 0 1076 100 238 200 1024 300 1095 400
273 0 5 349 0 559 100 1123 200 516 300 934 400
274 0 5 743 0 1041 100 1282 200 588 300 128 400
275 0 5 1307 0 1486 100 584 200 628 300 958 400
276 0 5 195 0 535 100 1163 200 968 300 210 400
277 0 5 1108 0 1450 100 1491 200 502 300 1269 400
278 0 5 550 0 915 100 1392 200 1452 300 1288 400
279 0 5 648 0 425 100 817 200 1202 300 526 400
280 0 5 835 0 1274 100 1303 200 292 300 935 400
281 0 5 843 0 488 100 1195 200 1501 300 1477 400
282 0 5 933 0 1085 100 719 200 914 300 1113 400
283 0 5 1026 0 320 100 785 200 965 300 190 400
284 0 5 912 0 545 100 374 200 563 300 1471 400
285 0 5 1339 0 225 100 1196 200 631 300 1099 400
286 0 5 338 0 103 100 1161 200 463 300 568 400
287 0 5 1215 0 829 100 2 200 137 300 1223 400
288 0 5 318 0 453 100 431 200 152 300 1248 400
289 0 5 734 0 1436 100 608 200 248 300 989 400
290 0 5 971 0 328 100 1361 200 640 300 438 400
291 0 5 797 0 486 100 722 200 123 300 330 400
292 0 5 1274 0 705 100 995 200 1111 300 280 400
293 0 5 1168 0 474 100 1431 200 1443 300 255 400
294 0 5 917 0 632 100 867 200 667 300 128 400
295 0 5 62 0 1186 100 1166 200 620 300 711 400
296 0 5 1238 0 138 100 1401 200 1278 300 191 400
297 0 5 519 0 199 100 1102 200 380 300 1233 400
298 0 5 268 0 1151 100 1285 200 1150 300 1331 400
299 0 5 597 0 1350 100 1212 200 511 300 1200 400
300 0 5 970 0 633 100 472 200 1365 300 87 400
301 0 5 859 0 866 100 508 200 862 300 1105 400
302 0 5 1101 0 1493 100 1294 200 768 300 1010 400
303 0 5 720 0 1273 100 606 200 1075 300 1211 400
304 0 5 1080 0 649 100 916 200 1153 300 996 400
305 0 5 600 0 1164 100 564 200 1480 300 1413 400
306 0 5 807 0 1481 100 326 200 1292 300 1334 400
307 0 5 492 0 927 100 169 200 985 300 246 400
308 0 5 1453 0 1338 100 198 200 633 300 343 400
309 0 5 446 0 993 100 686 200 1025 300 1220 400
310 0 5 378 0 396 100 82 200 648 300 134 400
311 0 5 1079 0 629 100 111 200 1243 300 936 400
312 0 5 1429 0 348 100 466 200 898 300 1421 400
313 0 5 772 0 433 100 1375 200 851 300 522 400
314 0 5 344 0 937 100 927 200 21 300 1145 400
315 0 5 1181 0 376 100 1362 200 740 300 166 400
316 0 5 1134 0 1250 100 982 200 599 300 1146 400
317 0 5 240 0 565 100 1028 200 1372 300 1235 400
318 0 5 288 0 431 100 509 200 109 300 453 400
319 0 5 156 0 99 100 1084 200 729 300 1072 400
320 0 5 283 0 785 100 1026 200 371 300 1367 400
321 0 5 1270 0 234 100 1420 200 863 300 1348 400
322 0 5 1107 0 1081 100 865 200 924 300 435 400
323 0 5 1167 0 1381 100 346 200 1252 300 414 400
324 0 5 860 0 164 100 384 200 159 300 560 400
325 0 5 883 0 432 100 1302 200 819 300 554 400
326 0 5 1069 0 1292 100 306 200 382 300 148 400
327 0 5 879 0 1137 100 630 200 475 300 786 400
328 0 5 438 0 290 100 384 200 159 300 971 400
329 0 5 692 0 362 100 1448 200 571 300 466 400
330 0 5 1260 0 1479 100 796 200 1008 300 461 400
331 0 5 575 0 965 100 1412 200 1312 300 998 400
332 0 5 408 0 1066 100 638 200 709 300 458 400
333 0 5 995 0 1027 100 705 200 529 300 826 400
334 0 5 953 0 760 100 536 200 552 300 987 400
335 0 5 6 0 256 100 997 200 415 300 1139 400
336 0 5 391 0 1136 100 979 200 1027 300 1449 400
337 0 5 742 0 540 100 1098 200 606 300 517 400
338 0 5 286 0 463 100 896 200 1035 300 1213 400
339 0 5 484 0 138 100 1276 200 1171 300 1371 400
340 0 5 1013 0 1065 100 1285 200 697 300 659 400
341 0 5 929 0 943 100 645 200 12 300 603 400
342 0 5 688 0 897 100 1382 200 739 300 1418 400
343 0 5 1410 0 633 100 1338 200 300 300 1453 400
344 0 5 628 0 314 100 584 200 1145 300 1486 400
345 0 5 861 0 678 100 1149 200 639 300 369 400
346 0 5 83 0 323 100 1167 200 1252 300 1381 400
347 0 5 1408 0 151 100 1054 200 169 300 21 400
348 0 5 312 0 1448 100 1429 200 466 300 898 400
349 0 5 273 0 1167 100 1173 200 1381 300 323 400
350 0 5 1473 0 852 100 196 200 964 300 1201 400
351 0 5 993 0 1214 100 854 200 825 300 1437 400
352 0 5 445 0 685 100 808 200 542 300 1472 400
353 0 5 130 0 652 100 763 200 177 300 465 400
354 0 5 756 0 1226 100 1232 200 918 300 127 400
355 0 5 1488 0 495 100 701 200 1328 300 749 400
356 0 5 424 0 901 100 1060 200 261 300 8 400
357 0 5 1009 0 1243 100 1281 200 936 300 162 400
358 0 5 704 0 1050 100 856 200 1407 300 462 400
359 0 5 664 0 477 100 1275 200 1284 300 213 400
360 0 5 108 0 182 100 1130 200 1463 300 57 400
361 0 5 532 0 880 100 193 200 944 300 525 400
362 0 5 329 0 571 100 1448 200 692 300 830 400
363 0 5 77 0 500 100 213 200 59 300 29 400
364 0 5 872 0 1184 100 728 200 981 300 954 400
365 0 5 121 0 1061 100 227 200 754 300 153 400
366 0 5 1255 0 1088 100 1171 200 459 300 1276 400
367 0 5 216 0 120 100 1288 200 915 300 1392 400
368 0 5 1345 0 1258 100 31 200 1193 300 811 400
369 0 5 529 0 222 100 826 200 678 300 457 400
370 0 5 962 0 731 100 902 200 735 300 1484 400
371 0 5 727 0 882 100 1026 200 320 300 1312 400
372 0 5 587 0 570 100 386 200 22 300 1169 400
373 0 5 1379 0 618 100 513 200 362 300 830 400
374 0 5 1193 0 545 100 482 200 284 300 1471 400
375 0 5 1062 0 1349 100 110 200 270 300 1240 400
376 0 5 315 0 181 100 876 200 1181 300 166 400
377 0 5 457 0 826 100 141 200 1118 300 222 400
378 0 5 1289 0 310 100 383 200 396 300 681 400
379 0 5 919 0 1053 100 938 200 1153 300 1398 400
380 0 5 42 0 1102 100 385 200 297 300 199 400
381 0 5 1031 0 1209 100 498 200 903 300 1415 400
382 0 5 702 0 148 100 326 200 1324 300 1292 400
383 0 5 1217 0 1289 100 378 200 656 300 173 400
384 0 5 1230 0 328 100 159 200 860 300 324 400
385 0 5 1483 0 1102 100 380 200 1433 300 119 400
386 0 5 22 0 587 100 372 200 1038 300 1165 400
387 0 5 406 0 1307 100 246 200 958 300 767 400
388 0 5 1352 0 1148 100 1022 200 94 300 578 400
389 0 5 1377 0 966 100 404 200 450 300 1313 400
390 0 5 1106 0 897 100 790 200 764 300 730 400
391 0 5 336 0 979 100 1449 200 1136 300 468 400
392 0 5 1275 0 478 100 981 200 1284 300 1130 400
393 0 5 1265 0 427 100 752 200 2 300 1129 400
394 0 5 593 0 766 100 199 200 154 300 796 400
395 0 5 607 0 1441 100 1218 200 916 300 1414 400
396 0 5 681 0 310 100 1029 200 82 300 378 400
397 0 5 878 0 104 100 221 200 411 300 234 400
398 0 5 1100 0 1340 100 1263 200 669 300 1103 400
399 0 5 1471 0 1023 100 809 200 374 300 818 400
400 0 5 1458 0 160 100 754 200 1061 300 1006 400
401 0 5 1329 0 1474 100 1168 200 589 300 1158 400
402 0 5 997 0 364 100 256 200 1442 300 872 400
403 0 5 41 0 840 100 1430 200 158 300 90 400
404 0 5 1377 0 966 100 905 200 389 300 621 400
405 0 5 1170 0 533 100 1456 200 651 300 942 400
406 0 5 1304 0 387 100 958 200 880 300 1307 400
407 0 5 1318 0 850 100 429 200 744 300 522 400
408 0 5 1495 0 332 100 458 200 1066 300 638 400
409 0 5 551 0 791 100 1424 200 634 300 1099 400
410 0 5 1135 0 48 100 110 200 270 300 984 400
411 0 5 878 0 1000 100 234 200 397 300 801 400
412 0 5 840 0 216 100 90 200 41 300 647 400
413 0 5 824 0 962 100 1484 200 1025 300 774 400
414 0 5 115 0 1381 100 323 200 1252 300 823 400
415 0 5 6 0 335 100 256 200 454 300 997 400
416 0 5 1432 0 74 100 476 200 536 300 1083 400
417 0 5 1367 0 727 100 243 200 1379 300 618 400
418 0 5 493 0 673 100 967 200 549 300 1240 400
419 0 5 1332 0 721 100 841 200 920 300 242 400
420 0 5 504 0 758 100 1206 200 1187 300 814 400
421 0 5 922 0 1155 100 1403 200 93 300 968 400
422 0 5 833 0 846 100 1322 200 242 300 841 400
423 0 5 1245 0 1172 100 170 200 691 300 1383 400
424 0 5 356 0 78 100 1060 200 875 300 144 400
425 0 5 957 0 121 100 751 200 153 300 279 400
426 0 5 1140 0 1109 100 906 200 707 300 1489 400
427 0 5 1223 0 1265 100 393 200 884 300 752 400
428 0 5 1430 0 1239 100 449 200 241 300 41 400
429 0 5 744 0 51 100 407 200 1122 300 759 400
430 0 5 481 0 683 100 42 200 722 300 505 400
431 0 5 109 0 318 100 708 200 661 300 509 400
432 0 5 91 0 325 100 819 200 883 300 1398 400
433 0 5 313 0 979 100 391 200 696 300 1136 400
434 0 5 619 0 1374 100 1051 200 768 300 781 400
435 0 5 626 0 865 100 941 200 75 300 1077 400
436 0 5 44 0 590 100 30 200 644 300 114 400
437 0 5 467 0 89 100 1301 200 787 300 69 400
438 0 5 328 0 887 100 159 200 640 300 290 400
439 0 5 945 0 523 100 601 200 1000 300 38 400
440 0 5 1325 0 1315 100 1375 200 716 300 974 400
441 0 5 1481 0 1069 100 1360 200 326 300 1074 400
442 0 5 1364 0 741 100 1078 200 133 300 986 400
443 0 5 460 0 1183 100 703 200 37 300 614 400
444 0 5 758 0 1293 100 203 200 1470 300 558 400
445 0 5 352 0 1058 100 685 200 67 300 1472 400
446 0 5 993 0 309 100 1025 200 521 300 351 400
447 0 5 895 0 1392 100 836 200 550 300 1288 400
448 0 5 609 0 735 100 162 200 1009 300 1281 400
449 0 5 1540 0 1 100 428 200 928 300 1118 400
450 0 5 1377 0 656 100 654 200 389 300 404 400
451 0 5 789 0 596 100 489 200 1152 300 1142 400
452 0 5 1229 0 1277 100 625 200 615 300 28 400
453 0 5 19 0 288 100 813 200 318 300 509 400
454 0 5 1175 0 27 100 152 200 6 300 1290 400
455 0 5 1440 0 776 100 931 200 485 300 218 400
456 0 5 988 0 8 100 429 200 1344 300 144 400
457 0 5 222 0 377 100 826 200 141 300 861 400
458 0 5 1066 0 959 100 145 200 1370 300 408 400
459 0 5 24 0 1255 100 972 200 1171 300 366 400
460 0 5 573 0 703 100 443 200 614 300 171 400
461 0 5 1480 0 486 100 509 200 600 300 1008 400
462 0 5 89 0 1050 100 358 200 209 300 704 400
463 0 5 1035 0 548 100 1161 200 338 300 286 400
464 0 5 1296 0 1494 100 1364 200 1033 300 1078 400
465 0 5 827 0 627 100 763 200 592 300 353 400
466 0 5 898 0 1448 100 348 200 1127 300 513 400
467 0 5 1301 0 437 100 787 200 583 300 575 400
468 0 5 939 0 1449 100 1172 200 531 300 391 400
469 0 5 788 0 1437 100 351 200 854 300 709 400
470 0 5 1190 0 590 100 172 200 543 300 44 400
471 0 5 918 0 718 100 1390 200 1072 300 1188 400
472 0 5 910 0 1194 100 1444 200 92 300 112 400
473 0 5 189 0 63 100 1438 200 194 300 572 400
474 0 5 1156 0 899 100 293 200 1402 300 1329 400
475 0 5 1075 0 613 100 96 200 303 300 630 400
476 0 5 745 0 416 100 74 200 1432 300 723 400
477 0 5 1442 0 822 100 78 200 664 300 1003 400
478 0 5 1130 0 981 100 392 200 624 300 954 400
479 0 5 76 0 1022 100 1352 200 565 300 1372 400
480 0 5 982 0 1146 100 18 200 1015 300 50 400
481 0 5 683 0 17 100 430 200 505 300 131 400
482 0 5 545 0 890 100 374 200 538 300 1462 400
483 0 5 1012 0 1313 100 539 200 160 300 1225 400
484 0 5 339 0 1371 100 1276 200 1171 300 1088 400
485 0 5 848 0 931 100 745 200 776 300 455 400
486 0 5 461 0 291 100 797 200 722 300 19 400
487 0 5 849 0 611 100 1089 200 1133 300 1271 400
488 0 5 843 0 281 100 1477 200 1195 300 984 400
489 0 5 1426 0 596 100 451 200 789 300 266 400
490 0 5 131 0 17 100 683 200 122 300 481 400
491 0 5 909 0 1131 100 116 200 1308 300 1359 400
492 0 5 307 0 246 100 737 200 767 300 927 400
493 0 5 1316 0 418 100 777 200 967 300 554 400
494 0 5 2 0 888 100 1384 200 750 300 39 400
495 0 5 355 0 1141 100 1439 200 926 300 1383 400
496 0 5 1445 0 172 100 1222 200 44 300 889 400
497 0 5 23 0 891 100 699 200 248 300 9 400
498 0 5 1202 0 1209 100 1415 200 381 300 54 400
499 0 5 742 0 715 100 837 200 63 300 952 400
500 0 5 769 0 29 100 363 200 213 300 77 400
501 0 5 706 0 1067 100 692 200 1421 300 856 400
502 0 5 1208 0 603 100 277 200 943 300 79 400
503 0 5 135 0 122 100 1487 200 507 300 264 400
504 0 5 420 0 1206 100 930 200 164 300 1230 400
505 0 5 481 0 430 100 728 200 402 300 997 400
506 0 5 161 0 923 100 799 200 809 300 220 400
507 0 5 135 0 1487 100 503 200 1483 300 178 400
508 0 5 845 0 1052 100 859 200 301 300 1320 400
509 0 5 318 0 461 100 431 200 600 300 486 400
510 0 5 771 0 1422 100 1413 200 267 300 600 400
511 0 5 934 0 597 100 1350 200 97 300 299 400
512 0 5 1154 0 1147 100 1244 200 1343 300 682 400
513 0 5 830 0 1146 100 571 200 1379 300 362 400
514 0 5 217 0 1446 100 1387 200 537 300 187 400
515 0 5 534 0 1093 100 751 200 782 300 1376 400
516 0 5 823 0 559 100 541 200 1381 300 273 400
517 0 5 644 0 540 100 114 200 606 300 337 400
518 0 5 1200 0 873 100 251 200 1147 300 620 400
519 0 5 297 0 1102 100 380 200 199 300 119 400
520 0 5 522 0 759 100 139 200 557 300 51 400
521 0 5 913 0 1437 100 638 200 351 300 446 400
522 0 5 1002 0 520 100 759 200 407 300 772 400
523 0 5 601 0 439 100 533 200 801 300 945 400
524 0 5 1495 0 786 100 1143 200 1472 300 1058 400
525 0 5 193 0 581 100 697 200 361 300 880 400
526 0 5 1280 0 54 100 179 200 548 300 1035 400
527 0 5 1444 0 37 100 112 200 946 300 472 400
528 0 5 948 0 1064 100 553 200 1220 300 162 400
529 0 5 1027 0 369 100 333 200 995 300 826 400
530 0 5 933 0 743 100 1358 200 867 300 274 400
531 0 5 939 0 696 100 468 200 205 300 1245 400
532 0 5 1322 0 361 100 944 200 846 300 1256 400
533 0 5 405 0 38 100 1083 200 523 300 601 400
534 0 5 515 0 1376 100 957 200 155 300 425 400
535 0 5 140 0 1073 100 276 200 610 300 210 400
536 0 5 977 0 1432 100 892 200 334 300 416 400
537 0 5 694 0 187 100 599 200 514 300 1446 400
538 0 5 1277 0 1462 100 890 200 13 300 1162 400
539 0 5 1012 0 616 100 666 200 483 300 1458 400
540 0 5 337 0 517 100 976 200 114 300 1271 400
541 0 5 877 0 1406 100 32 200 1024 300 7 400
542 0 5 1489 0 906 100 1140 200 808 300 352 400
543 0 5 96 0 1190 100 644 200 1211 300 470 400
544 0 5 1396 0 730 100 230 200 764 300 738 400
545 0 5 482 0 890 100 563 200 374 300 284 400
546 0 5 1121 0 1335 100 1169 200 1435 300 747 400
547 0 5 659 0 174 100 150 200 102 300 70 400
548 0 5 1161 0 463 100 1280 200 1035 300 526 400
549 0 5 1044 0 1240 100 673 200 418 300 967 400
550 0 5 278 0 1392 100 895 200 1288 300 915 400
551 0 5 409 0 634 100 1099 200 1424 300 641 400
552 0 5 1336 0 760 100 1297 200 334 300 1037 400
553 0 5 1064 0 528 100 1220 200 1025 300 1397 400
554 0 5 805 0 1316 100 883 200 777 300 1182 400
555 0 5 637 0 747 100 570 200 1121 300 587 400
556 0 5 1042 0 71 100 1393 200 1109 300 118 400
557 0 5 851 0 1319 100 258 200 139 300 520 400
558 0 5 569 0 1465 100 1470 200 1293 300 444 400
559 0 5 7 0 516 100 273 200 541 300 1381 400
560 0 5 887 0 780 100 1475 200 792 300 159 400
561 0 5 713 0 923 100 973 200 220 300 799 400
562 0 5 1279 0 595 100 1469 200 67 300 1176 400
563 0 5 86 0 545 100 890 200 1391 300 284 400
564 0 5 1115 0 1063 100 98 200 1164 300 1413 400
565 0 5 1028 0 1372 100 94 200 317 300 1022 400
566 0 5 1235 0 1353 100 1357 200 142 300 838 400
567 0 5 1242 0 184 100 949 200 260 300 10 400
568 0 5 1127 0 896 100 18 200 338 300 286 400
569 0 5 61 0 1470 100 558 200 1431 300 1465 400
570 0 5 372 0 747 100 555 200 1335 300 587 400
571 0 5 830 0 362 100 513 200 1448 300 329 400
572 0 5 1378 0 857 100 1091 200 473 300 1438 400
573 0 5 1419 0 460 100 849 200 443 300 614 400
574 0 5 1020 0 1098 100 1237 200 720 300 700 400
575 0 5 331 0 583 100 244 200 1301 300 209 400
576 0 5 1030 0 955 100 816 200 1138 300 1016 400
577 0 5 220 0 799 100 871 200 1351 300 818 400
578 0 5 795 0 1148 100 167 200 1297 300 388 400
579 0 5 22 0 1038 100 71 200 372 300 386 400
580 0 5 80 0 1344 100 855 200 1055 300 1447 400
581 0 5 1304 0 525 100 1221 200 697 300 193 400
582 0 5 180 0 157 100 1452 200 784 300 915 400
583 0 5 209 0 575 100 1301 200 1412 300 89 400
584 0 5 1061 0 275 100 672 200 344 300 628 400
585 0 5 1104 0 622 100 970 200 792 300 910 400
586 0 5 900 0 790 100 1011 200 897 300 726 400
587 0 5 372 0 386 100 211 200 570 300 1126 400
588 0 5 1282 0 1096 100 1148 200 1041 300 274 400
589 0 5 1474 0 1431 100 1158 200 401 300 1168 400
590 0 5 436 0 470 100 30 200 644 300 44 400
591 0 5 118 0 1214 100 186 200 825 300 1191 400
592 0 5 969 0 652 100 763 200 249 300 465 400
593 0 5 394 0 199 100 297 200 711 300 766 400
594 0 5 206 0 1454 100 59 200 502 300 1400 400
595 0 5 685 0 58 100 562 200 1469 300 1279 400
596 0 5 489 0 1152 100 36 200 451 300 197 400
597 0 5 299 0 511 100 97 200 687 300 1212 400
598 0 5 773 0 180 100 157 200 641 300 31 400
599 0 5 50 0 316 100 537 200 217 300 1497 400
600 0 5 305 0 1480 100 461 200 1164 300 564 400
601 0 5 523 0 439 100 801 200 1456 300 533 400
602 0 5 1121 0 1295 100 1473 200 1125 300 555 400
603 0 5 502 0 943 100 999 200 341 300 1108 400
604 0 5 1318 0 1055 100 744 200 850 300 429 400
605 0 5 732 0 1034 100 848 200 1185 300 74 400
606 0 5 1211 0 644 100 303 200 517 300 337 400
607 0 5 9 0 1441 100 395 200 23 300 1456 400
608 0 5 248 0 289 100 989 200 23 300 497 400
609 0 5 1433 0 448 100 1009 200 119 300 178 400
610 0 5 1326 0 140 100 535 200 1385 300 629 400
611 0 5 614 0 487 100 1286 200 1133 300 1419 400
612 0 5 1373 0 1427 100 224 200 1455 300 810 400
613 0 5 96 0 475 100 1190 200 543 300 172 400
614 0 5 932 0 611 100 443 200 1490 300 1286 400
615 0 5 1162 0 28 100 452 200 1346 300 1391 400
616 0 5 539 0 1404 100 666 200 833 300 1094 400
617 0 5 219 0 237 100 1010 200 1493 300 1436 400
618 0 5 373 0 785 100 1379 200 1367 300 362 400
619 0 5 434 0 781 100 1374 200 1051 300 1355 400
620 0 5 251 0 1166 100 1212 200 518 300 1154 400
621 0 5 869 0 1388 100 905 200 404 300 654 400
622 0 5 585 0 792 100 970 200 1104 300 105 400
623 0 5 998 0 806 100 1005 200 1312 300 1482 400
624 0 5 478 0 1032 100 1355 200 1130 300 954 400
625 0 5 935 0 1229 100 452 200 836 300 72 400
626 0 5 435 0 667 100 75 200 793 300 1077 400
627 0 5 1039 0 465 100 101 200 802 300 592 400
628 0 5 1486 0 344 100 1145 200 584 300 275 400
629 0 5 1243 0 311 100 765 200 111 300 1326 400
630 0 5 959 0 1075 100 879 200 1273 300 1370 400
631 0 5 1334 0 1196 100 225 200 285 300 132 400
632 0 5 738 0 294 100 1128 200 230 300 867 400
633 0 5 343 0 105 100 1453 200 970 300 300 400
634 0 5 551 0 1339 100 1099 200 1196 300 285 400
635 0 5 1298 0 264 100 1306 200 712 300 46 400
636 0 5 695 0 1176 100 231 200 786 300 1137 400
637 0 5 555 0 93 100 1295 200 847 300 747 400
638 0 5 1496 0 332 100 1498 200 709 300 1437 400
639 0 5 1149 0 1172 100 345 200 678 300 1253 400
640 0 5 1007 0 105 100 1361 200 438 300 290 400
641 0 5 1424 0 157 100 1196 200 773 300 598 400
642 0 5 1321 0 1291 100 691 200 1314 300 170 400
643 0 5 1447 0 95 100 901 200 684 300 594 400
644 0 5 517 0 1211 100 606 200 543 300 590 400
645 0 5 929 0 665 100 1297 200 341 300 12 400
646 0 5 816 0 1030 100 1138 200 820 300 994 400
647 0 5 1236 0 228 100 1090 200 412 300 840 400
648 0 5 134 0 310 100 279 200 817 300 82 400
649 0 5 996 0 956 100 304 200 1080 300 1302 400
650 0 5 1087 0 207 100 1337 200 668 300 989 400
651 0 5 942 0 956 100 1170 200 1456 300 1182 400
652 0 5 763 0 592 100 353 200 85 300 249 400
653 0 5 14 0 34 100 46 200 17 300 264 400
654 0 5 1388 0 869 100 450 200 656 300 173 400
655 0 5 87 0 1410 100 60 200 1338 300 1492 400
656 0 5 173 0 450 100 1217 200 654 300 1289 400
657 0 5 807 0 698 100 263 200 306 300 1334 400
658 0 5 971 0 885 100 844 200 1219 300 1046 400
659 0 5 547 0 1013 100 102 200 193 300 1285 400
660 0 5 47 0 1199 100 259 200 39 300 969 400
661 0 5 708 0 431 100 109 200 670 300 288 400
662 0 5 154 0 796 100 394 200 766 300 42 400
663 0 5 889 0 710 100 1057 200 113 300 172 400
664 0 5 359 0 213 100 1060 200 477 300 78 400
665 0 5 55 0 645 100 1297 200 1336 300 1037 400
666 0 5 616 0 1094 100 1458 200 1404 300 539 400
667 0 5 917 0 626 100 75 200 294 300 793 400
668 0 5 40 0 207 100 1005 200 1312 300 650 400
669 0 5 250 0 398 100 893 200 1340 300 94 400
670 0 5 1180 0 1122 100 874 200 51 300 258 400
671 0 5 73 0 1141 100 992 200 1115 300 56 400
672 0 5 782 0 227 100 584 200 1093 300 751 400
673 0 5 1044 0 549 100 418 200 967 300 1440 400
674 0 5 43 0 1033 100 779 200 1353 300 142 400
675 0 5 1436 0 891 100 248 200 289 300 497 400
676 0 5 194 0 700 100 63 200 742 300 1098 400
677 0 5 810 0 1252 100 857 200 1427 300 83 400
678 0 5 345 0 1449 100 639 200 1172 300 369 400
679 0 5 146 0 213 100 1060 200 1400 300 664 400
680 0 5 125 0 905 100 1257 200 1476 300 404 400
681 0 5 215 0 396 100 1029 200 1056 300 82 400
682 0 5 1260 0 1008 100 701 200 1479 300 62 400
683 0 5 490 0 131 100 481 200 17 300 430 400
684 0 5 95 0 943 100 643 200 76 300 1447 400
685 0 5 595 0 352 100 1279 200 445 300 562 400
686 0 5 309 0 1220 100 53 200 553 300 886 400
687 0 5 1159 0 597 100 1212 200 731 300 97 400
688 0 5 342 0 876 100 1011 200 1382 300 1238 400
689 0 5 91 0 1398 100 831 200 819 300 753 400
690 0 5 726 0 862 100 1105 200 900 300 301 400
691 0 5 800 0 1291 100 170 200 642 300 1314 400
692 0 5 329 0 1451 100 706 200 501 300 362 400
693 0 5 1283 0 1033 100 464 200 912 300 1494 400
694 0 5 820 0 537 100 907 200 187 300 733 400
695 0 5 1137 0 636 100 231 200 786 300 327 400
696 0 5 205 0 531 100 908 200 939 300 433 400
697 0 5 1065 0 525 100 193 200 581 300 340 400
698 0 5 657 0 263 100 1334 200 631 300 306 400
699 0 5 891 0 497 100 801 200 9 300 675 400
700 0 5 676 0 742 100 1098 200 1020 300 194 400
701 0 5 749 0 1343 100 682 200 355 300 1244 400
702 0 5 382 0 1074 100 778 200 1324 300 1360 400
703 0 5 1183 0 460 100 1368 200 443 300 175 400
704 0 5 358 0 839 100 856 200 1050 300 925 400
705 0 5 995 0 1111 100 333 200 292 300 1274 400
706 0 5 501 0 1067 100 856 200 692 300 1421 400
707 0 5 854 0 906 100 825 200 1264 300 1191 400
708 0 5 661 0 267 100 258 200 431 300 109 400
709 0 5 788 0 854 100 1264 200 638 300 332 400
710 0 5 113 0 1222 100 663 200 889 300 1445 400
711 0 5 1233 0 1272 100 1425 200 1166 300 593 400
712 0 5 1029 0 635 100 1306 200 126 300 396 400
713 0 5 973 0 561 100 1394 200 717 300 923 400
714 0 5 1068 0 1334 100 798 200 148 300 306 400
715 0 5 837 0 757 100 499 200 1286 300 832 400
716 0 5 1325 0 1468 100 440 200 1303 300 1315 400
717 0 5 1394 0 66 100 871 200 713 300 561 400
718 0 5 471 0 918 100 821 200 1429 300 1232 400
719 0 5 914 0 1113 100 1085 200 36 300 282 400
720 0 5 303 0 1024 100 1273 200 32 300 1237 400
721 0 5 419 0 1092 100 841 200 1177 300 1332 400
722 0 5 123 0 430 100 291 200 486 300 796 400
723 0 5 834 0 1467 100 1135 200 745 300 476 400
724 0 5 229 0 963 100 831 200 753 300 1482 400
725 0 5 1118 0 1236 100 928 200 141 300 377 400
726 0 5 690 0 900 100 181 200 20 300 586 400
727 0 5 64 0 1367 100 371 200 417 300 882 400
728 0 5 1184 0 107 100 1203 200 364 300 481 400
729 0 5 127 0 1072 100 319 200 918 300 471 400
730 0 5 764 0 544 100 1396 200 390 300 33 400
731 0 5 902 0 1159 100 370 200 962 300 1484 400
732 0 5 605 0 74 100 1185 200 848 300 1034 400
733 0 5 907 0 187 100 1294 200 537 300 694 400
734 0 5 1010 0 289 100 1436 200 1387 300 881 400
735 0 5 162 0 370 100 448 200 902 300 1064 400
736 0 5 1262 0 1204 100 106 200 16 300 1324 400
737 0 5 265 0 1409 100 767 200 246 300 492 400
738 0 5 632 0 1128 100 1116 200 1396 300 544 400
739 0 5 1418 0 1081 100 1382 200 828 300 342 400
740 0 5 143 0 232 100 315 200 1362 300 191 400
741 0 5 986 0 1364 100 442 200 1423 300 978 400
742 0 5 499 0 337 100 700 200 1098 300 952 400
743 0 5 274 0 530 100 128 200 867 300 917 400
744 0 5 1055 0 988 100 429 200 604 300 407 400
745 0 5 476 0 485 100 931 200 723 300 110 400
746 0 5 149 0 201 100 1461 200 1330 300 1341 400
747 0 5 570 0 555 100 1335 200 546 300 1121 400
748 0 5 1160 0 1309 100 1077 200 941 300 864 400
749 0 5 1019 0 701 100 1343 200 1328 300 1244 400
750 0 5 1384 0 794 100 176 200 888 300 494 400
751 0 5 227 0 782 100 1093 200 515 300 672 400
752 0 5 1129 0 2 100 393 200 1265 300 427 400
753 0 5 831 0 1395 100 724 200 229 300 100 400
754 0 5 1231 0 160 100 153 200 1061 300 400 400
755 0 5 1497 0 1015 100 50 200 243 300 217 400
756 0 5 354 0 47 100 39 200 1084 300 259 400
757 0 5 715 0 1490 100 932 200 832 300 499 400
758 0 5 420 0 444 100 1206 200 61 300 814 400
759 0 5 522 0 520 100 407 200 429 300 51 400
760 0 5 987 0 1268 100 334 200 552 300 960 400
761 0 5 1264 0 783 100 762 200 165 300 709 400
762 0 5 165 0 783 100 761 200 1264 300 808 400
763 0 5 652 0 592 100 465 200 353 300 627 400
764 0 5 730 0 230 100 390 200 544 300 1287 400
765 0 5 1243 0 629 100 1281 200 1261 300 1326 400
766 0 5 394 0 593 100 154 200 796 300 662 400
767 0 5 1409 0 246 100 737 200 387 300 492 400
768 0 5 434 0 1101 100 1051 200 1374 300 302 400
769 0 5 500 0 57 100 29 200 213 300 1275 400
770 0 5 1249 0 1177 100 1092 200 721 300 966 400
771 0 5 510 0 908 100 1413 200 1422 300 98 400
772 0 5 313 0 851 100 522 200 1002 300 557 400
773 0 5 1251 0 598 100 641 200 132 300 31 400
774 0 5 1397 0 824 100 413 200 553 300 962 400
775 0 5 1434 0 1110 100 174 200 70 300 422 400
776 0 5 455 0 967 100 485 200 848 300 1034 400
777 0 5 870 0 967 100 1316 200 52 300 805 400
778 0 5 16 0 702 100 1074 200 1324 300 382 400
779 0 5 1078 0 1353 100 1033 200 674 300 43 400
780 0 5 175 0 1475 100 560 200 1368 300 171 400
781 0 5 1032 0 619 100 434 200 108 300 768 400
782 0 5 1093 0 672 100 751 200 515 300 227 400
783 0 5 762 0 761 100 1264 200 165 300 906 400
784 0 5 157 0 915 100 120 200 582 300 1424 400
785 0 5 320 0 283 100 190 200 965 300 618 400
786 0 5 524 0 1143 100 1176 200 636 300 1137 400
787 0 5 69 0 467 100 437 200 575 300 244 400
788 0 5 469 0 709 100 854 200 351 300 1437 400
789 0 5 451 0 1204 100 136 200 489 300 1142 400
790 0 5 866 0 586 100 897 200 390 300 900 400
791 0 5 409 0 236 100 1048 200 551 300 158 400
792 0 5 622 0 105 100 970 200 560 300 633 400
793 0 5 230 0 1287 100 626 200 764 300 667 400
794 0 5 750 0 1084 100 1384 200 99 300 1354 400
795 0 5 960 0 578 100 1148 200 1268 300 388 400
796 0 5 662 0 330 100 394 200 766 300 722 400
797 0 5 291 0 486 100 330 200 722 300 288 400
798 0 5 132 0 714 100 1334 200 1405 300 1068 400
799 0 5 220 0 818 100 577 200 1023 300 506 400
800 0 5 691 0 1460 100 1439 200 1314 300 170 400
801 0 5 1000 0 237 100 104 200 699 300 945 400
802 0 5 137 0 1039 100 627 200 101 300 287 400
803 0 5 188 0 1457 100 1464 200 149 300 1341 400
804 0 5 1365 0 1492 100 1438 200 92 300 1378 400
805 0 5 1182 0 554 100 956 200 777 300 883 400
806 0 5 254 0 938 100 623 200 1005 300 245 400
807 0 5 657 0 306 100 1481 200 326 300 1334 400
808 0 5 1472 0 165 100 352 200 542 300 1058 400
809 0 5 161 0 399 100 1023 200 1471 300 506 400
810 0 5 677 0 1427 100 857 200 612 300 224 400
811 0 5 1258 0 1144 100 818 200 368 300 31 400
812 0 5 1259 0 85 100 177 200 1067 300 980 400
813 0 5 123 0 19 100 453 200 486 300 152 400
814 0 5 1187 0 1228 100 200 200 1014 300 758 400
815 0 5 56 0 904 100 1141 200 495 300 926 400
816 0 5 1138 0 646 100 1030 200 576 300 955 400
817 0 5 153 0 134 100 1231 200 648 300 279 400
818 0 5 799 0 811 100 1023 200 1144 300 1342 400
819 0 5 1153 0 1398 100 689 200 91 300 883 400
820 0 5 694 0 907 100 1138 200 646 300 537 400
821 0 5 1232 0 1421 100 718 200 1429 300 918 400
822 0 5 78 0 477 100 1299 200 424 300 1139 400
823 0 5 516 0 115 100 1020 200 414 300 1237 400
824 0 5 413 0 774 100 1397 200 962 300 1025 400
825 0 5 1191 0 1214 100 707 200 854 300 591 400
826 0 5 72 0 457 100 377 200 1247 300 141 400
827 0 5 101 0 465 100 627 200 353 300 802 400
828 0 5 1278 0 924 100 1382 200 1081 300 739 400
829 0 5 168 0 1215 100 1223 200 287 300 137 400
830 0 5 571 0 513 100 362 200 1448 300 373 400
831 0 5 753 0 689 100 963 200 724 300 229 400
832 0 5 946 0 112 100 1499 200 1490 300 757 400
833 0 5 1404 0 422 100 1094 200 1322 300 666 400
834 0 5 953 0 723 100 1467 200 1160 300 334 400
835 0 5 280 0 1303 100 1346 200 1274 300 1468 400
836 0 5 226 0 185 100 1229 200 625 300 447 400
837 0 5 952 0 715 100 499 200 1286 300 742 400
838 0 5 1357 0 1174 100 1283 200 142 300 506 400
839 0 5 925 0 1451 100 704 200 1050 300 856 400
840 0 5 90 0 412 100 41 200 403 300 647 400
841 0 5 242 0 721 100 422 200 1092 300 419 400
842 0 5 961 0 269 100 172 200 231 300 1176 400
843 0 5 488 0 1477 100 281 200 24 300 984 400
844 0 5 1402 0 1219 100 658 200 1046 300 198 400
845 0 5 1052 0 508 100 88 200 106 300 68 400
846 0 5 1434 0 422 100 1256 200 1110 300 1322 400
847 0 5 1126 0 1163 100 968 200 93 300 211 400
848 0 5 1034 0 485 100 605 200 776 300 732 400
849 0 5 487 0 1419 100 611 200 573 300 443 400
850 0 5 1318 0 407 100 1002 200 974 300 604 400
851 0 5 557 0 772 100 1319 200 258 300 1422 400
852 0 5 1201 0 350 100 1473 200 1403 300 1295 400
853 0 5 973 0 1263 100 1311 200 1103 300 1224 400
854 0 5 707 0 709 100 788 200 351 300 825 400
855 0 5 1266 0 580 100 1447 200 4 300 240 400
856 0 5 1043 0 358 100 704 200 706 300 980 400
857 0 5 572 0 1091 100 677 200 224 300 1378 400
858 0 5 1097 0 113 100 1057 200 1317 300 1222 400
859 0 5 301 0 508 100 1380 200 1052 300 68 400
860 0 5 159 0 324 100 384 200 560 300 887 400
861 0 5 1502 0 1 100 345 200 222 300 377 400
862 0 5 1105 0 690 100 301 200 900 300 726 400
863 0 5 1420 0 1108 100 1270 200 1269 300 321 400
864 0 5 1411 0 163 100 1041 200 748 300 1268 400
865 0 5 435 0 941 100 322 200 924 300 75 400
866 0 5 900 0 790 100 301 200 586 300 390 400
867 0 5 294 0 743 100 1128 200 530 300 917 400
868 0 5 1070 0 1476 100 125 200 909 300 1257 400
869 0 5 1388 0 621 100 654 200 905 300 404 400
870 0 5 777 0 52 100 651 200 942 300 1182 400
871 0 5 1351 0 577 100 220 200 1086 300 717 400
872 0 5 364 0 997 100 402 200 256 300 728 400
873 0 5 1192 0 949 100 518 200 1173 300 1350 400
874 0 5 144 0 1180 100 670 200 875 300 261 400
875 0 5 874 0 1327 100 950 200 261 300 1300 400
876 0 5 1011 0 688 100 376 200 1401 300 1238 400
877 0 5 238 0 1406 100 541 200 1123 300 1024 400
878 0 5 411 0 397 100 234 200 104 300 1000 400
879 0 5 327 0 630 100 959 200 1495 300 786 400
880 0 5 1347 0 361 100 1006 200 525 300 532 400
881 0 5 989 0 1387 100 289 200 734 300 1087 400
882 0 5 1059 0 64 100 371 200 727 300 1337 400
883 0 5 325 0 554 100 1302 200 805 300 819 400
884 0 5 168 0 1223 100 1265 200 427 300 393 400
885 0 5 1046 0 658 100 1361 200 971 300 640 400
886 0 5 53 0 195 100 1220 200 686 300 948 400
887 0 5 560 0 438 100 159 200 384 300 860 400
888 0 5 494 0 2 100 1129 200 750 300 1384 400
889 0 5 663 0 1445 100 172 200 496 300 710 400
890 0 5 545 0 1462 100 482 200 538 300 563 400
891 0 5 675 0 699 100 497 200 248 300 1436 400
892 0 5 977 0 1037 100 536 200 55 300 1348 400
893 0 5 250 0 1028 100 669 200 1235 300 565 400
894 0 5 21 0 937 100 1054 200 718 300 471 400
895 0 5 447 0 550 100 1462 200 538 300 278 400
896 0 5 18 0 1213 100 568 200 338 300 1250 400
897 0 5 342 0 586 100 790 200 390 300 1011 400
898 0 5 466 0 348 100 1127 200 1448 300 312 400
899 0 5 474 0 61 100 1206 200 1156 300 293 400
900 0 5 866 0 586 100 726 200 790 300 690 400
901 0 5 1060 0 257 100 643 200 356 300 1400 400
902 0 5 731 0 1120 100 370 200 1112 300 1159 400
903 0 5 947 0 1178 100 1031 200 381 300 1415 400
904 0 5 56 0 1001 100 815 200 1480 300 1008 400
905 0 5 680 0 621 100 404 200 1257 300 125 400
906 0 5 707 0 1109 100 542 200 1489 300 426 400
907 0 5 733 0 1051 100 1374 200 1138 300 1294 400
908 0 5 205 0 696 100 992 200 98 300 771 400
909 0 5 491 0 196 100 1476 200 116 300 1359 400
910 0 5 1194 0 1104 100 472 200 970 300 1475 400
911 0 5 1308 0 1124 100 1131 200 11 300 1177 400
912 0 5 284 0 1471 100 86 200 693 300 1283 400
913 0 5 521 0 1498 100 638 200 1437 300 1095 400
914 0 5 1358 0 719 100 1386 200 933 300 282 400
915 0 5 784 0 1452 100 120 200 278 300 1288 400
916 0 5 919 0 304 100 395 200 1153 300 379 400
917 0 5 294 0 667 100 128 200 867 300 1411 400
918 0 5 471 0 718 100 1072 200 1232 300 354 400
919 0 5 379 0 916 100 1153 200 304 300 1053 400
920 0 5 1332 0 11 100 1124 200 70 300 419 400
921 0 5 253 0 65 100 1496 200 1024 300 1076 400
922 0 5 421 0 1403 100 1155 200 968 300 852 400
923 0 5 506 0 561 100 973 200 713 300 809 400
924 0 5 828 0 1081 100 1195 200 865 300 322 400
925 0 5 839 0 1451 100 704 200 856 300 1050 400
926 0 5 1488 0 1071 100 355 200 815 300 1001 400
927 0 5 985 0 307 100 1145 200 151 300 314 400
928 0 5 241 0 26 100 1118 200 725 300 1236 400
929 0 5 341 0 645 100 999 200 603 300 665 400
930 0 5 1046 0 1206 100 504 200 844 300 1402 400
931 0 5 485 0 218 100 455 200 110 300 745 400
932 0 5 614 0 757 100 1286 200 1490 300 443 400
933 0 5 282 0 530 100 1358 200 914 300 719 400
934 0 5 511 0 1173 100 1119 200 1350 300 273 400
935 0 5 625 0 1274 100 72 200 280 300 1346 400
936 0 5 1009 0 1079 100 1487 200 178 300 357 400
937 0 5 103 0 894 100 21 200 314 300 1376 400
938 0 5 806 0 1053 100 245 200 379 300 1198 400
939 0 5 531 0 468 100 696 200 1245 300 1449 400
940 0 5 1414 0 1218 100 989 200 608 300 395 400
941 0 5 1309 0 865 100 1077 200 435 300 748 400
942 0 5 1170 0 52 100 651 200 870 300 1185 400
943 0 5 341 0 95 100 603 200 502 300 929 400
944 0 5 102 0 150 100 1256 200 193 300 361 400
945 0 5 439 0 1000 100 801 200 523 300 601 400
946 0 5 37 0 1490 100 832 200 112 300 527 400
947 0 5 903 0 1178 100 212 200 214 300 955 400
948 0 5 528 0 1220 100 553 200 1064 300 686 400
949 0 5 260 0 10 100 873 200 567 300 184 400
950 0 5 875 0 144 100 1122 200 1327 300 1300 400
951 0 5 990 0 1128 100 197 200 1386 300 738 400
952 0 5 837 0 1286 100 976 200 499 300 540 400
953 0 5 334 0 834 100 760 200 1160 300 536 400
954 0 5 624 0 478 100 1478 200 981 300 364 400
955 0 5 1016 0 576 100 214 200 212 300 947 400
956 0 5 1182 0 649 100 651 200 805 300 996 400
957 0 5 425 0 155 100 534 200 1376 300 751 400
958 0 5 1307 0 406 100 387 200 1006 300 275 400
959 0 5 630 0 458 100 879 200 1370 300 1273 400
960 0 5 795 0 1268 100 760 200 578 300 552 400
961 0 5 842 0 269 100 172 200 1317 300 124 400
962 0 5 413 0 370 100 1484 200 731 300 824 400
963 0 5 244 0 724 100 831 200 69 300 229 400
964 0 5 1197 0 1201 100 350 200 905 300 852 400
965 0 5 331 0 1412 100 283 200 190 300 1323 400
966 0 5 1257 0 404 100 389 200 1177 300 1249 400
967 0 5 776 0 777 100 418 200 1440 300 1044 400
968 0 5 210 0 1403 100 1163 200 847 300 421 400
969 0 5 1199 0 592 100 1039 200 660 300 627 400
970 0 5 300 0 1104 100 622 200 792 300 633 400
971 0 5 658 0 290 100 1361 200 885 300 328 400
972 0 5 129 0 459 100 1255 200 1045 300 366 400
973 0 5 713 0 853 100 561 200 1224 300 923 400
974 0 5 1315 0 1216 100 850 200 440 300 1375 400
975 0 5 1366 0 1218 100 40 200 254 300 1005 400
976 0 5 1286 0 1271 100 540 200 952 300 1133 400
977 0 5 892 0 536 100 1037 200 1432 300 55 400
978 0 5 1423 0 1346 100 28 200 1325 300 741 400
979 0 5 1136 0 433 100 391 200 1375 300 336 400
980 0 5 1205 0 1043 100 1459 200 1407 300 812 400
981 0 5 478 0 1284 100 208 200 392 300 1442 400
982 0 5 480 0 316 100 50 200 1134 300 599 400
983 0 5 1219 0 1443 100 1156 200 1402 300 198 400
984 0 5 1045 0 1062 100 48 200 1501 300 1349 400
985 0 5 1145 0 927 100 1486 200 307 300 492 400
986 0 5 1246 0 741 100 1423 200 442 300 1364 400
987 0 5 760 0 1268 100 334 200 864 300 960 400
988 0 5 456 0 744 100 1055 200 429 300 580 400
989 0 5 881 0 608 100 940 200 289 300 1414 400
990 0 5 951 0 1386 100 1128 200 197 300 738 400
991 0 5 1175 0 152 100 1290 200 288 300 454 400
992 0 5 1115 0 908 100 98 200 73 300 671 400
993 0 5 446 0 351 100 309 200 1025 300 1214 400
994 0 5 179 0 1047 100 54 200 1030 300 1280 400
995 0 5 333 0 705 100 1027 200 292 300 1136 400
996 0 5 649 0 1456 100 304 200 956 300 651 400
997 0 5 256 0 6 100 335 200 872 300 1442 400
998 0 5 623 0 1312 100 1005 200 331 300 806 400
999 0 5 929 0 603 100 1108 200 943 300 277 400
1000 0 5 945 0 411 100 801 200 439 300 878 400
1001 0 5 1008 0 904 100 1071 200 815 300 56 400
1002 0 5 522 0 1375 100 407 200 850 300 759 400
1003 0 5 1284 0 1442 100 477 200 981 300 392 400
1004 0 5 212 0 1428 100 214 200 1203 300 947 400
1005 0 5 40 0 668 100 623 200 254 300 806 400
1006 0 5 1347 0 1458 100 880 200 958 300 666 400
1007 0 5 640 0 1361 100 105 200 290 300 438 400
1008 0 5 682 0 1260 100 1001 200 1071 300 701 400
1009 0 5 357 0 936 100 609 200 448 300 385 400
1010 0 5 734 0 617 100 289 200 1493 300 302 400
1011 0 5 876 0 688 100 586 200 897 300 790 400
1012 0 5 539 0 483 100 160 200 616 300 666 400
1013 0 5 340 0 659 100 1065 200 1285 300 697 400
1014 0 5 1187 0 164 100 814 200 420 300 1230 400
1015 0 5 243 0 755 100 50 200 1497 300 480 400
1016 0 5 955 0 1047 100 1209 200 54 300 381 400
1017 0 5 203 0 1505 100 1504 200 235 300 1228 400
1018 0 5 1320 0 20 100 147 200 1105 300 508 400
1019 0 5 749 0 1328 100 1457 200 1461 300 746 400
1020 0 5 574 0 1237 100 823 200 700 300 32 400
1021 0 5 182 0 35 100 1463 200 77 300 57 400
1022 0 5 1352 0 479 100 388 200 565 300 49 400
1023 0 5 399 0 818 100 809 200 799 300 374 400
1024 0 5 541 0 720 100 272 200 32 300 238 400
1025 0 5 1397 0 446 100 553 200 309 300 413 400
1026 0 5 283 0 320 100 371 200 965 300 1312 400
1027 0 5 529 0 333 100 995 200 1136 300 336 400
1028 0 5 893 0 565 100 317 200 94 300 669 400
1029 0 5 712 0 396 100 681 200 122 300 310 400
1030 0 5 576 0 646 100 816 200 1047 300 994 400
1031 0 5 381 0 903 100 1209 200 1415 300 947 400
1032 0 5 781 0 1355 100 1130 200 624 300 360 400
1033 0 5 674 0 779 100 464 200 1078 300 693 400
1034 0 5 605 0 848 100 776 200 967 300 485 400
1035 0 5 463 0 1280 100 548 200 338 300 526 400
1036 0 5 239 0 1459 100 130 200 353 300 177 400
1037 0 5 55 0 1336 100 892 200 977 300 552 400
1038 0 5 579 0 71 100 233 200 22 300 386 400
1039 0 5 802 0 627 100 969 200 1199 300 137 400
1040 0 5 1341 0 1158 100 255 200 1443 300 149 400
1041 0 5 274 0 864 100 1411 200 588 300 1282 400
1042 0 5 556 0 1393 100 1109 200 707 300 1191 400
1043 0 5 856 0 1407 100 980 200 358 300 1205 400
1044 0 5 673 0 549 100 967 200 1440 300 218 400
1045 0 5 129 0 984 100 972 200 459 300 1062 400
1046 0 5 930 0 885 100 658 200 844 300 1361 400
1047 0 5 994 0 1016 100 54 200 1030 300 955 400
1048 0 5 236 0 158 100 41 200 791 300 216 400
1049 0 5 1082 0 15 100 1276 200 232 300 138 400
1050 0 5 462 0 358 100 704 200 839 300 925 400
1051 0 5 1374 0 434 100 907 200 768 300 1101 400
1052 0 5 845 0 508 100 859 200 68 300 88 400
1053 0 5 1198 0 938 100 379 200 245 300 806 400
1054 0 5 1188 0 21 100 347 200 1390 300 894 400
1055 0 5 744 0 604 100 988 200 580 300 407 400
1056 0 5 1385 0 111 100 1399 200 215 300 1326 400
1057 0 5 663 0 113 100 1317 200 858 300 172 400
1058 0 5 1472 0 445 100 1143 200 786 300 808 400
1059 0 5 882 0 1337 100 64 200 1087 300 243 400
1060 0 5 901 0 78 100 664 200 1400 300 679 400
1061 0 5 584 0 365 100 754 200 227 300 153 400
1062 0 5 375 0 984 100 1240 200 1045 300 129 400
1063 0 5 1164 0 1115 100 564 200 671 300 1480 400
1064 0 5 528 0 1305 100 162 200 553 300 735 400
1065 0 5 697 0 340 100 1221 200 1013 300 193 400
1066 0 5 458 0 145 100 332 200 638 300 408 400
1067 0 5 501 0 249 100 706 200 85 300 812 400
1068 0 5 714 0 1405 100 266 200 1485 300 798 400
1069 0 5 441 0 1360 100 326 200 1481 300 306 400
1070 0 5 196 0 868 100 125 200 909 300 1476 400
1071 0 5 1488 0 926 100 1001 200 1008 300 682 400
1072 0 5 729 0 918 100 127 200 319 300 471 400
1073 0 5 210 0 1197 100 1201 200 535 300 964 400
1074 0 5 1360 0 702 100 778 200 1324 300 16 400
1075 0 5 475 0 630 100 1273 200 303 300 1370 400
1076 0 5 272 0 238 100 1095 200 1123 300 1498 400
1077 0 5 163 0 941 100 748 200 1309 300 1160 400
1078 0 5 779 0 1364 100 442 200 464 300 1033 400
1079 0 5 311 0 936 100 1487 200 111 300 178 400
1080 0 5 1302 0 304 100 1153 200 649 300 956 400
1081 0 5 1107 0 322 100 739 200 924 300 828 400
1082 0 5 1049 0 117 100 15 200 143 300 138 400
1083 0 5 1185 0 38 100 533 200 1348 300 416 400
1084 0 5 127 0 794 100 99 200 319 300 39 400
1085 0 5 282 0 1113 100 719 200 1224 300 1394 400
1086 0 5 1466 0 1351 100 1405 200 871 300 1485 400
1087 0 5 1337 0 650 100 1059 200 243 300 989 400
1088 0 5 366 0 1371 100 1171 200 1255 300 1276 400
1089 0 5 1133 0 487 100 30 200 1271 300 114 400
1090 0 5 228 0 185 100 647 200 1392 300 226 400
1091 0 5 115 0 857 100 572 200 1252 300 194 400
1092 0 5 1249 0 721 100 770 200 841 300 1177 400
1093 0 5 782 0 515 100 751 200 672 300 534 400
1094 0 5 1322 0 666 100 833 200 532 300 616 400
1095 0 5 1076 0 1119 100 1123 200 1498 300 238 400
1096 0 5 588 0 94 100 1282 200 1148 300 388 400
1097 0 5 858 0 1317 100 58 200 124 300 1057 400
1098 0 5 574 0 700 100 337 200 742 300 606 400
1099 0 5 1196 0 1339 100 634 200 551 300 285 400
1100 0 5 398 0 1263 100 1340 200 1103 300 1224 400
1101 0 5 302 0 768 100 1051 200 1294 300 108 400
1102 0 5 519 0 119 100 297 200 380 300 385 400
1103 0 5 1311 0 1235 100 1263 200 398 300 250 400
1104 0 5 585 0 910 100 970 200 622 300 472 400
1105 0 5 862 0 1320 100 690 200 301 300 1018 400
1106 0 5 1418 0 1287 100 390 200 764 300 739 400
1107 0 5 322 0 1081 100 1418 200 1287 300 865 400
1108 0 5 277 0 863 100 999 200 1420 300 1269 400
1109 0 5 426 0 906 100 1042 200 707 300 556 400
1110 0 5 174 0 775 100 1434 200 846 300 422 400
1111 0 5 705 0 292 100 1303 200 1274 300 280 400
1112 0 5 1272 0 1369 100 1120 200 902 300 247 400
1113 0 5 66 0 719 100 1085 200 36 300 1394 400
1114 0 5 1157 0 1197 100 1073 200 183 300 964 400
1115 0 5 992 0 1063 100 564 200 1164 300 671 400
1116 0 5 45 0 1142 100 738 200 1380 300 197 400
1117 0 5 1221 0 1151 100 1331 200 1285 300 298 400
1118 0 5 725 0 928 100 377 200 449 300 26 400
1119 0 5 1095 0 934 100 1123 200 1173 300 273 400
1120 0 5 1159 0 1112 100 902 200 1272 300 1425 400
1121 0 5 602 0 546 100 1125 200 555 300 1295 400
1122 0 5 51 0 429 100 670 200 139 300 1180 400
1123 0 5 1406 0 1095 100 7 200 1119 300 1076 400
1124 0 5 11 0 911 100 920 200 1308 300 1177 400
1125 0 5 1435 0 1359 100 602 200 1121 300 909 400
1126 0 5 847 0 211 100 1163 200 587 300 1165 400
1127 0 5 568 0 18 100 898 200 103 300 466 400
1128 0 5 951 0 738 100 632 200 867 300 990 400
1129 0 5 752 0 176 100 888 200 2 300 750 400
1130 0 5 57 0 478 100 360 200 1275 300 1032 400
1131 0 5 1308 0 491 100 911 200 1177 300 909 400
1132 0 5 1464 0 1439 100 1158 200 188 300 589 400
1133 0 5 1271 0 1089 100 976 200 611 300 1286 400
1134 0 5 1250 0 316 100 982 200 1213 300 896 400
1135 0 5 410 0 1467 100 723 200 48 300 865 400
1136 0 5 979 0 1468 100 336 200 1027 300 995 400
1137 0 5 695 0 327 100 786 200 879 300 636 400
1138 0 5 816 0 907 100 1374 200 820 300 646 400
1139 0 5 25 0 256 100 1442 200 6 300 1299 400
1140 0 5 426 0 1489 100 542 200 1109 300 906 400
1141 0 5 1383 0 495 100 671 200 1439 300 73 400
1142 0 5 1380 0 1116 100 197 200 1152 300 789 400
1143 0 5 786 0 1472 100 524 200 1058 300 1495 400
1144 0 5 1342 0 811 100 818 200 132 300 798 400
1145 0 5 985 0 1486 100 927 200 344 300 628 400
1146 0 5 18 0 480 100 513 200 1379 300 1127 400
1147 0 5 512 0 1244 100 1343 200 518 300 1200 400
1148 0 5 578 0 388 100 588 200 1096 300 795 400
1149 0 5 639 0 1189 100 1333 200 345 300 1363 400
1150 0 5 1234 0 268 100 298 200 176 300 1265 400
1151 0 5 1285 0 1117 100 298 200 1331 300 1221 400
1152 0 5 197 0 596 100 451 200 1142 300 789 400
1153 0 5 819 0 1302 100 304 200 1080 300 379 400
1154 0 5 512 0 251 100 620 200 62 300 1147 400
1155 0 5 421 0 1295 100 93 200 922 300 852 400
1156 0 5 474 0 1402 100 983 200 1329 300 255 400
1157 0 5 1114 0 183 100 1241 200 1385 300 1197 400
1158 0 5 1040 0 1329 100 589 200 1132 300 255 400
1159 0 5 1120 0 687 100 731 200 902 300 597 400
1160 0 5 748 0 1467 100 1309 200 1077 300 864 400
1161 0 5 548 0 463 100 1416 200 286 300 338 400
1162 0 5 1391 0 615 100 538 200 13 300 1277 400
1163 0 5 847 0 968 100 276 200 1126 300 53 400
1164 0 5 1063 0 1115 100 564 200 305 300 1480 400
1165 0 5 211 0 186 100 587 200 1214 300 386 400
1166 0 5 1425 0 620 100 295 200 251 300 711 400
1167 0 5 349 0 323 100 346 200 10 300 1173 400
1168 0 5 401 0 1474 100 293 200 1329 300 1431 400
1169 0 5 1435 0 1335 100 546 200 1359 300 372 400
1170 0 5 405 0 942 100 651 200 533 300 52 400
1171 0 5 1088 0 24 100 1278 200 366 300 459 400
1172 0 5 639 0 1245 100 423 200 468 300 678 400
1173 0 5 934 0 1192 100 349 200 1119 300 1167 400
1174 0 5 142 0 43 100 838 200 1283 300 566 400
1175 0 5 991 0 454 100 152 200 27 300 1290 400
1176 0 5 636 0 231 100 67 200 786 300 562 400
1177 0 5 770 0 1131 100 1257 200 721 300 1249 400
1178 0 5 903 0 947 100 212 200 1031 300 381 400
1179 0 5 1262 0 16 100 147 200 1074 300 702 400
1180 0 5 670 0 874 100 1122 200 950 300 429 400
1181 0 5 315 0 1362 100 1401 200 376 300 876 400
1182 0 5 956 0 805 100 651 200 649 300 777 400
1183 0 5 703 0 1368 100 443 200 171 300 175 400
1184 0 5 728 0 364 100 481 200 624 300 402 400
1185 0 5 1083 0 732 100 74 200 533 300 52 400
1186 0 5 1479 0 295 100 62 200 766 300 682 400
1187 0 5 814 0 1014 100 1228 200 420 300 758 400
1188 0 5 1390 0 1054 100 347 200 471 300 156 400
1189 0 5 1149 0 1321 100 1333 200 642 300 170 400
1190 0 5 470 0 613 100 543 200 96 300 644 400
1191 0 5 825 0 1393 100 707 200 1214 300 591 400
1192 0 5 1173 0 1350 100 873 200 1200 300 934 400
1193 0 5 374 0 1023 100 1345 200 368 300 1452 400
1194 0 5 223 0 910 100 472 200 202 300 1444 400
1195 0 5 1501 0 281 100 924 200 488 300 828 400
1196 0 5 1099 0 631 100 285 200 641 300 1339 400
1197 0 5 964 0 1114 100 1073 200 1201 300 1157 400
1198 0 5 1053 0 245 100 81 200 1398 300 938 400
1199 0 5 969 0 660 100 39 200 1039 300 259 400
1200 0 5 518 0 1350 100 299 200 1192 300 1147 400
1201 0 5 852 0 964 100 1073 200 1197 300 210 400
1202 0 5 498 0 1415 100 54 200 1209 300 381 400
1203 0 5 107 0 212 100 1428 200 1478 300 1004 400
1204 0 5 136 0 736 100 1324 200 789 300 106 400
1205 0 5 1407 0 980 100 1459 200 1043 300 358 400
1206 0 5 420 0 504 100 930 200 899 300 758 400
1207 0 5 190 0 1323 100 209 200 785 300 1412 400
1208 0 5 79 0 502 100 206 200 95 300 59 400
1209 0 5 381 0 498 100 54 200 1016 300 1031 400
1210 0 5 134 0 1225 100 1231 200 1289 300 310 400
1211 0 5 606 0 644 100 543 200 303 300 96 400
1212 0 5 299 0 687 100 1425 200 620 300 597 400
1213 0 5 896 0 1250 100 338 200 568 300 1134 400
1214 0 5 591 0 825 100 186 200 351 300 1191 400
1215 0 5 287 0 829 100 137 200 1223 300 2 400
1216 0 5 974 0 133 100 986 200 1315 300 440 400
1217 0 5 173 0 383 100 656 200 1289 300 183 400
1218 0 5 975 0 1414 100 940 200 395 300 1366 400
1219 0 5 983 0 1402 100 198 200 844 300 658 400
1220 0 5 948 0 686 100 553 200 528 300 886 400
1221 0 5 1117 0 581 100 1065 200 1331 300 1409 400
1222 0 5 710 0 44 100 113 200 1089 300 496 400
1223 0 5 427 0 884 100 829 200 1215 300 2 400
1224 0 5 973 0 1085 100 853 200 1100 300 1263 400
1225 0 5 1313 0 1210 100 1289 200 483 300 378 400
1226 0 5 259 0 1232 100 354 200 918 300 249 400
1227 0 5 1485 0 1466 100 36 200 66 300 266 400
1228 0 5 814 0 203 100 200 200 758 300 444 400
1229 0 5 452 0 625 100 836 200 1277 300 226 400
1230 0 5 164 0 384 100 504 200 328 300 1046 400
1231 0 5 754 0 153 100 134 200 817 300 1210 400
1232 0 5 821 0 1226 100 918 200 354 300 1067 400
1233 0 5 247 0 1272 100 711 200 1102 300 119 400
1234 0 5 1150 0 176 100 750 200 1267 300 268 400
1235 0 5 566 0 250 100 1103 200 893 300 1311 400
1236 0 5 647 0 241 100 725 200 928 300 90 400
1237 0 5 32 0 1020 100 720 200 823 300 516 400
1238 0 5 296 0 1382 100 1278 200 876 300 1401 400
1239 0 5 428 0 1503 100 1502 200 26 300 928 400
1240 0 5 549 0 218 100 1062 200 1440 300 1044 400
1241 0 5 183 0 1254 100 1385 200 1157 300 1399 400
1242 0 5 567 0 1461 100 184 200 1019 300 260 400
1243 0 5 765 0 357 100 629 200 311 300 1281 400
1244 0 5 1343 0 1147 100 512 200 749 300 701 400
1245 0 5 423 0 1383 100 1172 200 691 300 939 400
1246 0 5 986 0 1423 100 978 200 1315 300 741 400
1247 0 5 141 0 185 100 826 200 836 300 226 400
1248 0 5 152 0 1417 100 1290 200 991 300 1175 400
1249 0 5 1092 0 770 100 1177 200 966 300 841 400
1250 0 5 1134 0 316 100 1213 200 896 300 982 400
1251 0 5 132 0 773 100 31 200 598 300 285 400
1252 0 5 677 0 1091 100 323 200 414 300 346 400
1253 0 5 1149 0 235 100 639 200 345 300 861 400
1254 0 5 1399 0 1241 100 183 200 1385 300 215 400
1255 0 5 366 0 459 100 972 200 1088 300 1276 400
1256 0 5 150 0 846 100 102 200 944 300 532 400
1257 0 5 966 0 680 100 1476 200 1177 300 125 400
1258 0 5 811 0 368 100 31 200 1144 300 818 400
1259 0 5 239 0 812 100 177 200 980 300 85 400
1260 0 5 1479 0 682 100 1008 200 330 300 1001 400
1261 0 5 1281 0 1305 100 765 200 1064 300 162 400
1262 0 5 1179 0 736 100 16 200 106 300 147 400
1263 0 5 853 0 1100 100 398 200 1103 300 1224 400
1264 0 5 761 0 709 100 783 200 707 300 854 400
1265 0 5 393 0 427 100 752 200 884 300 1150 400
1266 0 5 855 0 4 100 240 200 1356 300 133 400
1267 0 5 268 0 1331 100 1389 200 192 300 1234 400
1268 0 5 987 0 960 100 760 200 795 300 864 400
1269 0 5 1491 0 1420 100 1108 200 277 300 863 400
1270 0 5 321 0 1420 100 863 200 234 300 1269 400
1271 0 5 1133 0 114 100 976 200 1089 300 540 400
1272 0 5 1112 0 1233 100 711 200 1369 300 247 400
1273 0 5 5 0 1370 100 303 200 720 300 1075 400
1274 0 5 280 0 935 100 292 200 72 300 1303 400
1275 0 5 392 0 57 100 1130 200 478 300 769 400
1276 0 5 15 0 1371 100 339 200 484 300 138 400
1277 0 5 13 0 452 100 538 200 1229 300 1162 400
1278 0 5 828 0 1238 100 1382 200 1171 300 296 400
1279 0 5 67 0 562 100 685 200 595 300 1469 400
1280 0 5 179 0 526 100 1035 200 548 300 463 400
1281 0 5 1305 0 1261 100 765 200 162 300 1243 400
1282 0 5 588 0 274 100 1096 200 1041 300 1340 400
1283 0 5 693 0 838 100 912 200 1494 300 1174 400
1284 0 5 1003 0 981 100 392 200 1442 300 478 400
1285 0 5 1151 0 298 100 340 200 1013 300 659 400
1286 0 5 976 0 611 100 952 200 932 300 837 400
1287 0 5 793 0 1106 100 764 200 390 300 230 400
1288 0 5 1392 0 367 100 915 200 278 300 550 400
1289 0 5 378 0 383 100 656 200 1225 300 1217 400
1290 0 5 431 0 288 100 991 200 318 300 1300 400
1291 0 5 642 0 691 100 1314 200 1460 300 1189 400
1292 0 5 148 0 326 100 306 200 382 300 714 400
1293 0 5 1465 0 1363 100 444 200 235 300 1470 400
1294 0 5 733 0 187 100 907 200 302 300 1101 400
1295 0 5 1155 0 602 100 93 200 1473 300 1121 400
1296 0 5 1494 0 86 100 464 200 1364 300 912 400
1297 0 5 167 0 645 100 552 200 1336 300 665 400
1298 0 5 635 0 1306 100 126 200 712 300 264 400
1299 0 5 261 0 25 100 144 200 874 300 1139 400
1300 0 5 950 0 1290 100 875 200 661 300 431 400
1301 0 5 467 0 437 100 583 200 209 300 89 400
1302 0 5 1080 0 1153 100 883 200 649 300 819 400
1303 0 5 835 0 1468 100 280 200 1111 300 1346 400
1304 0 5 581 0 406 100 525 200 387 300 958 400
1305 0 5 1281 0 1261 100 1064 200 162 300 765 400
1306 0 5 126 0 1298 100 635 200 712 300 82 400
1307 0 5 275 0 958 100 387 200 406 300 584 400
1308 0 5 911 0 1131 100 491 200 909 300 1177 400
1309 0 5 941 0 748 100 1160 200 1077 300 865 400
1310 0 5 1500 0 1455 100 1373 200 1330 300 612 400
1311 0 5 1103 0 1357 100 853 200 1235 300 923 400
1312 0 5 998 0 668 100 623 200 331 300 965 400
1313 0 5 1225 0 483 100 389 200 1012 300 1210 400
1314 0 5 1291 0 1439 100 1460 200 642 300 691 400
1315 0 5 974 0 440 100 1375 200 1325 300 1246 400
1316 0 5 493 0 554 100 777 200 883 300 805 400
1317 0 5 1097 0 124 100 1057 200 961 300 858 400
1318 0 5 604 0 850 100 407 200 1356 300 51 400
1319 0 5 258 0 557 100 851 200 267 300 1422 400
1320 0 5 1018 0 1105 100 147 200 508 300 301 400
1321 0 5 642 0 1333 100 1189 200 170 300 1149 400
1322 0 5 1094 0 532 100 422 200 846 300 833 400
1323 0 5 1412 0 190 100 1207 200 965 300 209 400
1324 0 5 1204 0 84 100 16 200 382 300 702 400
1325 0 5 716 0 440 100 1468 200 978 300 1315 400
1326 0 5 610 0 1385 100 1056 200 629 300 140 400
1327 0 5 1417 0 875 100 1299 200 874 300 950 400
1328 0 5 1457 0 1019 100 1488 200 749 300 355 400
1329 0 5 401 0 255 100 1168 200 1158 300 1156 400
1330 0 5 1500 0 201 100 60 200 746 300 1338 400
1331 0 5 192 0 1267 100 1117 200 1221 300 1389 400
1332 0 5 419 0 920 100 721 200 1177 300 841 400
1333 0 5 1321 0 1149 100 1189 200 1293 300 642 400
1334 0 5 631 0 714 100 798 200 306 300 132 400
1335 0 5 1169 0 747 100 546 200 570 300 372 400
1336 0 5 552 0 1037 100 1297 200 665 300 55 400
1337 0 5 1087 0 1059 100 243 200 650 300 882 400
1338 0 5 308 0 60 100 343 200 655 300 1410 400
1339 0 5 285 0 634 100 1099 200 1196 300 225 400
1340 0 5 398 0 1100 100 669 200 1282 300 1263 400
1341 0 5 149 0 1040 100 1443 200 201 300 746 400
1342 0 5 1144 0 1351 100 818 200 577 300 811 400
1343 0 5 1244 0 749 100 701 200 1147 300 512 400
1344 0 5 80 0 580 100 8 200 456 300 1055 400
1345 0 5 368 0 180 100 31 200 1452 300 1193 400
1346 0 5 978 0 28 100 835 200 1303 300 935 400
1347 0 5 880 0 1006 100 958 200 406 300 361 400
1348 0 5 38 0 1083 100 55 200 665 300 892 400
1349 0 5 375 0 270 100 984 200 110 300 1062 400
1350 0 5 299 0 1192 100 1200 200 511 300 934 400
1351 0 5 1342 0 871 100 1086 200 577 300 1405 400
1352 0 5 1022 0 388 100 49 200 167 300 479 400
1353 0 5 779 0 566 100 142 200 43 300 240 400
1354 0 5 99 0 3 100 794 200 319 300 1084 400
1355 0 5 1428 0 1032 100 624 200 619 300 478 400
1356 0 5 4 0 133 100 1266 200 240 300 1318 400
1357 0 5 838 0 566 100 1311 200 1283 300 1103 400
1358 0 5 914 0 1386 100 530 200 933 300 282 400
1359 0 5 204 0 116 100 1125 200 909 300 1169 400
1360 0 5 1074 0 1069 100 441 200 702 300 326 400
1361 0 5 1007 0 971 100 885 200 290 300 640 400
1362 0 5 1181 0 1401 100 191 200 315 300 740 400
1363 0 5 235 0 1293 100 1149 200 1333 300 1189 400
1364 0 5 741 0 1078 100 442 200 464 300 1391 400
1365 0 5 804 0 87 100 1492 200 300 300 1410 400
1366 0 5 254 0 975 100 1218 200 1005 300 1414 400
1367 0 5 417 0 727 100 320 200 371 300 618 400
1368 0 5 1183 0 175 100 703 200 171 300 1475 400
1369 0 5 247 0 1112 100 1272 200 119 300 1233 400
1370 0 5 5 0 145 100 1273 200 458 300 630 400
1371 0 5 484 0 1088 100 1276 200 1171 300 339 400
1372 0 5 76 0 565 100 240 200 479 300 317 400
1373 0 5 612 0 1455 100 201 200 1310 300 184 400
1374 0 5 1051 0 434 100 907 200 1138 300 768 400
1375 0 5 1002 0 1315 100 440 200 979 300 1325 400
1376 0 5 534 0 155 100 957 200 103 300 515 400
1377 0 5 404 0 450 100 389 200 966 300 656 400
1378 0 5 572 0 1492 100 804 200 224 300 857 400
1379 0 5 373 0 1146 100 513 200 618 300 417 400
1380 0 5 1142 0 68 100 1116 200 859 300 33 400
1381 0 5 323 0 414 100 516 200 349 300 346 400
1382 0 5 1238 0 739 100 342 200 1278 300 828 400
1383 0 5 1245 0 1141 100 495 200 423 300 696 400
1384 0 5 750 0 39 100 794 200 494 300 888 400
1385 0 5 1056 0 1326 100 1241 200 1254 300 1399 400
1386 0 5 1358 0 990 100 914 200 951 300 530 400
1387 0 5 881 0 1446 100 514 200 217 300 289 400
1388 0 5 869 0 654 100 621 200 450 300 905 400
1389 0 5 262 0 192 100 1267 200 1331 300 794 400
1390 0 5 1188 0 156 100 471 200 1054 300 151 400
1391 0 5 1162 0 1364 100 563 200 86 300 615 400
1392 0 5 1288 0 550 100 228 200 278 300 447 400
1393 0 5 1191 0 1042 100 556 200 118 300 591 400
1394 0 5 66 0 717 100 713 200 973 300 1113 400
1395 0 5 100 0 753 100 81 200 1482 300 229 400
1396 0 5 544 0 33 100 730 200 45 300 738 400
1397 0 5 774 0 824 100 1025 200 553 300 413 400
1398 0 5 819 0 100 100 689 200 1198 300 81 400
1399 0 5 1254 0 215 100 1056 200 1385 300 1241 400
1400 0 5 252 0 1454 100 146 200 1060 300 594 400
1401 0 5 1362 0 1181 100 191 200 876 300 296 400
1402 0 5 844 0 1156 100 1219 200 983 300 474 400
1403 0 5 922 0 968 100 210 200 421 300 852 400
1404 0 5 833 0 616 100 666 200 422 300 841 400
1405 0 5 1068 0 1485 100 1086 200 798 300 1351 400
1406 0 5 7 0 877 100 541 200 1123 300 238 400
1407 0 5 1205 0 1043 100 980 200 358 300 704 400
1408 0 5 347 0 21 100 1054 200 314 300 151 400
1409 0 5 767 0 265 100 737 200 192 300 1221 400
1410 0 5 343 0 655 100 87 200 1365 300 1338 400
1411 0 5 864 0 128 100 163 200 1041 300 75 400
1412 0 5 1323 0 209 100 965 200 331 300 583 400
1413 0 5 98 0 771 100 564 200 510 300 600 400
1414 0 5 940 0 1218 100 975 200 395 300 989 400
1415 0 5 498 0 1202 100 381 200 903 300 1031 400
1416 0 5 155 0 1161 100 957 200 1376 300 425 400
1417 0 5 1327 0 1248 100 152 200 1290 300 1299 400
1418 0 5 1106 0 739 100 1081 200 342 300 390 400
1419 0 5 573 0 849 100 611 200 614 300 443 400
1420 0 5 863 0 1269 100 1270 200 1108 300 321 400
1421 0 5 821 0 1429 100 348 200 1448 300 501 400
1422 0 5 510 0 851 100 267 200 258 300 771 400
1423 0 5 1246 0 978 100 741 200 28 300 986 400
1424 0 5 641 0 551 100 120 200 784 300 157 400
1425 0 5 1166 0 1212 100 711 200 1159 300 1272 400
1426 0 5 84 0 489 100 266 200 789 300 1204 400
1427 0 5 810 0 224 100 612 200 677 300 1373 400
1428 0 5 1004 0 1355 100 212 200 1203 300 624 400
1429 0 5 312 0 1421 100 348 200 821 300 718 400
1430 0 5 428 0 403 100 41 200 90 300 241 400
1431 0 5 61 0 1168 100 589 200 293 300 569 400
1432 0 5 416 0 536 100 476 200 1037 300 892 400
1433 0 5 609 0 119 100 1102 200 178 300 385 400
1434 0 5 775 0 846 100 1110 200 422 300 174 400
1435 0 5 1125 0 1169 100 546 200 1121 300 602 400
1436 0 5 675 0 289 100 734 200 248 300 891 400
1437 0 5 469 0 521 100 638 200 1498 300 351 400
1438 0 5 189 0 473 100 804 200 92 300 63 400
1439 0 5 1460 0 1132 100 1314 200 495 300 800 400
1440 0 5 455 0 218 100 967 200 776 300 1044 400
1441 0 5 607 0 23 100 395 200 9 300 497 400
1442 0 5 477 0 1003 100 256 200 981 300 1284 400
1443 0 5 255 0 983 100 1040 200 1156 300 474 400
1444 0 5 527 0 223 100 472 200 202 300 1194 400
1445 0 5 496 0 889 100 1222 200 710 300 663 400
1446 0 5 514 0 187 100 1387 200 537 300 1294 400
1447 0 5 643 0 855 100 1372 200 95 300 80 400
1448 0 5 329 0 348 100 466 200 362 300 1421 400
1449 0 5 468 0 678 100 1172 200 336 300 391 400
1450 0 5 271 0 277 100 1491 200 502 300 77 400
1451 0 5 925 0 692 100 839 200 362 300 618 400
1452 0 5 915 0 582 100 1345 200 278 300 180 400
1453 0 5 198 0 308 100 633 200 343 300 1338 400
1454 0 5 252 0 594 100 1400 200 206 300 59 400
1455 0 5 1310 0 224 100 1373 200 612 300 60 400
1456 0 5 996 0 651 100 601 200 405 300 607 400
1457 0 5 1328 0 803 100 1019 200 188 300 495 400
1458 0 5 400 0 1006 100 666 200 160 300 958 400
1459 0 5 1036 0 980 100 1205 200 239 300 1259 400
1460 0 5 800 0 1439 100 1314 200 1291 300 691 400
1461 0 5 1242 0 746 100 201 200 1373 300 184 400
1462 0 5 538 0 890 100 563 200 895 300 482 400
1463 0 5 182 0 57 100 360 200 1021 300 1130 400
1464 0 5 188 0 1132 100 803 200 1158 300 1457 400
1465 0 5 1293 0 558 100 1470 200 569 300 61 400
1466 0 5 1086 0 1485 100 1227 200 717 300 871 400
1467 0 5 1160 0 1135 100 723 200 834 300 1309 400
1468 0 5 716 0 1136 100 1303 200 1325 300 1375 400
1469 0 5 124 0 58 100 562 200 595 300 961 400
1470 0 5 569 0 61 100 558 200 444 300 1465 400
1471 0 5 399 0 912 100 374 200 809 300 284 400
1472 0 5 1058 0 808 100 1143 200 786 300 524 400
1473 0 5 350 0 1295 100 602 200 852 300 196 400
1474 0 5 401 0 1168 100 589 200 1431 300 255 400
1475 0 5 780 0 175 100 560 200 171 300 202 400
1476 0 5 868 0 125 100 909 200 1257 300 680 400
1477 0 5 24 0 843 100 488 200 459 300 281 400
1478 0 5 1203 0 624 100 954 200 1428 300 1355 400
1479 0 5 1186 0 1260 100 330 200 682 300 62 400
1480 0 5 600 0 461 100 56 200 904 300 815 400
1481 0 5 441 0 306 100 807 200 263 300 1069 400
1482 0 5 229 0 245 100 1395 200 81 300 623 400
1483 0 5 178 0 385 100 1433 200 507 300 1102 400
1484 0 5 97 0 962 100 731 200 1025 300 370 400
1485 0 5 1405 0 1227 100 1466 200 1086 300 266 400
1486 0 5 628 0 1145 100 275 200 985 300 1307 400
1487 0 5 178 0 1079 100 507 200 936 300 111 400
1488 0 5 1071 0 926 100 355 200 1328 300 749 400
1489 0 5 542 0 1140 100 906 200 707 300 1264 400
1490 0 5 757 0 946 100 832 200 932 300 37 400
1491 0 5 1269 0 1450 100 277 200 271 300 1420 400
1492 0 5 1378 0 1365 100 804 200 60 300 87 400
1493 0 5 219 0 302 100 617 200 1010 300 35 400
1494 0 5 1296 0 464 100 86 200 693 300 912 400
1495 0 5 408 0 524 100 879 200 786 300 1143 400
1496 0 5 253 0 921 100 638 200 65 300 332 400
1497 0 5 755 0 217 100 50 200 599 300 1015 400
1498 0 5 913 0 1095 100 638 200 1076 300 65 400
1499 0 5 112 0 832 100 189 200 92 300 63 400
1500 0 5 1310 0 1330 100 201 200 60 300 1455 400
1501 0 5 1195 0 48 100 984 200 924 300 281 400
1502 0 5 861 0 1239 100 1189 200 1111 300 1333 400
1503 0 5 1239 0 26 100 1189 200 1111 300 1333 400
1504 0 5 1017 0 26 100 1189 200 1111 300 1333 400
1505 0 5 1017 0 1118 100 1189 200 1111 300 1333 400
1506 0 5 1118 0 377 100 1189 200 1111 300 1333 400
1507 0 5 377 0 428 100 1189 200 1111 300 1333 400
1508 0 5 235 0 428 100 1189 200 1111 300 1333 400
1509 0 5 235 0 928 100 1189 200 1111 300 1333 400
1510 0 5 1430 0 928 100 1189 200 1111 300 1333 400
1511 0 5 1430 0 725 100 1189 200 1111 300 1333 400
1512 0 5 1253 0 725 100 1189 200 1111 300 1333 400
1513 0 5 1253 0 241 100 1189 200 1111 300 1333 400
1514 0 5 457 0 241 100 1189 200 1111 300 1333 400
1515 0 5 141 0 457 100 1189 200 1111 300 1333 400
1516 0 5 141 0 222 100 1189 200 1111 300 1333 400
1517 0 5 345 0 222 100 1189 200 1111 300 1333 400
1518 0 5 345 0 203 100 1189 200 1111 300 1333 400
1519 0 5 1363 0 203 100 1189 200 1111 300 1333 400
1520 0 5 1363 0 90 100 1189 200 1111 300 1333 400
1521 0 5 90 0 1236 100 1189 200 1111 300 444 400
1522 0 5 200 0 1236 100 1189 200 1111 300 444 400
1523 0 5 200 0 826 100 1189 200 1111 300 444 400
1524 0 5 826 0 647 100 1189 200 1111 300 444 400
1525 0 5 840 0 647 100 1189 200 1111 300 444 400
1526 0 5 403 0 840 100 1189 200 1111 300 444 400
1527 0 5 403 0 1293 100 1189 200 1111 300 444 400
1528 0 5 1228 0 1293 100 1189 200 1111 300 444 400
1529 0 5 1228 0 41 100 1189 200 1111 300 444 400
1530 0 5 678 0 41 100 1189 200 1111 300 444 400
1531 0 5 678 0 412 100 1189 200 1111 300 444 400
1532 0 5 639 0 412 100 1189 200 1111 300 444 400
1533 0 5 639 0 1247 100 1189 200 1111 300 444 400
1534 0 5 1247 0 1149 100 1189 200 1111 300 444 400
1535 0 5 1149 0 228 100 1189 200 1111 300 444 400
1536 0 5 228 0 1189 100 158 200 1111 300 444 400
1537 0 5 369 0 158 100 1189 200 444 300 1111 400
1538 0 5 369 0 1189 100 444 200 1111 300 1090 400
1539 0 5 1465 0 1189 100 1111 200 444 300 1333 400
1540 0 5 449 0 1465 100 1189 200 1111 300 444 400
-1
EOF
