1540
1 0 5 1097 0 1422 100 787 200 156 300 479 400
2 0 5 585 0 785 100 14 200 1269 300 744 400
3 0 5 188 0 537 100 1370 200 1106 300 1413 400
4 0 5 1286 0 1147 100 21 200 1040 300 264 400
5 0 5 838 0 311 100 33 200 745 300 501 400
6 0 5 880 0 375 100 304 200 393 300 341 400
7 0 5 983 0 750 100 132 200 1134 300 49 400
8 0 5 945 0 1036 100 373 200 979 300 1223 400
9 0 5 721 0 1081 100 1342 200 774 300 437 400
10 0 5 589 0 533 100 1043 200 1375 300 1019 400
11 0 5 832 0 531 100 267 200 1491 300 446 400
12 0 5 113 0 1352 100 1396 200 858 300 150 400
13 0 5 1500 0 1292 100 810 200 948 300 823 400
14 0 5 449 0 785 100 2 200 1269 300 409 400
15 0 5 437 0 1358 100 1442 200 909 300 1241 400
16 0 5 351 0 500 100 476 200 886 300 17 400
17 0 5 476 0 1283 100 735 200 1095 300 16 400
18 0 5 1497 0 1397 100 261 200 1258 300 962 400
19 0 5 1320 0 877 100 283 200 1153 300 903 400
20 0 5 41 0 940 100 1374 200 1182 300 1010 400
21 0 5 1147 0 4 100 256 200 72 300 1286 400
22 0 5 1348 0 1043 100 1039 200 533 300 1029 400
23 0 5 532 0 905 100 1295 200 369 300 158 400
24 0 5 1068 0 900 100 559 200 1447 300 1332 400
25 0 5 729 0 1411 100 683 200 277 300 346 400
26 0 5 1453 0 1476 100 466 200 1279 300 814 400
27 0 5 996 0 319 100 1034 200 467 300 1324 400
28 0 5 387 0 441 100 702 200 276 300 242 400
29 0 5 195 0 1379 100 757 200 1189 300 1232 400
30 0 5 149 0 175 100 921 200 115 300 853 400
31 0 5 1339 0 1256 100 723 200 1253 300 1181 400
32 0 5 300 0 604 100 330 200 688 300 1092 400
33 0 5 249 0 838 100 5 200 1356 300 1313 400
34 0 5 1116 0 676 100 1307 200 687 300 580 400
35 0 5 992 0 1160 100 697 200 541 300 36 400
36 0 5 236 0 89 100 541 200 35 300 185 400
37 0 5 536 0 1184 100 1038 200 44 300 720 400
38 0 5 1234 0 366 100 496 200 802 300 1096 400
39 0 5 803 0 615 100 555 200 613 300 155 400
40 0 5 442 0 774 100 239 200 955 300 504 400
41 0 5 740 0 20 100 940 200 1374 300 1010 400
42 0 5 59 0 816 100 418 200 98 300 817 400
43 0 5 653 0 1063 100 1374 200 401 300 222 400
44 0 5 1433 0 37 100 1038 200 1184 300 1368 400
45 0 5 898 0 1325 100 471 200 204 300 224 400
46 0 5 1236 0 333 100 110 200 130 300 72 400
47 0 5 473 0 1186 100 1161 200 624 300 402 400
48 0 5 329 0 185 100 875 200 1466 300 240 400
49 0 5 435 0 570 100 983 200 247 300 1134 400
50 0 5 806 0 779 100 1348 200 1468 300 511 400
51 0 5 1083 0 80 100 1353 200 432 300 1421 400
52 0 5 664 0 1146 100 796 200 152 300 1178 400
53 0 5 121 0 371 100 1232 200 320 300 757 400
54 0 5 793 0 1139 100 717 200 191 300 1264 400
55 0 5 637 0 302 100 1326 200 363 300 1404 400
56 0 5 575 0 296 100 1061 200 1331 300 676 400
57 0 5 1243 0 966 100 201 200 322 300 993 400
58 0 5 913 0 752 100 864 200 429 300 162 400
59 0 5 42 0 98 100 553 200 816 300 817 400
60 0 5 682 0 1418 100 1299 200 996 300 27 400
61 0 5 363 0 827 100 800 200 309 300 62 400
62 0 5 462 0 827 100 363 200 61 300 637 400
63 0 5 1066 0 1353 100 1229 200 1498 300 1224 400
64 0 5 143 0 1441 100 843 200 837 300 1470 400
65 0 5 81 0 186 100 430 200 1340 300 125 400
66 0 5 1419 0 1266 100 101 200 1387 300 1443 400
67 0 5 994 0 560 100 535 200 776 300 969 400
68 0 5 976 0 1240 100 166 200 815 300 751 400
69 0 5 92 0 1129 100 377 200 852 300 105 400
70 0 5 172 0 157 100 1488 200 1226 300 541 400
71 0 5 566 0 165 100 1298 200 746 300 1090 400
72 0 5 256 0 21 100 1236 200 196 300 46 400
73 0 5 197 0 1244 100 362 200 468 300 1306 400
74 0 5 1446 0 801 100 700 200 1322 300 599 400
75 0 5 421 0 1308 100 1282 200 770 300 260 400
76 0 5 707 0 125 100 1313 200 380 300 1065 400
77 0 5 1415 0 142 100 460 200 933 300 594 400
78 0 5 487 0 1086 100 1403 200 1270 300 305 400
79 0 5 968 0 1335 100 414 200 775 300 893 400
80 0 5 51 0 789 100 1421 200 1229 300 1083 400
81 0 5 186 0 1136 100 65 200 1340 300 743 400
82 0 5 695 0 979 100 662 200 915 300 945 400
83 0 5 584 0 1059 100 1202 200 693 300 651 400
84 0 5 824 0 491 100 819 200 887 300 248 400
85 0 5 134 0 200 100 415 200 1166 300 1056 400
86 0 5 1439 0 347 100 407 200 1115 300 1279 400
87 0 5 1168 0 88 100 550 200 755 300 447 400
88 0 5 183 0 87 100 550 200 755 300 1168 400
89 0 5 36 0 885 100 1466 200 185 300 593 400
90 0 5 667 0 536 100 971 200 753 300 1184 400
91 0 5 661 0 1417 100 855 200 614 300 1216 400
92 0 5 69 0 174 100 176 200 377 300 852 400
93 0 5 1367 0 893 100 1162 200 968 300 525 400
94 0 5 718 0 957 100 634 200 1065 300 76 400
95 0 5 344 0 987 100 1084 200 395 300 157 400
96 0 5 715 0 367 100 938 200 918 300 1206 400
97 0 5 1310 0 455 100 842 200 1051 300 463 400
98 0 5 117 0 59 100 42 200 816 300 307 400
99 0 5 1318 0 712 100 434 200 963 300 1298 400
100 0 5 257 0 133 100 1140 200 1208 300 1470 400
101 0 5 1266 0 524 100 1443 200 736 300 66 400
102 0 5 285 0 182 100 1162 200 1169 300 1118 400
103 0 5 1393 0 1165 100 526 200 666 300 1378 400
104 0 5 1437 0 455 100 274 200 315 300 377 400
105 0 5 114 0 520 100 1078 200 69 300 377 400
106 0 5 148 0 1076 100 406 200 692 300 650 400
107 0 5 506 0 1231 100 187 200 171 300 1477 400
108 0 5 601 0 1093 100 763 200 178 300 397 400
109 0 5 760 0 1057 100 978 200 910 300 390 400
110 0 5 130 0 333 100 1482 200 46 300 977 400
111 0 5 213 0 834 100 957 200 663 300 1320 400
112 0 5 1473 0 921 100 175 200 1378 300 1165 400
113 0 5 12 0 1352 100 150 200 1461 300 597 400
114 0 5 105 0 396 100 1129 200 710 300 69 400
115 0 5 853 0 1113 100 30 200 981 300 175 400
116 0 5 212 0 1001 100 942 200 484 300 401 400
117 0 5 391 0 98 100 124 200 59 300 42 400
118 0 5 1213 0 913 100 1296 200 1024 300 1248 400
119 0 5 539 0 514 100 946 200 925 300 1388 400
120 0 5 275 0 1307 100 141 200 163 300 1382 400
121 0 5 53 0 320 100 129 200 1167 300 1232 400
122 0 5 1141 0 1067 100 1102 200 1330 300 1081 400
123 0 5 548 0 241 100 855 200 854 300 889 400
124 0 5 832 0 391 100 117 200 267 300 11 400
125 0 5 380 0 76 100 186 200 707 300 743 400
126 0 5 1222 0 980 100 1041 200 177 300 1246 400
127 0 5 586 0 1188 100 973 200 671 300 1493 400
128 0 5 802 0 1044 100 1096 200 1104 300 872 400
129 0 5 269 0 1227 100 121 200 325 300 587 400
130 0 5 426 0 110 100 1482 200 333 300 977 400
131 0 5 798 0 486 100 596 200 1258 300 674 400
132 0 5 142 0 750 100 7 200 1099 300 1134 400
133 0 5 443 0 100 100 257 200 1205 300 885 400
134 0 5 1166 0 85 100 1056 200 358 300 415 400
135 0 5 306 0 864 100 829 200 162 300 1394 400
136 0 5 472 0 845 100 1458 200 309 300 911 400
137 0 5 1033 0 495 100 731 200 1227 300 696 400
138 0 5 991 0 812 100 239 200 1141 300 122 400
139 0 5 1191 0 439 100 315 200 434 300 299 400
140 0 5 293 0 204 100 224 200 982 300 154 400
141 0 5 163 0 120 100 861 200 681 300 1307 400
142 0 5 132 0 492 100 77 200 1134 300 594 400
143 0 5 64 0 1216 100 1441 200 508 300 661 400
144 0 5 1389 0 1101 100 1047 200 1353 300 953 400
145 0 5 1039 0 572 100 511 200 785 300 533 400
146 0 5 863 0 769 100 1328 200 626 300 389 400
147 0 5 1215 0 1505 100 1504 200 741 300 1422 400
148 0 5 650 0 106 100 1076 200 1358 300 406 400
149 0 5 1128 0 30 100 921 200 175 300 112 400
150 0 5 529 0 597 100 266 200 12 300 113 400
151 0 5 518 0 1215 100 1007 200 153 300 459 400
152 0 5 1302 0 664 100 1178 200 52 300 1146 400
153 0 5 678 0 518 100 1405 200 151 300 1215 400
154 0 5 805 0 293 100 619 200 981 300 140 400
155 0 5 803 0 1217 100 613 200 615 300 39 400
156 0 5 1127 0 928 100 1249 200 411 300 709 400
157 0 5 1025 0 70 100 172 200 621 300 1226 400
158 0 5 630 0 1379 100 1295 200 1232 300 29 400
159 0 5 755 0 298 100 1168 200 982 300 550 400
160 0 5 891 0 1377 100 1223 200 1036 300 628 400
161 0 5 1120 0 342 100 1159 200 786 300 1002 400
162 0 5 864 0 1394 100 752 200 135 300 58 400
163 0 5 141 0 859 100 120 200 895 300 861 400
164 0 5 1363 0 1000 100 1477 200 1113 300 171 400
165 0 5 1298 0 1090 100 1050 200 71 300 963 400
166 0 5 976 0 475 100 751 200 68 300 417 400
167 0 5 1245 0 569 100 1104 200 348 300 561 400
168 0 5 904 0 847 100 1336 200 466 300 1252 400
169 0 5 461 0 738 100 598 200 515 300 933 400
170 0 5 860 0 258 100 1289 200 397 300 478 400
171 0 5 1363 0 1210 100 1414 200 187 300 164 400
172 0 5 70 0 1488 100 157 200 541 300 882 400
173 0 5 1166 0 1192 100 703 200 606 300 358 400
174 0 5 1193 0 92 100 1027 200 852 300 69 400
175 0 5 471 0 30 100 1473 200 112 300 115 400
176 0 5 315 0 377 100 92 200 1437 300 69 400
177 0 5 974 0 1045 100 126 200 314 300 1222 400
178 0 5 1093 0 397 100 860 200 108 300 170 400
179 0 5 937 0 297 100 948 200 396 300 823 400
180 0 5 1176 0 1260 100 817 200 770 300 789 400
181 0 5 773 0 1413 100 1117 200 1370 300 279 400
182 0 5 1175 0 102 100 1162 200 448 300 1126 400
183 0 5 88 0 447 100 792 200 422 300 550 400
184 0 5 1029 0 1278 100 1348 200 242 300 1079 400
185 0 5 48 0 1466 100 89 200 329 300 875 400
186 0 5 81 0 743 100 65 200 125 300 430 400
187 0 5 506 0 107 100 1210 200 171 300 1231 400
188 0 5 3 0 457 100 1413 200 537 300 521 400
189 0 5 508 0 1030 100 1216 200 509 300 870 400
190 0 5 1223 0 631 100 814 200 662 300 466 400
191 0 5 254 0 647 100 717 200 1046 300 1139 400
192 0 5 496 0 350 100 498 200 366 300 598 400
193 0 5 790 0 1133 100 588 200 1095 300 289 400
194 0 5 822 0 1249 100 928 200 411 300 338 400
195 0 5 29 0 1232 100 757 200 1189 300 1379 400
196 0 5 256 0 72 100 21 200 46 300 110 400
197 0 5 1170 0 73 100 799 200 1244 300 362 400
198 0 5 1387 0 736 100 1266 200 525 300 936 400
199 0 5 287 0 1301 100 1349 200 1060 300 1200 400
200 0 5 85 0 415 100 810 200 825 300 1361 400
201 0 5 1495 0 322 100 1305 200 57 300 966 400
202 0 5 1037 0 1276 100 1206 200 528 300 1373 400
203 0 5 620 0 784 100 1202 200 1403 300 1059 400
204 0 5 1325 0 224 100 140 200 471 300 45 400
205 0 5 1386 0 1299 100 1003 200 1418 300 1214 400
206 0 5 288 0 1131 100 977 200 1281 300 417 400
207 0 5 1288 0 1341 100 523 200 1199 300 1368 400
208 0 5 795 0 611 100 1474 200 276 300 441 400
209 0 5 1242 0 231 100 1157 200 354 300 848 400
210 0 5 1207 0 362 100 419 200 701 300 577 400
211 0 5 1272 0 1371 100 1408 200 1287 300 494 400
212 0 5 401 0 116 100 685 200 222 300 705 400
213 0 5 551 0 111 100 1320 200 957 300 834 400
214 0 5 409 0 970 100 548 200 349 300 321 400
215 0 5 1224 0 1012 100 1456 200 1004 300 1047 400
216 0 5 493 0 1362 100 1132 200 394 300 1440 400
217 0 5 1337 0 1397 100 291 200 261 300 1238 400
218 0 5 1212 0 1329 100 335 200 1177 300 569 400
219 0 5 857 0 1466 100 951 200 379 300 317 400
220 0 5 1180 0 1073 100 1452 200 1068 300 1070 400
221 0 5 636 0 954 100 1074 200 849 300 648 400
222 0 5 653 0 401 100 685 200 1063 300 212 400
223 0 5 873 0 660 100 488 200 1219 300 446 400
224 0 5 982 0 204 100 140 200 298 300 729 400
225 0 5 625 0 768 100 489 200 393 300 341 400
226 0 5 321 0 1055 100 229 200 1424 300 548 400
227 0 5 1198 0 301 100 602 200 1309 300 259 400
228 0 5 1104 0 928 100 1245 200 156 300 411 400
229 0 5 321 0 1424 100 889 200 226 300 1445 400
230 0 5 357 0 1290 100 336 200 450 300 1355 400
231 0 5 354 0 1311 100 209 200 884 300 1305 400
232 0 5 652 0 947 100 929 200 724 300 998 400
233 0 5 710 0 1220 100 639 200 852 300 1129 400
234 0 5 1080 0 726 100 1471 200 384 300 1454 400
235 0 5 1455 0 659 100 296 200 516 300 1137 400
236 0 5 603 0 36 100 541 200 593 300 89 400
237 0 5 1316 0 494 100 1228 200 367 300 883 400
238 0 5 699 0 1171 100 1092 200 300 300 820 400
239 0 5 1023 0 955 100 991 200 138 300 774 400
240 0 5 875 0 1391 100 959 200 329 300 1263 400
241 0 5 758 0 123 100 855 200 409 300 548 400
242 0 5 1079 0 276 100 184 200 1278 300 28 400
243 0 5 355 0 888 100 294 200 1033 300 781 400
244 0 5 582 0 1200 100 427 200 1028 300 748 400
245 0 5 558 0 680 100 566 200 730 300 969 400
246 0 5 373 0 724 100 607 200 248 300 761 400
247 0 5 435 0 708 100 1247 200 884 300 49 400
248 0 5 929 0 246 100 824 200 724 300 1347 400
249 0 5 33 0 1356 100 1313 200 718 300 318 400
250 0 5 398 0 303 100 1312 200 644 300 360 400
251 0 5 376 0 827 100 462 200 62 300 1420 400
252 0 5 396 0 937 100 1449 200 934 300 410 400
253 0 5 1285 0 299 100 1090 200 809 300 1196 400
254 0 5 191 0 647 100 19 200 283 300 1046 400
255 0 5 818 0 1203 100 468 200 1239 300 763 400
256 0 5 72 0 21 100 196 200 46 300 1147 400
257 0 5 1461 0 100 100 331 200 133 300 1470 400
258 0 5 478 0 1289 100 170 200 818 300 658 400
259 0 5 1238 0 1121 100 1054 200 1198 300 1149 400
260 0 5 456 0 770 100 583 200 421 300 734 400
261 0 5 1382 0 18 100 995 200 339 300 1397 400
262 0 5 923 0 767 100 641 200 416 300 534 400
263 0 5 452 0 666 100 656 200 404 300 1486 400
264 0 5 746 0 1286 100 1040 200 71 300 4 400
265 0 5 1088 0 308 100 1364 200 1150 300 1094 400
266 0 5 999 0 1300 100 150 200 529 300 331 400
267 0 5 1066 0 531 100 11 200 391 300 832 400
268 0 5 861 0 1145 100 1459 200 692 300 284 400
269 0 5 129 0 325 100 804 200 698 300 830 400
270 0 5 865 0 1008 100 1126 200 525 300 975 400
271 0 5 909 0 932 100 1487 200 772 300 337 400
272 0 5 1146 0 1400 100 1380 200 613 300 971 400
273 0 5 1186 0 896 100 1430 200 1462 300 1351 400
274 0 5 315 0 104 100 455 200 176 300 1437 400
275 0 5 120 0 1431 100 334 200 1307 300 1382 400
276 0 5 242 0 1278 100 441 200 28 300 208 400
277 0 5 346 0 729 100 25 200 683 300 666 400
278 0 5 1007 0 914 100 840 200 1485 300 573 400
279 0 5 563 0 1413 100 181 200 987 300 188 400
280 0 5 1352 0 1027 100 809 200 1285 300 597 400
281 0 5 576 0 1164 100 375 200 1334 300 696 400
282 0 5 776 0 1366 100 1426 200 1291 300 67 400
283 0 5 1320 0 1046 100 19 200 834 300 254 400
284 0 5 1459 0 866 100 692 200 1469 300 406 400
285 0 5 102 0 616 100 1169 200 1335 300 1162 400
286 0 5 811 0 1280 100 356 200 1483 300 912 400
287 0 5 1060 0 199 100 1349 200 1200 300 487 400
288 0 5 1026 0 206 100 417 200 977 300 565 400
289 0 5 1133 0 326 100 735 200 1289 300 1283 400
290 0 5 831 0 962 100 1021 200 596 300 733 400
291 0 5 339 0 1397 100 1238 200 217 300 259 400
292 0 5 539 0 1399 100 925 200 1388 300 946 400
293 0 5 140 0 154 100 981 200 471 300 204 400
294 0 5 355 0 781 100 243 200 399 300 1016 400
295 0 5 839 0 672 100 947 200 1360 300 360 400
296 0 5 56 0 1331 100 659 200 235 300 1137 400
297 0 5 179 0 396 100 823 200 520 300 1011 400
298 0 5 982 0 159 100 224 200 755 300 204 400
299 0 5 439 0 1196 100 253 200 1285 300 1191 400
300 0 5 32 0 1490 100 324 200 1092 300 238 400
301 0 5 227 0 602 100 1218 200 1465 300 1198 400
302 0 5 1357 0 413 100 55 200 637 300 1326 400
303 0 5 250 0 622 100 1381 200 705 300 360 400
304 0 5 1087 0 1075 100 880 200 375 300 625 400
305 0 5 1072 0 1086 100 338 200 1270 300 1301 400
306 0 5 742 0 135 100 1255 200 1296 300 864 400
307 0 5 1406 0 402 100 418 200 98 300 323 400
308 0 5 1463 0 265 100 1364 200 1384 300 1150 400
309 0 5 845 0 800 100 61 200 136 300 827 400
310 0 5 1317 0 854 100 889 200 1119 300 1297 400
311 0 5 1031 0 838 100 5 200 713 300 911 400
312 0 5 629 0 935 100 1268 200 1069 300 1148 400
313 0 5 1199 0 641 100 1178 200 416 300 152 400
314 0 5 980 0 608 100 974 200 126 300 177 400
315 0 5 274 0 176 100 139 200 434 300 104 400
316 0 5 1444 0 361 100 927 200 1032 300 1062 400
317 0 5 1417 0 614 100 951 200 219 300 855 400
318 0 5 1356 0 356 100 1483 200 1031 300 249 400
319 0 5 467 0 27 100 1034 200 682 300 1254 400
320 0 5 1167 0 121 100 465 200 371 300 53 400
321 0 5 229 0 226 100 889 200 548 300 214 400
322 0 5 201 0 1495 100 454 200 57 300 966 400
323 0 5 1512 0 1511 100 990 200 1406 300 402 400
324 0 5 1385 0 699 100 300 200 1490 300 688 400
325 0 5 587 0 269 100 739 200 129 300 804 400
326 0 5 592 0 289 100 1289 200 1273 300 658 400
327 0 5 1264 0 1062 100 793 200 918 300 715 400
328 0 5 1010 0 1293 100 1479 200 484 300 1082 400
329 0 5 48 0 875 100 1466 200 185 300 240 400
330 0 5 604 0 688 100 32 200 1455 300 753 400
331 0 5 544 0 257 100 999 200 603 300 1461 400
332 0 5 830 0 382 100 403 200 698 300 788 400
333 0 5 110 0 46 100 130 200 1120 300 161 400
334 0 5 687 0 1431 100 275 200 580 300 1307 400
335 0 5 569 0 557 100 1177 200 952 300 218 400
336 0 5 364 0 450 100 230 200 1290 300 568 400
337 0 5 772 0 1487 100 1472 200 271 300 1344 400
338 0 5 305 0 1086 100 623 200 1270 300 1072 400
339 0 5 291 0 1054 100 261 200 1238 300 1397 400
340 0 5 547 0 836 100 958 200 450 300 672 400
341 0 5 393 0 495 100 880 200 625 300 374 400
342 0 5 161 0 464 100 378 200 1120 300 352 400
343 0 5 562 0 469 100 365 200 583 300 975 400
344 0 5 95 0 621 100 1111 200 395 300 894 400
345 0 5 612 0 390 100 1287 200 978 300 657 400
346 0 5 1486 0 277 100 263 200 666 300 404 400
347 0 5 86 0 1115 100 917 200 608 300 980 400
348 0 5 561 0 515 100 1234 200 738 300 598 400
349 0 5 970 0 986 100 1024 200 574 300 862 400
350 0 5 598 0 192 100 461 200 1122 300 348 400
351 0 5 16 0 886 100 500 200 660 300 1327 400
352 0 5 635 0 1318 100 342 200 1120 300 264 400
353 0 5 574 0 782 100 514 200 429 300 946 400
354 0 5 231 0 884 100 209 200 848 300 708 400
355 0 5 243 0 294 100 399 200 781 300 1033 400
356 0 5 318 0 1280 100 811 200 1483 300 370 400
357 0 5 230 0 1355 100 450 200 599 300 336 400
358 0 5 807 0 498 100 1122 200 134 300 538 400
359 0 5 1173 0 1106 100 600 200 1124 300 537 400
360 0 5 1360 0 622 100 295 200 250 300 303 400
361 0 5 316 0 856 100 663 200 1444 300 704 400
362 0 5 1009 0 210 100 1207 200 73 300 1306 400
363 0 5 61 0 1326 100 800 200 62 300 637 400
364 0 5 336 0 568 100 878 200 450 300 1089 400
365 0 5 278 0 553 100 1485 200 840 300 914 400
366 0 5 38 0 1096 100 192 200 802 300 128 400
367 0 5 96 0 494 100 507 200 938 300 1100 400
368 0 5 902 0 1405 100 756 200 678 300 741 400
369 0 5 768 0 489 100 905 200 1295 300 1359 400
370 0 5 919 0 1031 100 811 200 356 300 1179 400
371 0 5 53 0 1098 100 320 200 465 300 542 400
372 0 5 378 0 464 100 1310 200 1051 300 434 400
373 0 5 246 0 607 100 945 200 915 300 8 400
374 0 5 489 0 495 100 393 200 341 300 1359 400
375 0 5 6 0 281 100 304 200 576 300 880 400
376 0 5 251 0 1420 100 1257 200 462 300 827 400
377 0 5 1437 0 1078 100 176 200 69 300 92 400
378 0 5 1318 0 342 100 372 200 464 300 434 400
379 0 5 1125 0 645 100 219 200 317 300 857 400
380 0 5 125 0 430 100 943 200 76 300 1313 400
381 0 5 1041 0 1246 100 760 200 390 300 126 400
382 0 5 869 0 332 100 1416 200 767 300 830 400
383 0 5 762 0 1408 100 564 200 651 300 711 400
384 0 5 726 0 543 100 234 200 1179 300 794 400
385 0 5 923 0 669 100 1330 200 534 300 830 400
386 0 5 1315 0 584 100 891 200 651 300 1059 400
387 0 5 28 0 702 100 1345 200 441 300 276 400
388 0 5 591 0 732 100 1342 200 122 300 965 400
389 0 5 1384 0 1328 100 146 200 769 300 727 400
390 0 5 345 0 978 100 760 200 109 300 1303 400
391 0 5 124 0 117 100 267 200 832 300 98 400
392 0 5 833 0 668 100 432 200 513 300 1423 400
393 0 5 341 0 625 100 880 200 225 300 374 400
394 0 5 482 0 491 100 887 200 216 300 493 400
395 0 5 894 0 1111 100 95 200 344 300 563 400
396 0 5 114 0 252 100 937 200 297 300 179 400
397 0 5 860 0 178 100 818 200 1239 300 108 400
398 0 5 644 0 250 100 1312 200 1185 300 672 400
399 0 5 1164 0 294 100 719 200 355 300 696 400
400 0 5 1334 0 719 100 554 200 1070 300 1164 400
401 0 5 212 0 222 100 653 200 43 300 685 400
402 0 5 418 0 307 100 323 200 1406 300 1161 400
403 0 5 804 0 830 100 332 200 698 300 382 400
404 0 5 1486 0 642 100 881 200 263 300 452 400
405 0 5 674 0 1472 100 1021 200 596 300 290 400
406 0 5 1163 0 1076 100 692 200 106 300 284 400
407 0 5 481 0 1439 100 1115 200 910 300 86 400
408 0 5 1268 0 822 100 1148 200 629 300 1005 400
409 0 5 214 0 449 100 548 200 241 300 14 400
410 0 5 512 0 1321 100 252 200 948 300 937 400
411 0 5 1103 0 822 100 194 200 928 300 1249 400
412 0 5 1372 0 704 100 1444 200 1032 300 316 400
413 0 5 1404 0 302 100 1357 200 551 300 637 400
414 0 5 949 0 968 100 765 200 79 300 775 400
415 0 5 1361 0 200 100 1056 200 85 300 1048 400
416 0 5 767 0 1178 100 641 200 262 300 313 400
417 0 5 475 0 1131 100 288 200 206 300 872 400
418 0 5 816 0 1221 100 402 200 42 300 307 400
419 0 5 577 0 605 100 210 200 1207 300 540 400
420 0 5 1400 0 615 100 971 200 613 300 1332 400
421 0 5 75 0 583 100 770 200 260 300 734 400
422 0 5 1154 0 851 100 640 200 617 300 1052 400
423 0 5 715 0 717 100 507 200 428 300 367 400
424 0 5 950 0 543 100 1053 200 726 300 1179 400
425 0 5 857 0 777 100 1125 200 1466 300 219 400
426 0 5 130 0 977 100 1026 200 984 300 288 400
427 0 5 632 0 1028 100 244 200 1364 300 1301 400
428 0 5 1201 0 924 100 423 200 507 300 883 400
429 0 5 782 0 752 100 353 200 58 300 913 400
430 0 5 906 0 380 100 65 200 186 300 943 400
431 0 5 465 0 920 100 739 200 812 300 587 400
432 0 5 668 0 1083 100 513 200 483 300 1267 400
433 0 5 1284 0 1188 100 1045 200 1420 300 1257 400
434 0 5 1191 0 99 100 1050 200 372 300 963 400
435 0 5 49 0 247 100 708 200 1247 300 579 400
436 0 5 912 0 1014 100 438 200 1471 300 1410 400
437 0 5 15 0 1241 100 721 200 1342 300 1358 400
438 0 5 1254 0 1014 100 436 200 1230 300 1410 400
439 0 5 139 0 299 100 1191 200 1196 300 1193 400
440 0 5 813 0 1052 100 792 200 617 300 849 400
441 0 5 1345 0 611 100 28 200 276 300 387 400
442 0 5 40 0 504 100 774 200 989 300 1338 400
443 0 5 133 0 885 100 1205 200 544 300 257 400
444 0 5 1048 0 1240 100 1361 200 815 300 415 400
445 0 5 1309 0 502 100 567 200 563 300 747 400
446 0 5 873 0 1174 100 11 200 223 300 1108 400
447 0 5 722 0 851 100 183 200 87 300 422 400
448 0 5 1175 0 1008 100 182 200 525 300 1126 400
449 0 5 14 0 409 100 986 200 970 300 214 400
450 0 5 836 0 357 100 336 200 1355 300 364 400
451 0 5 1087 0 545 100 1075 200 1197 300 1109 400
452 0 5 263 0 656 100 642 200 1319 300 404 400
453 0 5 907 0 828 100 662 200 1401 300 1293 400
454 0 5 1017 0 993 100 322 200 606 300 703 400
455 0 5 104 0 97 100 274 200 372 300 1437 400
456 0 5 260 0 734 100 530 200 1126 300 770 400
457 0 5 987 0 188 100 1084 200 521 300 1413 400
458 0 5 470 0 678 100 518 200 153 300 151 400
459 0 5 1443 0 518 100 678 200 151 300 524 400
460 0 5 594 0 1112 100 77 200 1415 300 492 400
461 0 5 169 0 780 100 933 200 350 300 598 400
462 0 5 62 0 1153 100 251 200 647 300 1257 400
463 0 5 1002 0 1310 100 464 200 842 300 1051 400
464 0 5 1051 0 342 100 378 200 372 300 1002 400
465 0 5 431 0 320 100 1167 200 542 300 552 400
466 0 5 814 0 631 100 1453 200 190 300 1279 400
467 0 5 319 0 682 100 1034 200 27 300 60 400
468 0 5 1244 0 1306 100 255 200 763 300 73 400
469 0 5 343 0 975 100 562 200 865 300 583 400
470 0 5 458 0 1217 100 524 200 678 300 1501 400
471 0 5 175 0 1325 100 45 200 204 300 140 400
472 0 5 136 0 1458 100 845 200 911 300 309 400
473 0 5 1161 0 47 100 402 200 944 300 519 400
474 0 5 1151 0 1343 100 1101 200 1195 300 588 400
475 0 5 417 0 166 100 1131 200 751 300 1281 400
476 0 5 17 0 16 100 1283 200 1058 300 735 400
477 0 5 1496 0 891 100 1377 200 651 300 160 400
478 0 5 258 0 1446 100 658 200 1289 300 818 400
479 0 5 1390 0 1127 100 737 200 675 300 928 400
480 0 5 935 0 1148 100 1274 200 749 300 1177 400
481 0 5 407 0 1279 100 910 200 1115 300 1439 400
482 0 5 394 0 1132 100 568 200 491 300 878 400
483 0 5 513 0 1267 100 432 200 1398 300 1083 400
484 0 5 942 0 1082 100 116 200 328 300 1479 400
485 0 5 829 0 1468 100 1255 200 779 300 1248 400
486 0 5 941 0 131 100 674 200 1472 300 405 400
487 0 5 1349 0 1403 100 78 200 1086 300 199 400
488 0 5 1491 0 1219 100 871 200 223 300 1327 400
489 0 5 374 0 369 100 225 200 768 300 393 400
490 0 5 1323 0 1489 100 1022 200 634 300 1094 400
491 0 5 84 0 394 100 819 200 836 300 482 400
492 0 5 142 0 1099 100 594 200 77 300 132 400
493 0 5 216 0 1440 100 887 200 819 300 394 400
494 0 5 1100 0 237 100 367 200 1371 300 528 400
495 0 5 374 0 137 100 696 200 341 300 1359 400
496 0 5 1234 0 515 100 192 200 38 300 598 400
497 0 5 1457 0 1393 100 656 200 1386 300 1214 400
498 0 5 1122 0 358 100 192 200 1056 300 350 400
499 0 5 559 0 900 100 764 200 736 300 1501 400
500 0 5 16 0 1058 100 886 200 351 300 1350 400
501 0 5 1135 0 745 100 5 200 311 300 1357 400
502 0 5 445 0 563 100 894 200 395 300 1309 400
503 0 5 1354 0 1181 100 643 200 1256 300 1450 400
504 0 5 442 0 1338 100 774 200 721 300 1487 400
505 0 5 1442 0 692 100 932 200 909 300 1358 400
506 0 5 187 0 107 100 1210 200 1231 300 171 400
507 0 5 883 0 423 100 367 200 428 300 924 400
508 0 5 189 0 1216 100 143 200 1030 300 870 400
509 0 5 1412 0 1030 100 508 200 189 300 758 400
510 0 5 808 0 1015 100 1251 200 943 300 581 400
511 0 5 572 0 806 100 145 200 1348 300 1039 400
512 0 5 725 0 410 100 948 200 1321 300 937 400
513 0 5 483 0 1110 100 432 200 1423 300 1267 400
514 0 5 119 0 782 100 353 200 946 300 925 400
515 0 5 598 0 496 100 738 200 348 300 169 400
516 0 5 723 0 820 100 659 200 235 300 688 400
517 0 5 1304 0 1332 100 1447 200 956 300 1068 400
518 0 5 151 0 153 100 459 200 1007 300 678 400
519 0 5 899 0 714 100 1475 200 944 300 876 400
520 0 5 1369 0 1078 100 105 200 1011 300 297 400
521 0 5 1084 0 457 100 618 200 1025 300 1173 400
522 0 5 952 0 677 100 954 200 849 300 617 400
523 0 5 207 0 1395 100 1341 200 1130 300 1288 400
524 0 5 1501 0 1443 100 101 200 470 300 459 400
525 0 5 1367 0 198 100 1387 200 270 300 865 400
526 0 5 898 0 666 100 103 200 1378 300 471 400
527 0 5 868 0 848 100 1376 200 1231 300 708 400
528 0 5 1143 0 1100 100 627 200 1451 300 1206 400
529 0 5 150 0 1300 100 597 200 266 300 999 400
530 0 5 1126 0 1398 100 456 200 1421 300 778 400
531 0 5 1491 0 267 100 11 200 1066 300 1224 400
532 0 5 630 0 23 100 1295 200 369 300 905 400
533 0 5 1039 0 10 100 1043 200 22 300 744 400
534 0 5 1330 0 641 100 385 200 923 300 262 400
535 0 5 1218 0 67 100 994 200 969 300 776 400
536 0 5 37 0 90 100 971 200 1038 300 1184 400
537 0 5 600 0 3 100 188 200 1106 300 521 400
538 0 5 783 0 807 100 1122 200 897 300 358 400
539 0 5 292 0 119 100 1399 200 514 300 1388 400
540 0 5 1123 0 1170 100 605 200 799 300 210 400
541 0 5 673 0 882 100 36 200 172 300 236 400
542 0 5 552 0 1098 100 1365 200 465 300 371 400
543 0 5 384 0 424 100 726 200 1179 300 1053 400
544 0 5 593 0 331 100 603 200 885 300 443 400
545 0 5 797 0 451 100 1169 200 1118 300 571 400
546 0 5 654 0 769 100 754 200 863 300 1172 400
547 0 5 958 0 340 100 929 200 836 300 998 400
548 0 5 123 0 889 100 409 200 214 300 321 400
549 0 5 1182 0 1476 100 847 200 1279 300 168 400
550 0 5 578 0 1168 100 1432 200 87 300 1172 400
551 0 5 213 0 1404 100 413 200 1357 300 877 400
552 0 5 542 0 1365 100 1049 200 465 300 1023 400
553 0 5 1221 0 59 100 42 200 817 300 418 400
554 0 5 908 0 719 100 400 200 1070 300 1068 400
555 0 5 1447 0 39 100 1501 200 1217 300 1332 400
556 0 5 1011 0 1435 100 842 200 751 300 97 400
557 0 5 1209 0 821 100 335 200 677 300 569 400
558 0 5 245 0 969 100 730 200 680 300 1450 400
559 0 5 499 0 949 100 765 200 24 300 764 400
560 0 5 67 0 994 100 1071 200 1426 300 633 400
561 0 5 348 0 802 100 1104 200 515 300 1234 400
562 0 5 343 0 365 100 469 200 583 300 975 400
563 0 5 279 0 502 100 445 200 181 300 747 400
564 0 5 711 0 651 100 693 200 383 300 1202 400
565 0 5 1262 0 737 100 1044 200 1026 300 288 400
566 0 5 245 0 71 100 680 200 633 300 730 400
567 0 5 747 0 1409 100 1238 200 445 300 773 400
568 0 5 714 0 878 100 364 200 482 300 336 400
569 0 5 335 0 167 100 557 200 348 300 821 400
570 0 5 1275 0 983 100 49 200 750 300 579 400
571 0 5 797 0 1499 100 1464 200 1118 300 775 400
572 0 5 145 0 511 100 785 200 986 300 1248 400
573 0 5 1007 0 1294 100 278 200 840 300 151 400
574 0 5 353 0 1024 100 349 200 1261 300 1055 400
575 0 5 1061 0 56 100 866 200 1331 300 861 400
576 0 5 281 0 1334 100 375 200 1070 300 1164 400
577 0 5 1123 0 419 100 540 200 210 300 605 400
578 0 5 874 0 1432 100 550 200 722 300 447 400
579 0 5 1275 0 708 100 570 200 848 300 247 400
580 0 5 687 0 1431 100 1354 200 334 300 34 400
581 0 5 1467 0 1251 100 808 200 881 300 1259 400
582 0 5 748 0 244 100 1373 200 1183 300 1032 400
583 0 5 975 0 421 100 343 200 260 300 469 400
584 0 5 83 0 386 100 651 200 1059 300 1315 400
585 0 5 1269 0 2 100 785 200 744 300 14 400
586 0 5 1250 0 127 100 1045 200 1188 300 671 400
587 0 5 325 0 1167 100 739 200 129 300 465 400
588 0 5 1195 0 790 100 1343 200 1095 300 193 400
589 0 5 1204 0 10 100 1438 200 606 300 533 400
590 0 5 706 0 1220 100 639 200 690 300 843 400
591 0 5 388 0 1395 100 1130 200 523 300 1342 400
592 0 5 326 0 1058 100 1351 200 1273 300 1350 400
593 0 5 603 0 544 100 885 200 89 300 236 400
594 0 5 460 0 1112 100 492 200 954 300 77 400
595 0 5 1402 0 648 100 636 200 954 300 492 400
596 0 5 941 0 405 100 674 200 798 300 1021 400
597 0 5 150 0 529 100 1071 200 1352 300 280 400
598 0 5 350 0 515 100 169 200 348 300 461 400
599 0 5 1018 0 357 100 1322 200 801 300 1351 400
600 0 5 537 0 1173 100 359 200 1106 300 3 400
601 0 5 108 0 1239 100 763 200 397 300 255 400
602 0 5 1465 0 301 100 227 200 1218 300 1233 400
603 0 5 236 0 593 100 544 200 331 300 541 400
604 0 5 32 0 330 100 753 200 1490 300 90 400
605 0 5 701 0 419 100 540 200 577 300 210 400
606 0 5 703 0 1204 100 1438 200 454 300 1192 400
607 0 5 761 0 246 100 373 200 628 300 1036 400
608 0 5 314 0 974 100 980 200 1045 300 347 400
609 0 5 1134 0 780 100 77 200 933 300 1415 400
610 0 5 1185 0 1190 100 1322 200 1355 300 357 400
611 0 5 1345 0 208 100 441 200 795 300 276 400
612 0 5 345 0 691 100 1287 200 383 300 762 400
613 0 5 971 0 420 100 155 200 39 300 615 400
614 0 5 317 0 1417 100 951 200 91 300 1140 400
615 0 5 39 0 1332 100 420 200 1380 300 613 400
616 0 5 1464 0 285 100 1335 200 1499 300 1118 400
617 0 5 640 0 952 100 1177 200 1154 300 440 400
618 0 5 1025 0 882 100 1084 200 521 300 157 400
619 0 5 805 0 154 100 1074 200 648 300 792 400
620 0 5 1451 0 1202 100 1383 200 627 300 711 400
621 0 5 344 0 1111 100 157 200 95 300 1291 400
622 0 5 360 0 303 100 1360 200 846 300 705 400
623 0 5 709 0 338 100 787 200 1249 300 1127 400
624 0 5 967 0 1089 100 944 200 899 300 1462 400
625 0 5 225 0 880 100 393 200 341 300 304 400
626 0 5 146 0 1328 100 1005 200 890 300 892 400
627 0 5 1371 0 1451 100 528 200 1408 300 1143 400
628 0 5 1036 0 997 100 761 200 160 300 607 400
629 0 5 312 0 1329 100 1268 200 408 300 935 400
630 0 5 532 0 158 100 1232 200 1379 300 29 400
631 0 5 814 0 190 100 657 200 466 300 910 400
632 0 5 867 0 427 100 1364 200 704 300 244 400
633 0 5 680 0 969 100 566 200 1071 300 560 400
634 0 5 1323 0 94 100 957 200 718 300 1065 400
635 0 5 712 0 352 100 746 200 1318 300 99 400
636 0 5 221 0 648 100 954 200 595 300 1074 400
637 0 5 55 0 1326 100 302 200 1404 300 363 400
638 0 5 1116 0 1137 100 659 200 676 300 34 400
639 0 5 690 0 1396 100 233 200 1220 300 852 400
640 0 5 1052 0 617 100 422 200 1154 300 440 400
641 0 5 313 0 534 100 262 200 416 300 1199 400
642 0 5 649 0 404 100 452 200 1319 300 881 400
643 0 5 1450 0 1181 100 503 200 771 300 1256 400
644 0 5 398 0 672 100 1185 200 250 300 1312 400
645 0 5 1119 0 959 100 379 200 1391 300 1125 400
646 0 5 1179 0 1458 100 911 200 1235 300 713 400
647 0 5 254 0 191 100 1257 200 973 300 462 400
648 0 5 636 0 595 100 805 200 1074 300 619 400
649 0 5 642 0 1319 100 881 200 404 300 452 400
650 0 5 148 0 1358 100 106 200 505 300 15 400
651 0 5 564 0 584 100 693 200 383 300 477 400
652 0 5 232 0 724 100 1082 200 839 300 915 400
653 0 5 43 0 222 100 1063 200 401 300 1374 400
654 0 5 546 0 1172 100 727 200 754 300 769 400
655 0 5 1433 0 689 100 1427 200 1469 300 720 400
656 0 5 452 0 497 100 1457 200 263 300 666 400
657 0 5 1377 0 910 100 631 200 978 300 691 400
658 0 5 1289 0 700 100 1446 200 478 300 1273 400
659 0 5 235 0 1137 100 296 200 516 300 638 400
660 0 5 223 0 1219 100 886 200 500 300 1174 400
661 0 5 91 0 1216 100 614 200 1417 300 143 400
662 0 5 907 0 82 100 453 200 190 300 695 400
663 0 5 834 0 856 100 361 200 957 300 1444 400
664 0 5 52 0 152 100 1178 200 1146 300 1302 400
665 0 5 1381 0 766 100 1142 200 1138 300 1107 400
666 0 5 526 0 263 100 103 200 656 300 898 400
667 0 5 90 0 902 100 536 200 753 300 368 400
668 0 5 392 0 432 100 953 200 833 300 1083 400
669 0 5 1102 0 385 100 1330 200 534 300 122 400
670 0 5 1252 0 904 100 1010 200 828 300 328 400
671 0 5 1493 0 717 100 127 200 973 300 647 400
672 0 5 958 0 644 100 295 200 340 300 1190 400
673 0 5 1160 0 541 100 1436 200 882 300 618 400
674 0 5 1472 0 405 100 596 200 941 300 486 400
675 0 5 1482 0 1509 100 1508 200 110 300 479 400
676 0 5 681 0 34 100 1061 200 1137 300 296 400
677 0 5 1209 0 522 100 557 200 901 300 954 400
678 0 5 153 0 458 100 470 200 518 300 459 400
679 0 5 988 0 837 100 1470 200 1187 300 843 400
680 0 5 633 0 245 100 969 200 566 300 558 400
681 0 5 676 0 1307 100 1061 200 861 300 141 400
682 0 5 60 0 1418 100 467 200 1034 300 319 400
683 0 5 1411 0 25 100 1251 200 277 300 346 400
684 0 5 1053 0 1454 100 726 200 950 300 1179 400
685 0 5 1107 0 1009 100 1207 200 222 300 759 400
686 0 5 1394 0 702 100 28 200 829 300 387 400
687 0 5 334 0 580 100 1307 200 34 300 1431 400
688 0 5 1455 0 1092 100 330 200 32 300 820 400
689 0 5 655 0 1469 100 1163 200 1368 300 523 400
690 0 5 1187 0 639 100 706 200 590 300 1396 400
691 0 5 762 0 612 100 1496 200 657 300 1287 400
692 0 5 505 0 1459 100 406 200 932 300 106 400
693 0 5 1202 0 651 100 564 200 83 300 711 400
694 0 5 1410 0 1259 100 1467 200 1280 300 1483 400
695 0 5 82 0 1401 100 662 200 915 300 453 400
696 0 5 731 0 495 100 137 200 399 300 281 400
697 0 5 992 0 35 100 875 200 185 300 36 400
698 0 5 1152 0 804 100 269 200 403 300 332 400
699 0 5 238 0 324 100 1385 200 1171 300 300 400
700 0 5 1273 0 658 100 801 200 74 300 1446 400
701 0 5 605 0 1225 100 210 200 1207 300 685 400
702 0 5 686 0 387 100 28 200 441 300 1242 400
703 0 5 606 0 1192 100 173 200 1438 300 1204 400
704 0 5 412 0 867 100 1372 200 1364 300 1444 400
705 0 5 1381 0 1001 100 1107 200 303 300 622 400
706 0 5 590 0 1187 100 843 200 690 300 988 400
707 0 5 76 0 743 100 125 200 380 300 1323 400
708 0 5 848 0 579 100 247 200 884 300 354 400
709 0 5 1506 0 1507 100 623 200 1249 300 1127 400
710 0 5 233 0 1129 100 852 200 114 300 1220 400
711 0 5 564 0 1383 100 1408 200 383 300 693 400
712 0 5 635 0 99 100 1318 200 1298 300 746 400
713 0 5 1135 0 911 100 311 200 1357 300 5 400
714 0 5 1475 0 568 100 519 200 899 300 876 400
715 0 5 423 0 96 100 367 200 327 300 1062 400
716 0 5 1392 0 1365 100 1098 200 542 300 757 400
717 0 5 671 0 423 100 191 200 54 300 647 400
718 0 5 1065 0 94 100 33 200 1313 300 634 400
719 0 5 554 0 400 100 1164 200 399 300 956 400
720 0 5 1433 0 1427 100 753 200 1184 300 1469 400
721 0 5 1241 0 9 100 774 200 437 300 1342 400
722 0 5 447 0 851 100 578 200 874 300 1172 400
723 0 5 516 0 1339 100 31 200 659 300 503 400
724 0 5 652 0 246 100 232 200 373 300 248 400
725 0 5 512 0 961 100 1321 200 744 300 410 400
726 0 5 384 0 234 100 543 200 1454 300 684 400
727 0 5 1155 0 654 100 389 200 1384 300 1172 400
728 0 5 1247 0 897 100 1134 200 807 300 1144 400
729 0 5 25 0 277 100 224 200 1411 300 204 400
730 0 5 245 0 558 100 566 200 1253 300 680 400
731 0 5 696 0 1033 100 137 200 399 300 243 400
732 0 5 965 0 388 100 1067 200 1342 300 1330 400
733 0 5 995 0 831 100 916 200 1105 300 964 400
734 0 5 1421 0 456 100 770 200 421 300 530 400
735 0 5 1283 0 1095 100 17 200 289 300 476 400
736 0 5 764 0 198 100 101 200 1266 300 936 400
737 0 5 1262 0 1044 100 565 200 872 300 1390 400
738 0 5 169 0 821 100 515 200 348 300 933 400
739 0 5 788 0 325 100 587 200 465 300 920 400
740 0 5 41 0 1479 100 20 200 484 300 1010 400
741 0 5 1405 0 147 100 756 200 1422 300 1215 400
742 0 5 1255 0 306 100 1296 200 829 300 135 400
743 0 5 707 0 186 100 1323 200 1489 300 125 400
744 0 5 961 0 1269 100 725 200 533 300 585 400
745 0 5 501 0 1357 100 5 200 33 300 551 400
746 0 5 264 0 1298 100 712 200 71 300 635 400
747 0 5 567 0 773 100 1409 200 563 300 445 400
748 0 5 582 0 1183 100 1032 200 244 300 704 400
749 0 5 1274 0 1154 100 1177 200 480 300 617 400
750 0 5 7 0 983 100 132 200 570 300 1099 400
751 0 5 842 0 475 100 166 200 1435 300 463 400
752 0 5 58 0 429 100 162 200 1394 300 864 400
753 0 5 1184 0 90 100 720 200 604 300 330 400
754 0 5 1277 0 826 100 546 200 1172 300 654 400
755 0 5 159 0 1168 100 87 200 982 300 298 400
756 0 5 1405 0 368 100 741 200 147 300 902 400
757 0 5 1189 0 1392 100 195 200 29 300 1379 400
758 0 5 241 0 1030 100 509 200 14 300 123 400
759 0 5 766 0 1142 100 1306 200 1107 300 1009 400
760 0 5 109 0 1057 100 1041 200 390 300 381 400
761 0 5 1347 0 607 100 628 200 997 300 246 400
762 0 5 383 0 691 100 612 200 1496 300 1287 400
763 0 5 799 0 108 100 601 200 468 300 1239 400
764 0 5 936 0 736 100 765 200 198 300 559 400
765 0 5 936 0 414 100 949 200 559 300 764 400
766 0 5 759 0 665 100 1142 200 1138 300 1107 400
767 0 5 416 0 262 100 1416 200 382 300 332 400
768 0 5 369 0 225 100 489 200 374 300 393 400
769 0 5 863 0 146 100 389 200 546 300 1005 400
770 0 5 260 0 1282 100 734 200 421 300 1260 400
771 0 5 1450 0 1233 100 1237 200 1354 300 643 400
772 0 5 337 0 1460 100 1105 200 1472 300 271 400
773 0 5 181 0 747 100 1409 200 1117 300 567 400
774 0 5 40 0 721 100 9 200 504 300 239 400
775 0 5 1499 0 949 100 1335 200 414 300 79 400
776 0 5 282 0 1426 100 67 200 535 300 560 400
777 0 5 1391 0 425 100 1125 200 1466 300 329 400
778 0 5 1267 0 1398 100 1083 200 1421 300 530 400
779 0 5 50 0 1248 100 1255 200 1348 300 485 400
780 0 5 461 0 933 100 609 200 77 300 783 400
781 0 5 1016 0 294 100 956 200 888 300 243 400
782 0 5 429 0 514 100 353 200 752 300 58 400
783 0 5 897 0 538 100 780 200 1122 300 728 400
784 0 5 985 0 203 100 1276 200 1143 300 528 400
785 0 5 2 0 14 100 585 200 572 300 145 400
786 0 5 1159 0 977 100 161 200 1120 300 206 400
787 0 5 623 0 338 100 1249 200 194 300 1270 400
788 0 5 739 0 830 100 804 200 325 300 332 400
789 0 5 1229 0 1260 100 80 200 1421 300 180 400
790 0 5 193 0 588 100 1195 200 1133 300 1093 400
791 0 5 1089 0 876 100 944 200 1290 300 624 400
792 0 5 813 0 849 100 440 200 183 300 619 400
793 0 5 54 0 1264 100 327 200 1139 300 1062 400
794 0 5 1042 0 919 100 1035 200 1080 300 811 400
795 0 5 208 0 1428 100 1242 200 1474 300 611 400
796 0 5 1038 0 1368 100 52 200 1341 300 1146 400
797 0 5 571 0 545 100 1499 200 1464 300 1118 400
798 0 5 131 0 1448 100 596 200 1020 300 1258 400
799 0 5 1064 0 763 100 1170 200 197 300 1244 400
800 0 5 1326 0 309 100 363 200 61 300 637 400
801 0 5 1018 0 74 100 700 200 599 300 1429 400
802 0 5 128 0 1096 100 561 200 366 300 38 400
803 0 5 39 0 155 100 1217 200 613 300 615 400
804 0 5 403 0 269 100 698 200 788 300 325 400
805 0 5 619 0 154 100 648 200 1074 300 792 400
806 0 5 50 0 511 100 1348 200 779 300 572 400
807 0 5 358 0 538 100 1122 200 1425 300 1495 400
808 0 5 510 0 1194 100 581 200 1259 300 1015 400
809 0 5 1346 0 280 100 1285 200 1027 300 253 400
810 0 5 13 0 200 100 825 200 1292 300 823 400
811 0 5 286 0 1042 100 356 200 912 300 370 400
812 0 5 1141 0 138 100 920 200 991 300 1102 400
813 0 5 792 0 440 100 849 200 1052 300 617 400
814 0 5 466 0 631 100 190 200 1453 300 1279 400
815 0 5 1240 0 872 100 444 200 1048 300 976 400
816 0 5 418 0 42 100 59 200 98 300 1406 400
817 0 5 1176 0 59 100 1308 200 42 300 180 400
818 0 5 255 0 1239 100 1203 200 397 300 258 400
819 0 5 824 0 84 100 1347 200 997 300 491 400
820 0 5 516 0 1092 100 1455 200 1171 300 688 400
821 0 5 738 0 557 100 901 200 1415 300 1112 400
822 0 5 194 0 411 100 408 200 1103 300 626 400
823 0 5 1292 0 825 100 810 200 297 300 179 400
824 0 5 84 0 819 100 1347 200 248 300 246 400
825 0 5 823 0 810 100 200 200 1361 300 1435 400
826 0 5 754 0 1148 100 851 200 422 300 1274 400
827 0 5 62 0 251 100 61 200 1420 300 363 400
828 0 5 1336 0 453 100 1252 200 907 300 670 400
829 0 5 485 0 1255 100 1394 200 135 300 1468 400
830 0 5 332 0 403 100 788 200 804 300 923 400
831 0 5 290 0 733 100 995 200 962 300 261 400
832 0 5 124 0 11 100 267 200 391 300 117 400
833 0 5 392 0 953 100 668 200 1389 300 1083 400
834 0 5 111 0 663 100 856 200 283 300 957 400
835 0 5 1445 0 1424 100 1388 200 1055 300 925 400
836 0 5 340 0 450 100 491 200 547 300 364 400
837 0 5 679 0 1470 100 1441 200 988 300 64 400
838 0 5 5 0 311 100 33 200 1031 300 1356 400
839 0 5 1082 0 295 100 942 200 947 300 652 400
840 0 5 1485 0 1507 100 1508 200 278 300 914 400
841 0 5 1297 0 926 100 854 200 1317 300 855 400
842 0 5 751 0 97 100 1310 200 463 300 556 400
843 0 5 988 0 706 100 64 200 1187 300 1441 400
844 0 5 1040 0 1265 100 71 200 1013 300 264 400
845 0 5 309 0 136 100 472 200 1357 300 911 400
846 0 5 1001 0 1360 100 622 200 295 300 705 400
847 0 5 168 0 1182 100 549 200 904 300 1476 400
848 0 5 708 0 527 100 354 200 209 300 1376 400
849 0 5 1074 0 792 100 813 200 440 300 221 400
850 0 5 1265 0 1253 100 1040 200 1339 300 820 400
851 0 5 1277 0 447 100 722 200 422 300 826 400
852 0 5 710 0 174 100 1129 200 69 300 639 400
853 0 5 115 0 981 100 30 200 175 300 1113 400
854 0 5 310 0 889 100 1297 200 1317 300 841 400
855 0 5 926 0 123 100 91 200 241 300 317 400
856 0 5 361 0 663 100 834 200 927 300 1046 400
857 0 5 425 0 219 100 1125 200 1466 300 379 400
858 0 5 1396 0 1461 100 12 200 1470 300 257 400
859 0 5 163 0 916 100 1382 200 995 300 1105 400
860 0 5 170 0 397 100 178 200 1289 300 258 400
861 0 5 268 0 141 100 1145 200 1061 300 681 400
862 0 5 1024 0 986 100 349 200 574 300 1213 400
863 0 5 769 0 146 100 1005 200 546 300 389 400
864 0 5 162 0 135 100 913 200 58 300 752 400
865 0 5 270 0 975 100 469 200 525 300 343 400
866 0 5 284 0 575 100 1469 200 1427 300 1331 400
867 0 5 1364 0 632 100 704 200 427 300 582 400
868 0 5 527 0 1376 100 1231 200 1477 300 848 400
869 0 5 382 0 1416 100 1016 200 888 300 332 400
870 0 5 1449 0 934 100 1412 200 1321 300 508 400
871 0 5 1327 0 1219 100 488 200 1456 300 1224 400
872 0 5 1044 0 815 100 1096 200 417 300 737 400
873 0 5 223 0 446 100 1491 200 11 300 1174 400
874 0 5 1432 0 578 100 722 200 1172 300 727 400
875 0 5 240 0 329 100 697 200 48 300 185 400
876 0 5 791 0 944 100 899 200 1089 300 714 400
877 0 5 903 0 1320 100 19 200 1404 300 551 400
878 0 5 568 0 364 100 482 200 972 300 1475 400
879 0 5 1203 0 1138 100 1484 200 1312 300 258 400
880 0 5 6 0 625 100 393 200 341 300 304 400
881 0 5 1467 0 581 100 404 200 649 300 642 400
882 0 5 1436 0 618 100 541 200 673 300 172 400
883 0 5 507 0 924 100 1316 200 1246 300 428 400
884 0 5 1158 0 354 100 1247 200 247 300 708 400
885 0 5 443 0 1205 100 89 200 593 300 544 400
886 0 5 351 0 500 100 660 200 16 300 1327 400
887 0 5 819 0 394 100 493 200 1347 300 491 400
888 0 5 1152 0 243 100 1016 200 781 300 1033 400
889 0 5 854 0 548 100 310 200 321 300 229 400
890 0 5 1407 0 1463 100 1328 200 892 300 626 400
891 0 5 1315 0 477 100 160 200 386 300 651 400
892 0 5 1407 0 1072 100 890 200 626 300 1328 400
893 0 5 1162 0 93 100 968 200 1335 300 102 400
894 0 5 395 0 1291 100 1111 200 502 300 1366 400
895 0 5 1460 0 1145 100 163 200 1105 300 692 400
896 0 5 1085 0 1430 100 273 200 1350 300 1058 400
897 0 5 783 0 728 100 538 200 1425 300 807 400
898 0 5 45 0 526 100 666 200 471 300 103 400
899 0 5 519 0 944 100 714 200 876 300 624 400
900 0 5 499 0 24 100 1501 200 1447 300 736 400
901 0 5 1112 0 1209 100 821 200 677 300 557 400
902 0 5 667 0 368 100 1405 200 756 300 678 400
903 0 5 877 0 1153 100 19 200 1404 300 637 400
904 0 5 168 0 670 100 847 200 1252 300 1336 400
905 0 5 23 0 1295 100 369 200 768 300 1359 400
906 0 5 430 0 1251 100 1015 200 943 300 581 400
907 0 5 662 0 453 100 1336 200 828 300 190 400
908 0 5 1304 0 554 100 956 200 1068 300 719 400
909 0 5 271 0 1442 100 932 200 505 300 15 400
910 0 5 978 0 657 100 1057 200 109 300 631 400
911 0 5 1235 0 713 100 311 200 646 300 1458 400
912 0 5 436 0 1471 100 811 200 1410 300 1280 400
913 0 5 58 0 118 100 864 200 1296 300 1024 400
914 0 5 1485 0 278 100 840 200 365 300 147 400
915 0 5 1293 0 945 100 373 200 82 300 652 400
916 0 5 964 0 995 100 859 200 1105 300 733 400
917 0 5 1115 0 1057 100 347 200 910 300 1439 400
918 0 5 1062 0 96 100 938 200 327 300 1037 400
919 0 5 370 0 794 100 1042 200 811 300 356 400
920 0 5 431 0 812 100 991 200 1023 300 739 400
921 0 5 1128 0 112 100 149 200 30 300 1000 400
922 0 5 939 0 1454 100 1230 200 1034 300 1254 400
923 0 5 385 0 262 100 534 200 830 300 1330 400
924 0 5 428 0 883 100 1222 200 1246 300 507 400
925 0 5 946 0 1399 100 292 200 1388 300 514 400
926 0 5 855 0 841 100 854 200 1297 300 123 400
927 0 5 1032 0 1062 100 856 200 316 300 1183 400
928 0 5 1249 0 228 100 1127 200 194 300 411 400
929 0 5 998 0 248 100 232 200 547 300 958 400
930 0 5 1140 0 1208 100 1441 200 100 300 143 400
931 0 5 1503 0 1502 100 1475 200 972 300 323 400
932 0 5 271 0 909 100 1460 200 505 300 692 400
933 0 5 1415 0 780 100 461 200 77 300 738 400
934 0 5 870 0 1449 100 252 200 410 300 1321 400
935 0 5 480 0 312 100 1069 200 1148 300 1177 400
936 0 5 764 0 765 100 198 200 736 300 559 400
937 0 5 179 0 252 100 396 200 410 300 297 400
938 0 5 1314 0 1206 100 96 200 367 300 918 400
939 0 5 922 0 1230 100 1034 200 1254 300 438 400
940 0 5 1374 0 20 100 41 200 401 300 43 400
941 0 5 486 0 596 100 674 200 405 300 131 400
942 0 5 484 0 839 100 116 200 1082 300 1001 400
943 0 5 1015 0 906 100 380 200 1194 300 430 400
944 0 5 876 0 899 100 791 200 1089 300 624 400
945 0 5 8 0 979 100 373 200 915 300 82 400
946 0 5 1261 0 925 100 353 200 514 300 1156 400
947 0 5 998 0 232 100 295 200 839 300 652 400
948 0 5 1500 0 512 100 179 200 410 300 1091 400
949 0 5 414 0 765 100 559 200 775 300 764 400
950 0 5 424 0 1053 100 1179 200 684 300 1458 400
951 0 5 1205 0 614 100 219 200 317 300 1466 400
952 0 5 522 0 617 100 1177 200 335 300 557 400
953 0 5 833 0 1389 100 1353 200 1083 300 668 400
954 0 5 221 0 594 100 636 200 522 300 595 400
955 0 5 1480 0 1023 100 239 200 1049 300 552 400
956 0 5 1016 0 781 100 908 200 1380 300 517 400
957 0 5 94 0 111 100 634 200 663 300 834 400
958 0 5 547 0 672 100 340 200 929 300 998 400
959 0 5 1263 0 645 100 240 200 1211 300 1119 400
960 0 5 1359 0 1295 100 1232 200 1227 300 121 400
961 0 5 744 0 725 100 1438 200 533 300 512 400
962 0 5 1021 0 290 100 1258 200 596 300 18 400
963 0 5 1050 0 99 100 1298 200 165 300 434 400
964 0 5 1105 0 916 100 859 200 733 300 1460 400
965 0 5 732 0 1067 100 122 200 388 300 1081 400
966 0 5 57 0 1243 100 993 200 322 300 201 400
967 0 5 624 0 1462 100 1186 200 273 300 1089 400
968 0 5 79 0 414 100 893 200 93 300 765 400
969 0 5 680 0 1237 100 633 200 558 300 994 400
970 0 5 349 0 214 100 986 200 449 300 1055 400
971 0 5 420 0 90 100 613 200 536 300 1400 400
972 0 5 1503 0 1504 100 1475 200 1132 300 931 400
973 0 5 1493 0 1257 100 127 200 671 300 1188 400
974 0 5 177 0 608 100 314 200 1045 300 126 400
975 0 5 865 0 583 100 469 200 343 300 270 400
976 0 5 68 0 166 100 1240 200 751 300 815 400
977 0 5 786 0 426 100 1026 200 206 300 288 400
978 0 5 910 0 390 100 109 200 657 300 1057 400
979 0 5 945 0 82 100 1223 200 8 300 662 400
980 0 5 314 0 126 100 1041 200 608 300 760 400
981 0 5 853 0 1414 100 293 200 648 300 154 400
982 0 5 298 0 224 100 140 200 159 300 755 400
983 0 5 7 0 570 100 750 200 49 300 1275 400
984 0 5 1026 0 426 100 130 200 206 300 977 400
985 0 5 784 0 1276 100 1143 200 528 300 1451 400
986 0 5 862 0 349 100 449 200 970 300 1248 400
987 0 5 457 0 1413 100 95 200 1084 300 279 400
988 0 5 679 0 843 100 1187 200 837 300 706 400
989 0 5 1338 0 1271 100 1487 200 442 300 504 400
990 0 5 1221 0 323 100 418 200 1406 300 307 400
991 0 5 138 0 1023 100 239 200 920 300 812 400
992 0 5 697 0 35 100 875 200 36 300 89 400
993 0 5 1017 0 966 100 1375 200 454 300 1019 400
994 0 5 67 0 560 100 535 200 969 300 633 400
995 0 5 733 0 916 100 261 200 859 300 831 400
996 0 5 1324 0 27 100 60 200 1299 300 1003 400
997 0 5 1440 0 628 100 819 200 1347 300 1315 400
998 0 5 947 0 929 100 232 200 958 300 547 400
999 0 5 266 0 1226 100 1300 200 1488 300 331 400
1000 0 5 1113 0 164 100 1477 200 30 300 1363 400
1001 0 5 846 0 116 100 705 200 942 300 295 400
1002 0 5 463 0 1159 100 464 200 161 300 1281 400
1003 0 5 1418 0 1299 100 205 200 60 300 996 400
1004 0 5 1047 0 1498 100 1224 200 215 300 1012 400
1005 0 5 863 0 626 100 546 200 769 300 146 400
1006 0 5 1114 0 1494 100 1147 200 699 300 324 400
1007 0 5 1294 0 278 100 573 200 151 300 518 400
1008 0 5 448 0 270 100 1126 200 525 300 182 400
1009 0 5 362 0 1306 100 1207 200 685 300 759 400
1010 0 5 328 0 1479 100 20 200 670 300 1293 400
1011 0 5 556 0 1369 100 1078 200 520 300 1435 400
1012 0 5 1456 0 215 100 1151 200 1047 300 1224 400
1013 0 5 1265 0 1253 100 1339 200 844 300 71 400
1014 0 5 438 0 436 100 1230 200 1471 300 1254 400
1015 0 5 510 0 943 100 906 200 1251 300 808 400
1016 0 5 781 0 869 100 956 200 888 300 243 400
1017 0 5 454 0 993 100 1375 200 10 300 322 400
1018 0 5 599 0 801 100 700 200 1429 300 1351 400
1019 0 5 1029 0 1375 100 1043 200 10 300 993 400
1020 0 5 1333 0 1434 100 798 200 1481 300 1117 400
1021 0 5 962 0 405 100 290 200 596 300 1258 400
1022 0 5 490 0 1088 100 1372 200 1150 300 1094 400
1023 0 5 239 0 955 100 991 200 920 300 552 400
1024 0 5 862 0 574 100 349 200 353 300 118 400
1025 0 5 618 0 157 100 1084 200 521 300 95 400
1026 0 5 288 0 426 100 977 200 984 300 565 400
1027 0 5 1193 0 280 100 174 200 1352 300 1285 400
1028 0 5 1301 0 1200 100 427 200 244 300 199 400
1029 0 5 1019 0 1043 100 184 200 1375 300 22 400
1030 0 5 509 0 189 100 758 200 508 300 1216 400
1031 0 5 311 0 370 100 838 200 356 300 1356 400
1032 0 5 927 0 1183 100 748 200 412 300 316 400
1033 0 5 731 0 137 100 243 200 1152 300 698 400
1034 0 5 1254 0 467 100 27 200 319 300 939 400
1035 0 5 1471 0 1080 100 794 200 1042 300 811 400
1036 0 5 8 0 628 100 160 200 1223 300 607 400
1037 0 5 202 0 1183 100 1206 200 1276 300 1314 400
1038 0 5 796 0 37 100 536 200 44 300 1400 400
1039 0 5 145 0 533 100 22 200 1348 300 785 400
1040 0 5 844 0 1265 100 1286 200 264 300 71 400
1041 0 5 381 0 980 100 1222 200 126 300 760 400
1042 0 5 794 0 811 100 919 200 1035 300 1080 400
1043 0 5 22 0 1029 100 533 200 10 300 1019 400
1044 0 5 872 0 1262 100 737 200 128 300 565 400
1045 0 5 177 0 1284 100 433 200 608 300 586 400
1046 0 5 1139 0 283 100 191 200 856 300 19 400
1047 0 5 1004 0 144 100 1101 200 1498 300 1012 400
1048 0 5 444 0 815 100 1361 200 1056 300 415 400
1049 0 5 1480 0 1365 100 552 200 955 300 1023 400
1050 0 5 963 0 1191 100 165 200 434 300 1090 400
1051 0 5 464 0 1310 100 372 200 463 300 97 400
1052 0 5 640 0 440 100 422 200 617 300 183 400
1053 0 5 684 0 950 100 726 200 424 300 543 400
1054 0 5 339 0 1121 100 1382 200 259 300 261 400
1055 0 5 1156 0 226 100 349 200 835 300 353 400
1056 0 5 415 0 134 100 498 200 1048 300 85 400
1057 0 5 917 0 760 100 109 200 910 300 1115 400
1058 0 5 1350 0 500 100 592 200 476 300 1283 400
1059 0 5 83 0 1202 100 584 200 386 300 1132 400
1060 0 5 287 0 1373 100 199 200 1200 300 1349 400
1061 0 5 575 0 56 100 676 200 681 300 861 400
1062 0 5 327 0 918 100 927 200 1264 300 793 400
1063 0 5 1225 0 43 100 653 200 222 300 1374 400
1064 0 5 1244 0 799 100 763 200 468 300 73 400
1065 0 5 1313 0 718 100 76 200 94 300 634 400
1066 0 5 63 0 267 100 531 200 11 300 1229 400
1067 0 5 965 0 1081 100 122 200 732 300 1342 400
1068 0 5 24 0 1304 100 908 200 554 300 220 400
1069 0 5 1268 0 1148 100 312 200 935 300 1274 400
1070 0 5 1452 0 1180 100 554 200 400 300 1334 400
1071 0 5 1346 0 560 100 1426 200 597 300 633 400
1072 0 5 305 0 892 100 1301 200 338 300 1086 400
1073 0 5 1452 0 1197 100 220 200 1109 300 1075 400
1074 0 5 849 0 619 100 805 200 648 300 221 400
1075 0 5 1109 0 304 100 451 200 1087 300 1197 400
1076 0 5 106 0 406 100 1130 200 148 300 1163 400
1077 0 5 1144 0 1425 100 1305 200 1158 300 884 400
1078 0 5 1369 0 520 100 377 200 1011 300 105 400
1079 0 5 1468 0 242 100 184 200 28 300 1348 400
1080 0 5 234 0 1471 100 1035 200 794 300 1042 400
1081 0 5 1342 0 1067 100 9 200 122 300 239 400
1082 0 5 484 0 839 100 942 200 652 300 328 400
1083 0 5 51 0 778 100 432 200 953 300 1421 400
1084 0 5 521 0 95 100 987 200 457 300 1025 400
1085 0 5 1350 0 896 100 1430 200 1174 300 1058 400
1086 0 5 305 0 78 100 338 200 487 300 1270 400
1087 0 5 304 0 451 100 1075 200 1109 300 625 400
1088 0 5 265 0 1150 100 1022 200 1364 300 1372 400
1089 0 5 791 0 624 100 1290 200 944 300 876 400
1090 0 5 165 0 253 100 1050 200 71 300 633 400
1091 0 5 1438 0 1500 100 1192 200 948 300 13 400
1092 0 5 1171 0 820 100 688 200 300 300 238 400
1093 0 5 178 0 1195 100 108 200 588 300 790 400
1094 0 5 1489 0 1150 100 1022 200 1136 300 490 400
1095 0 5 1343 0 735 100 1151 200 17 300 1012 400
1096 0 5 366 0 802 100 128 200 38 300 192 400
1097 0 5 1540 0 1 100 1403 200 1127 300 1385 400
1098 0 5 371 0 542 100 1392 200 716 300 1365 400
1099 0 5 1210 0 492 100 132 200 1414 300 750 400
1100 0 5 494 0 1206 100 528 200 367 300 1371 400
1101 0 5 144 0 1389 100 474 200 1047 300 1151 400
1102 0 5 669 0 1141 100 122 200 1330 300 788 400
1103 0 5 411 0 1329 100 822 200 629 300 1104 400
1104 0 5 228 0 1245 100 928 200 1103 300 1044 400
1105 0 5 964 0 772 100 1460 200 916 300 733 400
1106 0 5 1370 0 359 100 1124 200 3 300 537 400
1107 0 5 685 0 1381 100 705 200 759 300 665 400
1108 0 5 1174 0 1430 100 1186 200 446 300 273 400
1109 0 5 1075 0 1197 100 1073 200 304 300 451 400
1110 0 5 1423 0 513 100 1398 200 102 300 1267 400
1111 0 5 621 0 395 100 344 200 894 300 1291 400
1112 0 5 901 0 460 100 594 200 1415 300 821 400
1113 0 5 1000 0 115 100 164 200 1363 300 981 400
1114 0 5 1147 0 1006 100 1494 200 4 300 21 400
1115 0 5 917 0 347 100 1439 200 910 300 407 400
1116 0 5 34 0 638 100 1307 200 676 300 1137 400
1117 0 5 1481 0 1409 100 181 200 773 300 1370 400
1118 0 5 1169 0 1464 100 545 200 102 300 571 400
1119 0 5 1211 0 645 100 889 200 310 300 959 400
1120 0 5 1236 0 161 100 342 200 786 300 352 400
1121 0 5 1149 0 1054 100 259 200 1382 300 1233 400
1122 0 5 498 0 538 100 358 200 807 300 350 400
1123 0 5 540 0 577 100 605 200 419 300 799 400
1124 0 5 1448 0 1173 100 359 200 1106 300 1370 400
1125 0 5 379 0 857 100 425 200 1391 300 777 400
1126 0 5 530 0 1008 100 270 200 456 300 1398 400
1127 0 5 1513 0 1512 100 1249 200 928 300 156 400
1128 0 5 149 0 921 100 30 200 112 300 175 400
1129 0 5 710 0 69 100 114 200 852 300 105 400
1130 0 5 1395 0 1076 100 523 200 591 300 1163 400
1131 0 5 1281 0 206 100 475 200 417 300 1159 400
1132 0 5 1516 0 1515 100 216 200 482 300 1362 400
1133 0 5 193 0 289 100 790 200 326 300 1289 400
1134 0 5 609 0 7 100 49 200 142 300 132 400
1135 0 5 501 0 713 100 745 200 1357 300 311 400
1136 0 5 81 0 1384 100 1155 200 1489 300 1094 400
1137 0 5 659 0 638 100 676 200 296 300 235 400
1138 0 5 1484 0 879 100 1142 200 665 300 1381 400
1139 0 5 1046 0 54 100 191 200 793 300 856 400
1140 0 5 930 0 1208 100 100 200 614 300 951 400
1141 0 5 812 0 122 100 1102 200 138 300 920 400
1142 0 5 766 0 759 100 665 200 1138 300 1306 400
1143 0 5 528 0 1451 100 985 200 784 300 627 400
1144 0 5 1158 0 1077 100 1425 200 1247 300 728 400
1145 0 5 268 0 895 100 861 200 1460 300 163 400
1146 0 5 272 0 52 100 664 200 796 300 1380 400
1147 0 5 1114 0 4 100 21 200 1040 300 1006 400
1148 0 5 1274 0 1069 100 826 200 480 300 1268 400
1149 0 5 1121 0 1233 100 259 200 1054 300 580 400
1150 0 5 1094 0 1088 100 1022 200 1384 300 308 400
1151 0 5 474 0 1012 100 1343 200 1095 300 1101 400
1152 0 5 888 0 698 100 1033 200 1016 300 781 400
1153 0 5 903 0 462 100 19 200 637 300 1404 400
1154 0 5 749 0 422 100 617 200 640 300 1274 400
1155 0 5 1340 0 727 100 1384 200 1136 300 389 400
1156 0 5 1261 0 1055 100 353 200 946 300 925 400
1157 0 5 1492 0 1477 100 209 200 1376 300 848 400
1158 0 5 884 0 1144 100 1247 200 1077 300 354 400
1159 0 5 786 0 161 100 1002 200 1281 300 206 400
1160 0 5 673 0 35 100 1436 200 541 300 882 400
1161 0 5 473 0 1186 100 47 200 402 300 1406 400
1162 0 5 893 0 182 100 93 200 1367 300 102 400
1163 0 5 406 0 1469 100 689 200 1130 300 1076 400
1164 0 5 399 0 281 100 719 200 400 300 1334 400
1165 0 5 1378 0 1393 100 103 200 1473 300 112 400
1166 0 5 134 0 173 100 85 200 1192 300 358 400
1167 0 5 320 0 587 100 465 200 121 300 129 400
1168 0 5 87 0 755 100 550 200 159 300 88 400
1169 0 5 1118 0 1423 100 102 200 285 300 545 400
1170 0 5 197 0 540 100 799 200 73 300 1244 400
1171 0 5 1092 0 238 100 820 200 699 300 1147 400
1172 0 5 654 0 1277 100 722 200 754 300 727 400
1173 0 5 359 0 600 100 1124 200 521 300 537 400
1174 0 5 1108 0 446 100 1430 200 660 300 1085 400
1175 0 5 448 0 182 100 1162 200 1367 300 525 400
1176 0 5 180 0 817 100 1282 200 267 300 1260 400
1177 0 5 1212 0 952 100 617 200 335 300 749 400
1178 0 5 416 0 313 100 152 200 664 300 641 400
1179 0 5 646 0 1235 100 911 200 950 300 370 400
1180 0 5 220 0 1070 100 1452 200 554 300 1068 400
1181 0 5 503 0 643 100 1253 200 1256 300 1450 400
1182 0 5 549 0 847 100 20 200 1010 300 670 400
1183 0 5 748 0 1037 100 1032 200 1373 300 582 400
1184 0 5 753 0 37 100 536 200 720 300 44 400
1185 0 5 610 0 1322 100 644 200 1312 300 398 400
1186 0 5 273 0 47 100 1430 200 1161 300 967 400
1187 0 5 690 0 706 100 988 200 843 300 679 400
1188 0 5 127 0 433 100 1284 200 1257 300 973 400
1189 0 5 757 0 1232 100 195 200 53 300 29 400
1190 0 5 1355 0 610 100 1322 200 672 300 644 400
1191 0 5 139 0 434 100 1050 200 439 300 299 400
1192 0 5 173 0 703 100 1438 200 1091 300 810 400
1193 0 5 1196 0 174 100 1027 200 439 300 299 400
1194 0 5 1483 0 808 100 1259 200 943 300 356 400
1195 0 5 588 0 1093 100 790 200 1343 300 474 400
1196 0 5 1193 0 299 100 1285 200 439 300 1027 400
1197 0 5 1109 0 1073 100 1499 200 1075 300 220 400
1198 0 5 227 0 1309 100 259 200 567 300 301 400
1199 0 5 313 0 1288 100 1341 200 207 300 641 400
1200 0 5 244 0 1028 100 1060 200 199 300 1373 400
1201 0 5 1250 0 428 100 423 200 883 300 507 400
1202 0 5 693 0 1059 100 620 200 83 300 564 400
1203 0 5 879 0 255 100 818 200 468 300 1306 400
1204 0 5 589 0 606 100 1438 200 703 300 10 400
1205 0 5 885 0 951 100 443 200 133 300 1466 400
1206 0 5 1314 0 1100 100 938 200 528 300 367 400
1207 0 5 210 0 362 100 1009 200 685 300 701 400
1208 0 5 1441 0 930 100 1140 200 1470 300 100 400
1209 0 5 677 0 557 100 901 200 821 300 1112 400
1210 0 5 1099 0 171 100 187 200 506 300 1414 400
1211 0 5 1119 0 1388 100 1445 200 959 300 1263 400
1212 0 5 218 0 1177 100 1329 200 335 300 952 400
1213 0 5 118 0 1296 100 1248 200 986 300 913 400
1214 0 5 1457 0 1319 100 1386 200 1299 300 656 400
1215 0 5 147 0 151 100 1405 200 153 300 1422 400
1216 0 5 143 0 508 100 661 200 1030 300 189 400
1217 0 5 155 0 470 100 803 200 555 300 1501 400
1218 0 5 535 0 301 100 1465 200 602 300 969 400
1219 0 5 871 0 488 100 660 200 1327 300 223 400
1220 0 5 590 0 233 100 639 200 710 300 706 400
1221 0 5 553 0 990 100 418 200 59 300 42 400
1222 0 5 126 0 924 100 1041 200 1246 300 883 400
1223 0 5 190 0 979 100 160 200 1036 300 8 400
1224 0 5 215 0 1498 100 1327 200 1004 300 531 400
1225 0 5 1063 0 701 100 1374 200 222 300 43 400
1226 0 5 1488 0 999 100 70 200 157 300 172 400
1227 0 5 1359 0 129 100 137 200 121 300 960 400
1228 0 5 1272 0 1287 100 237 200 494 300 211 400
1229 0 5 789 0 1260 100 63 200 1353 300 80 400
1230 0 5 939 0 1014 100 1471 200 1254 300 922 400
1231 0 5 107 0 1477 100 868 200 527 300 187 400
1232 0 5 1189 0 195 100 1295 200 960 300 53 400
1233 0 5 1149 0 771 100 1465 200 602 300 580 400
1234 0 5 38 0 496 100 348 200 515 300 561 400
1235 0 5 911 0 1179 100 646 200 311 300 370 400
1236 0 5 46 0 1120 100 72 200 342 300 786 400
1237 0 5 1465 0 969 100 771 200 1450 300 558 400
1238 0 5 259 0 291 100 1409 200 567 300 339 400
1239 0 5 818 0 601 100 255 200 397 300 763 400
1240 0 5 68 0 444 100 815 200 1435 300 976 400
1241 0 5 721 0 437 100 1487 200 15 300 909 400
1242 0 5 1428 0 209 100 795 200 1311 300 1474 400
1243 0 5 57 0 966 100 1278 200 1375 300 1474 400
1244 0 5 1064 0 468 100 73 200 799 300 197 400
1245 0 5 1104 0 167 100 228 200 569 300 1329 400
1246 0 5 1303 0 381 100 1222 200 883 300 924 400
1247 0 5 728 0 884 100 1144 200 247 300 1158 400
1248 0 5 779 0 1296 100 1255 200 1213 300 572 400
1249 0 5 194 0 1127 100 928 200 411 300 156 400
1250 0 5 1201 0 586 100 1045 200 177 300 428 400
1251 0 5 906 0 581 100 1015 200 683 300 65 400
1252 0 5 670 0 1336 100 828 200 904 300 168 400
1253 0 5 1181 0 1013 100 1256 200 850 300 730 400
1254 0 5 438 0 1034 100 1230 200 1324 300 1014 400
1255 0 5 742 0 829 100 1248 200 306 300 779 400
1256 0 5 31 0 1181 100 1253 200 503 300 643 400
1257 0 5 1420 0 973 100 1188 200 647 300 433 400
1258 0 5 1497 0 1337 100 596 200 962 300 18 400
1259 0 5 694 0 1483 100 1467 200 1194 300 808 400
1260 0 5 1229 0 789 100 180 200 770 300 1176 400
1261 0 5 1156 0 946 100 353 200 574 300 1055 400
1262 0 5 1390 0 565 100 1044 200 737 300 928 400
1263 0 5 1388 0 959 100 240 200 1211 300 1399 400
1264 0 5 327 0 793 100 54 200 1062 300 717 400
1265 0 5 1013 0 850 100 1040 200 844 300 1339 400
1266 0 5 66 0 101 100 198 200 736 300 1387 400
1267 0 5 778 0 1398 100 483 200 1110 300 432 400
1268 0 5 1069 0 408 100 312 200 629 300 1148 400
1269 0 5 585 0 744 100 2 200 14 300 785 400
1270 0 5 338 0 1086 100 305 200 1072 300 78 400
1271 0 5 1344 0 989 100 1487 200 337 300 1241 400
1272 0 5 1228 0 211 100 1287 200 1408 300 1371 400
1273 0 5 1429 0 700 100 658 200 592 300 326 400
1274 0 5 749 0 1148 100 480 200 1154 300 1177 400
1275 0 5 570 0 579 100 1099 200 750 300 983 400
1276 0 5 202 0 985 100 784 200 1478 300 1037 400
1277 0 5 754 0 851 100 1172 200 722 300 447 400
1278 0 5 276 0 1243 100 184 200 242 300 1474 400
1279 0 5 481 0 1453 100 466 200 1476 300 910 400
1280 0 5 286 0 356 100 1483 200 912 300 1259 400
1281 0 5 1131 0 206 100 1159 200 1002 300 751 400
1282 0 5 1308 0 75 100 770 200 817 300 1176 400
1283 0 5 735 0 17 100 476 200 1058 300 289 400
1284 0 5 433 0 1045 100 1188 200 127 300 586 400
1285 0 5 253 0 809 100 280 200 1196 300 299 400
1286 0 5 4 0 264 100 1040 200 1147 300 21 400
1287 0 5 1228 0 1272 100 612 200 691 300 211 400
1288 0 5 207 0 1199 100 1395 200 523 300 641 400
1289 0 5 658 0 258 100 170 200 326 300 478 400
1290 0 5 230 0 1089 100 336 200 791 300 876 400
1291 0 5 894 0 1366 100 1111 200 621 300 282 400
1292 0 5 823 0 13 100 810 200 825 300 1500 400
1293 0 5 1401 0 915 100 328 200 453 300 1082 400
1294 0 5 1007 0 1419 100 1387 200 573 300 518 400
1295 0 5 905 0 960 100 1232 200 369 300 1359 400
1296 0 5 1213 0 1248 100 118 200 306 300 742 400
1297 0 5 841 0 1317 100 854 200 926 300 379 400
1298 0 5 165 0 746 100 963 200 712 300 71 400
1299 0 5 205 0 1003 100 60 200 1214 300 1386 400
1300 0 5 529 0 266 100 999 200 1366 300 597 400
1301 0 5 1028 0 199 100 1072 200 427 300 1060 400
1302 0 5 1416 0 152 100 1178 200 767 300 869 400
1303 0 5 1246 0 1316 100 390 200 883 300 381 400
1304 0 5 517 0 908 100 1068 200 956 300 554 400
1305 0 5 1311 0 1474 100 1077 200 201 300 1425 400
1306 0 5 1009 0 759 100 468 200 73 300 1203 400
1307 0 5 681 0 120 100 275 200 34 300 687 400
1308 0 5 1282 0 75 100 817 200 770 300 1176 400
1309 0 5 445 0 1198 100 567 200 227 300 502 400
1310 0 5 97 0 1051 100 463 200 372 300 842 400
1311 0 5 231 0 1305 100 1474 200 1242 300 209 400
1312 0 5 1484 0 250 100 398 200 1185 300 1322 400
1313 0 5 1065 0 249 100 76 200 33 300 380 400
1314 0 5 938 0 1206 100 1037 200 528 300 367 400
1315 0 5 891 0 386 100 160 200 628 300 997 400
1316 0 5 237 0 1303 100 883 200 507 300 1246 400
1317 0 5 310 0 1297 100 854 200 379 300 841 400
1318 0 5 99 0 378 100 712 200 635 300 352 400
1319 0 5 649 0 1214 100 452 200 642 300 1457 400
1320 0 5 877 0 283 100 19 200 213 300 551 400
1321 0 5 1412 0 410 100 725 200 870 300 512 400
1322 0 5 1185 0 610 100 1312 200 1190 300 599 400
1323 0 5 490 0 634 100 743 200 707 300 1489 400
1324 0 5 996 0 1410 100 27 200 1254 300 1467 400
1325 0 5 204 0 471 100 45 200 224 300 140 400
1326 0 5 800 0 363 100 55 200 637 300 1357 400
1327 0 5 871 0 1456 100 1219 200 1224 300 886 400
1328 0 5 146 0 389 100 890 200 1463 300 626 400
1329 0 5 218 0 629 100 1245 200 1212 300 335 400
1330 0 5 534 0 385 100 122 200 669 300 1102 400
1331 0 5 296 0 56 100 1427 200 866 300 575 400
1332 0 5 517 0 615 100 1447 200 1380 300 956 400
1333 0 5 1020 0 1481 100 1409 200 798 300 1258 400
1334 0 5 576 0 400 100 281 200 1070 300 1164 400
1335 0 5 79 0 616 100 775 200 285 300 1499 400
1336 0 5 828 0 1252 100 907 200 904 300 168 400
1337 0 5 217 0 1258 100 1409 200 1497 300 567 400
1338 0 5 989 0 504 100 1487 200 721 300 1241 400
1339 0 5 31 0 723 100 1013 200 1256 300 850 400
1340 0 5 1155 0 81 100 1432 200 65 300 874 400
1341 0 5 1368 0 207 100 1199 200 523 300 796 400
1342 0 5 1081 0 9 100 388 200 437 300 721 400
1343 0 5 474 0 1095 100 1151 200 1195 300 588 400
1344 0 5 1271 0 1487 100 1472 200 337 300 1241 400
1345 0 5 611 0 441 100 387 200 795 300 28 400
1346 0 5 809 0 1071 100 597 200 1285 300 280 400
1347 0 5 761 0 824 100 819 200 997 300 887 400
1348 0 5 22 0 184 100 806 200 511 300 1039 400
1349 0 5 287 0 487 100 199 200 1060 300 1403 400
1350 0 5 1085 0 1058 100 896 200 500 300 592 400
1351 0 5 1462 0 1429 100 592 200 599 300 273 400
1352 0 5 280 0 113 100 12 200 597 300 1027 400
1353 0 5 1498 0 63 100 953 200 1229 300 144 400
1354 0 5 503 0 1450 100 580 200 771 300 34 400
1355 0 5 1190 0 357 100 450 200 610 300 230 400
1356 0 5 318 0 249 100 33 200 838 300 1031 400
1357 0 5 302 0 713 100 413 200 1326 300 745 400
1358 0 5 650 0 15 100 505 200 1442 300 437 400
1359 0 5 1227 0 960 100 374 200 1295 300 369 400
1360 0 5 360 0 846 100 622 200 295 300 705 400
1361 0 5 415 0 444 100 1435 200 200 300 825 400
1362 0 5 216 0 1132 100 1440 200 997 300 493 400
1363 0 5 171 0 164 100 1113 200 1000 300 1477 400
1364 0 5 867 0 265 100 308 200 632 300 1463 400
1365 0 5 716 0 1049 100 552 200 542 300 1098 400
1366 0 5 1291 0 282 100 1300 200 894 300 1426 400
1367 0 5 93 0 525 100 1162 200 1175 300 198 400
1368 0 5 1341 0 796 100 689 200 523 300 44 400
1369 0 5 520 0 1078 100 1011 200 105 300 377 400
1370 0 5 1106 0 1434 100 3 200 181 300 1124 400
1371 0 5 627 0 211 100 494 200 1100 300 528 400
1372 0 5 412 0 1444 100 1022 200 704 300 1088 400
1373 0 5 1060 0 1183 100 1200 200 582 300 244 400
1374 0 5 940 0 1225 100 20 200 43 300 1063 400
1375 0 5 1019 0 993 100 1278 200 1029 300 10 400
1376 0 5 1492 0 868 100 527 200 848 300 1477 400
1377 0 5 1496 0 657 100 160 200 631 300 477 400
1378 0 5 1165 0 1473 100 103 200 526 300 112 400
1379 0 5 29 0 158 100 757 200 195 300 1189 400
1380 0 5 956 0 615 100 1332 200 613 300 272 400
1381 0 5 665 0 705 100 1107 200 303 300 1138 400
1382 0 5 261 0 859 100 1054 200 1121 300 916 400
1383 0 5 1408 0 711 100 620 200 1451 300 564 400
1384 0 5 389 0 1136 100 727 200 1155 300 1328 400
1385 0 5 324 0 300 100 147 200 699 300 1490 400
1386 0 5 205 0 1214 100 497 200 1457 300 1299 400
1387 0 5 198 0 1294 100 525 200 1266 300 1419 400
1388 0 5 1263 0 835 100 1211 200 925 300 1399 400
1389 0 5 144 0 953 100 1101 200 833 300 1353 400
1390 0 5 1262 0 479 100 565 200 737 300 1127 400
1391 0 5 777 0 240 100 645 200 1125 300 959 400
1392 0 5 716 0 757 100 1098 200 53 300 371 400
1393 0 5 1165 0 103 100 497 200 656 300 1386 400
1394 0 5 686 0 162 100 829 200 135 300 752 400
1395 0 5 591 0 1130 100 523 200 1288 300 1330 400
1396 0 5 858 0 639 100 12 200 690 300 1461 400
1397 0 5 217 0 18 100 291 200 261 300 1497 400
1398 0 5 1267 0 778 100 530 200 1110 300 1126 400
1399 0 5 925 0 292 100 539 200 1263 300 1388 400
1400 0 5 420 0 272 100 971 200 1380 300 1038 400
1401 0 5 1293 0 695 100 915 200 453 300 662 400
1402 0 5 595 0 1414 100 981 200 648 300 492 400
1403 0 5 487 0 1518 100 1517 200 78 300 1349 400
1404 0 5 413 0 551 100 637 200 1153 300 877 400
1405 0 5 368 0 741 100 756 200 153 300 1215 400
1406 0 5 307 0 323 100 990 200 418 300 402 400
1407 0 5 890 0 892 100 1463 200 1072 300 427 400
1408 0 5 1383 0 211 100 383 200 627 300 711 400
1409 0 5 1117 0 773 100 1337 200 747 300 567 400
1410 0 5 694 0 1324 100 912 200 1280 300 438 400
1411 0 5 683 0 25 100 550 200 729 300 224 400
1412 0 5 509 0 1321 100 870 200 508 300 189 400
1413 0 5 181 0 279 100 987 200 188 300 457 400
1414 0 5 1402 0 981 100 1099 200 171 300 1210 400
1415 0 5 933 0 77 100 460 200 1112 300 821 400
1416 0 5 1302 0 869 100 767 200 382 300 416 400
1417 0 5 317 0 614 100 91 200 661 300 951 400
1418 0 5 1003 0 60 100 682 200 205 300 1299 400
1419 0 5 66 0 1294 100 1387 200 459 300 518 400
1420 0 5 376 0 1257 100 433 200 827 300 251 400
1421 0 5 734 0 80 100 778 200 789 300 530 400
1422 0 5 1502 0 1 100 147 200 741 300 1215 400
1423 0 5 1110 0 1169 100 513 200 102 300 392 400
1424 0 5 835 0 1445 100 229 200 226 300 889 400
1425 0 5 1077 0 1144 100 1495 200 807 300 1247 400
1426 0 5 560 0 776 100 1071 200 282 300 597 400
1427 0 5 1469 0 720 100 655 200 1331 300 866 400
1428 0 5 1242 0 795 100 1474 200 1311 300 208 400
1429 0 5 1273 0 1351 100 592 200 700 300 801 400
1430 0 5 896 0 273 100 1186 200 1085 300 1108 400
1431 0 5 334 0 275 100 1382 200 580 300 120 400
1432 0 5 874 0 578 100 550 200 1340 300 727 400
1433 0 5 655 0 44 100 720 200 1427 300 37 400
1434 0 5 1020 0 1448 100 1370 200 798 300 1117 400
1435 0 5 1361 0 556 100 751 200 842 300 1240 400
1436 0 5 882 0 673 100 1160 200 521 300 541 400
1437 0 5 104 0 377 100 176 200 274 300 1078 400
1438 0 5 1091 0 1192 100 606 200 1204 300 703 400
1439 0 5 86 0 407 100 1115 200 917 300 910 400
1440 0 5 997 0 493 100 1362 200 819 300 887 400
1441 0 5 1208 0 64 100 837 200 1470 300 143 400
1442 0 5 505 0 909 100 932 200 15 300 1358 400
1443 0 5 459 0 524 100 101 200 66 300 1447 400
1444 0 5 316 0 1372 100 412 200 704 300 361 400
1445 0 5 835 0 1424 100 1211 200 229 300 889 400
1446 0 5 74 0 478 100 658 200 700 300 258 400
1447 0 5 555 0 1501 100 1332 200 517 300 900 400
1448 0 5 1124 0 1434 100 798 200 1020 300 1370 400
1449 0 5 870 0 934 100 252 200 410 300 1321 400
1450 0 5 643 0 771 100 1354 200 558 300 503 400
1451 0 5 620 0 1143 100 627 200 528 300 1383 400
1452 0 5 1070 0 1073 100 1180 200 220 300 1197 400
1453 0 5 26 0 1279 100 466 200 814 300 910 400
1454 0 5 684 0 922 100 726 200 1471 300 1230 400
1455 0 5 235 0 688 100 330 200 820 300 296 400
1456 0 5 1012 0 1327 100 215 200 871 300 16 400
1457 0 5 497 0 1214 100 656 200 1386 300 1319 400
1458 0 5 646 0 472 100 136 200 911 300 1179 400
1459 0 5 284 0 692 100 268 200 861 300 866 400
1460 0 5 895 0 772 100 932 200 1105 300 1145 400
1461 0 5 257 0 858 100 331 200 1470 300 12 400
1462 0 5 1351 0 273 100 1186 200 1429 300 592 400
1463 0 5 308 0 890 100 1407 200 1328 300 1364 400
1464 0 5 616 0 1118 100 571 200 1499 300 1169 400
1465 0 5 1237 0 602 100 1233 200 1218 300 771 400
1466 0 5 219 0 185 100 89 200 329 300 951 400
1467 0 5 881 0 581 100 1259 200 1324 300 694 400
1468 0 5 1079 0 485 100 829 200 184 300 50 400
1469 0 5 689 0 1427 100 866 200 1163 300 655 400
1470 0 5 837 0 1208 100 1441 200 100 300 679 400
1471 0 5 1035 0 1080 100 912 200 1230 300 1014 400
1472 0 5 674 0 405 100 1344 200 337 300 772 400
1473 0 5 112 0 1378 100 175 200 471 300 1165 400
1474 0 5 1311 0 1428 100 1305 200 208 300 795 400
1475 0 5 714 0 931 100 972 200 1505 300 1506 400
1476 0 5 26 0 549 100 466 200 1279 300 847 400
1477 0 5 1157 0 1231 100 1000 200 868 300 164 400
1478 0 5 1276 0 1403 100 784 200 1373 300 1060 400
1479 0 5 740 0 1010 100 328 200 484 300 20 400
1480 0 5 1049 0 955 100 552 200 1023 300 1365 400
1481 0 5 1117 0 1333 100 1020 200 1409 300 1434 400
1482 0 5 675 0 130 100 110 200 984 300 426 400
1483 0 5 1194 0 1259 100 1280 200 356 300 318 400
1484 0 5 1138 0 1312 100 879 200 250 300 398 400
1485 0 5 840 0 914 100 1510 200 278 300 1509 400
1486 0 5 404 0 346 100 263 200 881 300 642 400
1487 0 5 337 0 1344 100 1241 200 271 300 1338 400
1488 0 5 1226 0 70 100 172 200 999 300 157 400
1489 0 5 1094 0 490 100 743 200 186 300 1022 400
1490 0 5 300 0 324 100 604 200 32 300 1405 400
1491 0 5 488 0 531 100 11 200 873 300 267 400
1492 0 5 1157 0 1376 100 1477 200 848 300 527 400
1493 0 5 671 0 973 100 647 200 127 300 1257 400
1494 0 5 1006 0 1510 100 1511 200 196 300 110 400
1495 0 5 201 0 322 100 1425 200 1305 300 703 400
1496 0 5 477 0 1377 100 691 200 657 300 160 400
1497 0 5 1258 0 18 100 1337 200 1397 300 217 400
1498 0 5 1004 0 1353 100 1224 200 63 300 1047 400
1499 0 5 775 0 571 100 1335 200 1197 300 1464 400
1500 0 5 13 0 948 100 1091 200 1292 300 810 400
1501 0 5 524 0 1447 100 900 200 555 300 1217 400
1502 0 5 1422 0 931 100 787 200 156 300 479 400
1503 0 5 972 0 931 100 787 200 156 300 479 400
1504 0 5 147 0 972 100 787 200 156 300 479 400
1505 0 5 147 0 1475 100 787 200 156 300 479 400
1506 0 5 709 0 1475 100 787 200 156 300 479 400
1507 0 5 709 0 840 100 787 200 156 300 479 400
1508 0 5 675 0 840 100 787 200 479 300 156 400
1509 0 5 675 0 1485 100 787 200 479 300 156 400
1510 0 5 1494 0 1485 100 787 200 156 300 479 400
1511 0 5 1494 0 323 100 787 200 156 300 479 400
1512 0 5 1127 0 323 100 787 200 156 300 479 400
1513 0 5 1127 0 1215 100 787 200 156 300 479 400
1514 0 5 741 0 1215 100 156 200 787 300 479 400
1515 0 5 1132 0 741 100 787 200 156 300 479 400
1516 0 5 1132 0 914 100 787 200 156 300 479 400
1517 0 5 1403 0 914 100 787 200 156 300 479 400
1518 0 5 1403 0 1385 100 156 200 787 300 479 400
1519 0 5 1385 0 990 100 787 200 156 300 479 400
1520 0 5 1406 0 990 100 787 200 156 300 479 400
1521 0 5 1406 0 714 100 787 200 156 300 479 400
1522 0 5 878 0 714 100 787 200 156 300 479 400
1523 0 5 878 0 278 100 787 200 156 300 479 400
1524 0 5 78 0 278 100 156 200 787 300 479 400
1525 0 5 78 0 623 100 156 200 787 300 479 400
1526 0 5 623 0 568 100 156 200 787 300 479 400
1527 0 5 568 0 519 100 787 200 156 300 479 400
1528 0 5 1270 0 519 100 156 200 787 300 479 400
1529 0 5 1270 0 1006 100 156 200 787 300 479 400
1530 0 5 1006 0 756 100 156 200 787 300 479 400
1531 0 5 573 0 756 100 156 200 787 300 479 400
1532 0 5 573 0 156 100 787 200 479 300 473 400
1533 0 5 899 0 156 100 787 200 479 300 473 400
1534 0 5 307 0 156 100 899 200 787 300 479 400
1535 0 5 307 0 365 100 156 200 787 300 479 400
1536 0 5 203 0 365 100 156 200 787 300 479 400
1537 0 5 203 0 156 100 787 200 479 300 473 400
1538 0 5 156 0 787 100 479 200 473 300 402 400
1539 0 5 156 0 787 100 479 200 1482 300 402 400
1540 0 5 1097 0 156 100 787 200 479 300 473 400
-1
EOF
