1540
1 0 5 1418 0 328 100 745 200 489 300 729 400
2 0 5 339 0 498 100 475 200 164 300 496 400
3 0 5 1417 0 1480 100 609 200 277 300 762 400
4 0 5 755 0 1270 100 934 200 1101 300 595 400
5 0 5 900 0 267 100 327 200 286 300 273 400
6 0 5 465 0 1417 100 699 200 1482 300 814 400
7 0 5 1356 0 325 100 429 200 616 300 119 400
8 0 5 1249 0 619 100 572 200 730 300 1094 400
9 0 5 368 0 582 100 1054 200 963 300 692 400
10 0 5 953 0 1231 100 1163 200 404 300 1137 400
11 0 5 704 0 1136 100 88 200 220 300 942 400
12 0 5 1472 0 1243 100 298 200 1348 300 701 400
13 0 5 454 0 744 100 697 200 1226 300 1144 400
14 0 5 1179 0 1323 100 1000 200 1254 300 1446 400
15 0 5 1361 0 924 100 266 200 978 300 1473 400
16 0 5 1362 0 416 100 1458 200 393 300 1247 400
17 0 5 1268 0 1494 100 1241 200 682 300 626 400
18 0 5 481 0 152 100 521 200 935 300 422 400
19 0 5 1468 0 1202 100 839 200 485 300 69 400
20 0 5 1264 0 926 100 365 200 111 300 443 400
21 0 5 1024 0 998 100 246 200 1187 300 538 400
22 0 5 294 0 826 100 680 200 214 300 1169 400
23 0 5 140 0 1455 100 701 200 72 300 1243 400
24 0 5 139 0 570 100 335 200 1065 300 121 400
25 0 5 898 0 126 100 232 200 132 300 970 400
26 0 5 1274 0 406 100 540 200 310 300 285 400
27 0 5 768 0 930 100 158 200 1015 300 1098 400
28 0 5 902 0 744 100 369 200 13 300 1096 400
29 0 5 1382 0 1063 100 1435 200 179 300 1217 400
30 0 5 84 0 552 100 361 200 1251 300 1456 400
31 0 5 362 0 1411 100 495 200 1386 300 107 400
32 0 5 1334 0 190 100 736 200 936 300 722 400
33 0 5 1204 0 803 100 1414 200 102 300 1434 400
34 0 5 496 0 524 100 1377 200 1283 300 164 400
35 0 5 1439 0 1135 100 1405 200 997 300 371 400
36 0 5 894 0 870 100 523 200 674 300 1082 400
37 0 5 676 0 111 100 784 200 518 300 271 400
38 0 5 944 0 1332 100 484 200 687 300 74 400
39 0 5 1324 0 585 100 355 200 509 300 778 400
40 0 5 383 0 1224 100 1444 200 1451 300 210 400
41 0 5 1279 0 508 100 216 200 476 300 291 400
42 0 5 982 0 844 100 272 200 126 300 120 400
43 0 5 1496 0 679 100 1057 200 1346 300 1133 400
44 0 5 863 0 799 100 1181 200 745 300 1075 400
45 0 5 800 0 813 100 1488 200 1228 300 972 400
46 0 5 215 0 566 100 457 200 489 300 729 400
47 0 5 618 0 1302 100 1297 200 254 300 1156 400
48 0 5 645 0 489 100 556 200 1320 300 46 400
49 0 5 168 0 678 100 700 200 1495 300 493 400
50 0 5 244 0 372 100 201 200 1494 300 228 400
51 0 5 242 0 407 100 598 200 914 300 1306 400
52 0 5 681 0 667 100 282 200 548 300 800 400
53 0 5 1381 0 1288 100 1228 200 681 300 1409 400
54 0 5 588 0 698 100 1157 200 920 300 1333 400
55 0 5 839 0 1184 100 69 200 399 300 463 400
56 0 5 1045 0 84 100 1062 200 1251 300 561 400
57 0 5 633 0 376 100 1266 200 1088 300 828 400
58 0 5 1096 0 902 100 1364 200 63 300 369 400
59 0 5 960 0 1004 100 1275 200 1203 300 507 400
60 0 5 131 0 1487 100 1483 200 766 300 874 400
61 0 5 1484 0 225 100 630 200 1154 300 557 400
62 0 5 289 0 1388 100 1470 200 341 300 1349 400
63 0 5 1364 0 633 100 1096 200 58 300 673 400
64 0 5 592 0 1366 100 434 200 702 300 814 400
65 0 5 555 0 1021 100 1084 200 527 300 432 400
66 0 5 1335 0 367 100 200 200 1167 300 601 400
67 0 5 896 0 922 100 617 200 502 300 1307 400
68 0 5 812 0 384 100 133 200 612 300 718 400
69 0 5 399 0 1468 100 55 200 839 300 362 400
70 0 5 198 0 678 100 1495 200 49 300 395 400
71 0 5 1124 0 488 100 91 200 351 300 397 400
72 0 5 1467 0 852 100 23 200 515 300 140 400
73 0 5 848 0 962 100 327 200 1369 300 286 400
74 0 5 1186 0 450 100 944 200 1332 300 484 400
75 0 5 846 0 456 100 943 200 638 300 901 400
76 0 5 867 0 1447 100 100 200 1151 300 455 400
77 0 5 1115 0 1312 100 1010 200 1437 300 1143 400
78 0 5 314 0 106 100 331 200 906 300 764 400
79 0 5 787 0 1022 100 728 200 1003 300 1031 400
80 0 5 1070 0 350 100 1239 200 364 300 1170 400
81 0 5 713 0 897 100 642 200 951 300 1403 400
82 0 5 811 0 191 100 1222 200 424 300 864 400
83 0 5 909 0 1326 100 1091 200 874 300 1015 400
84 0 5 56 0 30 100 1251 200 1363 300 552 400
85 0 5 1053 0 1287 100 903 200 334 300 1400 400
86 0 5 629 0 580 100 1020 200 1307 300 922 400
87 0 5 1426 0 708 100 1289 200 1301 300 158 400
88 0 5 1040 0 1136 100 11 200 699 300 704 400
89 0 5 253 0 647 100 613 200 1099 300 543 400
90 0 5 1112 0 1015 100 1091 200 112 300 1026 400
91 0 5 1124 0 764 100 106 200 424 300 314 400
92 0 5 915 0 751 100 892 200 565 300 271 400
93 0 5 671 0 1483 100 766 200 421 300 556 400
94 0 5 669 0 705 100 1396 200 1229 300 638 400
95 0 5 758 0 1018 100 414 200 1198 300 378 400
96 0 5 173 0 751 100 518 200 230 300 676 400
97 0 5 411 0 784 100 959 200 676 300 271 400
98 0 5 713 0 1423 100 107 200 1403 300 274 400
99 0 5 624 0 480 100 239 200 690 300 240 400
100 0 5 795 0 1008 100 578 200 76 300 867 400
101 0 5 223 0 1259 100 781 200 1295 300 851 400
102 0 5 438 0 1047 100 103 200 483 300 803 400
103 0 5 1047 0 1397 100 102 200 1414 300 33 400
104 0 5 602 0 1139 100 1218 200 1043 300 823 400
105 0 5 647 0 471 100 1253 200 737 300 170 400
106 0 5 78 0 314 100 764 200 91 300 1124 400
107 0 5 274 0 1423 100 98 200 362 300 713 400
108 0 5 270 0 601 100 283 200 427 300 779 400
109 0 5 306 0 147 100 1080 200 1510 300 1273 400
110 0 5 596 0 658 100 1448 200 1395 300 1235 400
111 0 5 1374 0 518 100 37 200 20 300 443 400
112 0 5 1112 0 1289 100 663 200 692 300 90 400
113 0 5 1258 0 150 100 1213 200 1007 300 157 400
114 0 5 551 0 765 100 1486 200 531 300 1478 400
115 0 5 627 0 1038 100 117 200 986 300 1370 400
116 0 5 694 0 621 100 703 200 834 300 659 400
117 0 5 1031 0 1406 100 895 200 728 300 1398 400
118 0 5 625 0 990 100 1477 200 918 300 1306 400
119 0 5 1318 0 1365 100 1433 200 1272 300 1235 400
120 0 5 982 0 686 100 1322 200 499 300 565 400
121 0 5 206 0 1350 100 1017 200 736 300 872 400
122 0 5 1221 0 581 100 366 200 221 300 740 400
123 0 5 391 0 1005 100 428 200 142 300 1430 400
124 0 5 973 0 370 100 463 200 387 300 1127 400
125 0 5 651 0 440 100 1161 200 384 300 278 400
126 0 5 898 0 725 100 25 200 42 300 272 400
127 0 5 1083 0 462 100 469 200 408 300 608 400
128 0 5 989 0 187 100 1299 200 1391 300 1352 400
129 0 5 1479 0 417 100 1461 200 836 300 167 400
130 0 5 1060 0 948 100 775 200 867 300 1447 400
131 0 5 60 0 318 100 1487 200 1326 300 874 400
132 0 5 353 0 929 100 888 200 25 300 1032 400
133 0 5 1035 0 384 100 400 200 68 300 1161 400
134 0 5 603 0 1283 100 1377 200 34 300 1165 400
135 0 5 849 0 213 100 666 200 1474 300 664 400
136 0 5 817 0 693 100 963 200 1329 300 749 400
137 0 5 1071 0 1343 100 976 200 1144 300 723 400
138 0 5 1016 0 244 100 529 200 50 300 1494 400
139 0 5 24 0 335 100 148 200 1069 300 1065 400
140 0 5 975 0 23 100 701 200 72 300 228 400
141 0 5 1459 0 363 100 1151 200 979 300 855 400
142 0 5 428 0 1122 100 123 200 473 300 534 400
143 0 5 583 0 1188 100 400 200 507 300 558 400
144 0 5 1068 0 348 100 690 200 967 300 907 400
145 0 5 497 0 493 100 720 200 1117 300 1018 400
146 0 5 1216 0 248 100 985 200 160 300 974 400
147 0 5 109 0 1502 100 1503 200 1273 300 557 400
148 0 5 335 0 139 100 305 200 1069 300 1390 400
149 0 5 1044 0 1148 100 184 200 176 300 1445 400
150 0 5 1125 0 113 100 1213 200 157 300 1258 400
151 0 5 169 0 1271 100 631 200 1142 300 827 400
152 0 5 494 0 18 100 422 200 435 300 185 400
153 0 5 235 0 194 100 296 200 1196 300 778 400
154 0 5 1034 0 547 100 1349 200 544 300 192 400
155 0 5 330 0 1200 100 680 200 521 300 1013 400
156 0 5 759 0 1258 100 421 200 1007 300 1213 400
157 0 5 1258 0 221 100 719 200 113 300 150 400
158 0 5 1098 0 224 100 930 200 1015 300 27 400
159 0 5 564 0 245 100 320 200 186 300 439 400
160 0 5 891 0 1379 100 146 200 1400 300 248 400
161 0 5 752 0 1393 100 1180 200 1012 300 1422 400
162 0 5 1185 0 1094 100 293 200 1396 300 1500 400
163 0 5 1205 0 1207 100 451 200 1293 300 1441 400
164 0 5 1283 0 432 100 34 200 555 300 1165 400
165 0 5 890 0 1336 100 222 200 252 300 585 400
166 0 5 995 0 1121 100 1217 200 869 300 1382 400
167 0 5 431 0 846 100 403 200 901 300 943 400
168 0 5 49 0 700 100 727 200 1179 300 452 400
169 0 5 827 0 151 100 1271 200 1347 300 474 400
170 0 5 1212 0 253 100 737 200 647 300 105 400
171 0 5 857 0 1430 100 1463 200 473 300 1481 400
172 0 5 912 0 1366 100 628 200 1423 300 465 400
173 0 5 96 0 751 100 915 200 377 300 978 400
174 0 5 739 0 1360 100 1267 200 1113 300 932 400
175 0 5 818 0 657 100 1153 200 621 300 1227 400
176 0 5 1445 0 615 100 1148 200 184 300 611 400
177 0 5 861 0 1313 100 1180 200 1422 300 1002 400
178 0 5 674 0 273 100 1501 200 1296 300 1086 400
179 0 5 1435 0 842 100 1333 200 1093 300 229 400
180 0 5 1189 0 1247 100 386 200 1362 300 554 400
181 0 5 914 0 1292 100 242 200 1055 300 598 400
182 0 5 430 0 1420 100 620 200 921 300 395 400
183 0 5 227 0 284 100 1191 200 1088 300 789 400
184 0 5 611 0 1445 100 1044 200 176 300 1148 400
185 0 5 494 0 657 100 189 200 506 300 1153 400
186 0 5 447 0 245 100 576 200 1493 300 564 400
187 0 5 838 0 404 100 128 200 989 300 1281 400
188 0 5 200 0 1454 100 1238 200 979 300 734 400
189 0 5 586 0 494 100 185 200 333 300 435 400
190 0 5 722 0 32 100 736 200 412 300 317 400
191 0 5 82 0 824 100 1222 200 307 300 302 400
192 0 5 544 0 1034 100 1061 200 738 300 1075 400
193 0 5 1277 0 1509 100 1375 200 1508 300 557 400
194 0 5 296 0 153 100 1443 200 1196 300 769 400
195 0 5 996 0 499 100 1476 200 1322 300 464 400
196 0 5 1405 0 448 100 469 200 1211 300 1182 400
197 0 5 1376 0 297 100 1463 200 284 300 247 400
198 0 5 70 0 533 100 395 200 1420 300 1254 400
199 0 5 1328 0 873 100 423 200 1460 300 538 400
200 0 5 188 0 1167 100 1454 200 1151 300 367 400
201 0 5 372 0 255 100 50 200 228 300 244 400
202 0 5 441 0 876 100 146 200 453 300 1400 400
203 0 5 881 0 511 100 358 200 396 300 1173 400
204 0 5 1210 0 259 100 240 200 860 300 1199 400
205 0 5 459 0 236 100 596 200 446 300 366 400
206 0 5 872 0 121 100 380 200 1350 300 1065 400
207 0 5 966 0 1186 100 852 200 1038 300 515 400
208 0 5 537 0 468 100 1371 200 621 300 586 400
209 0 5 695 0 266 100 1223 200 1087 300 1361 400
210 0 5 383 0 280 100 569 200 40 300 965 400
211 0 5 775 0 1335 100 130 200 1090 300 66 400
212 0 5 1145 0 710 100 732 200 6 300 478 400
213 0 5 913 0 664 100 135 200 666 300 1263 400
214 0 5 294 0 668 100 1169 200 1389 300 826 400
215 0 5 46 0 738 100 457 200 279 300 556 400
216 0 5 653 0 1089 100 41 200 1056 300 1279 400
217 0 5 529 0 716 100 1177 200 616 300 138 400
218 0 5 1240 0 442 100 992 200 182 300 1219 400
219 0 5 636 0 550 100 733 200 1436 300 344 400
220 0 5 1195 0 704 100 316 200 11 300 1042 400
221 0 5 368 0 719 100 157 200 1054 300 113 400
222 0 5 252 0 585 100 165 200 890 300 1171 400
223 0 5 851 0 101 100 1103 200 958 300 781 400
224 0 5 1426 0 930 100 158 200 1015 300 1289 400
225 0 5 61 0 1025 100 1484 200 557 300 1453 400
226 0 5 836 0 278 100 417 200 125 300 718 400
227 0 5 183 0 284 100 297 200 1088 300 492 400
228 0 5 975 0 255 100 372 200 201 300 50 400
229 0 5 842 0 698 100 1333 200 54 300 528 400
230 0 5 418 0 562 100 518 200 96 300 443 400
231 0 5 1501 0 848 100 801 200 962 300 1296 400
232 0 5 970 0 25 100 132 200 929 300 1286 400
233 0 5 994 0 322 100 886 200 364 300 238 400
234 0 5 714 0 962 100 801 200 231 300 73 400
235 0 5 1324 0 153 100 778 200 1196 300 1443 400
236 0 5 205 0 446 100 596 200 1213 300 1125 400
237 0 5 643 0 1466 100 1373 200 620 300 1345 400
238 0 5 841 0 994 100 322 200 807 300 233 400
239 0 5 99 0 310 100 584 200 1368 300 480 400
240 0 5 259 0 624 100 204 200 1210 300 374 400
241 0 5 988 0 1083 100 793 200 127 300 469 400
242 0 5 51 0 914 100 1138 200 181 300 598 400
243 0 5 1497 0 313 100 1082 200 1048 300 1086 400
244 0 5 138 0 50 100 1494 200 529 300 201 400
245 0 5 159 0 186 100 576 200 1489 300 439 400
246 0 5 1460 0 21 100 423 200 538 300 998 400
247 0 5 197 0 1481 100 410 200 1191 300 1033 400
248 0 5 593 0 146 100 974 200 1216 300 1379 400
249 0 5 607 0 1229 100 1415 200 328 300 1109 400
250 0 5 802 0 1092 100 1449 200 697 300 1144 400
251 0 5 1419 0 394 100 1197 200 1338 300 656 400
252 0 5 222 0 585 100 165 200 1336 300 1171 400
253 0 5 89 0 170 100 647 200 613 300 105 400
254 0 5 724 0 814 100 1156 200 1482 300 47 400
255 0 5 228 0 201 100 372 200 701 300 975 400
256 0 5 1077 0 300 100 1491 200 721 300 877 400
257 0 5 1373 0 1429 100 715 200 1466 300 1201 400
258 0 5 1174 0 502 100 67 200 1307 300 617 400
259 0 5 240 0 831 100 204 200 1210 300 1329 400
260 0 5 1474 0 342 100 684 200 135 300 910 400
261 0 5 768 0 1378 100 1174 200 629 300 1066 400
262 0 5 509 0 778 100 1152 200 355 300 39 400
263 0 5 1177 0 1276 100 1029 200 1114 300 716 400
264 0 5 794 0 398 100 863 200 349 300 1075 400
265 0 5 1394 0 1410 100 1444 200 1116 300 937 400
266 0 5 1361 0 1223 100 1473 200 209 300 15 400
267 0 5 286 0 5 100 1121 200 1369 300 327 400
268 0 5 808 0 1317 100 1208 200 610 300 606 400
269 0 5 1395 0 658 100 1194 200 831 300 1235 400
270 0 5 108 0 283 100 438 200 1434 300 427 400
271 0 5 676 0 898 100 751 200 411 300 92 400
272 0 5 725 0 844 100 42 200 126 300 92 400
273 0 5 1225 0 178 100 1501 200 5 300 674 400
274 0 5 107 0 1411 100 1248 200 98 300 1403 400
275 0 5 871 0 1428 100 491 200 875 300 1197 400
276 0 5 1447 0 1167 100 696 200 1151 300 979 400
277 0 5 641 0 1417 100 762 200 1284 300 1480 400
278 0 5 1214 0 226 100 68 200 125 300 718 400
279 0 5 556 0 738 100 489 200 215 300 46 400
280 0 5 965 0 210 100 569 200 383 300 189 400
281 0 5 845 0 311 100 1303 200 667 300 512 400
282 0 5 548 0 667 100 52 200 1293 300 451 400
283 0 5 270 0 1434 100 108 200 438 300 803 400
284 0 5 183 0 1191 100 227 200 197 300 297 400
285 0 5 1100 0 1274 100 1346 200 26 300 679 400
286 0 5 267 0 1369 100 5 200 327 300 73 400
287 0 5 770 0 1397 100 304 200 1385 300 1047 400
288 0 5 1341 0 777 100 1337 200 883 300 623 400
289 0 5 1349 0 295 100 62 200 522 300 1383 400
290 0 5 916 0 379 100 1259 200 568 300 1469 400
291 0 5 964 0 476 100 539 200 1142 300 1113 400
292 0 5 1037 0 661 100 757 200 1476 300 1236 400
293 0 5 619 0 597 100 1094 200 1396 300 162 400
294 0 5 22 0 214 100 1169 200 826 300 391 400
295 0 5 1383 0 289 100 1061 200 794 300 1349 400
296 0 5 194 0 1196 100 1443 200 153 300 769 400
297 0 5 492 0 227 100 504 200 197 300 336 400
298 0 5 1038 0 1348 100 498 200 12 300 1243 400
299 0 5 956 0 923 100 510 200 600 300 509 400
300 0 5 1126 0 256 100 721 200 743 300 567 400
301 0 5 1355 0 482 100 850 200 919 300 343 400
302 0 5 1242 0 331 100 824 200 191 300 1490 400
303 0 5 634 0 1196 100 769 200 1371 300 586 400
304 0 5 884 0 774 100 1397 200 287 300 1385 400
305 0 5 1390 0 148 100 412 200 1059 300 190 400
306 0 5 1080 0 109 100 819 200 571 300 1517 400
307 0 5 1490 0 824 100 191 200 600 300 923 400
308 0 5 622 0 370 100 1233 200 1127 300 1311 400
309 0 5 497 0 1018 100 665 200 378 300 145 400
310 0 5 406 0 1028 100 239 200 1049 300 490 400
311 0 5 1303 0 281 100 512 200 667 300 845 400
312 0 5 1005 0 1331 100 972 200 1200 300 680 400
313 0 5 1019 0 532 100 243 200 773 300 785 400
314 0 5 78 0 106 100 840 200 1124 300 906 400
315 0 5 1450 0 1166 100 971 200 1339 300 687 400
316 0 5 1119 0 900 100 220 200 273 300 1195 400
317 0 5 722 0 872 100 190 200 206 300 736 400
318 0 5 501 0 131 100 922 200 580 300 1487 400
319 0 5 348 0 1391 100 1299 200 690 300 374 400
320 0 5 1110 0 439 100 352 200 159 300 245 400
321 0 5 782 0 437 100 1308 200 1123 300 1093 400
322 0 5 1172 0 233 100 238 200 841 300 994 400
323 0 5 622 0 675 100 1475 200 1233 300 1278 400
324 0 5 939 0 1252 100 917 200 548 300 385 400
325 0 5 7 0 1011 100 1365 200 616 300 345 400
326 0 5 399 0 463 100 1386 200 495 300 362 400
327 0 5 1225 0 73 100 5 200 900 300 286 400
328 0 5 1375 0 1502 100 1 200 1418 300 607 400
329 0 5 1311 0 1245 100 365 200 1233 300 622 400
330 0 5 155 0 1200 100 445 200 1013 300 887 400
331 0 5 764 0 302 100 1242 200 106 300 191 400
332 0 5 1232 0 980 100 394 200 483 300 770 400
333 0 5 435 0 422 100 904 200 189 300 1451 400
334 0 5 903 0 576 100 1246 200 1442 300 447 400
335 0 5 148 0 139 100 1065 200 24 300 380 400
336 0 5 504 0 1432 100 1409 200 492 300 1288 400
337 0 5 653 0 1079 100 1292 200 1291 300 949 400
338 0 5 1130 0 479 100 928 200 1012 300 934 400
339 0 5 2 0 986 100 1081 200 1021 300 498 400
340 0 5 426 0 711 100 732 200 1067 300 957 400
341 0 5 1349 0 62 100 899 200 1470 300 289 400
342 0 5 260 0 1132 100 684 200 910 300 1176 400
343 0 5 731 0 850 100 301 200 1355 300 976 400
344 0 5 577 0 1173 100 1317 200 1304 300 636 400
345 0 5 1365 0 1058 100 1433 200 325 300 7 400
346 0 5 1300 0 1415 100 1500 200 1351 300 1404 400
347 0 5 1461 0 1175 100 651 200 417 300 780 400
348 0 5 319 0 690 100 144 200 1391 300 1068 400
349 0 5 500 0 1310 100 264 200 794 300 1383 400
350 0 5 80 0 389 100 1070 200 807 300 1170 400
351 0 5 691 0 840 100 488 200 707 300 359 400
352 0 5 1110 0 1368 100 320 200 439 300 584 400
353 0 5 132 0 1032 100 1159 200 97 300 959 400
354 0 5 470 0 1238 100 1454 200 734 300 1446 400
355 0 5 1171 0 509 100 39 200 262 300 585 400
356 0 5 1339 0 591 100 648 200 1164 300 1450 400
357 0 5 732 0 957 100 1156 200 340 300 724 400
358 0 5 396 0 881 100 402 200 983 300 203 400
359 0 5 937 0 514 100 691 200 840 300 351 400
360 0 5 1269 0 517 100 471 200 885 300 1253 400
361 0 5 30 0 1251 100 1456 200 534 300 552 400
362 0 5 495 0 31 100 326 200 69 300 1468 400
363 0 5 979 0 1459 100 141 200 1151 300 855 400
364 0 5 694 0 807 100 994 200 886 300 233 400
365 0 5 1264 0 926 100 329 200 20 300 1245 400
366 0 5 740 0 459 100 749 200 122 300 205 400
367 0 5 470 0 66 100 779 200 601 300 200 400
368 0 5 9 0 221 100 1054 200 719 300 157 400
369 0 5 1425 0 744 100 866 200 28 300 902 400
370 0 5 124 0 308 100 973 200 463 300 55 400
371 0 5 952 0 408 100 1118 200 196 300 448 400
372 0 5 201 0 50 100 255 200 228 300 1494 400
373 0 5 1224 0 1451 100 1444 200 950 300 40 400
374 0 5 1299 0 831 100 1352 200 240 300 1072 400
375 0 5 1469 0 804 100 1437 200 851 300 750 400
376 0 5 57 0 789 100 1266 200 602 300 1088 400
377 0 5 173 0 685 100 978 200 882 300 1437 400
378 0 5 414 0 665 100 95 200 970 300 309 400
379 0 5 290 0 726 100 568 200 588 300 1259 400
380 0 5 1065 0 206 100 872 200 1350 300 121 400
381 0 5 449 0 707 100 397 200 1002 300 488 400
382 0 5 416 0 742 100 1168 200 940 300 1301 400
383 0 5 210 0 40 100 1444 200 280 300 1224 400
384 0 5 1161 0 133 100 68 200 125 300 278 400
385 0 5 1392 0 1252 100 939 200 1485 300 917 400
386 0 5 554 0 985 100 1247 200 146 300 1496 400
387 0 5 463 0 1102 100 1386 200 973 300 124 400
388 0 5 453 0 1183 100 1400 200 146 300 891 400
389 0 5 350 0 513 100 807 200 1336 300 1170 400
390 0 5 1332 0 1370 100 1003 200 627 300 728 400
391 0 5 1169 0 123 100 428 200 214 300 668 400
392 0 5 560 0 605 100 1022 200 424 300 889 400
393 0 5 1168 0 1458 100 1050 200 416 300 1133 400
394 0 5 251 0 1197 100 332 200 1419 300 656 400
395 0 5 1420 0 533 100 198 200 182 300 430 400
396 0 5 1173 0 358 100 983 200 1304 300 203 400
397 0 5 1314 0 381 100 878 200 1002 300 449 400
398 0 5 264 0 1261 100 863 200 1459 300 455 400
399 0 5 326 0 69 100 463 200 55 300 1468 400
400 0 5 1035 0 812 100 133 200 143 300 583 400
401 0 5 870 0 1284 100 908 200 641 300 1255 400
402 0 5 983 0 881 100 358 200 184 300 611 400
403 0 5 431 0 519 100 167 200 846 300 901 400
404 0 5 187 0 1163 100 1231 200 1281 300 10 400
405 0 5 864 0 644 100 1084 200 672 300 65 400
406 0 5 1199 0 26 100 310 200 860 300 239 400
407 0 5 1306 0 51 100 652 200 1288 300 598 400
408 0 5 371 0 462 100 448 200 1097 300 1118 400
409 0 5 1041 0 1261 100 500 200 349 300 1027 400
410 0 5 774 0 1033 100 1385 200 1481 300 530 400
411 0 5 97 0 676 100 271 200 784 300 25 400
412 0 5 835 0 474 100 1059 200 305 300 190 400
413 0 5 544 0 1349 100 1061 200 547 300 1075 400
414 0 5 378 0 1260 100 1330 200 95 300 1286 400
415 0 5 1203 0 572 100 1230 200 730 300 1215 400
416 0 5 382 0 16 100 393 200 1168 300 1362 400
417 0 5 129 0 836 100 347 200 1461 300 226 400
418 0 5 443 0 230 100 562 200 924 300 978 400
419 0 5 823 0 1128 100 880 200 1139 300 1260 400
420 0 5 981 0 1462 100 906 200 946 300 1014 400
421 0 5 1007 0 93 100 874 200 556 300 766 400
422 0 5 435 0 481 100 333 200 152 300 18 400
423 0 5 1499 0 788 100 199 200 1460 300 1024 400
424 0 5 1222 0 560 100 764 200 91 300 392 400
425 0 5 1189 0 876 100 441 200 202 300 386 400
426 0 5 1387 0 340 100 957 200 1067 300 1305 400
427 0 5 779 0 108 100 720 200 1018 300 1434 400
428 0 5 142 0 830 100 123 200 391 300 1134 400
429 0 5 1149 0 1356 100 7 200 716 300 1298 400
430 0 5 182 0 1420 100 1373 200 620 300 859 400
431 0 5 167 0 403 100 519 200 129 300 1479 400
432 0 5 555 0 164 100 1165 200 65 300 1021 400
433 0 5 655 0 650 100 825 200 442 300 1429 400
434 0 5 933 0 816 100 64 200 1366 300 702 400
435 0 5 422 0 333 100 152 200 494 300 481 400
436 0 5 1175 0 597 100 293 200 756 300 1461 400
437 0 5 1051 0 1308 100 321 200 615 300 782 400
438 0 5 102 0 283 100 270 200 108 300 1090 400
439 0 5 320 0 1489 100 1442 200 159 300 245 400
440 0 5 1161 0 125 100 1036 200 1004 300 384 400
441 0 5 202 0 453 100 876 200 146 300 1183 400
442 0 5 1240 0 218 100 825 200 433 300 1429 400
443 0 5 418 0 1264 100 518 200 230 300 20 400
444 0 5 1074 0 568 100 726 200 608 300 916 400
445 0 5 887 0 330 100 1013 200 155 300 1392 400
446 0 5 1401 0 525 100 596 200 1433 300 236 400
447 0 5 1287 0 186 100 334 200 576 300 903 400
448 0 5 462 0 469 100 196 200 408 300 371 400
449 0 5 381 0 1002 100 691 200 707 300 397 400
450 0 5 1076 0 74 100 944 200 1186 300 627 400
451 0 5 1205 0 1316 100 1293 200 163 300 1441 400
452 0 5 727 0 1178 100 720 200 700 300 168 400
453 0 5 388 0 441 100 1183 200 146 300 1400 400
454 0 5 853 0 13 100 744 200 369 300 1321 400
455 0 5 1459 0 1151 100 1421 200 1261 300 141 400
456 0 5 75 0 638 100 846 200 1282 300 1009 400
457 0 5 46 0 215 100 566 200 1320 300 547 400
458 0 5 921 0 859 100 1254 200 14 300 1000 400
459 0 5 205 0 366 100 740 200 596 300 749 400
460 0 5 682 0 1424 100 635 200 791 300 1011 400
461 0 5 1442 0 490 100 334 200 1246 300 862 400
462 0 5 448 0 127 100 408 200 469 300 1097 400
463 0 5 387 0 326 100 124 200 399 300 1386 400
464 0 5 731 0 947 100 996 200 195 300 1322 400
465 0 5 6 0 516 100 912 200 814 300 592 400
466 0 5 786 0 559 100 763 200 961 300 832 400
467 0 5 1248 0 1403 100 1234 200 1440 300 274 400
468 0 5 925 0 208 100 703 200 537 300 1206 400
469 0 5 448 0 196 100 1211 200 608 300 462 400
470 0 5 367 0 354 100 1446 200 779 300 727 400
471 0 5 105 0 1253 100 360 200 1377 300 520 400
472 0 5 821 0 1010 100 1143 200 958 300 1115 400
473 0 5 1122 0 854 100 857 200 171 300 1430 400
474 0 5 1059 0 412 100 1271 200 835 300 806 400
475 0 5 496 0 498 100 1348 200 1472 300 2 400
476 0 5 291 0 1113 100 508 200 41 300 853 400
477 0 5 913 0 1351 100 833 200 662 300 1263 400
478 0 5 710 0 1482 100 732 200 814 300 212 400
479 0 5 1407 0 338 100 934 200 1012 300 755 400
480 0 5 584 0 690 100 99 200 239 300 1368 400
481 0 5 18 0 826 100 422 200 680 300 152 400
482 0 5 783 0 850 100 301 200 919 300 343 400
483 0 5 770 0 1047 100 1232 200 332 300 102 400
484 0 5 1164 0 38 100 74 200 944 300 1186 400
485 0 5 542 0 1468 100 762 200 1202 300 19 400
486 0 5 1437 0 882 100 377 200 1312 300 1010 400
487 0 5 512 0 753 100 1303 200 667 300 311 400
488 0 5 707 0 71 100 351 200 1124 300 381 400
489 0 5 48 0 46 100 279 200 1320 300 556 400
490 0 5 461 0 1078 100 1028 200 310 300 862 400
491 0 5 871 0 980 100 275 200 1428 300 332 400
492 0 5 297 0 1432 100 336 200 504 300 227 400
493 0 5 1117 0 145 100 1495 200 720 300 678 400
494 0 5 152 0 185 100 189 200 435 300 333 400
495 0 5 362 0 767 100 1468 200 542 300 326 400
496 0 5 34 0 475 100 524 200 2 300 164 400
497 0 5 145 0 309 100 665 200 1018 300 888 400
498 0 5 2 0 475 100 1348 200 298 300 339 400
499 0 5 1476 0 195 100 1322 200 120 300 686 400
500 0 5 1310 0 349 100 998 200 1261 300 1383 400
501 0 5 318 0 580 100 131 200 1326 300 1020 400
502 0 5 258 0 617 100 67 200 1307 300 1174 400
503 0 5 712 0 864 100 787 200 1022 300 1222 400
504 0 5 336 0 1409 100 297 200 492 300 1376 400
505 0 5 1140 0 535 100 968 200 1376 300 1488 400
506 0 5 935 0 1153 100 185 200 657 300 152 400
507 0 5 558 0 143 100 1192 200 1004 300 59 400
508 0 5 41 0 1056 100 1321 200 476 300 1279 400
509 0 5 262 0 355 100 956 200 39 300 510 400
510 0 5 1171 0 956 100 1336 200 299 300 252 400
511 0 5 599 0 203 100 1173 200 636 300 999 400
512 0 5 487 0 1303 100 311 200 667 300 1292 400
513 0 5 807 0 389 100 1336 200 890 300 165 400
514 0 5 1344 0 359 100 640 200 937 300 1438 400
515 0 5 761 0 852 100 72 200 1164 300 207 400
516 0 5 814 0 465 100 592 200 912 300 64 400
517 0 5 594 0 360 100 1253 200 737 300 885 400
518 0 5 111 0 96 100 230 200 676 300 443 400
519 0 5 1452 0 403 100 431 200 1285 300 417 400
520 0 5 1377 0 953 100 1137 200 471 300 809 400
521 0 5 1013 0 935 100 18 200 155 300 330 400
522 0 5 1383 0 1388 100 1187 200 998 300 289 400
523 0 5 674 0 1048 100 1082 200 36 300 908 400
524 0 5 1357 0 34 100 496 200 1377 300 475 400
525 0 5 1401 0 536 100 446 200 729 300 1320 400
526 0 5 1071 0 1265 100 723 200 976 300 660 400
527 0 5 895 0 1084 100 1398 200 672 300 65 400
528 0 5 793 0 698 100 1294 200 988 300 842 400
529 0 5 217 0 1177 100 138 200 244 300 1016 400
530 0 5 1033 0 854 100 1481 200 1122 300 410 400
531 0 5 829 0 1486 100 114 200 551 300 928 400
532 0 5 785 0 313 100 1019 200 952 300 1278 400
533 0 5 198 0 395 100 1420 200 992 300 741 400
534 0 5 1023 0 875 100 858 200 361 300 1428 400
535 0 5 1140 0 1488 100 505 200 1331 300 1430 400
536 0 5 1150 0 525 100 899 200 1401 300 446 400
537 0 5 208 0 586 100 1371 200 468 300 925 400
538 0 5 1328 0 1460 100 246 200 1244 300 199 400
539 0 5 964 0 932 100 291 200 1360 300 1142 400
540 0 5 1039 0 26 100 693 200 1274 300 963 400
541 0 5 652 0 1131 100 1432 200 625 300 1306 400
542 0 5 485 0 767 100 495 200 1468 300 911 400
543 0 5 613 0 1099 100 790 200 1165 300 603 400
544 0 5 413 0 192 100 547 200 1075 300 1061 400
545 0 5 1226 0 853 100 1113 200 1267 300 13 400
546 0 5 747 0 792 100 1157 200 1123 300 1308 400
547 0 5 1034 0 413 100 154 200 544 300 729 400
548 0 5 282 0 1252 100 324 200 800 300 52 400
549 0 5 1367 0 1059 100 806 200 412 300 1142 400
550 0 5 610 0 219 100 733 200 808 300 344 400
551 0 5 114 0 1478 100 761 200 531 300 765 400
552 0 5 1363 0 30 100 1456 200 84 300 595 400
553 0 5 941 0 858 100 1023 200 1101 300 1456 400
554 0 5 386 0 1362 100 1458 200 1496 300 1247 400
555 0 5 432 0 65 100 164 200 1021 300 339 400
556 0 5 279 0 738 100 48 200 1007 300 93 400
557 0 5 1025 0 1273 100 1277 200 147 300 1511 400
558 0 5 507 0 589 100 1188 200 1192 300 143 400
559 0 5 832 0 466 100 834 200 1227 300 818 400
560 0 5 392 0 424 100 605 200 1222 300 1022 400
561 0 5 1062 0 877 100 1045 200 905 300 1427 400
562 0 5 924 0 978 100 230 200 418 300 1245 400
563 0 5 579 0 856 100 702 200 64 300 1280 400
564 0 5 159 0 1493 100 186 200 1146 300 245 400
565 0 5 1046 0 882 100 92 200 1312 300 892 400
566 0 5 1320 0 46 100 729 200 1150 300 457 400
567 0 5 578 0 1427 100 743 200 905 300 721 400
568 0 5 916 0 444 100 379 200 290 300 726 400
569 0 5 965 0 820 100 955 200 210 300 280 400
570 0 5 1017 0 24 100 1350 200 121 300 380 400
571 0 5 819 0 1487 100 922 200 306 300 1080 400
572 0 5 415 0 8 100 597 200 730 300 619 400
573 0 5 1413 0 655 100 945 200 575 300 717 400
574 0 5 1414 0 1262 100 1198 200 1204 300 1218 400
575 0 5 843 0 1413 100 1102 200 1440 300 573 400
576 0 5 1489 0 334 100 245 200 186 300 1442 400
577 0 5 344 0 1340 100 1304 200 927 300 1295 400
578 0 5 1338 0 567 100 867 200 100 300 721 400
579 0 5 1297 0 563 100 856 200 64 300 702 400
580 0 5 501 0 86 100 1307 200 922 300 318 400
581 0 5 1221 0 817 100 122 200 136 300 1329 400
582 0 5 9 0 963 100 1054 200 1039 300 1274 400
583 0 5 812 0 143 100 400 200 1188 300 1035 400
584 0 5 1368 0 480 100 239 200 352 300 144 400
585 0 5 39 0 222 100 252 200 890 300 1324 400
586 0 5 189 0 537 100 1371 200 820 300 303 400
587 0 5 873 0 1111 100 1268 200 460 300 1499 400
588 0 5 920 0 54 100 1340 200 379 300 1157 400
589 0 5 711 0 558 100 1188 200 1192 300 507 400
590 0 5 1347 0 1325 100 646 200 969 300 1001 400
591 0 5 1339 0 356 100 928 200 971 300 648 400
592 0 5 64 0 912 100 516 200 1366 300 814 400
593 0 5 1162 0 248 100 815 200 985 300 1216 400
594 0 5 885 0 517 100 1064 200 737 300 735 400
595 0 5 934 0 883 100 552 200 1130 300 1101 400
596 0 5 110 0 1448 100 740 200 205 300 236 400
597 0 5 436 0 293 100 572 200 619 300 415 400
598 0 5 914 0 1055 100 51 200 1288 300 242 400
599 0 5 511 0 999 100 636 200 203 300 1334 400
600 0 5 923 0 1256 100 307 200 299 300 1107 400
601 0 5 779 0 108 100 367 200 427 300 66 400
602 0 5 104 0 1139 100 1266 200 376 300 1218 400
603 0 5 134 0 1099 100 1165 200 1377 300 1283 400
604 0 5 1208 0 947 100 1355 200 268 300 343 400
605 0 5 889 0 392 100 1022 200 560 300 1003 400
606 0 5 1317 0 1103 100 958 200 268 300 947 400
607 0 5 249 0 1375 100 328 200 1300 300 1190 400
608 0 5 1211 0 793 100 469 200 1074 300 726 400
609 0 5 628 0 1480 100 3 200 912 300 277 400
610 0 5 808 0 550 100 268 200 1208 300 733 400
611 0 5 184 0 615 100 1308 200 1445 300 402 400
612 0 5 1319 0 1120 100 68 200 718 300 812 400
613 0 5 543 0 790 100 89 200 1099 300 471 400
614 0 5 746 0 926 100 954 200 1374 300 20 400
615 0 5 1051 0 176 100 611 200 437 300 1063 400
616 0 5 796 0 1356 100 325 200 716 300 1011 400
617 0 5 1154 0 502 100 67 200 896 300 868 400
618 0 5 47 0 1297 100 1280 200 1302 300 910 400
619 0 5 8 0 293 100 1094 200 572 300 597 400
620 0 5 1345 0 182 100 1000 200 237 300 921 400
621 0 5 116 0 818 100 834 200 208 300 657 400
622 0 5 323 0 308 100 329 200 675 300 1233 400
623 0 5 1337 0 1491 100 288 200 877 300 1104 400
624 0 5 99 0 240 100 204 200 259 300 239 400
625 0 5 118 0 1477 100 1306 200 541 300 1432 400
626 0 5 1467 0 1241 100 1268 200 17 300 1111 400
627 0 5 115 0 1370 100 1406 200 390 300 1076 400
628 0 5 609 0 1480 100 911 200 912 300 762 400
629 0 5 86 0 1066 100 1098 200 1307 300 1378 400
630 0 5 1282 0 1453 100 61 200 1484 300 225 400
631 0 5 1384 0 151 100 827 200 646 300 1347 400
632 0 5 940 0 1220 100 1301 200 692 300 1457 400
633 0 5 828 0 57 100 63 200 1364 300 1266 400
634 0 5 1172 0 303 100 1196 200 322 300 769 400
635 0 5 1268 0 682 100 460 200 1424 300 17 400
636 0 5 1436 0 219 100 344 200 1334 300 733 400
637 0 5 942 0 822 100 732 200 776 300 11 400
638 0 5 456 0 1282 100 943 200 669 300 1009 400
639 0 5 1250 0 1498 100 1146 200 1493 300 709 400
640 0 5 1344 0 1443 100 1462 200 514 300 420 400
641 0 5 277 0 1255 100 1284 200 401 300 1417 400
642 0 5 81 0 662 100 1492 200 951 300 833 400
643 0 5 1085 0 799 100 237 200 1345 300 855 400
644 0 5 864 0 672 100 405 200 79 300 503 400
645 0 5 1416 0 48 100 556 200 1007 300 1320 400
646 0 5 1384 0 1360 100 631 200 590 300 739 400
647 0 5 105 0 89 100 253 200 471 300 170 400
648 0 5 1478 0 356 100 1164 200 928 300 591 400
649 0 5 1092 0 810 100 250 200 1399 300 802 400
650 0 5 1506 0 433 100 1507 200 1095 300 1429 400
651 0 5 125 0 1036 100 347 200 780 300 417 400
652 0 5 541 0 1131 100 1306 200 407 300 1288 400
653 0 5 216 0 337 100 1309 200 1089 300 1291 400
654 0 5 1354 0 1114 100 809 200 1137 300 263 400
655 0 5 945 0 433 100 573 200 1440 300 717 400
656 0 5 683 0 1290 100 1338 200 1197 300 251 400
657 0 5 175 0 1153 100 185 200 506 300 818 400
658 0 5 110 0 269 100 1235 200 1395 300 1448 400
659 0 5 786 0 834 100 116 200 621 300 559 400
660 0 5 1265 0 1236 100 731 200 723 300 526 400
661 0 5 1160 0 292 100 880 200 757 300 1476 400
662 0 5 1351 0 1492 100 833 200 477 300 642 400
663 0 5 837 0 1289 100 112 200 1301 300 692 400
664 0 5 213 0 684 100 1380 200 135 300 913 400
665 0 5 888 0 378 100 497 200 309 300 970 400
666 0 5 849 0 135 100 213 200 1275 300 1249 400
667 0 5 282 0 52 100 1316 200 281 300 311 400
668 0 5 1389 0 1134 100 214 200 391 300 950 400
669 0 5 94 0 1109 100 1009 200 638 300 705 400
670 0 5 1402 0 1029 100 1281 200 931 300 1298 400
671 0 5 93 0 1483 100 738 200 556 300 766 400
672 0 5 644 0 1084 100 527 200 405 300 1031 400
673 0 5 866 0 1364 100 1096 200 63 300 990 400
674 0 5 523 0 178 100 36 200 1048 300 273 400
675 0 5 1475 0 323 100 622 200 1439 300 1233 400
676 0 5 411 0 271 100 37 200 751 300 518 400
677 0 5 893 0 688 100 1111 200 865 300 587 400
678 0 5 1495 0 49 100 70 200 1117 300 493 400
679 0 5 815 0 43 100 1346 200 1193 300 285 400
680 0 5 1200 0 22 100 826 200 155 300 1169 400
681 0 5 1381 0 52 100 53 200 598 300 1288 400
682 0 5 460 0 635 100 1268 200 17 300 1424 400
683 0 5 987 0 656 100 1338 200 567 300 1251 400
684 0 5 1176 0 342 100 664 200 260 300 135 400
685 0 5 1030 0 377 100 750 200 978 300 804 400
686 0 5 120 0 1160 100 982 200 499 300 1322 400
687 0 5 1166 0 878 100 754 200 1359 300 1450 400
688 0 5 865 0 677 100 1337 200 893 300 1141 400
689 0 5 1327 0 1207 100 1441 200 961 300 163 400
690 0 5 348 0 480 100 99 200 144 300 319 400
691 0 5 1313 0 351 100 449 200 359 300 1002 400
692 0 5 1054 0 663 100 112 200 719 300 582 400
693 0 5 860 0 136 100 540 200 204 300 1329 400
694 0 5 116 0 364 100 886 200 703 300 621 400
695 0 5 209 0 1074 100 1087 200 1223 300 1361 400
696 0 5 1167 0 1151 100 276 200 979 300 1447 400
697 0 5 1144 0 802 100 13 200 250 300 723 400
698 0 5 229 0 528 100 54 200 726 300 842 400
699 0 5 1136 0 894 100 88 200 6 300 1417 400
700 0 5 168 0 49 100 720 200 452 300 145 400
701 0 5 255 0 1472 100 23 200 12 300 1354 400
702 0 5 933 0 1132 100 563 200 856 300 1176 400
703 0 5 1206 0 468 100 694 200 116 300 925 400
704 0 5 1040 0 11 100 220 200 88 300 1136 400
705 0 5 943 0 94 100 1396 200 669 300 638 400
706 0 5 865 0 1141 100 1467 200 72 300 1111 400
707 0 5 488 0 381 100 351 200 449 300 1002 400
708 0 5 742 0 87 100 1426 200 27 300 930 400
709 0 5 993 0 1498 100 1146 200 1064 300 639 400
710 0 5 478 0 212 100 1482 200 732 300 1145 400
711 0 5 589 0 340 100 1188 200 558 300 1192 400
712 0 5 811 0 503 100 1222 200 424 300 1022 400
713 0 5 81 0 98 100 897 200 771 300 1403 400
714 0 5 234 0 1369 100 962 200 408 300 1121 400
715 0 5 1201 0 1466 100 799 200 745 300 1373 400
716 0 5 217 0 1356 100 429 200 616 300 796 400
717 0 5 945 0 1413 100 1440 200 573 300 575 400
718 0 5 1214 0 1120 100 68 200 278 300 226 400
719 0 5 1054 0 221 100 157 200 368 300 692 400
720 0 5 1178 0 452 100 145 200 493 300 427 400
721 0 5 1008 0 300 100 1077 200 256 300 567 400
722 0 5 317 0 190 100 736 200 32 300 872 400
723 0 5 1449 0 1236 100 526 200 1265 300 1071 400
724 0 5 1156 0 254 100 1482 200 957 300 732 400
725 0 5 272 0 126 100 898 200 844 300 271 400
726 0 5 920 0 379 100 444 200 608 300 1074 400
727 0 5 452 0 1446 100 1179 200 168 300 470 400
728 0 5 1003 0 79 100 1406 200 117 300 1031 400
729 0 5 566 0 1150 100 46 200 547 300 457 400
730 0 5 1230 0 8 100 1249 200 572 300 415 400
731 0 5 343 0 464 100 660 200 947 300 1355 400
732 0 5 357 0 340 100 637 200 1482 300 710 400
733 0 5 969 0 219 100 550 200 1436 300 1372 400
734 0 5 1454 0 354 100 1238 200 855 300 188 400
735 0 5 1064 0 967 100 885 200 594 300 907 400
736 0 5 936 0 32 100 190 200 722 300 1334 400
737 0 5 1253 0 170 100 517 200 594 300 1212 400
738 0 5 1503 0 1504 100 671 200 215 300 279 400
739 0 5 174 0 1360 100 798 200 646 300 1006 400
740 0 5 366 0 749 100 596 200 459 300 1448 400
741 0 5 954 0 992 100 533 200 959 300 748 400
742 0 5 382 0 708 100 87 200 1168 300 416 400
743 0 5 1126 0 1427 100 567 200 300 300 561 400
744 0 5 28 0 13 100 369 200 454 300 902 400
745 0 5 1075 0 863 100 715 200 264 300 799 400
746 0 5 614 0 926 100 748 200 1374 300 954 400
747 0 5 546 0 983 100 927 200 1308 300 792 400
748 0 5 1311 0 926 100 1127 200 746 300 973 400
749 0 5 1329 0 740 100 831 200 1448 300 1221 400
750 0 5 1030 0 685 100 804 200 1437 300 375 400
751 0 5 96 0 915 100 173 200 92 300 271 400
752 0 5 1393 0 161 100 1180 200 1422 300 861 400
753 0 5 797 0 487 100 1316 200 1105 300 1441 400
754 0 5 1359 0 878 100 687 200 161 300 1012 400
755 0 5 4 0 1393 100 1407 200 1012 300 934 400
756 0 5 1396 0 901 100 1461 200 943 300 705 400
757 0 5 1399 0 292 100 810 200 661 300 880 400
758 0 5 95 0 1204 100 1198 200 1018 300 1414 400
759 0 5 156 0 1026 100 1258 200 719 300 157 400
760 0 5 1100 0 1049 100 1078 200 1162 300 1028 400
761 0 5 515 0 551 100 1478 200 72 300 1164 400
762 0 5 1284 0 277 100 485 200 1480 300 1417 400
763 0 5 961 0 466 100 1207 200 832 300 559 400
764 0 5 331 0 91 100 106 200 424 300 191 400
765 0 5 1141 0 114 100 706 200 551 300 1478 400
766 0 5 874 0 1483 100 93 200 60 300 131 400
767 0 5 911 0 542 100 1423 200 495 300 485 400
768 0 5 27 0 261 100 629 200 1098 300 158 400
769 0 5 1196 0 1443 100 303 200 820 300 296 400
770 0 5 287 0 483 100 1047 200 332 300 1397 400
771 0 5 816 0 951 100 434 200 713 300 1492 400
772 0 5 1079 0 949 100 1431 200 337 300 1291 400
773 0 5 1184 0 785 100 313 200 243 300 675 400
774 0 5 884 0 410 100 304 200 1385 300 1033 400
775 0 5 1090 0 211 100 130 200 948 300 1232 400
776 0 5 977 0 942 100 1042 200 1195 300 637 400
777 0 5 1471 0 1341 100 288 200 883 300 1062 400
778 0 5 262 0 1324 100 1152 200 235 300 39 400
779 0 5 601 0 427 100 1446 200 108 300 367 400
780 0 5 1036 0 1215 100 651 200 347 300 1004 400
781 0 5 1295 0 101 100 1103 200 1259 300 223 400
782 0 5 1093 0 321 100 1063 200 1051 300 437 400
783 0 5 919 0 482 100 301 200 850 300 343 400
784 0 5 959 0 97 100 37 200 411 300 676 400
785 0 5 532 0 773 100 313 200 1184 300 243 400
786 0 5 659 0 466 100 559 200 834 300 621 400
787 0 5 79 0 1022 100 503 200 864 300 644 400
788 0 5 1027 0 1024 100 1155 200 1499 300 423 400
789 0 5 1315 0 376 100 183 200 1262 300 57 400
790 0 5 1165 0 613 100 543 200 1099 300 603 400
791 0 5 1424 0 1244 100 460 200 1328 300 938 400
792 0 5 546 0 1157 100 1340 200 927 300 747 400
793 0 5 528 0 988 100 608 200 469 300 1083 400
794 0 5 264 0 1061 100 1075 200 349 300 295 400
795 0 5 100 0 1421 100 1129 200 1008 300 578 400
796 0 5 1016 0 616 100 1011 200 716 300 1356 400
797 0 5 753 0 1105 100 1316 200 1441 300 1327 400
798 0 5 1006 0 991 100 739 200 1226 300 1267 400
799 0 5 1466 0 643 100 715 200 1181 300 44 400
800 0 5 45 0 548 100 52 200 917 300 324 400
801 0 5 1118 0 231 100 234 200 1019 300 952 400
802 0 5 250 0 697 100 1092 200 1144 300 902 400
803 0 5 33 0 1434 100 1204 200 283 300 102 400
804 0 5 375 0 1030 100 750 200 1469 300 1361 400
805 0 5 813 0 1358 100 972 200 917 300 385 400
806 0 5 1142 0 1271 100 549 200 474 300 1059 400
807 0 5 513 0 364 100 841 200 389 300 238 400
808 0 5 610 0 268 100 1317 200 550 300 733 400
809 0 5 1354 0 1357 100 654 200 1137 300 520 400
810 0 5 1399 0 649 100 1092 200 757 300 250 400
811 0 5 82 0 712 100 503 200 1222 300 424 400
812 0 5 583 0 68 100 400 200 133 300 612 400
813 0 5 805 0 972 100 45 200 1358 300 1488 400
814 0 5 516 0 254 100 1482 200 64 300 6 400
815 0 5 679 0 1162 100 593 200 985 300 1346 400
816 0 5 771 0 933 100 434 200 1176 300 951 400
817 0 5 136 0 581 100 963 200 1221 300 693 400
818 0 5 175 0 1227 100 621 200 834 300 832 400
819 0 5 571 0 306 100 1487 200 1080 300 109 400
820 0 5 569 0 955 100 965 200 769 300 586 400
821 0 5 472 0 1143 100 1010 200 1115 300 77 400
822 0 5 1145 0 637 100 11 200 942 300 1136 400
823 0 5 419 0 1128 100 1043 200 1260 300 880 400
824 0 5 307 0 1490 100 302 200 191 300 1242 400
825 0 5 1524 0 442 100 433 200 1525 300 1429 400
826 0 5 22 0 481 100 680 200 214 300 422 400
827 0 5 169 0 1347 100 631 200 151 300 590 400
828 0 5 1266 0 633 100 57 200 376 300 63 400
829 0 5 928 0 531 100 1486 200 591 300 648 400
830 0 5 1134 0 428 100 1023 200 668 300 391 400
831 0 5 374 0 259 100 749 200 269 300 1395 400
832 0 5 1227 0 559 100 763 200 1153 300 818 400
833 0 5 1380 0 1492 100 662 200 477 300 1351 400
834 0 5 659 0 559 100 621 200 1227 300 818 400
835 0 5 879 0 412 100 1001 200 474 300 969 400
836 0 5 226 0 417 100 1452 200 129 300 125 400
837 0 5 663 0 1289 100 1301 200 1457 300 112 400
838 0 5 1352 0 187 100 1072 200 1281 300 1194 400
839 0 5 55 0 1202 100 19 200 69 300 1184 400
840 0 5 351 0 946 100 314 200 359 300 906 400
841 0 5 238 0 890 100 807 200 322 300 1172 400
842 0 5 229 0 179 100 1294 200 1333 300 1435 400
843 0 5 575 0 1102 100 973 200 1440 300 1413 400
844 0 5 272 0 42 100 92 200 725 300 565 400
845 0 5 281 0 1292 100 1055 200 512 300 1303 400
846 0 5 75 0 167 100 456 200 901 300 403 400
847 0 5 1070 0 1239 100 1170 200 1336 300 513 400
848 0 5 962 0 73 100 231 200 1501 300 327 400
849 0 5 666 0 1275 100 135 200 1474 300 684 400
850 0 5 976 0 482 100 343 200 301 300 919 400
851 0 5 223 0 1259 100 101 200 375 300 290 400
852 0 5 515 0 72 100 207 200 1186 300 966 400
853 0 5 454 0 545 100 1113 200 476 300 1226 400
854 0 5 473 0 530 100 1481 200 857 300 1122 400
855 0 5 1238 0 1323 100 1085 200 1181 300 643 400
856 0 5 563 0 579 100 1280 200 702 300 1176 400
857 0 5 473 0 171 100 854 200 1481 300 1430 400
858 0 5 1456 0 553 100 1023 200 534 300 30 400
859 0 5 458 0 1254 100 1420 200 921 300 14 400
860 0 5 693 0 1199 100 204 200 406 300 136 400
861 0 5 177 0 1313 100 1180 200 752 300 1422 400
862 0 5 1108 0 1246 100 1078 200 490 300 974 400
863 0 5 1075 0 264 100 44 200 745 300 794 400
864 0 5 405 0 644 100 503 200 79 300 787 400
865 0 5 706 0 688 100 1111 200 677 300 1141 400
866 0 5 673 0 369 100 1425 200 949 300 1431 400
867 0 5 76 0 578 100 130 200 100 300 1447 400
868 0 5 1154 0 896 100 1484 200 1273 300 1080 400
869 0 5 1342 0 1217 100 1097 200 1465 300 1294 400
870 0 5 401 0 908 100 36 200 523 300 762 400
871 0 5 275 0 491 100 1428 200 394 300 980 400
872 0 5 317 0 206 100 380 200 190 300 1065 400
873 0 5 587 0 199 100 1328 200 1111 300 423 400
874 0 5 766 0 1326 100 83 200 421 300 131 400
875 0 5 534 0 1428 100 361 200 275 300 142 400
876 0 5 425 0 202 100 441 200 386 300 146 400
877 0 5 561 0 1062 100 623 200 1126 300 1471 400
878 0 5 754 0 1314 100 687 200 397 300 1359 400
879 0 5 835 0 1436 100 1001 200 969 300 190 400
880 0 5 661 0 1160 100 419 200 823 300 1128 400
881 0 5 203 0 358 100 402 200 396 300 983 400
882 0 5 892 0 486 100 565 200 377 300 1312 400
883 0 5 1257 0 1471 100 777 200 595 300 288 400
884 0 5 774 0 304 100 1385 200 410 300 1397 400
885 0 5 594 0 907 100 735 200 360 300 1064 400
886 0 5 1209 0 1206 100 233 200 364 300 694 400
887 0 5 445 0 1013 100 1392 200 1485 300 330 400
888 0 5 665 0 132 100 1032 200 1117 300 970 400
889 0 5 1314 0 605 100 1003 200 1022 300 878 400
890 0 5 165 0 841 100 585 200 1172 300 252 400
891 0 5 1400 0 160 100 1379 200 388 300 1183 400
892 0 5 915 0 882 100 92 200 377 300 565 400
893 0 5 677 0 688 100 1111 200 1104 300 623 400
894 0 5 1255 0 36 100 699 200 88 300 1040 400
895 0 5 1031 0 527 100 117 200 1398 300 986 400
896 0 5 868 0 67 100 1080 200 1154 300 617 400
897 0 5 81 0 713 100 1403 200 98 300 1234 400
898 0 5 126 0 25 100 271 200 725 300 676 400
899 0 5 1470 0 536 100 1401 200 1349 300 341 400
900 0 5 5 0 316 100 327 200 273 300 1119 400
901 0 5 1479 0 756 100 943 200 846 300 167 400
902 0 5 28 0 1096 100 58 200 369 300 744 400
903 0 5 1246 0 334 100 1053 200 974 300 447 400
904 0 5 950 0 1451 100 333 200 826 300 422 400
905 0 5 1045 0 1427 100 567 200 561 300 683 400
906 0 5 946 0 1014 100 420 200 840 300 1462 400
907 0 5 885 0 967 100 1163 200 404 300 144 400
908 0 5 870 0 1497 100 1082 200 401 300 1202 400
909 0 5 1026 0 1091 100 83 200 1098 300 90 400
910 0 5 1067 0 1464 100 342 200 1280 300 618 400
911 0 5 628 0 767 100 1423 200 762 300 542 400
912 0 5 592 0 172 100 465 200 516 300 628 400
913 0 5 477 0 213 100 664 200 1263 300 1351 400
914 0 5 181 0 242 100 598 200 1055 300 1292 400
915 0 5 892 0 751 100 92 200 173 300 377 400
916 0 5 568 0 1469 100 290 200 444 300 379 400
917 0 5 939 0 1358 100 324 200 385 300 800 400
918 0 5 1158 0 990 100 1306 200 118 300 625 400
919 0 5 783 0 1325 100 301 200 739 300 646 400
920 0 5 588 0 726 100 54 200 379 300 444 400
921 0 5 458 0 1000 100 182 200 620 300 859 400
922 0 5 67 0 1307 100 571 200 318 300 86 400
923 0 5 600 0 299 100 510 200 307 300 1239 400
924 0 5 562 0 15 100 978 200 1245 300 1473 400
925 0 5 1371 0 468 100 537 200 1209 300 233 400
926 0 5 614 0 20 100 365 200 748 300 746 400
927 0 5 1304 0 1340 100 747 200 792 300 577 400
928 0 5 829 0 338 100 591 200 648 300 356 400
929 0 5 970 0 132 100 1032 200 888 300 232 400
930 0 5 27 0 224 100 1015 200 158 300 1426 400
931 0 5 1298 0 1029 100 670 200 1281 300 1276 400
932 0 5 1360 0 539 100 964 200 174 300 739 400
933 0 5 434 0 816 100 702 200 1176 300 64 400
934 0 5 595 0 479 100 4 200 755 300 1130 400
935 0 5 506 0 521 100 18 200 185 300 1013 400
936 0 5 736 0 1044 100 999 200 32 300 1334 400
937 0 5 359 0 1438 100 514 200 1116 300 265 400
938 0 5 1011 0 1244 100 1058 200 1187 300 1365 400
939 0 5 324 0 917 100 385 200 1358 300 800 400
940 0 5 632 0 1168 100 1133 200 1106 300 1050 400
941 0 5 553 0 1410 100 1101 200 1270 300 1023 400
942 0 5 637 0 776 100 11 200 1042 300 822 400
943 0 5 705 0 756 100 638 200 901 300 75 400
944 0 5 38 0 1076 100 1332 200 450 300 74 400
945 0 5 717 0 655 100 573 200 1440 300 1413 400
946 0 5 906 0 840 100 1462 200 420 300 514 400
947 0 5 604 0 958 100 464 200 268 300 1355 400
948 0 5 1419 0 1060 100 130 200 775 300 1232 400
949 0 5 772 0 1138 100 1431 200 1079 300 866 400
950 0 5 904 0 1451 100 1389 200 373 300 1134 400
951 0 5 771 0 1492 100 642 200 81 300 434 400
952 0 5 371 0 1118 100 532 200 801 300 1019 400
953 0 5 10 0 1137 100 520 200 1163 300 1231 400
954 0 5 741 0 1374 100 959 200 614 300 926 400
955 0 5 820 0 569 100 1344 200 1443 300 965 400
956 0 5 299 0 510 100 509 200 1152 300 1256 400
957 0 5 357 0 1156 100 1387 200 340 300 426 400
958 0 5 1103 0 947 100 472 200 1010 300 464 400
959 0 5 784 0 954 100 97 200 1159 300 1374 400
960 0 5 1004 0 59 100 1215 200 1203 300 1275 400
961 0 5 763 0 1207 100 689 200 466 300 1327 400
962 0 5 848 0 73 100 234 200 231 300 714 400
963 0 5 1039 0 582 100 136 200 9 300 817 400
964 0 5 291 0 539 100 932 200 174 300 1113 400
965 0 5 280 0 569 100 820 200 955 300 210 400
966 0 5 207 0 1243 100 852 200 1038 300 1455 400
967 0 5 1068 0 735 100 907 200 144 300 993 400
968 0 5 1376 0 1228 100 505 200 45 300 53 400
969 0 5 733 0 1001 100 1372 200 879 300 590 400
970 0 5 929 0 232 100 25 200 1286 300 378 400
971 0 5 1359 0 315 100 1012 200 1166 300 1339 400
972 0 5 1331 0 813 100 312 200 1488 300 805 400
973 0 5 124 0 843 100 1102 200 1127 300 387 400
974 0 5 1379 0 248 100 1108 200 1246 300 146 400
975 0 5 140 0 228 100 255 200 1467 300 701 400
976 0 5 850 0 137 100 1343 200 343 300 1265 400
977 0 5 1119 0 776 100 220 200 1195 300 316 400
978 0 5 924 0 562 100 15 200 173 300 685 400
979 0 5 363 0 1151 100 1459 200 696 300 188 400
980 0 5 1385 0 491 100 332 200 394 300 871 400
981 0 5 420 0 1152 100 1014 200 906 300 1462 400
982 0 5 42 0 120 100 686 200 1322 300 499 400
983 0 5 402 0 358 100 747 200 396 300 1304 400
984 0 5 1486 0 1257 100 1353 200 1141 300 114 400
985 0 5 1216 0 386 100 146 200 593 300 815 400
986 0 5 1398 0 339 100 1081 200 115 300 1038 400
987 0 5 683 0 1251 100 361 200 1290 300 656 400
988 0 5 241 0 793 100 1342 200 1294 300 528 400
989 0 5 128 0 1391 100 187 200 404 300 1299 400
990 0 5 918 0 118 100 625 200 673 300 1158 400
991 0 5 1343 0 798 100 1006 200 1144 300 1226 400
992 0 5 741 0 218 100 533 200 1240 300 182 400
993 0 5 709 0 1064 100 1146 200 1110 300 967 400
994 0 5 233 0 238 100 364 200 322 300 886 400
995 0 5 166 0 1097 100 1121 200 869 300 1217 400
996 0 5 195 0 1046 100 1322 200 464 300 1143 400
997 0 5 1278 0 1237 100 1439 200 1223 300 1475 400
998 0 5 500 0 21 100 1187 200 522 300 1383 400
999 0 5 599 0 1334 100 936 200 736 300 203 400
1000 0 5 921 0 1345 100 620 200 14 300 1147 400
1001 0 5 835 0 969 100 1347 200 879 300 474 400
1002 0 5 1422 0 449 100 397 200 1180 300 381 400
1003 0 5 728 0 390 100 1406 200 1370 300 1022 400
1004 0 5 960 0 59 100 1215 200 1036 300 507 400
1005 0 5 312 0 123 100 391 200 1169 300 1331 400
1006 0 5 798 0 991 100 1343 200 739 300 976 400
1007 0 5 421 0 556 100 1416 200 93 300 645 400
1008 0 5 721 0 100 100 1129 200 567 300 578 400
1009 0 5 1412 0 1453 100 669 200 638 300 1229 400
1010 0 5 472 0 821 100 77 200 1437 300 1115 400
1011 0 5 938 0 325 100 1424 200 460 300 796 400
1012 0 5 1407 0 971 100 161 200 479 300 755 400
1013 0 5 521 0 887 100 445 200 155 300 935 400
1014 0 5 1152 0 981 100 906 200 420 300 1462 400
1015 0 5 1091 0 90 100 930 200 158 300 1112 400
1016 0 5 796 0 138 100 529 200 716 300 616 400
1017 0 5 570 0 1350 100 121 200 206 300 1065 400
1018 0 5 309 0 95 100 497 200 427 300 758 400
1019 0 5 313 0 1086 100 532 200 801 300 231 400
1020 0 5 1326 0 1098 100 86 200 83 300 501 400
1021 0 5 1081 0 65 100 527 200 555 300 339 400
1022 0 5 787 0 79 100 392 200 503 300 605 400
1023 0 5 534 0 553 100 858 200 830 300 941 400
1024 0 5 21 0 1027 100 788 200 423 300 1460 400
1025 0 5 557 0 225 100 1277 200 193 300 1513 400
1026 0 5 909 0 759 100 1091 200 83 300 156 400
1027 0 5 1024 0 788 100 1155 200 721 300 423 400
1028 0 5 1049 0 1078 100 490 200 310 300 760 400
1029 0 5 670 0 1276 100 931 200 263 300 1177 400
1030 0 5 750 0 804 100 685 200 1361 300 978 400
1031 0 5 895 0 117 100 527 200 728 300 672 400
1032 0 5 353 0 1117 100 888 200 1495 300 929 400
1033 0 5 410 0 1481 100 530 200 1385 300 854 400
1034 0 5 547 0 154 100 192 200 738 300 1349 400
1035 0 5 133 0 400 100 143 200 507 300 812 400
1036 0 5 780 0 440 100 651 200 1004 300 125 400
1037 0 5 1236 0 292 100 660 200 1449 300 1476 400
1038 0 5 298 0 115 100 207 200 986 300 966 400
1039 0 5 540 0 963 100 582 200 1274 300 136 400
1040 0 5 88 0 704 100 11 200 220 300 1136 400
1041 0 5 409 0 1261 100 721 200 1008 300 1027 400
1042 0 5 1195 0 776 100 11 200 220 300 942 400
1043 0 5 1330 0 1260 100 823 200 414 300 104 400
1044 0 5 149 0 936 100 184 200 999 300 402 400
1045 0 5 905 0 56 100 561 200 1062 300 1251 400
1046 0 5 565 0 996 100 1322 200 1312 300 120 400
1047 0 5 1397 0 103 100 102 200 483 300 770 400
1048 0 5 1082 0 523 100 243 200 908 300 1086 400
1049 0 5 1028 0 760 100 310 200 1078 300 1274 400
1050 0 5 1168 0 393 100 1133 200 940 300 1301 400
1051 0 5 615 0 437 100 782 200 1063 300 321 400
1052 0 5 1163 0 1269 100 907 200 10 300 953 400
1053 0 5 85 0 1183 100 903 200 1246 300 1400 400
1054 0 5 719 0 692 100 9 200 582 300 368 400
1055 0 5 1292 0 845 100 598 200 914 300 181 400
1056 0 5 1279 0 508 100 1321 200 216 300 1089 400
1057 0 5 1106 0 1346 100 43 200 1133 300 1193 400
1058 0 5 1470 0 345 100 1365 200 938 300 325 400
1059 0 5 474 0 549 100 412 200 305 300 1271 400
1060 0 5 130 0 948 100 1419 200 867 300 1338 400
1061 0 5 794 0 413 100 295 200 1349 300 1075 400
1062 0 5 561 0 56 100 1363 200 777 300 877 400
1063 0 5 29 0 1093 100 782 200 1051 300 176 400
1064 0 5 735 0 993 100 709 200 594 300 1498 400
1065 0 5 380 0 1350 100 335 200 24 300 872 400
1066 0 5 1378 0 629 100 1174 200 261 300 1307 400
1067 0 5 910 0 1305 100 1302 200 340 300 1387 400
1068 0 5 967 0 144 100 348 200 690 300 1368 400
1069 0 5 1367 0 1390 100 148 200 1059 300 139 400
1070 0 5 80 0 847 100 1239 200 389 300 1170 400
1071 0 5 526 0 137 100 723 200 976 300 1265 400
1072 0 5 1352 0 1194 100 838 200 831 300 374 400
1073 0 5 1077 0 1155 100 1491 200 788 300 721 400
1074 0 5 444 0 695 100 608 200 726 300 1182 400
1075 0 5 745 0 863 100 794 200 264 300 1061 400
1076 0 5 450 0 944 100 1332 200 627 300 74 400
1077 0 5 256 0 1073 100 1491 200 721 300 1155 400
1078 0 5 490 0 1028 100 862 200 1108 300 760 400
1079 0 5 772 0 337 100 1431 200 949 300 1291 400
1080 0 5 306 0 896 100 1273 200 109 300 868 400
1081 0 5 1021 0 1398 100 339 200 986 300 527 400
1082 0 5 1048 0 523 100 908 200 243 300 36 400
1083 0 5 241 0 127 100 793 200 469 300 608 400
1084 0 5 672 0 65 100 405 200 527 300 1021 400
1085 0 5 643 0 1147 100 855 200 1345 300 1323 400
1086 0 5 1296 0 1019 100 243 200 178 300 1048 400
1087 0 5 1182 0 1135 100 695 200 209 300 1405 400
1088 0 5 1477 0 227 100 57 200 183 300 376 400
1089 0 5 216 0 1309 100 653 200 1056 300 1291 400
1090 0 5 775 0 1232 100 438 200 211 300 948 400
1091 0 5 909 0 1015 100 1026 200 90 300 83 400
1092 0 5 649 0 250 100 810 200 1449 300 802 400
1093 0 5 782 0 1063 100 1123 200 1333 300 179 400
1094 0 5 162 0 619 100 1500 200 293 300 1249 400
1095 0 5 1505 0 1504 100 650 200 1351 300 328 400
1096 0 5 58 0 902 100 1364 200 63 300 673 400
1097 0 5 995 0 1342 100 869 200 408 300 1369 400
1098 0 5 158 0 1020 100 1378 200 629 300 1326 400
1099 0 5 543 0 603 100 1165 200 613 300 790 400
1100 0 5 760 0 285 100 1274 200 1049 300 679 400
1101 0 5 1270 0 553 100 941 200 595 300 4 400
1102 0 5 387 0 843 100 575 200 973 300 1386 400
1103 0 5 223 0 606 100 958 200 781 300 1010 400
1104 0 5 1499 0 1491 100 623 200 423 300 893 400
1105 0 5 1327 0 797 100 1441 200 753 300 1316 400
1106 0 5 1133 0 1057 100 940 200 1193 300 1220 400
1107 0 5 1256 0 1242 100 1490 200 331 300 600 400
1108 0 5 862 0 974 100 1078 200 248 300 1246 400
1109 0 5 1190 0 669 100 1412 200 1229 300 94 400
1110 0 5 352 0 320 100 993 200 159 300 1146 400
1111 0 5 587 0 677 100 865 200 893 300 706 400
1112 0 5 90 0 112 100 1289 200 1015 300 930 400
1113 0 5 545 0 476 100 1267 200 174 300 853 400
1114 0 5 1276 0 654 100 1137 200 263 300 701 400
1115 0 5 77 0 1143 100 1312 200 1010 300 821 400
1116 0 5 1438 0 1444 100 937 200 514 300 265 400
1117 0 5 493 0 1495 100 1032 200 678 300 888 400
1118 0 5 801 0 952 100 371 200 408 300 234 400
1119 0 5 316 0 977 100 1195 200 220 300 900 400
1120 0 5 718 0 612 100 1319 200 1285 300 68 400
1121 0 5 166 0 267 100 1369 200 1097 300 995 400
1122 0 5 473 0 854 100 142 200 1428 300 530 400
1123 0 5 1333 0 1157 100 1093 200 321 300 1308 400
1124 0 5 71 0 91 100 106 200 314 300 488 400
1125 0 5 150 0 122 100 157 200 1213 300 366 400
1126 0 5 300 0 743 100 877 200 561 300 1427 400
1127 0 5 1311 0 973 100 308 200 748 300 124 400
1128 0 5 1260 0 823 100 1286 200 419 300 880 400
1129 0 5 1421 0 795 100 1008 200 578 300 1261 400
1130 0 5 1353 0 338 100 595 200 934 300 1486 400
1131 0 5 652 0 541 100 1432 200 1288 300 336 400
1132 0 5 1280 0 342 100 702 200 1176 300 1380 400
1133 0 5 1106 0 1050 100 940 200 1057 300 43 400
1134 0 5 830 0 668 100 1389 200 950 300 428 400
1135 0 5 35 0 1087 100 1405 200 1439 300 1182 400
1136 0 5 11 0 699 100 88 200 822 300 704 400
1137 0 5 953 0 1114 100 520 200 1276 300 654 400
1138 0 5 1158 0 949 100 242 200 918 300 990 400
1139 0 5 602 0 104 100 823 200 419 300 1266 400
1140 0 5 1488 0 505 100 535 200 45 300 968 400
1141 0 5 765 0 706 100 865 200 688 300 984 400
1142 0 5 806 0 1271 100 151 200 549 300 539 400
1143 0 5 821 0 1115 100 472 200 996 300 77 400
1144 0 5 697 0 1343 100 991 200 137 300 13 400
1145 0 5 822 0 212 100 732 200 11 300 1136 400
1146 0 5 1493 0 639 100 993 200 709 300 1498 400
1147 0 5 1323 0 1345 100 1085 200 14 300 1000 400
1148 0 5 149 0 1445 100 176 200 184 300 611 400
1149 0 5 1272 0 429 100 1298 200 119 300 931 400
1150 0 5 536 0 1320 100 566 200 729 300 525 400
1151 0 5 696 0 455 100 1167 200 979 300 276 400
1152 0 5 1014 0 981 100 778 200 262 300 956 400
1153 0 5 1227 0 506 100 657 200 832 300 185 400
1154 0 5 617 0 868 100 1484 200 67 300 896 400
1155 0 5 788 0 1073 100 1491 200 1027 300 423 400
1156 0 5 724 0 957 100 1302 200 254 300 1305 400
1157 0 5 792 0 1123 100 54 200 546 300 1340 400
1158 0 5 1138 0 918 100 1306 200 990 300 118 400
1159 0 5 353 0 959 100 1032 200 784 300 132 400
1160 0 5 661 0 686 100 880 200 1476 300 292 400
1161 0 5 440 0 384 100 125 200 133 300 1004 400
1162 0 5 593 0 815 100 760 200 248 300 1216 400
1163 0 5 1052 0 10 100 404 200 907 300 953 400
1164 0 5 484 0 648 100 356 200 1478 300 761 400
1165 0 5 790 0 432 100 1099 200 603 300 543 400
1166 0 5 687 0 315 100 971 200 1450 300 1359 400
1167 0 5 696 0 276 100 1151 200 200 300 66 400
1168 0 5 1050 0 393 100 940 200 416 300 382 400
1169 0 5 391 0 294 100 214 200 680 300 22 400
1170 0 5 1239 0 1336 100 847 200 510 300 389 400
1171 0 5 355 0 510 100 252 200 585 300 222 400
1172 0 5 634 0 322 100 841 200 890 300 238 400
1173 0 5 396 0 1304 100 344 200 511 300 203 400
1174 0 5 258 0 1307 100 1066 200 261 300 502 400
1175 0 5 436 0 1461 100 347 200 1215 300 293 400
1176 0 5 1380 0 684 100 1132 200 702 300 342 400
1177 0 5 263 0 529 100 217 200 1029 300 716 400
1178 0 5 720 0 452 100 779 200 427 300 727 400
1179 0 5 14 0 1446 100 727 200 168 300 1254 400
1180 0 5 1422 0 177 100 752 200 161 300 861 400
1181 0 5 799 0 855 100 1085 200 643 300 863 400
1182 0 5 1087 0 1211 100 1405 200 1135 300 196 400
1183 0 5 1053 0 388 100 1400 200 453 300 891 400
1184 0 5 773 0 55 100 839 200 785 300 1202 400
1185 0 5 1415 0 162 100 1500 200 1229 300 1408 400
1186 0 5 74 0 207 100 852 200 450 300 484 400
1187 0 5 1244 0 1388 100 998 200 522 300 21 400
1188 0 5 143 0 558 100 711 200 589 300 583 400
1189 0 5 425 0 180 100 876 200 1247 300 386 400
1190 0 5 1109 0 1375 100 1412 200 1517 300 607 400
1191 0 5 284 0 183 100 1315 200 1262 300 197 400
1192 0 5 1464 0 1474 100 589 200 507 300 558 400
1193 0 5 1346 0 1057 100 582 200 679 300 43 400
1194 0 5 1072 0 269 100 1318 200 838 300 1298 400
1195 0 5 1042 0 220 100 776 200 977 300 316 400
1196 0 5 296 0 769 100 303 200 153 300 634 400
1197 0 5 394 0 656 100 251 200 1290 300 871 400
1198 0 5 1218 0 1414 100 95 200 574 300 758 400
1199 0 5 860 0 406 100 204 200 239 300 240 400
1200 0 5 330 0 155 100 680 200 312 300 972 400
1201 0 5 715 0 1508 100 1507 200 745 300 192 400
1202 0 5 19 0 839 100 1497 200 485 300 908 400
1203 0 5 415 0 1230 100 1215 200 1275 300 960 400
1204 0 5 33 0 1414 100 803 200 758 300 95 400
1205 0 5 1293 0 163 100 451 200 1252 300 1441 400
1206 0 5 703 0 1209 100 886 200 468 300 925 400
1207 0 5 961 0 689 100 163 200 763 300 1441 400
1208 0 5 604 0 268 100 1355 200 1372 300 610 400
1209 0 5 886 0 1206 100 468 200 925 300 703 400
1210 0 5 204 0 1329 100 259 200 831 300 240 400
1211 0 5 608 0 1182 100 469 200 196 300 1405 400
1212 0 5 170 0 1250 100 737 200 1498 300 1064 400
1213 0 5 1416 0 113 100 150 200 156 300 236 400
1214 0 5 278 0 718 100 68 200 125 300 384 400
1215 0 5 780 0 1004 100 1203 200 960 300 347 400
1216 0 5 985 0 146 100 248 200 593 300 1162 400
1217 0 5 1465 0 1382 100 869 200 166 300 1097 400
1218 0 5 1198 0 104 100 1262 200 1315 300 574 400
1219 0 5 1413 0 218 100 433 200 442 300 575 400
1220 0 5 1457 0 632 100 1301 200 940 300 692 400
1221 0 5 581 0 122 100 749 200 1329 300 366 400
1222 0 5 424 0 191 100 82 200 712 300 503 400
1223 0 5 266 0 209 100 1473 200 997 300 1237 400
1224 0 5 40 0 373 100 1451 200 1444 300 383 400
1225 0 5 327 0 273 100 5 200 286 300 73 400
1226 0 5 1267 0 545 100 13 200 798 300 991 400
1227 0 5 832 0 1153 100 818 200 559 300 834 400
1228 0 5 968 0 1409 100 53 200 1376 300 45 400
1229 0 5 249 0 1396 100 1415 200 94 300 669 400
1230 0 5 730 0 1203 100 415 200 572 300 666 400
1231 0 5 10 0 1402 100 404 200 1281 300 1137 400
1232 0 5 1090 0 332 100 483 200 948 300 1047 400
1233 0 5 1237 0 1475 100 308 200 329 300 323 400
1234 0 5 1403 0 467 100 897 200 1248 300 662 400
1235 0 5 1318 0 658 100 1433 200 1194 300 119 400
1236 0 5 1037 0 1449 100 723 200 660 300 292 400
1237 0 5 1233 0 997 100 1278 200 1475 300 1223 400
1238 0 5 855 0 354 100 734 200 1323 300 1454 400
1239 0 5 1170 0 847 100 923 200 389 300 510 400
1240 0 5 442 0 218 100 825 200 992 300 182 400
1241 0 5 626 0 1494 100 17 200 1467 300 72 400
1242 0 5 302 0 1107 100 1490 200 824 300 331 400
1243 0 5 1455 0 966 100 12 200 23 300 298 400
1244 0 5 1187 0 791 100 938 200 1388 300 1328 400
1245 0 5 329 0 924 100 1473 200 15 300 365 400
1246 0 5 903 0 862 100 334 200 974 300 1108 400
1247 0 5 180 0 1362 100 386 200 554 300 1458 400
1248 0 5 1411 0 467 100 274 200 1440 300 1234 400
1249 0 5 8 0 1263 100 730 200 666 300 1094 400
1250 0 5 639 0 1212 100 1146 200 1493 300 1498 400
1251 0 5 987 0 84 100 361 200 56 300 30 400
1252 0 5 1293 0 548 100 385 200 324 300 1485 400
1253 0 5 737 0 517 100 471 200 105 300 360 400
1254 0 5 859 0 14 100 1179 200 70 300 198 400
1255 0 5 894 0 641 100 401 200 36 300 699 400
1256 0 5 1107 0 600 100 299 200 1490 300 956 400
1257 0 5 1353 0 984 100 883 200 288 300 1341 400
1258 0 5 113 0 157 100 156 200 759 300 150 400
1259 0 5 101 0 290 100 851 200 379 300 1340 400
1260 0 5 1330 0 1043 100 1128 200 414 300 823 400
1261 0 5 398 0 1421 100 1041 200 500 300 1129 400
1262 0 5 574 0 1315 100 1218 200 1198 300 1191 400
1263 0 5 1408 0 1249 100 477 200 213 300 913 400
1264 0 5 20 0 365 100 443 200 1245 300 562 400
1265 0 5 526 0 660 100 723 200 976 300 1071 400
1266 0 5 828 0 376 100 57 200 633 300 602 400
1267 0 5 1226 0 1113 100 174 200 545 300 798 400
1268 0 5 635 0 17 100 587 200 682 300 626 400
1269 0 5 360 0 1052 100 907 200 885 300 471 400
1270 0 5 1101 0 4 100 1410 200 755 300 941 400
1271 0 5 806 0 1142 100 151 200 474 300 1059 400
1272 0 5 1149 0 1318 100 119 200 1298 300 1194 400
1273 0 5 557 0 147 100 1080 200 868 300 109 400
1274 0 5 26 0 285 100 582 200 540 300 1049 400
1275 0 5 849 0 59 100 666 200 1203 300 1474 400
1276 0 5 1114 0 1029 100 263 200 1137 300 931 400
1277 0 5 193 0 1025 100 1412 200 557 300 1190 400
1278 0 5 997 0 1475 100 1237 200 1439 300 532 400
1279 0 5 41 0 1056 100 216 200 508 300 1321 400
1280 0 5 1132 0 856 100 618 200 910 300 702 400
1281 0 5 1402 0 670 100 404 200 931 300 187 400
1282 0 5 630 0 1453 100 638 200 456 300 669 400
1283 0 5 134 0 164 100 34 200 1377 300 603 400
1284 0 5 762 0 401 100 641 200 277 300 1255 400
1285 0 5 1319 0 1452 100 519 200 1120 300 836 400
1286 0 5 1128 0 970 100 1260 200 414 300 378 400
1287 0 5 447 0 85 100 334 200 903 300 576 400
1288 0 5 1131 0 598 100 53 200 1381 300 336 400
1289 0 5 837 0 663 100 112 200 1112 300 1015 400
1290 0 5 656 0 1197 100 683 200 1338 300 361 400
1291 0 5 1431 0 1309 100 1321 200 1079 300 337 400
1292 0 5 845 0 181 100 1055 200 337 300 914 400
1293 0 5 1205 0 1252 100 451 200 163 300 282 400
1294 0 5 1465 0 988 100 1342 200 869 300 842 400
1295 0 5 781 0 1340 100 101 200 577 300 1317 400
1296 0 5 1501 0 1086 100 178 200 231 300 1019 400
1297 0 5 579 0 618 100 47 200 64 300 856 400
1298 0 5 931 0 1149 100 429 200 1194 300 1272 400
1299 0 5 374 0 128 100 1391 200 1352 300 319 400
1300 0 5 346 0 1514 100 1515 200 1415 300 1375 400
1301 0 5 1457 0 837 100 1220 200 663 300 632 400
1302 0 5 47 0 1305 100 1067 200 1156 300 618 400
1303 0 5 311 0 512 100 281 200 667 300 845 400
1304 0 5 927 0 1173 100 983 200 396 300 344 400
1305 0 5 1387 0 1067 100 1302 200 957 300 1156 400
1306 0 5 407 0 652 100 918 200 625 300 1158 400
1307 0 5 580 0 1174 100 922 200 86 300 629 400
1308 0 5 437 0 321 100 611 200 747 300 1123 400
1309 0 5 1089 0 1291 100 653 200 216 300 1431 400
1310 0 5 500 0 349 100 1383 200 794 300 1061 400
1311 0 5 1127 0 329 100 748 200 365 300 308 400
1312 0 5 77 0 1115 100 1046 200 1437 300 565 400
1313 0 5 691 0 861 100 177 200 351 300 449 400
1314 0 5 889 0 397 100 878 200 605 300 1003 400
1315 0 5 789 0 1262 100 1218 200 1191 300 376 400
1316 0 5 1441 0 451 100 797 200 753 300 667 400
1317 0 5 606 0 268 100 344 200 808 300 577 400
1318 0 5 1272 0 119 100 1235 200 1194 300 1433 400
1319 0 5 1285 0 612 100 1120 200 718 300 68 400
1320 0 5 566 0 1150 100 48 200 46 300 489 400
1321 0 5 1425 0 1431 100 508 200 1056 300 1291 400
1322 0 5 499 0 996 100 1046 200 195 300 120 400
1323 0 5 1147 0 14 100 855 200 1085 300 1238 400
1324 0 5 235 0 39 100 778 200 585 300 262 400
1325 0 5 590 0 1372 100 919 200 646 300 301 400
1326 0 5 1020 0 874 100 83 200 131 300 501 400
1327 0 5 1105 0 689 100 1441 200 961 300 1207 400
1328 0 5 199 0 538 100 1424 200 1460 300 460 400
1329 0 5 749 0 1210 100 136 200 259 300 240 400
1330 0 5 1043 0 1260 100 414 200 823 300 95 400
1331 0 5 972 0 312 100 1488 200 535 300 1005 400
1332 0 5 390 0 38 100 1076 200 944 300 74 400
1333 0 5 1123 0 179 100 1093 200 842 300 229 400
1334 0 5 32 0 999 100 736 200 936 300 636 400
1335 0 5 66 0 211 100 130 200 601 300 775 400
1336 0 5 1170 0 165 100 252 200 510 300 513 400
1337 0 5 623 0 688 100 1341 200 288 300 1141 400
1338 0 5 578 0 656 100 1419 200 683 300 251 400
1339 0 5 591 0 356 100 1450 200 315 300 971 400
1340 0 5 927 0 577 100 588 200 1295 300 792 400
1341 0 5 777 0 288 100 1337 200 883 300 1257 400
1342 0 5 869 0 1097 100 988 200 1294 300 1465 400
1343 0 5 991 0 137 100 1144 200 1006 300 976 400
1344 0 5 640 0 514 100 955 200 1443 300 1462 400
1345 0 5 620 0 1147 100 1000 200 1373 300 1085 400
1346 0 5 1193 0 1057 100 679 200 43 300 285 400
1347 0 5 827 0 590 100 1001 200 631 300 169 400
1348 0 5 1472 0 498 100 298 200 475 300 12 400
1349 0 5 413 0 289 100 1061 200 341 300 547 400
1350 0 5 1017 0 121 100 1065 200 570 300 380 400
1351 0 5 662 0 477 100 1404 200 346 300 1095 400
1352 0 5 1072 0 838 100 1299 200 128 300 374 400
1353 0 5 1257 0 1130 100 984 200 338 300 1486 400
1354 0 5 809 0 654 100 1357 200 701 300 475 400
1355 0 5 1372 0 301 100 1208 200 343 300 604 400
1356 0 5 7 0 429 100 616 200 716 300 796 400
1357 0 5 524 0 809 100 1354 200 1377 300 654 400
1358 0 5 805 0 917 100 813 200 385 300 1392 400
1359 0 5 971 0 754 100 687 200 1166 300 1012 400
1360 0 5 932 0 739 100 174 200 646 300 539 400
1361 0 5 15 0 266 100 1030 200 209 300 1473 400
1362 0 5 16 0 1247 100 554 200 1458 300 1496 400
1363 0 5 552 0 84 100 1062 200 1471 300 561 400
1364 0 5 63 0 673 100 1096 200 58 300 633 400
1365 0 5 345 0 119 100 325 200 1058 300 1433 400
1366 0 5 64 0 172 100 592 200 434 300 912 400
1367 0 5 1069 0 549 100 1390 200 1059 300 412 400
1368 0 5 584 0 352 100 239 200 480 300 144 400
1369 0 5 714 0 286 100 73 200 1121 300 1097 400
1370 0 5 1406 0 390 100 627 200 1003 300 728 400
1371 0 5 925 0 537 100 303 200 586 300 468 400
1372 0 5 1355 0 1325 100 1208 200 733 300 301 400
1373 0 5 257 0 237 100 1466 200 1345 300 620 400
1374 0 5 111 0 614 100 926 200 959 300 37 400
1375 0 5 328 0 607 100 1190 200 1418 300 193 400
1376 0 5 968 0 197 100 505 200 1228 300 1409 400
1377 0 5 520 0 34 100 603 200 471 300 1283 400
1378 0 5 1066 0 261 100 1098 200 629 300 1174 400
1379 0 5 974 0 160 100 248 200 146 300 891 400
1380 0 5 1176 0 664 100 684 200 1492 300 702 400
1381 0 5 53 0 681 100 1288 200 598 300 52 400
1382 0 5 29 0 1217 100 1435 200 1294 300 869 400
1383 0 5 295 0 522 100 998 200 1310 300 500 400
1384 0 5 631 0 646 100 1347 200 590 300 827 400
1385 0 5 410 0 980 100 774 200 287 300 304 400
1386 0 5 387 0 463 100 326 200 1102 300 31 400
1387 0 5 426 0 1305 100 957 200 1067 300 1156 400
1388 0 5 522 0 1187 100 1244 200 62 300 791 400
1389 0 5 668 0 950 100 1134 200 214 300 904 400
1390 0 5 305 0 1069 100 148 200 1367 300 549 400
1391 0 5 989 0 319 100 1299 200 128 300 144 400
1392 0 5 1485 0 385 100 887 200 445 300 1252 400
1393 0 5 752 0 755 100 161 200 1407 300 1012 400
1394 0 5 265 0 1410 100 1444 200 1393 300 861 400
1395 0 5 1448 0 269 100 110 200 831 300 658 400
1396 0 5 756 0 1229 100 293 200 94 300 162 400
1397 0 5 1047 0 103 100 287 200 304 300 770 400
1398 0 5 986 0 1081 100 527 200 895 300 117 400
1399 0 5 810 0 757 100 649 200 292 300 661 400
1400 0 5 891 0 1183 100 388 200 160 300 146 400
1401 0 5 446 0 525 100 536 200 1433 300 899 400
1402 0 5 670 0 1281 100 1231 200 1029 300 1137 400
1403 0 5 467 0 1234 100 897 200 98 300 274 400
1404 0 5 1516 0 1515 100 1351 200 346 300 662 400
1405 0 5 196 0 1135 100 1182 200 35 300 469 400
1406 0 5 1370 0 117 100 627 200 728 300 1003 400
1407 0 5 479 0 1012 100 755 200 1393 300 161 400
1408 0 5 1263 0 346 100 1500 200 477 300 1351 400
1409 0 5 504 0 1228 100 336 200 53 300 1288 400
1410 0 5 265 0 1394 100 941 200 1444 300 1270 400
1411 0 5 1248 0 274 100 31 200 1386 300 362 400
1412 0 5 1009 0 1109 100 1190 200 1277 300 1453 400
1413 0 5 717 0 575 100 573 200 1440 300 1219 400
1414 0 5 1204 0 574 100 1198 200 33 300 95 400
1415 0 5 1185 0 346 100 249 200 1300 300 1229 400
1416 0 5 645 0 1213 100 1007 200 556 300 150 400
1417 0 5 3 0 6 100 277 200 699 300 762 400
1418 0 5 1540 0 1 100 1375 200 328 300 1190 400
1419 0 5 251 0 948 100 1338 200 1060 300 394 400
1420 0 5 182 0 395 100 430 200 533 300 859 400
1421 0 5 795 0 1261 100 455 200 1129 300 1008 400
1422 0 5 1002 0 1180 100 161 200 752 300 177 400
1423 0 5 107 0 767 100 911 200 495 300 172 400
1424 0 5 791 0 460 100 1011 200 1328 300 682 400
1425 0 5 369 0 1321 100 866 200 1431 300 744 400
1426 0 5 87 0 224 100 930 200 158 300 1289 400
1427 0 5 743 0 905 100 567 200 561 300 1126 400
1428 0 5 275 0 875 100 1122 200 871 300 491 400
1429 0 5 1523 0 1522 100 442 200 650 300 825 400
1430 0 5 171 0 473 100 123 200 1463 300 857 400
1431 0 5 1291 0 1321 100 1079 200 949 300 772 400
1432 0 5 1131 0 492 100 336 200 541 300 625 400
1433 0 5 119 0 1235 100 1470 200 1401 300 446 400
1434 0 5 283 0 803 100 427 200 1018 300 438 400
1435 0 5 179 0 29 100 1382 200 842 300 1294 400
1436 0 5 636 0 879 100 733 200 219 300 1334 400
1437 0 5 486 0 750 100 1010 200 377 300 1312 400
1438 0 5 1116 0 937 100 514 200 1444 300 359 400
1439 0 5 35 0 997 100 1135 200 1278 300 1405 400
1440 0 5 717 0 1413 100 575 200 467 300 1248 400
1441 0 5 1316 0 689 100 1327 200 1105 300 451 400
1442 0 5 461 0 439 100 334 200 1489 300 576 400
1443 0 5 640 0 769 100 296 200 194 300 955 400
1444 0 5 1116 0 373 100 40 200 1224 300 1410 400
1445 0 5 176 0 1148 100 184 200 611 300 615 400
1446 0 5 1179 0 727 100 779 200 354 300 470 400
1447 0 5 276 0 76 100 130 200 1151 300 100 400
1448 0 5 1395 0 596 100 110 200 749 300 658 400
1449 0 5 723 0 250 100 1236 200 1092 300 697 400
1450 0 5 315 0 1339 100 356 200 1166 300 687 400
1451 0 5 904 0 950 100 373 200 1224 300 40 400
1452 0 5 1285 0 519 100 836 200 226 300 129 400
1453 0 5 1009 0 1282 100 630 200 1412 300 225 400
1454 0 5 734 0 188 100 354 200 200 300 1238 400
1455 0 5 23 0 1243 100 72 200 966 300 852 400
1456 0 5 858 0 361 100 552 200 30 300 1251 400
1457 0 5 1220 0 1301 100 837 200 663 300 692 400
1458 0 5 1496 0 393 100 554 200 1362 300 16 400
1459 0 5 455 0 363 100 141 200 979 300 1151 400
1460 0 5 538 0 1328 100 423 200 199 300 1024 400
1461 0 5 347 0 1175 100 756 200 417 300 129 400
1462 0 5 420 0 946 100 640 200 514 300 906 400
1463 0 5 171 0 197 100 1430 200 1376 300 505 400
1464 0 5 1192 0 910 100 1474 200 260 300 1067 400
1465 0 5 1294 0 1217 100 869 200 1342 300 1435 400
1466 0 5 799 0 715 100 237 200 1373 300 643 400
1467 0 5 626 0 72 100 706 200 1241 300 975 400
1468 0 5 19 0 69 100 485 200 495 300 542 400
1469 0 5 375 0 916 100 804 200 290 300 444 400
1470 0 5 899 0 1433 100 62 200 341 300 522 400
1471 0 5 777 0 883 100 595 200 288 300 877 400
1472 0 5 1348 0 12 100 701 200 475 300 498 400
1473 0 5 266 0 1245 100 1223 200 15 300 1361 400
1474 0 5 260 0 1192 100 135 200 1464 300 1275 400
1475 0 5 675 0 1278 100 1233 200 1237 300 323 400
1476 0 5 499 0 195 100 464 200 292 300 660 400
1477 0 5 1088 0 625 100 118 200 57 300 990 400
1478 0 5 648 0 551 100 761 200 1164 300 114 400
1479 0 5 129 0 901 100 167 200 431 300 846 400
1480 0 5 3 0 628 100 609 200 762 300 1417 400
1481 0 5 1033 0 854 100 530 200 857 300 410 400
1482 0 5 478 0 814 100 710 200 732 300 254 400
1483 0 5 766 0 93 100 671 200 1487 300 60 400
1484 0 5 61 0 868 100 225 200 630 300 1154 400
1485 0 5 1392 0 385 100 1252 200 887 300 445 400
1486 0 5 984 0 531 100 114 200 1130 300 829 400
1487 0 5 60 0 571 100 819 200 1483 300 131 400
1488 0 5 1140 0 535 100 1331 200 972 300 45 400
1489 0 5 576 0 439 100 245 200 1442 300 334 400
1490 0 5 307 0 1242 100 1107 200 824 300 1256 400
1491 0 5 256 0 623 100 1104 200 1077 300 1155 400
1492 0 5 951 0 662 100 833 200 642 300 1380 400
1493 0 5 564 0 1146 100 186 200 1250 300 639 400
1494 0 5 1241 0 244 100 17 200 50 300 372 400
1495 0 5 678 0 1117 100 493 200 49 300 70 400
1496 0 5 43 0 1458 100 554 200 393 300 1133 400
1497 0 5 243 0 908 100 1202 200 1082 300 1048 400
1498 0 5 639 0 709 100 1146 200 1064 300 737 400
1499 0 5 1104 0 423 100 788 200 1491 300 587 400
1500 0 5 1094 0 346 100 1408 200 1185 300 1300 400
1501 0 5 1296 0 231 100 178 200 273 300 848 400
1502 0 5 147 0 328 100 745 200 489 300 729 400
1503 0 5 738 0 147 100 489 200 745 300 729 400
1504 0 5 738 0 1095 100 489 200 745 300 729 400
1505 0 5 1095 0 1375 100 745 200 489 300 729 400
1506 0 5 650 0 1375 100 745 200 489 300 729 400
1507 0 5 1201 0 650 100 489 200 745 300 729 400
1508 0 5 1201 0 193 100 745 200 489 300 729 400
1509 0 5 193 0 109 100 489 200 745 300 729 400
1510 0 5 109 0 1277 100 489 200 745 300 729 400
1511 0 5 557 0 1277 100 745 200 489 300 729 400
1512 0 5 557 0 1273 100 745 200 489 300 729 400
1513 0 5 1273 0 1025 100 745 200 489 300 729 400
1514 0 5 1300 0 1025 100 489 200 745 300 729 400
1515 0 5 1404 0 1300 100 489 200 745 300 729 400
1516 0 5 1404 0 1190 100 489 200 729 300 745 400
1517 0 5 1190 0 306 100 489 200 745 300 729 400
1518 0 5 607 0 306 100 745 200 729 300 489 400
1519 0 5 279 0 607 100 745 200 729 300 489 400
1520 0 5 279 0 346 100 745 200 729 300 489 400
1521 0 5 346 0 745 100 729 200 489 300 1080 400
1522 0 5 1429 0 489 100 745 200 729 300 1080 400
1523 0 5 1429 0 249 100 489 200 745 300 729 400
1524 0 5 825 0 249 100 489 200 729 300 745 400
1525 0 5 192 0 825 100 745 200 489 300 729 400
1526 0 5 192 0 1034 100 745 200 489 300 729 400
1527 0 5 1034 0 154 100 745 200 729 300 489 400
1528 0 5 154 0 671 100 745 200 489 300 729 400
1529 0 5 671 0 215 100 745 200 489 300 729 400
1530 0 5 457 0 215 100 745 200 729 300 489 400
1531 0 5 457 0 46 100 745 200 729 300 489 400
1532 0 5 257 0 46 100 745 200 729 300 489 400
1533 0 5 257 0 556 100 745 200 729 300 489 400
1534 0 5 819 0 556 100 729 200 745 300 489 400
1535 0 5 715 0 819 100 745 200 729 300 489 400
1536 0 5 715 0 547 100 745 200 729 300 489 400
1537 0 5 547 0 1109 100 729 200 745 300 489 400
1538 0 5 1351 0 1109 100 729 200 745 300 489 400
1539 0 5 1351 0 729 100 745 200 489 300 1373 400
1540 0 5 1418 0 729 100 745 200 489 300 1373 400
-1
EOF
