1540
1 0 5 1042 0 809 100 1340 200 682 300 308 400
2 0 5 425 0 416 100 987 200 622 300 1283 400
3 0 5 560 0 1300 100 1352 200 199 300 1253 400
4 0 5 1109 0 494 100 41 200 1342 300 198 400
5 0 5 921 0 861 100 610 200 976 300 1071 400
6 0 5 765 0 431 100 918 200 1103 300 162 400
7 0 5 1371 0 1303 100 1403 200 1467 300 439 400
8 0 5 1267 0 1018 100 13 200 1096 300 1441 400
9 0 5 74 0 588 100 359 200 387 300 1094 400
10 0 5 683 0 1385 100 700 200 1427 300 686 400
11 0 5 269 0 768 100 1409 200 1405 300 611 400
12 0 5 92 0 841 100 369 200 223 300 1168 400
13 0 5 444 0 8 100 1018 200 1441 300 1326 400
14 0 5 189 0 94 100 1285 200 1399 300 322 400
15 0 5 1218 0 980 100 1159 200 556 300 89 400
16 0 5 910 0 152 100 219 200 283 300 293 400
17 0 5 907 0 141 100 1292 200 1117 300 900 400
18 0 5 710 0 172 100 820 200 1129 300 848 400
19 0 5 650 0 1038 100 887 200 1423 300 460 400
20 0 5 877 0 723 100 116 200 1337 300 1010 400
21 0 5 454 0 1005 100 819 200 878 300 1060 400
22 0 5 1211 0 249 100 572 200 1441 300 544 400
23 0 5 1104 0 903 100 927 200 436 300 887 400
24 0 5 1414 0 1022 100 1026 200 1364 300 692 400
25 0 5 1345 0 54 100 534 200 502 300 106 400
26 0 5 1249 0 823 100 525 200 506 300 329 400
27 0 5 995 0 310 100 1480 200 329 300 345 400
28 0 5 1084 0 327 100 44 200 33 300 1330 400
29 0 5 937 0 743 100 1266 200 481 300 1380 400
30 0 5 354 0 874 100 306 200 845 300 402 400
31 0 5 1354 0 761 100 532 200 1225 300 312 400
32 0 5 713 0 730 100 923 200 628 300 1074 400
33 0 5 370 0 1084 100 1330 200 1145 300 44 400
34 0 5 421 0 1356 100 252 200 537 300 186 400
35 0 5 1234 0 1282 100 659 200 1020 300 857 400
36 0 5 314 0 1314 100 762 200 1237 300 1090 400
37 0 5 868 0 949 100 828 200 897 300 1089 400
38 0 5 107 0 1032 100 1388 200 818 300 1404 400
39 0 5 886 0 77 100 497 200 628 300 957 400
40 0 5 732 0 1002 100 634 200 824 300 997 400
41 0 5 1109 0 4 100 564 200 747 300 1194 400
42 0 5 956 0 1076 100 85 200 47 300 467 400
43 0 5 1217 0 250 100 752 200 559 300 1276 400
44 0 5 28 0 673 100 1330 200 1084 300 33 400
45 0 5 1393 0 1019 100 553 200 975 300 1222 400
46 0 5 158 0 1452 100 218 200 420 300 960 400
47 0 5 725 0 541 100 956 200 42 300 137 400
48 0 5 181 0 778 100 1155 200 760 300 241 400
49 0 5 505 0 363 100 61 200 1366 300 929 400
50 0 5 950 0 196 100 1335 200 1150 300 828 400
51 0 5 598 0 958 100 693 200 1262 300 913 400
52 0 5 1251 0 1383 100 1465 200 443 300 1299 400
53 0 5 1443 0 1181 100 784 200 1121 300 538 400
54 0 5 1386 0 934 100 25 200 559 300 1217 400
55 0 5 270 0 263 100 200 200 457 300 451 400
56 0 5 221 0 986 100 679 200 1329 300 124 400
57 0 5 723 0 113 100 798 200 829 300 800 400
58 0 5 1242 0 989 100 1306 200 1302 300 388 400
59 0 5 1124 0 1394 100 1098 200 1412 300 289 400
60 0 5 99 0 187 100 1359 200 216 300 1081 400
61 0 5 363 0 929 100 49 200 1366 300 219 400
62 0 5 532 0 919 100 1225 200 753 300 550 400
63 0 5 248 0 101 100 1228 200 530 300 463 400
64 0 5 212 0 1197 100 978 200 1160 300 682 400
65 0 5 167 0 397 100 692 200 661 300 221 400
66 0 5 769 0 705 100 464 200 1372 300 1303 400
67 0 5 1358 0 928 100 1377 200 741 300 775 400
68 0 5 744 0 365 100 1061 200 1458 300 835 400
69 0 5 129 0 1073 100 1432 200 590 300 810 400
70 0 5 353 0 1370 100 756 200 1497 300 710 400
71 0 5 399 0 629 100 607 200 290 300 218 400
72 0 5 1507 0 1506 100 1240 200 1221 300 128 400
73 0 5 485 0 175 100 1275 200 474 300 1053 400
74 0 5 9 0 759 100 327 200 1094 300 588 400
75 0 5 1498 0 1128 100 256 200 507 300 488 400
76 0 5 385 0 1298 100 298 200 1274 300 238 400
77 0 5 628 0 39 100 1074 200 713 300 898 400
78 0 5 184 0 1044 100 1232 200 1286 300 232 400
79 0 5 1412 0 1372 100 1362 200 1000 300 1098 400
80 0 5 1149 0 616 100 650 200 1423 300 123 400
81 0 5 431 0 580 100 6 200 765 300 1291 400
82 0 5 764 0 1158 100 484 200 489 300 979 400
83 0 5 486 0 1154 100 287 200 1445 300 582 400
84 0 5 379 0 856 100 157 200 320 300 1093 400
85 0 5 1076 0 545 100 42 200 1146 300 500 400
86 0 5 969 0 966 100 495 200 585 300 620 400
87 0 5 643 0 1182 100 1457 200 409 300 721 400
88 0 5 666 0 793 100 789 200 1252 300 619 400
89 0 5 980 0 270 100 676 200 15 300 556 400
90 0 5 522 0 1429 100 147 200 1246 300 403 400
91 0 5 549 0 444 100 1238 200 13 300 453 400
92 0 5 159 0 12 100 970 200 328 300 1101 400
93 0 5 1352 0 773 100 1425 200 199 300 1434 400
94 0 5 1399 0 483 100 1271 200 14 300 130 400
95 0 5 1198 0 865 100 1175 200 112 300 896 400
96 0 5 955 0 1463 100 1447 200 1137 300 1364 400
97 0 5 871 0 397 100 1414 200 843 300 692 400
98 0 5 174 0 982 100 1300 200 305 300 1253 400
99 0 5 60 0 793 100 1100 200 187 300 1053 400
100 0 5 1251 0 1383 100 914 200 52 300 848 400
101 0 5 63 0 530 100 1332 200 1228 300 248 400
102 0 5 146 0 1360 100 823 200 389 300 506 400
103 0 5 1483 0 1191 100 335 200 1093 300 583 400
104 0 5 150 0 224 100 548 200 854 300 1156 400
105 0 5 682 0 642 100 313 200 689 300 1461 400
106 0 5 534 0 1141 100 213 200 25 300 409 400
107 0 5 721 0 38 100 1404 200 502 300 976 400
108 0 5 296 0 672 100 398 200 1074 300 805 400
109 0 5 496 0 339 100 182 200 468 300 1248 400
110 0 5 582 0 1154 100 873 200 245 300 1445 400
111 0 5 1201 0 231 100 648 200 1202 300 783 400
112 0 5 1493 0 1175 100 896 200 1198 300 206 400
113 0 5 1152 0 635 100 470 200 57 300 963 400
114 0 5 1243 0 191 100 1476 200 498 300 239 400
115 0 5 585 0 1501 100 985 200 422 300 202 400
116 0 5 723 0 20 100 1351 200 656 300 877 400
117 0 5 1229 0 1052 100 1143 200 546 300 1255 400
118 0 5 520 0 1013 100 906 200 1188 300 316 400
119 0 5 340 0 1190 100 1494 200 1147 300 571 400
120 0 5 1456 0 930 100 779 200 1258 300 1470 400
121 0 5 606 0 653 100 1056 200 210 300 707 400
122 0 5 338 0 1467 100 890 200 769 300 1303 400
123 0 5 616 0 763 100 1423 200 475 300 80 400
124 0 5 1007 0 230 100 986 200 56 300 679 400
125 0 5 1238 0 1441 100 444 200 544 300 13 400
126 0 5 1186 0 163 100 694 200 899 300 748 400
127 0 5 489 0 1290 100 260 200 764 300 507 400
128 0 5 400 0 1221 100 1035 200 1516 300 1515 400
129 0 5 69 0 590 100 810 200 1432 300 916 400
130 0 5 476 0 483 100 94 200 168 300 291 400
131 0 5 568 0 519 100 1125 200 381 300 310 400
132 0 5 208 0 151 100 782 200 41 300 747 400
133 0 5 232 0 1232 100 350 200 646 300 412 400
134 0 5 587 0 1381 100 775 200 1416 300 804 400
135 0 5 1483 0 1462 100 526 200 583 300 103 400
136 0 5 631 0 155 100 46 200 836 300 158 400
137 0 5 541 0 1266 100 47 200 956 300 462 400
138 0 5 341 0 208 100 747 200 878 300 1011 400
139 0 5 1384 0 733 100 690 200 1276 300 1171 400
140 0 5 269 0 295 100 611 200 309 300 1409 400
141 0 5 17 0 925 100 617 200 203 300 1292 400
142 0 5 1444 0 1082 100 1015 200 1061 300 451 400
143 0 5 1159 0 1218 100 734 200 915 300 168 400
144 0 5 620 0 615 100 1361 200 1301 300 503 400
145 0 5 599 0 1039 100 452 200 618 300 1469 400
146 0 5 102 0 823 100 389 200 1475 300 624 400
147 0 5 403 0 1429 100 90 200 1246 300 751 400
148 0 5 838 0 864 100 774 200 598 300 229 400
149 0 5 1418 0 266 100 1309 200 1200 300 1331 400
150 0 5 854 0 104 100 548 200 224 300 527 400
151 0 5 592 0 132 100 782 200 878 300 708 400
152 0 5 16 0 293 100 283 200 169 300 282 400
153 0 5 675 0 794 100 194 200 1039 300 618 400
154 0 5 180 0 524 100 801 200 272 300 734 400
155 0 5 136 0 1392 100 1165 200 1227 300 836 400
156 0 5 884 0 1446 100 490 200 1077 300 922 400
157 0 5 320 0 1065 100 1058 200 716 300 84 400
158 0 5 420 0 836 100 46 200 155 300 136 400
159 0 5 92 0 328 100 575 200 1101 300 12 400
160 0 5 601 0 663 100 940 200 367 300 866 400
161 0 5 478 0 1314 100 1237 200 36 300 1144 400
162 0 5 1103 0 918 100 244 200 1492 300 431 400
163 0 5 126 0 694 100 414 200 396 300 254 400
164 0 5 1380 0 974 100 1038 200 460 300 1266 400
165 0 5 659 0 235 100 405 200 792 300 1220 400
166 0 5 889 0 960 100 941 200 1164 300 399 400
167 0 5 65 0 221 100 661 200 56 300 692 400
168 0 5 521 0 476 100 942 200 1271 300 291 400
169 0 5 293 0 1362 100 1412 200 283 300 152 400
170 0 5 243 0 925 100 738 200 866 300 702 400
171 0 5 1127 0 1281 100 851 200 1163 300 1244 400
172 0 5 1097 0 18 100 710 200 631 300 848 400
173 0 5 265 0 983 100 674 200 735 300 755 400
174 0 5 98 0 1300 100 225 200 1491 300 1424 400
175 0 5 73 0 246 100 485 200 673 300 474 400
176 0 5 1185 0 531 100 395 200 641 300 220 400
177 0 5 945 0 1260 100 662 200 1170 300 872 400
178 0 5 463 0 778 100 248 200 48 300 1126 400
179 0 5 1156 0 407 100 929 200 282 300 1477 400
180 0 5 154 0 771 100 556 200 524 300 589 400
181 0 5 241 0 48 100 778 200 1114 300 1155 400
182 0 5 1248 0 609 100 109 200 1357 300 496 400
183 0 5 1415 0 1241 100 1118 200 384 300 652 400
184 0 5 78 0 676 100 1286 200 1400 300 980 400
185 0 5 1157 0 504 100 674 200 223 300 1402 400
186 0 5 252 0 231 100 1201 200 1356 300 34 400
187 0 5 1374 0 60 100 1319 200 1100 300 99 400
188 0 5 367 0 1120 100 1243 200 498 300 1279 400
189 0 5 14 0 509 100 1167 200 322 300 1285 400
190 0 5 1260 0 1151 100 640 200 253 300 954 400
191 0 5 433 0 1253 100 114 200 1243 300 681 400
192 0 5 698 0 595 100 530 200 1332 300 1228 400
193 0 5 1067 0 1322 100 795 200 1387 300 1452 400
194 0 5 794 0 1039 100 153 200 618 300 987 400
195 0 5 1500 0 1325 100 871 200 1118 300 661 400
196 0 5 50 0 950 100 1335 200 1150 300 828 400
197 0 5 1059 0 1396 100 729 200 785 300 1279 400
198 0 5 1194 0 424 100 41 200 1045 300 494 400
199 0 5 1434 0 1300 100 1352 200 93 300 3 400
200 0 5 1172 0 771 100 55 200 556 300 451 400
201 0 5 1130 0 347 100 344 200 1350 300 371 400
202 0 5 1008 0 1501 100 422 200 1072 300 585 400
203 0 5 935 0 651 100 617 200 400 300 1117 400
204 0 5 1070 0 1420 100 876 200 708 300 922 400
205 0 5 1068 0 646 100 232 200 1044 300 506 400
206 0 5 727 0 1198 100 1455 200 112 300 1493 400
207 0 5 1036 0 440 100 1244 200 1163 300 171 400
208 0 5 132 0 138 100 747 200 41 300 878 400
209 0 5 1079 0 1177 100 868 200 1426 300 515 400
210 0 5 707 0 653 100 121 200 1056 300 1094 400
211 0 5 1321 0 1254 100 337 200 1085 300 487 400
212 0 5 64 0 1160 100 1190 200 547 300 1197 400
213 0 5 1209 0 1386 100 106 200 25 300 534 400
214 0 5 433 0 508 100 560 200 1300 300 1235 400
215 0 5 1009 0 999 100 933 200 859 300 912 400
216 0 5 1359 0 789 100 328 200 60 300 1081 400
217 0 5 581 0 821 100 1071 200 921 300 5 400
218 0 5 1370 0 399 100 960 200 1497 300 46 400
219 0 5 910 0 1366 100 61 200 16 300 363 400
220 0 5 998 0 523 100 176 200 1017 300 395 400
221 0 5 1203 0 56 100 167 200 692 300 679 400
222 0 5 875 0 766 100 238 200 1365 300 298 400
223 0 5 1402 0 1489 100 369 200 12 300 1157 400
224 0 5 104 0 1156 100 548 200 1477 300 407 400
225 0 5 330 0 174 100 1434 200 863 300 1126 400
226 0 5 938 0 1034 100 670 200 1207 300 500 400
227 0 5 527 0 688 100 1246 200 288 300 401 400
228 0 5 779 0 1459 100 1398 200 1134 300 317 400
229 0 5 864 0 1108 100 701 200 401 300 598 400
230 0 5 358 0 124 100 249 200 986 300 867 400
231 0 5 186 0 111 100 1201 200 644 300 783 400
232 0 5 133 0 1044 100 1232 200 646 300 205 400
233 0 5 257 0 1268 100 1397 200 333 300 1033 400
234 0 5 1437 0 362 100 1041 200 578 300 1184 400
235 0 5 1220 0 165 100 792 200 1020 300 659 400
236 0 5 428 0 1072 100 1048 200 422 300 770 400
237 0 5 394 0 316 100 1265 200 920 300 647 400
238 0 5 286 0 222 100 298 200 875 300 76 400
239 0 5 1456 0 1253 100 1258 200 305 300 114 400
240 0 5 563 0 1029 100 1295 200 1188 300 920 400
241 0 5 1114 0 181 100 1407 200 48 300 1155 400
242 0 5 1135 0 1495 100 459 200 871 300 97 400
243 0 5 702 0 170 100 1263 200 925 300 738 400
244 0 5 1379 0 918 100 972 200 1492 300 162 400
245 0 5 326 0 414 100 110 200 163 300 582 400
246 0 5 474 0 446 100 175 200 1348 300 1230 400
247 0 5 638 0 1021 100 624 200 525 300 561 400
248 0 5 63 0 463 100 178 200 101 300 1086 400
249 0 5 22 0 572 100 230 200 1007 300 124 400
250 0 5 752 0 43 100 1384 200 1276 300 139 400
251 0 5 1417 0 1296 100 889 200 1322 300 579 400
252 0 5 186 0 34 100 1356 200 537 300 421 400
253 0 5 442 0 1151 100 640 200 937 300 954 400
254 0 5 414 0 396 100 163 200 1062 300 245 400
255 0 5 1189 0 1115 100 743 200 1349 300 29 400
256 0 5 900 0 933 100 1498 200 75 300 1117 400
257 0 5 233 0 1033 100 1397 200 333 300 1268 400
258 0 5 594 0 665 100 1092 200 1205 300 879 400
259 0 5 533 0 333 100 490 200 1490 300 156 400
260 0 5 1290 0 360 100 127 200 1356 300 489 400
261 0 5 916 0 1403 100 439 200 590 300 468 400
262 0 5 271 0 1124 100 495 200 901 300 59 400
263 0 5 451 0 457 100 55 200 1273 300 200 400
264 0 5 748 0 718 100 1186 200 318 300 1083 400
265 0 5 173 0 755 100 674 200 504 300 968 400
266 0 5 1272 0 1200 100 557 200 149 300 1320 400
267 0 5 1351 0 1055 100 1496 200 917 300 551 400
268 0 5 355 0 584 100 1462 200 797 300 924 400
269 0 5 140 0 11 100 309 200 768 300 1409 400
270 0 5 55 0 89 100 556 200 676 300 771 400
271 0 5 262 0 620 100 495 200 1347 300 1301 400
272 0 5 801 0 814 100 734 200 154 300 942 400
273 0 5 1327 0 737 100 1184 200 648 300 783 400
274 0 5 300 0 1323 100 1295 200 1029 300 920 400
275 0 5 1215 0 1269 100 1315 200 1171 300 303 400
276 0 5 466 0 1102 100 834 200 1312 300 822 400
277 0 5 531 0 1168 100 390 200 1147 300 1101 400
278 0 5 776 0 852 100 1346 200 323 300 546 400
279 0 5 724 0 605 100 777 200 621 300 926 400
280 0 5 973 0 1344 100 495 200 501 300 706 400
281 0 5 1376 0 840 100 516 200 529 300 1284 400
282 0 5 929 0 293 100 179 200 1362 300 1477 400
283 0 5 289 0 152 100 1412 200 59 300 169 400
284 0 5 1016 0 352 100 1443 200 1047 300 1121 400
285 0 5 313 0 689 100 390 200 1147 300 1190 400
286 0 5 238 0 374 100 875 200 222 300 1274 400
287 0 5 574 0 486 100 453 200 1419 300 83 400
288 0 5 1357 0 758 100 227 200 688 300 609 400
289 0 5 1394 0 283 100 491 200 59 300 1347 400
290 0 5 629 0 333 100 607 200 71 300 218 400
291 0 5 476 0 1433 100 1232 200 1106 300 168 400
292 0 5 651 0 859 100 777 200 999 300 1111 400
293 0 5 169 0 152 100 282 200 1362 300 283 400
294 0 5 1452 0 579 100 889 200 420 300 1322 400
295 0 5 611 0 140 100 309 200 967 300 528 400
296 0 5 108 0 1425 100 975 200 1074 300 773 400
297 0 5 576 0 1333 100 1466 200 608 300 948 400
298 0 5 1327 0 1365 100 238 200 222 300 76 400
299 0 5 1110 0 677 100 1484 200 388 300 610 400
300 0 5 274 0 565 100 540 200 1295 300 1087 400
301 0 5 1119 0 947 100 865 200 632 300 1175 400
302 0 5 1064 0 337 100 850 200 1085 300 1027 400
303 0 5 1315 0 1277 100 1171 200 1187 300 1269 400
304 0 5 371 0 667 100 344 200 1385 300 10 400
305 0 5 982 0 1253 100 239 200 98 300 174 400
306 0 5 402 0 874 100 30 200 591 300 432 400
307 0 5 533 0 1268 100 333 200 259 300 1490 400
308 0 5 685 0 1054 100 492 200 902 300 869 400
309 0 5 295 0 1133 100 140 200 967 300 1454 400
310 0 5 604 0 27 100 345 200 131 300 503 400
311 0 5 816 0 1137 100 321 200 510 300 728 400
312 0 5 953 0 31 100 1120 200 1396 300 1243 400
313 0 5 285 0 682 100 105 200 1190 300 689 400
314 0 5 36 0 762 100 1314 200 1144 300 892 400
315 0 5 596 0 833 100 1014 200 505 300 671 400
316 0 5 237 0 920 100 1265 200 1188 300 1029 400
317 0 5 566 0 1134 100 603 200 228 300 1398 400
318 0 5 1471 0 718 100 528 200 1133 300 434 400
319 0 5 1077 0 1003 100 1481 200 569 300 1297 400
320 0 5 450 0 157 100 1058 200 924 300 379 400
321 0 5 510 0 311 100 1463 200 419 300 807 400
322 0 5 1177 0 509 100 1167 200 515 300 189 400
323 0 5 658 0 1346 100 1105 200 852 300 776 400
324 0 5 413 0 1223 100 372 200 1236 300 1309 400
325 0 5 1442 0 1422 100 1284 200 578 300 484 400
326 0 5 582 0 245 100 414 200 254 300 110 400
327 0 5 759 0 28 100 74 200 588 300 1084 400
328 0 5 1081 0 159 100 216 200 1359 300 1374 400
329 0 5 995 0 345 100 27 200 525 300 26 400
330 0 5 1126 0 225 100 863 200 1434 300 1407 400
331 0 5 1295 0 649 100 881 200 666 300 1252 400
332 0 5 427 0 1440 100 1305 200 1012 300 449 400
333 0 5 259 0 290 100 1490 200 1268 300 307 400
334 0 5 1328 0 697 100 1180 200 911 300 1464 400
335 0 5 583 0 103 100 334 200 1191 300 1180 400
336 0 5 600 0 392 100 958 200 991 300 603 400
337 0 5 1408 0 302 100 1085 200 436 300 487 400
338 0 5 122 0 769 100 890 200 1467 300 1303 400
339 0 5 1148 0 109 100 1161 200 468 300 1248 400
340 0 5 119 0 571 100 1494 200 1147 300 1199 400
341 0 5 138 0 454 100 1011 200 878 300 839 400
342 0 5 699 0 704 100 1107 200 1219 300 377 400
343 0 5 1333 0 746 100 671 200 389 300 815 400
344 0 5 667 0 304 100 1457 200 905 300 1130 400
345 0 5 831 0 329 100 568 200 310 300 27 400
346 0 5 1453 0 1149 100 1363 200 657 300 1294 400
347 0 5 201 0 1350 100 371 200 1226 300 606 400
348 0 5 1355 0 424 100 597 200 1023 300 936 400
349 0 5 1074 0 898 100 975 200 553 300 77 400
350 0 5 412 0 133 100 1106 200 291 300 1433 400
351 0 5 1283 0 977 100 891 200 1174 300 413 400
352 0 5 847 0 284 100 513 200 1443 300 784 400
353 0 5 70 0 172 100 710 200 18 300 1370 400
354 0 5 30 0 368 100 845 200 1162 300 874 400
355 0 5 967 0 268 100 797 200 584 300 1462 400
356 0 5 815 0 1466 100 1333 200 948 300 811 400
357 0 5 1122 0 1091 100 844 200 623 300 853 400
358 0 5 573 0 230 100 437 200 867 300 249 400
359 0 5 387 0 9 100 1140 200 588 300 554 400
360 0 5 260 0 1356 100 362 200 1290 300 1202 400
361 0 5 411 0 881 100 1468 200 649 300 1252 400
362 0 5 234 0 360 100 1041 200 764 300 1202 400
363 0 5 61 0 49 100 1366 200 219 300 929 400
364 0 5 1311 0 765 100 830 200 918 300 6 400
365 0 5 404 0 68 100 744 200 1061 300 1458 400
366 0 5 959 0 840 100 892 200 1376 300 1449 400
367 0 5 188 0 940 100 1279 200 1120 300 160 400
368 0 5 354 0 1247 100 959 200 1162 300 894 400
369 0 5 642 0 1402 100 223 200 12 300 841 400
370 0 5 33 0 1145 100 395 200 1084 300 588 400
371 0 5 304 0 1385 100 700 200 1343 300 347 400
372 0 5 1236 0 1036 100 1223 200 324 300 1309 400
373 0 5 862 0 1422 100 979 200 722 300 497 400
374 0 5 1274 0 286 100 1280 200 875 300 76 400
375 0 5 971 0 497 100 516 200 1422 300 1284 400
376 0 5 1401 0 1199 100 1494 200 1226 300 547 400
377 0 5 912 0 477 100 704 200 342 300 1009 400
378 0 5 790 0 1046 100 535 200 862 300 817 400
379 0 5 1138 0 84 100 924 200 320 300 856 400
380 0 5 738 0 1028 100 866 200 570 300 730 400
381 0 5 1125 0 519 100 1273 200 131 300 457 400
382 0 5 1172 0 1061 100 451 200 404 300 200 400
383 0 5 807 0 827 100 1267 200 1245 300 321 400
384 0 5 652 0 1325 100 183 200 1415 300 1118 400
385 0 5 76 0 1280 100 1274 200 298 300 374 400
386 0 5 577 0 1436 100 1349 200 1367 300 1231 400
387 0 5 359 0 447 100 9 200 554 300 1140 400
388 0 5 745 0 677 100 1242 200 1210 300 1110 400
389 0 5 671 0 146 100 102 200 343 300 1360 400
390 0 5 1168 0 689 100 841 200 285 300 277 400
391 0 5 1388 0 1179 100 1340 200 1278 300 1032 400
392 0 5 336 0 512 100 991 200 603 300 600 400
393 0 5 1487 0 1210 100 806 200 1388 300 1179 400
394 0 5 237 0 647 100 1265 200 1430 300 1296 400
395 0 5 1145 0 1185 100 176 200 370 300 1140 400
396 0 5 1025 0 254 100 163 200 1205 300 1458 400
397 0 5 65 0 692 100 97 200 661 300 1414 400
398 0 5 846 0 637 100 108 200 805 300 296 400
399 0 5 960 0 71 100 218 200 607 300 629 400
400 0 5 617 0 128 100 935 200 1035 300 203 400
401 0 5 527 0 854 100 227 200 229 300 598 400
402 0 5 591 0 306 100 30 200 368 300 354 400
403 0 5 147 0 1108 100 701 200 1246 300 90 400
404 0 5 365 0 835 100 1061 200 382 300 1172 400
405 0 5 1341 0 856 100 165 200 379 300 659 400
406 0 5 1308 0 1150 100 930 200 1031 300 576 400
407 0 5 913 0 1262 100 179 200 1156 300 458 400
408 0 5 1277 0 448 100 1187 200 668 300 796 400
409 0 5 1457 0 426 100 905 200 534 300 643 400
410 0 5 972 0 1161 100 1379 200 1248 300 1492 400
411 0 5 1499 0 361 100 1050 200 1468 300 504 400
412 0 5 350 0 1106 100 1406 200 1466 300 646 400
413 0 5 324 0 1178 100 1223 200 351 300 891 400
414 0 5 254 0 245 100 163 200 326 300 396 400
415 0 5 1089 0 1406 100 897 200 1106 300 1335 400
416 0 5 622 0 2 100 639 200 977 300 1283 400
417 0 5 712 0 1216 100 1088 200 1129 300 1196 400
418 0 5 545 0 1482 100 612 200 1146 300 1247 400
419 0 5 827 0 511 100 321 200 1405 300 816 400
420 0 5 1452 0 158 100 836 200 46 300 795 400
421 0 5 537 0 34 100 252 200 1201 300 1356 400
422 0 5 770 0 428 100 202 200 236 300 1501 400
423 0 5 944 0 1173 100 1354 200 1079 300 1426 400
424 0 5 1023 0 348 100 198 200 984 300 1355 400
425 0 5 990 0 2 100 987 200 618 300 994 400
426 0 5 1293 0 409 100 905 200 1209 300 534 400
427 0 5 449 0 332 100 1440 200 639 300 891 400
428 0 5 236 0 422 100 1048 200 770 300 1072 400
429 0 5 443 0 1383 100 860 200 914 300 902 400
430 0 5 551 0 1212 100 1093 200 917 300 656 400
431 0 5 81 0 6 100 1103 200 580 300 162 400
432 0 5 591 0 762 100 306 200 1090 300 1231 400
433 0 5 214 0 191 100 681 200 508 300 1253 400
434 0 5 1307 0 718 100 1096 200 318 300 1133 400
435 0 5 625 0 1490 100 884 200 1446 300 1003 400
436 0 5 903 0 23 100 337 200 1408 300 1411 400
437 0 5 573 0 867 100 636 200 1208 300 358 400
438 0 5 880 0 1037 100 1387 200 1430 300 540 400
439 0 5 1371 0 1403 100 261 200 468 300 7 400
440 0 5 1163 0 207 100 1312 200 1338 300 1036 400
441 0 5 677 0 719 100 1358 200 741 300 299 400
442 0 5 253 0 937 100 1151 200 743 300 29 400
443 0 5 1383 0 429 100 52 200 1299 300 1465 400
444 0 5 91 0 13 100 1238 200 125 300 549 400
445 0 5 557 0 1391 100 1272 200 796 300 1305 400
446 0 5 1348 0 246 100 1275 200 1230 300 474 400
447 0 5 387 0 554 100 1056 200 664 300 359 400
448 0 5 627 0 408 100 812 200 1438 300 796 400
449 0 5 427 0 639 100 891 200 332 300 1305 400
450 0 5 320 0 1049 100 716 200 1058 300 157 400
451 0 5 263 0 382 100 1061 200 1172 300 200 400
452 0 5 842 0 1469 100 618 200 145 300 1039 400
453 0 5 750 0 1419 100 287 200 549 300 684 400
454 0 5 341 0 21 100 1011 200 878 300 740 400
455 0 5 1487 0 882 100 1210 200 1179 300 745 400
456 0 5 1374 0 1081 100 523 200 1017 300 1359 400
457 0 5 1125 0 263 100 1273 200 676 300 55 400
458 0 5 1099 0 1262 100 913 200 407 300 1488 400
459 0 5 843 0 740 100 1495 200 654 300 819 400
460 0 5 974 0 595 100 946 200 1038 300 698 400
461 0 5 932 0 471 100 1227 200 795 300 1233 400
462 0 5 481 0 956 100 1266 200 137 300 1189 400
463 0 5 178 0 248 100 1228 200 63 300 778 400
464 0 5 1372 0 1206 100 66 200 1390 300 916 400
465 0 5 796 0 1378 100 1375 200 1318 300 837 400
466 0 5 276 0 1255 100 834 200 1102 300 726 400
467 0 5 1115 0 1076 100 42 200 500 300 226 400
468 0 5 810 0 496 100 109 200 339 300 590 400
469 0 5 1066 0 1244 100 1389 200 1309 300 996 400
470 0 5 635 0 113 100 1088 200 1152 300 1216 400
471 0 5 855 0 461 100 853 200 1122 300 540 400
472 0 5 681 0 940 100 160 200 663 300 367 400
473 0 5 1297 0 1080 100 1003 200 319 300 1481 400
474 0 5 246 0 1275 100 175 200 73 300 446 400
475 0 5 763 0 927 100 1423 200 123 300 1287 400
476 0 5 130 0 168 100 291 200 521 300 1433 400
477 0 5 377 0 537 100 488 200 912 300 489 400
478 0 5 480 0 161 100 1237 200 1314 300 1274 400
479 0 5 1354 0 1308 100 753 200 1225 300 919 400
480 0 5 478 0 1237 100 1280 200 1274 300 754 400
481 0 5 1189 0 462 100 1115 200 29 300 1266 400
482 0 5 997 0 634 100 1002 200 609 300 824 400
483 0 5 130 0 94 100 1271 200 168 300 1399 400
484 0 5 764 0 979 100 82 200 325 300 362 400
485 0 5 73 0 536 100 175 200 673 300 1319 400
486 0 5 83 0 287 100 1428 200 1154 300 1493 400
487 0 5 1408 0 1287 100 767 200 337 300 211 400
488 0 5 933 0 477 100 912 200 1498 300 1009 400
489 0 5 965 0 127 100 537 200 507 300 477 400
490 0 5 749 0 156 100 922 200 259 300 1490 400
491 0 5 561 0 1021 100 1347 200 289 300 1394 400
492 0 5 678 0 1196 100 1176 200 308 300 914 400
493 0 5 1432 0 1473 100 808 200 1073 300 548 400
494 0 5 4 0 1045 100 1342 200 198 300 1310 400
495 0 5 262 0 280 100 620 200 86 300 1124 400
496 0 5 109 0 468 100 810 200 182 300 129 400
497 0 5 722 0 375 100 957 200 373 300 39 400
498 0 5 953 0 1243 100 114 200 1120 300 188 400
499 0 5 976 0 806 100 1388 200 38 300 803 400
500 0 5 938 0 645 100 1207 200 1076 300 85 400
501 0 5 985 0 969 100 973 200 280 300 495 400
502 0 5 1345 0 934 100 25 200 1071 300 721 400
503 0 5 604 0 1361 100 615 200 144 300 310 400
504 0 5 1157 0 185 100 970 200 265 300 1489 400
505 0 5 49 0 1014 100 315 200 1488 300 61 400
506 0 5 1249 0 1360 100 26 200 1316 300 102 400
507 0 5 965 0 1128 100 75 200 489 300 127 400
508 0 5 1235 0 214 100 681 200 560 300 433 400
509 0 5 189 0 322 100 1177 200 1167 300 1399 400
510 0 5 1447 0 321 100 311 200 1137 300 1463 400
511 0 5 419 0 1245 100 1405 200 827 300 1454 400
512 0 5 1491 0 392 100 991 200 988 300 731 400
513 0 5 655 0 352 100 962 200 1377 300 1261 400
514 0 5 917 0 856 100 857 200 35 300 1496 400
515 0 5 1177 0 322 100 696 200 614 300 1079 400
516 0 5 957 0 971 100 375 200 281 300 529 400
517 0 5 1481 0 1297 100 1080 200 1342 300 319 400
518 0 5 1255 0 1368 100 1105 200 466 300 834 400
519 0 5 1048 0 381 100 131 200 1361 300 1015 400
520 0 5 118 0 619 100 906 200 1188 300 793 400
521 0 5 168 0 915 100 1433 200 476 300 291 400
522 0 5 1321 0 90 100 1429 200 1339 300 1246 400
523 0 5 1017 0 220 100 456 200 998 300 176 400
524 0 5 801 0 154 100 589 200 180 300 879 400
525 0 5 638 0 995 100 26 200 1475 300 247 400
526 0 5 1462 0 1166 100 135 200 583 300 335 400
527 0 5 401 0 227 100 854 200 1073 300 688 400
528 0 5 562 0 1471 100 318 200 967 300 309 400
529 0 5 971 0 1284 100 516 200 281 300 375 400
530 0 5 1228 0 101 100 192 200 1334 300 63 400
531 0 5 277 0 176 100 641 200 1147 300 1101 400
532 0 5 62 0 1225 100 761 200 31 300 953 400
533 0 5 259 0 307 100 333 200 490 300 749 400
534 0 5 106 0 1141 100 409 200 25 300 213 400
535 0 5 1046 0 1131 100 669 200 817 300 702 400
536 0 5 1319 0 1100 100 485 200 1053 300 187 400
537 0 5 421 0 477 100 489 200 252 300 34 400
538 0 5 784 0 1169 100 1276 200 1181 300 53 400
539 0 5 926 0 1111 100 1306 200 1416 300 1302 400
540 0 5 853 0 1087 100 983 200 300 300 1037 400
541 0 5 137 0 47 100 1266 200 725 300 698 400
542 0 5 775 0 1261 100 1381 200 655 300 668 400
543 0 5 1419 0 574 100 684 200 709 300 287 400
544 0 5 636 0 572 100 714 200 1441 300 1238 400
545 0 5 418 0 85 100 908 200 1146 300 612 400
546 0 5 776 0 1052 100 1327 200 117 300 298 400
547 0 5 1401 0 1160 100 1450 200 212 300 1478 400
548 0 5 808 0 1477 100 854 200 224 300 104 400
549 0 5 91 0 684 100 714 200 444 300 453 400
550 0 5 753 0 1308 100 919 200 1225 300 1031 400
551 0 5 1212 0 917 100 430 200 798 300 1264 400
552 0 5 1355 0 984 100 936 200 1304 300 816 400
553 0 5 898 0 45 100 1222 200 349 300 975 400
554 0 5 447 0 1288 100 1056 200 641 300 359 400
555 0 5 760 0 908 100 939 200 802 300 1192 400
556 0 5 180 0 771 100 734 200 200 300 15 400
557 0 5 445 0 1305 100 266 200 1272 300 1200 400
558 0 5 958 0 774 100 1472 200 598 300 51 400
559 0 5 934 0 1217 100 54 200 43 300 1276 400
560 0 5 3 0 1235 100 214 200 1352 300 508 400
561 0 5 491 0 1021 100 624 200 247 300 289 400
562 0 5 797 0 528 100 967 200 1413 300 1471 400
563 0 5 1188 0 240 100 849 200 1295 300 1029 400
564 0 5 782 0 708 100 41 200 1109 300 132 400
565 0 5 1087 0 300 100 1270 200 1295 300 1063 400
566 0 5 317 0 603 100 833 200 1134 300 600 400
567 0 5 1011 0 839 100 1304 200 984 300 747 400
568 0 5 131 0 1286 100 345 200 676 300 310 400
569 0 5 1116 0 922 100 319 200 1109 300 1481 400
570 0 5 1028 0 1395 100 730 200 380 300 672 400
571 0 5 1183 0 340 100 1147 200 1494 300 641 400
572 0 5 636 0 249 100 544 200 22 300 437 400
573 0 5 358 0 437 100 867 200 230 300 1324 400
574 0 5 543 0 287 100 1419 200 1455 300 453 400
575 0 5 1017 0 1101 100 159 200 12 300 523 400
576 0 5 297 0 1150 100 1335 200 406 300 415 400
577 0 5 386 0 1367 100 1436 200 1113 300 1207 400
578 0 5 826 0 325 100 1144 200 687 300 234 400
579 0 5 889 0 294 100 251 200 1322 300 1452 400
580 0 5 81 0 1291 100 993 200 431 300 630 400
581 0 5 217 0 1121 100 1071 200 1047 300 821 400
582 0 5 326 0 110 100 1154 200 245 300 1493 400
583 0 5 335 0 1166 100 103 200 825 300 526 400
584 0 5 268 0 924 100 1138 200 797 300 355 400
585 0 5 115 0 985 100 969 200 966 300 86 400
586 0 5 630 0 993 100 1136 200 1254 300 580 400
587 0 5 1416 0 134 100 1381 200 539 300 775 400
588 0 5 1140 0 9 100 759 200 359 300 1145 400
589 0 5 835 0 1112 100 771 200 200 300 180 400
590 0 5 810 0 129 100 916 200 1432 300 261 400
591 0 5 432 0 402 100 306 200 762 300 874 400
592 0 5 151 0 876 100 782 200 708 300 204 400
593 0 5 1213 0 1311 100 830 200 918 300 1259 400
594 0 5 258 0 1030 100 879 200 665 300 1413 400
595 0 5 698 0 192 100 460 200 946 300 1332 400
596 0 5 315 0 1134 100 671 200 1470 300 1459 400
597 0 5 1310 0 1045 100 348 200 1023 300 936 400
598 0 5 51 0 148 100 838 200 774 300 229 400
599 0 5 145 0 1469 100 452 200 1039 300 618 400
600 0 5 336 0 603 100 833 200 693 300 392 400
601 0 5 160 0 729 100 866 200 1279 300 940 400
602 0 5 714 0 709 100 437 200 544 300 636 400
603 0 5 566 0 600 100 833 200 317 300 392 400
604 0 5 503 0 310 100 27 200 1361 300 615 400
605 0 5 724 0 279 100 699 200 777 300 859 400
606 0 5 121 0 1183 100 1056 200 1199 300 626 400
607 0 5 1397 0 71 100 1164 200 290 300 399 400
608 0 5 1333 0 297 100 746 200 1150 300 343 400
609 0 5 182 0 1357 100 1248 200 758 300 997 400
610 0 5 1484 0 861 100 803 200 5 300 677 400
611 0 5 295 0 140 100 1409 200 11 300 768 400
612 0 5 1192 0 802 100 908 200 418 300 545 400
613 0 5 709 0 684 100 549 200 714 300 1238 400
614 0 5 1069 0 696 100 633 200 1055 300 904 400
615 0 5 1301 0 144 100 503 200 620 300 271 400
616 0 5 123 0 80 100 1423 200 763 300 1149 400
617 0 5 400 0 203 100 128 200 141 300 651 400
618 0 5 994 0 452 100 1174 200 1039 300 425 400
619 0 5 849 0 520 100 666 200 88 300 906 400
620 0 5 144 0 966 100 271 200 495 300 1204 400
621 0 5 926 0 1078 100 279 200 1416 300 1107 400
622 0 5 416 0 1283 100 2 200 977 300 987 400
623 0 5 1091 0 844 100 735 200 1465 300 357 400
624 0 5 1475 0 638 100 247 200 561 300 1021 400
625 0 5 435 0 695 100 1490 200 756 300 1497 400
626 0 5 1288 0 1183 100 641 200 606 300 554 400
627 0 5 1438 0 448 100 812 200 796 300 1391 400
628 0 5 713 0 77 100 923 200 32 300 39 400
629 0 5 290 0 71 100 1497 200 218 300 399 400
630 0 5 1257 0 586 100 580 200 1136 300 1254 400
631 0 5 136 0 100 100 1251 200 172 300 1233 400
632 0 5 865 0 770 100 947 200 301 300 1119 400
633 0 5 1001 0 1496 100 696 200 614 300 1055 400
634 0 5 482 0 1002 100 40 200 1321 300 997 400
635 0 5 470 0 963 100 113 200 829 300 800 400
636 0 5 544 0 572 100 437 200 602 300 714 400
637 0 5 398 0 805 100 681 200 672 300 846 400
638 0 5 247 0 525 100 624 200 1475 300 823 400
639 0 5 977 0 449 100 416 200 891 300 427 400
640 0 5 954 0 1260 100 253 200 662 300 1380 400
641 0 5 531 0 1147 100 626 200 176 300 1185 400
642 0 5 369 0 105 100 1402 200 841 300 682 400
643 0 5 87 0 1457 100 1182 200 409 300 534 400
644 0 5 1214 0 1338 100 231 200 783 300 1281 400
645 0 5 1207 0 500 100 1113 200 1146 300 85 400
646 0 5 205 0 133 100 412 200 232 300 1068 400
647 0 5 1296 0 394 100 251 200 1417 300 889 400
648 0 5 737 0 783 100 111 200 273 300 1202 400
649 0 5 1353 0 331 100 1063 200 361 300 1295 400
650 0 5 19 0 1423 100 946 200 80 300 460 400
651 0 5 203 0 292 100 617 200 400 300 935 400
652 0 5 384 0 1329 100 183 200 1324 300 986 400
653 0 5 210 0 121 100 1410 200 1094 300 1056 400
654 0 5 839 0 740 100 459 200 843 300 1022 400
655 0 5 513 0 1377 100 928 200 542 300 1261 400
656 0 5 1264 0 1351 100 723 200 116 300 551 400
657 0 5 1086 0 731 100 346 200 863 300 248 400
658 0 5 323 0 1298 100 1469 200 776 300 278 400
659 0 5 165 0 1234 100 1020 200 35 300 856 400
660 0 5 1222 0 1482 100 894 200 840 300 1247 400
661 0 5 1203 0 1500 100 167 200 97 300 1325 400
662 0 5 945 0 177 100 640 200 1260 300 954 400
663 0 5 160 0 940 100 805 200 866 300 637 400
664 0 5 1094 0 707 100 447 200 1056 300 210 400
665 0 5 1092 0 258 100 1413 200 1471 300 594 400
666 0 5 88 0 619 100 331 200 849 300 1252 400
667 0 5 344 0 304 100 1457 200 1385 300 10 400
668 0 5 1261 0 796 100 1317 200 408 300 787 400
669 0 5 817 0 722 100 535 200 1131 300 497 400
670 0 5 1034 0 1349 100 226 200 1436 300 255 400
671 0 5 389 0 343 100 596 200 315 300 146 400
672 0 5 108 0 805 100 637 200 1074 300 570 400
673 0 5 1330 0 44 100 175 200 485 300 73 400
674 0 5 1256 0 185 100 265 200 173 300 1402 400
675 0 5 153 0 990 100 618 200 2 300 425 400
676 0 5 184 0 1286 100 89 200 980 300 457 400
677 0 5 441 0 299 100 388 200 610 300 1132 400
678 0 5 1129 0 492 100 914 200 848 300 1196 400
679 0 5 720 0 961 100 56 200 124 300 692 400
680 0 5 991 0 731 100 958 200 1472 300 1363 400
681 0 5 472 0 637 100 508 200 433 300 805 400
682 0 5 105 0 1461 100 313 200 1190 300 64 400
683 0 5 10 0 1427 100 736 200 1385 300 700 400
684 0 5 613 0 549 100 543 200 1419 300 709 400
685 0 5 869 0 308 100 1337 200 860 300 1054 400
686 0 5 1226 0 1343 100 347 200 10 300 1199 400
687 0 5 1451 0 951 100 1144 200 1442 300 325 400
688 0 5 1339 0 758 100 227 200 1246 300 288 400
689 0 5 841 0 285 100 390 200 105 300 277 400
690 0 5 1171 0 847 100 139 200 784 300 1486 400
691 0 5 1214 0 772 100 893 200 1004 300 1281 400
692 0 5 961 0 397 100 97 200 1414 300 65 400
693 0 5 833 0 1099 100 600 200 51 300 1014 400
694 0 5 899 0 126 100 163 200 1205 300 1025 400
695 0 5 756 0 1497 100 625 200 1490 300 435 400
696 0 5 1069 0 1177 100 633 200 614 300 515 400
697 0 5 1328 0 1464 100 334 200 583 300 1166 400
698 0 5 192 0 595 100 460 200 541 300 974 400
699 0 5 342 0 1107 100 724 200 605 300 777 400
700 0 5 1343 0 1385 100 10 200 371 300 686 400
701 0 5 1246 0 1108 100 229 200 403 300 147 400
702 0 5 243 0 1046 100 738 200 535 300 380 400
703 0 5 998 0 1330 100 1319 200 485 300 456 400
704 0 5 1004 0 342 100 377 200 1024 300 1219 400
705 0 5 890 0 66 100 1000 200 757 300 769 400
706 0 5 717 0 1000 100 973 200 757 300 705 400
707 0 5 210 0 664 100 1094 200 1056 300 121 400
708 0 5 1116 0 564 100 782 200 876 300 922 400
709 0 5 613 0 602 100 684 200 714 300 543 400
710 0 5 756 0 18 100 820 200 353 300 172 400
711 0 5 1155 0 773 100 1425 200 1019 300 975 400
712 0 5 820 0 417 100 1129 200 832 300 18 400
713 0 5 628 0 32 100 77 200 1074 300 923 400
714 0 5 602 0 1238 100 544 200 549 300 636 400
715 0 5 813 0 895 100 1269 200 1187 300 1440 400
716 0 5 943 0 1058 100 450 200 1049 300 157 400
717 0 5 757 0 706 100 985 200 973 300 705 400
718 0 5 264 0 434 100 1096 200 318 300 1018 400
719 0 5 741 0 441 100 1132 200 539 300 1306 400
720 0 5 679 0 955 100 961 200 1364 300 96 400
721 0 5 107 0 1182 100 1345 200 502 300 25 400
722 0 5 497 0 669 100 862 200 817 300 373 400
723 0 5 116 0 20 100 656 200 57 300 1264 400
724 0 5 605 0 279 100 1107 200 699 300 621 400
725 0 5 1334 0 47 100 541 200 1228 300 42 400
726 0 5 1369 0 834 100 842 200 1174 300 466 400
727 0 5 1455 0 206 100 1428 200 112 300 1493 400
728 0 5 1137 0 1364 100 1304 200 1026 300 311 400
729 0 5 1396 0 601 100 197 200 785 300 1279 400
730 0 5 32 0 570 100 1395 200 672 300 713 400
731 0 5 657 0 680 100 991 200 512 300 1086 400
732 0 5 40 0 993 100 1291 200 824 300 1492 400
733 0 5 1486 0 139 100 1384 200 752 300 1171 400
734 0 5 942 0 143 100 1159 200 272 300 556 400
735 0 5 983 0 173 100 623 200 1091 300 674 400
736 0 5 818 0 1404 100 1427 200 1032 300 38 400
737 0 5 648 0 1202 100 273 200 1041 300 1184 400
738 0 5 380 0 702 100 170 200 785 300 570 400
739 0 5 1435 0 1390 100 858 200 1372 300 992 400
740 0 5 654 0 819 100 459 200 839 300 454 400
741 0 5 719 0 1358 100 441 200 539 300 67 400
742 0 5 1187 0 812 100 408 200 448 300 1012 400
743 0 5 1349 0 29 100 255 200 937 300 442 400
744 0 5 1458 0 68 100 365 200 1061 300 835 400
745 0 5 989 0 388 100 1057 200 455 300 882 400
746 0 5 1470 0 343 100 608 200 120 300 1333 400
747 0 5 1194 0 208 100 41 200 1011 300 138 400
748 0 5 1186 0 264 100 126 200 1018 300 718 400
749 0 5 1070 0 490 100 922 200 259 300 156 400
750 0 5 1224 0 453 100 1051 200 287 300 549 400
751 0 5 1429 0 1439 100 147 200 1287 300 403 400
752 0 5 250 0 1384 100 43 200 733 300 1217 400
753 0 5 550 0 1225 100 919 200 479 300 62 400
754 0 5 875 0 766 100 1314 200 826 300 222 400
755 0 5 968 0 265 100 1087 200 173 300 983 400
756 0 5 695 0 710 100 70 200 625 300 1490 400
757 0 5 717 0 890 100 706 200 705 300 1000 400
758 0 5 1339 0 288 100 688 200 609 300 1357 400
759 0 5 327 0 74 100 588 200 9 300 33 400
760 0 5 939 0 555 100 1393 200 48 300 778 400
761 0 5 31 0 532 100 1225 200 62 300 479 400
762 0 5 432 0 314 100 36 200 1090 300 1144 400
763 0 5 475 0 123 100 1423 200 616 300 751 400
764 0 5 82 0 484 100 1290 200 362 300 127 400
765 0 5 6 0 364 100 1311 200 81 300 431 400
766 0 5 1365 0 222 100 826 200 754 300 875 400
767 0 5 1287 0 903 100 1408 200 487 300 927 400
768 0 5 11 0 1454 100 1133 200 1409 300 309 400
769 0 5 338 0 66 100 1303 200 890 300 705 400
770 0 5 632 0 422 100 947 200 428 300 865 400
771 0 5 180 0 200 100 556 200 589 300 524 400
772 0 5 1004 0 893 100 691 200 1281 300 1127 400
773 0 5 1425 0 711 100 93 200 1155 300 296 400
774 0 5 558 0 838 100 1421 200 888 300 148 400
775 0 5 542 0 1381 100 928 200 134 300 587 400
776 0 5 546 0 278 100 323 200 1052 300 658 400
777 0 5 279 0 1111 100 292 200 859 300 605 400
778 0 5 181 0 178 100 48 200 760 300 463 400
779 0 5 228 0 1470 100 120 200 1398 300 239 400
780 0 5 825 0 1310 100 936 200 597 300 1464 400
781 0 5 1230 0 1479 100 1275 200 1053 300 793 400
782 0 5 564 0 151 100 708 200 132 300 41 400
783 0 5 1229 0 648 100 111 200 231 300 273 400
784 0 5 538 0 53 100 1443 200 690 300 847 400
785 0 5 866 0 738 100 197 200 729 300 380 400
786 0 5 825 0 1464 100 1166 200 583 300 334 400
787 0 5 962 0 1277 100 668 200 408 300 513 400
788 0 5 872 0 1170 100 1411 200 1064 300 177 400
789 0 5 1468 0 216 100 88 200 1252 300 666 400
790 0 5 1158 0 378 100 862 200 817 300 75 400
791 0 5 996 0 893 100 1024 200 1066 300 469 400
792 0 5 235 0 814 100 1020 200 165 300 659 400
793 0 5 99 0 88 100 1139 200 906 300 1100 400
794 0 5 153 0 194 100 1039 200 618 300 987 400
795 0 5 1067 0 1227 100 836 200 461 300 193 400
796 0 5 465 0 668 100 408 200 445 300 1378 400
797 0 5 562 0 967 100 924 200 584 300 355 400
798 0 5 1264 0 1212 100 57 200 551 300 723 400
799 0 5 941 0 1033 100 1164 200 1397 300 166 400
800 0 5 829 0 869 100 1176 200 963 300 635 400
801 0 5 272 0 524 100 879 200 154 300 814 400
802 0 5 1192 0 612 100 908 200 939 300 555 400
803 0 5 861 0 610 100 1484 200 806 300 976 400
804 0 5 1142 0 1381 100 1317 200 931 300 1250 400
805 0 5 637 0 663 100 672 200 866 300 1028 400
806 0 5 499 0 1388 100 803 200 393 300 38 400
807 0 5 383 0 1267 100 1211 200 321 300 1441 400
808 0 5 1473 0 548 100 493 200 854 300 1435 400
809 0 5 1502 0 1 100 455 200 745 300 1042 400
810 0 5 590 0 468 100 129 200 496 300 69 400
811 0 5 1316 0 815 100 356 200 1360 300 646 400
812 0 5 742 0 1438 100 1391 200 627 300 448 400
813 0 5 1440 0 715 100 1012 200 1187 300 742 400
814 0 5 792 0 272 100 801 200 942 300 1220 400
815 0 5 811 0 356 100 1466 200 1333 300 343 400
816 0 5 311 0 1405 100 1409 200 936 300 552 400
817 0 5 669 0 722 100 535 200 1046 300 862 400
818 0 5 1404 0 736 100 1032 200 38 300 1278 400
819 0 5 1005 0 740 100 21 200 459 300 454 400
820 0 5 712 0 18 100 710 200 1129 300 832 400
821 0 5 921 0 217 100 581 200 1047 300 1358 400
822 0 5 1312 0 1338 100 1102 200 834 300 276 400
823 0 5 1475 0 146 100 26 200 102 300 525 400
824 0 5 1492 0 997 100 732 200 1291 300 1002 400
825 0 5 780 0 786 100 583 200 1310 300 334 400
826 0 5 578 0 766 100 754 200 1144 300 222 400
827 0 5 419 0 383 100 511 200 321 300 1245 400
828 0 5 950 0 868 100 37 200 50 300 1426 400
829 0 5 800 0 963 100 57 200 635 300 113 400
830 0 5 918 0 1259 100 981 200 364 300 593 400
831 0 5 345 0 1400 100 1068 200 1044 300 329 400
832 0 5 885 0 909 100 1180 200 1040 300 1080 400
833 0 5 566 0 693 100 603 200 600 300 1014 400
834 0 5 842 0 726 100 466 200 1312 300 276 400
835 0 5 404 0 589 100 1172 200 200 300 365 400
836 0 5 158 0 420 100 795 200 1227 300 155 400
837 0 5 1318 0 1378 100 1142 200 465 300 469 400
838 0 5 148 0 864 100 774 200 598 300 1421 400
839 0 5 654 0 740 100 1011 200 567 300 454 400
840 0 5 1376 0 366 100 281 200 959 300 894 400
841 0 5 689 0 390 100 12 200 105 300 369 400
842 0 5 834 0 452 100 726 200 1469 300 466 400
843 0 5 1495 0 459 100 97 200 1022 300 654 400
844 0 5 623 0 964 100 1465 200 1091 300 357 400
845 0 5 874 0 1162 100 354 200 30 300 1146 400
846 0 5 398 0 1193 100 637 200 805 300 296 400
847 0 5 352 0 1171 100 690 200 784 300 284 400
848 0 5 1097 0 914 100 678 200 18 300 100 400
849 0 5 619 0 1188 100 666 200 88 300 1295 400
850 0 5 1085 0 1136 100 302 200 1254 300 1027 400
851 0 5 1281 0 1163 100 171 200 1338 300 440 400
852 0 5 1346 0 278 100 323 200 658 300 1298 400
853 0 5 540 0 1122 100 471 200 983 300 855 400
854 0 5 150 0 548 100 104 200 1073 300 527 400
855 0 5 880 0 471 100 853 200 540 300 1387 400
856 0 5 514 0 405 100 84 200 430 300 659 400
857 0 5 1282 0 1496 100 514 200 35 300 633 400
858 0 5 1435 0 992 100 739 200 1477 300 1390 400
859 0 5 999 0 292 100 777 200 699 300 605 400
860 0 5 1010 0 1006 100 685 200 1337 300 429 400
861 0 5 803 0 5 100 610 200 976 300 921 400
862 0 5 373 0 1158 100 722 200 817 300 378 400
863 0 5 1086 0 1126 100 330 200 225 300 657 400
864 0 5 148 0 838 100 1421 200 229 300 1108 400
865 0 5 632 0 95 100 1175 200 1119 300 301 400
866 0 5 1028 0 380 100 785 200 663 300 805 400
867 0 5 1208 0 437 100 573 200 358 300 230 400
868 0 5 1426 0 828 100 37 200 949 300 950 400
869 0 5 685 0 1176 100 800 200 1054 300 1337 400
870 0 5 1365 0 1382 100 766 200 826 300 298 400
871 0 5 1135 0 97 100 195 200 1500 300 661 400
872 0 5 788 0 1027 100 177 200 1064 300 1260 400
873 0 5 1431 0 1326 100 110 200 1018 300 1445 400
874 0 5 845 0 30 100 306 200 1113 300 354 400
875 0 5 754 0 222 100 1274 200 238 300 766 400
876 0 5 592 0 883 100 1420 200 204 300 1060 400
877 0 5 1010 0 20 100 1337 200 860 300 116 400
878 0 5 883 0 1060 100 21 200 454 300 138 400
879 0 5 1030 0 594 100 801 200 524 300 258 400
880 0 5 855 0 438 100 1387 200 471 300 1037 400
881 0 5 1252 0 361 100 331 200 649 300 1468 400
882 0 5 1503 0 1504 100 455 200 1485 300 1042 400
883 0 5 878 0 1060 100 876 200 151 300 592 400
884 0 5 156 0 1446 100 1003 200 435 300 1077 400
885 0 5 832 0 1040 100 1180 200 909 300 417 400
886 0 5 39 0 957 100 497 200 516 300 898 400
887 0 5 1104 0 23 100 19 200 1423 300 1038 400
888 0 5 1421 0 1294 100 774 200 1289 300 1439 400
889 0 5 579 0 166 100 251 200 294 300 1322 400
890 0 5 757 0 705 100 338 200 122 300 769 400
891 0 5 1331 0 977 100 1305 200 449 300 351 400
892 0 5 1449 0 366 100 1144 200 1451 300 1376 400
893 0 5 772 0 1066 100 791 200 1004 300 691 400
894 0 5 959 0 1247 100 1482 200 660 300 368 400
895 0 5 715 0 1269 100 1486 200 1215 300 1171 400
896 0 5 1062 0 1175 100 112 200 1119 300 301 400
897 0 5 1089 0 415 100 37 200 1167 300 1285 400
898 0 5 553 0 349 100 77 200 886 300 39 400
899 0 5 1083 0 694 100 126 200 1186 300 1092 400
900 0 5 256 0 907 100 1117 200 933 300 1498 400
901 0 5 1344 0 1098 100 1124 200 495 300 59 400
902 0 5 1511 0 1510 100 429 200 308 300 685 400
903 0 5 436 0 767 100 23 200 1408 300 487 400
904 0 5 1504 0 1505 100 1006 200 1010 300 877 400
905 0 5 1293 0 409 100 426 200 344 300 1457 400
906 0 5 1013 0 1139 100 118 200 520 300 793 400
907 0 5 17 0 900 100 1117 200 933 300 256 400
908 0 5 555 0 802 100 612 200 545 300 939 400
909 0 5 832 0 911 100 1180 200 1043 300 1080 400
910 0 5 219 0 16 100 61 200 1366 300 152 400
911 0 5 1043 0 909 100 1180 200 334 300 1328 400
912 0 5 377 0 1009 100 488 200 477 300 933 400
913 0 5 1262 0 407 100 458 200 598 300 51 400
914 0 5 848 0 678 100 100 200 1383 300 429 400
915 0 5 1433 0 521 100 143 200 1218 300 291 400
916 0 5 261 0 1206 100 1432 200 590 300 1403 400
917 0 5 514 0 551 100 267 200 1351 300 1264 400
918 0 5 830 0 162 100 244 200 1103 300 1379 400
919 0 5 62 0 550 100 1031 200 1225 300 753 400
920 0 5 1029 0 1265 100 316 200 1373 300 274 400
921 0 5 821 0 5 100 217 200 610 300 861 400
922 0 5 1077 0 569 100 490 200 749 300 708 400
923 0 5 1131 0 1395 100 628 200 32 300 669 400
924 0 5 1138 0 584 100 797 200 379 300 320 400
925 0 5 170 0 1263 100 141 200 243 300 1292 400
926 0 5 621 0 539 100 1111 200 279 300 1416 400
927 0 5 475 0 1287 100 23 200 767 300 1423 400
928 0 5 67 0 1377 100 655 200 775 300 1261 400
929 0 5 282 0 61 100 179 200 49 300 293 400
930 0 5 1031 0 120 100 1258 200 406 300 1476 400
931 0 5 1078 0 1250 100 1107 200 804 300 1381 400
932 0 5 1123 0 461 100 1165 200 1392 300 1227 400
933 0 5 256 0 1009 100 215 200 488 300 1117 400
934 0 5 559 0 54 100 502 200 25 300 1386 400
935 0 5 203 0 1035 100 1057 200 400 300 617 400
936 0 5 1409 0 552 100 1355 200 348 300 597 400
937 0 5 29 0 442 100 640 200 743 300 954 400
938 0 5 226 0 500 100 1207 200 645 300 1076 400
939 0 5 760 0 555 100 1393 200 1192 300 802 400
940 0 5 472 0 663 100 160 200 367 300 601 400
941 0 5 799 0 1164 100 166 200 960 300 1397 400
942 0 5 734 0 1271 100 168 200 272 300 814 400
943 0 5 1030 0 716 100 1460 200 879 300 594 400
944 0 5 423 0 1521 100 1522 200 1075 300 1079 400
945 0 5 662 0 177 100 1260 200 640 300 954 400
946 0 5 1153 0 1332 100 460 200 595 300 650 400
947 0 5 301 0 1448 100 770 200 632 300 1119 400
948 0 5 1466 0 1406 100 297 200 356 300 576 400
949 0 5 1426 0 37 100 868 200 828 300 1173 400
950 0 5 50 0 828 100 196 200 1150 300 1225 400
951 0 5 1442 0 687 100 1451 200 1284 300 1449 400
952 0 5 1478 0 1278 100 1401 200 1450 300 376 400
953 0 5 312 0 498 100 1120 200 1243 300 532 400
954 0 5 640 0 1380 100 1104 200 662 300 1260 400
955 0 5 720 0 96 100 1364 200 1007 300 1463 400
956 0 5 462 0 42 100 47 200 137 300 1266 400
957 0 5 516 0 886 100 497 200 375 300 971 400
958 0 5 558 0 51 100 336 200 1472 300 680 400
959 0 5 366 0 894 100 368 200 840 300 1247 400
960 0 5 399 0 166 100 218 200 941 300 607 400
961 0 5 692 0 679 100 1364 200 1026 300 1414 400
962 0 5 787 0 1261 100 513 200 668 300 655 400
963 0 5 635 0 829 100 113 200 800 300 57 400
964 0 5 1508 0 1509 100 1465 200 1461 300 682 400
965 0 5 489 0 507 100 1128 200 488 300 127 400
966 0 5 86 0 1204 100 620 200 585 300 495 400
967 0 5 355 0 797 100 295 200 528 300 309 400
968 0 5 1270 0 755 100 265 200 504 300 173 400
969 0 5 86 0 501 100 585 200 495 300 985 400
970 0 5 1050 0 1489 100 504 200 1499 300 92 400
971 0 5 529 0 375 100 516 200 1284 300 497 400
972 0 5 410 0 1379 100 244 200 1161 300 1248 400
973 0 5 280 0 985 100 501 200 706 300 717 400
974 0 5 164 0 1266 100 460 200 698 300 541 400
975 0 5 1019 0 1425 100 349 200 296 300 1074 400
976 0 5 499 0 5 100 107 200 861 300 806 400
977 0 5 639 0 351 100 891 200 1283 300 622 400
978 0 5 1197 0 1485 100 1520 200 64 300 1521 400
979 0 5 1422 0 484 100 373 200 325 300 862 400
980 0 5 15 0 89 100 676 200 184 300 915 400
981 0 5 1213 0 1259 100 830 200 918 300 1379 400
982 0 5 98 0 305 100 1253 200 1300 300 239 400
983 0 5 735 0 173 100 540 200 1087 300 755 400
984 0 5 1304 0 552 100 567 200 1355 300 198 400
985 0 5 501 0 973 100 585 200 969 300 1501 400
986 0 5 1329 0 56 100 124 200 230 300 1324 400
987 0 5 994 0 2 100 1174 200 1283 300 425 400
988 0 5 1424 0 512 100 1491 200 603 300 1398 400
989 0 5 1302 0 1057 100 745 200 58 300 1242 400
990 0 5 675 0 425 100 618 200 987 300 2 400
991 0 5 680 0 392 100 731 200 512 300 336 400
992 0 5 858 0 1477 100 1362 200 739 300 1435 400
993 0 5 586 0 732 100 1291 200 580 300 630 400
994 0 5 618 0 987 100 1174 200 452 300 425 400
995 0 5 329 0 27 100 525 200 1480 300 310 400
996 0 5 791 0 1024 100 469 200 1066 300 1219 400
997 0 5 482 0 1002 100 824 200 609 300 40 400
998 0 5 220 0 703 100 523 200 395 300 176 400
999 0 5 215 0 859 100 1009 200 292 300 933 400
1000 0 5 706 0 1098 100 705 200 79 300 1372 400
1001 0 5 633 0 509 100 1177 200 857 300 1496 400
1002 0 5 40 0 997 100 482 200 634 300 824 400
1003 0 5 319 0 1297 100 473 200 884 300 1077 400
1004 0 5 772 0 704 100 893 200 691 300 1024 400
1005 0 5 819 0 21 100 1313 200 878 300 1060 400
1006 0 5 1010 0 860 100 1509 200 1510 300 904 400
1007 0 5 124 0 1463 100 1211 200 955 300 96 400
1008 0 5 202 0 1072 100 422 200 236 300 1204 400
1009 0 5 215 0 912 100 933 200 488 300 699 400
1010 0 5 860 0 1006 100 877 200 1512 300 1511 400
1011 0 5 567 0 839 100 341 200 747 300 454 400
1012 0 5 1391 0 1440 100 332 200 812 300 813 400
1013 0 5 906 0 118 100 1139 200 520 300 1188 400
1014 0 5 1488 0 505 100 1099 200 833 300 693 400
1015 0 5 1273 0 1444 100 142 200 519 300 1061 400
1016 0 5 1047 0 284 100 1121 200 1443 300 581 400
1017 0 5 575 0 523 100 456 200 220 300 159 400
1018 0 5 1096 0 8 100 13 200 1326 300 873 400
1019 0 5 45 0 975 100 1393 200 711 300 1155 400
1020 0 5 1234 0 659 100 792 200 814 300 35 400
1021 0 5 247 0 561 100 491 200 624 300 1347 400
1022 0 5 1414 0 24 100 843 200 1026 300 97 400
1023 0 5 424 0 1045 100 597 200 348 300 198 400
1024 0 5 996 0 1219 100 791 200 704 300 1004 400
1025 0 5 396 0 1112 100 1205 200 694 300 254 400
1026 0 5 24 0 1364 100 728 200 1022 300 961 400
1027 0 5 1336 0 872 100 1136 200 302 300 1254 400
1028 0 5 570 0 866 100 380 200 805 300 730 400
1029 0 5 240 0 920 100 316 200 1373 300 1295 400
1030 0 5 943 0 594 100 879 200 1049 300 716 400
1031 0 5 930 0 1476 100 919 200 1258 300 406 400
1032 0 5 1278 0 818 100 38 200 736 300 1404 400
1033 0 5 799 0 257 100 1397 200 1164 300 941 400
1034 0 5 1436 0 670 100 226 200 1207 300 1113 400
1035 0 5 1057 0 935 100 1514 200 1515 300 1221 400
1036 0 5 207 0 372 100 1236 200 1244 300 1309 400
1037 0 5 438 0 1323 100 1430 200 540 300 1387 400
1038 0 5 19 0 1380 100 164 200 460 300 887 400
1039 0 5 145 0 194 100 618 200 794 300 452 400
1040 0 5 885 0 1216 100 1180 200 832 300 417 400
1041 0 5 1202 0 1437 100 234 200 737 300 362 400
1042 0 5 1540 0 1 100 882 200 809 300 1485 400
1043 0 5 911 0 1328 100 1080 200 909 300 334 400
1044 0 5 232 0 78 100 1400 200 1232 300 184 400
1045 0 5 1023 0 597 100 494 200 198 300 1310 400
1046 0 5 535 0 1263 100 702 200 378 300 1292 400
1047 0 5 1016 0 581 100 284 200 821 300 1121 400
1048 0 5 519 0 1072 100 236 200 428 300 1204 400
1049 0 5 1413 0 450 100 716 200 157 300 1030 400
1050 0 5 970 0 1499 100 1489 200 411 300 504 400
1051 0 5 1474 0 1224 100 1445 200 1154 300 13 400
1052 0 5 1143 0 546 100 117 200 776 300 1105 400
1053 0 5 1100 0 1275 100 536 200 73 300 781 400
1054 0 5 1176 0 869 100 308 200 685 300 492 400
1055 0 5 267 0 1351 100 614 200 116 300 633 400
1056 0 5 554 0 1288 100 121 200 447 300 606 400
1057 0 5 1035 0 989 100 935 200 745 300 128 400
1058 0 5 1065 0 1460 100 716 200 450 300 157 400
1059 0 5 197 0 1079 100 1396 200 72 300 944 400
1060 0 5 883 0 878 100 1313 200 21 300 876 400
1061 0 5 382 0 68 100 451 200 365 300 404 400
1062 0 5 896 0 1458 100 396 200 254 300 744 400
1063 0 5 1353 0 1270 100 649 200 361 300 565 400
1064 0 5 302 0 1411 100 872 200 788 300 337 400
1065 0 5 1341 0 1058 100 157 200 1460 300 1220 400
1066 0 5 1389 0 893 100 469 200 791 300 996 400
1067 0 5 193 0 795 100 1322 200 1227 300 1387 400
1068 0 5 205 0 1400 100 646 200 1044 300 831 400
1069 0 5 696 0 614 100 1177 200 633 300 515 400
1070 0 5 204 0 749 100 922 200 876 300 708 400
1071 0 5 217 0 1121 100 581 200 502 300 5 400
1072 0 5 1008 0 236 100 1048 200 1204 300 202 400
1073 0 5 69 0 1432 100 854 200 129 300 493 400
1074 0 5 349 0 108 100 77 200 296 300 713 400
1075 0 5 944 0 423 100 197 200 1059 300 1396 400
1076 0 5 467 0 85 100 42 200 500 300 645 400
1077 0 5 922 0 319 100 156 200 1003 300 884 400
1078 0 5 931 0 621 100 1107 200 1250 300 926 400
1079 0 5 1506 0 1505 100 1059 200 423 300 944 400
1080 0 5 1043 0 473 100 909 200 1297 300 1328 400
1081 0 5 456 0 328 100 1359 200 1374 300 159 400
1082 0 5 1448 0 142 100 1444 200 1061 300 1015 400
1083 0 5 899 0 1092 100 1186 200 126 300 318 400
1084 0 5 33 0 28 100 44 200 1330 300 1145 400
1085 0 5 850 0 1136 100 337 200 211 300 302 400
1086 0 5 863 0 657 100 1126 200 248 300 731 400
1087 0 5 565 0 540 100 755 200 983 300 173 400
1088 0 5 1216 0 470 100 417 200 800 300 1040 400
1089 0 5 415 0 897 100 1406 200 1335 300 50 400
1090 0 5 1231 0 1237 100 762 200 36 300 432 400
1091 0 5 623 0 357 100 735 200 844 300 1122 400
1092 0 5 665 0 1083 100 1205 200 258 300 694 400
1093 0 5 1191 0 103 100 430 200 84 300 1212 400
1094 0 5 664 0 1410 100 707 200 1350 300 9 400
1095 0 5 1479 0 1139 100 793 200 1053 300 99 400
1096 0 5 1018 0 718 100 434 200 8 300 1307 400
1097 0 5 172 0 848 100 1129 200 710 300 914 400
1098 0 5 901 0 1000 100 59 200 1344 300 79 400
1099 0 5 458 0 1488 100 693 200 1014 300 1262 400
1100 0 5 1053 0 536 100 99 200 187 300 793 400
1101 0 5 1168 0 575 100 277 200 176 300 12 400
1102 0 5 276 0 1312 100 822 200 466 300 834 400
1103 0 5 162 0 1291 100 1492 200 918 300 431 400
1104 0 5 887 0 23 100 954 200 662 300 1380 400
1105 0 5 1368 0 1143 100 323 200 518 300 1255 400
1106 0 5 412 0 1285 100 350 200 1406 300 291 400
1107 0 5 724 0 1078 100 699 200 931 300 1250 400
1108 0 5 701 0 229 100 403 200 1421 300 888 400
1109 0 5 4 0 1342 100 41 200 564 300 1481 400
1110 0 5 299 0 1210 100 1484 200 388 300 803 400
1111 0 5 1306 0 539 100 1302 200 777 300 926 400
1112 0 5 1025 0 589 100 1205 200 1458 300 396 400
1113 0 5 1207 0 1146 100 645 200 874 300 845 400
1114 0 5 241 0 1407 100 181 200 1155 300 48 400
1115 0 5 467 0 255 100 1189 200 481 300 42 400
1116 0 5 708 0 569 100 922 200 1109 300 564 400
1117 0 5 900 0 1498 100 933 200 203 300 256 400
1118 0 5 1415 0 1325 100 183 200 195 300 384 400
1119 0 5 301 0 1175 100 865 200 896 300 947 400
1120 0 5 188 0 953 100 367 200 498 300 312 400
1121 0 5 1443 0 581 100 1181 200 1071 300 284 400
1122 0 5 357 0 853 100 983 200 1091 300 471 400
1123 0 5 932 0 1233 100 1165 200 1251 300 1195 400
1124 0 5 262 0 59 100 901 200 495 300 1098 400
1125 0 5 381 0 457 100 131 200 1273 300 519 400
1126 0 5 330 0 863 100 778 200 1086 300 225 400
1127 0 5 171 0 1389 100 1244 200 469 300 207 400
1128 0 5 507 0 75 100 1498 200 965 300 127 400
1129 0 5 678 0 18 100 712 200 417 300 820 400
1130 0 5 201 0 1350 100 1293 200 344 300 347 400
1131 0 5 535 0 923 100 669 200 817 300 1046 400
1132 0 5 1242 0 1306 100 719 200 677 300 388 400
1133 0 5 1307 0 309 100 768 200 318 300 1454 400
1134 0 5 1459 0 317 100 596 200 566 300 228 400
1135 0 5 871 0 242 100 97 200 195 300 459 400
1136 0 5 1254 0 850 100 1085 200 1027 300 586 400
1137 0 5 728 0 1447 100 1364 200 311 300 96 400
1138 0 5 924 0 379 100 584 200 84 300 797 400
1139 0 5 1095 0 906 100 1013 200 793 300 1479 400
1140 0 5 1185 0 588 100 359 200 395 300 387 400
1141 0 5 1209 0 106 100 534 200 213 300 426 400
1142 0 5 804 0 1317 100 837 200 1250 300 469 400
1143 0 5 1052 0 1105 100 117 200 1255 300 546 400
1144 0 5 892 0 1314 100 1451 200 687 300 314 400
1145 0 5 395 0 370 100 588 200 33 300 1140 400
1146 0 5 1162 0 1113 100 418 200 545 300 645 400
1147 0 5 641 0 285 100 277 200 571 300 531 400
1148 0 5 1161 0 339 100 1259 200 1379 300 109 400
1149 0 5 80 0 346 100 1153 200 1453 300 616 400
1150 0 5 576 0 406 100 1335 200 196 300 50 400
1151 0 5 190 0 253 100 442 200 640 300 937 400
1152 0 5 1191 0 113 100 57 200 470 300 1093 400
1153 0 5 946 0 1332 100 1149 200 650 300 460 400
1154 0 5 83 0 110 100 1445 200 582 300 486 400
1155 0 5 711 0 1407 100 773 200 48 300 1019 400
1156 0 5 179 0 224 100 1477 200 407 300 548 400
1157 0 5 185 0 504 100 1489 200 223 300 1402 400
1158 0 5 790 0 82 100 862 200 484 300 979 400
1159 0 5 143 0 1218 100 734 200 15 300 556 400
1160 0 5 212 0 1450 100 547 200 1197 300 64 400
1161 0 5 1148 0 410 100 1379 200 339 300 109 400
1162 0 5 1247 0 1146 100 845 200 368 300 354 400
1163 0 5 440 0 851 100 171 200 207 300 1338 400
1164 0 5 941 0 1397 100 799 200 607 300 1033 400
1165 0 5 1392 0 1123 100 932 200 1233 300 155 400
1166 0 5 526 0 786 100 583 200 1464 300 697 400
1167 0 5 189 0 322 100 509 200 1285 300 897 400
1168 0 5 390 0 1101 100 277 200 12 300 689 400
1169 0 5 1276 0 1181 100 538 200 784 300 53 400
1170 0 5 1411 0 788 100 177 200 436 300 872 400
1171 0 5 690 0 847 100 1215 200 303 300 1269 400
1172 0 5 382 0 200 100 451 200 835 300 404 400
1173 0 5 423 0 1354 100 1426 200 479 300 944 400
1174 0 5 1178 0 618 100 987 200 994 300 1283 400
1175 0 5 1119 0 112 100 896 200 865 300 95 400
1176 0 5 1054 0 869 100 800 200 492 300 308 400
1177 0 5 322 0 696 100 515 200 509 300 1167 400
1178 0 5 1174 0 413 100 726 200 324 300 1283 400
1179 0 5 1340 0 1487 100 391 200 1388 300 455 400
1180 0 5 911 0 1040 100 909 200 334 300 885 400
1181 0 5 1169 0 53 100 1121 200 538 300 1071 400
1182 0 5 87 0 721 100 643 200 1404 300 107 400
1183 0 5 571 0 626 100 606 200 641 300 1147 400
1184 0 5 1382 0 1437 100 273 200 737 300 298 400
1185 0 5 1140 0 176 100 395 200 641 300 554 400
1186 0 5 748 0 126 100 264 200 1083 300 899 400
1187 0 5 742 0 1315 100 408 200 1277 300 303 400
1188 0 5 563 0 849 100 316 200 520 300 240 400
1189 0 5 255 0 481 100 1115 200 462 300 743 400
1190 0 5 119 0 1494 100 682 200 285 300 212 400
1191 0 5 1152 0 1093 100 103 200 1180 300 335 400
1192 0 5 802 0 612 100 939 200 1393 300 760 400
1193 0 5 1352 0 846 100 1235 200 508 300 560 400
1194 0 5 198 0 747 100 41 200 494 300 208 400
1195 0 5 1465 0 1233 100 1251 200 52 300 1299 400
1196 0 5 492 0 678 100 417 200 308 300 1129 400
1197 0 5 978 0 64 100 1160 200 1450 300 1485 400
1198 0 5 95 0 206 100 112 200 1455 300 1175 400
1199 0 5 1226 0 1494 100 376 200 606 300 340 400
1200 0 5 1331 0 266 100 1305 200 149 300 1418 400
1201 0 5 111 0 231 100 1356 200 186 300 1202 400
1202 0 5 1041 0 737 100 111 200 360 300 362 400
1203 0 5 221 0 661 100 167 200 56 300 1325 400
1204 0 5 1361 0 966 100 1048 200 1072 300 585 400
1205 0 5 1092 0 1025 100 694 200 258 300 396 400
1206 0 5 1390 0 464 100 916 200 1403 300 66 400
1207 0 5 645 0 1113 100 500 200 1034 300 226 400
1208 0 5 867 0 1324 100 437 200 1241 300 573 400
1209 0 5 1141 0 213 100 426 200 1217 300 1293 400
1210 0 5 1110 0 393 100 1487 200 455 300 388 400
1211 0 5 22 0 807 100 1007 200 1463 300 321 400
1212 0 5 798 0 551 100 430 200 656 300 1093 400
1213 0 5 593 0 981 100 1259 200 765 300 1311 400
1214 0 5 691 0 644 100 1281 200 1338 300 231 400
1215 0 5 275 0 1486 100 1269 200 1171 300 1315 400
1216 0 5 1040 0 1088 100 417 200 885 300 1180 400
1217 0 5 43 0 559 100 1386 200 54 300 25 400
1218 0 5 15 0 1159 100 143 200 915 300 168 400
1219 0 5 1024 0 1250 100 1107 200 342 300 469 400
1220 0 5 235 0 1460 100 1065 200 165 300 792 400
1221 0 5 1502 0 1503 100 72 200 128 300 1035 400
1222 0 5 660 0 553 100 281 200 840 300 1482 400
1223 0 5 1239 0 324 100 372 200 1309 300 1331 400
1224 0 5 750 0 1474 100 1051 200 549 300 13 400
1225 0 5 532 0 753 100 62 200 761 300 31 400
1226 0 5 686 0 1199 100 376 200 347 300 1343 400
1227 0 5 795 0 1392 100 461 200 836 300 155 400
1228 0 5 530 0 1334 100 101 200 63 300 463 400
1229 0 5 117 0 783 100 273 200 1327 300 1052 400
1230 0 5 781 0 1348 100 446 200 246 300 1275 400
1231 0 5 1090 0 1367 100 1237 200 432 300 762 400
1232 0 5 133 0 1433 100 232 200 1044 300 78 400
1233 0 5 1123 0 1251 100 1195 200 1165 300 52 400
1234 0 5 35 0 659 100 1282 200 1020 300 1399 400
1235 0 5 508 0 560 100 1193 200 214 300 1352 400
1236 0 5 372 0 1369 100 1036 200 324 300 1244 400
1237 0 5 1090 0 480 100 161 200 36 300 478 400
1238 0 5 125 0 714 100 444 200 544 300 1441 400
1239 0 5 1223 0 1418 100 1309 200 1331 300 1200 400
1240 0 5 72 0 1513 100 1512 200 128 300 1221 400
1241 0 5 1324 0 183 100 1208 200 652 300 1329 400
1242 0 5 1132 0 58 100 388 200 1306 300 989 400
1243 0 5 114 0 498 100 188 200 191 300 1120 400
1244 0 5 1309 0 207 100 469 200 1036 300 1389 400
1245 0 5 1454 0 511 100 1405 200 1096 300 1133 400
1246 0 5 701 0 227 100 1339 200 688 300 403 400
1247 0 5 1162 0 1482 100 894 200 368 300 660 400
1248 0 5 182 0 609 100 1492 200 410 300 109 400
1249 0 5 506 0 26 100 1360 200 102 300 1068 400
1250 0 5 931 0 1219 100 1107 200 1142 300 804 400
1251 0 5 1233 0 52 100 1195 200 100 300 631 400
1252 0 5 881 0 1468 100 666 200 789 300 88 400
1253 0 5 191 0 305 100 239 200 982 300 433 400
1254 0 5 1136 0 211 100 586 200 1085 300 1027 400
1255 0 5 518 0 466 100 1143 200 117 300 1105 400
1256 0 5 674 0 735 100 1402 200 983 300 173 400
1257 0 5 630 0 1336 100 580 200 1136 300 1027 400
1258 0 5 1476 0 120 100 239 200 1456 300 930 400
1259 0 5 981 0 830 100 1148 200 1161 300 1379 400
1260 0 5 190 0 177 100 640 200 662 300 945 400
1261 0 5 962 0 542 100 668 200 928 300 655 400
1262 0 5 913 0 458 100 407 200 51 300 1099 400
1263 0 5 1046 0 1292 100 243 200 925 300 535 400
1264 0 5 656 0 798 100 723 200 551 300 1351 400
1265 0 5 1430 0 920 100 316 200 1373 300 1029 400
1266 0 5 137 0 974 100 541 200 29 300 462 400
1267 0 5 8 0 807 100 13 200 383 300 1096 400
1268 0 5 233 0 307 100 333 200 1397 300 290 400
1269 0 5 895 0 275 100 1215 200 1315 300 715 400
1270 0 5 968 0 1063 100 565 200 1295 300 1353 400
1271 0 5 1399 0 94 100 942 200 483 300 168 400
1272 0 5 1320 0 266 100 1375 200 557 300 445 400
1273 0 5 1015 0 457 100 381 200 263 300 1125 400
1274 0 5 374 0 1280 100 875 200 76 300 385 400
1275 0 5 1053 0 474 100 446 200 781 300 73 400
1276 0 5 1169 0 538 100 43 200 559 300 250 400
1277 0 5 787 0 408 100 303 200 1187 300 962 400
1278 0 5 1032 0 952 100 1388 200 391 300 1340 400
1279 0 5 367 0 1396 100 601 200 1120 300 188 400
1280 0 5 385 0 1274 100 480 200 374 300 875 400
1281 0 5 851 0 171 100 1214 200 644 300 1338 400
1282 0 5 857 0 35 100 1234 200 1496 300 1001 400
1283 0 5 351 0 622 100 987 200 1174 300 977 400
1284 0 5 529 0 1442 100 325 200 375 300 1422 400
1285 0 5 14 0 1167 100 1106 200 415 300 897 400
1286 0 5 676 0 184 100 568 200 1400 300 78 400
1287 0 5 767 0 927 100 487 200 475 300 1408 400
1288 0 5 626 0 554 100 1056 200 606 300 121 400
1289 0 5 1439 0 1294 100 888 200 751 300 1421 400
1290 0 5 260 0 127 100 764 200 360 300 362 400
1291 0 5 993 0 580 100 1103 200 1492 300 732 400
1292 0 5 1263 0 925 100 17 200 1046 300 141 400
1293 0 5 905 0 426 100 1130 200 344 300 1457 400
1294 0 5 1289 0 888 100 1453 200 774 300 1439 400
1295 0 5 331 0 274 100 565 200 1353 300 649 400
1296 0 5 647 0 251 100 1417 200 1430 300 1387 400
1297 0 5 473 0 517 100 1003 200 1080 300 319 400
1298 0 5 76 0 658 100 1346 200 852 300 323 400
1299 0 5 52 0 443 100 1195 200 100 300 1465 400
1300 0 5 3 0 199 100 174 200 982 300 1434 400
1301 0 5 1480 0 615 100 271 200 144 300 27 400
1302 0 5 989 0 1111 100 539 200 1306 300 58 400
1303 0 5 1467 0 7 100 769 200 338 300 66 400
1304 0 5 984 0 567 100 728 200 552 300 1026 400
1305 0 5 557 0 891 100 332 200 1331 300 1200 400
1306 0 5 1132 0 1111 100 539 200 1242 300 58 400
1307 0 5 434 0 1133 100 1096 200 318 300 1245 400
1308 0 5 406 0 550 100 479 200 196 300 50 400
1309 0 5 1244 0 149 100 1418 200 1239 300 1223 400
1310 0 5 780 0 597 100 825 200 1464 300 494 400
1311 0 5 364 0 593 100 765 200 830 300 1213 400
1312 0 5 822 0 1102 100 440 200 1338 300 834 400
1313 0 5 1420 0 1060 100 1005 200 21 300 876 400
1314 0 5 161 0 36 100 1144 200 314 300 754 400
1315 0 5 303 0 275 100 1187 200 1269 300 1215 400
1316 0 5 811 0 1360 100 506 200 102 300 389 400
1317 0 5 1378 0 1142 100 668 200 804 300 796 400
1318 0 5 837 0 1375 100 465 200 1320 300 1378 400
1319 0 5 536 0 703 100 187 200 485 300 1100 400
1320 0 5 1272 0 1375 100 266 200 1318 300 149 400
1321 0 5 522 0 211 100 634 200 482 300 1429 400
1322 0 5 193 0 1417 100 1387 200 1067 300 251 400
1323 0 5 1373 0 274 100 1037 200 540 300 1430 400
1324 0 5 1241 0 1208 100 1329 200 652 300 986 400
1325 0 5 195 0 1118 100 384 200 661 300 1500 400
1326 0 5 1431 0 873 100 1018 200 1445 300 13 400
1327 0 5 298 0 273 100 546 200 117 300 1229 400
1328 0 5 697 0 1043 100 334 200 1080 300 911 400
1329 0 5 986 0 652 100 56 200 1324 300 124 400
1330 0 5 673 0 703 100 44 200 1084 300 33 400
1331 0 5 1200 0 891 100 1305 200 1239 300 149 400
1332 0 5 1153 0 946 100 101 200 595 300 192 400
1333 0 5 343 0 297 100 608 200 1466 300 356 400
1334 0 5 725 0 1228 100 530 200 47 300 541 400
1335 0 5 50 0 1150 100 196 200 415 300 828 400
1336 0 5 1027 0 1257 100 1136 200 580 300 630 400
1337 0 5 685 0 869 100 860 200 877 300 1010 400
1338 0 5 822 0 644 100 851 200 1312 300 440 400
1339 0 5 688 0 758 100 1246 200 227 300 522 400
1340 0 5 1179 0 391 100 1197 200 1450 300 1278 400
1341 0 5 405 0 1065 100 157 200 1220 300 856 400
1342 0 5 1481 0 4 100 1109 200 494 300 517 400
1343 0 5 700 0 686 100 371 200 1226 300 347 400
1344 0 5 901 0 280 100 1098 200 706 300 1000 400
1345 0 5 25 0 502 100 721 200 54 300 534 400
1346 0 5 852 0 323 100 1298 200 278 300 298 400
1347 0 5 1394 0 491 100 271 200 289 300 59 400
1348 0 5 1230 0 446 100 175 200 246 300 781 400
1349 0 5 743 0 670 100 255 200 386 300 1115 400
1350 0 5 1410 0 347 100 1130 200 1094 300 201 400
1351 0 5 656 0 267 100 1055 200 116 300 1264 400
1352 0 5 1193 0 93 100 3 200 199 300 560 400
1353 0 5 1063 0 649 100 1295 200 1270 300 331 400
1354 0 5 31 0 1173 100 423 200 479 300 1225 400
1355 0 5 348 0 552 100 936 200 984 300 198 400
1356 0 5 34 0 360 100 1201 200 252 300 260 400
1357 0 5 288 0 609 100 182 200 758 300 227 400
1358 0 5 67 0 741 100 441 200 821 300 677 400
1359 0 5 216 0 60 100 1081 200 328 300 1374 400
1360 0 5 1316 0 102 100 506 200 811 300 1249 400
1361 0 5 1204 0 503 100 519 200 144 300 1048 400
1362 0 5 169 0 992 100 79 200 1412 300 293 400
1363 0 5 1472 0 1453 100 346 200 774 300 958 400
1364 0 5 1026 0 728 100 961 200 1137 300 955 400
1365 0 5 870 0 766 100 298 200 222 300 238 400
1366 0 5 219 0 363 100 61 200 910 300 49 400
1367 0 5 577 0 1231 100 432 200 1436 300 1113 400
1368 0 5 518 0 1105 100 323 200 1469 300 658 400
1369 0 5 726 0 1236 100 440 200 207 300 1036 400
1370 0 5 218 0 70 100 1497 200 46 300 353 400
1371 0 5 7 0 439 100 468 200 1403 300 1303 400
1372 0 5 464 0 79 100 739 200 66 300 1000 400
1373 0 5 1323 0 1265 100 920 200 1430 300 1037 400
1374 0 5 187 0 456 100 1359 200 1081 300 1319 400
1375 0 5 1320 0 1318 100 465 200 1272 300 796 400
1376 0 5 840 0 281 100 1449 200 366 300 1284 400
1377 0 5 655 0 928 100 67 200 513 300 1261 400
1378 0 5 1317 0 465 100 837 200 1318 300 1375 400
1379 0 5 972 0 244 100 1161 200 410 300 918 400
1380 0 5 164 0 1038 100 954 200 640 300 1104 400
1381 0 5 134 0 804 100 775 200 542 300 668 400
1382 0 5 870 0 1184 100 298 200 1437 300 826 400
1383 0 5 443 0 100 100 52 200 429 300 914 400
1384 0 5 752 0 139 100 250 200 733 300 690 400
1385 0 5 700 0 371 100 10 200 304 300 1343 400
1386 0 5 54 0 213 100 1217 200 25 300 559 400
1387 0 5 1417 0 1430 100 1322 200 438 300 880 400
1388 0 5 391 0 806 100 38 200 1278 300 499 400
1389 0 5 1066 0 1127 100 469 200 1244 300 893 400
1390 0 5 1206 0 739 100 1435 200 464 300 1473 400
1391 0 5 1012 0 445 100 812 200 796 300 1438 400
1392 0 5 1165 0 155 100 1227 200 932 300 836 400
1393 0 5 45 0 939 100 1019 200 760 300 1192 400
1394 0 5 289 0 1347 100 59 200 491 300 1124 400
1395 0 5 570 0 923 100 730 200 32 300 738 400
1396 0 5 197 0 729 100 601 200 1279 300 1059 400
1397 0 5 607 0 1164 100 1033 200 257 300 233 400
1398 0 5 228 0 1424 100 779 200 988 300 317 400
1399 0 5 94 0 1271 100 14 200 509 300 792 400
1400 0 5 831 0 1068 100 1044 200 184 300 1286 400
1401 0 5 376 0 547 100 1494 200 952 300 1450 400
1402 0 5 223 0 369 100 1489 200 642 300 674 400
1403 0 5 439 0 261 100 7 200 916 300 1206 400
1404 0 5 818 0 736 100 107 200 38 300 1032 400
1405 0 5 816 0 511 100 1409 200 1454 300 419 400
1406 0 5 415 0 412 100 1106 200 948 300 1466 400
1407 0 5 1114 0 241 100 1155 200 330 300 1126 400
1408 0 5 487 0 903 100 337 200 767 300 436 400
1409 0 5 936 0 11 100 1405 200 768 300 611 400
1410 0 5 1350 0 1094 100 653 200 347 300 121 400
1411 0 5 1170 0 1064 100 788 200 436 300 337 400
1412 0 5 79 0 169 100 1362 200 59 300 283 400
1413 0 5 1049 0 1471 100 665 200 594 300 562 400
1414 0 5 1022 0 24 100 97 200 692 300 961 400
1415 0 5 1118 0 183 100 384 200 652 300 1325 400
1416 0 5 587 0 539 100 621 200 134 300 926 400
1417 0 5 251 0 1322 100 1387 200 1296 300 1430 400
1418 0 5 149 0 1239 100 1309 200 1200 300 1331 400
1419 0 5 543 0 453 100 684 200 287 300 574 400
1420 0 5 1313 0 204 100 876 200 1060 300 708 400
1421 0 5 888 0 864 100 774 200 1108 300 229 400
1422 0 5 979 0 373 100 325 200 375 300 1284 400
1423 0 5 123 0 475 100 650 200 887 300 19 400
1424 0 5 988 0 1398 100 174 200 305 300 228 400
1425 0 5 773 0 296 100 975 200 93 300 711 400
1426 0 5 868 0 1173 100 949 200 828 300 423 400
1427 0 5 683 0 736 100 10 200 1404 300 818 400
1428 0 5 1493 0 1455 100 727 200 486 300 206 400
1429 0 5 90 0 751 100 147 200 211 300 522 400
1430 0 5 1265 0 1037 100 1387 200 1373 300 1296 400
1431 0 5 1326 0 1445 100 873 200 110 300 1018 400
1432 0 5 493 0 1073 100 916 200 69 300 590 400
1433 0 5 915 0 521 100 291 200 1232 300 350 400
1434 0 5 199 0 93 100 225 200 1300 300 330 400
1435 0 5 858 0 739 100 1473 200 1390 300 808 400
1436 0 5 386 0 1034 100 577 200 1207 300 1113 400
1437 0 5 234 0 1184 100 1041 200 273 300 737 400
1438 0 5 627 0 812 100 448 200 1391 300 796 400
1439 0 5 1289 0 751 100 888 200 1294 300 763 400
1440 0 5 813 0 332 100 1012 200 427 300 715 400
1441 0 5 125 0 544 100 13 200 1238 300 444 400
1442 0 5 951 0 325 100 1284 200 687 300 1422 400
1443 0 5 53 0 1121 100 784 200 284 300 1016 400
1444 0 5 142 0 1015 100 1082 200 1048 300 1061 400
1445 0 5 1431 0 1154 100 1051 200 1474 300 1326 400
1446 0 5 1490 0 884 100 156 200 435 300 490 400
1447 0 5 510 0 1463 100 1137 200 96 300 321 400
1448 0 5 1082 0 947 100 1061 200 428 300 1458 400
1449 0 5 1451 0 892 100 1376 200 366 300 951 400
1450 0 5 1478 0 1160 100 1197 200 547 300 1401 400
1451 0 5 687 0 1449 100 1144 200 892 300 951 400
1452 0 5 294 0 420 100 46 200 158 300 579 400
1453 0 5 346 0 1363 100 1294 200 1472 300 1149 400
1454 0 5 1245 0 768 100 1133 200 309 300 1405 400
1455 0 5 727 0 206 100 1428 200 1198 300 574 400
1456 0 5 120 0 239 100 1258 200 779 300 930 400
1457 0 5 643 0 409 100 344 200 667 300 905 400
1458 0 5 744 0 1062 100 68 200 396 300 365 400
1459 0 5 1134 0 228 100 1470 200 779 300 596 400
1460 0 5 1220 0 1058 100 943 200 716 300 1065 400
1461 0 5 1508 0 1507 100 682 200 105 300 64 400
1462 0 5 526 0 135 100 583 200 268 300 967 400
1463 0 5 96 0 1447 100 1007 200 321 300 1211 400
1464 0 5 786 0 697 100 1166 200 334 300 583 400
1465 0 5 1195 0 52 100 844 200 1251 300 964 400
1466 0 5 948 0 356 100 297 200 412 300 1406 400
1467 0 5 122 0 1303 100 7 200 769 300 338 400
1468 0 5 789 0 1252 100 361 200 881 300 411 400
1469 0 5 599 0 452 100 842 200 1368 300 323 400
1470 0 5 746 0 779 100 1459 200 120 300 596 400
1471 0 5 1413 0 318 100 528 200 665 300 562 400
1472 0 5 1363 0 1453 100 558 200 958 300 680 400
1473 0 5 808 0 493 100 1435 200 1390 300 548 400
1474 0 5 1051 0 1224 100 1445 200 13 300 1154 400
1475 0 5 823 0 624 100 525 200 146 300 638 400
1476 0 5 1258 0 114 100 1031 200 498 300 930 400
1477 0 5 992 0 548 100 1156 200 282 300 858 400
1478 0 5 952 0 1450 100 547 200 1485 300 1278 400
1479 0 5 1095 0 781 100 1139 200 793 300 1053 400
1480 0 5 1301 0 27 100 995 200 615 300 271 400
1481 0 5 517 0 1342 100 319 200 1297 300 1109 400
1482 0 5 660 0 1247 100 894 200 418 300 1222 400
1483 0 5 135 0 103 100 1093 200 583 300 379 400
1484 0 5 610 0 803 100 1110 200 299 300 1210 400
1485 0 5 978 0 1514 100 1513 200 1197 300 882 400
1486 0 5 733 0 1215 100 895 200 1171 300 690 400
1487 0 5 393 0 1179 100 455 200 1210 300 1388 400
1488 0 5 1014 0 1099 100 458 200 693 300 505 400
1489 0 5 970 0 223 100 1157 200 1402 300 1050 400
1490 0 5 1446 0 435 100 333 200 695 300 625 400
1491 0 5 512 0 988 100 174 200 991 300 731 400
1492 0 5 824 0 1291 100 1248 200 1103 300 244 400
1493 0 5 1428 0 112 100 206 200 486 300 582 400
1494 0 5 1199 0 376 100 340 200 1401 300 1190 400
1495 0 5 242 0 843 100 459 200 654 300 740 400
1496 0 5 857 0 267 100 633 200 1351 300 1001 400
1497 0 5 629 0 695 100 1370 200 218 300 70 400
1498 0 5 75 0 256 100 1117 200 933 300 1128 400
1499 0 5 411 0 1050 100 970 200 1489 300 504 400
1500 0 5 195 0 661 100 97 200 871 300 1325 400
1501 0 5 115 0 202 100 422 200 985 300 585 400
1502 0 5 1221 0 809 100 1340 200 682 300 308 400
1503 0 5 1221 0 882 100 1340 200 682 300 308 400
1504 0 5 904 0 882 100 1340 200 682 300 308 400
1505 0 5 1079 0 904 100 1340 200 682 300 1059 400
1506 0 5 1079 0 72 100 1340 200 682 300 1059 400
1507 0 5 72 0 1461 100 1340 200 682 300 308 400
1508 0 5 1461 0 964 100 1340 200 682 300 308 400
1509 0 5 964 0 1006 100 1340 200 682 300 308 400
1510 0 5 902 0 1006 100 1340 200 682 300 308 400
1511 0 5 902 0 1010 100 1340 200 682 300 308 400
1512 0 5 1240 0 1010 100 1340 200 682 300 1059 400
1513 0 5 1240 0 1485 100 1340 200 682 300 308 400
1514 0 5 1485 0 1035 100 1340 200 682 300 308 400
1515 0 5 1035 0 128 100 1340 200 682 300 1059 400
1516 0 5 128 0 860 100 1340 200 682 300 308 400
1517 0 5 614 0 860 100 1340 200 682 300 1059 400
1518 0 5 614 0 877 100 1340 200 682 300 1059 400
1519 0 5 1299 0 877 100 1340 200 682 300 308 400
1520 0 5 1299 0 978 100 1340 200 682 300 308 400
1521 0 5 944 0 978 100 1340 200 682 300 1059 400
1522 0 5 944 0 429 100 1340 200 682 300 1059 400
1523 0 5 209 0 429 100 1340 200 1059 300 682 400
1524 0 5 209 0 443 100 1340 200 1059 300 682 400
1525 0 5 443 0 1337 100 1340 200 1059 300 682 400
1526 0 5 1055 0 1337 100 308 200 1059 300 1340 400
1527 0 5 1055 0 1383 100 308 200 1059 300 64 400
1528 0 5 52 0 1383 100 308 200 1059 300 1340 400
1529 0 5 52 0 1069 100 308 200 64 300 1059 400
1530 0 5 20 0 1069 100 308 200 64 300 1059 400
1531 0 5 745 0 20 100 308 200 64 300 1059 400
1532 0 5 745 0 1465 100 308 200 64 300 1059 400
1533 0 5 1465 0 308 100 696 200 64 300 1059 400
1534 0 5 1057 0 308 100 696 200 64 300 1059 400
1535 0 5 1057 0 308 100 1197 200 64 300 1059 400
1536 0 5 455 0 308 100 64 200 1197 300 1059 400
1537 0 5 455 0 515 100 308 200 64 300 1059 400
1538 0 5 515 0 308 100 64 200 685 300 1059 400
1539 0 5 308 0 423 100 64 200 1059 300 685 400
1540 0 5 1042 0 308 100 1059 200 1340 300 64 400
-1
EOF
