1540
1 0 5 228 0 701 100 453 200 909 300 569 400
2 0 5 813 0 1380 100 1261 200 249 300 762 400
3 0 5 696 0 51 100 75 200 1051 300 1004 400
4 0 5 261 0 742 100 291 200 505 300 464 400
5 0 5 1153 0 864 100 1252 200 872 300 368 400
6 0 5 1449 0 270 100 1484 200 721 300 1172 400
7 0 5 1199 0 119 100 1012 200 77 300 611 400
8 0 5 302 0 1296 100 1072 200 882 300 1163 400
9 0 5 350 0 992 100 1234 200 26 300 141 400
10 0 5 493 0 895 100 975 200 1445 300 292 400
11 0 5 466 0 1428 100 1015 200 1157 300 692 400
12 0 5 1020 0 969 100 587 200 651 300 324 400
13 0 5 107 0 785 100 659 200 1158 300 557 400
14 0 5 1310 0 436 100 1350 200 1481 300 873 400
15 0 5 1464 0 174 100 1184 200 711 300 565 400
16 0 5 540 0 1262 100 98 200 1236 300 643 400
17 0 5 880 0 1269 100 1424 200 946 300 1096 400
18 0 5 1305 0 489 100 393 200 114 300 846 400
19 0 5 1229 0 1168 100 1477 200 522 300 1169 400
20 0 5 171 0 1463 100 514 200 149 300 1401 400
21 0 5 885 0 191 100 238 200 750 300 479 400
22 0 5 95 0 263 100 631 200 877 300 996 400
23 0 5 1482 0 440 100 213 200 1334 300 1207 400
24 0 5 583 0 398 100 271 200 1084 300 1440 400
25 0 5 1257 0 445 100 598 200 716 300 365 400
26 0 5 1112 0 1299 100 9 200 992 300 373 400
27 0 5 1370 0 312 100 554 200 427 300 1216 400
28 0 5 369 0 605 100 1294 200 1204 300 556 400
29 0 5 428 0 1197 100 514 200 288 300 469 400
30 0 5 63 0 1073 100 188 200 771 300 1121 400
31 0 5 336 0 886 100 1078 200 86 300 1152 400
32 0 5 274 0 955 100 492 200 1123 300 170 400
33 0 5 178 0 980 100 950 200 401 300 553 400
34 0 5 983 0 1304 100 136 200 916 300 137 400
35 0 5 1079 0 1266 100 1108 200 607 300 287 400
36 0 5 797 0 378 100 746 200 155 300 1392 400
37 0 5 1347 0 954 100 51 200 1065 300 1293 400
38 0 5 204 0 855 100 1039 200 839 300 410 400
39 0 5 115 0 413 100 668 200 1249 300 1312 400
40 0 5 1066 0 800 100 337 200 956 300 1165 400
41 0 5 364 0 793 100 62 200 1340 300 579 400
42 0 5 468 0 1505 100 1506 200 649 300 988 400
43 0 5 1482 0 294 100 694 200 440 300 1119 400
44 0 5 465 0 1390 100 200 200 232 300 800 400
45 0 5 931 0 284 100 1258 200 580 300 244 400
46 0 5 1089 0 1196 100 843 200 258 300 932 400
47 0 5 591 0 182 100 957 200 441 300 987 400
48 0 5 934 0 1307 100 1221 200 1449 300 1022 400
49 0 5 393 0 416 100 846 200 473 300 18 400
50 0 5 362 0 704 100 345 200 840 300 1202 400
51 0 5 1293 0 3 100 1073 200 37 300 75 400
52 0 5 1300 0 1144 100 724 200 253 300 700 400
53 0 5 976 0 380 100 1366 200 87 300 1053 400
54 0 5 1264 0 234 100 1065 200 56 300 714 400
55 0 5 419 0 1129 100 400 200 928 300 408 400
56 0 5 990 0 67 100 1264 200 1336 300 54 400
57 0 5 501 0 830 100 169 200 812 300 1395 400
58 0 5 387 0 947 100 460 200 1115 300 906 400
59 0 5 443 0 1273 100 713 200 1417 300 870 400
60 0 5 389 0 146 100 566 200 698 300 561 400
61 0 5 83 0 495 100 953 200 80 300 856 400
62 0 5 167 0 1005 100 793 200 1146 300 41 400
63 0 5 30 0 626 100 1117 200 152 300 771 400
64 0 5 247 0 1043 100 69 200 910 300 1175 400
65 0 5 1028 0 254 100 1160 200 375 300 1351 400
66 0 5 1511 0 1512 100 817 200 1239 300 453 400
67 0 5 714 0 56 100 371 200 1450 300 754 400
68 0 5 578 0 1271 100 260 200 1052 300 143 400
69 0 5 446 0 1175 100 64 200 626 300 789 400
70 0 5 1327 0 1021 100 152 200 1439 300 188 400
71 0 5 1141 0 922 100 1122 200 856 300 993 400
72 0 5 1441 0 976 100 1366 200 403 300 745 400
73 0 5 462 0 195 100 331 200 1316 300 244 400
74 0 5 964 0 1438 100 592 200 135 300 448 400
75 0 5 1073 0 1099 100 3 200 1051 300 1121 400
76 0 5 1165 0 956 100 828 200 1066 300 1330 400
77 0 5 1499 0 7 100 611 200 1012 300 1199 400
78 0 5 1283 0 974 100 121 200 1227 300 911 400
79 0 5 119 0 569 100 1012 200 7 300 930 400
80 0 5 550 0 677 100 83 200 856 300 61 400
81 0 5 1378 0 148 100 1085 200 1054 300 1301 400
82 0 5 710 0 1430 100 1038 200 628 300 535 400
83 0 5 61 0 495 100 677 200 1443 300 80 400
84 0 5 186 0 1485 100 1062 200 777 300 291 400
85 0 5 851 0 1411 100 522 200 352 300 97 400
86 0 5 397 0 892 100 1330 200 886 300 31 400
87 0 5 818 0 1053 100 159 200 255 300 53 400
88 0 5 653 0 664 100 986 200 533 300 1209 400
89 0 5 1013 0 528 100 376 200 1372 300 263 400
90 0 5 1074 0 953 100 61 200 495 300 83 400
91 0 5 897 0 1123 100 245 200 765 300 274 400
92 0 5 1232 0 512 100 175 200 560 300 1143 400
93 0 5 1462 0 1084 100 586 200 1087 300 573 400
94 0 5 364 0 579 100 1393 200 1420 300 1453 400
95 0 5 22 0 1238 100 877 200 1091 300 420 400
96 0 5 1345 0 1251 100 1127 200 424 300 1118 400
97 0 5 1169 0 522 100 85 200 77 300 1411 400
98 0 5 543 0 1236 100 548 200 1393 300 16 400
99 0 5 356 0 718 100 653 200 627 300 537 400
100 0 5 295 0 978 100 426 200 741 300 628 400
101 0 5 1161 0 592 100 237 200 135 300 326 400
102 0 5 551 0 833 100 580 200 1258 300 1223 400
103 0 5 691 0 351 100 798 200 908 300 141 400
104 0 5 685 0 1304 100 870 200 136 300 137 400
105 0 5 282 0 278 100 305 200 786 300 110 400
106 0 5 433 0 817 100 1467 200 1458 300 1218 400
107 0 5 13 0 1158 100 462 200 557 300 195 400
108 0 5 972 0 138 100 1033 200 370 300 231 400
109 0 5 1216 0 1029 100 318 200 1214 300 1346 400
110 0 5 278 0 727 100 786 200 1144 300 700 400
111 0 5 486 0 1296 100 943 200 1493 300 670 400
112 0 5 1340 0 579 100 1326 200 94 300 1420 400
113 0 5 827 0 718 100 1404 200 199 300 272 400
114 0 5 619 0 489 100 979 200 18 300 168 400
115 0 5 39 0 1249 100 668 200 250 300 1434 400
116 0 5 1104 0 802 100 1408 200 176 300 1302 400
117 0 5 774 0 140 100 418 200 609 300 1317 400
118 0 5 973 0 712 100 255 200 72 300 976 400
119 0 5 79 0 7 100 1199 200 1012 300 1499 400
120 0 5 1016 0 287 100 679 200 1484 300 1266 400
121 0 5 675 0 1071 100 78 200 476 300 1283 400
122 0 5 145 0 435 100 770 200 947 300 1131 400
123 0 5 283 0 352 100 1070 200 851 300 1069 400
124 0 5 317 0 315 100 805 200 975 300 1437 400
125 0 5 768 0 1442 100 1206 200 682 300 1452 400
126 0 5 1190 0 474 100 1341 200 306 300 1009 400
127 0 5 401 0 1162 100 275 200 1469 300 950 400
128 0 5 484 0 657 100 1028 200 773 300 1351 400
129 0 5 607 0 1471 100 348 200 715 300 1050 400
130 0 5 1359 0 536 100 1151 200 524 300 1010 400
131 0 5 282 0 532 100 801 200 105 300 942 400
132 0 5 1319 0 666 100 1314 200 723 300 1486 400
133 0 5 1291 0 1362 100 430 200 874 300 1438 400
134 0 5 788 0 385 100 1324 200 1365 300 810 400
135 0 5 426 0 295 100 592 200 1161 300 964 400
136 0 5 309 0 307 100 983 200 323 300 104 400
137 0 5 836 0 576 100 685 200 1304 300 104 400
138 0 5 370 0 108 100 972 200 231 300 1033 400
139 0 5 538 0 183 100 968 200 157 300 67 400
140 0 5 418 0 117 100 151 200 450 300 1184 400
141 0 5 290 0 351 100 350 200 9 300 103 400
142 0 5 1372 0 880 100 528 200 263 300 1136 400
143 0 5 933 0 1225 100 260 200 857 300 68 400
144 0 5 800 0 381 100 1391 200 220 300 238 400
145 0 5 122 0 1131 100 324 200 881 300 1020 400
146 0 5 1142 0 60 100 698 200 1146 300 389 400
147 0 5 812 0 407 100 437 200 830 300 57 400
148 0 5 1085 0 81 100 1378 200 908 300 691 400
149 0 5 717 0 171 100 514 200 960 300 564 400
150 0 5 425 0 207 100 822 200 808 300 519 400
151 0 5 418 0 516 100 140 200 809 300 738 400
152 0 5 497 0 1327 100 70 200 1117 300 1021 400
153 0 5 1416 0 1375 100 1231 200 227 300 761 400
154 0 5 871 0 562 100 927 200 1198 300 1500 400
155 0 5 772 0 1496 100 575 200 521 300 776 400
156 0 5 471 0 1465 100 582 200 779 300 1090 400
157 0 5 183 0 1202 100 289 200 139 300 1450 400
158 0 5 180 0 929 100 1141 200 922 300 770 400
159 0 5 240 0 87 100 1053 200 818 300 546 400
160 0 5 1080 0 816 100 227 200 241 300 1375 400
161 0 5 455 0 534 100 787 200 865 300 632 400
162 0 5 1111 0 406 100 1171 200 820 300 1364 400
163 0 5 360 0 1476 100 804 200 1118 300 897 400
164 0 5 566 0 577 100 542 200 1219 300 1145 400
165 0 5 1337 0 741 100 781 200 1135 300 558 400
166 0 5 766 0 176 100 760 200 1306 300 555 400
167 0 5 429 0 62 100 1176 200 1005 300 1146 400
168 0 5 489 0 473 100 393 200 114 300 963 400
169 0 5 407 0 1395 100 57 200 584 300 313 400
170 0 5 955 0 965 100 1068 200 803 300 277 400
171 0 5 20 0 149 100 960 200 1401 300 1102 400
172 0 5 685 0 421 100 836 200 409 300 1336 400
173 0 5 459 0 1165 100 1389 200 1386 300 76 400
174 0 5 565 0 15 100 1464 200 711 300 598 400
175 0 5 1335 0 239 100 835 200 1143 300 92 400
176 0 5 1104 0 166 100 1371 200 116 300 555 400
177 0 5 344 0 1166 100 1119 200 816 300 1279 400
178 0 5 33 0 950 100 696 200 553 300 660 400
179 0 5 1132 0 1189 100 606 200 922 300 1031 400
180 0 5 158 0 185 100 929 200 770 300 669 400
181 0 5 457 0 314 100 490 200 544 300 842 400
182 0 5 47 0 957 100 1017 200 987 300 591 400
183 0 5 157 0 139 100 67 200 538 300 1450 400
184 0 5 748 0 673 100 1179 200 648 300 1456 400
185 0 5 180 0 837 100 669 200 770 300 929 400
186 0 5 479 0 84 100 291 200 1062 300 1485 400
187 0 5 246 0 338 100 1484 200 287 300 1108 400
188 0 5 1021 0 1121 100 70 200 30 300 152 400
189 0 5 951 0 662 100 799 200 1177 300 1303 400
190 0 5 1364 0 614 100 1240 200 820 300 1011 400
191 0 5 479 0 21 100 885 200 690 300 186 400
192 0 5 267 0 258 100 1140 200 1357 300 231 400
193 0 5 609 0 450 100 1432 200 780 300 821 400
194 0 5 1041 0 1468 100 988 200 92 300 835 400
195 0 5 284 0 73 100 462 200 1158 300 244 400
196 0 5 1421 0 1142 100 698 200 425 300 519 400
197 0 5 1076 0 406 100 1111 200 1034 300 472 400
198 0 5 1011 0 1387 100 210 200 379 300 207 400
199 0 5 272 0 574 100 827 200 113 300 1404 400
200 0 5 652 0 1461 100 457 200 44 300 465 400
201 0 5 1470 0 846 100 1305 200 442 300 529 400
202 0 5 541 0 1141 100 669 200 1308 300 1120 400
203 0 5 252 0 1323 100 905 200 739 300 349 400
204 0 5 640 0 38 100 1039 200 1136 300 1036 400
205 0 5 415 0 1151 100 1316 200 524 300 1092 400
206 0 5 1101 0 1459 100 422 200 671 300 1059 400
207 0 5 150 0 822 100 485 200 519 300 379 400
208 0 5 340 0 1159 100 876 200 423 300 1419 400
209 0 5 1128 0 783 100 1071 200 1386 300 549 400
210 0 5 379 0 198 100 1011 200 822 300 1387 400
211 0 5 1374 0 1153 100 372 200 923 300 703 400
212 0 5 572 0 1241 100 1320 200 871 300 927 400
213 0 5 440 0 1207 100 23 200 824 300 689 400
214 0 5 732 0 341 100 1195 200 1322 300 1191 400
215 0 5 1288 0 587 100 948 200 482 300 470 400
216 0 5 1210 0 584 100 815 200 235 300 967 400
217 0 5 1217 0 771 100 1354 200 1175 300 794 400
218 0 5 1343 0 1400 100 326 200 1284 300 644 400
219 0 5 256 0 289 100 878 200 589 300 507 400
220 0 5 238 0 1391 100 321 200 144 300 381 400
221 0 5 1013 0 996 100 376 200 631 300 1368 400
222 0 5 1342 0 903 100 952 200 355 300 1488 400
223 0 5 621 0 792 100 650 200 781 300 1088 400
224 0 5 1400 0 226 100 1284 200 697 300 1475 400
225 0 5 537 0 444 100 1155 200 523 300 405 400
226 0 5 224 0 1475 100 441 200 1284 300 699 400
227 0 5 1315 0 160 100 153 200 1416 300 619 400
228 0 5 1502 0 1 100 930 200 1499 300 1012 400
229 0 5 815 0 763 100 1395 200 1415 300 235 400
230 0 5 1083 0 1000 100 707 200 1001 300 757 400
231 0 5 972 0 1357 100 926 200 1033 300 138 400
232 0 5 1390 0 842 100 44 200 314 300 181 400
233 0 5 938 0 517 100 1047 200 1189 300 1426 400
234 0 5 1065 0 54 100 754 200 954 300 1004 400
235 0 5 1383 0 967 100 815 200 229 300 1185 400
236 0 5 667 0 1051 100 950 200 275 300 660 400
237 0 5 326 0 101 100 592 200 448 300 452 400
238 0 5 220 0 1396 100 690 200 144 300 21 400
239 0 5 1010 0 175 100 1335 200 1143 300 330 400
240 0 5 159 0 246 100 1137 200 818 300 187 400
241 0 5 1247 0 1205 100 496 200 1080 300 869 400
242 0 5 1239 0 1503 100 1502 200 1232 300 1218 400
243 0 5 995 0 732 100 1009 200 1322 300 214 400
244 0 5 597 0 284 100 1092 200 195 300 73 400
245 0 5 751 0 1339 100 1178 200 91 300 897 400
246 0 5 1137 0 187 100 240 200 338 300 1487 400
247 0 5 64 0 1043 100 910 200 1354 300 1175 400
248 0 5 1201 0 638 100 686 200 751 300 769 400
249 0 5 762 0 1170 100 1212 200 813 300 1380 400
250 0 5 668 0 1207 100 1312 200 115 300 1049 400
251 0 5 1508 0 1509 100 1491 200 494 300 97 400
252 0 5 705 0 203 100 311 200 438 300 661 400
253 0 5 867 0 1300 100 810 200 724 300 1365 400
254 0 5 1424 0 65 100 1160 200 977 300 1028 400
255 0 5 712 0 818 100 118 200 87 300 976 400
256 0 5 219 0 589 100 409 200 778 300 507 400
257 0 5 1097 0 1272 100 839 200 1397 300 1036 400
258 0 5 1140 0 708 100 192 200 932 300 46 400
259 0 5 1290 0 1107 100 1429 200 302 300 1072 400
260 0 5 1225 0 68 100 143 200 1380 300 857 400
261 0 5 4 0 742 100 291 200 505 300 772 400
262 0 5 1456 0 286 100 1373 200 648 300 656 400
263 0 5 1353 0 1372 100 22 200 528 300 142 400
264 0 5 1355 0 752 100 998 200 432 300 617 400
265 0 5 1275 0 271 100 578 200 483 300 573 400
266 0 5 616 0 853 100 526 200 1473 300 637 400
267 0 5 192 0 319 100 662 200 1140 300 951 400
268 0 5 1289 0 1389 100 1243 200 690 300 459 400
269 0 5 644 0 1044 100 1284 200 347 300 1285 400
270 0 5 6 0 1172 100 721 200 893 300 1260 400
271 0 5 1440 0 265 100 1481 200 24 300 355 400
272 0 5 199 0 595 100 827 200 684 300 574 400
273 0 5 359 0 334 100 1235 200 1043 300 1354 400
274 0 5 32 0 1123 100 91 200 955 300 492 400
275 0 5 1162 0 127 100 731 200 950 300 921 400
276 0 5 464 0 742 100 463 200 413 300 772 400
277 0 5 1068 0 404 100 965 200 686 300 860 400
278 0 5 110 0 105 100 786 200 305 300 727 400
279 0 5 392 0 857 100 573 200 1087 300 624 400
280 0 5 912 0 1233 100 1379 200 1240 300 1364 400
281 0 5 985 0 520 100 1376 200 778 300 421 400
282 0 5 131 0 105 100 801 200 942 300 532 400
283 0 5 1069 0 123 100 1070 200 352 300 665 400
284 0 5 195 0 45 100 244 200 580 300 1258 400
285 0 5 875 0 656 100 678 200 1456 300 1373 400
286 0 5 262 0 648 100 1433 200 1373 300 304 400
287 0 5 338 0 120 100 1108 200 1016 300 187 400
288 0 5 1431 0 914 100 874 200 1348 300 469 400
289 0 5 1202 0 1450 100 219 200 157 300 507 400
290 0 5 141 0 350 100 1234 200 795 300 798 400
291 0 5 261 0 186 100 505 200 4 300 84 400
292 0 5 634 0 1308 100 493 200 541 300 10 400
293 0 5 1459 0 849 100 1362 200 877 300 914 400
294 0 5 924 0 43 100 1367 200 1255 300 694 400
295 0 5 100 0 135 100 426 200 628 300 978 400
296 0 5 945 0 898 100 1360 200 936 300 664 400
297 0 5 744 0 529 100 645 200 333 300 498 400
298 0 5 1437 0 911 100 975 200 10 300 1409 400
299 0 5 1263 0 506 100 348 200 1471 300 846 400
300 0 5 1221 0 1358 100 679 200 1392 300 378 400
301 0 5 1244 0 782 100 814 200 829 300 651 400
302 0 5 8 0 1072 100 259 200 1163 300 1429 400
303 0 5 334 0 1354 100 1138 200 1402 300 794 400
304 0 5 1433 0 766 100 622 200 1373 300 286 400
305 0 5 539 0 105 100 786 200 278 300 1007 400
306 0 5 1190 0 1341 100 343 200 600 300 126 400
307 0 5 309 0 1273 100 136 200 736 300 870 400
308 0 5 1224 0 847 100 1379 200 1322 300 912 400
309 0 5 136 0 307 100 682 200 1206 300 323 400
310 0 5 557 0 1151 100 205 200 331 300 1316 400
311 0 5 680 0 438 100 355 200 661 300 252 400
312 0 5 939 0 27 100 554 200 491 300 399 400
313 0 5 584 0 1395 100 815 200 169 300 229 400
314 0 5 544 0 1060 100 181 200 842 300 457 400
315 0 5 546 0 124 100 975 200 1002 300 734 400
316 0 5 481 0 1090 100 587 200 156 300 471 400
317 0 5 805 0 124 100 1124 200 328 300 546 400
318 0 5 1346 0 832 100 1214 200 109 300 1029 400
319 0 5 267 0 951 100 1140 200 759 300 662 400
320 0 5 986 0 755 100 356 200 883 300 653 400
321 0 5 1391 0 381 100 220 200 487 300 845 400
322 0 5 1497 0 839 100 868 200 410 300 1030 400
323 0 5 844 0 707 100 136 200 1382 300 309 400
324 0 5 651 0 145 100 1020 200 1244 300 814 400
325 0 5 1022 0 521 100 797 200 1449 300 1204 400
326 0 5 237 0 1343 100 218 200 452 300 448 400
327 0 5 610 0 1064 100 695 200 1058 300 702 400
328 0 5 1124 0 317 100 546 200 1172 300 159 400
329 0 5 428 0 1178 100 1187 200 564 300 852 400
330 0 5 1335 0 1413 100 807 200 1143 300 239 400
331 0 5 1316 0 557 100 462 200 73 300 107 400
332 0 5 547 0 1069 100 881 200 1031 300 826 400
333 0 5 859 0 887 100 398 200 391 300 645 400
334 0 5 303 0 273 100 1354 200 359 300 1043 400
335 0 5 694 0 1214 100 832 200 294 300 1255 400
336 0 5 31 0 549 100 1071 200 1128 300 675 400
337 0 5 1066 0 366 100 1098 200 40 300 800 400
338 0 5 1108 0 287 100 187 200 246 300 1016 400
339 0 5 542 0 377 100 60 200 716 300 566 400
340 0 5 208 0 478 100 1419 200 1159 300 423 400
341 0 5 347 0 214 100 472 200 1191 300 1195 400
342 0 5 1280 0 1334 100 1166 200 1434 300 816 400
343 0 5 441 0 600 100 306 200 1037 300 386 400
344 0 5 177 0 1460 100 816 200 1166 300 1279 400
345 0 5 758 0 684 100 1202 200 595 300 704 400
346 0 5 1465 0 829 100 917 200 779 300 156 400
347 0 5 1044 0 341 100 269 200 1285 300 214 400
348 0 5 1263 0 299 100 608 200 129 300 1471 400
349 0 5 1106 0 739 100 203 200 1183 300 502 400
350 0 5 9 0 141 100 290 200 1234 300 795 400
351 0 5 103 0 141 100 691 200 798 300 290 400
352 0 5 851 0 123 100 1070 200 522 300 85 400
353 0 5 606 0 1426 100 1132 200 1189 300 1055 400
354 0 5 632 0 865 100 1369 200 657 300 534 400
355 0 5 1342 0 311 100 222 200 903 300 271 400
356 0 5 99 0 653 100 627 200 718 300 320 400
357 0 5 1233 0 1262 100 1240 200 614 300 1387 400
358 0 5 504 0 477 100 1150 200 705 300 1495 400
359 0 5 273 0 1235 100 1452 200 1402 300 736 400
360 0 5 1339 0 163 100 897 200 804 300 91 400
361 0 5 1488 0 1052 100 1212 200 1380 300 249 400
362 0 5 1008 0 50 100 345 200 684 300 884 400
363 0 5 1077 0 760 100 1332 200 1306 300 1298 400
364 0 5 41 0 94 100 447 200 1340 300 579 400
365 0 5 1257 0 433 100 565 200 598 300 817 400
366 0 5 1098 0 337 100 571 200 1259 300 958 400
367 0 5 368 0 749 100 1063 200 850 300 907 400
368 0 5 940 0 367 100 872 200 1478 300 749 400
369 0 5 28 0 1294 100 556 200 605 300 1398 400
370 0 5 138 0 374 100 108 200 799 300 1033 400
371 0 5 1360 0 574 100 67 200 1209 300 968 400
372 0 5 1344 0 1374 100 211 200 703 300 1103 400
373 0 5 1112 0 568 100 900 200 726 300 26 400
374 0 5 663 0 370 100 1029 200 1346 300 109 400
375 0 5 1270 0 1160 100 65 200 977 300 1272 400
376 0 5 221 0 706 100 603 200 1259 300 89 400
377 0 5 1024 0 339 100 542 200 716 300 1250 400
378 0 5 1392 0 36 100 300 200 797 300 746 400
379 0 5 822 0 210 100 1387 200 485 300 207 400
380 0 5 412 0 53 100 1268 200 734 300 1332 400
381 0 5 321 0 1391 100 144 200 220 300 800 400
382 0 5 510 0 427 100 1033 200 1193 300 926 400
383 0 5 499 0 593 100 966 200 867 300 1365 400
384 0 5 744 0 506 100 1471 200 529 300 299 400
385 0 5 810 0 134 100 676 200 1365 300 1130 400
386 0 5 775 0 1037 100 343 200 987 300 1017 400
387 0 5 435 0 58 100 947 200 122 300 906 400
388 0 5 856 0 395 100 61 200 938 300 550 400
389 0 5 561 0 60 100 716 200 146 300 698 400
390 0 5 858 0 1135 100 1430 200 1337 300 223 400
391 0 5 859 0 645 100 333 200 498 300 442 400
392 0 5 279 0 1087 100 859 200 857 300 573 400
393 0 5 49 0 473 100 18 200 846 300 416 400
394 0 5 1323 0 905 100 590 200 745 300 1441 400
395 0 5 938 0 388 100 953 200 61 300 1074 400
396 0 5 552 0 1371 100 176 200 1104 300 304 400
397 0 5 1333 0 86 100 1036 200 892 300 1039 400
398 0 5 715 0 24 100 333 200 887 300 1084 400
399 0 5 596 0 554 100 1399 200 1436 300 491 400
400 0 5 1203 0 1493 100 417 200 419 300 658 400
401 0 5 127 0 898 100 980 200 33 300 1154 400
402 0 5 482 0 998 100 906 200 587 300 215 400
403 0 5 412 0 1366 100 1363 200 1298 300 745 400
404 0 5 790 0 277 100 965 200 1177 300 860 400
405 0 5 884 0 1292 100 225 200 630 300 758 400
406 0 5 472 0 197 100 162 200 341 300 1171 400
407 0 5 169 0 147 100 812 200 584 300 437 400
408 0 5 928 0 1129 100 55 200 1282 300 1331 400
409 0 5 1336 0 507 100 778 200 256 300 421 400
410 0 5 855 0 1074 100 1030 200 38 300 1443 400
411 0 5 1444 0 1394 100 580 200 659 300 1158 400
412 0 5 403 0 1366 100 1418 200 380 300 1298 400
413 0 5 463 0 39 100 276 200 668 300 719 400
414 0 5 486 0 981 100 1493 200 1472 300 639 400
415 0 5 205 0 524 100 1092 200 1316 300 1359 400
416 0 5 1182 0 49 100 473 200 393 300 531 400
417 0 5 419 0 1331 100 400 200 500 300 55 400
418 0 5 151 0 140 100 809 200 117 300 516 400
419 0 5 417 0 55 100 400 200 1331 300 500 400
420 0 5 1025 0 877 100 1291 200 1238 300 1362 400
421 0 5 778 0 836 100 172 200 409 300 985 400
422 0 5 1410 0 1461 100 206 200 958 300 841 400
423 0 5 475 0 1419 100 1156 200 876 300 340 400
424 0 5 1127 0 1251 100 999 200 96 300 1118 400
425 0 5 150 0 196 100 519 200 1421 300 1145 400
426 0 5 458 0 135 100 890 200 100 300 295 400
427 0 5 1370 0 382 100 510 200 554 300 926 400
428 0 5 29 0 329 100 514 200 564 300 469 400
429 0 5 167 0 1447 100 1464 200 1184 300 62 400
430 0 5 874 0 133 100 1348 200 288 300 1431 400
431 0 5 909 0 773 100 1256 200 666 300 1427 400
432 0 5 617 0 264 100 1192 200 752 300 673 400
433 0 5 106 0 365 100 1257 200 1458 300 817 400
434 0 5 1173 0 1415 100 1149 200 982 300 1302 400
435 0 5 387 0 122 100 947 200 1131 300 145 400
436 0 5 588 0 1350 100 14 200 661 300 1481 400
437 0 5 601 0 830 100 147 200 629 300 676 400
438 0 5 1423 0 903 100 311 200 1212 300 1488 400
439 0 5 678 0 1026 100 920 200 634 300 1373 400
440 0 5 213 0 1482 100 23 200 689 300 694 400
441 0 5 343 0 699 100 957 200 600 300 226 400
442 0 5 498 0 529 100 201 200 297 300 859 400
443 0 5 59 0 1347 100 1417 200 1273 300 870 400
444 0 5 630 0 1155 100 225 200 405 300 758 400
445 0 5 716 0 25 100 1257 200 1447 300 561 400
446 0 5 789 0 69 100 626 200 1175 300 602 400
447 0 5 1377 0 1142 100 1453 200 94 300 364 400
448 0 5 592 0 452 100 646 200 1401 300 1321 400
449 0 5 1014 0 1250 100 577 200 1088 300 1219 400
450 0 5 193 0 821 100 609 200 1432 300 140 400
451 0 5 1081 0 845 100 1188 200 832 300 487 400
452 0 5 697 0 448 100 326 200 1343 300 1401 400
453 0 5 66 0 1257 100 511 200 1239 300 817 400
454 0 5 1089 0 907 100 695 200 843 300 1063 400
455 0 5 1125 0 161 100 1248 200 1091 300 1164 400
456 0 5 1088 0 558 100 781 200 570 300 165 400
457 0 5 652 0 181 100 790 200 200 300 314 400
458 0 5 426 0 890 100 741 200 1161 300 978 400
459 0 5 173 0 1389 100 1243 200 1289 300 268 400
460 0 5 1355 0 1179 100 58 200 998 300 1115 400
461 0 5 689 0 513 100 824 200 1081 300 440 400
462 0 5 73 0 107 100 195 200 331 300 1158 400
463 0 5 413 0 464 100 276 200 39 300 1312 400
464 0 5 463 0 276 100 1312 200 742 300 413 400
465 0 5 44 0 841 100 337 200 1390 300 1461 400
466 0 5 11 0 1428 100 1015 200 1157 300 1254 400
467 0 5 647 0 854 100 919 200 641 300 964 400
468 0 5 988 0 42 100 649 200 1516 300 1515 400
469 0 5 914 0 852 100 288 200 29 300 1431 400
470 0 5 545 0 948 100 1288 200 1296 300 215 400
471 0 5 156 0 779 100 782 200 1090 300 316 400
472 0 5 406 0 1171 100 341 200 1191 300 1379 400
473 0 5 168 0 393 100 416 200 489 300 49 400
474 0 5 126 0 1009 100 847 200 1341 300 1322 400
475 0 5 1313 0 423 100 1156 200 984 300 935 400
476 0 5 585 0 1283 100 121 200 675 300 78 400
477 0 5 1183 0 823 100 358 200 1228 300 504 400
478 0 5 1419 0 340 100 1110 200 804 300 1159 400
479 0 5 186 0 191 100 21 200 84 300 690 400
480 0 5 1297 0 692 100 1157 200 1185 300 1015 400
481 0 5 1090 0 587 100 316 200 215 300 948 400
482 0 5 402 0 906 100 215 200 587 300 998 400
483 0 5 1275 0 573 100 578 200 265 300 271 400
484 0 5 515 0 865 100 128 200 1028 300 1356 400
485 0 5 1387 0 548 100 207 200 379 300 1236 400
486 0 5 111 0 414 100 1493 200 882 300 834 400
487 0 5 845 0 654 100 1188 200 451 300 321 400
488 0 5 990 0 725 100 870 200 172 300 1065 400
489 0 5 168 0 18 100 114 200 473 300 393 400
490 0 5 544 0 181 100 1303 200 1177 300 790 400
491 0 5 939 0 872 100 1399 200 864 300 554 400
492 0 5 708 0 1226 100 955 200 32 300 932 400
493 0 5 10 0 975 100 292 200 895 300 298 400
494 0 5 251 0 97 100 1169 200 1168 300 522 400
495 0 5 1074 0 83 100 61 200 855 300 1443 400
496 0 5 1247 0 1460 100 241 200 1205 300 1279 400
497 0 5 152 0 727 100 1117 200 700 300 532 400
498 0 5 442 0 645 100 529 200 297 300 391 400
499 0 5 383 0 527 100 1057 200 1365 300 891 400
500 0 5 1331 0 569 100 79 200 417 300 55 400
501 0 5 1267 0 57 100 688 200 1415 300 1287 400
502 0 5 1479 0 739 100 1323 200 590 300 349 400
503 0 5 947 0 1115 100 875 200 837 300 770 400
504 0 5 358 0 1425 100 1495 200 1228 300 477 400
505 0 5 261 0 291 100 772 200 742 300 4 400
506 0 5 384 0 299 100 1471 200 348 300 1263 400
507 0 5 1450 0 1336 100 409 200 289 300 256 400
508 0 5 1226 0 1093 100 1200 200 616 300 784 400
509 0 5 961 0 1040 100 1321 200 448 300 1133 400
510 0 5 1193 0 382 100 1216 200 427 300 1370 400
511 0 5 650 0 655 100 1257 200 453 300 433 400
512 0 5 92 0 1311 100 1232 200 1143 300 175 400
513 0 5 461 0 824 100 1081 200 213 300 689 400
514 0 5 428 0 149 100 20 200 29 300 564 400
515 0 5 484 0 1427 100 773 200 1356 300 723 400
516 0 5 738 0 151 100 1211 200 809 300 140 400
517 0 5 233 0 606 100 1047 200 1426 300 1189 400
518 0 5 728 0 761 100 963 200 1242 300 979 400
519 0 5 1377 0 1453 100 207 200 425 300 196 400
520 0 5 281 0 1376 100 1000 200 878 300 1215 400
521 0 5 575 0 325 100 1204 200 1398 300 797 400
522 0 5 1169 0 85 100 1134 200 352 300 97 400
523 0 5 937 0 1292 100 225 200 537 300 649 400
524 0 5 415 0 1359 100 205 200 1151 300 130 400
525 0 5 900 0 1265 100 726 200 863 300 1046 400
526 0 5 743 0 853 100 616 200 1156 300 508 400
527 0 5 891 0 499 100 1057 200 1365 300 1222 400
528 0 5 89 0 1372 100 263 200 1013 300 142 400
529 0 5 442 0 297 100 498 200 744 300 384 400
530 0 5 756 0 1203 100 1129 200 582 300 400 400
531 0 5 1182 0 746 100 1392 200 416 300 473 400
532 0 5 131 0 801 100 727 200 497 300 105 400
533 0 5 1154 0 559 100 986 200 653 300 1469 400
534 0 5 161 0 632 100 865 200 354 300 599 400
535 0 5 1480 0 866 100 1038 200 82 300 599 400
536 0 5 130 0 1010 100 807 200 1359 300 330 400
537 0 5 225 0 701 100 1512 200 627 300 1155 400
538 0 5 968 0 139 100 183 200 371 300 67 400
539 0 5 305 0 1007 100 786 200 278 300 1144 400
540 0 5 16 0 962 100 98 200 643 300 1393 400
541 0 5 202 0 1308 100 669 200 292 300 1120 400
542 0 5 339 0 566 100 577 200 164 300 377 400
543 0 5 888 0 98 100 1393 200 548 300 1236 400
544 0 5 490 0 314 100 1060 200 181 300 1303 400
545 0 5 470 0 943 100 948 200 670 300 481 400
546 0 5 1124 0 315 100 1053 200 328 300 317 400
547 0 5 332 0 881 100 1031 200 1069 300 606 400
548 0 5 1236 0 485 100 98 200 207 300 1230 400
549 0 5 336 0 1128 100 828 200 1386 300 783 400
550 0 5 80 0 1120 100 856 200 993 300 677 400
551 0 5 102 0 1223 100 833 200 1035 300 1139 400
552 0 5 1192 0 396 100 1371 200 432 300 1048 400
553 0 5 1004 0 980 100 178 200 33 300 898 400
554 0 5 399 0 27 100 427 200 312 300 1399 400
555 0 5 802 0 753 100 1027 200 1186 300 176 400
556 0 5 1294 0 369 100 904 200 1494 300 1398 400
557 0 5 310 0 1316 100 331 200 107 300 462 400
558 0 5 825 0 456 100 781 200 165 300 570 400
559 0 5 533 0 986 100 653 200 1154 300 1469 400
560 0 5 1385 0 835 100 1143 200 92 300 175 400
561 0 5 389 0 716 100 60 200 698 300 339 400
562 0 5 154 0 871 100 1381 200 1500 300 1198 400
563 0 5 901 0 1003 100 639 200 569 300 921 400
564 0 5 1178 0 717 100 861 200 329 300 514 400
565 0 5 174 0 711 100 636 200 15 300 365 400
566 0 5 164 0 542 100 60 200 1421 300 339 400
567 0 5 1483 0 730 100 1078 200 1443 300 1329 400
568 0 5 373 0 726 100 900 200 525 300 1046 400
569 0 5 500 0 1003 100 79 200 930 300 1331 400
570 0 5 1014 0 1034 100 848 200 1076 300 456 400
571 0 5 366 0 958 100 1259 200 706 300 376 400
572 0 5 212 0 1320 100 1246 200 1241 300 927 400
573 0 5 624 0 483 100 1087 200 279 300 586 400
574 0 5 199 0 1404 100 371 200 272 300 664 400
575 0 5 1398 0 904 100 521 200 155 300 1294 400
576 0 5 1001 0 985 100 137 200 1000 300 836 400
577 0 5 1219 0 164 100 449 200 542 300 566 400
578 0 5 68 0 483 100 1275 200 1271 300 265 400
579 0 5 1326 0 112 100 1340 200 94 300 364 400
580 0 5 1258 0 411 100 1444 200 102 300 284 400
581 0 5 1230 0 1453 100 519 200 888 300 207 400
582 0 5 1129 0 316 100 156 200 928 300 1465 400
583 0 5 586 0 24 100 1084 200 573 300 1462 400
584 0 5 313 0 216 100 169 200 815 300 229 400
585 0 5 476 0 1078 100 1501 200 1325 300 675 400
586 0 5 583 0 1084 100 93 200 24 300 573 400
587 0 5 481 0 215 100 1090 200 482 300 969 400
588 0 5 436 0 1350 100 973 200 14 300 661 400
589 0 5 1215 0 256 100 878 200 219 300 1376 400
590 0 5 394 0 745 100 1479 200 806 300 899 400
591 0 5 47 0 987 100 182 200 441 300 343 400
592 0 5 101 0 74 100 448 200 135 300 237 400
593 0 5 383 0 700 100 966 200 1300 300 867 400
594 0 5 1311 0 672 100 1218 200 1147 300 1458 400
595 0 5 684 0 758 100 272 200 345 300 827 400
596 0 5 399 0 1436 100 926 200 554 300 427 400
597 0 5 244 0 774 100 1317 200 1092 300 780 400
598 0 5 1447 0 1257 100 25 200 1464 300 174 400
599 0 5 866 0 618 100 1164 200 647 300 1480 400
600 0 5 699 0 343 100 1100 200 1253 300 441 400
601 0 5 674 0 437 100 629 200 1220 300 676 400
602 0 5 789 0 942 100 626 200 801 300 497 400
603 0 5 838 0 1259 100 376 200 892 300 1455 400
604 0 5 1094 0 921 100 733 200 563 300 559 400
605 0 5 28 0 369 100 959 200 1227 300 721 400
606 0 5 353 0 517 100 1426 200 1189 300 179 400
607 0 5 1266 0 129 100 1471 200 35 300 1079 400
608 0 5 1358 0 679 100 348 200 1263 300 129 400
609 0 5 774 0 193 100 450 200 780 300 117 400
610 0 5 327 0 1058 100 1064 200 702 300 695 400
611 0 5 7 0 77 100 1012 200 1499 300 1199 400
612 0 5 1446 0 794 100 771 200 1061 300 217 400
613 0 5 764 0 1058 100 853 200 695 300 1473 400
614 0 5 1240 0 190 100 1011 200 1387 300 820 400
615 0 5 1407 0 1325 100 1445 200 895 300 677 400
616 0 5 266 0 526 100 743 200 508 300 784 400
617 0 5 752 0 432 100 735 200 635 300 264 400
618 0 5 599 0 1164 100 1480 200 647 300 1248 400
619 0 5 979 0 114 100 1416 200 227 300 761 400
620 0 5 635 0 1198 100 1048 200 562 300 1500 400
621 0 5 650 0 223 100 858 200 792 300 781 400
622 0 5 1433 0 304 100 811 200 1373 300 920 400
623 0 5 1367 0 1338 100 869 200 924 300 1205 400
624 0 5 857 0 573 100 279 200 483 300 260 400
625 0 5 1103 0 703 100 1478 200 923 300 1344 400
626 0 5 1117 0 63 100 602 200 69 300 1175 400
627 0 5 718 0 356 100 1155 200 537 300 225 400
628 0 5 710 0 1309 100 295 200 135 300 100 400
629 0 5 830 0 1130 100 437 200 676 300 1287 400
630 0 5 444 0 758 100 405 200 827 300 225 400
631 0 5 996 0 849 100 22 200 221 300 1013 400
632 0 5 1369 0 354 100 534 200 161 300 657 400
633 0 5 1086 0 825 100 890 200 1161 300 741 400
634 0 5 1308 0 292 100 1498 200 1026 300 678 400
635 0 5 620 0 735 100 1048 200 729 300 617 400
636 0 5 1458 0 1194 100 565 200 711 300 1006 400
637 0 5 1278 0 784 100 1058 200 1473 300 862 400
638 0 5 248 0 1201 100 1082 200 1178 300 1187 400
639 0 5 901 0 1472 100 731 200 563 300 658 400
640 0 5 1097 0 204 100 1136 200 1036 300 1318 400
641 0 5 854 0 467 100 964 200 919 300 295 400
642 0 5 1363 0 1412 100 1027 200 745 300 590 400
643 0 5 1139 0 1420 100 1223 200 1393 300 791 400
644 0 5 269 0 1086 100 1284 200 218 300 825 400
645 0 5 391 0 498 100 333 200 297 300 887 400
646 0 5 1349 0 961 100 448 200 1401 300 1463 400
647 0 5 854 0 467 100 1164 200 599 300 919 400
648 0 5 748 0 286 100 184 200 1456 300 262 400
649 0 5 937 0 1505 100 1504 200 701 300 468 400
650 0 5 621 0 223 100 792 200 858 300 781 400
651 0 5 1244 0 324 100 1020 200 814 300 12 400
652 0 5 457 0 200 100 181 200 232 300 790 400
653 0 5 356 0 88 100 533 200 986 300 559 400
654 0 5 1060 0 487 100 1188 200 681 300 842 400
655 0 5 511 0 650 100 1319 200 1486 300 535 400
656 0 5 285 0 1373 100 1456 200 678 300 262 400
657 0 5 1369 0 1028 100 128 200 354 300 865 400
658 0 5 731 0 981 100 639 200 400 300 901 400
659 0 5 1158 0 1394 100 411 200 1180 300 13 400
660 0 5 950 0 1051 100 696 200 178 300 236 400
661 0 5 680 0 436 100 311 200 588 300 252 400
662 0 5 189 0 951 100 267 200 799 300 319 400
663 0 5 374 0 989 100 819 200 370 300 1188 400
664 0 5 936 0 88 100 1209 200 296 300 898 400
665 0 5 917 0 1069 100 826 200 831 300 829 400
666 0 5 723 0 132 100 1427 200 1319 300 1356 400
667 0 5 1277 0 236 100 834 200 414 300 1051 400
668 0 5 250 0 115 100 1312 200 39 300 413 400
669 0 5 1498 0 202 100 1308 200 541 300 185 400
670 0 5 756 0 943 100 111 200 545 300 1203 400
671 0 5 1105 0 1101 100 1187 200 1082 300 206 400
672 0 5 1147 0 594 100 1311 200 1143 300 560 400
673 0 5 184 0 1179 100 1355 200 432 300 460 400
674 0 5 601 0 1045 100 437 200 1220 300 629 400
675 0 5 121 0 476 100 1078 200 1071 300 585 400
676 0 5 1220 0 810 100 724 200 1405 300 629 400
677 0 5 1407 0 83 100 730 200 80 300 550 400
678 0 5 439 0 656 100 634 200 1026 300 285 400
679 0 5 608 0 1358 100 300 200 120 300 348 400
680 0 5 661 0 311 100 355 200 1481 300 436 400
681 0 5 819 0 1188 100 654 200 989 300 487 400
682 0 5 1452 0 736 100 309 200 1206 300 125 400
683 0 5 747 0 860 100 769 200 686 300 790 400
684 0 5 595 0 968 100 272 200 345 300 371 400
685 0 5 104 0 172 100 836 200 137 300 870 400
686 0 5 720 0 860 100 751 200 747 300 248 400
687 0 5 923 0 702 100 1478 200 749 300 1064 400
688 0 5 1267 0 1246 100 501 200 1302 300 1415 400
689 0 5 461 0 440 100 1081 200 694 300 213 400
690 0 5 1396 0 238 100 268 200 21 300 191 400
691 0 5 103 0 1208 100 1425 200 351 300 148 400
692 0 5 480 0 1489 100 1015 200 1185 300 11 400
693 0 5 736 0 1402 100 713 200 1273 300 307 400
694 0 5 335 0 43 100 440 200 294 300 689 400
695 0 5 1196 0 327 100 454 200 46 300 907 400
696 0 5 3 0 1004 100 178 200 660 300 1051 400
697 0 5 452 0 1343 100 1401 200 1475 300 326 400
698 0 5 146 0 1142 100 196 200 60 300 1421 400
699 0 5 1253 0 600 100 441 200 226 300 343 400
700 0 5 593 0 1144 100 727 200 110 300 966 400
701 0 5 1540 0 537 100 1 200 649 300 937 400
702 0 5 1064 0 687 100 327 200 610 300 923 400
703 0 5 625 0 1478 100 923 200 1103 300 1374 400
704 0 5 840 0 50 100 345 200 1202 300 758 400
705 0 5 252 0 1150 100 358 200 1495 300 203 400
706 0 5 376 0 1259 100 958 200 1410 300 571 400
707 0 5 757 0 323 100 1000 200 1083 300 1001 400
708 0 5 492 0 932 100 258 200 1140 300 862 400
709 0 5 1019 0 869 100 1338 200 1286 300 1095 400
710 0 5 628 0 82 100 1430 200 1309 300 295 400
711 0 5 565 0 1006 100 15 200 636 300 174 400
712 0 5 255 0 118 100 973 200 818 300 87 400
713 0 5 1402 0 59 100 693 200 1273 300 1138 400
714 0 5 1264 0 67 100 754 200 54 300 945 400
715 0 5 398 0 887 100 1050 200 129 300 1471 400
716 0 5 445 0 561 100 389 200 339 300 377 400
717 0 5 149 0 861 100 960 200 564 300 1178 400
718 0 5 113 0 627 100 356 200 1209 300 1404 400
719 0 5 722 0 1422 100 1231 200 1242 300 413 400
720 0 5 686 0 1068 100 751 200 277 300 170 400
721 0 5 959 0 893 100 1204 200 270 300 6 400
722 0 5 1328 0 719 100 1242 200 1422 300 963 400
723 0 5 666 0 1356 100 1427 200 865 300 132 400
724 0 5 1405 0 52 100 676 200 253 300 810 400
725 0 5 870 0 488 100 1065 200 1273 300 54 400
726 0 5 568 0 1046 100 992 200 900 300 525 400
727 0 5 497 0 110 100 532 200 700 300 278 400
728 0 5 518 0 1242 100 761 200 963 300 1231 400
729 0 5 1500 0 735 100 1457 200 1388 300 635 400
730 0 5 567 0 1443 100 677 200 1483 300 1152 400
731 0 5 658 0 1472 100 639 200 275 300 414 400
732 0 5 243 0 214 100 1322 200 1191 300 1195 400
733 0 5 1023 0 604 100 921 200 901 300 569 400
734 0 5 1268 0 1002 100 380 200 315 300 1053 400
735 0 5 635 0 729 100 752 200 617 300 1492 400
736 0 5 693 0 682 100 1452 200 1402 300 307 400
737 0 5 1015 0 1408 100 1489 200 982 300 692 400
738 0 5 516 0 1451 100 915 200 1211 300 1006 400
739 0 5 502 0 349 100 203 200 1323 300 1106 400
740 0 5 1224 0 912 100 1233 200 1379 300 280 400
741 0 5 890 0 165 100 978 200 458 300 426 400
742 0 5 4 0 261 100 276 200 464 300 1312 400
743 0 5 1093 0 526 100 616 200 508 300 1200 400
744 0 5 384 0 297 100 1471 200 529 300 498 400
745 0 5 1441 0 1363 100 642 200 590 300 394 400
746 0 5 531 0 1392 100 776 200 36 300 1422 400
747 0 5 683 0 769 100 686 200 860 300 1105 400
748 0 5 648 0 184 100 673 200 432 300 1179 400
749 0 5 850 0 1478 100 367 200 1064 300 1063 400
750 0 5 1049 0 885 100 824 200 1167 300 1312 400
751 0 5 1201 0 245 100 720 200 686 300 248 400
752 0 5 617 0 264 100 735 200 432 300 635 400
753 0 5 949 0 1412 100 555 200 802 300 1027 400
754 0 5 945 0 714 100 234 200 67 300 296 400
755 0 5 320 0 883 100 930 200 1023 300 356 400
756 0 5 530 0 670 100 1203 200 316 300 481 400
757 0 5 707 0 916 100 1001 200 137 300 983 400
758 0 5 595 0 630 100 345 200 405 300 272 400
759 0 5 1490 0 1140 100 319 200 803 300 708 400
760 0 5 1298 0 1186 100 363 200 166 300 1306 400
761 0 5 518 0 979 100 1416 200 1231 300 728 400
762 0 5 249 0 863 100 1046 200 1261 300 1170 400
763 0 5 982 0 1489 100 229 200 1415 300 1185 400
764 0 5 613 0 1473 100 853 200 1278 300 637 400
765 0 5 1352 0 804 100 897 200 1110 300 1123 400
766 0 5 166 0 304 100 1306 200 622 300 1373 400
767 0 5 1454 0 1213 100 1210 200 1383 300 1067 400
768 0 5 125 0 1295 100 1206 200 1382 300 844 400
769 0 5 1105 0 747 100 1082 200 686 300 1101 400
770 0 5 837 0 122 100 947 200 503 300 185 400
771 0 5 1446 0 217 100 1217 200 30 300 1354 400
772 0 5 1496 0 155 100 505 200 276 300 742 400
773 0 5 1256 0 128 100 1351 200 515 300 431 400
774 0 5 117 0 609 100 597 200 780 300 1317 400
775 0 5 386 0 1017 100 987 200 343 300 1037 400
776 0 5 1422 0 1496 100 746 200 772 300 155 400
777 0 5 1494 0 84 100 1485 200 1062 300 1386 400
778 0 5 421 0 409 100 1376 200 256 300 836 400
779 0 5 782 0 471 100 156 200 829 300 1465 400
780 0 5 931 0 193 100 609 200 597 300 774 400
781 0 5 558 0 165 100 456 200 1135 300 223 400
782 0 5 779 0 1244 100 301 200 471 300 829 400
783 0 5 209 0 1386 100 1494 200 549 300 1128 400
784 0 5 862 0 637 100 508 200 616 300 1058 400
785 0 5 1180 0 13 100 1158 200 659 300 107 400
786 0 5 278 0 305 100 110 200 1007 300 539 400
787 0 5 161 0 865 100 1480 200 1356 300 534 400
788 0 5 134 0 1324 100 1222 200 1365 300 385 400
789 0 5 446 0 602 100 64 200 69 300 942 400
790 0 5 404 0 860 100 457 200 490 300 277 400
791 0 5 1035 0 821 100 1340 200 1176 300 793 400
792 0 5 1024 0 223 100 1250 200 991 300 1088 400
793 0 5 1005 0 41 100 62 200 1340 300 791 400
794 0 5 612 0 1138 100 1061 200 1446 300 303 400
795 0 5 1234 0 798 100 290 200 350 300 863 400
796 0 5 1324 0 1381 100 1281 200 1222 300 1388 400
797 0 5 36 0 1022 100 325 200 521 300 934 400
798 0 5 944 0 795 100 1466 200 290 300 1170 400
799 0 5 189 0 1303 100 1177 200 662 300 370 400
800 0 5 144 0 40 100 465 200 268 300 381 400
801 0 5 942 0 532 100 282 200 131 300 602 400
802 0 5 116 0 555 100 753 200 1408 300 176 400
803 0 5 1490 0 965 100 759 200 955 300 170 400
804 0 5 897 0 765 100 163 200 360 300 1110 400
805 0 5 1116 0 317 100 124 200 1437 300 893 400
806 0 5 899 0 1174 100 590 200 1254 300 1412 400
807 0 5 1211 0 330 100 1010 200 1413 300 536 400
808 0 5 1145 0 1111 100 822 200 1034 300 1219 400
809 0 5 1317 0 418 100 1211 200 140 300 117 400
810 0 5 385 0 676 100 253 200 1365 300 724 400
811 0 5 1306 0 622 100 1077 200 920 300 439 400
812 0 5 147 0 407 100 57 200 830 300 437 400
813 0 5 1261 0 2 100 1265 200 249 300 1380 400
814 0 5 829 0 301 100 651 200 324 300 779 400
815 0 5 229 0 235 100 216 200 313 300 967 400
816 0 5 1080 0 160 100 1460 200 344 300 342 400
817 0 5 106 0 1467 100 66 200 1239 300 433 400
818 0 5 255 0 87 100 712 200 159 300 240 400
819 0 5 681 0 989 100 654 200 663 300 1188 400
820 0 5 1364 0 1011 100 190 200 162 300 210 400
821 0 5 1432 0 791 100 450 200 193 300 1035 400
822 0 5 379 0 207 100 150 200 210 300 808 400
823 0 5 1054 0 1228 100 477 200 1067 300 1254 400
824 0 5 513 0 1049 100 213 200 461 300 885 400
825 0 5 558 0 633 100 848 200 913 300 890 400
826 0 5 665 0 831 100 1069 200 881 300 829 400
827 0 5 113 0 199 100 272 200 630 300 595 400
828 0 5 1245 0 956 100 1330 200 76 300 549 400
829 0 5 814 0 346 100 917 200 779 300 301 400
830 0 5 629 0 437 100 57 200 147 300 169 400
831 0 5 917 0 665 100 346 200 826 300 1282 400
832 0 5 1081 0 318 100 694 200 451 300 335 400
833 0 5 102 0 1258 100 551 200 1432 300 821 400
834 0 5 882 0 667 100 1032 200 486 300 894 400
835 0 5 560 0 1385 100 1041 200 175 300 1143 400
836 0 5 137 0 421 100 685 200 172 300 985 400
837 0 5 185 0 947 100 770 200 503 300 669 400
838 0 5 603 0 1455 100 892 200 1259 300 1276 400
839 0 5 38 0 1497 100 257 200 322 300 410 400
840 0 5 704 0 878 100 1202 200 219 300 50 400
841 0 5 958 0 1461 100 465 200 200 300 422 400
842 0 5 232 0 314 100 654 200 181 300 1060 400
843 0 5 1357 0 46 100 1089 200 454 300 907 400
844 0 5 323 0 1382 100 1295 200 1206 300 309 400
845 0 5 451 0 487 100 1081 200 1188 300 321 400
846 0 5 201 0 1470 100 49 200 393 300 18 400
847 0 5 308 0 1322 100 474 200 1224 300 1379 400
848 0 5 913 0 570 100 456 200 825 300 1237 400
849 0 5 996 0 631 100 293 200 1368 300 1362 400
850 0 5 1063 0 749 100 367 200 1478 300 907 400
851 0 5 1411 0 85 100 352 200 1199 300 123 400
852 0 5 1187 0 469 100 914 200 329 300 671 400
853 0 5 266 0 526 100 935 200 1156 300 613 400
854 0 5 647 0 467 100 641 200 1164 300 919 400
855 0 5 38 0 410 100 495 200 1443 300 1039 400
856 0 5 388 0 550 100 993 200 80 300 71 400
857 0 5 624 0 279 100 143 200 260 300 392 400
858 0 5 390 0 621 100 223 200 1135 300 650 400
859 0 5 391 0 333 100 1462 200 1087 300 392 400
860 0 5 683 0 790 100 686 200 747 300 277 400
861 0 5 896 0 717 100 564 200 1178 300 960 400
862 0 5 784 0 932 100 708 200 1196 300 1226 400
863 0 5 1046 0 762 100 1234 200 726 300 249 400
864 0 5 1252 0 5 100 1153 200 491 300 872 400
865 0 5 354 0 484 100 787 200 1356 300 657 400
866 0 5 599 0 535 100 1480 200 1038 300 647 400
867 0 5 253 0 1365 100 1300 200 383 300 593 400
868 0 5 1047 0 1229 100 1030 200 1477 300 1055 400
869 0 5 709 0 1338 100 1205 200 241 300 623 400
870 0 5 725 0 1273 100 488 200 104 300 307 400
871 0 5 154 0 562 100 1320 200 927 300 572 400
872 0 5 1252 0 491 100 5 200 368 300 864 400
873 0 5 1042 0 1350 100 1361 200 14 300 1310 400
874 0 5 430 0 1431 100 288 200 133 300 914 400
875 0 5 285 0 1115 100 503 200 656 300 837 400
876 0 5 1118 0 1159 100 208 200 423 300 1419 400
877 0 5 1362 0 420 100 95 200 849 300 293 400
878 0 5 840 0 589 100 219 200 1215 300 345 400
879 0 5 1492 0 1474 100 1435 200 1457 300 1148 400
880 0 5 17 0 142 100 1096 200 1353 300 946 400
881 0 5 547 0 1031 100 1131 200 332 300 145 400
882 0 5 834 0 1163 100 1032 200 1296 300 111 400
883 0 5 1023 0 755 100 930 200 569 300 320 400
884 0 5 1008 0 405 100 1292 200 758 300 225 400
885 0 5 21 0 750 100 824 200 1049 300 191 400
886 0 5 1039 0 31 100 1152 200 86 300 730 400
887 0 5 1050 0 715 100 333 200 398 300 297 400
888 0 5 543 0 1230 100 1393 200 94 300 581 400
889 0 5 1095 0 1255 100 1214 200 294 300 335 400
890 0 5 458 0 741 100 1161 200 426 300 633 400
891 0 5 527 0 1057 100 1109 200 1222 300 1429 400
892 0 5 86 0 1276 100 1330 200 838 300 1333 400
893 0 5 959 0 721 100 270 200 1409 300 1227 400
894 0 5 941 0 1277 100 1439 200 1121 300 834 400
895 0 5 1120 0 10 100 1445 200 1308 300 493 400
896 0 5 861 0 1339 100 1476 200 960 300 163 400
897 0 5 804 0 91 100 360 200 765 300 163 400
898 0 5 401 0 296 100 1154 200 980 300 553 400
899 0 5 806 0 1174 100 1254 200 590 300 1412 400
900 0 5 525 0 933 100 568 200 726 300 1265 400
901 0 5 639 0 563 100 1472 200 921 300 1003 400
902 0 5 1056 0 966 100 1327 200 70 300 1439 400
903 0 5 222 0 438 100 355 200 952 300 1342 400
904 0 5 575 0 1294 100 1398 200 556 300 369 400
905 0 5 1323 0 394 100 203 200 1441 300 745 400
906 0 5 969 0 482 100 998 200 215 300 587 400
907 0 5 454 0 1063 100 367 200 695 300 843 400
908 0 5 1213 0 1085 100 148 200 691 300 103 400
909 0 5 431 0 1491 100 773 200 1256 300 666 400
910 0 5 1018 0 1235 100 247 200 1043 300 64 400
911 0 5 298 0 1501 100 78 200 1445 300 974 400
912 0 5 280 0 740 100 1379 200 1233 300 308 400
913 0 5 1237 0 848 100 825 200 1086 300 1285 400
914 0 5 469 0 288 100 852 200 1431 300 293 400
915 0 5 1006 0 1451 100 738 200 1194 300 925 400
916 0 5 757 0 1001 100 983 200 137 300 34 400
917 0 5 665 0 831 100 829 200 346 300 283 400
918 0 5 1210 0 967 100 1383 200 767 300 235 400
919 0 5 964 0 467 100 1414 200 641 300 647 400
920 0 5 1026 0 1077 100 622 200 811 300 1332 400
921 0 5 604 0 1162 100 1094 200 733 300 901 400
922 0 5 1122 0 71 100 1141 200 1031 300 929 400
923 0 5 687 0 1478 100 1374 200 703 300 211 400
924 0 5 294 0 1119 100 1367 200 1279 300 1205 400
925 0 5 1194 0 1147 100 1451 200 915 300 594 400
926 0 5 1436 0 1033 100 231 200 427 300 596 400
927 0 5 1198 0 154 100 1246 200 572 300 871 400
928 0 5 1129 0 408 100 582 200 1282 300 55 400
929 0 5 158 0 1031 100 922 200 180 300 185 400
930 0 5 755 0 883 100 228 200 569 300 1012 400
931 0 5 45 0 780 100 1432 200 244 300 193 400
932 0 5 862 0 708 100 258 200 46 300 1196 400
933 0 5 143 0 900 100 1225 200 1265 300 1112 400
934 0 5 48 0 1022 100 1449 200 797 300 1307 400
935 0 5 1313 0 1156 100 853 200 526 300 616 400
936 0 5 1360 0 664 100 296 200 371 300 945 400
937 0 5 523 0 649 100 537 200 701 300 1508 400
938 0 5 233 0 395 100 1030 200 388 300 1189 400
939 0 5 312 0 491 100 554 200 864 300 872 400
940 0 5 368 0 1399 100 367 200 491 300 872 400
941 0 5 894 0 1032 100 1439 200 1126 300 1277 400
942 0 5 801 0 602 100 282 200 789 300 131 400
943 0 5 545 0 670 100 111 200 470 300 1296 400
944 0 5 1466 0 798 100 1425 200 1170 300 691 400
945 0 5 754 0 296 100 1360 200 936 300 67 400
946 0 5 1075 0 1424 100 17 200 880 300 65 400
947 0 5 503 0 837 100 58 200 387 300 122 400
948 0 5 470 0 1288 100 215 200 545 300 481 400
949 0 5 1174 0 753 100 1412 200 555 300 802 400
950 0 5 660 0 33 100 178 200 275 300 236 400
951 0 5 189 0 662 100 319 200 267 300 1177 400
952 0 5 1271 0 1052 100 222 200 903 300 361 400
953 0 5 90 0 61 100 1074 200 395 300 1030 400
954 0 5 37 0 1004 100 1065 200 234 300 1347 400
955 0 5 170 0 32 100 492 200 803 300 274 400
956 0 5 76 0 828 100 1330 200 1276 300 1066 400
957 0 5 182 0 1114 100 47 200 441 300 1102 400
958 0 5 841 0 571 100 706 200 422 300 1410 400
959 0 5 721 0 893 100 1227 200 605 300 1409 400
960 0 5 1114 0 717 100 1102 200 171 300 149 400
961 0 5 509 0 646 100 1133 200 448 300 1349 400
962 0 5 1223 0 540 100 643 200 98 300 1393 400
963 0 5 1328 0 1242 100 518 200 728 300 168 400
964 0 5 74 0 919 100 641 200 467 300 135 400
965 0 5 170 0 1068 100 803 200 277 300 404 400
966 0 5 1327 0 902 100 593 200 700 300 383 400
967 0 5 918 0 235 100 1383 200 815 300 216 400
968 0 5 538 0 684 100 371 200 139 300 272 400
969 0 5 906 0 12 100 587 200 1020 300 651 400
970 0 5 1440 0 1310 100 1481 200 24 300 271 400
971 0 5 1414 0 1025 100 1238 200 1291 300 133 400
972 0 5 108 0 1033 100 231 200 138 300 926 400
973 0 5 118 0 712 100 588 200 1441 300 72 400
974 0 5 1227 0 78 100 1409 200 911 300 121 400
975 0 5 493 0 315 100 10 200 124 300 298 400
976 0 5 53 0 1366 100 72 200 1441 300 255 400
977 0 5 1397 0 1424 100 1160 200 65 300 375 400
978 0 5 1309 0 100 100 741 200 295 300 1161 400
979 0 5 619 0 761 100 114 200 518 300 1416 400
980 0 5 401 0 33 100 553 200 898 300 1154 400
981 0 5 658 0 1493 100 1203 200 414 300 236 400
982 0 5 763 0 1149 100 737 200 1415 300 1489 400
983 0 5 34 0 916 100 136 200 1304 300 1001 400
984 0 5 994 0 1345 100 96 200 1118 300 876 400
985 0 5 281 0 576 100 836 200 137 300 778 400
986 0 5 320 0 559 100 533 200 653 300 1023 400
987 0 5 591 0 1017 100 775 200 182 300 343 400
988 0 5 1468 0 468 100 42 200 194 300 1520 400
989 0 5 663 0 819 100 681 200 1188 300 374 400
990 0 5 488 0 56 100 54 200 172 300 1336 400
991 0 5 1024 0 1250 100 1088 200 792 300 377 400
992 0 5 1299 0 9 100 726 200 1234 300 1046 400
993 0 5 1120 0 856 100 71 200 550 300 1141 400
994 0 5 1181 0 984 100 1345 200 96 300 1017 400
995 0 5 243 0 1009 100 1100 200 1195 300 1113 400
996 0 5 631 0 221 100 849 200 1368 300 1059 400
997 0 5 1122 0 1189 100 922 200 1031 300 179 400
998 0 5 402 0 264 100 460 200 906 300 752 400
999 0 5 1476 0 1251 100 1114 200 1118 300 424 400
1000 0 5 230 0 707 100 520 200 1083 300 1001 400
1001 0 5 576 0 916 100 757 200 1000 300 137 400
1002 0 5 734 0 315 100 975 200 1268 300 546 400
1003 0 5 563 0 569 100 901 200 1023 300 1331 400
1004 0 5 553 0 696 100 954 200 234 300 3 400
1005 0 5 793 0 1176 100 62 200 167 300 791 400
1006 0 5 915 0 711 100 1194 200 636 300 738 400
1007 0 5 539 0 1405 100 786 200 1144 300 305 400
1008 0 5 362 0 884 100 405 200 758 300 50 400
1009 0 5 995 0 1100 100 474 200 1322 300 1341 400
1010 0 5 239 0 536 100 807 200 330 300 1143 400
1011 0 5 198 0 820 100 210 200 614 300 1387 400
1012 0 5 1499 0 7 100 119 200 79 300 1514 400
1013 0 5 89 0 221 100 631 200 528 300 376 400
1014 0 5 570 0 449 100 1088 200 1250 300 456 400
1015 0 5 737 0 692 100 11 200 1408 300 466 400
1016 0 5 1484 0 120 100 1307 200 287 300 1221 400
1017 0 5 775 0 987 100 1345 200 182 300 1127 400
1018 0 5 910 0 1442 100 1235 200 1452 300 1043 400
1019 0 5 709 0 1286 100 1095 200 1255 300 1338 400
1020 0 5 12 0 651 100 324 200 969 300 145 400
1021 0 5 188 0 70 100 1439 200 1121 300 152 400
1022 0 5 325 0 934 100 1449 200 797 300 521 400
1023 0 5 883 0 733 100 569 200 986 300 563 400
1024 0 5 792 0 377 100 1250 200 991 300 1088 400
1025 0 5 420 0 1238 100 971 200 1291 300 95 400
1026 0 5 920 0 439 100 634 200 678 300 292 400
1027 0 5 1186 0 1363 100 642 200 1412 300 555 400
1028 0 5 657 0 65 100 128 200 1351 300 484 400
1029 0 5 1346 0 109 100 374 200 318 300 1193 400
1030 0 5 1497 0 868 100 410 200 1074 300 938 400
1031 0 5 881 0 929 100 1131 200 922 300 547 400
1032 0 5 1126 0 941 100 834 200 882 300 1163 400
1033 0 5 972 0 926 100 382 200 1193 300 231 400
1034 0 5 1076 0 570 100 808 200 1219 300 1111 400
1035 0 5 1139 0 791 100 551 200 821 300 833 400
1036 0 5 1333 0 1136 100 640 200 397 300 1097 400
1037 0 5 1181 0 386 100 343 200 1190 300 1017 400
1038 0 5 535 0 854 100 82 200 647 300 866 400
1039 0 5 886 0 204 100 38 200 855 300 397 400
1040 0 5 509 0 1321 100 1133 200 1384 300 448 400
1041 0 5 194 0 1385 100 835 200 560 300 92 400
1042 0 5 1361 0 873 100 1487 200 1079 300 1310 400
1043 0 5 247 0 1354 100 64 200 910 300 1235 400
1044 0 5 347 0 1285 100 269 200 341 300 848 400
1045 0 5 674 0 1220 100 1405 200 437 300 601 400
1046 0 5 863 0 726 100 762 200 992 300 525 400
1047 0 5 868 0 1426 100 517 200 1055 300 233 400
1048 0 5 1198 0 620 100 1192 200 1371 300 635 400
1049 0 5 750 0 1167 100 824 200 250 300 885 400
1050 0 5 887 0 1471 100 715 200 129 300 398 400
1051 0 5 1099 0 660 100 236 200 3 300 696 400
1052 0 5 1380 0 952 100 361 200 1271 300 1488 400
1053 0 5 87 0 1268 100 546 200 159 300 53 400
1054 0 5 1301 0 823 100 1378 200 1228 300 81 400
1055 0 5 1134 0 1426 100 1132 200 1047 300 352 400
1056 0 5 1126 0 902 100 1057 200 1439 300 966 400
1057 0 5 891 0 1109 100 499 200 1056 300 902 400
1058 0 5 613 0 610 100 637 200 327 300 1278 400
1059 0 5 1459 0 1368 100 1410 200 206 300 849 400
1060 0 5 314 0 654 100 544 200 842 300 681 400
1061 0 5 1293 0 1417 100 794 200 1138 300 612 400
1062 0 5 1485 0 1243 100 84 200 777 300 186 400
1063 0 5 850 0 907 100 367 200 695 300 749 400
1064 0 5 702 0 327 100 610 200 749 300 695 400
1065 0 5 234 0 954 100 54 200 725 300 1347 400
1066 0 5 40 0 337 100 1165 200 956 300 1276 400
1067 0 5 1428 0 1454 100 823 200 1254 300 1015 400
1068 0 5 277 0 720 100 965 200 170 300 686 400
1069 0 5 283 0 665 100 332 200 123 300 826 400
1070 0 5 283 0 123 100 352 200 1069 300 85 400
1071 0 5 1128 0 121 100 336 200 209 300 675 400
1072 0 5 302 0 1290 100 8 200 259 300 1296 400
1073 0 5 75 0 30 100 51 200 1121 300 1293 400
1074 0 5 495 0 90 100 410 200 953 300 1030 400
1075 0 5 946 0 1369 100 1424 200 1028 300 657 400
1076 0 5 197 0 1034 100 570 200 406 300 1014 400
1077 0 5 363 0 920 100 1306 200 1332 300 811 400
1078 0 5 585 0 1329 100 1483 200 31 300 675 400
1079 0 5 35 0 1108 100 1042 200 1266 300 1487 400
1080 0 5 160 0 816 100 241 200 1460 300 496 400
1081 0 5 832 0 451 100 689 200 845 300 694 400
1082 0 5 1105 0 769 100 638 200 1187 300 671 400
1083 0 5 230 0 1382 100 1000 200 707 300 323 400
1084 0 5 93 0 586 100 1462 200 24 300 583 400
1085 0 5 148 0 908 100 81 200 1213 300 1378 400
1086 0 5 633 0 644 100 913 200 825 300 269 400
1087 0 5 392 0 1462 100 573 200 93 300 859 400
1088 0 5 1250 0 456 100 449 200 1014 300 792 400
1089 0 5 454 0 46 100 843 200 695 300 1196 400
1090 0 5 481 0 316 100 587 200 471 300 156 400
1091 0 5 1238 0 1125 100 95 200 455 300 877 400
1092 0 5 1317 0 1316 100 244 200 597 300 415 400
1093 0 5 1200 0 743 100 508 200 616 300 1156 400
1094 0 5 1469 0 604 100 921 200 1162 300 733 400
1095 0 5 889 0 1286 100 1255 200 1367 300 1019 400
1096 0 5 1353 0 880 100 946 200 1125 300 17 400
1097 0 5 640 0 257 100 1318 200 1397 300 1036 400
1098 0 5 366 0 337 100 1259 200 1276 300 571 400
1099 0 5 1051 0 75 100 1121 200 660 300 1277 400
1100 0 5 1341 0 1009 100 600 200 995 300 1253 400
1101 0 5 206 0 671 100 1105 200 1461 300 769 400
1102 0 5 1475 0 1114 100 960 200 171 300 957 400
1103 0 5 1344 0 625 100 703 200 923 300 372 400
1104 0 5 116 0 176 100 1371 200 1302 300 1408 400
1105 0 5 769 0 671 100 1082 200 1101 300 686 400
1106 0 5 1183 0 349 100 1254 200 739 300 477 400
1107 0 5 1290 0 259 100 1406 200 1222 300 1435 400
1108 0 5 338 0 1079 100 287 200 1487 300 35 400
1109 0 5 1429 0 1222 100 891 200 1057 300 1163 400
1110 0 5 1352 0 1200 100 478 200 1123 300 1226 400
1111 0 5 162 0 808 100 197 200 1034 300 210 400
1112 0 5 373 0 26 100 900 200 933 300 568 400
1113 0 5 1253 0 1195 100 600 200 699 300 1100 400
1114 0 5 960 0 957 100 1102 200 999 300 424 400
1115 0 5 503 0 875 100 58 200 1179 300 460 400
1116 0 5 805 0 1409 100 1437 200 124 300 893 400
1117 0 5 626 0 497 100 63 200 152 300 727 400
1118 0 5 876 0 1251 100 999 200 163 300 96 400
1119 0 5 1279 0 924 100 177 200 43 300 294 400
1120 0 5 993 0 895 100 550 200 1141 300 541 400
1121 0 5 188 0 1099 100 1073 200 894 300 1021 400
1122 0 5 997 0 922 100 71 200 1141 300 1189 400
1123 0 5 274 0 91 100 1352 200 1226 300 1110 400
1124 0 5 328 0 546 100 317 200 124 300 315 400
1125 0 5 455 0 1091 100 1414 200 1238 300 1248 400
1126 0 5 1056 0 1032 100 941 200 1439 300 1057 400
1127 0 5 424 0 96 100 1345 200 1017 300 182 400
1128 0 5 209 0 1071 100 549 200 336 300 783 400
1129 0 5 55 0 928 100 582 200 530 300 1465 400
1130 0 5 1287 0 629 100 1241 200 385 300 676 400
1131 0 5 145 0 881 100 1031 200 122 300 770 400
1132 0 5 179 0 1055 100 353 200 1426 300 606 400
1133 0 5 1197 0 1348 100 961 200 1040 300 29 400
1134 0 5 1055 0 522 100 1426 200 1169 300 352 400
1135 0 5 390 0 1337 100 165 200 781 300 1430 400
1136 0 5 1269 0 640 100 1036 200 1318 300 1272 400
1137 0 5 246 0 1487 100 1361 200 240 300 187 400
1138 0 5 1417 0 794 100 1061 200 303 300 1402 400
1139 0 5 1035 0 643 100 551 200 791 300 1223 400
1140 0 5 258 0 319 100 759 200 192 300 267 400
1141 0 5 71 0 202 100 158 200 922 300 1120 400
1142 0 5 146 0 196 100 447 200 698 300 1377 400
1143 0 5 175 0 560 100 1335 200 512 300 330 400
1144 0 5 52 0 700 100 786 200 110 300 724 400
1145 0 5 1421 0 1219 100 808 200 425 300 164 400
1146 0 5 447 0 62 100 1447 200 146 300 429 400
1147 0 5 672 0 925 100 594 200 1194 300 1413 400
1148 0 5 1435 0 1288 100 879 200 215 300 1406 400
1149 0 5 434 0 982 100 1302 200 1173 300 1415 400
1150 0 5 705 0 1495 100 1170 200 358 300 1274 400
1151 0 5 310 0 205 100 1359 200 130 300 524 400
1152 0 5 1483 0 1329 100 886 200 730 300 1443 400
1153 0 5 5 0 211 100 864 200 372 300 703 400
1154 0 5 533 0 898 100 1469 200 401 300 559 400
1155 0 5 444 0 225 100 718 200 627 300 537 400
1156 0 5 935 0 1419 100 423 200 853 300 526 400
1157 0 5 1297 0 1185 100 480 200 11 300 692 400
1158 0 5 659 0 107 100 1180 200 195 300 411 400
1159 0 5 208 0 876 100 163 200 340 300 1118 400
1160 0 5 375 0 65 100 977 200 254 300 1272 400
1161 0 5 101 0 890 100 135 200 458 300 978 400
1162 0 5 275 0 127 100 1469 200 921 300 1094 400
1163 0 5 1429 0 882 100 1032 200 302 300 259 400
1164 0 5 618 0 1248 100 647 200 599 300 854 400
1165 0 5 76 0 173 100 1066 200 40 300 1389 400
1166 0 5 1334 0 177 100 342 200 816 300 1119 400
1167 0 5 1207 0 1049 100 824 200 750 300 213 400
1168 0 5 1256 0 1448 100 1229 200 522 300 1169 400
1169 0 5 522 0 97 100 85 200 1168 300 494 400
1170 0 5 1466 0 249 100 1212 200 1150 300 1495 400
1171 0 5 1379 0 472 100 162 200 1364 300 406 400
1172 0 5 1260 0 270 100 328 200 1484 300 893 400
1173 0 5 434 0 1302 100 1415 200 1149 300 501 400
1174 0 5 949 0 899 100 806 200 1408 300 1254 400
1175 0 5 1217 0 69 100 626 200 1354 300 217 400
1176 0 5 1005 0 167 100 791 200 821 300 450 400
1177 0 5 1303 0 189 100 799 200 404 300 490 400
1178 0 5 564 0 245 100 329 200 638 300 861 400
1179 0 5 673 0 184 100 460 200 1115 300 1456 400
1180 0 5 785 0 1394 100 1158 200 659 300 1444 400
1181 0 5 994 0 1037 100 1345 200 386 300 1017 400
1182 0 5 531 0 416 100 473 200 746 300 49 400
1183 0 5 1106 0 477 100 349 200 358 300 823 400
1184 0 5 15 0 1464 100 429 200 140 300 711 400
1185 0 5 1383 0 1157 100 1489 200 692 300 235 400
1186 0 5 1027 0 1298 100 760 200 555 300 1363 400
1187 0 5 852 0 671 100 1082 200 329 300 638 400
1188 0 5 681 0 451 100 487 200 654 300 832 400
1189 0 5 997 0 606 100 179 200 1031 300 517 400
1190 0 5 306 0 126 100 1037 200 343 300 1341 400
1191 0 5 1322 0 1379 100 341 200 472 300 214 400
1192 0 5 552 0 1048 100 432 200 1371 300 635 400
1193 0 5 510 0 1216 100 382 200 1033 300 109 400
1194 0 5 925 0 1006 100 636 200 915 300 1147 400
1195 0 5 1113 0 214 100 1253 200 1284 300 341 400
1196 0 5 695 0 46 100 932 200 862 300 1089 400
1197 0 5 1133 0 1348 100 29 200 288 300 514 400
1198 0 5 927 0 620 100 1048 200 154 300 562 400
1199 0 5 7 0 1411 100 119 200 851 300 77 400
1200 0 5 1093 0 508 100 1110 200 1226 300 1123 400
1201 0 5 248 0 751 100 638 200 1178 300 1082 400
1202 0 5 289 0 157 100 345 200 840 300 183 400
1203 0 5 530 0 981 100 400 200 756 300 1493 400
1204 0 5 1398 0 521 100 721 200 369 300 325 400
1205 0 5 1279 0 241 100 496 200 924 300 869 400
1206 0 5 1295 0 768 100 125 200 309 300 682 400
1207 0 5 1167 0 213 100 23 200 250 300 440 400
1208 0 5 1301 0 1228 100 691 200 1378 300 1054 400
1209 0 5 1404 0 371 100 718 200 664 300 936 400
1210 0 5 216 0 918 100 767 200 1383 300 967 400
1211 0 5 807 0 809 100 1413 200 1451 300 738 400
1212 0 5 1274 0 1488 100 1170 200 361 300 249 400
1213 0 5 908 0 767 100 1085 200 1454 300 823 400
1214 0 5 335 0 1255 100 318 200 889 300 109 400
1215 0 5 1376 0 589 100 878 200 520 300 256 400
1216 0 5 109 0 1193 100 510 200 1370 300 427 400
1217 0 5 1175 0 217 100 771 200 626 300 1354 400
1218 0 5 1239 0 1467 100 594 200 1458 300 1523 400
1219 0 5 577 0 1145 100 808 200 164 300 1034 400
1220 0 5 1045 0 676 100 1405 200 724 300 674 400
1221 0 5 300 0 1307 100 48 200 1016 300 679 400
1222 0 5 1109 0 788 100 891 200 1107 300 1281 400
1223 0 5 962 0 551 100 643 200 833 300 1139 400
1224 0 5 308 0 740 100 847 200 1379 300 1233 400
1225 0 5 260 0 143 100 933 200 68 300 1261 400
1226 0 5 508 0 1200 100 492 200 1123 300 1110 400
1227 0 5 974 0 1409 100 78 200 959 300 605 400
1228 0 5 1208 0 823 100 504 200 477 300 1054 400
1229 0 5 1448 0 868 100 1168 200 1256 300 19 400
1230 0 5 581 0 888 100 1453 200 548 300 1393 400
1231 0 5 1416 0 1280 100 153 200 761 300 1375 400
1232 0 5 92 0 1504 100 1503 200 512 300 242 400
1233 0 5 357 0 1240 100 280 200 740 300 912 400
1234 0 5 795 0 290 100 350 200 9 300 863 400
1235 0 5 910 0 1018 100 359 200 1442 300 273 400
1236 0 5 548 0 98 100 1262 200 485 300 543 400
1237 0 5 913 0 1285 100 848 200 197 300 1044 400
1238 0 5 1025 0 1091 100 971 200 95 300 1414 400
1239 0 5 1218 0 1467 100 242 200 1510 300 1509 400
1240 0 5 614 0 1233 100 190 200 280 300 357 400
1241 0 5 212 0 1287 100 1130 200 572 300 1320 400
1242 0 5 728 0 963 100 722 200 1328 300 518 400
1243 0 5 1062 0 1485 100 459 200 268 300 1289 400
1244 0 5 301 0 782 100 651 200 324 300 1020 400
1245 0 5 828 0 1330 100 549 200 956 300 76 400
1246 0 5 688 0 927 100 1302 200 572 300 620 400
1247 0 5 241 0 496 100 1205 200 1080 300 1460 400
1248 0 5 1164 0 1414 100 455 200 1125 300 647 400
1249 0 5 1434 0 115 100 39 200 1280 300 342 400
1250 0 5 1088 0 449 100 1024 200 792 300 377 400
1251 0 5 96 0 424 100 1118 200 999 300 1127 400
1252 0 5 872 0 864 100 5 200 491 300 368 400
1253 0 5 1113 0 699 100 600 200 1195 300 1100 400
1254 0 5 899 0 806 100 1428 200 1067 300 823 400
1255 0 5 889 0 1214 100 1367 200 294 300 1095 400
1256 0 5 773 0 1168 100 1448 200 1351 300 1229 400
1257 0 5 365 0 25 100 598 200 565 300 445 400
1258 0 5 580 0 833 100 45 200 102 300 1432 400
1259 0 5 603 0 1455 100 376 200 706 300 366 400
1260 0 5 1172 0 1484 100 246 200 270 300 187 400
1261 0 5 813 0 1265 100 2 200 249 300 762 400
1262 0 5 16 0 357 100 1236 200 98 300 548 400
1263 0 5 299 0 348 100 608 200 506 300 1358 400
1264 0 5 714 0 54 100 56 200 67 300 990 400
1265 0 5 525 0 1261 100 900 200 813 300 726 400
1266 0 5 35 0 607 100 1079 200 129 300 120 400
1267 0 5 688 0 501 100 1287 200 1246 300 1241 400
1268 0 5 734 0 380 100 1053 200 315 300 1002 400
1269 0 5 1318 0 17 100 1136 200 1397 300 880 400
1270 0 5 375 0 1448 100 1028 200 1351 300 65 400
1271 0 5 952 0 68 100 578 200 1052 300 222 400
1272 0 5 1136 0 1160 100 257 200 1097 300 375 400
1273 0 5 59 0 307 100 870 200 713 300 443 400
1274 0 5 1423 0 1212 100 1488 200 1150 300 361 400
1275 0 5 265 0 483 100 578 200 573 300 271 400
1276 0 5 1455 0 892 100 1330 200 1259 300 956 400
1277 0 5 667 0 894 100 941 200 1121 300 1099 400
1278 0 5 1473 0 637 100 1058 200 764 300 784 400
1279 0 5 1119 0 1205 100 924 200 1460 300 177 400
1280 0 5 342 0 1231 100 1434 200 1375 300 816 400
1281 0 5 1388 0 796 100 1381 200 1320 300 1222 400
1282 0 5 928 0 1129 100 55 200 917 300 408 400
1283 0 5 78 0 476 100 121 200 1501 300 585 400
1284 0 5 1400 0 269 100 1195 200 644 300 218 400
1285 0 5 1237 0 1044 100 347 200 913 300 269 400
1286 0 5 1019 0 1095 100 1255 200 1214 300 1216 400
1287 0 5 1130 0 1241 100 1267 200 57 300 501 400
1288 0 5 215 0 948 100 1148 200 470 300 1072 400
1289 0 5 268 0 1389 100 459 200 1243 300 173 400
1290 0 5 259 0 1107 100 1072 200 302 300 1435 400
1291 0 5 133 0 971 100 420 200 1362 300 1025 400
1292 0 5 523 0 405 100 884 200 225 300 937 400
1293 0 5 1061 0 51 100 1073 200 37 300 794 400
1294 0 5 904 0 556 100 369 200 1398 300 575 400
1295 0 5 1382 0 768 100 1206 200 844 300 309 400
1296 0 5 8 0 111 100 1072 200 470 300 882 400
1297 0 5 480 0 1157 100 1185 200 692 300 1454 400
1298 0 5 1186 0 760 100 412 200 403 300 363 400
1299 0 5 992 0 26 100 726 200 9 300 1234 400
1300 0 5 52 0 253 100 867 200 593 300 383 400
1301 0 5 1054 0 1208 100 1228 200 1378 300 823 400
1302 0 5 1173 0 1246 100 1048 200 1149 300 1371 400
1303 0 5 1177 0 490 100 799 200 189 300 544 400
1304 0 5 34 0 104 100 137 200 983 300 172 400
1305 0 5 18 0 1470 100 201 200 114 300 619 400
1306 0 5 811 0 363 100 1077 200 760 300 622 400
1307 0 5 48 0 1221 100 1016 200 1449 300 934 400
1308 0 5 634 0 1498 100 541 200 292 300 669 400
1309 0 5 978 0 628 100 1430 200 1337 300 710 400
1310 0 5 14 0 970 100 1481 200 1440 300 1042 400
1311 0 5 594 0 512 100 672 200 242 300 1218 400
1312 0 5 464 0 668 100 250 200 742 300 39 400
1313 0 5 475 0 935 100 1156 200 423 300 984 400
1314 0 5 1319 0 132 100 1480 200 655 300 511 400
1315 0 5 1375 0 227 100 153 200 1280 300 1416 400
1316 0 5 331 0 557 100 1092 200 205 300 73 400
1317 0 5 809 0 1092 100 597 200 117 300 774 400
1318 0 5 1269 0 1397 100 1097 200 1136 300 640 400
1319 0 5 1486 0 132 100 1356 200 655 300 1314 400
1320 0 5 871 0 1324 100 572 200 212 300 1381 400
1321 0 5 1384 0 1040 100 509 200 448 300 1438 400
1322 0 5 1191 0 847 100 732 200 214 300 1009 400
1323 0 5 394 0 905 100 1479 200 203 300 502 400
1324 0 5 796 0 1320 100 788 200 1381 300 134 400
1325 0 5 1501 0 615 100 1445 200 1407 300 585 400
1326 0 5 1420 0 579 100 112 200 1340 300 94 400
1327 0 5 966 0 152 100 70 200 902 300 1439 400
1328 0 5 963 0 722 100 1242 200 719 300 1422 400
1329 0 5 1483 0 1078 100 1152 200 31 300 567 400
1330 0 5 1245 0 892 100 828 200 1276 300 956 400
1331 0 5 500 0 417 100 569 200 419 300 55 400
1332 0 5 1418 0 363 100 1077 200 380 300 920 400
1333 0 5 397 0 1036 100 1136 200 892 300 204 400
1334 0 5 1166 0 342 100 23 200 1280 300 177 400
1335 0 5 175 0 330 100 1143 200 239 300 1413 400
1336 0 5 409 0 507 100 56 200 1450 300 172 400
1337 0 5 165 0 1135 100 1430 200 1309 300 741 400
1338 0 5 623 0 869 100 709 200 1367 300 1255 400
1339 0 5 360 0 896 100 245 200 163 300 861 400
1340 0 5 112 0 579 100 791 200 793 300 1326 400
1341 0 5 1100 0 306 100 474 200 600 300 126 400
1342 0 5 355 0 222 100 903 200 952 300 578 400
1343 0 5 218 0 326 100 697 200 452 300 1400 400
1344 0 5 1103 0 372 100 703 200 923 300 625 400
1345 0 5 984 0 96 100 1017 200 1127 300 994 400
1346 0 5 1029 0 318 100 374 200 109 300 1188 400
1347 0 5 37 0 443 100 1417 200 1065 300 954 400
1348 0 5 1197 0 1133 100 430 200 288 300 1384 400
1349 0 5 1463 0 646 100 20 200 1401 300 961 400
1350 0 5 436 0 873 100 588 200 14 300 1042 400
1351 0 5 773 0 1028 100 65 200 1256 300 128 400
1352 0 5 765 0 1110 100 1123 200 804 300 897 400
1353 0 5 263 0 1096 100 880 200 528 300 1372 400
1354 0 5 303 0 1043 100 217 200 334 300 1175 400
1355 0 5 460 0 264 100 673 200 1179 300 998 400
1356 0 5 723 0 1427 100 515 200 865 300 1319 400
1357 0 5 843 0 231 100 192 200 258 300 907 400
1358 0 5 608 0 300 100 679 200 1392 300 1263 400
1359 0 5 130 0 524 100 1151 200 1211 300 536 400
1360 0 5 936 0 371 100 945 200 296 300 67 400
1361 0 5 1042 0 1487 100 873 200 1137 300 1350 400
1362 0 5 877 0 133 100 849 200 293 300 420 400
1363 0 5 642 0 1027 100 403 200 745 300 1298 400
1364 0 5 820 0 190 100 280 200 162 300 1171 400
1365 0 5 867 0 788 100 810 200 253 300 385 400
1366 0 5 403 0 976 100 412 200 72 300 53 400
1367 0 5 623 0 924 100 1255 200 1338 300 294 400
1368 0 5 1059 0 996 100 849 200 1410 300 221 400
1369 0 5 632 0 657 100 354 200 1075 300 65 400
1370 0 5 27 0 427 100 1216 200 510 300 554 400
1371 0 5 396 0 552 100 1048 200 1104 300 1302 400
1372 0 5 528 0 263 100 142 200 880 300 89 400
1373 0 5 656 0 1433 100 262 200 622 300 286 400
1374 0 5 211 0 372 100 923 200 703 300 1103 400
1375 0 5 1315 0 153 100 1280 200 1231 300 227 400
1376 0 5 1215 0 520 100 778 200 281 300 256 400
1377 0 5 519 0 447 100 196 200 1142 300 1453 400
1378 0 5 81 0 148 100 1054 200 1208 300 1301 400
1379 0 5 1171 0 1191 100 280 200 912 300 308 400
1380 0 5 1052 0 2 100 361 200 249 300 260 400
1381 0 5 796 0 1500 100 1281 200 562 300 1320 400
1382 0 5 844 0 1295 100 1083 200 323 300 768 400
1383 0 5 1185 0 235 100 967 200 1454 300 767 400
1384 0 5 1438 0 1321 100 1040 200 1348 300 1133 400
1385 0 5 560 0 1041 100 835 200 92 300 1232 400
1386 0 5 783 0 173 100 1494 200 549 300 1243 400
1387 0 5 485 0 198 100 379 200 210 300 614 400
1388 0 5 1281 0 1457 100 1500 200 1381 300 729 400
1389 0 5 1289 0 268 100 459 200 173 300 1165 400
1390 0 5 232 0 44 100 465 200 842 300 800 400
1391 0 5 321 0 381 100 220 200 144 300 238 400
1392 0 5 378 0 531 100 746 200 1358 300 300 400
1393 0 5 1420 0 888 100 543 200 94 300 98 400
1394 0 5 659 0 411 100 1180 200 1444 300 1158 400
1395 0 5 313 0 169 100 229 200 1415 300 57 400
1396 0 5 690 0 238 100 220 200 144 300 21 400
1397 0 5 977 0 1318 100 1097 200 1269 300 17 400
1398 0 5 575 0 1204 100 904 200 521 300 1294 400
1399 0 5 940 0 399 100 491 200 554 300 367 400
1400 0 5 224 0 1284 100 218 200 1343 300 697 400
1401 0 5 697 0 171 100 448 200 1475 300 1102 400
1402 0 5 713 0 693 100 736 200 1138 300 359 400
1403 0 5 1411 0 77 100 97 200 1199 300 851 400
1404 0 5 574 0 1209 100 718 200 113 300 371 400
1405 0 5 724 0 1007 100 1220 200 676 300 1045 400
1406 0 5 1474 0 1435 100 1107 200 879 300 1148 400
1407 0 5 615 0 677 100 1325 200 730 300 80 400
1408 0 5 737 0 1015 100 802 200 116 300 1174 400
1409 0 5 1227 0 1116 100 1437 200 974 300 911 400
1410 0 5 422 0 1059 100 1368 200 706 300 1459 400
1411 0 5 851 0 1199 100 85 200 1403 300 97 400
1412 0 5 642 0 753 100 1027 200 949 300 806 400
1413 0 5 1451 0 330 100 807 200 1335 300 1211 400
1414 0 5 971 0 1125 100 919 200 1248 300 1238 400
1415 0 5 434 0 1173 100 1395 200 501 300 982 400
1416 0 5 153 0 1231 100 761 200 227 300 619 400
1417 0 5 1138 0 1061 100 443 200 1347 300 37 400
1418 0 5 1332 0 412 100 1298 200 760 300 363 400
1419 0 5 478 0 1156 100 423 200 340 300 1110 400
1420 0 5 1326 0 1393 100 643 200 94 300 579 400
1421 0 5 196 0 1145 100 698 200 566 300 425 400
1422 0 5 776 0 1496 100 719 200 722 300 746 400
1423 0 5 1274 0 438 100 903 200 705 300 222 400
1424 0 5 254 0 977 100 946 200 17 300 65 400
1425 0 5 1495 0 504 100 691 200 1466 300 944 400
1426 0 5 1055 0 353 100 606 200 1047 300 517 400
1427 0 5 515 0 1356 100 723 200 773 300 865 400
1428 0 5 1067 0 466 100 11 200 1254 300 1015 400
1429 0 5 1109 0 1163 100 259 200 1222 300 1057 400
1430 0 5 1337 0 82 100 1309 200 710 300 1135 400
1431 0 5 288 0 874 100 914 200 430 300 133 400
1432 0 5 821 0 193 100 450 200 833 300 1258 400
1433 0 5 622 0 304 100 286 200 1373 300 648 400
1434 0 5 1249 0 1280 100 1231 200 342 300 39 400
1435 0 5 1148 0 1406 100 879 200 1107 300 1474 400
1436 0 5 596 0 926 100 399 200 1399 300 231 400
1437 0 5 298 0 1116 100 1409 200 124 300 805 400
1438 0 5 1384 0 74 100 133 200 1321 300 964 400
1439 0 5 941 0 894 100 70 200 1126 300 1021 400
1440 0 5 970 0 271 100 1481 200 24 300 1310 400
1441 0 5 72 0 745 100 394 200 905 300 973 400
1442 0 5 1018 0 125 100 1452 200 1235 300 682 400
1443 0 5 730 0 83 100 855 200 495 300 677 400
1444 0 5 411 0 1394 100 580 200 1180 300 102 400
1445 0 5 615 0 895 100 1325 200 10 300 911 400
1446 0 5 612 0 771 100 794 200 217 300 1061 400
1447 0 5 598 0 429 100 1146 200 1464 300 716 400
1448 0 5 1270 0 1229 100 1256 200 1168 300 1351 400
1449 0 5 6 0 1022 100 934 200 1307 300 1484 400
1450 0 5 507 0 289 100 67 200 56 300 1336 400
1451 0 5 915 0 1413 100 738 200 1211 300 925 400
1452 0 5 682 0 736 100 359 200 1442 300 1235 400
1453 0 5 581 0 519 100 94 200 1230 300 447 400
1454 0 5 767 0 1067 100 1383 200 1213 300 1157 400
1455 0 5 1276 0 838 100 1259 200 892 300 603 400
1456 0 5 262 0 648 100 656 200 1179 300 184 400
1457 0 5 1492 0 1388 100 729 200 879 300 1281 400
1458 0 5 1467 0 636 100 1218 200 106 300 594 400
1459 0 5 293 0 206 100 1059 200 1410 300 849 400
1460 0 5 496 0 344 100 816 200 1080 300 1205 400
1461 0 5 841 0 422 100 200 200 1101 300 1410 400
1462 0 5 93 0 1087 100 1084 200 859 300 573 400
1463 0 5 1349 0 20 100 171 200 1401 300 646 400
1464 0 5 15 0 1184 100 174 200 429 300 598 400
1465 0 5 156 0 346 100 1129 200 582 300 779 400
1466 0 5 944 0 1170 100 798 200 1425 300 1495 400
1467 0 5 1239 0 1458 100 1218 200 817 300 106 400
1468 0 5 988 0 194 100 42 200 92 300 1232 400
1469 0 5 1094 0 1162 100 1154 200 127 300 559 400
1470 0 5 201 0 1305 100 846 200 18 300 393 400
1471 0 5 1050 0 129 100 744 200 297 300 384 400
1472 0 5 731 0 639 100 901 200 921 300 275 400
1473 0 5 1278 0 764 100 637 200 784 300 853 400
1474 0 5 1406 0 1492 100 879 200 1388 300 1281 400
1475 0 5 1102 0 226 100 1401 200 697 300 171 400
1476 0 5 999 0 163 100 896 200 1118 300 1251 400
1477 0 5 1229 0 19 100 1168 200 1134 300 522 400
1478 0 5 703 0 749 100 923 200 367 300 687 400
1479 0 5 502 0 1323 100 590 200 1254 300 394 400
1480 0 5 535 0 1486 100 866 200 1319 300 618 400
1481 0 5 271 0 1310 100 1440 200 14 300 355 400
1482 0 5 43 0 23 100 440 200 294 300 213 400
1483 0 5 1329 0 567 100 1152 200 1078 300 730 400
1484 0 5 1016 0 1260 100 6 200 187 300 1449 400
1485 0 5 1062 0 84 100 1243 200 777 300 186 400
1486 0 5 1319 0 1480 100 655 200 1356 300 865 400
1487 0 5 1361 0 1137 100 1042 200 1108 300 1079 400
1488 0 5 361 0 1212 100 1274 200 1052 300 222 400
1489 0 5 763 0 692 100 737 200 1185 300 1015 400
1490 0 5 759 0 803 100 1177 200 404 300 965 400
1491 0 5 1513 0 1514 100 909 200 251 300 97 400
1492 0 5 1457 0 1474 100 879 200 729 300 735 400
1493 0 5 981 0 486 100 414 200 400 300 1203 400
1494 0 5 777 0 1386 100 783 200 556 300 84 400
1495 0 5 1425 0 1150 100 504 200 358 300 1170 400
1496 0 5 1422 0 776 100 772 200 155 300 742 400
1497 0 5 322 0 1030 100 410 200 839 300 868 400
1498 0 5 669 0 1308 100 634 200 678 300 202 400
1499 0 5 1012 0 1507 100 1506 200 77 300 228 400
1500 0 5 729 0 1381 100 1388 200 562 300 620 400
1501 0 5 1325 0 911 100 585 200 1445 300 1283 400
1502 0 5 228 0 242 100 453 200 909 300 569 400
1503 0 5 242 0 1232 100 453 200 909 300 569 400
1504 0 5 1232 0 649 100 453 200 909 300 569 400
1505 0 5 42 0 649 100 453 200 909 300 569 400
1506 0 5 1499 0 42 100 453 200 909 300 569 400
1507 0 5 1499 0 937 100 453 200 909 300 569 400
1508 0 5 251 0 937 100 453 200 909 300 569 400
1509 0 5 251 0 1239 100 453 200 909 300 569 400
1510 0 5 1239 0 523 100 453 200 909 300 569 400
1511 0 5 66 0 523 100 453 200 909 300 569 400
1512 0 5 66 0 537 100 453 200 909 300 569 400
1513 0 5 1491 0 537 100 453 200 909 300 569 400
1514 0 5 1491 0 1012 100 453 200 909 300 569 400
1515 0 5 1012 0 468 100 453 200 909 300 569 400
1516 0 5 77 0 468 100 453 200 909 300 569 400
1517 0 5 77 0 92 100 453 200 909 300 569 400
1518 0 5 92 0 453 100 909 200 569 300 817 400
1519 0 5 512 0 453 100 909 200 569 300 817 400
1520 0 5 512 0 453 100 988 200 909 300 569 400
1521 0 5 611 0 988 100 453 200 909 300 569 400
1522 0 5 611 0 1218 100 453 200 909 300 569 400
1523 0 5 930 0 1218 100 453 200 909 300 569 400
1524 0 5 930 0 225 100 453 200 909 300 569 400
1525 0 5 99 0 225 100 453 200 909 300 569 400
1526 0 5 99 0 7 100 453 200 909 300 569 400
1527 0 5 1311 0 7 100 453 200 909 300 569 400
1528 0 5 1403 0 1311 100 453 200 909 300 569 400
1529 0 5 1403 0 627 100 453 200 909 300 569 400
1530 0 5 627 0 755 100 453 200 909 300 569 400
1531 0 5 494 0 755 100 453 200 909 300 569 400
1532 0 5 494 0 453 100 909 200 569 300 817 400
1533 0 5 119 0 453 100 909 200 569 300 817 400
1534 0 5 119 0 453 100 909 200 569 300 817 400
1535 0 5 453 0 79 100 909 200 569 300 817 400
1536 0 5 79 0 453 100 909 200 1199 300 569 400
1537 0 5 453 0 1155 100 1199 200 909 300 569 400
1538 0 5 453 0 1155 100 909 200 569 300 356 400
1539 0 5 97 0 453 100 909 200 569 300 817 400
1540 0 5 701 0 453 100 97 200 909 300 356 400
-1
EOF
