1539
1 0 5 1236 0 1159 100 589 200 665 300 936 400
2 0 5 1298 0 1460 100 503 200 75 300 1024 400
3 0 5 482 0 426 100 1183 200 1246 300 579 400
4 0 5 16 0 471 100 1369 200 1289 300 95 400
5 0 5 454 0 993 100 486 200 1089 300 867 400
6 0 5 825 0 1034 100 494 200 914 300 617 400
7 0 5 1327 0 941 100 1379 200 723 300 562 400
8 0 5 244 0 1140 100 1294 200 915 300 459 400
9 0 5 1085 0 444 100 1474 200 1417 300 1268 400
10 0 5 1093 0 1510 100 1509 200 65 300 979 400
11 0 5 1228 0 757 100 204 200 800 300 485 400
12 0 5 139 0 1381 100 330 200 761 300 800 400
13 0 5 920 0 979 100 1005 200 974 300 1117 400
14 0 5 985 0 279 100 367 200 686 300 773 400
15 0 5 1264 0 926 100 581 200 702 300 47 400
16 0 5 1301 0 1153 100 4 200 471 300 95 400
17 0 5 654 0 319 100 567 200 748 300 361 400
18 0 5 194 0 133 100 96 200 583 300 838 400
19 0 5 966 0 182 100 642 200 1248 300 1319 400
20 0 5 301 0 666 100 180 200 680 300 583 400
21 0 5 1069 0 252 100 170 200 1150 300 140 400
22 0 5 417 0 81 100 262 200 566 300 1407 400
23 0 5 1198 0 1356 100 896 200 625 300 1437 400
24 0 5 695 0 67 100 1021 200 603 300 1137 400
25 0 5 860 0 735 100 294 200 97 300 280 400
26 0 5 964 0 1374 100 468 200 1281 300 1035 400
27 0 5 187 0 1096 100 1426 200 1195 300 104 400
28 0 5 427 0 1004 100 857 200 589 300 245 400
29 0 5 276 0 296 100 1439 200 1376 300 776 400
30 0 5 678 0 291 100 154 200 641 300 1490 400
31 0 5 591 0 237 100 555 200 1133 300 710 400
32 0 5 980 0 745 100 991 200 167 300 609 400
33 0 5 604 0 173 100 380 200 1015 300 348 400
34 0 5 201 0 465 100 647 200 1091 300 1388 400
35 0 5 917 0 564 100 1406 200 1152 300 406 400
36 0 5 46 0 251 100 1081 200 817 300 726 400
37 0 5 1324 0 1170 100 496 200 1337 300 1100 400
38 0 5 281 0 628 100 757 200 1383 300 529 400
39 0 5 1423 0 382 100 1375 200 130 300 582 400
40 0 5 510 0 1213 100 485 200 1380 300 481 400
41 0 5 345 0 1222 100 595 200 982 300 79 400
42 0 5 539 0 632 100 565 200 209 300 226 400
43 0 5 1271 0 607 100 423 200 702 300 1332 400
44 0 5 1469 0 755 100 1180 200 109 300 1359 400
45 0 5 207 0 1257 100 1249 200 1372 300 69 400
46 0 5 1081 0 251 100 36 200 1367 300 306 400
47 0 5 497 0 1264 100 581 200 1003 300 107 400
48 0 5 1290 0 806 100 631 200 675 300 261 400
49 0 5 683 0 1073 100 1123 200 751 300 963 400
50 0 5 1010 0 640 100 233 200 348 300 380 400
51 0 5 597 0 1143 100 778 200 381 300 272 400
52 0 5 418 0 1009 100 1138 200 1313 300 975 400
53 0 5 306 0 1367 100 327 200 699 300 1081 400
54 0 5 179 0 1003 100 1071 200 530 300 1431 400
55 0 5 69 0 193 100 793 200 1249 300 575 400
56 0 5 618 0 162 100 314 200 212 300 599 400
57 0 5 1178 0 240 100 1239 200 1060 300 461 400
58 0 5 405 0 217 100 1057 200 630 300 1176 400
59 0 5 1481 0 698 100 721 200 78 300 895 400
60 0 5 990 0 1456 100 514 200 122 300 268 400
61 0 5 1246 0 713 100 1139 200 311 300 746 400
62 0 5 73 0 889 100 1027 200 1463 300 910 400
63 0 5 424 0 573 100 114 200 144 300 481 400
64 0 5 1500 0 220 100 765 200 1121 300 239 400
65 0 5 974 0 1338 100 1093 200 10 300 1004 400
66 0 5 342 0 570 100 296 200 944 300 117 400
67 0 5 603 0 1395 100 24 200 695 300 1482 400
68 0 5 132 0 620 100 786 200 907 300 1439 400
69 0 5 1249 0 55 100 793 200 768 300 45 400
70 0 5 434 0 186 100 340 200 156 300 1351 400
71 0 5 540 0 883 100 369 200 861 300 1348 400
72 0 5 802 0 234 100 195 200 1044 300 649 400
73 0 5 889 0 62 100 157 200 1463 300 573 400
74 0 5 1494 0 659 100 339 200 1476 300 691 400
75 0 5 1298 0 1124 100 535 200 2 300 258 400
76 0 5 822 0 1282 100 1164 200 1420 300 830 400
77 0 5 902 0 762 100 381 200 1014 300 286 400
78 0 5 550 0 59 100 1393 200 895 300 1481 400
79 0 5 982 0 1222 100 339 200 41 300 412 400
80 0 5 1391 0 355 100 162 200 911 300 297 400
81 0 5 1407 0 22 100 1382 200 1433 300 690 400
82 0 5 1181 0 827 100 1205 200 1073 300 853 400
83 0 5 1049 0 759 100 1302 200 134 300 321 400
84 0 5 765 0 1054 100 750 200 373 300 1408 400
85 0 5 189 0 507 100 1345 200 1219 300 1362 400
86 0 5 1253 0 1193 100 1074 200 810 300 674 400
87 0 5 1480 0 1399 100 292 200 444 300 1169 400
88 0 5 1204 0 472 100 1432 200 160 300 335 400
89 0 5 1100 0 706 100 796 200 125 300 780 400
90 0 5 1242 0 1173 100 1278 200 1053 300 229 400
91 0 5 670 0 499 100 622 200 120 300 528 400
92 0 5 423 0 1102 100 1332 200 1260 300 905 400
93 0 5 1237 0 477 100 149 200 292 300 1266 400
94 0 5 1036 0 1460 100 1284 200 2 300 75 400
95 0 5 726 0 817 100 479 200 4 300 16 400
96 0 5 100 0 409 100 838 200 18 300 512 400
97 0 5 1012 0 406 100 1202 200 582 300 25 400
98 0 5 1113 0 88 100 437 200 616 300 472 400
99 0 5 927 0 1392 100 1488 200 1058 300 948 400
100 0 5 409 0 96 100 981 200 838 300 512 400
101 0 5 1411 0 1051 100 1190 200 1209 300 1006 400
102 0 5 355 0 284 100 911 200 772 300 1494 400
103 0 5 478 0 1124 100 756 200 1055 300 147 400
104 0 5 137 0 187 100 791 200 881 300 1426 400
105 0 5 1172 0 455 100 310 200 629 300 376 400
106 0 5 653 0 1416 100 1263 200 213 300 125 400
107 0 5 1343 0 1264 100 684 200 1387 300 47 400
108 0 5 738 0 907 100 554 200 645 300 431 400
109 0 5 1342 0 755 100 44 200 379 300 1418 400
110 0 5 568 0 1258 100 1200 200 600 300 1443 400
111 0 5 531 0 547 100 1042 200 467 300 136 400
112 0 5 483 0 798 100 312 200 544 300 288 400
113 0 5 971 0 856 100 327 200 305 300 1466 400
114 0 5 1194 0 142 100 424 200 63 300 573 400
115 0 5 826 0 371 100 1403 200 188 300 768 400
116 0 5 436 0 1311 100 362 200 1243 300 503 400
117 0 5 1008 0 342 100 1287 200 66 300 677 400
118 0 5 148 0 283 100 273 200 1253 300 580 400
119 0 5 1135 0 923 100 666 200 778 300 328 400
120 0 5 1493 0 792 100 670 200 1226 300 622 400
121 0 5 1064 0 520 100 516 200 360 300 1424 400
122 0 5 326 0 514 100 1206 200 870 300 986 400
123 0 5 1379 0 562 100 360 200 867 300 941 400
124 0 5 1470 0 592 100 599 200 212 300 819 400
125 0 5 780 0 880 100 1100 200 928 300 89 400
126 0 5 1217 0 1045 100 239 200 175 300 494 400
127 0 5 1451 0 269 100 942 200 1063 300 1430 400
128 0 5 1337 0 880 100 1416 200 106 300 125 400
129 0 5 282 0 1484 100 648 200 1273 300 21 400
130 0 5 1087 0 1375 100 382 200 39 300 1165 400
131 0 5 141 0 650 100 271 200 281 300 38 400
132 0 5 68 0 907 100 1439 200 1376 300 738 400
133 0 5 420 0 18 100 583 200 1110 300 180 400
134 0 5 1138 0 1417 100 1077 200 83 300 1268 400
135 0 5 948 0 191 100 338 200 1018 300 1154 400
136 0 5 151 0 467 100 547 200 111 300 304 400
137 0 5 881 0 104 100 187 200 1426 300 27 400
138 0 5 590 0 1235 100 1119 200 1325 300 1130 400
139 0 5 800 0 12 100 198 200 1228 300 412 400
140 0 5 1150 0 145 100 747 200 170 300 787 400
141 0 5 131 0 1380 100 650 200 481 300 63 400
142 0 5 114 0 287 100 424 200 1465 300 492 400
143 0 5 1480 0 940 100 444 200 87 300 1000 400
144 0 5 650 0 906 100 63 200 271 300 1037 400
145 0 5 282 0 551 100 140 200 350 300 21 400
146 0 5 1453 0 752 100 1479 200 676 300 1350 400
147 0 5 478 0 512 100 194 200 1055 300 96 400
148 0 5 542 0 118 100 1475 200 383 300 275 400
149 0 5 1092 0 93 100 1237 200 292 300 657 400
150 0 5 753 0 1106 100 983 200 702 300 1347 400
151 0 5 136 0 547 100 998 200 467 300 848 400
152 0 5 739 0 329 100 1274 200 403 300 828 400
153 0 5 246 0 729 100 1084 200 181 300 747 400
154 0 5 1446 0 1490 100 1409 200 678 300 30 400
155 0 5 1001 0 239 100 1231 200 1045 300 175 400
156 0 5 315 0 704 100 70 200 294 300 309 400
157 0 5 573 0 1443 100 73 200 1200 300 1194 400
158 0 5 260 0 264 100 1299 200 850 300 684 400
159 0 5 912 0 325 100 707 200 1276 300 1300 400
160 0 5 1432 0 356 100 1225 200 430 300 472 400
161 0 5 1336 0 1251 100 1269 200 897 300 1364 400
162 0 5 297 0 618 100 56 200 911 300 80 400
163 0 5 995 0 913 100 1392 200 338 300 270 400
164 0 5 1505 0 1504 100 1389 200 594 300 1449 400
165 0 5 267 0 331 100 397 200 656 300 1320 400
166 0 5 1099 0 973 100 266 200 216 300 789 400
167 0 5 1040 0 745 100 1013 200 1011 300 32 400
168 0 5 319 0 567 100 989 200 218 300 1069 400
169 0 5 414 0 203 100 665 200 925 300 176 400
170 0 5 1150 0 21 100 252 200 140 300 352 400
171 0 5 886 0 538 100 545 200 191 300 578 400
172 0 5 895 0 823 100 708 200 1393 300 78 400
173 0 5 354 0 33 100 1015 200 1106 300 1126 400
174 0 5 228 0 384 100 407 200 1316 300 322 400
175 0 5 1410 0 494 100 1217 200 126 300 854 400
176 0 5 925 0 435 100 584 200 414 300 665 400
177 0 5 1042 0 1364 100 897 200 661 300 1368 400
178 0 5 545 0 1154 100 191 200 450 300 961 400
179 0 5 54 0 391 100 1071 200 1112 300 1003 400
180 0 5 583 0 548 100 666 200 923 300 133 400
181 0 5 754 0 153 100 845 200 1084 300 558 400
182 0 5 19 0 721 100 1096 200 966 300 642 400
183 0 5 688 0 970 100 1164 200 1032 300 901 400
184 0 5 630 0 517 100 918 200 1397 300 1136 400
185 0 5 304 0 1419 100 389 200 988 300 547 400
186 0 5 1412 0 70 100 1230 200 1308 300 764 400
187 0 5 27 0 104 100 791 200 1459 300 137 400
188 0 5 190 0 293 100 371 200 498 300 115 400
189 0 5 438 0 909 100 85 200 1362 300 1345 400
190 0 5 672 0 425 100 188 200 1094 300 1080 400
191 0 5 545 0 538 100 135 200 338 300 178 400
192 0 5 332 0 876 100 1118 200 766 300 960 400
193 0 5 575 0 55 100 854 200 793 300 69 400
194 0 5 18 0 147 100 512 200 1055 300 838 400
195 0 5 1044 0 722 100 572 200 72 300 649 400
196 0 5 820 0 514 100 870 200 122 300 734 400
197 0 5 1028 0 564 100 1185 200 1496 300 502 400
198 0 5 1148 0 1381 100 139 200 595 300 12 400
199 0 5 1030 0 521 100 1250 200 1355 300 1288 400
200 0 5 1444 0 474 100 402 200 422 300 829 400
201 0 5 34 0 357 100 334 200 647 300 1388 400
202 0 5 436 0 362 100 784 200 1447 300 1158 400
203 0 5 925 0 1113 100 472 200 1432 300 169 400
204 0 5 1383 0 800 100 1228 200 11 300 757 400
205 0 5 390 0 682 100 227 200 853 300 827 400
206 0 5 1015 0 210 100 333 200 836 300 1294 400
207 0 5 45 0 553 100 253 200 1231 300 1001 400
208 0 5 490 0 1386 100 323 200 1187 300 1212 400
209 0 5 226 0 1201 100 533 200 565 300 632 400
210 0 5 915 0 836 100 1294 200 206 300 871 400
211 0 5 883 0 1072 100 1414 200 1348 300 71 400
212 0 5 1396 0 618 100 599 200 592 300 56 400
213 0 5 1131 0 1416 100 106 200 278 300 1263 400
214 0 5 1145 0 1314 100 518 200 693 300 1151 400
215 0 5 1431 0 1464 100 1112 200 497 300 1339 400
216 0 5 656 0 1099 100 166 200 1310 300 495 400
217 0 5 58 0 1430 100 1057 200 630 300 942 400
218 0 5 989 0 567 100 844 200 335 300 748 400
219 0 5 430 0 335 100 834 200 989 300 160 400
220 0 5 1121 0 64 100 765 200 1437 300 1500 400
221 0 5 978 0 946 100 1262 200 492 300 336 400
222 0 5 428 0 1300 100 1276 200 1146 300 159 400
223 0 5 469 0 977 100 605 200 943 300 1244 400
224 0 5 959 0 717 100 1252 200 664 300 394 400
225 0 5 1329 0 1101 100 1085 200 1000 300 400 400
226 0 5 565 0 209 100 1201 200 42 300 1234 400
227 0 5 853 0 682 100 205 200 1073 300 1181 400
228 0 5 519 0 174 100 1245 200 384 300 463 400
229 0 5 991 0 302 100 980 200 609 300 90 400
230 0 5 635 0 1318 100 1211 200 363 300 852 400
231 0 5 392 0 1187 100 641 200 323 300 490 400
232 0 5 1022 0 393 100 1259 200 1247 300 1203 400
233 0 5 938 0 50 100 1010 200 1290 300 640 400
234 0 5 1206 0 1486 100 72 200 382 300 122 400
235 0 5 954 0 262 100 22 200 352 300 747 400
236 0 5 476 0 378 100 361 200 1495 300 1378 400
237 0 5 710 0 31 100 591 200 506 300 658 400
238 0 5 1062 0 297 100 1501 200 56 300 1391 400
239 0 5 1045 0 693 100 155 200 126 300 1500 400
240 0 5 1353 0 57 100 295 200 460 300 1239 400
241 0 5 446 0 464 100 606 200 1438 300 657 400
242 0 5 902 0 1047 100 687 200 762 300 597 400
243 0 5 1354 0 875 100 1016 200 652 300 559 400
244 0 5 8 0 1294 100 206 200 1497 300 915 400
245 0 5 857 0 727 100 925 200 584 300 1233 400
246 0 5 153 0 747 100 729 200 954 300 1084 400
247 0 5 962 0 1292 100 1226 200 645 300 108 400
248 0 5 763 0 908 100 639 200 588 300 576 400
249 0 5 1276 0 1023 100 159 200 912 300 318 400
250 0 5 491 0 1331 100 343 200 1026 300 875 400
251 0 5 46 0 1031 100 36 200 479 300 1367 400
252 0 5 956 0 21 100 1069 200 352 300 170 400
253 0 5 1083 0 922 100 207 200 553 300 1372 400
254 0 5 305 0 1241 100 1081 200 1203 300 969 400
255 0 5 1277 0 347 100 1472 200 1413 300 680 400
256 0 5 1304 0 578 100 1224 200 308 300 731 400
257 0 5 349 0 1446 100 1210 200 1163 300 851 400
258 0 5 475 0 516 100 867 200 1089 300 75 400
259 0 5 819 0 536 100 592 200 302 300 1325 400
260 0 5 158 0 684 100 264 200 391 300 850 400
261 0 5 1497 0 290 100 806 200 675 300 48 400
262 0 5 235 0 22 100 954 200 246 300 1382 400
263 0 5 863 0 869 100 449 200 904 300 361 400
264 0 5 158 0 1027 100 684 200 260 300 1299 400
265 0 5 1495 0 361 100 654 200 611 300 748 400
266 0 5 1066 0 973 100 1130 200 166 300 789 400
267 0 5 165 0 397 100 377 200 1182 300 331 400
268 0 5 990 0 1456 100 858 200 720 300 60 400
269 0 5 641 0 127 100 942 200 1063 300 882 400
270 0 5 995 0 1146 100 428 200 338 300 824 400
271 0 5 281 0 131 100 1061 200 906 300 144 400
272 0 5 597 0 687 100 433 200 1143 300 1047 400
273 0 5 1104 0 1095 100 118 200 283 300 515 400
274 0 5 1402 0 1425 100 1278 200 1053 300 1330 400
275 0 5 1475 0 901 100 1186 200 542 300 1281 400
276 0 5 1376 0 29 100 1439 200 296 300 776 400
277 0 5 1334 0 810 100 646 200 542 300 1477 400
278 0 5 1070 0 1131 100 801 200 749 300 1098 400
279 0 5 367 0 14 100 480 200 458 300 1056 400
280 0 5 534 0 1127 100 1020 200 735 300 310 400
281 0 5 38 0 271 100 131 200 1061 300 141 400
282 0 5 1484 0 129 100 145 200 289 300 1273 400
283 0 5 580 0 118 100 383 200 1035 300 148 400
284 0 5 1167 0 102 100 1494 200 355 300 772 400
285 0 5 1435 0 643 100 85 200 621 300 447 400
286 0 5 1110 0 1014 100 381 200 77 300 180 400
287 0 5 1293 0 142 100 935 200 1465 300 424 400
288 0 5 633 0 835 100 734 200 112 300 312 400
289 0 5 1484 0 1273 100 282 200 834 300 648 400
290 0 5 333 0 261 100 1497 200 206 300 604 400
291 0 5 30 0 839 100 1000 200 1490 300 87 400
292 0 5 1237 0 1399 100 477 200 87 300 149 400
293 0 5 371 0 1372 100 1428 200 188 300 715 400
294 0 5 735 0 315 100 1041 200 25 300 429 400
295 0 5 952 0 1178 100 240 200 761 300 460 400
296 0 5 29 0 66 100 1280 200 776 300 1439 400
297 0 5 162 0 238 100 1391 200 56 300 80 400
298 0 5 697 0 558 100 708 200 683 300 751 400
299 0 5 744 0 720 100 1151 200 625 300 1108 400
300 0 5 1482 0 944 100 549 200 570 300 718 400
301 0 5 20 0 740 100 680 200 1472 300 328 400
302 0 5 1325 0 229 100 1303 200 1235 300 259 400
303 0 5 1103 0 1039 100 1076 200 1043 300 1192 400
304 0 5 185 0 547 100 862 200 531 300 467 400
305 0 5 971 0 254 100 327 200 306 300 969 400
306 0 5 327 0 53 100 1081 200 305 300 1367 400
307 0 5 1308 0 614 100 1230 200 186 300 764 400
308 0 5 886 0 578 100 1304 200 256 300 171 400
309 0 5 651 0 1415 100 508 200 340 300 1188 400
310 0 5 534 0 376 100 105 200 1127 300 709 400
311 0 5 1139 0 1167 100 746 200 61 300 713 400
312 0 5 633 0 544 100 112 200 288 300 798 400
313 0 5 1141 0 1359 100 1501 200 1062 300 1216 400
314 0 5 1501 0 1025 100 56 200 447 300 643 400
315 0 5 156 0 294 100 735 200 1478 300 704 400
316 0 5 370 0 671 100 934 200 877 300 581 400
317 0 5 535 0 1455 100 929 200 636 300 756 400
318 0 5 623 0 701 100 1023 200 912 300 1322 400
319 0 5 168 0 869 100 17 200 361 300 1069 400
320 0 5 671 0 1285 100 351 200 1120 300 1097 400
321 0 5 1138 0 998 100 988 200 346 300 83 400
322 0 5 1466 0 384 100 856 200 407 300 699 400
323 0 5 1187 0 1169 100 208 200 477 300 231 400
324 0 5 1256 0 1252 100 1323 200 959 300 394 400
325 0 5 1300 0 159 100 1276 200 707 300 912 400
326 0 5 122 0 986 100 870 200 1208 300 957 400
327 0 5 306 0 971 100 305 200 113 300 856 400
328 0 5 1135 0 588 100 666 200 301 300 740 400
329 0 5 403 0 152 100 828 200 739 300 1225 400
330 0 5 761 0 1381 100 12 200 1156 300 952 400
331 0 5 1320 0 165 100 632 200 656 300 1310 400
332 0 5 1118 0 192 100 766 200 668 300 1295 400
333 0 5 290 0 206 100 604 200 1015 300 33 400
334 0 5 458 0 1370 100 357 200 201 300 556 400
335 0 5 989 0 834 100 219 200 218 300 844 400
336 0 5 492 0 978 100 1174 200 221 300 568 400
337 0 5 700 0 556 100 958 200 644 300 847 400
338 0 5 824 0 135 100 191 200 1392 300 948 400
339 0 5 1222 0 1476 100 79 200 74 300 412 400
340 0 5 704 0 508 100 70 200 309 300 764 400
341 0 5 1404 0 1119 100 977 200 1452 300 1244 400
342 0 5 66 0 117 100 776 200 1008 300 296 400
343 0 5 525 0 1331 100 1065 200 1396 300 212 400
344 0 5 821 0 1377 100 1019 200 873 300 1418 400
345 0 5 41 0 713 100 595 200 460 300 982 400
346 0 5 1049 0 848 100 321 200 998 300 679 400
347 0 5 1251 0 255 100 1277 200 1221 300 897 400
348 0 5 1347 0 640 100 50 200 33 300 1358 400
349 0 5 257 0 1446 100 851 200 882 300 1210 400
350 0 5 787 0 551 100 841 200 696 300 1283 400
351 0 5 1097 0 500 100 671 200 320 300 480 400
352 0 5 694 0 252 100 956 200 1382 300 170 400
353 0 5 904 0 1088 100 956 200 703 300 1069 400
354 0 5 1126 0 173 100 905 200 1015 300 1106 400
355 0 5 102 0 80 100 1494 200 284 300 1167 400
356 0 5 1225 0 844 100 160 200 924 300 430 400
357 0 5 976 0 201 100 334 200 34 300 458 400
358 0 5 1427 0 1189 100 1316 200 174 300 449 400
359 0 5 807 0 492 100 946 200 221 300 755 400
360 0 5 867 0 123 100 121 200 1424 300 1064 400
361 0 5 654 0 378 100 265 200 236 300 869 400
362 0 5 1243 0 202 100 1158 200 116 300 1311 400
363 0 5 230 0 930 100 1134 200 852 300 899 400
364 0 5 647 0 976 100 337 200 958 300 34 400
365 0 5 935 0 781 100 1213 200 1293 300 287 400
366 0 5 1177 0 1035 100 1274 200 996 300 1080 400
367 0 5 279 0 458 100 14 200 1056 300 480 400
368 0 5 1366 0 1284 100 512 200 478 300 782 400
369 0 5 788 0 1326 100 1363 200 1491 300 71 400
370 0 5 934 0 316 100 1464 200 581 300 497 400
371 0 5 293 0 115 100 188 200 1372 300 826 400
372 0 5 1199 0 465 100 1321 200 1091 300 34 400
373 0 5 400 0 1408 100 1000 200 1101 300 84 400
374 0 5 1238 0 1254 100 900 200 957 300 1017 400
375 0 5 453 0 1305 100 930 200 899 300 1162 400
376 0 5 1468 0 310 100 885 200 709 300 832 400
377 0 5 397 0 1182 100 794 200 656 300 267 400
378 0 5 361 0 236 100 1378 200 509 300 476 400
379 0 5 1342 0 1216 100 109 200 1377 300 821 400
380 0 5 1010 0 604 100 33 200 50 300 640 400
381 0 5 597 0 286 100 77 200 778 300 1110 400
382 0 5 39 0 1486 100 130 200 72 300 234 400
383 0 5 1475 0 580 100 1281 200 283 300 148 400
384 0 5 322 0 463 100 1466 200 519 300 174 400
385 0 5 1025 0 1161 100 801 200 1501 300 730 400
386 0 5 398 0 809 100 1322 200 728 300 249 400
387 0 5 1429 0 832 100 885 200 376 300 1468 400
388 0 5 1038 0 1128 100 961 200 812 300 1493 400
389 0 5 1419 0 639 100 626 200 185 300 576 400
390 0 5 205 0 682 100 1497 200 675 300 261 400
391 0 5 179 0 1071 100 260 200 684 300 1112 400
392 0 5 231 0 1176 100 1335 200 1218 300 490 400
393 0 5 1259 0 232 100 690 200 675 300 1247 400
394 0 5 769 0 664 100 1323 200 1252 300 324 400
395 0 5 1166 0 783 100 543 200 1315 300 705 400
396 0 5 596 0 1485 100 786 200 620 300 907 400
397 0 5 377 0 267 100 1182 200 794 300 165 400
398 0 5 386 0 728 100 1429 200 508 300 868 400
399 0 5 1389 0 769 100 1064 200 1295 300 121 400
400 0 5 373 0 1101 100 1000 200 225 300 1408 400
401 0 5 544 0 813 100 625 200 312 300 798 400
402 0 5 474 0 602 100 1210 200 422 300 1163 400
403 0 5 329 0 828 100 152 200 1225 300 924 400
404 0 5 723 0 1424 100 965 200 1327 300 1449 400
405 0 5 58 0 1176 100 1430 200 942 300 127 400
406 0 5 1012 0 97 100 582 200 35 300 667 400
407 0 5 699 0 322 100 1316 200 856 300 384 400
408 0 5 613 0 1267 100 785 200 861 300 719 400
409 0 5 100 0 96 100 838 200 981 300 512 400
410 0 5 784 0 1442 100 1158 200 1075 300 689 400
411 0 5 1019 0 691 100 451 200 781 300 873 400
412 0 5 1400 0 982 100 1148 200 79 300 595 400
413 0 5 951 0 1175 100 1485 200 443 300 1471 400
414 0 5 960 0 716 100 169 200 176 300 925 400
415 0 5 840 0 1365 100 1352 200 1459 300 1195 400
416 0 5 1317 0 610 100 812 200 470 300 714 400
417 0 5 1059 0 22 100 566 200 779 300 949 400
418 0 5 975 0 52 100 1009 200 1313 300 1138 400
419 0 5 585 0 1450 100 472 200 1095 300 515 400
420 0 5 638 0 133 100 1055 200 555 300 194 400
421 0 5 1401 0 938 100 1333 200 1307 300 631 400
422 0 5 1444 0 602 100 474 200 829 300 1309 400
423 0 5 92 0 1271 100 1260 200 1332 300 43 400
424 0 5 63 0 481 100 114 200 142 300 935 400
425 0 5 1344 0 672 100 468 200 190 300 188 400
426 0 5 579 0 3 100 1353 200 460 300 482 400
427 0 5 857 0 28 100 524 200 1338 300 1004 400
428 0 5 1146 0 222 100 270 200 1276 300 171 400
429 0 5 1202 0 1375 100 294 200 1041 300 1165 400
430 0 5 844 0 219 100 160 200 356 300 218 400
431 0 5 1224 0 554 100 731 200 108 300 256 400
432 0 5 1115 0 1445 100 1452 200 760 300 794 400
433 0 5 569 0 687 100 970 200 272 300 504 400
434 0 5 70 0 1351 100 764 200 186 300 340 400
435 0 5 524 0 584 100 176 200 1117 300 665 400
436 0 5 202 0 116 100 503 200 1447 300 362 400
437 0 5 245 0 98 100 1113 200 616 300 925 400
438 0 5 692 0 189 100 909 200 928 300 85 400
439 0 5 603 0 513 100 1127 200 527 300 67 400
440 0 5 891 0 1098 100 1498 200 1161 300 801 400
441 0 5 797 0 846 100 1159 200 1522 300 1523 400
442 0 5 1476 0 451 100 691 200 411 300 339 400
443 0 5 1322 0 951 100 1485 200 413 300 1175 400
444 0 5 9 0 940 100 292 200 87 300 1092 400
445 0 5 527 0 1395 100 677 200 513 300 462 400
446 0 5 241 0 657 100 606 200 149 300 464 400
447 0 5 599 0 1435 100 314 200 621 300 285 400
448 0 5 763 0 661 100 862 200 908 300 897 400
449 0 5 263 0 1427 100 1189 200 863 300 1088 400
450 0 5 714 0 812 100 961 200 1154 300 178 400
451 0 5 442 0 411 100 691 200 1400 300 781 400
452 0 5 1114 0 628 100 1046 200 529 300 1383 400
453 0 5 375 0 1305 100 773 200 480 300 1162 400
454 0 5 562 0 5 100 1075 200 993 300 1158 400
455 0 5 105 0 1172 100 629 200 1468 300 310 400
456 0 5 705 0 1315 100 1454 200 395 300 464 400
457 0 5 532 0 636 100 658 200 506 300 520 400
458 0 5 334 0 367 100 1370 200 201 300 279 400
459 0 5 837 0 1140 100 608 200 915 300 8 400
460 0 5 482 0 345 100 240 200 426 300 3 400
461 0 5 522 0 1239 100 1178 200 1132 300 1261 400
462 0 5 629 0 677 100 1287 200 776 300 455 400
463 0 5 384 0 1109 100 519 200 322 300 1357 400
464 0 5 241 0 1438 100 679 200 1315 300 456 400
465 0 5 833 0 34 100 372 200 1321 300 1091 400
466 0 5 1360 0 608 100 1132 200 501 300 963 400
467 0 5 136 0 679 100 848 200 1042 300 1166 400
468 0 5 1344 0 26 100 425 200 672 300 1164 400
469 0 5 223 0 1182 100 1115 200 977 300 1452 400
470 0 5 1125 0 714 100 1317 200 1154 300 416 400
471 0 5 1369 0 4 100 16 200 808 300 1289 400
472 0 5 585 0 203 100 160 200 419 300 1432 400
473 0 5 932 0 725 100 712 200 1136 300 851 400
474 0 5 200 0 402 100 422 200 602 300 1444 400
475 0 5 258 0 1024 100 1089 200 486 300 1298 400
476 0 5 236 0 1378 100 1363 200 1495 300 378 400
477 0 5 93 0 1237 100 292 200 1399 300 1266 400
478 0 5 103 0 147 100 782 200 1055 300 1284 400
479 0 5 598 0 95 100 251 200 1279 300 549 400
480 0 5 601 0 773 100 453 200 279 300 1056 400
481 0 5 424 0 935 100 1213 200 1380 300 141 400
482 0 5 460 0 3 100 345 200 1246 300 426 400
483 0 5 112 0 1163 100 1052 200 798 300 835 400
484 0 5 675 0 631 100 1385 200 1247 300 1259 400
485 0 5 510 0 40 100 757 200 1228 300 11 400
486 0 5 1089 0 5 100 1311 200 993 300 475 400
487 0 5 1457 0 1370 100 847 200 812 300 556 400
488 0 5 733 0 1139 100 1246 200 1026 300 1448 400
489 0 5 872 0 950 100 1313 200 1083 300 1492 400
490 0 5 208 0 1218 100 1187 200 392 300 1386 400
491 0 5 250 0 1016 100 875 200 559 300 1331 400
492 0 5 359 0 336 100 221 200 807 300 142 400
493 0 5 1078 0 936 100 797 200 1234 300 1473 400
494 0 5 1217 0 175 100 1034 200 6 300 1384 400
495 0 5 741 0 533 100 1201 200 216 300 1099 400
496 0 5 1100 0 1324 100 796 200 125 300 89 400
497 0 5 47 0 530 100 1003 200 1431 300 215 400
498 0 5 563 0 557 100 188 200 190 300 1420 400
499 0 5 91 0 622 100 686 200 528 300 1162 400
500 0 5 351 0 1097 100 523 200 1134 300 1285 400
501 0 5 608 0 963 100 466 200 1140 300 1123 400
502 0 5 1496 0 521 100 1185 200 197 300 1355 400
503 0 5 1447 0 1311 100 2 200 1024 300 1460 400
504 0 5 1477 0 901 100 970 200 433 300 1334 400
505 0 5 1207 0 1157 100 879 200 1272 300 1434 400
506 0 5 636 0 655 100 756 200 591 300 997 400
507 0 5 560 0 1263 100 85 200 1070 300 643 400
508 0 5 1188 0 309 100 1415 200 340 300 398 400
509 0 5 785 0 719 100 1326 200 378 300 861 400
510 0 5 485 0 40 100 1213 200 481 300 1380 400
511 0 5 910 0 850 100 1299 200 1027 300 889 400
512 0 5 147 0 1366 100 194 200 987 300 368 400
513 0 5 1127 0 439 100 527 200 603 300 445 400
514 0 5 196 0 60 100 122 200 720 300 1456 400
515 0 5 996 0 1450 100 1095 200 1177 300 366 400
516 0 5 258 0 121 100 520 200 867 300 1089 400
517 0 5 918 0 184 100 1397 200 1215 300 1057 400
518 0 5 1314 0 214 100 625 200 1151 300 1145 400
519 0 5 228 0 463 100 1433 200 384 300 1109 400
520 0 5 532 0 121 100 516 200 1064 300 636 400
521 0 5 199 0 502 100 1496 200 1030 300 1355 400
522 0 5 461 0 1261 100 777 200 1393 300 1132 400
523 0 5 546 0 1285 100 500 200 1097 300 1120 400
524 0 5 435 0 1117 100 427 200 584 300 1390 400
525 0 5 1462 0 746 100 343 200 1167 300 772 400
526 0 5 758 0 1307 100 1048 200 808 300 1369 400
527 0 5 445 0 513 100 1395 200 677 300 603 400
528 0 5 622 0 1209 100 686 200 1051 300 1226 400
529 0 5 1046 0 628 100 945 200 452 300 1114 400
530 0 5 1003 0 497 100 54 200 1431 300 47 400
531 0 5 111 0 862 100 304 200 547 300 1042 400
532 0 5 457 0 520 100 769 200 717 300 516 400
533 0 5 1310 0 495 100 209 200 741 300 216 400
534 0 5 310 0 280 100 1127 200 709 300 1020 400
535 0 5 317 0 1455 100 75 200 1124 300 756 400
536 0 5 259 0 1255 100 1325 200 592 300 1303 400
537 0 5 1007 0 1440 100 646 200 593 300 810 400
538 0 5 824 0 171 100 191 200 135 300 338 400
539 0 5 42 0 1240 100 565 200 632 300 804 400
540 0 5 71 0 1348 100 1491 200 369 300 883 400
541 0 5 1442 0 574 100 1075 200 634 300 874 400
542 0 5 148 0 275 100 1475 200 1186 300 277 400
543 0 5 815 0 783 100 395 200 705 300 1275 400
544 0 5 401 0 813 100 312 200 112 300 798 400
545 0 5 178 0 191 100 961 200 171 300 135 400
546 0 5 523 0 1405 100 1358 200 1347 300 1155 400
547 0 5 111 0 151 100 304 200 136 300 531 400
548 0 5 1110 0 923 100 180 200 666 300 133 400
549 0 5 718 0 598 100 300 200 1297 300 95 400
550 0 5 78 0 777 100 881 200 1393 300 59 400
551 0 5 145 0 841 100 350 200 140 300 282 400
552 0 5 1052 0 1458 100 1409 200 483 300 619 400
553 0 5 207 0 253 100 799 200 1083 300 1231 400
554 0 5 431 0 1224 100 108 200 731 300 645 400
555 0 5 638 0 31 100 1055 200 591 300 1014 400
556 0 5 847 0 1370 100 337 200 334 300 487 400
557 0 5 673 0 498 100 1129 200 1420 300 830 400
558 0 5 298 0 865 100 615 200 845 300 708 400
559 0 5 1016 0 1122 100 973 200 1331 300 972 400
560 0 5 507 0 643 100 1070 200 85 300 1025 400
561 0 5 1411 0 808 100 1190 200 1153 300 1006 400
562 0 5 454 0 123 100 941 200 1075 300 7 400
563 0 5 775 0 498 100 1428 200 950 300 188 400
564 0 5 197 0 35 100 1028 200 1086 300 917 400
565 0 5 226 0 804 100 209 200 42 300 539 400
566 0 5 1059 0 1068 100 417 200 690 300 1346 400
567 0 5 168 0 218 100 17 200 989 300 361 400
568 0 5 110 0 1174 100 1443 200 336 300 142 400
569 0 5 433 0 1032 100 968 200 970 300 272 400
570 0 5 944 0 66 100 300 200 342 300 296 400
571 0 5 758 0 1067 100 1401 200 879 300 526 400
572 0 5 722 0 649 100 195 200 1017 300 72 400
573 0 5 157 0 63 100 73 200 1194 300 144 400
574 0 5 541 0 634 100 874 200 864 300 1075 400
575 0 5 193 0 854 100 1312 200 1197 300 793 400
576 0 5 639 0 1143 100 389 200 1282 300 248 400
577 0 5 1147 0 1367 100 1328 200 1031 300 53 400
578 0 5 1116 0 308 100 256 200 1296 300 171 400
579 0 5 637 0 426 100 1459 200 3 300 1352 400
580 0 5 283 0 383 100 1035 200 26 300 1281 400
581 0 5 926 0 711 100 15 200 47 300 316 400
582 0 5 1202 0 1423 100 888 200 1012 300 97 400
583 0 5 180 0 1413 100 133 200 18 300 981 400
584 0 5 435 0 925 100 176 200 524 300 245 400
585 0 5 419 0 472 100 1450 200 1095 300 273 400
586 0 5 660 0 1197 100 1179 200 854 300 1384 400
587 0 5 1355 0 858 100 1250 200 1486 300 382 400
588 0 5 908 0 328 100 740 200 778 300 1135 400
589 0 5 1004 0 28 100 1233 200 727 300 1093 400
590 0 5 138 0 1066 100 1130 200 1291 300 789 400
591 0 5 31 0 655 100 555 200 237 300 506 400
592 0 5 819 0 124 100 1303 200 212 300 259 400
593 0 5 1007 0 674 100 1286 200 1483 300 537 400
594 0 5 1449 0 1506 100 1505 200 164 300 1389 400
595 0 5 1148 0 345 100 41 200 982 300 198 400
596 0 5 396 0 623 100 912 200 1485 300 318 400
597 0 5 51 0 381 100 272 200 902 300 242 400
598 0 5 718 0 479 100 549 200 95 300 1297 400
599 0 5 447 0 124 100 212 200 56 300 1470 400
600 0 5 1200 0 1461 100 1258 200 110 300 889 400
601 0 5 685 0 1056 100 1388 200 480 300 351 400
602 0 5 402 0 1163 100 422 200 483 300 835 400
603 0 5 439 0 67 100 1395 200 513 300 24 400
604 0 5 33 0 380 100 333 200 1015 300 348 400
605 0 5 943 0 977 100 1244 200 223 300 1404 400
606 0 5 759 0 1302 100 1092 200 149 300 241 400
607 0 5 1343 0 43 100 767 200 107 300 1332 400
608 0 5 1140 0 466 100 501 200 459 300 837 400
609 0 5 1303 0 980 100 229 200 32 300 302 400
610 0 5 1107 0 416 100 1317 200 892 300 644 400
611 0 5 1171 0 1495 100 1312 200 265 300 947 400
612 0 5 795 0 1144 100 1137 200 1149 300 1160 400
613 0 5 785 0 408 100 1267 200 509 300 861 400
614 0 5 1230 0 307 100 1238 200 1017 300 1308 400
615 0 5 937 0 558 100 1043 200 698 300 181 400
616 0 5 727 0 624 100 814 200 98 300 437 400
617 0 5 1086 0 1034 100 1348 200 6 300 540 400
618 0 5 56 0 162 100 911 200 212 300 1396 400
619 0 5 1490 0 839 100 1458 200 552 300 750 400
620 0 5 68 0 786 100 1485 200 1175 300 396 400
621 0 5 1470 0 1435 100 447 200 85 300 167 400
622 0 5 528 0 499 100 1226 200 686 300 91 400
623 0 5 318 0 596 100 1485 200 701 300 396 400
624 0 5 841 0 814 100 616 200 551 300 350 400
625 0 5 518 0 813 100 23 200 1151 300 401 400
626 0 5 1419 0 988 100 831 200 389 300 830 400
627 0 5 816 0 724 100 793 200 768 300 739 400
628 0 5 452 0 529 100 38 200 1383 300 1114 400
629 0 5 462 0 455 100 677 200 1471 300 105 400
630 0 5 184 0 1057 100 217 200 1136 300 517 400
631 0 5 48 0 484 100 1385 200 1290 300 675 400
632 0 5 1320 0 42 100 331 200 209 300 804 400
633 0 5 288 0 312 100 734 200 112 300 835 400
634 0 5 574 0 689 100 1075 200 541 300 874 400
635 0 5 1318 0 230 100 852 200 1211 300 526 400
636 0 5 457 0 506 100 929 200 658 300 710 400
637 0 5 579 0 1195 100 1352 200 1183 300 662 400
638 0 5 420 0 555 100 286 200 1014 300 1055 400
639 0 5 576 0 862 100 389 200 248 300 185 400
640 0 5 50 0 348 100 1347 200 1155 300 1010 400
641 0 5 269 0 1169 100 231 200 1063 300 678 400
642 0 5 721 0 19 100 1043 200 1076 300 966 400
643 0 5 560 0 285 100 1025 200 314 300 1070 400
644 0 5 1457 0 892 100 700 200 847 300 337 400
645 0 5 731 0 1292 100 247 200 108 300 1296 400
646 0 5 1440 0 810 100 537 200 277 300 593 400
647 0 5 364 0 1091 100 34 200 201 300 976 400
648 0 5 1484 0 129 100 1273 200 289 300 1069 400
649 0 5 572 0 1017 100 1254 200 195 300 72 400
650 0 5 144 0 131 100 141 200 271 300 63 400
651 0 5 885 0 309 100 709 200 1478 300 315 400
652 0 5 919 0 1079 100 875 200 243 300 1448 400
653 0 5 106 0 928 100 1263 200 125 300 880 400
654 0 5 17 0 361 100 947 200 1229 300 265 400
655 0 5 997 0 591 100 1398 200 506 300 237 400
656 0 5 1310 0 216 100 377 200 1320 300 331 400
657 0 5 446 0 1266 100 149 200 1436 300 606 400
658 0 5 959 0 710 100 636 200 717 300 324 400
659 0 5 74 0 873 100 691 200 1391 300 1494 400
660 0 5 586 0 1384 100 1410 200 1179 300 1197 400
661 0 5 448 0 897 100 177 200 862 300 908 400
662 0 5 1183 0 1191 100 1441 200 637 300 1352 400
663 0 5 811 0 1387 100 906 200 684 300 107 400
664 0 5 1483 0 1252 100 394 200 224 300 1323 400
665 0 5 176 0 1117 100 435 200 1390 300 414 400
666 0 5 20 0 119 100 180 200 923 300 328 400
667 0 5 1406 0 795 100 1072 200 1414 300 1149 400
668 0 5 1390 0 920 100 332 200 716 300 876 400
669 0 5 1105 0 1248 100 10 200 979 300 1227 400
670 0 5 91 0 120 100 792 200 1038 300 622 400
671 0 5 320 0 316 100 351 200 370 300 1285 400
672 0 5 190 0 425 100 1094 200 468 300 1080 400
673 0 5 1129 0 557 100 830 200 1420 300 822 400
674 0 5 1483 0 1193 100 593 200 1286 300 1232 400
675 0 5 484 0 1259 100 48 200 631 300 261 400
676 0 5 1479 0 884 100 855 200 146 300 1354 400
677 0 5 445 0 462 100 527 200 629 300 1395 400
678 0 5 30 0 1063 100 154 200 882 300 641 400
679 0 5 467 0 1315 100 848 200 1302 300 464 400
680 0 5 1472 0 1413 100 301 200 255 300 20 400
681 0 5 779 0 1205 100 845 200 754 300 949 400
682 0 5 390 0 205 100 227 200 853 300 827 400
683 0 5 49 0 751 100 697 200 1205 300 1073 400
684 0 5 260 0 264 100 663 200 1463 300 107 400
685 0 5 1388 0 1056 100 601 200 877 300 480 400
686 0 5 1162 0 499 100 528 200 1209 300 622 400
687 0 5 433 0 1047 100 242 200 272 300 1477 400
688 0 5 183 0 1186 100 901 200 970 300 964 400
689 0 5 874 0 634 100 1075 200 1111 300 1327 400
690 0 5 1346 0 1259 100 566 200 903 300 393 400
691 0 5 411 0 442 100 451 200 873 300 659 400
692 0 5 928 0 438 100 1263 200 125 300 106 400
693 0 5 1145 0 239 100 1045 200 214 300 1314 400
694 0 5 352 0 1382 100 956 200 890 300 887 400
695 0 5 1297 0 24 100 1482 200 67 300 549 400
696 0 5 787 0 350 100 140 200 1373 300 747 400
697 0 5 298 0 683 100 751 200 1073 300 708 400
698 0 5 1481 0 59 100 721 200 937 300 1043 400
699 0 5 407 0 856 100 322 200 1267 300 408 400
700 0 5 958 0 337 100 644 200 556 300 892 400
701 0 5 1023 0 318 100 1322 200 1485 300 623 400
702 0 5 1271 0 1260 100 926 200 150 300 43 400
703 0 5 353 0 1088 100 1189 200 1270 300 956 400
704 0 5 340 0 156 100 315 200 309 300 70 400
705 0 5 456 0 1275 100 1454 200 395 300 1315 400
706 0 5 89 0 796 100 859 200 1467 300 1394 400
707 0 5 1304 0 912 100 159 200 1300 300 325 400
708 0 5 751 0 823 100 172 200 298 300 683 400
709 0 5 1478 0 885 100 376 200 1020 300 651 400
710 0 5 237 0 658 100 31 200 506 300 324 400
711 0 5 983 0 581 100 926 200 1120 300 753 400
712 0 5 953 0 725 100 851 200 1136 300 1210 400
713 0 5 61 0 345 100 1246 200 41 300 311 400
714 0 5 450 0 470 100 1154 200 812 300 416 400
715 0 5 775 0 950 100 922 200 1428 300 1372 400
716 0 5 960 0 414 100 668 200 1050 300 1390 400
717 0 5 959 0 224 100 658 200 532 300 394 400
718 0 5 549 0 598 100 1297 200 300 300 479 400
719 0 5 785 0 861 100 1326 200 788 300 509 400
720 0 5 299 0 1456 100 268 200 625 300 514 400
721 0 5 642 0 698 100 182 200 1426 300 59 400
722 0 5 572 0 195 100 1412 200 1044 300 1017 400
723 0 5 1379 0 404 100 1424 200 7 300 1064 400
724 0 5 1171 0 627 100 947 200 1229 300 737 400
725 0 5 473 0 712 100 1136 200 851 300 953 400
726 0 5 817 0 967 100 1289 200 95 300 4 400
727 0 5 1233 0 1192 100 1319 200 245 300 589 400
728 0 5 868 0 398 100 809 200 951 300 1429 400
729 0 5 153 0 1084 100 747 200 246 300 1373 400
730 0 5 801 0 1070 100 278 200 1025 300 385 400
731 0 5 645 0 1116 100 1224 200 431 300 1296 400
732 0 5 855 0 1354 100 1223 200 972 300 790 400
733 0 5 488 0 1448 100 1441 200 1183 300 1139 400
734 0 5 1309 0 843 100 849 200 870 300 288 400
735 0 5 294 0 25 100 315 200 1020 300 280 400
736 0 5 1157 0 1241 100 254 200 505 300 1184 400
737 0 5 1229 0 1349 100 724 200 1171 300 739 400
738 0 5 108 0 907 100 1439 200 132 300 1376 400
739 0 5 152 0 1403 100 1274 200 1094 300 768 400
740 0 5 1221 0 301 100 1472 200 908 300 588 400
741 0 5 1201 0 495 100 1223 200 1099 300 533 400
742 0 5 914 0 984 100 1361 200 1168 300 825 400
743 0 5 1107 0 892 100 958 200 700 300 364 400
744 0 5 1108 0 299 100 1151 200 720 300 1168 400
745 0 5 32 0 167 100 933 200 991 300 1011 400
746 0 5 1026 0 525 100 1139 200 1246 300 311 400
747 0 5 1084 0 1373 100 729 200 787 300 153 400
748 0 5 1349 0 17 100 218 200 654 300 947 400
749 0 5 1499 0 1098 100 278 200 1489 300 440 400
750 0 5 896 0 1458 100 84 200 619 300 798 400
751 0 5 823 0 708 100 683 200 49 300 697 400
752 0 5 1105 0 1453 100 146 200 669 300 1350 400
753 0 5 150 0 983 100 1358 200 1347 300 1106 400
754 0 5 181 0 845 100 681 200 708 300 1205 400
755 0 5 109 0 44 100 1465 200 805 300 1180 400
756 0 5 929 0 1124 100 506 200 1455 300 103 400
757 0 5 11 0 1383 100 38 200 485 300 1380 400
758 0 5 571 0 526 100 1369 200 1067 300 1307 400
759 0 5 606 0 83 100 1142 200 1092 300 1302 400
760 0 5 1445 0 1452 100 1291 200 432 300 1119 400
761 0 5 330 0 952 100 1060 200 1156 300 295 400
762 0 5 878 0 77 100 902 200 1014 300 242 400
763 0 5 248 0 448 100 908 200 639 300 862 400
764 0 5 1351 0 1308 100 186 200 434 300 508 400
765 0 5 1054 0 84 100 64 200 220 300 1408 400
766 0 5 1504 0 1503 100 332 200 1118 300 192 400
767 0 5 1196 0 1061 100 1343 200 607 300 1387 400
768 0 5 816 0 1403 100 69 200 627 300 739 400
769 0 5 394 0 399 100 532 200 717 300 1389 400
770 0 5 1306 0 803 100 1361 200 984 300 1288 400
771 0 5 939 0 1265 100 1153 200 944 300 931 400
772 0 5 1462 0 1396 100 911 200 1167 300 102 400
773 0 5 985 0 453 100 480 200 14 300 1305 400
774 0 5 818 0 1371 100 1212 200 1386 300 1266 400
775 0 5 950 0 563 100 715 200 1428 300 1372 400
776 0 5 1287 0 1471 100 342 200 1008 300 296 400
777 0 5 881 0 550 100 522 200 461 300 1239 400
778 0 5 1143 0 923 100 119 200 51 300 381 400
779 0 5 681 0 1205 100 949 200 417 300 845 400
780 0 5 125 0 1467 100 706 200 89 300 859 400
781 0 5 365 0 1293 100 1400 200 1019 300 411 400
782 0 5 1036 0 1284 100 1124 200 478 300 94 400
783 0 5 1336 0 543 100 395 200 815 300 1454 400
784 0 5 1158 0 410 100 1442 200 202 300 1243 400
785 0 5 613 0 719 100 509 200 861 300 408 400
786 0 5 907 0 68 100 620 200 396 300 132 400
787 0 5 696 0 1373 100 747 200 350 300 1283 400
788 0 5 369 0 1326 100 719 200 861 300 509 400
789 0 5 1130 0 166 100 1291 200 266 300 1066 400
790 0 5 855 0 936 100 1078 200 732 300 1479 400
791 0 5 104 0 1459 100 187 200 1195 300 1353 400
792 0 5 1493 0 120 100 670 200 1038 300 1226 400
793 0 5 816 0 55 100 826 200 627 300 575 400
794 0 5 1182 0 1115 100 377 200 397 300 432 400
795 0 5 1149 0 612 100 667 200 1414 300 1144 400
796 0 5 1394 0 706 100 89 200 1090 300 496 400
797 0 5 1240 0 441 100 846 200 493 300 1078 400
798 0 5 1356 0 112 100 483 200 544 300 1458 400
799 0 5 1500 0 1231 100 553 200 207 300 239 400
800 0 5 139 0 1228 100 204 200 11 300 12 400
801 0 5 730 0 1098 100 278 200 385 300 1025 400
802 0 5 1044 0 72 100 1087 200 722 300 1412 400
803 0 5 770 0 1361 100 1306 200 984 300 914 400
804 0 5 565 0 1240 100 632 200 209 300 1078 400
805 0 5 1002 0 1180 100 755 200 1489 300 1499 400
806 0 5 48 0 261 100 1290 200 675 300 233 400
807 0 5 359 0 1465 100 492 200 755 300 946 400
808 0 5 561 0 526 100 471 200 852 300 635 400
809 0 5 386 0 1322 100 728 200 951 300 398 400
810 0 5 1074 0 277 100 646 200 1440 300 86 400
811 0 5 1037 0 663 100 1463 200 684 300 906 400
812 0 5 450 0 961 100 487 200 416 300 388 400
813 0 5 401 0 544 100 625 200 798 300 720 400
814 0 5 624 0 616 100 841 200 350 300 551 400
815 0 5 543 0 1275 100 783 200 1336 300 705 400
816 0 5 793 0 627 100 768 200 724 300 55 400
817 0 5 726 0 95 100 967 200 36 300 1184 400
818 0 5 774 0 1421 100 1436 200 1371 300 1212 400
819 0 5 259 0 592 100 1303 200 124 300 302 400
820 0 5 870 0 196 100 734 200 843 300 514 400
821 0 5 1418 0 344 100 379 200 1342 300 1377 400
822 0 5 76 0 1129 100 830 200 1420 300 1282 400
823 0 5 751 0 172 100 708 200 1393 300 895 400
824 0 5 338 0 538 100 191 200 171 300 428 400
825 0 5 914 0 6 100 1361 200 742 300 1086 400
826 0 5 115 0 1257 100 1249 200 793 300 768 400
827 0 5 82 0 1205 100 682 200 205 300 227 400
828 0 5 403 0 1225 100 894 200 329 300 152 400
829 0 5 957 0 849 100 1444 200 422 300 843 400
830 0 5 831 0 822 100 1009 200 76 300 673 400
831 0 5 830 0 988 100 626 200 975 300 1009 400
832 0 5 387 0 1468 100 376 200 1429 300 885 400
833 0 5 465 0 1321 100 877 200 1339 300 1388 400
834 0 5 842 0 335 100 1204 200 219 300 1273 400
835 0 5 288 0 1309 100 483 200 734 300 422 400
836 0 5 210 0 1082 100 1102 200 206 300 871 400
837 0 5 459 0 871 100 945 200 915 300 1082 400
838 0 5 987 0 96 100 409 200 194 300 18 400
839 0 5 291 0 619 100 1000 200 1490 300 30 400
840 0 5 1195 0 415 100 1352 200 1365 300 1096 400
841 0 5 624 0 551 100 1422 200 814 300 350 400
842 0 5 834 0 1204 100 88 200 335 300 1273 400
843 0 5 849 0 734 100 870 200 957 300 820 400
844 0 5 924 0 356 100 430 200 218 300 1349 400
845 0 5 754 0 681 100 181 200 1205 300 779 400
846 0 5 1159 0 797 100 441 200 1511 300 1510 400
847 0 5 1457 0 556 100 487 200 644 300 1370 400
848 0 5 998 0 346 100 679 200 467 300 151 400
849 0 5 843 0 829 100 957 200 734 300 1309 400
850 0 5 1299 0 511 100 1461 200 158 300 910 400
851 0 5 1136 0 712 100 349 200 1210 300 257 400
852 0 5 899 0 230 100 635 200 930 300 808 400
853 0 5 1181 0 227 100 205 200 682 300 1346 400
854 0 5 1197 0 575 100 1410 200 586 300 175 400
855 0 5 732 0 790 100 676 200 1479 300 1234 400
856 0 5 113 0 971 100 1466 200 327 300 699 400
857 0 5 427 0 245 100 28 200 584 300 589 400
858 0 5 268 0 1250 100 587 200 1288 300 990 400
859 0 5 1467 0 706 100 909 200 796 300 1394 400
860 0 5 25 0 1021 100 24 200 735 300 280 400
861 0 5 719 0 788 100 785 200 1326 300 71 400
862 0 5 531 0 304 100 661 200 448 300 1042 400
863 0 5 263 0 1267 100 509 200 449 300 378 400
864 0 5 874 0 1111 100 1236 200 574 300 689 400
865 0 5 1103 0 937 100 558 200 1084 300 615 400
866 0 5 966 0 1227 100 1319 200 19 300 1233 400
867 0 5 360 0 1089 100 258 200 123 300 486 400
868 0 5 728 0 1429 100 1468 200 398 300 832 400
869 0 5 319 0 263 100 1069 200 361 300 904 400
870 0 5 820 0 196 100 843 200 734 300 122 400
871 0 5 945 0 1082 100 837 200 836 300 210 400
872 0 5 489 0 1492 100 1329 200 1077 300 1313 400
873 0 5 1377 0 659 100 691 200 344 300 411 400
874 0 5 864 0 689 100 574 200 1111 300 634 400
875 0 5 919 0 1016 100 243 200 491 300 1026 400
876 0 5 1232 0 192 100 960 200 1193 300 668 400
877 0 5 1339 0 833 100 1388 200 316 300 1464 400
878 0 5 762 0 994 100 1440 200 1014 300 1133 400
879 0 5 1067 0 505 100 1157 200 571 300 1184 400
880 0 5 128 0 1416 100 125 200 106 300 1337 400
881 0 5 137 0 777 100 550 200 104 300 1239 400
882 0 5 1063 0 1397 100 349 200 678 300 154 400
883 0 5 211 0 71 100 1328 200 1072 300 1414 400
884 0 5 1079 0 1354 100 732 200 1441 300 243 400
885 0 5 651 0 709 100 376 200 1415 300 832 400
886 0 5 308 0 171 100 578 200 1304 300 538 400
887 0 5 956 0 694 100 1245 200 352 300 252 400
888 0 5 1185 0 582 100 1423 200 1355 300 1202 400
889 0 5 910 0 73 100 62 200 1461 300 600 400
890 0 5 694 0 1270 100 1382 200 1214 300 1220 400
891 0 5 440 0 1002 100 1498 200 1098 300 1161 400
892 0 5 743 0 644 100 958 200 610 300 1457 400
893 0 5 1473 0 1159 100 1105 200 936 300 669 400
894 0 5 1487 0 996 100 1225 200 828 300 1177 400
895 0 5 172 0 1481 100 78 200 59 300 823 400
896 0 5 1437 0 750 100 23 200 1198 300 1356 400
897 0 5 661 0 177 100 1251 200 908 300 1364 400
898 0 5 1058 0 913 100 1392 200 995 300 338 400
899 0 5 930 0 852 100 375 200 363 300 1305 400
900 0 5 1254 0 1340 100 374 200 1208 300 649 400
901 0 5 1186 0 504 100 275 200 688 300 970 400
902 0 5 77 0 242 100 762 200 597 300 994 400
903 0 5 1407 0 1346 100 690 200 1433 300 1259 400
904 0 5 1069 0 353 100 869 200 263 300 956 400
905 0 5 1126 0 1260 100 1102 200 354 300 1015 400
906 0 5 144 0 663 100 1387 200 271 300 1061 400
907 0 5 786 0 132 100 108 200 738 300 68 400
908 0 5 588 0 248 100 897 200 740 300 661 400
909 0 5 189 0 1362 100 859 200 1011 300 438 400
910 0 5 511 0 889 100 1461 200 62 300 1027 400
911 0 5 1396 0 102 100 618 200 772 300 162 400
912 0 5 159 0 707 100 1276 200 318 300 1300 400
913 0 5 163 0 898 100 1392 200 995 300 338 400
914 0 5 742 0 1361 100 825 200 6 300 984 400
915 0 5 210 0 1294 100 459 200 8 300 837 400
916 0 5 1357 0 969 100 1203 200 254 300 1109 400
917 0 5 1152 0 35 100 564 200 1406 300 1348 400
918 0 5 1215 0 517 100 1397 200 184 300 127 400
919 0 5 652 0 875 100 488 200 733 300 1448 400
920 0 5 13 0 668 100 1117 200 1390 300 1005 400
921 0 5 1341 0 1330 100 1053 200 991 300 1173 400
922 0 5 1083 0 253 100 715 200 1372 300 293 400
923 0 5 548 0 119 100 778 200 1110 300 180 400
924 0 5 844 0 1349 100 356 200 1225 300 403 400
925 0 5 203 0 176 100 1113 200 584 300 414 400
926 0 5 15 0 581 100 983 200 711 300 702 400
927 0 5 1488 0 99 100 1125 200 1018 300 948 400
928 0 5 692 0 653 100 125 200 1263 300 106 400
929 0 5 1455 0 317 100 756 200 636 300 258 400
930 0 5 899 0 1305 100 363 200 375 300 852 400
931 0 5 939 0 1280 100 771 200 296 300 66 400
932 0 5 473 0 1057 100 1136 200 712 300 851 400
933 0 5 1011 0 1341 100 745 200 167 300 991 400
934 0 5 1464 0 370 100 316 200 215 300 877 400
935 0 5 365 0 481 100 287 200 1213 300 424 400
936 0 5 1473 0 1078 100 790 200 493 300 1234 400
937 0 5 1043 0 615 100 865 200 698 300 642 400
938 0 5 233 0 1290 100 421 200 50 300 1010 400
939 0 5 931 0 771 100 1280 200 944 300 1265 400
940 0 5 143 0 1000 100 444 200 1480 300 225 400
941 0 5 7 0 1075 100 1327 200 562 300 1379 400
942 0 5 1451 0 269 100 405 200 127 300 641 400
943 0 5 605 0 1242 100 90 200 1244 300 229 400
944 0 5 570 0 300 100 66 200 771 300 1482 400
945 0 5 871 0 529 100 837 200 1332 300 1082 400
946 0 5 1262 0 221 100 359 200 755 300 807 400
947 0 5 1229 0 1171 100 654 200 724 300 611 400
948 0 5 1488 0 135 100 1018 200 338 300 1125 400
949 0 5 1059 0 779 100 417 200 1068 300 1205 400
950 0 5 775 0 715 100 489 200 563 300 1313 400
951 0 5 413 0 443 100 728 200 1175 300 809 400
952 0 5 295 0 1060 100 1178 200 761 300 330 400
953 0 5 1210 0 712 100 725 200 851 300 1136 400
954 0 5 235 0 747 100 262 200 246 300 352 400
955 0 5 1114 0 1046 100 452 200 1383 300 204 400
956 0 5 252 0 887 100 353 200 694 300 904 400
957 0 5 829 0 1340 100 849 200 843 300 1444 400
958 0 5 700 0 892 100 337 200 743 300 644 400
959 0 5 224 0 717 100 658 200 324 300 1256 400
960 0 5 1232 0 716 100 876 200 414 300 1193 400
961 0 5 812 0 388 100 1128 200 450 300 545 400
962 0 5 247 0 1226 100 1051 200 528 300 108 400
963 0 5 1393 0 1261 100 501 200 1360 300 466 400
964 0 5 1281 0 26 100 1186 200 1164 300 468 400
965 0 5 1449 0 1327 100 404 200 1111 300 1518 400
966 0 5 866 0 1319 100 19 200 1227 300 1076 400
967 0 5 1184 0 1289 100 726 200 1157 300 817 400
968 0 5 1032 0 1282 100 569 200 1164 300 76 400
969 0 5 1203 0 916 100 1357 200 971 300 254 400
970 0 5 183 0 504 100 433 200 901 300 688 400
971 0 5 305 0 113 100 856 200 327 300 969 400
972 0 5 1122 0 1223 100 1099 200 1354 300 559 400
973 0 5 266 0 166 100 1122 200 559 300 1066 400
974 0 5 65 0 1508 100 1509 200 1338 300 1093 400
975 0 5 418 0 988 100 1009 200 831 300 1138 400
976 0 5 357 0 364 100 647 200 201 300 334 400
977 0 5 223 0 605 100 341 200 469 300 1244 400
978 0 5 221 0 1174 100 336 200 492 300 1262 400
979 0 5 1503 0 1502 100 65 200 13 300 10 400
980 0 5 609 0 32 100 991 200 229 300 302 400
981 0 5 1413 0 100 100 409 200 583 300 96 400
982 0 5 79 0 1148 100 412 200 41 300 595 400
983 0 5 711 0 753 100 926 200 150 300 1120 400
984 0 5 742 0 1306 100 1288 200 1168 300 803 400
985 0 5 773 0 14 100 279 200 480 300 453 400
986 0 5 1208 0 326 100 122 200 1254 300 1206 400
987 0 5 838 0 1366 100 512 200 194 300 147 400
988 0 5 975 0 831 100 321 200 626 300 1419 400
989 0 5 218 0 335 100 567 200 168 300 17 400
990 0 5 60 0 268 100 1456 200 858 300 720 400
991 0 5 229 0 980 100 32 200 745 300 921 400
992 0 5 1279 0 1031 100 1147 200 251 300 1160 400
993 0 5 1243 0 5 100 1158 200 1075 300 486 400
994 0 5 1440 0 878 100 1014 200 537 300 77 400
995 0 5 163 0 270 100 338 200 428 300 1146 400
996 0 5 515 0 1487 100 894 200 366 300 1177 400
997 0 5 1398 0 655 100 1055 200 506 300 756 400
998 0 5 848 0 321 100 151 200 346 300 988 400
999 0 5 1170 0 1337 100 880 200 1100 300 125 400
1000 0 5 940 0 400 100 839 200 225 300 373 400
1001 0 5 155 0 1231 100 193 200 207 300 239 400
1002 0 5 805 0 891 100 1180 200 1498 300 1098 400
1003 0 5 530 0 54 100 497 200 47 300 1431 400
1004 0 5 1093 0 28 100 1227 200 65 300 589 400
1005 0 5 920 0 1117 100 13 200 1390 300 435 400
1006 0 5 1190 0 1280 100 1411 200 101 300 1051 400
1007 0 5 537 0 593 100 646 200 674 300 810 400
1008 0 5 1287 0 117 100 776 200 342 300 1471 400
1009 0 5 1313 0 52 100 418 200 975 300 831 400
1010 0 5 380 0 50 100 233 200 1290 300 938 400
1011 0 5 933 0 1341 100 909 200 1362 300 167 400
1012 0 5 406 0 97 100 582 200 1202 300 1423 400
1013 0 5 1219 0 1040 100 167 200 85 300 1345 400
1014 0 5 1133 0 286 100 77 200 555 300 994 400
1015 0 5 206 0 173 100 905 200 33 300 354 400
1016 0 5 491 0 875 100 559 200 1122 300 243 400
1017 0 5 1238 0 649 100 572 200 722 300 374 400
1018 0 5 1125 0 1154 100 135 200 948 300 1488 400
1019 0 5 1293 0 411 100 781 200 344 300 691 400
1020 0 5 1478 0 280 100 709 200 735 300 534 400
1021 0 5 1144 0 1137 100 24 200 860 300 67 400
1022 0 5 232 0 1434 100 1247 200 1203 300 1207 400
1023 0 5 701 0 249 100 318 200 1322 300 912 400
1024 0 5 475 0 1298 100 503 200 2 300 486 400
1025 0 5 385 0 314 100 801 200 1501 300 1070 400
1026 0 5 746 0 1139 100 488 200 919 300 875 400
1027 0 5 264 0 62 100 1299 200 1463 300 511 400
1028 0 5 197 0 1185 100 564 200 502 300 888 400
1029 0 5 1155 0 1405 100 1134 200 363 300 1211 400
1030 0 5 199 0 1250 100 1288 200 521 300 1355 400
1031 0 5 992 0 1147 100 1279 200 251 300 577 400
1032 0 5 968 0 569 100 1282 200 970 300 183 400
1033 0 5 1234 0 1223 100 790 200 855 300 1201 400
1034 0 5 1491 0 494 100 1363 200 6 300 617 400
1035 0 5 1374 0 580 100 1080 200 366 300 26 400
1036 0 5 94 0 782 100 2 200 1124 300 1284 400
1037 0 5 1463 0 811 100 144 200 906 300 663 400
1038 0 5 1493 0 388 100 792 200 670 300 1128 400
1039 0 5 1192 0 303 100 727 200 1103 300 814 400
1040 0 5 167 0 1013 100 1362 200 1219 300 1345 400
1041 0 5 1165 0 1412 100 294 200 1375 300 186 400
1042 0 5 1368 0 177 100 467 200 111 300 1166 400
1043 0 5 937 0 642 100 303 200 721 300 698 400
1044 0 5 802 0 195 100 722 200 72 300 572 400
1045 0 5 239 0 126 100 693 200 155 300 1145 400
1046 0 5 1114 0 529 100 955 200 452 300 628 400
1047 0 5 242 0 1477 100 687 200 272 300 504 400
1048 0 5 1307 0 1211 100 1318 200 526 300 1029 400
1049 0 5 346 0 83 100 679 200 848 300 1302 400
1050 0 5 716 0 414 100 1193 200 960 300 876 400
1051 0 5 1209 0 101 100 528 200 962 300 1006 400
1052 0 5 552 0 1458 100 483 200 798 300 1409 400
1053 0 5 1425 0 1330 100 1278 200 921 300 90 400
1054 0 5 1408 0 765 100 84 200 373 300 64 400
1055 0 5 1398 0 997 100 555 200 194 300 478 400
1056 0 5 685 0 601 100 480 200 1388 300 367 400
1057 0 5 630 0 932 100 1136 200 217 300 1397 400
1058 0 5 898 0 1392 100 99 200 338 300 163 400
1059 0 5 417 0 949 100 566 200 1068 300 22 400
1060 0 5 952 0 1156 100 761 200 1178 300 1239 400
1061 0 5 1196 0 767 100 271 200 906 300 1387 400
1062 0 5 238 0 1141 100 1216 200 1501 300 1391 400
1063 0 5 882 0 678 100 269 200 641 300 1397 400
1064 0 5 121 0 1424 100 1389 200 520 300 399 400
1065 0 5 1255 0 1331 100 343 200 212 300 1396 400
1066 0 5 590 0 266 100 1130 200 789 300 166 400
1067 0 5 879 0 1289 100 571 200 1184 300 1157 400
1068 0 5 1346 0 566 100 690 200 1059 300 949 400
1069 0 5 904 0 21 100 869 200 252 300 168 400
1070 0 5 730 0 278 100 560 200 1025 300 507 400
1071 0 5 1112 0 391 100 54 200 179 300 1431 400
1072 0 5 1406 0 1414 100 211 200 667 300 1348 400
1073 0 5 1123 0 49 100 227 200 683 300 682 400
1074 0 5 810 0 1193 100 86 200 674 300 593 400
1075 0 5 941 0 1158 100 634 200 993 300 689 400
1076 0 5 1319 0 1192 100 303 200 642 300 1043 400
1077 0 5 1492 0 1268 100 134 200 1417 300 1085 400
1078 0 5 493 0 1234 100 936 200 790 300 1479 400
1079 0 5 884 0 652 100 1448 200 1441 300 875 400
1080 0 5 1374 0 1035 100 672 200 468 300 1094 400
1081 0 5 46 0 306 100 254 200 36 300 1367 400
1082 0 5 871 0 1332 100 1102 200 836 300 837 400
1083 0 5 922 0 253 100 1329 200 553 300 489 400
1084 0 5 1373 0 747 100 729 200 153 300 1283 400
1085 0 5 9 0 1268 100 225 200 444 300 1417 400
1086 0 5 617 0 564 100 1496 200 197 300 825 400
1087 0 5 130 0 1165 100 802 200 1412 300 722 400
1088 0 5 1189 0 353 100 703 200 449 300 956 400
1089 0 5 486 0 867 100 258 200 5 300 475 400
1090 0 5 1394 0 1402 100 796 200 274 300 706 400
1091 0 5 1199 0 647 100 372 200 34 300 465 400
1092 0 5 1142 0 149 100 606 200 759 300 444 400
1093 0 5 10 0 1004 100 65 200 1227 300 1338 400
1094 0 5 1274 0 1403 100 672 200 739 300 190 400
1095 0 5 273 0 515 100 1450 200 472 300 585 400
1096 0 5 27 0 1426 100 721 200 1195 300 187 400
1097 0 5 351 0 1285 100 500 200 523 300 320 400
1098 0 5 749 0 440 100 801 200 278 300 891 400
1099 0 5 216 0 1223 100 166 200 741 300 972 400
1100 0 5 496 0 89 100 125 200 1170 300 796 400
1101 0 5 400 0 225 100 1408 200 373 300 1329 400
1102 0 5 92 0 1082 100 836 200 1332 300 905 400
1103 0 5 303 0 865 100 1043 200 1422 300 1039 400
1104 0 5 273 0 169 100 1095 200 118 300 203 400
1105 0 5 752 0 669 100 1350 200 893 300 1473 400
1106 0 5 1126 0 150 100 173 200 1347 300 753 400
1107 0 5 743 0 610 100 1317 200 892 300 958 400
1108 0 5 744 0 1168 100 1151 200 299 300 1314 400
1109 0 5 463 0 1357 100 1433 200 519 300 916 400
1110 0 5 548 0 286 100 923 200 381 300 133 400
1111 0 5 864 0 1236 100 1521 200 1327 300 965 400
1112 0 5 1071 0 1431 100 215 200 391 300 179 400
1113 0 5 98 0 203 100 925 200 245 300 437 400
1114 0 5 452 0 955 100 1046 200 628 300 529 400
1115 0 5 432 0 794 100 469 200 1452 300 977 400
1116 0 5 1296 0 578 100 731 200 256 300 1128 400
1117 0 5 524 0 1390 100 920 200 435 300 1005 400
1118 0 5 332 0 1507 100 1506 200 1295 300 1389 400
1119 0 5 341 0 1452 100 1404 200 760 300 138 400
1120 0 5 1358 0 1285 100 523 200 711 300 320 400
1121 0 5 220 0 1437 100 23 200 64 300 896 400
1122 0 5 972 0 559 100 973 200 166 300 1016 400
1123 0 5 1073 0 49 100 1393 200 963 300 501 400
1124 0 5 103 0 75 100 756 200 782 300 535 400
1125 0 5 1018 0 470 100 1154 200 1317 300 948 400
1126 0 5 354 0 1106 100 905 200 173 300 1015 400
1127 0 5 513 0 280 100 439 200 534 300 310 400
1128 0 5 388 0 961 100 1296 200 1493 300 1292 400
1129 0 5 673 0 1420 100 822 200 557 300 1164 400
1130 0 5 1291 0 789 100 1066 200 266 300 138 400
1131 0 5 213 0 1263 100 278 200 106 300 1070 400
1132 0 5 1156 0 1360 100 466 200 1261 300 461 400
1133 0 5 1256 0 1014 100 31 200 555 300 324 400
1134 0 5 1029 0 363 100 500 200 1405 300 930 400
1135 0 5 328 0 119 100 666 200 778 300 588 400
1136 0 5 851 0 725 100 1210 200 1057 300 932 400
1137 0 5 1144 0 1021 100 612 200 1160 300 24 400
1138 0 5 134 0 321 100 52 200 988 300 1313 400
1139 0 5 1026 0 488 100 311 200 746 300 1246 400
1140 0 5 608 0 459 100 8 200 915 300 1123 400
1141 0 5 313 0 1062 100 1501 200 1216 300 379 400
1142 0 5 1474 0 1092 100 759 200 606 300 9 400
1143 0 5 51 0 778 100 272 200 381 300 588 400
1144 0 5 1021 0 612 100 1137 200 795 300 667 400
1145 0 5 214 0 693 100 518 200 1314 300 1151 400
1146 0 5 270 0 428 100 1276 200 222 300 1300 400
1147 0 5 577 0 1031 100 1367 200 1279 300 992 400
1148 0 5 198 0 982 100 595 200 412 300 41 400
1149 0 5 1414 0 795 100 612 200 667 300 1072 400
1150 0 5 140 0 170 100 21 200 282 300 352 400
1151 0 5 1314 0 299 100 518 200 625 300 744 400
1152 0 5 917 0 1348 100 35 200 1406 300 564 400
1153 0 5 1301 0 16 100 1265 200 771 300 561 400
1154 0 5 1018 0 178 100 1125 200 470 300 135 400
1155 0 5 1405 0 1029 100 546 200 640 300 1347 400
1156 0 5 1132 0 1060 100 330 200 761 300 1239 400
1157 0 5 1184 0 736 100 505 200 879 300 1067 400
1158 0 5 784 0 1075 100 993 200 410 300 362 400
1159 0 5 846 0 441 100 1502 200 1 300 893 400
1160 0 5 1279 0 1137 100 612 200 479 300 1328 400
1161 0 5 1498 0 385 100 440 200 1501 300 1359 400
1162 0 5 686 0 1209 100 528 200 453 300 499 400
1163 0 5 602 0 1409 100 483 200 1210 300 257 400
1164 0 5 1420 0 468 100 76 200 964 300 1344 400
1165 0 5 1041 0 1412 100 1087 200 1375 300 130 400
1166 0 5 395 0 1269 100 1336 200 467 300 1315 400
1167 0 5 284 0 311 100 772 200 746 300 1462 400
1168 0 5 1108 0 984 100 1288 200 742 300 744 400
1169 0 5 1399 0 323 100 641 200 477 300 87 400
1170 0 5 37 0 999 100 1100 200 880 300 1337 400
1171 0 5 611 0 947 100 724 200 1229 300 1349 400
1172 0 5 105 0 455 100 1468 200 376 300 310 400
1173 0 5 1330 0 90 100 991 200 921 300 1242 400
1174 0 5 568 0 978 100 336 200 110 300 1461 400
1175 0 5 1471 0 413 100 1485 200 620 300 951 400
1176 0 5 1335 0 392 100 405 200 231 300 1218 400
1177 0 5 1274 0 366 100 894 200 996 300 828 400
1178 0 5 57 0 952 100 295 200 461 300 1060 400
1179 0 5 1312 0 1197 100 586 200 1384 300 1495 400
1180 0 5 1469 0 805 100 44 200 1002 300 755 400
1181 0 5 82 0 853 100 227 200 827 300 682 400
1182 0 5 794 0 469 100 377 200 397 300 267 400
1183 0 5 662 0 3 100 1441 200 637 300 733 400
1184 0 5 967 0 1157 100 1067 200 1289 300 879 400
1185 0 5 1028 0 888 100 197 200 502 300 1355 400
1186 0 5 901 0 688 100 275 200 1281 300 964 400
1187 0 5 323 0 231 100 208 200 490 300 392 400
1188 0 5 508 0 1415 100 309 200 885 300 651 400
1189 0 5 1088 0 358 100 1427 200 449 300 703 400
1190 0 5 1006 0 101 100 1411 200 1280 300 561 400
1191 0 5 662 0 1352 100 637 200 1453 300 1183 400
1192 0 5 1039 0 1076 100 727 200 303 300 1319 400
1193 0 5 674 0 1074 100 86 200 876 300 1232 400
1194 0 5 114 0 1443 100 157 200 573 300 142 400
1195 0 5 840 0 1459 100 637 200 27 300 791 400
1196 0 5 767 0 1061 100 1387 200 1343 300 906 400
1197 0 5 854 0 586 100 1179 200 1312 300 575 400
1198 0 5 23 0 1356 100 896 200 625 300 1437 400
1199 0 5 372 0 1091 100 1321 200 34 300 465 400
1200 0 5 600 0 110 100 1443 200 157 300 889 400
1201 0 5 741 0 209 100 226 200 495 300 1223 400
1202 0 5 429 0 582 100 97 200 1423 300 1375 400
1203 0 5 969 0 916 100 254 200 1241 300 1434 400
1204 0 5 88 0 842 100 834 200 335 300 219 400
1205 0 5 779 0 827 100 681 200 683 300 82 400
1206 0 5 234 0 1486 100 122 200 72 300 986 400
1207 0 5 1434 0 505 100 1241 200 1247 300 1157 400
1208 0 5 1340 0 986 100 900 200 326 300 1254 400
1209 0 5 1051 0 1162 100 528 200 686 300 101 400
1210 0 5 953 0 851 100 1163 200 1136 300 402 400
1211 0 5 1318 0 230 100 1048 200 635 300 526 400
1212 0 5 1266 0 1386 100 774 200 208 300 477 400
1213 0 5 1380 0 40 100 481 200 935 300 365 400
1214 0 5 1220 0 1382 100 694 200 890 300 1245 400
1215 0 5 918 0 1397 100 517 200 1063 300 882 400
1216 0 5 1391 0 379 100 1141 200 1062 300 1377 400
1217 0 5 494 0 126 100 175 200 914 300 742 400
1218 0 5 1335 0 490 100 1371 200 392 300 208 400
1219 0 5 1013 0 1345 100 85 200 1362 300 1040 400
1220 0 5 1214 0 1245 100 1382 200 1270 300 228 400
1221 0 5 740 0 1277 100 897 200 347 300 1472 400
1222 0 5 339 0 79 100 41 200 1494 300 1476 400
1223 0 5 1033 0 1099 100 732 200 741 300 972 400
1224 0 5 431 0 554 100 731 200 256 300 108 400
1225 0 5 356 0 894 100 828 200 160 300 924 400
1226 0 5 622 0 1292 100 528 200 120 300 247 400
1227 0 5 866 0 1004 100 1093 200 10 300 966 400
1228 0 5 800 0 11 100 204 200 139 300 485 400
1229 0 5 737 0 947 100 1349 200 654 300 724 400
1230 0 5 614 0 307 100 186 200 1412 300 722 400
1231 0 5 799 0 1001 100 155 200 207 300 553 400
1232 0 5 1286 0 876 100 960 200 1193 300 674 400
1233 0 5 727 0 589 100 1227 200 245 300 28 400
1234 0 5 1078 0 1033 100 493 200 855 300 1201 400
1235 0 5 1325 0 138 100 302 200 1130 300 1119 400
1236 0 5 1539 0 1 100 1111 200 864 300 1449 400
1237 0 5 93 0 292 100 477 200 149 300 1399 400
1238 0 5 1017 0 374 100 614 200 649 300 572 400
1239 0 5 461 0 57 100 240 200 1060 300 1178 400
1240 0 5 797 0 539 100 804 200 565 300 42 400
1241 0 5 736 0 254 100 1207 200 1157 300 1434 400
1242 0 5 943 0 90 100 1244 200 229 300 1173 400
1243 0 5 362 0 993 100 1158 200 1311 300 486 400
1244 0 5 1404 0 605 100 1242 200 977 300 90 400
1245 0 5 1220 0 228 100 1270 200 358 300 174 400
1246 0 5 61 0 488 100 3 200 1139 300 713 400
1247 0 5 1272 0 1022 100 1385 200 484 300 1434 400
1248 0 5 669 0 1227 100 866 200 966 300 10 400
1249 0 5 69 0 1257 100 45 200 826 300 55 400
1250 0 5 1030 0 1355 100 858 200 1288 300 199 400
1251 0 5 347 0 161 100 897 200 1269 300 1277 400
1252 0 5 1323 0 664 100 324 200 224 300 394 400
1253 0 5 86 0 118 100 277 200 1193 300 810 400
1254 0 5 900 0 374 100 649 200 986 300 1017 400
1255 0 5 1065 0 536 100 1331 200 1325 300 590 400
1256 0 5 1133 0 324 100 658 200 1323 300 959 400
1257 0 5 1249 0 45 100 1372 200 826 300 207 400
1258 0 5 1461 0 110 100 600 200 1200 300 889 400
1259 0 5 393 0 1346 100 690 200 675 300 232 400
1260 0 5 702 0 423 100 905 200 1271 300 92 400
1261 0 5 1360 0 522 100 963 200 1132 300 461 400
1262 0 5 1489 0 946 100 221 200 978 300 1499 400
1263 0 5 1131 0 507 100 106 200 653 300 692 400
1264 0 5 15 0 47 100 107 200 581 300 702 400
1265 0 5 771 0 1153 100 300 200 95 300 16 400
1266 0 5 1212 0 657 100 477 200 1436 300 774 400
1267 0 5 613 0 408 100 863 200 785 300 699 400
1268 0 5 1417 0 1085 100 1077 200 9 300 134 400
1269 0 5 1364 0 161 100 1166 200 1368 300 1336 400
1270 0 5 1245 0 703 100 1189 200 694 300 358 400
1271 0 5 43 0 702 100 423 200 1260 300 1332 400
1272 0 5 1333 0 1385 100 1247 200 505 300 1401 400
1273 0 5 289 0 834 100 648 200 282 300 129 400
1274 0 5 1094 0 1177 100 739 200 366 300 1403 400
1275 0 5 815 0 1454 100 705 200 1436 300 395 400
1276 0 5 249 0 325 100 159 200 222 300 1300 400
1277 0 5 1221 0 255 100 1472 200 347 300 897 400
1278 0 5 1425 0 1053 100 90 200 274 300 943 400
1279 0 5 992 0 1031 100 1160 200 1147 300 479 400
1280 0 5 931 0 1006 100 296 200 1190 300 939 400
1281 0 5 964 0 1186 100 383 200 26 300 1475 400
1282 0 5 968 0 76 100 1032 200 1164 300 822 400
1283 0 5 1422 0 1373 100 787 200 1084 300 350 400
1284 0 5 368 0 782 100 478 200 94 300 1036 400
1285 0 5 320 0 1097 100 523 200 1120 300 500 400
1286 0 5 1232 0 1483 100 674 200 664 300 593 400
1287 0 5 1008 0 776 100 117 200 1471 300 462 400
1288 0 5 1306 0 984 100 1250 200 1030 300 1168 400
1289 0 5 967 0 1369 100 1067 200 726 300 4 400
1290 0 5 48 0 938 100 233 200 631 300 806 400
1291 0 5 1445 0 760 100 1130 200 789 300 1119 400
1292 0 5 645 0 247 100 1296 200 1226 300 1128 400
1293 0 5 287 0 1019 100 781 200 365 300 1465 400
1294 0 5 915 0 244 100 8 200 210 300 206 400
1295 0 5 1507 0 1508 100 1118 200 1389 300 332 400
1296 0 5 1116 0 1292 100 1128 200 731 300 645 400
1297 0 5 695 0 549 100 718 200 1482 300 1160 400
1298 0 5 1024 0 75 100 2 200 475 300 503 400
1299 0 5 850 0 511 100 1027 200 158 300 264 400
1300 0 5 325 0 222 100 1276 200 159 300 707 400
1301 0 5 1153 0 16 100 4 200 471 300 1265 400
1302 0 5 1438 0 606 100 83 200 679 300 848 400
1303 0 5 609 0 302 100 819 200 592 300 1325 400
1304 0 5 256 0 707 100 308 200 222 300 912 400
1305 0 5 453 0 930 100 375 200 480 300 899 400
1306 0 5 770 0 803 100 1288 200 984 300 1168 400
1307 0 5 1048 0 421 100 1401 200 526 300 1211 400
1308 0 5 307 0 764 100 186 200 1230 300 614 400
1309 0 5 734 0 835 100 849 200 422 300 843 400
1310 0 5 533 0 656 100 1320 200 216 300 495 400
1311 0 5 116 0 503 100 486 200 1243 300 362 400
1312 0 5 1179 0 1495 100 1197 200 575 300 611 400
1313 0 5 1009 0 52 100 1138 200 1492 300 489 400
1314 0 5 518 0 214 100 1151 200 1145 300 625 400
1315 0 5 456 0 679 100 395 200 464 300 1166 400
1316 0 5 407 0 358 100 699 200 1267 300 174 400
1317 0 5 416 0 610 100 470 200 1107 300 1125 400
1318 0 5 635 0 230 100 1211 200 1048 300 526 400
1319 0 5 1076 0 966 100 866 200 727 300 19 400
1320 0 5 331 0 632 100 1310 200 656 300 165 400
1321 0 5 1339 0 833 100 372 200 1199 300 465 400
1322 0 5 443 0 809 100 1485 200 701 300 951 400
1323 0 5 1252 0 664 100 324 200 394 300 1256 400
1324 0 5 37 0 496 100 796 200 1402 300 1100 400
1325 0 5 1235 0 302 100 536 200 138 300 259 400
1326 0 5 788 0 369 100 719 200 1378 300 861 400
1327 0 5 965 0 7 100 404 200 941 300 1111 400
1328 0 5 883 0 1147 100 577 200 1414 300 1160 400
1329 0 5 225 0 1101 100 1000 200 872 300 1077 400
1330 0 5 1173 0 921 100 1053 200 90 300 274 400
1331 0 5 250 0 1065 100 343 200 1255 300 559 400
1332 0 5 1082 0 92 100 1102 200 423 300 871 400
1333 0 5 1385 0 1272 100 1401 200 421 300 571 400
1334 0 5 1477 0 277 100 504 200 433 300 1047 400
1335 0 5 1176 0 1218 100 392 200 490 300 231 400
1336 0 5 161 0 783 100 1166 200 1269 300 395 400
1337 0 5 128 0 999 100 880 200 1170 300 37 400
1338 0 5 65 0 427 100 1004 200 974 300 1093 400
1339 0 5 1321 0 877 100 833 200 1464 300 215 400
1340 0 5 1208 0 900 100 957 200 374 300 986 400
1341 0 5 921 0 933 100 1011 200 991 300 745 400
1342 0 5 109 0 379 100 1418 200 821 300 755 400
1343 0 5 607 0 107 100 1387 200 767 300 1196 400
1344 0 5 425 0 468 100 1420 200 1164 300 26 400
1345 0 5 1362 0 1219 100 85 200 189 300 1013 400
1346 0 5 690 0 1259 100 1068 200 675 300 566 400
1347 0 5 348 0 1358 100 753 200 1106 300 150 400
1348 0 5 540 0 1152 100 1072 200 71 300 617 400
1349 0 5 748 0 737 100 924 200 1229 300 844 400
1350 0 5 669 0 1105 100 1453 200 146 300 752 400
1351 0 5 764 0 434 100 70 200 340 300 186 400
1352 0 5 1365 0 637 100 840 200 415 300 1191 400
1353 0 5 240 0 1459 100 426 200 460 300 791 400
1354 0 5 243 0 732 100 884 200 972 300 875 400
1355 0 5 587 0 1250 100 888 200 199 300 521 400
1356 0 5 1198 0 798 100 23 200 896 300 750 400
1357 0 5 916 0 969 100 1109 200 1203 300 1466 400
1358 0 5 1120 0 1347 100 546 200 753 300 523 400
1359 0 5 313 0 1498 100 1469 200 44 300 1161 400
1360 0 5 1261 0 466 100 1132 200 963 300 501 400
1361 0 5 803 0 914 100 770 200 742 300 825 400
1362 0 5 1345 0 909 100 189 200 1011 300 85 400
1363 0 5 369 0 1384 100 1491 200 1034 300 1378 400
1364 0 5 1368 0 1269 100 177 200 897 300 661 400
1365 0 5 415 0 1352 100 1453 200 840 300 1191 400
1366 0 5 368 0 987 100 512 200 194 300 147 400
1367 0 5 577 0 1147 100 53 200 46 300 306 400
1368 0 5 1364 0 1042 100 1269 200 177 300 897 400
1369 0 5 471 0 1289 100 4 200 758 300 526 400
1370 0 5 556 0 334 100 487 200 458 300 847 400
1371 0 5 774 0 1386 100 1218 200 1421 300 208 400
1372 0 5 1428 0 293 100 1257 200 715 300 922 400
1373 0 5 1283 0 787 100 1084 200 747 300 1422 400
1374 0 5 1080 0 1035 100 26 200 468 300 580 400
1375 0 5 429 0 130 100 39 200 1165 300 1041 400
1376 0 5 276 0 1439 100 1471 200 132 300 29 400
1377 0 5 873 0 344 100 379 200 821 300 659 400
1378 0 5 476 0 1363 100 1326 200 378 300 236 400
1379 0 5 123 0 723 100 7 200 941 300 360 400
1380 0 5 1213 0 40 100 141 200 481 300 757 400
1381 0 5 330 0 198 100 12 200 761 300 139 400
1382 0 5 1214 0 694 100 1220 200 81 300 22 400
1383 0 5 204 0 757 100 628 200 38 300 452 400
1384 0 5 660 0 1363 100 1179 200 586 300 494 400
1385 0 5 1333 0 1272 100 631 200 484 300 1247 400
1386 0 5 1371 0 1212 100 208 200 774 300 490 400
1387 0 5 663 0 1196 100 1343 200 906 300 107 400
1388 0 5 685 0 877 100 601 200 34 300 1056 400
1389 0 5 399 0 164 100 1064 200 594 300 1118 400
1390 0 5 668 0 1117 100 920 200 716 300 524 400
1391 0 5 80 0 1216 100 1062 200 659 300 297 400
1392 0 5 1058 0 99 100 338 200 163 300 948 400
1393 0 5 963 0 78 100 823 200 550 300 172 400
1394 0 5 1090 0 796 100 859 200 706 300 1011 400
1395 0 5 445 0 527 100 67 200 603 300 677 400
1396 0 5 911 0 772 100 212 200 343 300 618 400
1397 0 5 1215 0 882 100 1063 200 1136 300 918 400
1398 0 5 1055 0 997 100 655 200 591 300 555 400
1399 0 5 1169 0 292 100 87 200 477 300 444 400
1400 0 5 412 0 781 100 451 200 411 300 485 400
1401 0 5 1333 0 421 100 1307 200 571 300 1272 400
1402 0 5 1090 0 274 100 1278 200 796 300 1425 400
1403 0 5 1094 0 739 100 1274 200 115 300 768 400
1404 0 5 341 0 1244 100 1119 200 977 300 605 400
1405 0 5 1155 0 546 100 1029 200 1134 300 523 400
1406 0 5 667 0 1072 100 35 200 1152 300 1414 400
1407 0 5 903 0 81 100 22 200 1433 300 566 400
1408 0 5 1054 0 373 100 1101 200 400 300 84 400
1409 0 5 1163 0 552 100 1490 200 154 300 1446 400
1410 0 5 175 0 660 100 854 200 586 300 1197 400
1411 0 5 561 0 101 100 1190 200 1006 300 808 400
1412 0 5 1165 0 186 100 1041 200 722 300 1087 400
1413 0 5 981 0 583 100 680 200 255 300 1472 400
1414 0 5 1149 0 1072 100 667 200 795 300 211 400
1415 0 5 1188 0 309 100 508 200 885 300 398 400
1416 0 5 213 0 106 100 880 200 128 300 653 400
1417 0 5 1268 0 1474 100 134 200 9 300 1077 400
1418 0 5 821 0 1342 100 1465 200 379 300 344 400
1419 0 5 626 0 389 100 185 200 988 300 639 400
1420 0 5 1129 0 1164 100 1344 200 822 300 76 400
1421 0 5 818 0 1436 100 1371 200 774 300 1212 400
1422 0 5 1283 0 841 100 303 200 1103 300 1373 400
1423 0 5 39 0 582 100 888 200 1202 300 382 400
1424 0 5 404 0 723 100 1064 200 360 300 867 400
1425 0 5 1278 0 1053 100 274 200 1330 300 921 400
1426 0 5 27 0 1096 100 721 200 104 300 59 400
1427 0 5 358 0 449 100 1189 200 1316 300 1267 400
1428 0 5 775 0 1372 100 563 200 715 300 293 400
1429 0 5 387 0 868 100 398 200 832 300 1415 400
1430 0 5 1451 0 217 100 405 200 127 300 269 400
1431 0 5 215 0 1112 100 530 200 497 300 1003 400
1432 0 5 160 0 203 100 472 200 88 300 98 400
1433 0 5 903 0 1407 100 232 200 519 300 690 400
1434 0 5 1207 0 1022 100 1247 200 1241 300 505 400
1435 0 5 285 0 621 100 447 200 85 300 1470 400
1436 0 5 1454 0 1421 100 1275 200 657 300 1266 400
1437 0 5 896 0 1121 100 23 200 220 300 750 400
1438 0 5 1302 0 464 100 679 200 241 300 606 400
1439 0 5 1376 0 29 100 276 200 132 300 738 400
1440 0 5 994 0 537 100 878 200 646 300 810 400
1441 0 5 1448 0 733 100 1183 200 662 300 1079 400
1442 0 5 541 0 410 100 784 200 1075 300 689 400
1443 0 5 1194 0 157 100 1200 200 568 300 110 400
1444 0 5 200 0 422 100 829 200 957 300 1210 400
1445 0 5 760 0 1291 100 432 200 1452 300 789 400
1446 0 5 154 0 257 100 349 200 1409 300 1163 400
1447 0 5 1460 0 503 100 2 200 1311 300 202 400
1448 0 5 733 0 1441 100 488 200 1079 300 1183 400
1449 0 5 965 0 594 100 1513 200 1514 300 404 400
1450 0 5 419 0 515 100 585 200 1095 300 472 400
1451 0 5 1430 0 127 100 942 200 269 300 405 400
1452 0 5 760 0 1119 100 432 200 341 300 1115 400
1453 0 5 146 0 752 100 1365 200 1350 300 1191 400
1454 0 5 1436 0 1275 100 456 200 705 300 395 400
1455 0 5 535 0 317 100 929 200 756 300 1124 400
1456 0 5 60 0 268 100 720 200 990 300 514 400
1457 0 5 847 0 644 100 487 200 892 300 556 400
1458 0 5 750 0 1052 100 552 200 619 300 798 400
1459 0 5 1353 0 1195 100 791 200 579 300 187 400
1460 0 5 1447 0 2 100 94 200 503 300 202 400
1461 0 5 1258 0 600 100 850 200 910 300 889 400
1462 0 5 772 0 525 100 1167 200 343 300 746 400
1463 0 5 1037 0 62 100 1027 200 684 300 811 400
1464 0 5 934 0 215 100 370 200 877 300 316 400
1465 0 5 807 0 1418 100 287 200 755 300 142 400
1466 0 5 322 0 856 100 971 200 969 300 384 400
1467 0 5 859 0 780 100 909 200 706 300 125 400
1468 0 5 832 0 1172 100 376 200 868 300 455 400
1469 0 5 44 0 1180 100 1359 200 1498 300 755 400
1470 0 5 621 0 124 100 599 200 447 300 592 400
1471 0 5 1175 0 776 100 1376 200 629 300 1287 400
1472 0 5 680 0 255 100 740 200 1277 300 301 400
1473 0 5 893 0 936 100 493 200 1159 300 846 400
1474 0 5 1142 0 1417 100 9 200 134 300 1092 400
1475 0 5 275 0 383 100 148 200 542 300 1281 400
1476 0 5 442 0 339 100 74 200 412 300 451 400
1477 0 5 1334 0 504 100 1047 200 433 300 687 400
1478 0 5 1020 0 709 100 315 200 651 300 885 400
1479 0 5 676 0 146 100 855 200 1078 300 790 400
1480 0 5 143 0 87 100 940 200 444 300 1399 400
1481 0 5 895 0 59 100 698 200 78 300 823 400
1482 0 5 300 0 695 100 67 200 1297 300 944 400
1483 0 5 664 0 674 100 1286 200 394 300 593 400
1484 0 5 282 0 289 100 129 200 648 300 1273 400
1485 0 5 396 0 413 100 443 200 620 300 1175 400
1486 0 5 234 0 382 100 1206 200 587 300 858 400
1487 0 5 894 0 996 100 1177 200 366 300 828 400
1488 0 5 927 0 948 100 99 200 338 300 1125 400
1489 0 5 1499 0 1262 100 805 200 755 300 749 400
1490 0 5 619 0 154 100 1409 200 839 300 291 400
1491 0 5 369 0 1363 100 1034 200 1378 300 540 400
1492 0 5 872 0 1077 100 1313 200 52 300 134 400
1493 0 5 120 0 792 100 1038 200 1128 300 388 400
1494 0 5 74 0 355 100 284 200 102 300 659 400
1495 0 5 1312 0 611 100 265 200 1179 300 236 400
1496 0 5 502 0 521 100 197 200 1086 300 199 400
1497 0 5 261 0 390 100 290 200 244 300 682 400
1498 0 5 1161 0 1359 100 891 200 440 300 1469 400
1499 0 5 1489 0 749 100 805 200 1262 300 946 400
1500 0 5 64 0 799 100 239 200 553 300 220 400
1501 0 5 314 0 1141 100 1025 200 1161 300 1062 400
1502 0 5 979 0 1159 100 589 200 665 300 936 400
1503 0 5 766 0 979 100 589 200 665 300 936 400
1504 0 5 766 0 164 100 589 200 665 300 936 400
1505 0 5 164 0 594 100 589 200 665 300 936 400
1506 0 5 1118 0 594 100 589 200 665 300 936 400
1507 0 5 1118 0 1295 100 589 200 665 300 936 400
1508 0 5 974 0 1295 100 589 200 665 300 936 400
1509 0 5 974 0 10 100 589 200 665 300 936 400
1510 0 5 10 0 846 100 589 200 665 300 936 400
1511 0 5 846 0 332 100 589 200 665 300 936 400
1512 0 5 13 0 332 100 589 200 665 300 936 400
1513 0 5 1449 0 13 100 589 200 665 300 936 400
1514 0 5 1005 0 1449 100 589 200 665 300 936 400
1515 0 5 1005 0 65 100 589 200 665 300 936 400
1516 0 5 1093 0 65 100 589 200 665 300 936 400
1517 0 5 965 0 1093 100 589 200 665 300 716 400
1518 0 5 920 0 965 100 589 200 665 300 936 400
1519 0 5 920 0 1338 100 589 200 665 300 936 400
1520 0 5 1111 0 1338 100 589 200 665 300 936 400
1521 0 5 1111 0 668 100 589 200 665 300 936 400
1522 0 5 441 0 668 100 589 200 665 300 936 400
1523 0 5 893 0 441 100 589 200 665 300 28 400
1524 0 5 893 0 669 100 589 200 28 300 665 400
1525 0 5 669 0 192 100 589 200 28 300 665 400
1526 0 5 192 0 1390 100 589 200 28 300 665 400
1527 0 5 1117 0 1390 100 589 200 28 300 665 400
1528 0 5 1117 0 1004 100 589 200 28 300 665 400
1529 0 5 1004 0 589 100 864 200 665 300 28 400
1530 0 5 1248 0 589 100 864 200 28 300 665 400
1531 0 5 1248 0 1473 100 589 200 28 300 665 400
1532 0 5 1473 0 589 100 28 200 665 300 936 400
1533 0 5 524 0 589 100 28 200 665 300 936 400
1534 0 5 1389 0 524 100 589 200 28 300 665 400
1535 0 5 1389 0 589 100 1327 200 28 300 665 400
1536 0 5 1105 0 589 100 1327 200 28 300 665 400
1537 0 5 1105 0 589 100 1227 200 28 300 1424 400
1538 0 5 1227 0 589 100 404 200 28 300 665 400
1539 0 5 1236 0 404 100 589 200 28 300 399 400
-1
EOF
