1541
1 0 5 441 0 1469 100 790 200 879 300 1252 400
2 0 5 812 0 807 100 743 200 653 300 111 400
3 0 5 938 0 279 100 1263 200 401 300 1473 400
4 0 5 35 0 1255 100 276 200 928 300 362 400
5 0 5 247 0 1225 100 198 200 1142 300 538 400
6 0 5 307 0 319 100 637 200 732 300 1162 400
7 0 5 20 0 258 100 913 200 849 300 1158 400
8 0 5 1206 0 1036 100 772 200 223 300 1131 400
9 0 5 911 0 1166 100 1349 200 1300 300 1117 400
10 0 5 426 0 444 100 785 200 1479 300 1159 400
11 0 5 1333 0 700 100 771 200 1455 300 1188 400
12 0 5 1042 0 277 100 952 200 684 300 1204 400
13 0 5 910 0 947 100 227 200 1156 300 461 400
14 0 5 1245 0 49 100 245 200 989 300 578 400
15 0 5 415 0 421 100 1456 200 746 300 528 400
16 0 5 1205 0 962 100 410 200 317 300 1202 400
17 0 5 202 0 1364 100 144 200 1391 300 509 400
18 0 5 801 0 1414 100 1299 200 680 300 137 400
19 0 5 137 0 979 100 725 200 1414 300 207 400
20 0 5 913 0 7 100 419 200 258 300 1158 400
21 0 5 1074 0 286 100 676 200 388 300 462 400
22 0 5 755 0 1025 100 621 200 1297 300 667 400
23 0 5 801 0 1261 100 1110 200 472 300 680 400
24 0 5 852 0 558 100 1459 200 1248 300 1426 400
25 0 5 1317 0 27 100 659 200 67 300 912 400
26 0 5 851 0 759 100 1160 200 628 300 1093 400
27 0 5 25 0 1317 100 912 200 599 300 67 400
28 0 5 1020 0 252 100 580 200 915 300 73 400
29 0 5 507 0 229 100 1152 200 1513 300 1514 400
30 0 5 858 0 716 100 621 200 1043 300 191 400
31 0 5 347 0 966 100 232 200 797 300 233 400
32 0 5 1115 0 823 100 862 200 828 300 752 400
33 0 5 171 0 535 100 1085 200 126 300 1461 400
34 0 5 883 0 1077 100 278 200 153 300 612 400
35 0 5 4 0 666 100 276 200 1255 300 236 400
36 0 5 1399 0 1228 100 1450 200 1345 300 1485 400
37 0 5 1178 0 1384 100 1137 200 1075 300 1308 400
38 0 5 896 0 1044 100 935 200 1052 300 1499 400
39 0 5 922 0 412 100 1040 200 1097 300 882 400
40 0 5 45 0 605 100 1475 200 1435 300 303 400
41 0 5 1188 0 312 100 909 200 618 300 161 400
42 0 5 698 0 589 100 859 200 941 300 522 400
43 0 5 923 0 1200 100 1477 200 469 300 704 400
44 0 5 1258 0 1123 100 342 200 437 300 647 400
45 0 5 40 0 990 100 303 200 1192 300 605 400
46 0 5 1472 0 625 100 860 200 223 300 677 400
47 0 5 1461 0 1406 100 126 200 566 300 487 400
48 0 5 908 0 1321 100 866 200 1442 300 907 400
49 0 5 837 0 14 100 1245 200 989 300 1177 400
50 0 5 220 0 663 100 1000 200 630 300 644 400
51 0 5 435 0 606 100 1007 200 565 300 770 400
52 0 5 301 0 1232 100 764 200 747 300 520 400
53 0 5 1209 0 1419 100 149 200 63 300 1358 400
54 0 5 143 0 799 100 338 200 277 300 1204 400
55 0 5 1393 0 1327 100 354 200 783 300 493 400
56 0 5 887 0 1296 100 122 200 819 300 576 400
57 0 5 256 0 170 100 793 200 906 300 1273 400
58 0 5 1058 0 955 100 117 200 575 300 154 400
59 0 5 139 0 1017 100 1397 200 397 300 291 400
60 0 5 293 0 339 100 780 200 546 300 1408 400
61 0 5 652 0 579 100 295 200 1008 300 760 400
62 0 5 901 0 1175 100 1226 200 688 300 216 400
63 0 5 1419 0 95 100 53 200 1437 300 1445 400
64 0 5 841 0 789 100 423 200 1061 300 1371 400
65 0 5 1428 0 404 100 383 200 526 300 908 400
66 0 5 1353 0 1015 100 313 200 1142 300 904 400
67 0 5 1298 0 599 100 27 200 25 300 1317 400
68 0 5 203 0 1158 100 788 200 132 300 1451 400
69 0 5 177 0 239 100 1402 200 1380 300 1199 400
70 0 5 1468 0 197 100 1116 200 321 300 834 400
71 0 5 845 0 478 100 598 200 1399 300 1194 400
72 0 5 399 0 973 100 588 200 840 300 1215 400
73 0 5 1018 0 1362 100 915 200 252 300 28 400
74 0 5 1024 0 314 100 1306 200 1290 300 746 400
75 0 5 678 0 646 100 152 200 821 300 500 400
76 0 5 571 0 249 100 97 200 605 300 954 400
77 0 5 135 0 260 100 345 200 350 300 379 400
78 0 5 732 0 319 100 400 200 6 300 1259 400
79 0 5 752 0 365 100 138 200 1388 300 1183 400
80 0 5 1291 0 125 100 655 200 151 300 129 400
81 0 5 110 0 1405 100 395 200 1462 300 352 400
82 0 5 1458 0 180 100 640 200 1329 300 1345 400
83 0 5 209 0 1474 100 491 200 634 300 886 400
84 0 5 92 0 819 100 1060 200 1408 300 122 400
85 0 5 898 0 159 100 403 200 899 300 809 400
86 0 5 593 0 1190 100 649 200 549 300 1271 400
87 0 5 826 0 905 100 608 200 447 300 442 400
88 0 5 981 0 1125 100 1053 200 807 300 2 400
89 0 5 1262 0 1053 100 1079 200 178 300 1092 400
90 0 5 617 0 259 100 1258 200 1144 300 584 400
91 0 5 922 0 1339 100 124 200 882 300 434 400
92 0 5 84 0 1060 100 1408 200 819 300 780 400
93 0 5 235 0 970 100 647 200 453 300 693 400
94 0 5 820 0 758 100 974 200 1270 300 1171 400
95 0 5 1319 0 63 100 1437 200 1419 300 149 400
96 0 5 221 0 492 100 257 200 1409 300 1312 400
97 0 5 571 0 605 100 202 200 76 300 990 400
98 0 5 144 0 1168 100 406 200 357 300 509 400
99 0 5 191 0 1289 100 858 200 409 300 968 400
100 0 5 1156 0 1063 100 906 200 227 300 163 400
101 0 5 1105 0 263 100 192 200 1195 300 402 400
102 0 5 1221 0 380 100 438 200 327 300 675 400
103 0 5 140 0 348 100 430 200 676 300 1074 400
104 0 5 1280 0 1415 100 723 200 623 300 1096 400
105 0 5 1021 0 197 100 190 200 1116 300 1313 400
106 0 5 1182 0 400 100 1440 200 95 300 1259 400
107 0 5 127 0 1442 100 1378 200 343 300 48 400
108 0 5 1431 0 1314 100 275 200 308 300 1006 400
109 0 5 1221 0 1436 100 167 200 555 300 1139 400
110 0 5 81 0 352 100 707 200 1405 300 395 400
111 0 5 1427 0 1125 100 743 200 807 300 2 400
112 0 5 1007 0 606 100 300 200 1434 300 1500 400
113 0 5 556 0 675 100 390 200 438 300 1338 400
114 0 5 1043 0 711 100 361 200 639 300 1267 400
115 0 5 1246 0 619 100 855 200 556 300 329 400
116 0 5 1493 0 237 100 1246 200 484 300 329 400
117 0 5 1058 0 1106 100 58 200 154 300 575 400
118 0 5 1198 0 679 100 835 200 1284 300 1049 400
119 0 5 934 0 627 100 1407 200 831 300 978 400
120 0 5 1421 0 820 100 795 200 514 300 933 400
121 0 5 609 0 634 100 318 200 336 300 950 400
122 0 5 887 0 775 100 56 200 226 300 1296 400
123 0 5 1071 0 512 100 1294 200 341 300 288 400
124 0 5 602 0 882 100 91 200 1033 300 769 400
125 0 5 939 0 864 100 80 200 151 300 1480 400
126 0 5 1430 0 1461 100 566 200 535 300 47 400
127 0 5 343 0 107 100 1278 200 908 300 538 400
128 0 5 709 0 722 100 805 200 519 300 730 400
129 0 5 612 0 1077 100 80 200 34 300 655 400
130 0 5 1217 0 903 100 1235 200 669 300 1366 400
131 0 5 736 0 1444 100 848 200 1012 300 537 400
132 0 5 788 0 419 100 508 200 802 300 68 400
133 0 5 932 0 1131 100 472 200 933 300 680 400
134 0 5 1086 0 1003 100 1136 200 1035 300 303 400
135 0 5 777 0 77 100 236 200 345 300 298 400
136 0 5 196 0 555 100 390 200 208 300 975 400
137 0 5 207 0 1414 100 19 200 725 300 468 400
138 0 5 79 0 365 100 1155 200 1310 300 1183 400
139 0 5 59 0 291 100 1294 200 1397 300 123 400
140 0 5 103 0 676 100 348 200 430 300 1074 400
141 0 5 257 0 763 100 221 200 967 300 1496 400
142 0 5 662 0 248 100 473 200 769 300 1276 400
143 0 5 54 0 338 100 1204 200 799 300 431 400
144 0 5 1391 0 98 100 17 200 509 300 202 400
145 0 5 1222 0 1387 100 743 200 449 300 812 400
146 0 5 1211 0 1032 100 1465 200 1464 300 1343 400
147 0 5 1286 0 1275 100 691 200 171 300 629 400
148 0 5 703 0 316 100 388 200 168 300 1457 400
149 0 5 1437 0 1209 100 53 200 1149 300 63 400
150 0 5 706 0 1029 100 398 200 1441 300 1343 400
151 0 5 864 0 396 100 1396 200 700 300 125 400
152 0 5 569 0 75 100 1075 200 1368 300 646 400
153 0 5 814 0 369 100 926 200 34 300 278 400
154 0 5 522 0 1020 100 575 200 117 300 58 400
155 0 5 920 0 1350 100 544 200 1420 300 195 400
156 0 5 1459 0 1328 100 1248 200 1426 300 302 400
157 0 5 394 0 176 100 197 200 555 300 136 400
158 0 5 334 0 461 100 672 200 238 300 947 400
159 0 5 554 0 403 100 610 200 85 300 899 400
160 0 5 1026 0 1479 100 918 200 1250 300 492 400
161 0 5 294 0 1455 100 1263 200 909 300 41 400
162 0 5 469 0 1150 100 233 200 490 300 923 400
163 0 5 671 0 1382 100 557 200 1325 300 957 400
164 0 5 411 0 738 100 629 200 1044 300 695 400
165 0 5 1220 0 1183 100 707 200 1310 300 138 400
166 0 5 1254 0 226 100 817 200 213 300 1140 400
167 0 5 1023 0 613 100 109 200 813 300 1139 400
168 0 5 875 0 388 100 668 200 148 300 316 400
169 0 5 1191 0 786 100 815 200 1417 300 1089 400
170 0 5 793 0 57 100 256 200 1273 300 906 400
171 0 5 33 0 1085 100 1286 200 535 300 147 400
172 0 5 493 0 1069 100 306 200 354 300 1235 400
173 0 5 749 0 1010 100 256 200 656 300 1252 400
174 0 5 897 0 1147 100 1066 200 285 300 1322 400
175 0 5 925 0 1283 100 1524 200 790 300 930 400
176 0 5 975 0 157 100 394 200 190 300 136 400
177 0 5 69 0 1380 100 1199 200 239 300 1402 400
178 0 5 1335 0 1262 100 89 200 1079 300 582 400
179 0 5 643 0 825 100 1336 200 470 300 681 400
180 0 5 1458 0 82 100 891 200 776 300 1306 400
181 0 5 1430 0 367 100 806 200 830 300 566 400
182 0 5 963 0 824 100 505 200 971 300 599 400
183 0 5 498 0 456 100 1418 200 664 300 660 400
184 0 5 1395 0 1173 100 185 200 412 300 922 400
185 0 5 1395 0 434 100 184 200 796 300 543 400
186 0 5 1174 0 1403 100 1257 200 1468 300 1099 400
187 0 5 775 0 1363 100 534 200 582 300 1189 400
188 0 5 1387 0 280 100 812 200 374 300 743 400
189 0 5 689 0 496 100 1385 200 574 300 1509 400
190 0 5 842 0 1478 100 394 200 1021 300 176 400
191 0 5 881 0 99 100 858 200 30 300 1441 400
192 0 5 549 0 1330 100 263 200 1190 300 101 400
193 0 5 445 0 1366 100 903 200 897 300 308 400
194 0 5 1111 0 617 100 1135 200 463 300 339 400
195 0 5 1164 0 414 100 816 200 1304 300 1420 400
196 0 5 136 0 208 100 555 200 594 300 1221 400
197 0 5 321 0 105 100 70 200 157 300 1116 400
198 0 5 908 0 1225 100 5 200 247 300 48 400
199 0 5 1219 0 696 100 377 200 963 300 268 400
200 0 5 1313 0 1374 100 1338 200 1478 300 330 400
201 0 5 929 0 240 100 624 200 846 300 1380 400
202 0 5 509 0 17 100 97 200 144 300 1364 400
203 0 5 802 0 68 100 326 200 1451 300 562 400
204 0 5 1474 0 531 100 618 200 634 300 909 400
205 0 5 654 0 1016 100 993 200 1483 300 995 400
206 0 5 626 0 1059 100 1237 200 414 300 1064 400
207 0 5 137 0 725 100 1414 200 468 300 1299 400
208 0 5 594 0 196 100 136 200 555 300 390 400
209 0 5 83 0 902 100 1474 200 439 300 531 400
210 0 5 760 0 1133 100 720 200 1401 300 393 400
211 0 5 440 0 1231 100 336 200 214 300 1109 400
212 0 5 798 0 331 100 977 200 1346 300 871 400
213 0 5 355 0 502 100 166 200 812 300 1254 400
214 0 5 771 0 1231 100 312 200 211 300 336 400
215 0 5 238 0 373 100 742 200 672 300 1334 400
216 0 5 1361 0 1110 100 901 200 423 300 1367 400
217 0 5 889 0 1505 100 1506 200 827 300 441 400
218 0 5 976 0 960 100 1481 200 510 300 446 400
219 0 5 528 0 421 100 770 200 1277 300 15 400
220 0 5 50 0 630 100 1000 200 663 300 540 400
221 0 5 1496 0 96 100 257 200 141 300 763 400
222 0 5 1515 0 1514 100 320 200 843 300 686 400
223 0 5 1151 0 860 100 677 200 1207 300 625 400
224 0 5 1126 0 614 100 1098 200 849 300 353 400
225 0 5 661 0 748 100 1145 200 1443 300 587 400
226 0 5 1140 0 166 100 1254 200 122 300 559 400
227 0 5 919 0 1156 100 13 200 100 300 927 400
228 0 5 1005 0 449 100 743 200 807 300 1416 400
229 0 5 483 0 1517 100 1516 200 29 300 1340 400
230 0 5 714 0 1093 100 1242 200 480 300 1482 400
231 0 5 352 0 327 100 1047 200 1405 300 380 400
232 0 5 347 0 596 100 31 200 633 300 1497 400
233 0 5 1040 0 162 100 347 200 31 300 1150 400
234 0 5 1184 0 886 100 1264 200 324 300 491 400
235 0 5 693 0 93 100 647 200 271 300 692 400
236 0 5 1352 0 135 100 777 200 1046 300 666 400
237 0 5 484 0 116 100 1246 200 329 300 730 400
238 0 5 1407 0 215 100 1448 200 672 300 158 400
239 0 5 1491 0 69 100 1199 200 552 300 1154 400
240 0 5 1199 0 201 100 503 200 1059 300 1064 400
241 0 5 719 0 1149 100 1217 200 405 300 1209 400
242 0 5 1347 0 1436 100 327 200 109 300 1023 400
243 0 5 637 0 1167 100 261 200 319 300 307 400
244 0 5 1281 0 333 100 660 200 1240 300 982 400
245 0 5 578 0 1405 100 14 200 1462 300 964 400
246 0 5 568 0 450 100 1355 200 371 300 433 400
247 0 5 5 0 1239 100 1225 200 1142 300 1372 400
248 0 5 986 0 142 100 1276 200 769 300 473 400
249 0 5 76 0 954 100 1195 200 605 300 97 400
250 0 5 931 0 1077 100 961 200 1256 300 1445 400
251 0 5 724 0 1433 100 473 200 1126 300 890 400
252 0 5 873 0 28 100 332 200 1121 300 73 400
253 0 5 694 0 768 100 851 200 360 300 274 400
254 0 5 944 0 844 100 366 200 351 300 524 400
255 0 5 1398 0 683 100 588 200 525 300 800 400
256 0 5 57 0 749 100 170 200 173 300 927 400
257 0 5 141 0 221 100 96 200 1312 300 492 400
258 0 5 849 0 7 100 614 200 913 300 757 400
259 0 5 584 0 90 100 617 200 1135 300 740 400
260 0 5 1171 0 298 100 721 200 77 300 1034 400
261 0 5 1389 0 243 100 432 200 1167 300 1162 400
262 0 5 642 0 1301 100 297 200 1247 300 511 400
263 0 5 1330 0 192 100 101 200 991 300 1105 400
264 0 5 1494 0 1187 100 406 200 302 300 1153 400
265 0 5 992 0 416 100 1274 200 417 300 960 400
266 0 5 359 0 847 100 603 200 1016 300 993 400
267 0 5 1027 0 579 100 1008 200 295 300 1181 400
268 0 5 851 0 536 100 1394 200 998 300 694 400
269 0 5 1155 0 956 100 448 200 446 300 279 400
270 0 5 794 0 831 100 834 200 934 300 627 400
271 0 5 1292 0 692 100 693 200 422 300 1253 400
272 0 5 1052 0 739 100 1183 200 1388 300 459 400
273 0 5 1257 0 978 100 1099 200 1468 300 322 400
274 0 5 360 0 962 100 1202 200 572 300 787 400
275 0 5 1006 0 1318 100 1358 200 108 300 1314 400
276 0 5 666 0 1255 100 362 200 4 300 35 400
277 0 5 12 0 1204 100 952 200 684 300 338 400
278 0 5 1256 0 814 100 34 200 931 300 153 400
279 0 5 956 0 938 100 3 200 1473 300 269 400
280 0 5 374 0 188 100 355 200 1387 300 812 400
281 0 5 761 0 1216 100 611 200 928 300 1316 400
282 0 5 832 0 1089 100 385 200 815 300 1191 400
283 0 5 779 0 988 100 1400 200 511 300 1447 400
284 0 5 747 0 1274 100 1481 200 992 300 895 400
285 0 5 1467 0 1268 100 735 200 1066 300 897 400
286 0 5 462 0 21 100 1074 200 942 300 997 400
287 0 5 474 0 1003 100 303 200 1035 300 134 400
288 0 5 884 0 1294 100 123 200 299 300 1397 400
289 0 5 517 0 1422 100 958 200 1307 300 311 400
290 0 5 1046 0 1373 100 514 200 974 300 363 400
291 0 5 1294 0 139 100 1017 200 1125 300 111 400
292 0 5 751 0 1214 100 1302 200 506 300 1029 400
293 0 5 1060 0 60 100 339 200 84 300 780 400
294 0 5 161 0 909 100 531 200 1263 300 1455 400
295 0 5 1008 0 579 100 61 200 267 300 1027 400
296 0 5 1342 0 494 100 926 200 340 300 1070 400
297 0 5 1332 0 642 100 1301 200 1295 300 1315 400
298 0 5 803 0 1171 100 260 200 974 300 1352 400
299 0 5 1092 0 884 100 1236 200 1138 300 288 400
300 0 5 668 0 112 100 673 200 845 300 875 400
301 0 5 52 0 1232 100 734 200 764 300 581 400
302 0 5 1494 0 1153 100 1305 200 1328 300 156 400
303 0 5 1003 0 287 100 45 200 1035 300 1192 400
304 0 5 1411 0 463 100 546 200 780 300 384 400
305 0 5 530 0 1499 100 329 200 1286 300 619 400
306 0 5 1327 0 493 100 811 200 172 300 267 400
307 0 5 637 0 6 100 319 200 1162 300 243 400
308 0 5 1006 0 445 100 897 200 903 300 108 400
309 0 5 1165 0 586 100 1375 200 1362 300 753 400
310 0 5 409 0 968 100 1377 200 99 300 711 400
311 0 5 490 0 604 100 923 200 835 300 1094 400
312 0 5 1188 0 41 100 771 200 618 300 214 400
313 0 5 562 0 1476 100 1353 200 66 300 524 400
314 0 5 74 0 1024 100 1306 200 372 300 420 400
315 0 5 436 0 943 100 379 200 721 300 77 400
316 0 5 1500 0 148 100 1434 200 206 300 626 400
317 0 5 516 0 1223 100 729 200 1205 300 16 400
318 0 5 547 0 950 100 121 200 1076 300 475 400
319 0 5 78 0 6 100 732 200 307 300 637 400
320 0 5 222 0 686 100 495 200 443 300 1252 400
321 0 5 197 0 1139 100 555 200 70 300 1174 400
322 0 5 885 0 1099 100 978 200 825 300 643 400
323 0 5 1323 0 387 100 725 200 661 300 464 400
324 0 5 491 0 1264 100 1143 200 234 300 1081 400
325 0 5 1005 0 408 100 1416 200 1222 300 449 400
326 0 5 802 0 203 100 562 200 524 300 844 400
327 0 5 242 0 231 100 380 200 102 300 1436 400
328 0 5 1364 0 1316 100 611 200 1216 300 17 400
329 0 5 730 0 1246 100 484 200 485 300 530 400
330 0 5 877 0 842 100 1313 200 471 300 200 400
331 0 5 925 0 212 100 798 200 1346 300 1130 400
332 0 5 870 0 873 100 252 200 997 300 942 400
333 0 5 982 0 244 100 1311 200 1281 300 954 400
334 0 5 158 0 885 100 1336 200 1063 300 238 400
335 0 5 545 0 1180 100 1308 200 1159 300 1083 400
336 0 5 618 0 211 100 634 200 121 300 214 400
337 0 5 1471 0 1269 100 1161 200 1449 300 50 400
338 0 5 143 0 1204 100 54 200 277 300 684 400
339 0 5 60 0 546 100 780 200 463 300 194 400
340 0 5 767 0 1078 100 1342 200 369 300 926 400
341 0 5 512 0 1236 100 894 200 123 300 884 400
342 0 5 917 0 44 100 1351 200 1201 300 584 400
343 0 5 953 0 127 100 107 200 1278 300 773 400
344 0 5 996 0 823 100 1388 200 738 300 739 400
345 0 5 777 0 350 100 1065 200 135 300 77 400
346 0 5 515 0 451 100 528 200 744 300 1120 400
347 0 5 31 0 232 100 1497 200 233 300 797 400
348 0 5 430 0 103 100 140 200 1228 300 676 400
349 0 5 649 0 1290 100 1271 200 1032 300 863 400
350 0 5 436 0 345 100 1089 200 943 300 832 400
351 0 5 1017 0 944 100 254 200 1288 300 397 400
352 0 5 110 0 231 100 81 200 707 300 1405 400
353 0 5 1249 0 849 100 1098 200 224 300 7 400
354 0 5 405 0 1235 100 493 200 55 300 1217 400
355 0 5 213 0 374 100 280 200 166 300 812 400
356 0 5 1070 0 494 100 560 200 665 300 489 400
357 0 5 1168 0 1013 100 98 200 674 300 1187 400
358 0 5 1501 0 758 100 1270 200 1371 300 1034 400
359 0 5 266 0 1489 100 847 200 1016 300 537 400
360 0 5 787 0 274 100 962 200 1202 300 572 400
361 0 5 711 0 1341 100 114 200 1043 300 409 400
362 0 5 761 0 1255 100 276 200 928 300 4 400
363 0 5 1452 0 1148 100 1373 200 558 300 290 400
364 0 5 1426 0 687 100 1328 200 370 300 156 400
365 0 5 79 0 1183 100 1388 200 138 300 1310 400
366 0 5 524 0 844 100 254 200 326 300 802 400
367 0 5 181 0 830 100 566 200 722 300 806 400
368 0 5 1243 0 505 100 1175 200 824 300 1226 400
369 0 5 926 0 153 100 1078 200 340 300 1424 400
370 0 5 1421 0 750 100 1426 200 687 300 558 400
371 0 5 568 0 483 100 482 200 246 300 450 400
372 0 5 1463 0 600 100 407 200 314 300 733 400
373 0 5 742 0 1448 100 9 200 879 300 1300 400
374 0 5 280 0 355 100 812 200 188 300 213 400
375 0 5 1226 0 505 100 782 200 971 300 824 400
376 0 5 811 0 1048 100 846 200 1380 300 929 400
377 0 5 392 0 963 100 1324 200 199 300 1466 400
378 0 5 882 0 651 100 1097 200 39 300 922 400
379 0 5 315 0 721 100 77 200 943 300 789 400
380 0 5 1141 0 102 100 327 200 231 300 1221 400
381 0 5 548 0 1244 100 701 200 1141 300 710 400
382 0 5 689 0 1152 100 29 200 684 300 1517 400
383 0 5 1428 0 65 100 1376 200 404 300 1225 400
384 0 5 1470 0 1408 100 1381 200 780 300 304 400
385 0 5 1011 0 832 100 282 200 815 300 447 400
386 0 5 636 0 1050 100 1446 200 1149 300 1413 400
387 0 5 413 0 1251 100 323 200 1323 300 452 400
388 0 5 168 0 1457 100 1074 200 148 300 703 400
389 0 5 1124 0 728 100 1432 200 1082 300 1072 400
390 0 5 1478 0 1338 100 136 200 975 300 113 400
391 0 5 833 0 501 100 995 200 838 300 205 400
392 0 5 377 0 1146 100 529 200 590 300 963 400
393 0 5 1133 0 720 100 984 200 760 300 1067 400
394 0 5 1021 0 157 100 190 200 176 300 1478 400
395 0 5 513 0 467 100 1176 200 81 300 110 400
396 0 5 1314 0 151 100 1318 200 961 300 80 400
397 0 5 1397 0 591 100 59 200 351 300 587 400
398 0 5 1464 0 1465 100 1343 200 1029 300 150 400
399 0 5 72 0 588 100 973 200 840 300 892 400
400 0 5 106 0 732 100 78 200 1210 300 1440 400
401 0 5 1265 0 1263 100 3 200 1455 300 161 400
402 0 5 1105 0 774 100 1255 200 928 300 1195 400
403 0 5 1449 0 159 100 540 200 85 300 809 400
404 0 5 65 0 526 100 1428 200 383 300 796 400
405 0 5 354 0 1234 100 1149 200 241 300 1235 400
406 0 5 264 0 98 100 1391 200 1187 300 1153 400
407 0 5 1354 0 1309 100 1303 200 1134 300 372 400
408 0 5 757 0 325 100 508 200 614 300 1416 400
409 0 5 310 0 711 100 99 200 1289 300 1341 400
410 0 5 16 0 936 100 1108 200 317 300 962 400
411 0 5 164 0 1096 100 738 200 629 300 1119 400
412 0 5 645 0 1173 100 39 200 633 300 922 400
413 0 5 387 0 479 100 464 200 1251 300 66 400
414 0 5 626 0 195 100 544 200 1059 300 206 400
415 0 5 15 0 1456 100 1103 200 746 300 600 400
416 0 5 417 0 265 100 1473 200 992 300 960 400
417 0 5 1473 0 416 100 938 200 448 300 3 400
418 0 5 481 0 652 100 61 200 579 300 1030 400
419 0 5 913 0 20 100 788 200 132 300 508 400
420 0 5 1068 0 1326 100 649 200 314 300 1330 400
421 0 5 15 0 770 100 219 200 565 300 528 400
422 0 5 1292 0 1201 100 271 200 800 300 342 400
423 0 5 1361 0 1061 100 1379 200 789 300 64 400
424 0 5 1079 0 1487 100 718 200 1189 300 1055 400
425 0 5 714 0 1028 100 1242 200 715 300 1093 400
426 0 5 10 0 1056 100 160 200 444 300 1159 400
427 0 5 1278 0 538 100 979 200 953 300 127 400
428 0 5 1355 0 1049 100 835 200 450 300 433 400
429 0 5 1451 0 1239 100 781 200 1372 300 247 400
430 0 5 348 0 103 100 140 200 1228 300 1214 400
431 0 5 583 0 952 100 477 200 799 300 450 400
432 0 5 1389 0 726 100 1368 200 261 300 880 400
433 0 5 778 0 450 100 246 200 477 300 428 400
434 0 5 543 0 185 100 1395 200 1339 300 91 400
435 0 5 51 0 565 100 770 200 1007 300 421 400
436 0 5 315 0 943 100 350 200 345 300 77 400
437 0 5 1144 0 1258 100 1123 200 44 300 551 400
438 0 5 594 0 675 100 102 200 113 300 1141 400
439 0 5 828 0 902 100 209 200 1115 300 531 400
440 0 5 211 0 609 100 735 200 1231 300 1109 400
441 0 5 704 0 1502 100 1 200 217 300 550 400
442 0 5 608 0 1072 100 826 200 87 300 754 400
443 0 5 940 0 1492 100 1169 200 686 300 729 400
444 0 5 10 0 1159 100 785 200 1180 300 335 400
445 0 5 903 0 193 100 308 200 1006 300 897 400
446 0 5 1155 0 448 100 960 200 269 300 218 400
447 0 5 608 0 905 100 1011 200 1072 300 385 400
448 0 5 960 0 446 100 269 200 279 300 956 400
449 0 5 1222 0 228 100 145 200 1005 300 743 400
450 0 5 433 0 246 100 477 200 431 300 952 400
451 0 5 744 0 346 100 515 200 899 300 1103 400
452 0 5 1251 0 591 100 1323 200 587 300 387 400
453 0 5 647 0 900 100 93 200 970 300 1123 400
454 0 5 1488 0 619 100 935 200 1499 300 896 400
455 0 5 657 0 589 100 1132 200 999 300 698 400
456 0 5 664 0 183 100 914 200 498 300 857 400
457 0 5 1487 0 1055 100 1189 200 1381 300 1363 400
458 0 5 792 0 1401 100 1045 200 1031 300 1366 400
459 0 5 896 0 1051 100 710 200 1356 300 272 400
460 0 5 999 0 1224 100 893 200 1260 300 589 400
461 0 5 947 0 158 100 1334 200 672 300 238 400
462 0 5 1018 0 286 100 1362 200 21 300 73 400
463 0 5 546 0 304 100 1144 200 194 300 1411 400
464 0 5 479 0 413 100 904 200 725 300 979 400
465 0 5 621 0 667 100 1267 200 1043 300 1297 400
466 0 5 816 0 580 100 1164 200 1304 300 1020 400
467 0 5 395 0 1410 100 513 200 1176 300 510 400
468 0 5 1443 0 725 100 207 200 137 300 1299 400
469 0 5 162 0 1200 100 43 200 704 300 1150 400
470 0 5 813 0 1337 100 179 200 643 300 825 400
471 0 5 877 0 1116 100 794 200 330 300 105 400
472 0 5 680 0 133 100 932 200 1131 300 23 400
473 0 5 251 0 1433 100 142 200 662 300 1004 400
474 0 5 1297 0 287 100 1267 200 667 300 114 400
475 0 5 1076 0 638 100 547 200 318 300 541 400
476 0 5 1482 0 1212 100 715 200 1028 300 1242 400
477 0 5 876 0 450 100 431 200 1284 300 778 400
478 0 5 71 0 597 100 1390 200 640 300 598 400
479 0 5 464 0 904 100 413 200 66 300 979 400
480 0 5 787 0 1439 100 865 200 768 300 1242 400
481 0 5 418 0 1030 100 1012 200 1444 300 760 400
482 0 5 550 0 1340 100 371 200 1355 300 483 400
483 0 5 229 0 371 100 1340 200 482 300 550 400
484 0 5 237 0 921 100 730 200 805 300 329 400
485 0 5 487 0 530 100 1085 200 329 300 1286 400
486 0 5 539 0 1319 100 1445 200 1259 300 1167 400
487 0 5 485 0 1085 100 1461 200 730 300 329 400
488 0 5 765 0 1087 100 756 200 499 300 708 400
489 0 5 988 0 356 100 779 200 560 300 665 400
490 0 5 923 0 311 100 1094 200 1150 300 162 400
491 0 5 324 0 83 100 1264 200 902 300 1081 400
492 0 5 1250 0 96 100 1088 200 1026 300 160 400
493 0 5 172 0 306 100 354 200 1327 300 55 400
494 0 5 356 0 296 100 1342 200 767 300 1070 400
495 0 5 516 0 686 100 320 200 729 300 1252 400
496 0 5 189 0 1505 100 1504 200 1385 300 689 400
497 0 5 1036 0 1131 100 933 200 133 300 1270 400
498 0 5 1418 0 1454 100 183 200 456 300 664 400
499 0 5 1213 0 712 100 488 200 765 300 702 400
500 0 5 1041 0 646 100 1009 200 697 300 560 400
501 0 5 391 0 641 100 595 200 833 300 993 400
502 0 5 653 0 213 100 559 200 1254 300 812 400
503 0 5 1277 0 1064 100 1237 200 1073 300 240 400
504 0 5 1009 0 665 100 560 200 500 300 527 400
505 0 5 824 0 375 100 368 200 182 300 971 400
506 0 5 987 0 1214 100 292 200 1029 300 1450 400
507 0 5 1042 0 684 100 29 200 952 300 229 400
508 0 5 757 0 132 100 408 200 419 300 1416 400
509 0 5 202 0 1168 100 144 200 98 300 17 400
510 0 5 976 0 994 100 1481 200 1410 300 218 400
511 0 5 690 0 779 100 642 200 1400 300 283 400
512 0 5 341 0 123 100 1484 200 1071 300 894 400
513 0 5 395 0 467 100 1462 200 81 300 1410 400
514 0 5 795 0 974 100 1373 200 290 300 120 400
515 0 5 346 0 1120 100 451 200 528 300 744 400
516 0 5 495 0 317 100 729 200 686 300 1223 400
517 0 5 670 0 289 100 1307 200 1422 300 958 400
518 0 5 1282 0 1305 100 1398 200 1328 300 1215 400
519 0 5 806 0 709 100 128 200 722 300 805 400
520 0 5 764 0 581 100 994 200 1481 300 734 400
521 0 5 1065 0 1293 100 777 200 345 300 35 400
522 0 5 154 0 941 100 915 200 1020 300 657 400
523 0 5 1331 0 1095 100 1157 200 1303 300 1412 400
524 0 5 366 0 562 100 254 200 326 300 313 400
525 0 5 1351 0 800 100 683 200 1404 300 255 400
526 0 5 563 0 404 100 1173 200 1321 300 65 400
527 0 5 726 0 1009 100 880 200 665 300 504 400
528 0 5 219 0 346 100 15 200 515 300 421 400
529 0 5 1324 0 1037 100 791 200 392 300 1107 400
530 0 5 305 0 485 100 1286 200 329 300 1085 400
531 0 5 204 0 909 100 294 200 1474 300 209 400
532 0 5 1484 0 983 100 1238 200 888 300 900 400
533 0 5 1241 0 541 100 1101 200 1357 300 1039 400
534 0 5 766 0 187 100 1423 200 1363 300 775 400
535 0 5 577 0 33 100 126 200 171 300 1275 400
536 0 5 268 0 1394 100 590 200 977 300 798 400
537 0 5 1491 0 847 100 552 200 1489 300 867 400
538 0 5 427 0 1142 100 979 200 247 300 5 400
539 0 5 486 0 814 100 1266 200 926 300 1167 400
540 0 5 630 0 1440 100 1210 200 403 300 809 400
541 0 5 1357 0 533 100 1241 200 553 300 638 400
542 0 5 1438 0 850 100 754 200 728 300 815 400
543 0 5 434 0 662 100 1339 200 796 300 1453 400
544 0 5 920 0 155 100 867 200 414 300 195 400
545 0 5 1083 0 335 100 1308 200 1129 300 1159 400
546 0 5 463 0 339 100 304 200 780 300 1144 400
547 0 5 318 0 1118 100 1076 200 950 300 475 400
548 0 5 1244 0 381 100 710 200 701 300 1141 400
549 0 5 1240 0 192 100 1281 200 593 300 1271 400
550 0 5 482 0 1340 100 483 200 1477 300 441 400
551 0 5 1411 0 1100 100 1144 200 1470 300 437 400
552 0 5 867 0 537 100 1491 200 1199 300 1059 400
553 0 5 638 0 1357 100 541 200 1101 300 1241 400
554 0 5 899 0 610 100 159 200 1103 300 85 400
555 0 5 1221 0 321 100 196 200 136 300 157 400
556 0 5 113 0 1338 100 745 200 855 300 710 400
557 0 5 906 0 1382 100 163 200 1490 300 957 400
558 0 5 1452 0 24 100 1459 200 363 300 852 400
559 0 5 502 0 1254 100 653 200 1053 300 226 400
560 0 5 665 0 1041 100 356 200 494 300 500 400
561 0 5 578 0 1347 100 813 200 1405 300 327 400
562 0 5 313 0 524 100 326 200 203 300 1476 400
563 0 5 526 0 869 100 866 200 596 300 1321 400
564 0 5 945 0 1454 100 1211 200 1418 300 1464 400
565 0 5 435 0 770 100 836 200 51 300 421 400
566 0 5 1406 0 730 100 126 200 722 300 367 400
567 0 5 1466 0 1298 100 963 200 599 300 1442 400
568 0 5 371 0 246 100 482 200 1355 300 1340 400
569 0 5 152 0 646 100 1009 200 726 300 1368 400
570 0 5 859 0 1260 100 42 200 589 300 893 400
571 0 5 76 0 97 100 605 200 249 300 954 400
572 0 5 951 0 787 100 274 200 360 300 1439 400
573 0 5 734 0 1114 100 994 200 581 300 1386 400
574 0 5 1460 0 658 100 1349 200 1385 300 742 400
575 0 5 595 0 641 100 154 200 117 300 58 400
576 0 5 1272 0 817 100 1296 200 887 300 166 400
577 0 5 1185 0 535 100 126 200 723 300 1430 400
578 0 5 561 0 245 100 813 200 14 300 1405 400
579 0 5 61 0 267 100 295 200 1008 300 1030 400
580 0 5 466 0 1020 100 28 200 252 300 1304 400
581 0 5 734 0 994 100 573 200 520 300 1285 400
582 0 5 1423 0 1335 100 1189 200 1079 300 424 400
583 0 5 876 0 799 100 431 200 477 300 1198 400
584 0 5 259 0 632 100 342 200 1404 300 1258 400
585 0 5 1104 0 1196 100 856 200 1232 300 52 400
586 0 5 822 0 309 100 1165 200 741 300 73 400
587 0 5 1071 0 591 100 1323 200 748 300 1397 400
588 0 5 840 0 399 100 72 200 1398 300 255 400
589 0 5 698 0 455 100 42 200 657 300 570 400
590 0 5 1348 0 1146 100 536 200 1394 300 392 400
591 0 5 452 0 587 100 397 200 1397 300 1071 400
592 0 5 1218 0 1467 100 1039 200 1241 300 121 400
593 0 5 86 0 1271 100 549 200 1240 300 649 400
594 0 5 208 0 438 100 390 200 102 300 196 400
595 0 5 955 0 575 100 501 200 641 300 154 400
596 0 5 633 0 1497 100 232 200 1040 300 1173 400
597 0 5 1390 0 853 100 478 200 836 300 746 400
598 0 5 845 0 673 100 1194 200 71 300 478 400
599 0 5 912 0 67 100 1298 200 27 300 567 400
600 0 5 1229 0 1456 100 372 200 733 300 746 400
601 0 5 1253 0 750 100 1421 200 1472 300 625 400
602 0 5 124 0 1033 100 769 200 882 300 1339 400
603 0 5 848 0 847 100 266 200 993 300 131 400
604 0 5 1422 0 311 100 1287 200 946 300 1094 400
605 0 5 40 0 571 100 97 200 1475 300 45 400
606 0 5 1007 0 112 100 51 200 1434 300 1500 400
607 0 5 1154 0 1030 100 736 200 1012 300 1491 400
608 0 5 1072 0 447 100 442 200 826 300 87 400
609 0 5 121 0 440 100 336 200 211 300 1231 400
610 0 5 1103 0 554 100 159 200 899 300 733 400
611 0 5 1316 0 328 100 281 200 1195 300 17 400
612 0 5 129 0 895 100 34 200 1424 300 883 400
613 0 5 681 0 1369 100 167 200 813 300 1023 400
614 0 5 224 0 258 100 757 200 849 300 408 400
615 0 5 696 0 868 100 948 200 967 300 763 400
616 0 5 1066 0 1322 100 1101 200 1039 300 174 400
617 0 5 90 0 1135 100 194 200 259 300 1144 400
618 0 5 336 0 909 100 41 200 312 300 204 400
619 0 5 115 0 454 100 556 200 1488 300 1499 400
620 0 5 1013 0 713 100 1136 200 357 300 1168 400
621 0 5 465 0 22 100 30 200 716 300 1297 400
622 0 5 1063 0 1002 100 1112 200 1336 300 334 400
623 0 5 872 0 1081 100 1415 200 1230 300 1143 400
624 0 5 717 0 1208 100 201 200 929 300 1277 400
625 0 5 677 0 46 100 860 200 223 300 601 400
626 0 5 206 0 414 100 1237 200 1059 300 316 400
627 0 5 119 0 1407 100 270 200 934 300 831 400
628 0 5 948 0 759 100 1093 200 1160 300 26 400
629 0 5 1275 0 1096 100 164 200 411 300 1185 400
630 0 5 220 0 540 100 1210 200 50 300 663 400
631 0 5 1100 0 1127 100 1019 200 1055 300 1470 400
632 0 5 584 0 1404 100 683 200 740 300 259 400
633 0 5 645 0 596 100 232 200 1040 300 412 400
634 0 5 950 0 121 100 336 200 1474 300 83 400
635 0 5 1480 0 655 100 1291 200 125 300 939 400
636 0 5 1413 0 386 100 149 200 972 300 1050 400
637 0 5 307 0 243 100 6 200 319 300 261 400
638 0 5 475 0 553 100 541 200 1076 300 1101 400
639 0 5 1377 0 1498 100 968 200 114 300 99 400
640 0 5 1329 0 82 100 1345 200 478 300 1458 400
641 0 5 501 0 575 100 1062 200 995 300 595 400
642 0 5 262 0 297 100 511 200 1301 300 1247 400
643 0 5 1336 0 179 100 470 200 322 300 885 400
644 0 5 1000 0 1432 100 1269 200 50 300 663 400
645 0 5 633 0 412 100 1040 200 39 300 232 400
646 0 5 500 0 569 100 75 200 1009 300 152 400
647 0 5 453 0 1123 100 235 200 93 300 1495 400
648 0 5 685 0 1127 100 937 200 718 300 1019 400
649 0 5 349 0 86 100 593 200 1190 300 1326 400
650 0 5 804 0 888 100 1019 200 937 300 894 400
651 0 5 378 0 958 100 1097 200 882 300 1486 400
652 0 5 418 0 61 100 760 200 579 300 481 400
653 0 5 502 0 812 100 559 200 2 300 1053 400
654 0 5 205 0 1016 100 993 200 1483 300 995 400
655 0 5 635 0 1291 100 1274 200 80 300 1480 400
656 0 5 1010 0 1425 100 843 200 173 300 1370 400
657 0 5 455 0 1106 100 589 200 698 300 522 400
658 0 5 1385 0 574 100 1349 200 1469 300 1300 400
659 0 5 1317 0 25 100 1243 200 773 300 912 400
660 0 5 755 0 914 100 664 200 183 300 244 400
661 0 5 225 0 1443 100 725 200 323 300 748 400
662 0 5 142 0 543 100 1339 200 473 300 1453 400
663 0 5 1129 0 50 100 1162 200 1210 300 1000 400
664 0 5 456 0 914 100 660 200 183 300 498 400
665 0 5 1070 0 560 100 356 200 504 300 1009 400
666 0 5 276 0 35 100 1046 200 236 300 1255 400
667 0 5 1267 0 465 100 1297 200 621 300 22 400
668 0 5 300 0 875 100 168 200 845 300 673 400
669 0 5 1235 0 1181 100 130 200 1069 300 1366 400
670 0 5 517 0 1307 100 651 200 946 300 289 400
671 0 5 1325 0 163 100 957 200 1490 300 1337 400
672 0 5 1334 0 461 100 238 200 879 300 158 400
673 0 5 598 0 1007 100 1194 200 300 300 845 400
674 0 5 810 0 1359 100 1282 200 357 300 1187 400
675 0 5 701 0 113 100 438 200 1141 300 102 400
676 0 5 140 0 1362 100 103 200 21 300 1074 400
677 0 5 625 0 1151 100 223 200 1036 300 772 400
678 0 5 821 0 75 100 1482 200 152 300 1075 400
679 0 5 946 0 118 100 835 200 311 300 1198 400
680 0 5 472 0 1131 100 1299 200 133 300 801 400
681 0 5 613 0 1369 100 813 200 470 300 179 400
682 0 5 893 0 741 100 1193 200 822 300 915 400
683 0 5 632 0 255 100 525 200 1404 300 588 400
684 0 5 1152 0 507 100 277 200 382 300 12 400
685 0 5 648 0 937 100 1127 200 1019 300 650 400
686 0 5 320 0 495 100 443 200 729 300 516 400
687 0 5 364 0 980 100 1426 200 1328 300 370 400
688 0 5 782 0 874 100 1226 200 756 300 62 400
689 0 5 189 0 382 100 496 200 29 300 1511 400
690 0 5 511 0 1447 100 779 200 283 300 262 400
691 0 5 695 0 1286 100 147 200 1275 300 629 400
692 0 5 1472 0 693 100 271 200 1253 300 601 400
693 0 5 235 0 692 100 271 200 1472 300 93 400
694 0 5 253 0 727 100 916 200 998 300 851 400
695 0 5 691 0 1044 100 164 200 1499 300 1286 400
696 0 5 615 0 199 100 1219 200 851 300 868 400
697 0 5 1041 0 1090 100 951 200 500 300 560 400
698 0 5 589 0 42 100 657 200 455 300 941 400
699 0 5 907 0 1130 100 1203 200 791 300 866 400
700 0 5 1396 0 11 100 864 200 151 300 1333 400
701 0 5 675 0 1141 100 381 200 1244 300 548 400
702 0 5 1087 0 1213 100 765 200 708 300 1379 400
703 0 5 1304 0 148 100 870 200 388 300 816 400
704 0 5 441 0 1477 100 1200 200 966 300 889 400
705 0 5 784 0 1147 100 1101 200 1066 300 174 400
706 0 5 1441 0 150 100 881 200 1029 300 398 400
707 0 5 1176 0 1220 100 1462 200 1405 300 81 400
708 0 5 1379 0 1213 100 765 200 488 300 702 400
709 0 5 128 0 519 100 805 200 484 300 921 400
710 0 5 1244 0 548 100 1051 200 459 300 745 400
711 0 5 361 0 114 100 409 200 310 300 639 400
712 0 5 499 0 1038 100 1213 200 1417 300 708 400
713 0 5 1136 0 620 100 1359 200 1013 300 134 400
714 0 5 425 0 230 100 1093 200 1242 300 628 400
715 0 5 1212 0 1028 100 476 200 1242 300 425 400
716 0 5 857 0 30 100 621 200 881 300 858 400
717 0 5 624 0 1208 100 201 200 1120 300 515 400
718 0 5 1138 0 1092 100 424 200 1079 300 894 400
719 0 5 241 0 1217 100 903 200 1358 300 1006 400
720 0 5 1067 0 393 100 1133 200 1366 300 984 400
721 0 5 1034 0 789 100 379 200 1371 300 260 400
722 0 5 128 0 805 100 566 200 730 300 830 400
723 0 5 1143 0 1415 100 104 200 1280 300 577 400
724 0 5 1098 0 251 100 890 200 1126 300 473 400
725 0 5 468 0 207 100 19 200 137 300 323 400
726 0 5 527 0 880 100 1368 200 432 300 1009 400
727 0 5 1492 0 1169 100 998 200 694 300 1394 400
728 0 5 389 0 1438 100 1432 200 1124 300 878 400
729 0 5 495 0 317 100 1492 200 686 300 443 400
730 0 5 329 0 921 100 566 200 484 300 1406 400
731 0 5 918 0 786 100 815 200 169 300 850 400
732 0 5 78 0 319 100 400 200 6 300 1210 400
733 0 5 1229 0 1463 100 600 200 372 300 1354 400
734 0 5 581 0 573 100 301 200 1285 300 1232 400
735 0 5 1467 0 1109 100 1231 200 285 300 1268 400
736 0 5 131 0 1012 100 1444 200 607 300 537 400
737 0 5 1132 0 999 100 1106 200 657 300 455 400
738 0 5 164 0 739 100 411 200 344 300 1052 400
739 0 5 1052 0 738 100 272 200 344 300 1388 400
740 0 5 861 0 1111 100 259 200 632 300 892 400
741 0 5 1193 0 682 100 893 200 822 300 586 400
742 0 5 1460 0 373 100 1349 200 9 300 574 400
743 0 5 807 0 111 100 228 200 2 300 145 400
744 0 5 451 0 899 100 898 200 346 300 515 400
745 0 5 1488 0 1051 100 556 200 710 300 619 400
746 0 5 1456 0 853 100 15 200 836 300 600 400
747 0 5 284 0 764 100 52 200 1232 300 1392 400
748 0 5 225 0 1145 100 1122 200 587 300 661 400
749 0 5 173 0 927 100 256 200 1010 300 656 400
750 0 5 1253 0 601 100 370 200 1421 300 692 400
751 0 5 292 0 1302 100 753 200 1214 300 1498 400
752 0 5 79 0 862 100 823 200 344 300 1388 400
753 0 5 1302 0 751 100 1498 200 1375 300 1362 400
754 0 5 542 0 1124 100 815 200 728 300 850 400
755 0 5 22 0 914 100 660 200 1025 300 621 400
756 0 5 874 0 688 100 1087 200 782 300 488 400
757 0 5 508 0 408 100 614 200 419 300 132 400
758 0 5 358 0 1270 100 94 200 820 300 1171 400
759 0 5 628 0 1160 100 26 200 1093 300 714 400
760 0 5 210 0 1133 100 1401 200 652 300 393 400
761 0 5 362 0 281 100 1255 200 928 300 276 400
762 0 5 1284 0 778 100 477 200 835 300 246 400
763 0 5 967 0 1496 100 141 200 221 300 868 400
764 0 5 52 0 520 100 747 200 301 300 1232 400
765 0 5 488 0 1087 100 708 200 1213 300 702 400
766 0 5 534 0 1423 100 1335 200 226 300 582 400
767 0 5 340 0 1365 100 494 200 1078 300 1170 400
768 0 5 865 0 253 100 480 200 787 300 360 400
769 0 5 602 0 1033 100 142 200 1276 300 1339 400
770 0 5 565 0 435 100 421 200 219 300 51 400
771 0 5 214 0 312 100 11 200 1109 300 1188 400
772 0 5 1151 0 1206 100 223 200 8 300 677 400
773 0 5 953 0 1317 100 659 200 343 300 427 400
774 0 5 1195 0 928 100 402 200 281 300 4 400
775 0 5 187 0 122 100 1408 200 226 300 1363 400
776 0 5 891 0 863 100 180 200 1306 300 1290 400
777 0 5 135 0 345 100 1065 200 236 300 521 400
778 0 5 433 0 762 100 477 200 246 300 450 400
779 0 5 283 0 1447 100 511 200 988 300 690 400
780 0 5 1408 0 339 100 304 200 384 300 60 400
781 0 5 1372 0 1451 100 429 200 1476 300 1239 400
782 0 5 688 0 375 100 756 200 874 300 1226 400
783 0 5 1234 0 1001 100 55 200 1120 300 898 400
784 0 5 705 0 1147 100 1101 200 1045 300 1031 400
785 0 5 10 0 335 100 850 200 542 300 1159 400
786 0 5 169 0 731 100 815 200 1191 300 1479 400
787 0 5 360 0 480 100 865 200 572 300 768 400
788 0 5 132 0 419 100 802 200 68 300 508 400
789 0 5 1379 0 64 100 721 200 423 300 841 400
790 0 5 1360 0 797 100 925 200 1130 300 889 400
791 0 5 1037 0 907 100 529 200 1203 300 1324 400
792 0 5 458 0 1401 100 1366 200 720 300 784 400
793 0 5 170 0 1382 100 1273 200 57 300 957 400
794 0 5 270 0 1116 100 471 200 834 300 831 400
795 0 5 514 0 1148 100 120 200 1373 300 1421 400
796 0 5 1428 0 1453 100 543 200 1376 300 662 400
797 0 5 889 0 1128 100 1360 200 790 300 1497 400
798 0 5 212 0 1348 100 977 200 1394 300 331 400
799 0 5 54 0 583 100 431 200 143 300 1198 400
800 0 5 980 0 525 100 1351 200 422 300 342 400
801 0 5 23 0 18 100 1261 200 680 300 1299 400
802 0 5 326 0 203 100 788 200 132 300 844 400
803 0 5 1352 0 298 100 1046 200 974 300 290 400
804 0 5 650 0 1495 100 959 200 888 300 900 400
805 0 5 921 0 722 100 709 200 484 300 128 400
806 0 5 830 0 519 100 181 200 367 300 1430 400
807 0 5 743 0 2 100 111 200 1125 300 228 400
808 0 5 1038 0 1417 100 1479 200 1088 300 712 400
809 0 5 1050 0 403 100 85 200 540 300 1440 400
810 0 5 674 0 1282 100 1215 200 1359 300 1013 400
811 0 5 376 0 1048 100 929 200 846 300 306 400
812 0 5 2 0 653 100 374 200 188 300 213 400
813 0 5 470 0 561 100 613 200 578 300 681 400
814 0 5 278 0 539 100 153 200 1445 300 1256 400
815 0 5 385 0 786 100 1191 200 282 300 169 400
816 0 5 466 0 1164 100 195 200 1304 300 580 400
817 0 5 1140 0 576 100 166 200 1296 300 1254 400
818 0 5 1392 0 988 100 1170 200 283 300 489 400
819 0 5 1057 0 84 100 92 200 1296 300 887 400
820 0 5 94 0 120 100 1270 200 974 300 758 400
821 0 5 1439 0 678 100 75 200 572 300 1482 400
822 0 5 1193 0 586 100 741 200 682 300 73 400
823 0 5 32 0 862 100 344 200 752 300 1115 400
824 0 5 505 0 182 100 368 200 912 300 27 400
825 0 5 1403 0 1099 100 179 200 322 300 1174 400
826 0 5 87 0 442 100 608 200 905 300 447 400
827 0 5 1504 0 1503 100 217 200 441 300 704 400
828 0 5 439 0 1115 100 902 200 1119 300 32 400
829 0 5 910 0 1166 100 911 200 919 300 1117 400
830 0 5 806 0 367 100 722 200 181 300 566 400
831 0 5 934 0 270 100 834 200 119 300 978 400
832 0 5 282 0 385 100 1011 200 350 300 1089 400
833 0 5 391 0 995 100 838 200 501 300 205 400
834 0 5 1116 0 270 100 831 200 794 300 70 400
835 0 5 1049 0 1198 100 1284 200 118 300 762 400
836 0 5 853 0 565 100 1194 200 746 300 597 400
837 0 5 49 0 989 100 1386 200 964 300 1114 400
838 0 5 995 0 1483 100 833 200 391 300 501 400
839 0 5 1374 0 855 100 1493 200 1338 300 1246 400
840 0 5 892 0 588 100 399 200 683 300 740 400
841 0 5 64 0 1371 100 789 200 721 300 1034 400
842 0 5 877 0 330 100 190 200 1313 300 1021 400
843 0 5 1370 0 222 100 1166 200 656 300 1117 400
844 0 5 366 0 944 100 254 200 802 300 1429 400
845 0 5 598 0 71 100 875 200 673 300 300 400
846 0 5 929 0 376 100 811 200 1380 300 201 400
847 0 5 266 0 603 100 537 200 359 300 848 400
848 0 5 603 0 1444 100 131 200 847 300 993 400
849 0 5 258 0 353 100 7 200 614 300 224 400
850 0 5 542 0 918 100 731 200 1479 300 815 400
851 0 5 268 0 26 100 694 200 1160 300 253 400
852 0 5 1248 0 24 100 1459 200 1426 300 558 400
853 0 5 836 0 597 100 1194 200 746 300 1390 400
854 0 5 965 0 949 100 872 200 1096 300 104 400
855 0 5 839 0 1493 100 1246 200 1338 300 556 400
856 0 5 1400 0 1196 100 585 200 1054 300 988 400
857 0 5 716 0 914 100 456 200 621 300 660 400
858 0 5 30 0 1289 100 99 200 191 300 1341 400
859 0 5 570 0 42 100 941 200 522 300 915 400
860 0 5 970 0 223 100 625 200 46 300 1151 400
861 0 5 740 0 892 100 1111 200 632 300 840 400
862 0 5 752 0 32 100 823 200 956 300 1263 400
863 0 5 1290 0 891 100 776 200 349 300 1306 400
864 0 5 1333 0 125 100 151 200 700 300 939 400
865 0 5 768 0 787 100 480 200 230 300 253 400
866 0 5 1321 0 563 100 869 200 48 300 907 400
867 0 5 552 0 1489 100 544 200 537 300 1059 400
868 0 5 615 0 967 100 1496 200 141 300 763 400
869 0 5 1128 0 563 100 866 200 1360 300 797 400
870 0 5 332 0 1304 100 703 200 1457 300 942 400
871 0 5 930 0 212 100 1283 200 1346 300 1169 400
872 0 5 623 0 949 100 854 200 1096 300 965 400
873 0 5 1121 0 252 100 332 200 997 300 942 400
874 0 5 756 0 688 100 782 200 1087 300 488 400
875 0 5 168 0 668 100 845 200 300 300 388 400
876 0 5 583 0 477 100 431 200 1198 300 1284 400
877 0 5 471 0 842 100 330 200 1116 300 105 400
878 0 5 1438 0 1080 100 1432 200 728 300 785 400
879 0 5 1334 0 672 100 911 200 373 300 1448 400
880 0 5 726 0 527 100 432 200 1070 300 504 400
881 0 5 191 0 1441 100 716 200 706 300 30 400
882 0 5 378 0 124 100 651 200 602 300 1033 400
883 0 5 1424 0 34 100 1077 200 612 300 895 400
884 0 5 288 0 1236 100 299 200 341 300 123 400
885 0 5 322 0 334 100 1336 200 643 300 158 400
886 0 5 1264 0 234 100 950 200 83 300 547 400
887 0 5 56 0 122 100 1296 200 819 300 1140 400
888 0 5 1484 0 650 100 804 200 900 300 532 400
889 0 5 797 0 217 100 827 200 966 300 441 400
890 0 5 1197 0 724 100 1102 200 1227 300 1163 400
891 0 5 776 0 863 100 180 200 1032 300 1290 400
892 0 5 840 0 861 100 740 200 399 300 588 400
893 0 5 682 0 741 100 460 200 1224 300 1260 400
894 0 5 937 0 1236 100 1138 200 341 300 718 400
895 0 5 612 0 1424 100 284 200 1320 300 883 400
896 0 5 38 0 935 100 459 200 1051 300 1488 400
897 0 5 174 0 308 100 1268 200 193 300 285 400
898 0 5 85 0 744 100 783 200 899 300 1120 400
899 0 5 554 0 744 100 451 200 898 300 1103 400
900 0 5 453 0 888 100 1495 200 532 300 804 400
901 0 5 62 0 1110 100 216 200 1361 300 1175 400
902 0 5 439 0 209 100 828 200 491 300 1081 400
903 0 5 445 0 130 100 193 200 308 300 719 400
904 0 5 1015 0 479 100 464 200 66 300 979 400
905 0 5 1186 0 447 100 87 200 1011 300 826 400
906 0 5 927 0 163 100 557 200 100 300 1156 400
907 0 5 1442 0 699 100 791 200 48 300 866 400
908 0 5 1321 0 198 100 48 200 127 300 866 400
909 0 5 618 0 531 100 294 200 161 300 41 400
910 0 5 13 0 829 100 911 200 919 300 1334 400
911 0 5 9 0 1334 100 910 200 829 300 879 400
912 0 5 599 0 27 100 824 200 659 300 67 400
913 0 5 20 0 419 100 7 200 258 300 757 400
914 0 5 664 0 755 100 660 200 857 300 456 400
915 0 5 941 0 73 100 28 200 1020 300 522 400
916 0 5 694 0 1492 100 1223 200 1202 300 729 400
917 0 5 342 0 1201 100 44 200 647 300 422 400
918 0 5 1479 0 731 100 850 200 160 300 169 400
919 0 5 1425 0 227 100 1010 200 910 300 1370 400
920 0 5 544 0 155 100 1350 200 867 300 1420 400
921 0 5 805 0 484 100 730 200 566 300 329 400
922 0 5 39 0 91 100 1040 200 1173 300 412 400
923 0 5 43 0 490 100 311 200 469 300 162 400
924 0 5 1331 0 1186 100 826 200 87 300 523 400
925 0 5 175 0 331 100 1130 200 1283 300 790 400
926 0 5 369 0 1342 100 153 200 296 300 340 400
927 0 5 906 0 749 100 1156 200 1010 300 256 400
928 0 5 1255 0 774 100 281 200 1195 300 761 400
929 0 5 846 0 201 100 811 200 624 300 376 400
930 0 5 940 0 1346 100 1509 200 1510 300 1283 400
931 0 5 250 0 1256 100 1445 200 1077 300 961 400
932 0 5 133 0 1367 100 1501 200 472 300 680 400
933 0 5 1036 0 1270 100 133 200 497 300 120 400
934 0 5 119 0 831 100 270 200 627 300 978 400
935 0 5 896 0 1499 100 38 200 454 300 1051 400
936 0 5 410 0 951 100 1090 200 1108 300 962 400
937 0 5 894 0 685 100 648 200 650 300 718 400
938 0 5 3 0 279 100 1473 200 448 300 417 400
939 0 5 1480 0 125 100 1333 200 864 300 11 400
940 0 5 443 0 930 100 1346 200 1283 300 1492 400
941 0 5 522 0 915 100 859 200 42 300 657 400
942 0 5 1457 0 997 100 286 200 873 300 870 400
943 0 5 436 0 315 100 350 200 379 300 1089 400
944 0 5 254 0 844 100 351 200 1288 300 1429 400
945 0 5 564 0 1271 100 1240 200 1454 300 1032 400
946 0 5 679 0 1307 100 604 200 311 300 1422 400
947 0 5 461 0 13 100 910 200 158 300 1156 400
948 0 5 628 0 615 100 967 200 1160 300 425 400
949 0 5 854 0 872 100 965 200 1081 300 1230 400
950 0 5 634 0 318 100 547 200 886 300 121 400
951 0 5 1090 0 572 100 936 200 697 300 360 400
952 0 5 1204 0 277 100 431 200 12 300 450 400
953 0 5 343 0 1278 100 773 200 427 300 127 400
954 0 5 969 0 1311 100 249 200 1475 300 982 400
955 0 5 595 0 58 100 575 200 1058 300 501 400
956 0 5 279 0 269 100 1263 200 862 300 448 400
957 0 5 1490 0 1382 100 1273 200 671 300 793 400
958 0 5 651 0 289 100 1486 200 1422 300 1084 400
959 0 5 1495 0 1019 100 804 200 1123 300 900 400
960 0 5 218 0 448 100 446 200 1481 300 416 400
961 0 5 1318 0 250 100 1077 200 396 300 931 400
962 0 5 16 0 274 100 360 200 1202 300 936 400
963 0 5 182 0 377 100 567 200 1466 300 199 400
964 0 5 1462 0 989 100 1386 200 513 300 14 400
965 0 5 1119 0 854 100 949 200 1096 300 902 400
966 0 5 31 0 889 100 704 200 162 300 347 400
967 0 5 763 0 615 100 868 200 948 300 141 400
968 0 5 1377 0 310 100 639 200 99 300 1289 400
969 0 5 954 0 1475 100 1435 200 1311 300 1025 400
970 0 5 860 0 93 100 453 200 532 300 46 400
971 0 5 375 0 182 100 505 200 963 300 199 400
972 0 5 1437 0 1413 100 1182 200 149 300 95 400
973 0 5 1215 0 72 100 399 200 588 300 840 400
974 0 5 514 0 94 100 820 200 120 300 298 400
975 0 5 176 0 1478 100 390 200 136 300 190 400
976 0 5 218 0 510 100 1481 200 960 300 994 400
977 0 5 798 0 212 100 1394 200 1348 300 536 400
978 0 5 273 0 322 100 1468 200 831 300 119 400
979 0 5 1015 0 538 100 427 200 19 300 1353 400
980 0 5 800 0 687 100 525 200 1398 300 255 400
981 0 5 88 0 1053 100 1092 200 299 300 653 400
982 0 5 1311 0 333 100 954 200 1281 300 244 400
983 0 5 1122 0 1238 100 532 200 1484 300 1207 400
984 0 5 1067 0 393 100 1008 200 1181 300 720 400
985 0 5 991 0 1293 100 1105 200 263 300 523 400
986 0 5 1276 0 248 100 1433 200 473 300 1126 400
987 0 5 506 0 1485 100 1450 200 1214 300 1228 400
988 0 5 818 0 283 100 779 200 489 300 856 400
989 0 5 964 0 837 100 49 200 1386 300 14 400
990 0 5 1192 0 45 100 605 200 303 300 97 400
991 0 5 985 0 1330 100 263 200 523 300 1105 400
992 0 5 265 0 1481 100 416 200 960 300 1274 400
993 0 5 1483 0 654 100 205 200 603 300 266 400
994 0 5 581 0 510 100 573 200 1233 300 520 400
995 0 5 838 0 833 100 205 200 1062 300 391 400
996 0 5 1119 0 344 100 1115 200 738 300 411 400
997 0 5 1121 0 942 100 873 200 286 300 332 400
998 0 5 727 0 1394 100 694 200 268 300 212 400
999 0 5 737 0 460 100 455 200 1260 300 1106 400
1000 0 5 644 0 50 100 663 200 1269 300 1432 400
1001 0 5 1208 0 1120 100 783 200 717 300 624 400
1002 0 5 1014 0 622 100 1063 200 1112 300 1325 400
1003 0 5 303 0 134 100 287 200 1035 300 1086 400
1004 0 5 1453 0 1163 100 1376 200 473 300 1197 400
1005 0 5 325 0 228 100 1416 200 449 300 1222 400
1006 0 5 308 0 275 100 903 200 108 300 719 400
1007 0 5 606 0 112 100 673 200 51 300 1194 400
1008 0 5 295 0 984 100 267 200 61 300 1181 400
1009 0 5 527 0 504 100 646 200 569 300 500 400
1010 0 5 173 0 656 100 919 200 1425 300 749 400
1011 0 5 385 0 832 100 447 200 905 300 1186 400
1012 0 5 1444 0 1030 100 736 200 481 300 131 400
1013 0 5 620 0 1359 100 357 200 713 300 674 400
1014 0 5 1002 0 1325 100 1112 200 163 300 622 400
1015 0 5 904 0 979 100 66 200 1353 300 1142 400
1016 0 5 654 0 205 100 1062 200 266 300 1489 400
1017 0 5 351 0 59 100 291 200 1279 300 397 400
1018 0 5 462 0 73 100 1362 200 286 300 942 400
1019 0 5 959 0 631 100 1127 200 650 300 685 400
1020 0 5 28 0 580 100 154 200 915 300 522 400
1021 0 5 394 0 105 100 190 200 842 300 157 400
1022 0 5 1272 0 1057 100 819 200 1296 300 887 400
1023 0 5 1436 0 167 100 1347 200 242 300 813 400
1024 0 5 74 0 1306 100 314 200 1290 300 776 400
1025 0 5 22 0 1435 100 755 200 969 300 660 400
1026 0 5 160 0 1409 100 492 200 1479 300 96 400
1027 0 5 1172 0 267 100 1181 200 1008 300 295 400
1028 0 5 425 0 715 100 1212 200 476 300 1091 400
1029 0 5 150 0 1343 100 398 200 506 300 1441 400
1030 0 5 607 0 481 100 1012 200 736 300 1154 400
1031 0 5 1045 0 1401 100 458 200 784 300 760 400
1032 0 5 146 0 1211 100 1271 200 349 300 891 400
1033 0 5 1276 0 602 100 769 200 882 300 124 400
1034 0 5 1371 0 721 100 1171 200 260 300 358 400
1035 0 5 1086 0 1192 100 303 200 1003 300 134 400
1036 0 5 497 0 8 100 933 200 1206 300 1131 400
1037 0 5 1203 0 791 100 529 200 1107 300 1146 400
1038 0 5 808 0 712 100 1088 200 1417 300 1479 400
1039 0 5 1322 0 1241 100 1218 200 592 300 1101 400
1040 0 5 233 0 39 100 645 200 633 300 596 400
1041 0 5 697 0 500 100 560 200 1090 300 665 400
1042 0 5 12 0 507 100 684 200 952 300 29 400
1043 0 5 114 0 1341 100 1267 200 465 300 30 400
1044 0 5 695 0 38 100 1499 200 1052 300 164 400
1045 0 5 1031 0 1101 100 784 200 458 300 760 400
1046 0 5 1352 0 290 100 803 200 236 300 666 400
1047 0 5 1356 0 231 100 707 200 1220 300 1405 400
1048 0 5 376 0 1380 100 811 200 1402 300 177 400
1049 0 5 428 0 835 100 1284 200 246 300 762 400
1050 0 5 1446 0 386 100 809 200 1234 300 636 400
1051 0 5 745 0 459 100 710 200 896 300 1488 400
1052 0 5 739 0 272 100 1044 200 38 300 164 400
1053 0 5 981 0 89 100 1092 200 1262 300 559 400
1054 0 5 1383 0 1179 100 856 200 1400 300 1196 400
1055 0 5 457 0 1127 100 1487 200 631 300 424 400
1056 0 5 1026 0 160 100 426 200 10 300 1091 400
1057 0 5 819 0 1022 100 1296 200 887 300 56 400
1058 0 5 117 0 58 100 1106 200 955 300 575 400
1059 0 5 1064 0 206 100 414 200 552 300 1199 400
1060 0 5 293 0 92 100 84 200 780 300 1408 400
1061 0 5 1367 0 423 100 64 200 1361 300 1501 400
1062 0 5 1420 0 1350 100 1016 200 641 300 995 400
1063 0 5 622 0 100 100 1002 200 334 300 1156 400
1064 0 5 1059 0 503 100 1237 200 1277 300 240 400
1065 0 5 521 0 777 100 345 200 1293 300 350 400
1066 0 5 616 0 1322 100 174 200 1101 300 1218 400
1067 0 5 720 0 984 100 1366 200 1181 300 393 400
1068 0 5 420 0 1157 100 1412 200 1326 300 523 400
1069 0 5 1172 0 172 100 1181 200 669 300 1235 400
1070 0 5 665 0 356 100 494 200 560 300 296 400
1071 0 5 123 0 587 100 1397 200 512 300 591 400
1072 0 5 608 0 442 100 447 200 1124 300 826 400
1073 0 5 1237 0 503 100 51 200 606 300 1277 400
1074 0 5 21 0 286 100 388 200 676 300 140 400
1075 0 5 1137 0 152 100 1482 200 678 300 37 400
1076 0 5 475 0 1118 100 547 200 318 300 638 400
1077 0 5 250 0 129 100 961 200 931 300 34 400
1078 0 5 340 0 369 100 1365 200 767 300 34 400
1079 0 5 424 0 89 100 1092 200 582 300 718 400
1080 0 5 878 0 1432 100 785 200 644 300 1438 400
1081 0 5 1230 0 623 100 949 200 324 300 491 400
1082 0 5 1161 0 1124 100 1134 200 442 300 1432 400
1083 0 5 545 0 1129 100 1308 200 1389 300 1178 400
1084 0 5 1486 0 1097 100 958 200 1040 300 1150 400
1085 0 5 487 0 171 100 33 200 1461 300 485 400
1086 0 5 134 0 1035 100 1192 200 990 300 303 400
1087 0 5 702 0 756 100 765 200 488 300 874 400
1088 0 5 1250 0 492 100 1479 200 1038 300 808 400
1089 0 5 282 0 1191 100 350 200 815 300 169 400
1090 0 5 951 0 697 100 1108 200 936 300 1041 400
1091 0 5 1056 0 1028 100 96 200 1312 300 1409 400
1092 0 5 299 0 718 100 1053 200 1079 300 981 400
1093 0 5 714 0 230 100 628 200 759 300 1160 400
1094 0 5 1287 0 1150 100 490 200 311 300 604 400
1095 0 5 1157 0 523 100 1412 200 1303 300 1331 400
1096 0 5 411 0 629 100 854 200 965 300 104 400
1097 0 5 1084 0 651 100 39 200 958 300 1150 400
1098 0 5 724 0 1126 100 224 200 1249 300 353 400
1099 0 5 322 0 1257 100 825 200 273 300 186 400
1100 0 5 631 0 551 100 1470 200 1055 300 1019 400
1101 0 5 616 0 784 100 1045 200 1039 300 705 400
1102 0 5 1227 0 1158 100 1249 200 890 300 1197 400
1103 0 5 610 0 554 100 415 200 899 300 451 400
1104 0 5 1232 0 585 100 1196 200 301 300 52 400
1105 0 5 101 0 402 100 985 200 263 300 991 400
1106 0 5 1132 0 117 100 657 200 1058 300 455 400
1107 0 5 1037 0 529 100 1203 200 791 300 590 400
1108 0 5 1090 0 936 100 1447 200 1041 300 779 400
1109 0 5 1396 0 735 100 1231 200 771 300 1268 400
1110 0 5 901 0 216 100 1361 200 23 300 1367 400
1111 0 5 194 0 1135 100 740 200 861 300 463 400
1112 0 5 1337 0 1014 100 1325 200 622 300 1336 400
1113 0 5 1490 0 1245 100 1315 200 1177 300 1382 400
1114 0 5 1177 0 573 100 1386 200 837 300 581 400
1115 0 5 32 0 828 100 823 200 996 300 439 400
1116 0 5 471 0 834 100 794 200 70 300 105 400
1117 0 5 1166 0 1512 100 1511 200 9 300 1469 400
1118 0 5 1184 0 1076 100 547 200 950 300 886 400
1119 0 5 996 0 965 100 1115 200 828 300 1096 400
1120 0 5 1001 0 1208 100 515 200 783 300 346 400
1121 0 5 997 0 873 100 252 200 73 300 28 400
1122 0 5 983 0 748 100 1145 200 1238 300 1484 400
1123 0 5 44 0 647 100 437 200 1495 300 900 400
1124 0 5 389 0 1072 100 1082 200 728 300 442 400
1125 0 5 88 0 111 100 807 200 291 300 1427 400
1126 0 5 224 0 1098 100 1433 200 251 300 473 400
1127 0 5 648 0 631 100 1055 200 685 300 1019 400
1128 0 5 797 0 869 100 1360 200 790 300 563 400
1129 0 5 663 0 1083 100 1162 200 261 300 545 400
1130 0 5 1203 0 925 100 790 200 699 300 1360 400
1131 0 5 497 0 133 100 680 200 472 300 1036 400
1132 0 5 737 0 1106 100 455 200 657 300 589 400
1133 0 5 393 0 210 100 760 200 720 300 984 400
1134 0 5 1309 0 1082 100 407 200 1161 300 1303 400
1135 0 5 1111 0 617 100 194 200 259 300 90 400
1136 0 5 713 0 620 100 134 200 1359 300 1013 400
1137 0 5 1075 0 1482 100 37 200 152 300 678 400
1138 0 5 718 0 1236 100 894 200 299 300 341 400
1139 0 5 1174 0 321 100 555 200 109 300 167 400
1140 0 5 817 0 226 100 122 200 1296 300 166 400
1141 0 5 380 0 701 100 381 200 675 300 102 400
1142 0 5 538 0 1353 100 247 200 5 300 66 400
1143 0 5 723 0 1230 100 324 200 1184 300 623 400
1144 0 5 437 0 551 100 463 200 1411 300 90 400
1145 0 5 748 0 1122 100 225 200 1207 300 532 400
1146 0 5 590 0 392 100 798 200 1348 300 1037 400
1147 0 5 705 0 174 100 784 200 897 300 1101 400
1148 0 5 1373 0 795 100 363 200 514 300 290 400
1149 0 5 241 0 1209 100 405 200 1234 300 149 400
1150 0 5 162 0 1094 100 1486 200 469 300 490 400
1151 0 5 772 0 223 100 677 200 860 300 1206 400
1152 0 5 684 0 382 100 29 200 507 300 1520 400
1153 0 5 1216 0 302 100 1391 200 406 300 1494 400
1154 0 5 607 0 1402 100 1491 200 239 300 69 400
1155 0 5 446 0 269 100 138 200 448 300 956 400
1156 0 5 100 0 227 100 927 200 13 300 906 400
1157 0 5 1412 0 1095 100 1068 200 1303 300 523 400
1158 0 5 1102 0 68 100 1249 200 1227 300 7 400
1159 0 5 1384 0 1180 100 335 200 1308 300 444 400
1160 0 5 759 0 628 100 948 200 26 300 851 400
1161 0 5 1082 0 337 100 1134 200 1309 300 1269 400
1162 0 5 663 0 6 100 1129 200 1210 300 261 400
1163 0 5 1197 0 1004 100 1376 200 890 300 1227 400
1164 0 5 816 0 195 100 466 200 1304 300 580 400
1165 0 5 1375 0 309 100 586 200 1498 300 753 400
1166 0 5 9 0 1117 100 1370 200 829 300 843 400
1167 0 5 1266 0 1259 100 243 200 486 300 261 400
1168 0 5 357 0 509 100 98 200 1013 300 144 400
1169 0 5 1492 0 443 100 727 200 1346 300 212 400
1170 0 5 1392 0 1365 100 818 200 1320 300 988 400
1171 0 5 260 0 298 100 94 200 721 300 1034 400
1172 0 5 1027 0 1069 100 1181 200 267 300 669 400
1173 0 5 184 0 412 100 526 200 1395 300 596 400
1174 0 5 186 0 1139 100 1468 200 825 300 321 400
1175 0 5 62 0 368 100 1243 200 1261 300 1226 400
1176 0 5 1310 0 707 100 395 200 1462 300 467 400
1177 0 5 1114 0 1315 100 1179 200 1285 300 1295 400
1178 0 5 37 0 1368 100 1384 200 1308 300 432 400
1179 0 5 1285 0 1054 100 1196 200 1177 300 1315 400
1180 0 5 1159 0 335 100 1308 200 785 300 426 400
1181 0 5 669 0 1027 100 984 200 1172 300 1069 400
1182 0 5 106 0 1413 100 972 200 1440 300 95 400
1183 0 5 165 0 365 100 1388 200 272 300 707 400
1184 0 5 234 0 1118 100 324 200 1143 300 1264 400
1185 0 5 577 0 1280 100 1275 200 629 300 1096 400
1186 0 5 905 0 1293 100 924 200 1011 300 87 400
1187 0 5 264 0 1305 100 406 200 1282 300 357 400
1188 0 5 312 0 41 100 11 200 771 300 618 400
1189 0 5 1487 0 457 100 582 200 424 300 1363 400
1190 0 5 86 0 1330 100 649 200 593 300 549 400
1191 0 5 1089 0 169 100 815 200 786 300 731 400
1192 0 5 990 0 1035 100 45 200 1086 300 303 400
1193 0 5 822 0 741 100 893 200 586 300 682 400
1194 0 5 1390 0 598 100 673 200 853 300 836 400
1195 0 5 774 0 611 100 249 200 928 300 281 400
1196 0 5 585 0 856 100 1179 200 1285 300 1104 400
1197 0 5 890 0 1163 100 1227 200 1102 300 1004 400
1198 0 5 118 0 1284 100 835 200 477 300 1049 400
1199 0 5 240 0 239 100 552 200 177 300 1059 400
1200 0 5 43 0 1477 100 469 200 704 300 162 400
1201 0 5 917 0 422 100 342 200 800 300 647 400
1202 0 5 274 0 962 100 916 200 360 300 1223 400
1203 0 5 1037 0 1130 100 791 200 1107 300 907 400
1204 0 5 338 0 952 100 277 200 143 300 12 400
1205 0 5 16 0 1223 100 317 200 729 300 962 400
1206 0 5 772 0 8 100 1036 200 1151 300 677 400
1207 0 5 1238 0 223 100 1145 200 532 300 983 400
1208 0 5 1001 0 717 100 1120 200 624 300 515 400
1209 0 5 53 0 149 100 1358 200 1149 300 719 400
1210 0 5 630 0 1440 100 400 200 540 300 1162 400
1211 0 5 146 0 1464 100 1032 200 564 300 1465 400
1212 0 5 715 0 476 100 1028 200 1242 300 1482 400
1213 0 5 499 0 708 100 1379 200 702 300 765 400
1214 0 5 506 0 292 100 1228 200 1450 300 987 400
1215 0 5 973 0 810 100 1359 200 1282 300 674 400
1216 0 5 1153 0 281 100 1391 200 328 300 17 400
1217 0 5 130 0 719 100 241 200 354 300 1235 400
1218 0 5 592 0 1039 100 1467 200 1322 300 1066 400
1219 0 5 199 0 696 100 963 200 182 300 615 400
1220 0 5 165 0 1356 100 1310 200 707 300 1047 400
1221 0 5 109 0 102 100 555 200 196 300 327 400
1222 0 5 449 0 145 100 325 200 1005 300 1416 400
1223 0 5 1205 0 317 100 729 200 1492 300 916 400
1224 0 5 1260 0 460 100 893 200 570 300 941 400
1225 0 5 198 0 5 100 247 200 1239 300 383 400
1226 0 5 375 0 688 100 62 200 368 300 1175 400
1227 0 5 1102 0 1376 100 1158 200 890 300 1197 400
1228 0 5 36 0 1450 100 1214 200 430 300 1399 400
1229 0 5 733 0 600 100 1456 200 415 300 1103 400
1230 0 5 1081 0 1143 100 623 200 1415 300 949 400
1231 0 5 214 0 211 100 1109 200 735 300 440 400
1232 0 5 1104 0 52 100 301 200 734 300 585 400
1233 0 5 1410 0 1386 100 994 200 573 300 510 400
1234 0 5 1446 0 405 100 783 200 1149 300 1050 400
1235 0 5 669 0 130 100 354 200 1069 300 1217 400
1236 0 5 884 0 1138 100 341 200 299 300 894 400
1237 0 5 1073 0 206 100 1064 200 503 300 626 400
1238 0 5 1207 0 983 100 532 200 1122 300 1145 400
1239 0 5 429 0 247 100 1225 200 1372 300 781 400
1240 0 5 1271 0 549 100 945 200 593 300 244 400
1241 0 5 533 0 1039 100 541 200 1101 300 592 400
1242 0 5 480 0 714 100 1482 200 476 300 1439 400
1243 0 5 1261 0 368 100 1175 200 659 300 1317 400
1244 0 5 548 0 710 100 381 200 701 300 675 400
1245 0 5 14 0 1113 100 49 200 671 300 1490 400
1246 0 5 115 0 329 100 1493 200 855 300 116 400
1247 0 5 1344 0 1295 100 1383 200 642 300 1332 400
1248 0 5 852 0 1459 100 156 200 1426 300 24 400
1249 0 5 353 0 1158 100 1102 200 1098 300 890 400
1250 0 5 1088 0 492 100 160 200 1479 300 96 400
1251 0 5 452 0 387 100 413 200 254 300 1323 400
1252 0 5 495 0 320 100 173 200 516 300 686 400
1253 0 5 750 0 601 100 692 200 1472 300 271 400
1254 0 5 166 0 559 100 226 200 502 300 213 400
1255 0 5 928 0 362 100 276 200 4 300 761 400
1256 0 5 278 0 931 100 1445 200 1077 300 250 400
1257 0 5 273 0 186 100 1403 200 1099 300 1468 400
1258 0 5 44 0 90 100 437 200 1144 300 584 400
1259 0 5 1319 0 1167 100 486 200 78 300 106 400
1260 0 5 1224 0 570 100 460 200 893 300 589 400
1261 0 5 1243 0 23 100 801 200 1175 300 659 400
1262 0 5 89 0 178 100 1053 200 559 300 1335 400
1263 0 5 401 0 956 100 3 200 161 300 294 400
1264 0 5 886 0 324 100 491 200 234 300 83 400
1265 0 5 401 0 1455 100 1333 200 939 300 1480 400
1266 0 5 1167 0 539 100 926 200 261 300 432 400
1267 0 5 667 0 1297 100 465 200 1043 300 474 400
1268 0 5 1431 0 285 100 1109 200 735 300 897 400
1269 0 5 337 0 644 100 1432 200 50 300 1161 400
1270 0 5 758 0 820 100 933 200 358 300 94 400
1271 0 5 1240 0 593 100 945 200 1032 300 349 400
1272 0 5 1022 0 576 100 819 200 1296 300 817 400
1273 0 5 1301 0 793 100 957 200 170 300 1315 400
1274 0 5 265 0 655 100 284 200 992 300 416 400
1275 0 5 629 0 147 100 1185 200 171 300 535 400
1276 0 5 986 0 1033 100 248 200 769 300 142 400
1277 0 5 503 0 219 100 1064 200 1237 300 624 400
1278 0 5 427 0 953 100 127 200 343 300 979 400
1279 0 5 1427 0 1288 100 1429 200 1017 300 944 400
1280 0 5 104 0 1185 100 723 200 629 300 623 400
1281 0 5 244 0 333 100 549 200 1240 300 982 400
1282 0 5 518 0 810 100 674 200 1305 300 1187 400
1283 0 5 1503 0 1502 100 175 200 930 300 925 400
1284 0 5 762 0 1198 100 477 200 835 300 1049 400
1285 0 5 1179 0 734 100 573 200 581 300 1196 400
1286 0 5 147 0 691 100 171 200 530 300 1085 400
1287 0 5 1094 0 1486 100 604 200 958 300 1422 400
1288 0 5 1279 0 1429 100 944 200 351 300 1427 400
1289 0 5 858 0 1341 100 99 200 409 300 1043 400
1290 0 5 863 0 349 100 1306 200 776 300 1024 400
1291 0 5 80 0 635 100 1480 200 655 300 125 400
1292 0 5 271 0 422 100 800 200 1201 300 693 400
1293 0 5 521 0 1186 100 1065 200 985 300 991 400
1294 0 5 291 0 288 100 139 200 123 300 1397 400
1295 0 5 1332 0 1247 100 1315 200 1179 300 1177 400
1296 0 5 56 0 576 100 817 200 122 300 819 400
1297 0 5 474 0 1267 100 667 200 22 300 621 400
1298 0 5 67 0 567 100 599 200 1442 300 1378 400
1299 0 5 18 0 207 100 680 200 1414 300 468 400
1300 0 5 1349 0 1469 100 658 200 9 300 1513 400
1301 0 5 1273 0 262 100 642 200 297 300 1315 400
1302 0 5 751 0 753 100 292 200 1498 300 191 400
1303 0 5 1412 0 1157 100 523 200 1331 300 1095 400
1304 0 5 703 0 870 100 816 200 195 300 580 400
1305 0 5 1328 0 518 100 1187 200 1282 300 302 400
1306 0 5 1024 0 1290 100 776 200 74 300 863 400
1307 0 5 670 0 946 100 1422 200 517 300 289 400
1308 0 5 335 0 1083 100 1178 200 545 300 1159 400
1309 0 5 1354 0 1134 100 407 200 1161 300 1463 400
1310 0 5 1176 0 1220 100 165 200 138 300 365 400
1311 0 5 982 0 333 100 954 200 969 300 660 400
1312 0 5 1409 0 96 100 257 200 1088 300 1250 400
1313 0 5 200 0 330 100 842 200 190 300 105 400
1314 0 5 396 0 108 100 1431 200 275 300 1318 400
1315 0 5 1295 0 1177 100 1332 200 1490 300 1113 400
1316 0 5 611 0 328 100 1364 200 281 300 17 400
1317 0 5 25 0 27 100 659 200 773 300 1243 400
1318 0 5 961 0 275 100 396 200 1358 300 1445 400
1319 0 5 95 0 1259 100 486 200 1445 300 1167 400
1320 0 5 1424 0 1170 100 1365 200 895 300 883 400
1321 0 5 908 0 866 100 48 200 526 300 563 400
1322 0 5 616 0 1039 100 1066 200 1218 300 1101 400
1323 0 5 323 0 587 100 452 200 387 300 1071 400
1324 0 5 1466 0 529 100 377 200 791 300 567 400
1325 0 5 1014 0 671 100 1112 200 1337 300 163 400
1326 0 5 420 0 1068 100 649 200 1330 300 1190 400
1327 0 5 1393 0 55 100 306 200 493 300 783 400
1328 0 5 1305 0 156 100 518 200 302 300 687 400
1329 0 5 640 0 1345 100 1399 200 82 300 478 400
1330 0 5 1190 0 192 100 263 200 991 300 1326 400
1331 0 5 924 0 523 100 1303 200 1095 300 1186 400
1332 0 5 1295 0 297 100 1315 200 1247 300 642 400
1333 0 5 864 0 11 100 1455 200 939 300 700 400
1334 0 5 672 0 911 100 461 200 879 300 910 400
1335 0 5 178 0 582 100 1423 200 766 300 559 400
1336 0 5 643 0 179 100 334 200 470 300 885 400
1337 0 5 1112 0 470 100 1325 200 671 300 179 400
1338 0 5 556 0 390 100 855 200 1374 300 839 400
1339 0 5 91 0 543 100 662 200 769 300 434 400
1340 0 5 550 0 482 100 1523 200 1522 300 483 400
1341 0 5 361 0 1289 100 1043 200 858 300 99 400
1342 0 5 296 0 494 100 340 200 926 300 356 400
1343 0 5 1465 0 398 100 1029 200 146 300 1485 400
1344 0 5 1383 0 1247 100 1400 200 511 300 1054 400
1345 0 5 1329 0 1399 100 36 200 640 300 1485 400
1346 0 5 930 0 1169 100 940 200 212 300 1283 400
1347 0 5 242 0 561 100 1436 200 1023 300 167 400
1348 0 5 590 0 798 100 1394 200 977 300 1146 400
1349 0 5 1300 0 658 100 574 200 9 300 1460 400
1350 0 5 155 0 1420 100 1062 200 920 300 1016 400
1351 0 5 525 0 1404 100 800 200 342 300 683 400
1352 0 5 803 0 1046 100 236 200 298 300 666 400
1353 0 5 66 0 1142 100 1476 200 313 300 1015 400
1354 0 5 1309 0 1463 100 407 200 1134 300 1161 400
1355 0 5 428 0 246 100 482 200 568 300 1340 400
1356 0 5 1047 0 1220 100 707 200 165 300 1183 400
1357 0 5 553 0 541 100 533 200 1101 300 1241 400
1358 0 5 1209 0 1419 100 275 200 1318 300 719 400
1359 0 5 1013 0 674 100 810 200 713 300 1215 400
1360 0 5 790 0 797 100 869 200 1128 300 1130 400
1361 0 5 216 0 1110 100 423 200 1367 300 901 400
1362 0 5 676 0 73 100 309 200 1375 300 462 400
1363 0 5 187 0 1381 100 534 200 457 300 1189 400
1364 0 5 328 0 17 100 1316 200 1391 300 202 400
1365 0 5 1170 0 767 100 1078 200 1320 300 340 400
1366 0 5 193 0 792 100 1067 200 669 300 1181 400
1367 0 5 932 0 1061 100 1361 200 1110 300 1501 400
1368 0 5 726 0 1178 100 432 200 152 300 569 400
1369 0 5 681 0 613 100 1403 200 179 300 825 400
1370 0 5 1425 0 843 100 1166 200 919 300 656 400
1371 0 5 841 0 1034 100 721 200 358 300 1501 400
1372 0 5 781 0 1476 100 247 200 429 300 1239 400
1373 0 5 1148 0 290 100 514 200 363 300 795 400
1374 0 5 839 0 200 100 1338 200 190 300 842 400
1375 0 5 1165 0 309 100 1498 200 753 300 1362 400
1376 0 5 1163 0 1004 100 1227 200 796 300 383 400
1377 0 5 639 0 968 100 310 200 1498 300 711 400
1378 0 5 107 0 1442 100 1298 200 343 300 27 400
1379 0 5 708 0 789 100 1213 200 423 300 64 400
1380 0 5 177 0 1048 100 846 200 69 300 376 400
1381 0 5 1363 0 384 100 457 200 1408 300 1470 400
1382 0 5 957 0 793 100 163 200 557 300 1490 400
1383 0 5 1054 0 1344 100 1247 200 1400 300 1179 400
1384 0 5 1159 0 1178 100 37 200 1308 300 545 400
1385 0 5 658 0 1469 100 1507 200 496 300 1506 400
1386 0 5 1233 0 837 100 1114 200 573 300 989 400
1387 0 5 188 0 145 100 280 200 812 300 743 400
1388 0 5 365 0 1183 100 344 200 823 300 272 400
1389 0 5 432 0 261 100 1083 200 1129 300 243 400
1390 0 5 597 0 1194 100 478 200 853 300 598 400
1391 0 5 144 0 17 100 1216 200 1364 300 1153 400
1392 0 5 1170 0 818 100 988 200 1320 300 747 400
1393 0 5 1327 0 55 100 783 200 354 300 493 400
1394 0 5 536 0 798 100 1348 200 590 300 998 400
1395 0 5 185 0 184 100 434 200 1173 300 91 400
1396 0 5 700 0 1109 100 151 200 1268 300 11 400
1397 0 5 397 0 59 100 1071 200 1294 300 587 400
1398 0 5 255 0 588 100 518 200 683 300 980 400
1399 0 5 36 0 1345 100 1329 200 1228 300 71 400
1400 0 5 856 0 283 100 511 200 1054 300 1344 400
1401 0 5 1031 0 792 100 458 200 760 300 1045 400
1402 0 5 1154 0 69 100 1048 200 1380 300 177 400
1403 0 5 186 0 1369 100 1257 200 825 300 1099 400
1404 0 5 632 0 1351 100 683 200 342 300 584 400
1405 0 5 245 0 81 100 1462 200 707 300 231 400
1406 0 5 566 0 47 100 730 200 487 300 1461 400
1407 0 5 238 0 627 100 119 200 885 300 322 400
1408 0 5 780 0 384 100 1381 200 92 300 775 400
1409 0 5 1026 0 96 100 1312 200 492 300 257 400
1410 0 5 1233 0 467 100 1386 200 513 300 510 400
1411 0 5 551 0 304 100 1144 200 1470 300 463 400
1412 0 5 1157 0 1303 100 1095 200 1068 300 523 400
1413 0 5 636 0 1182 100 972 200 1440 300 149 400
1414 0 5 137 0 18 100 207 200 19 300 1299 400
1415 0 5 723 0 104 100 623 200 1230 300 1280 400
1416 0 5 325 0 1005 100 408 200 508 300 132 400
1417 0 5 808 0 169 100 712 200 1038 300 1479 400
1418 0 5 498 0 1454 100 183 200 564 300 456 400
1419 0 5 63 0 53 100 1358 200 1445 300 1318 400
1420 0 5 1062 0 1350 100 155 200 195 300 641 400
1421 0 5 370 0 120 100 601 200 795 300 750 400
1422 0 5 604 0 289 100 1307 200 958 300 1287 400
1423 0 5 766 0 582 100 534 200 1335 300 1189 400
1424 0 5 1320 0 883 100 895 200 612 300 369 400
1425 0 5 1370 0 919 100 1010 200 656 300 227 400
1426 0 5 364 0 1248 100 156 200 687 300 1459 400
1427 0 5 111 0 1279 100 1125 200 1429 300 1288 400
1428 0 5 65 0 796 100 383 200 404 300 1376 400
1429 0 5 1288 0 1279 100 944 200 844 300 802 400
1430 0 5 181 0 126 100 566 200 577 300 806 400
1431 0 5 1268 0 108 100 1314 200 151 300 396 400
1432 0 5 644 0 728 100 878 200 1269 300 389 400
1433 0 5 251 0 473 100 986 200 1126 300 248 400
1434 0 5 1500 0 112 100 606 200 316 300 51 400
1435 0 5 1475 0 1025 100 969 200 40 300 954 400
1436 0 5 1023 0 242 100 109 200 1347 300 327 400
1437 0 5 972 0 149 100 63 200 95 300 1259 400
1438 0 5 728 0 878 100 542 200 1432 300 785 400
1439 0 5 821 0 480 100 572 200 1242 300 787 400
1440 0 5 1210 0 1182 100 540 200 106 300 400 400
1441 0 5 706 0 881 100 150 200 1029 300 191 400
1442 0 5 107 0 907 100 48 200 1378 300 1298 400
1443 0 5 468 0 661 100 225 200 1131 300 725 400
1444 0 5 1012 0 131 100 848 200 736 300 481 400
1445 0 5 1256 0 931 100 486 200 1419 300 63 400
1446 0 5 1234 0 1050 100 1149 200 386 300 405 400
1447 0 5 690 0 779 100 511 200 1108 300 283 400
1448 0 5 238 0 373 100 879 200 1334 300 742 400
1449 0 5 1471 0 403 100 337 200 159 300 1269 400
1450 0 5 1228 0 36 100 1485 200 987 300 1214 400
1451 0 5 429 0 781 100 203 200 68 300 326 400
1452 0 5 558 0 363 100 1148 200 24 300 795 400
1453 0 5 1004 0 796 100 543 200 662 300 1376 400
1454 0 5 1418 0 498 100 564 200 945 300 1240 400
1455 0 5 1265 0 161 100 1333 200 11 300 401 400
1456 0 5 746 0 415 100 600 200 15 300 1229 400
1457 0 5 942 0 388 100 870 200 1074 300 286 400
1458 0 5 82 0 180 100 640 200 891 300 1306 400
1459 0 5 1248 0 156 100 852 200 558 300 24 400
1460 0 5 742 0 574 100 1349 200 658 300 1385 400
1461 0 5 47 0 126 100 1085 200 487 300 33 400
1462 0 5 964 0 513 100 1405 200 81 300 707 400
1463 0 5 733 0 1354 100 372 200 407 300 1229 400
1464 0 5 398 0 1211 100 146 200 1465 300 564 400
1465 0 5 1343 0 398 100 146 200 1211 300 1464 400
1466 0 5 567 0 1324 100 963 200 377 300 529 400
1467 0 5 735 0 285 100 592 200 1218 300 1109 400
1468 0 5 70 0 186 100 273 200 1257 300 1174 400
1469 0 5 1300 0 1541 100 1 200 658 300 1385 400
1470 0 5 384 0 1100 100 551 200 1381 300 1411 400
1471 0 5 337 0 1449 100 540 200 403 300 1269 400
1472 0 5 46 0 692 100 601 200 1253 300 693 400
1473 0 5 417 0 938 100 416 200 279 300 3 400
1474 0 5 204 0 83 100 209 200 634 300 531 400
1475 0 5 1435 0 969 100 40 200 605 300 954 400
1476 0 5 1372 0 313 100 1353 200 781 300 1142 400
1477 0 5 1200 0 704 100 43 200 441 300 482 400
1478 0 5 390 0 975 100 190 200 200 300 176 400
1479 0 5 160 0 918 100 1088 200 808 300 850 400
1480 0 5 635 0 939 100 1291 200 125 300 655 400
1481 0 5 218 0 992 100 960 200 976 300 520 400
1482 0 5 476 0 1137 100 678 200 1075 300 1242 400
1483 0 5 993 0 838 100 205 200 654 300 995 400
1484 0 5 888 0 532 100 983 200 512 300 1122 400
1485 0 5 987 0 1450 100 1345 200 1343 300 1029 400
1486 0 5 1084 0 1287 100 958 200 1150 300 651 400
1487 0 5 1189 0 457 100 424 200 1055 300 1079 400
1488 0 5 745 0 454 100 1051 200 619 300 935 400
1489 0 5 359 0 867 100 537 200 1016 300 847 400
1490 0 5 1113 0 957 100 1315 200 557 300 1245 400
1491 0 5 239 0 537 100 552 200 1154 300 607 400
1492 0 5 727 0 1169 100 443 200 729 300 916 400
1493 0 5 116 0 855 100 1246 200 839 300 1338 400
1494 0 5 302 0 264 100 406 200 1153 300 1187 400
1495 0 5 959 0 804 100 1123 200 900 300 453 400
1496 0 5 221 0 763 100 868 200 967 300 96 400
1497 0 5 596 0 347 100 797 200 232 300 869 400
1498 0 5 639 0 753 100 1375 200 1302 300 1165 400
1499 0 5 305 0 935 100 1044 200 454 300 38 400
1500 0 5 1434 0 316 100 606 200 112 300 51 400
1501 0 5 358 0 932 100 1367 200 1061 300 133 400
1502 0 5 441 0 1283 100 790 200 879 300 966 400
1503 0 5 1283 0 827 100 790 200 879 300 966 400
1504 0 5 827 0 496 100 790 200 879 300 966 400
1505 0 5 496 0 217 100 790 200 879 300 1252 400
1506 0 5 217 0 1385 100 790 200 879 300 966 400
1507 0 5 1385 0 658 100 790 200 879 300 1252 400
1508 0 5 189 0 658 100 790 200 879 300 966 400
1509 0 5 930 0 189 100 879 200 966 300 790 400
1510 0 5 930 0 689 100 966 200 879 300 1252 400
1511 0 5 1117 0 689 100 790 200 879 300 966 400
1512 0 5 1117 0 1300 100 790 200 879 300 1252 400
1513 0 5 29 0 1300 100 790 200 879 300 1252 400
1514 0 5 222 0 29 100 879 200 790 300 966 400
1515 0 5 222 0 1349 100 790 200 879 300 966 400
1516 0 5 229 0 1349 100 790 200 879 300 1252 400
1517 0 5 229 0 790 100 382 200 879 300 966 400
1518 0 5 382 0 879 100 790 200 966 300 1252 400
1519 0 5 483 0 790 100 879 200 966 300 1252 400
1520 0 5 483 0 790 100 879 200 966 300 1252 400
1521 0 5 871 0 790 100 966 200 879 300 1252 400
1522 0 5 1340 0 871 100 790 200 966 300 879 400
1523 0 5 1340 0 175 100 790 200 879 300 966 400
1524 0 5 175 0 550 100 790 200 966 300 879 400
1525 0 5 550 0 790 100 1460 200 879 300 966 400
1526 0 5 1346 0 790 100 879 200 966 300 1252 400
1527 0 5 1346 0 940 100 790 200 966 300 879 400
1528 0 5 940 0 790 100 879 200 966 300 1252 400
1529 0 5 925 0 790 100 879 200 966 300 1252 400
1530 0 5 704 0 925 100 790 200 966 300 879 400
1531 0 5 704 0 790 100 1477 200 9 300 879 400
1532 0 5 790 0 1477 100 9 200 879 300 966 400
1533 0 5 1166 0 790 100 1477 200 879 300 966 400
1534 0 5 1166 0 790 100 443 200 1477 300 879 400
1535 0 5 843 0 790 100 443 200 1477 300 879 400
1536 0 5 320 0 843 100 790 200 1477 300 966 400
1537 0 5 320 0 373 100 790 200 1477 300 879 400
1538 0 5 686 0 373 100 790 200 1477 300 879 400
1539 0 5 686 0 790 100 889 200 1477 300 879 400
1540 0 5 790 0 889 100 966 200 879 300 1252 400
1541 0 5 1469 0 790 100 879 200 966 300 1252 400
-1
EOF
