1539
1 0 5 470 0 1478 100 568 200 409 300 774 400
2 0 5 564 0 160 100 72 200 1328 300 653 400
3 0 5 1162 0 1254 100 1497 200 1255 300 899 400
4 0 5 1125 0 561 100 720 200 374 300 287 400
5 0 5 1192 0 1168 100 19 200 438 300 1214 400
6 0 5 1510 0 1509 100 774 200 628 300 481 400
7 0 5 374 0 1165 100 1389 200 259 300 954 400
8 0 5 1091 0 649 100 678 200 21 300 837 400
9 0 5 730 0 540 100 490 200 626 300 1446 400
10 0 5 1304 0 1451 100 551 200 1325 300 1247 400
11 0 5 842 0 1215 100 350 200 151 300 890 400
12 0 5 990 0 1151 100 1376 200 257 300 1413 400
13 0 5 428 0 991 100 165 200 1027 300 627 400
14 0 5 435 0 1234 100 231 200 456 300 756 400
15 0 5 777 0 1133 100 478 200 723 300 512 400
16 0 5 1041 0 338 100 1335 200 1292 300 1428 400
17 0 5 1426 0 1288 100 1145 200 693 300 977 400
18 0 5 1358 0 934 100 173 200 36 300 1252 400
19 0 5 905 0 438 100 5 200 98 300 713 400
20 0 5 1363 0 1491 100 524 200 1452 300 1320 400
21 0 5 724 0 1105 100 626 200 1091 300 490 400
22 0 5 1145 0 1029 100 347 200 864 300 1470 400
23 0 5 1250 0 341 100 1269 200 1436 300 211 400
24 0 5 312 0 522 100 529 200 372 300 788 400
25 0 5 1306 0 225 100 1237 200 919 300 1218 400
26 0 5 1309 0 415 100 1138 200 206 300 845 400
27 0 5 51 0 135 100 79 200 425 300 999 400
28 0 5 58 0 1081 100 84 200 1116 300 171 400
29 0 5 860 0 49 100 195 200 1017 300 703 400
30 0 5 482 0 1169 100 963 200 1340 300 995 400
31 0 5 275 0 1118 100 1006 200 946 300 83 400
32 0 5 323 0 913 100 201 200 1276 300 685 400
33 0 5 846 0 599 100 1159 200 1034 300 166 400
34 0 5 1199 0 1129 100 194 200 441 300 1073 400
35 0 5 265 0 610 100 1319 200 590 300 1016 400
36 0 5 1252 0 1488 100 782 200 18 300 173 400
37 0 5 536 0 1063 100 380 200 1341 300 1354 400
38 0 5 1004 0 982 100 181 200 281 300 627 400
39 0 5 1084 0 1070 100 705 200 302 300 132 400
40 0 5 946 0 410 100 1461 200 1006 300 969 400
41 0 5 1508 0 1509 100 1412 200 1022 300 1414 400
42 0 5 891 0 1320 100 1035 200 280 300 887 400
43 0 5 110 0 315 100 951 200 522 300 715 400
44 0 5 366 0 683 100 824 200 873 300 1332 400
45 0 5 855 0 818 100 501 200 301 300 790 400
46 0 5 303 0 1283 100 1444 200 1069 300 4 400
47 0 5 1391 0 994 100 441 200 1277 300 233 400
48 0 5 657 0 485 100 679 200 489 300 642 400
49 0 5 88 0 29 100 195 200 204 300 860 400
50 0 5 107 0 1302 100 1377 200 793 300 655 400
51 0 5 852 0 27 100 491 200 79 300 135 400
52 0 5 432 0 420 100 73 200 1419 300 988 400
53 0 5 1365 0 772 100 711 200 804 300 182 400
54 0 5 1290 0 1305 100 507 200 1274 300 1180 400
55 0 5 99 0 1370 100 1469 200 356 300 199 400
56 0 5 767 0 1464 100 136 200 1147 300 1089 400
57 0 5 796 0 955 100 1206 200 85 300 1139 400
58 0 5 28 0 1116 100 171 200 84 300 531 400
59 0 5 805 0 430 100 286 200 993 300 487 400
60 0 5 362 0 1142 100 439 200 1049 300 1079 400
61 0 5 746 0 814 100 162 200 432 300 476 400
62 0 5 1245 0 1083 100 1227 200 608 300 1018 400
63 0 5 997 0 916 100 1238 200 1037 300 293 400
64 0 5 321 0 640 100 525 200 696 300 1055 400
65 0 5 929 0 446 100 819 200 1106 300 639 400
66 0 5 983 0 689 100 227 200 592 300 748 400
67 0 5 454 0 376 100 612 200 1258 300 769 400
68 0 5 569 0 1477 100 966 200 732 300 263 400
69 0 5 399 0 659 100 1210 200 426 300 477 400
70 0 5 692 0 828 100 1424 200 181 300 442 400
71 0 5 443 0 917 100 131 200 854 300 144 400
72 0 5 653 0 160 100 2 200 634 300 1328 400
73 0 5 1243 0 420 100 52 200 432 300 1025 400
74 0 5 753 0 544 100 121 200 1487 300 422 400
75 0 5 1193 0 606 100 125 200 721 300 1081 400
76 0 5 1368 0 1477 100 146 200 614 300 263 400
77 0 5 189 0 1370 100 1469 200 1232 300 625 400
78 0 5 902 0 1465 100 390 200 565 300 1058 400
79 0 5 27 0 425 100 135 200 51 300 1272 400
80 0 5 1242 0 1377 100 921 200 1423 300 1117 400
81 0 5 322 0 618 100 732 200 68 300 1190 400
82 0 5 224 0 660 100 455 200 1318 300 1045 400
83 0 5 1006 0 1118 100 1279 200 266 300 31 400
84 0 5 434 0 1112 100 58 200 28 300 1081 400
85 0 5 270 0 1206 100 992 200 57 300 794 400
86 0 5 1308 0 1459 100 616 200 1351 300 985 400
87 0 5 639 0 1179 100 474 200 1079 300 840 400
88 0 5 102 0 49 100 204 200 195 300 29 400
89 0 5 931 0 1204 100 823 200 1044 300 418 400
90 0 5 866 0 1258 100 971 200 1313 300 984 400
91 0 5 1260 0 652 100 178 200 1430 300 533 400
92 0 5 103 0 1520 100 1519 200 867 300 372 400
93 0 5 1185 0 939 100 924 200 543 300 814 400
94 0 5 408 0 1383 100 444 200 1005 300 1066 400
95 0 5 602 0 1466 100 1331 200 510 300 1493 400
96 0 5 1456 0 704 100 833 200 827 300 199 400
97 0 5 961 0 502 100 811 200 1382 300 728 400
98 0 5 1157 0 1387 100 905 200 19 300 312 400
99 0 5 356 0 55 100 199 200 1370 300 1355 400
100 0 5 871 0 1154 100 1298 200 546 300 1158 400
101 0 5 581 0 368 100 1075 200 174 300 542 400
102 0 5 88 0 195 100 703 200 1163 300 852 400
103 0 5 92 0 681 100 1321 200 921 300 1272 400
104 0 5 1316 0 1130 100 779 200 1159 300 846 400
105 0 5 586 0 1215 100 1120 200 890 300 1296 400
106 0 5 910 0 1387 100 1078 200 729 300 98 400
107 0 5 50 0 793 100 1221 200 595 300 1302 400
108 0 5 499 0 874 100 518 200 512 300 773 400
109 0 5 707 0 1436 100 399 200 341 300 1257 400
110 0 5 43 0 460 100 522 200 715 300 905 400
111 0 5 912 0 284 100 666 200 146 300 1166 400
112 0 5 827 0 151 100 1000 200 1121 300 350 400
113 0 5 1239 0 787 100 1040 200 252 300 1036 400
114 0 5 1056 0 784 100 1336 200 672 300 854 400
115 0 5 1494 0 1236 100 353 200 1170 300 173 400
116 0 5 1406 0 1219 100 1295 200 760 300 1418 400
117 0 5 922 0 1104 100 1201 200 623 300 1220 400
118 0 5 1009 0 596 100 1481 200 739 300 677 400
119 0 5 918 0 1324 100 285 200 954 300 396 400
120 0 5 394 0 495 100 1386 200 467 300 600 400
121 0 5 1195 0 1487 100 74 200 753 300 819 400
122 0 5 885 0 1198 100 756 200 1381 300 456 400
123 0 5 1486 0 567 100 343 200 331 300 594 400
124 0 5 413 0 843 100 620 200 664 300 1222 400
125 0 5 606 0 1081 100 75 200 447 300 330 400
126 0 5 578 0 1014 100 646 200 1291 300 142 400
127 0 5 406 0 580 100 1064 200 656 300 695 400
128 0 5 1011 0 317 100 609 200 280 300 848 400
129 0 5 478 0 1012 100 1133 200 1311 300 723 400
130 0 5 1314 0 1020 100 622 200 667 300 949 400
131 0 5 285 0 1490 100 311 200 443 300 917 400
132 0 5 1103 0 1084 100 302 200 206 300 452 400
133 0 5 980 0 1501 100 339 200 664 300 1261 400
134 0 5 1378 0 1088 100 791 200 1221 300 595 400
135 0 5 324 0 27 100 79 200 999 300 1189 400
136 0 5 914 0 1464 100 1094 200 847 300 1305 400
137 0 5 178 0 869 100 816 200 1001 300 652 400
138 0 5 1233 0 942 100 588 200 675 300 1156 400
139 0 5 1202 0 1167 100 559 200 1153 300 365 400
140 0 5 684 0 577 100 1455 200 838 300 1238 400
141 0 5 573 0 250 100 650 200 124 300 620 400
142 0 5 913 0 646 100 1291 200 1234 300 1119 400
143 0 5 1467 0 1019 100 363 200 583 300 1246 400
144 0 5 854 0 1336 100 443 200 1016 300 114 400
145 0 5 959 0 339 100 401 200 448 300 195 400
146 0 5 1166 0 1477 100 111 200 76 300 1417 400
147 0 5 1038 0 1193 100 779 200 1051 300 829 400
148 0 5 802 0 433 100 1264 200 944 300 1128 400
149 0 5 757 0 212 100 558 200 525 300 745 400
150 0 5 889 0 371 100 1301 200 821 300 1369 400
151 0 5 1000 0 112 100 842 200 11 300 350 400
152 0 5 826 0 360 100 1315 200 836 300 731 400
153 0 5 378 0 187 100 437 200 1090 300 950 400
154 0 5 686 0 1003 100 218 200 1021 300 123 400
155 0 5 521 0 596 100 754 200 677 300 1473 400
156 0 5 613 0 858 100 1413 200 778 300 1208 400
157 0 5 182 0 1259 100 979 200 671 300 378 400
158 0 5 828 0 273 100 1411 200 319 300 181 400
159 0 5 336 0 815 100 899 200 636 300 875 400
160 0 5 72 0 2 100 634 200 653 300 607 400
161 0 5 953 0 676 100 1298 200 411 300 1399 400
162 0 5 746 0 1481 100 1299 200 61 300 814 400
163 0 5 830 0 917 100 389 200 1300 300 854 400
164 0 5 295 0 196 100 325 200 177 300 411 400
165 0 5 1027 0 383 100 584 200 1346 300 13 400
166 0 5 1316 0 599 100 679 200 33 300 846 400
167 0 5 731 0 385 100 360 200 554 300 152 400
168 0 5 820 0 1184 100 309 200 773 300 373 400
169 0 5 221 0 283 100 488 200 1360 300 1300 400
170 0 5 555 0 1017 100 693 200 957 300 1270 400
171 0 5 1116 0 58 100 279 200 447 300 822 400
172 0 5 537 0 202 100 200 200 1253 300 801 400
173 0 5 353 0 1252 100 18 200 1494 300 1358 400
174 0 5 542 0 1460 100 1026 200 101 300 1075 400
175 0 5 316 0 1057 100 792 200 1041 300 1397 400
176 0 5 214 0 450 100 901 200 1456 300 704 400
177 0 5 293 0 295 100 997 200 511 300 196 400
178 0 5 137 0 652 100 1001 200 1260 300 91 400
179 0 5 1361 0 480 100 1070 200 705 300 415 400
180 0 5 427 0 287 100 1055 200 720 300 525 400
181 0 5 273 0 281 100 38 200 1004 300 158 400
182 0 5 187 0 157 100 378 200 1259 300 979 400
183 0 5 851 0 797 100 382 200 1136 300 549 400
184 0 5 243 0 1340 100 1089 200 847 300 995 400
185 0 5 205 0 1462 100 1354 200 1123 300 289 400
186 0 5 403 0 354 100 375 200 1231 300 311 400
187 0 5 378 0 182 100 153 200 804 300 888 400
188 0 5 436 0 1241 100 1179 200 722 300 87 400
189 0 5 77 0 625 100 768 200 1469 300 1232 400
190 0 5 1440 0 1131 100 416 200 579 300 1403 400
191 0 5 671 0 1471 100 1259 200 813 300 965 400
192 0 5 1367 0 1062 100 297 200 824 300 952 400
193 0 5 1106 0 1347 100 658 200 835 300 740 400
194 0 5 441 0 1199 100 34 200 763 300 1129 400
195 0 5 448 0 102 100 49 200 959 300 29 400
196 0 5 164 0 295 100 325 200 511 300 177 400
197 0 5 545 0 1068 100 237 200 463 300 466 400
198 0 5 1141 0 1289 100 709 200 1218 300 1049 400
199 0 5 1355 0 833 100 697 200 99 300 96 400
200 0 5 801 0 864 100 172 200 202 300 919 400
201 0 5 1442 0 1276 100 1114 200 708 300 32 400
202 0 5 919 0 172 100 801 200 1237 300 1289 400
203 0 5 820 0 373 100 530 200 168 300 1184 400
204 0 5 937 0 703 100 1095 200 49 300 1418 400
205 0 5 1341 0 185 100 1354 200 289 300 1462 400
206 0 5 452 0 415 100 302 200 132 300 480 400
207 0 5 1168 0 392 100 725 200 449 300 715 400
208 0 5 574 0 927 100 1007 200 216 300 475 400
209 0 5 1233 0 624 100 760 200 242 300 588 400
210 0 5 1282 0 812 100 1014 200 455 300 903 400
211 0 5 1436 0 1269 100 23 200 294 300 109 400
212 0 5 558 0 149 100 981 200 1101 300 810 400
213 0 5 223 0 795 100 816 200 1001 300 1433 400
214 0 5 176 0 450 100 1403 200 366 300 901 400
215 0 5 477 0 341 100 1183 200 582 300 333 400
216 0 5 499 0 631 100 927 200 208 300 574 400
217 0 5 298 0 229 100 782 200 1388 300 1048 400
218 0 5 1003 0 968 100 361 200 277 300 154 400
219 0 5 1265 0 1410 100 1278 200 832 300 32 400
220 0 5 878 0 472 100 520 200 775 300 794 400
221 0 5 169 0 1346 100 1360 200 165 300 283 400
222 0 5 808 0 876 100 971 200 866 300 984 400
223 0 5 1433 0 213 100 795 200 938 300 277 400
224 0 5 82 0 1402 100 1045 200 455 300 975 400
225 0 5 25 0 638 100 1306 200 1237 300 1218 400
226 0 5 1153 0 1167 100 1495 200 572 300 433 400
227 0 5 689 0 1430 100 66 200 1476 300 178 400
228 0 5 398 0 759 100 247 200 1046 300 957 400
229 0 5 1373 0 782 100 217 200 1488 300 752 400
230 0 5 412 0 305 100 515 200 1423 300 1272 400
231 0 5 457 0 14 100 435 200 449 300 1234 400
232 0 5 1344 0 565 100 1058 200 1240 300 736 400
233 0 5 1212 0 1391 100 1177 200 822 300 970 400
234 0 5 469 0 1402 100 975 200 458 300 903 400
235 0 5 988 0 838 100 1050 200 853 300 1455 400
236 0 5 1396 0 589 100 666 200 857 300 360 400
237 0 5 197 0 964 100 463 200 1383 300 545 400
238 0 5 636 0 505 100 538 200 369 300 1255 400
239 0 5 1108 0 615 100 907 200 775 300 1039 400
240 0 5 444 0 1376 100 1151 200 924 300 1204 400
241 0 5 273 0 269 100 1498 200 507 300 319 400
242 0 5 264 0 923 100 588 200 595 300 209 400
243 0 5 184 0 847 100 1340 200 1089 300 1274 400
244 0 5 607 0 523 100 564 200 160 300 2 400
245 0 5 550 0 1380 100 1338 200 1415 300 803 400
246 0 5 1421 0 1148 100 537 200 1253 300 1029 400
247 0 5 693 0 957 100 228 200 759 300 398 400
248 0 5 267 0 422 100 544 200 1241 300 381 400
249 0 5 468 0 765 100 761 200 345 300 284 400
250 0 5 1522 0 1401 100 1521 200 1321 300 141 400
251 0 5 531 0 1349 100 1129 200 434 300 970 400
252 0 5 787 0 776 100 1239 200 113 300 1036 400
253 0 5 349 0 466 100 1026 200 964 300 545 400
254 0 5 708 0 578 100 1442 200 1014 300 1282 400
255 0 5 1032 0 338 100 1194 200 1428 300 1344 400
256 0 5 582 0 1492 100 215 200 333 300 659 400
257 0 5 334 0 907 100 12 200 990 300 1108 400
258 0 5 1249 0 1251 100 332 200 803 300 727 400
259 0 5 800 0 1389 100 7 200 674 300 1165 400
260 0 5 1500 0 1398 100 1375 200 548 300 1134 400
261 0 5 1149 0 1474 100 1228 200 467 300 1425 400
262 0 5 289 0 549 100 642 200 900 300 1136 400
263 0 5 972 0 306 100 1368 200 1477 300 68 400
264 0 5 242 0 595 100 1345 200 793 300 923 400
265 0 5 881 0 35 100 1319 200 1434 300 855 400
266 0 5 83 0 1144 100 1118 200 1279 300 712 400
267 0 5 1425 0 248 100 1241 200 544 300 1228 400
268 0 5 554 0 1071 100 1077 200 495 300 731 400
269 0 5 1072 0 241 100 1498 200 1004 300 1180 400
270 0 5 738 0 85 100 1394 200 594 300 552 400
271 0 5 1296 0 1120 100 1408 200 105 300 1215 400
272 0 5 1334 0 424 100 404 200 625 300 1355 400
273 0 5 241 0 181 100 158 200 1004 300 269 400
274 0 5 1085 0 743 100 851 200 1136 300 395 400
275 0 5 397 0 1118 100 31 200 1437 300 266 400
276 0 5 789 0 1119 100 1201 200 1291 300 1381 400
277 0 5 361 0 968 100 218 200 533 300 1003 400
278 0 5 320 0 920 100 698 200 755 300 948 400
279 0 5 1432 0 447 100 171 200 822 300 1329 400
280 0 5 848 0 317 100 1035 200 128 300 42 400
281 0 5 877 0 181 100 982 200 38 300 273 400
282 0 5 1256 0 884 100 1345 200 1219 300 760 400
283 0 5 169 0 1300 100 488 200 830 300 221 400
284 0 5 761 0 1166 100 765 200 111 300 666 400
285 0 5 131 0 1324 100 396 200 1490 300 119 400
286 0 5 993 0 744 100 423 200 59 300 766 400
287 0 5 180 0 800 100 720 200 1165 300 374 400
288 0 5 556 0 978 100 458 200 386 300 471 400
289 0 5 262 0 1462 100 205 200 185 300 1207 400
290 0 5 1005 0 1066 100 463 200 237 300 94 400
291 0 5 1082 0 1214 100 539 200 1192 300 1297 400
292 0 5 935 0 776 100 485 200 1034 300 1350 400
293 0 5 511 0 177 100 997 200 1238 300 1399 400
294 0 5 1450 0 1269 100 817 200 297 300 824 400
295 0 5 164 0 177 100 196 200 325 300 511 400
296 0 5 1135 0 530 100 927 200 516 300 203 400
297 0 5 496 0 824 100 294 200 817 300 192 400
298 0 5 611 0 217 100 1388 200 591 300 229 400
299 0 5 1107 0 876 100 984 200 729 300 222 400
300 0 5 1115 0 337 100 416 200 1172 300 1131 400
301 0 5 1069 0 1283 100 45 200 501 300 354 400
302 0 5 480 0 1070 100 39 200 206 300 132 400
303 0 5 46 0 810 100 373 200 1184 300 561 400
304 0 5 580 0 1064 100 656 200 628 300 481 400
305 0 5 515 0 491 100 230 200 425 300 412 400
306 0 5 263 0 966 100 1359 200 972 300 68 400
307 0 5 1366 0 816 100 1379 200 213 300 1497 400
308 0 5 345 0 1420 100 1100 200 1480 300 857 400
309 0 5 773 0 1184 100 874 200 168 300 501 400
310 0 5 352 0 343 100 41 200 567 300 1412 400
311 0 5 403 0 1319 100 354 200 186 300 1231 400
312 0 5 1157 0 24 100 529 200 98 300 460 400
313 0 5 911 0 663 100 941 200 682 300 1087 400
314 0 5 1024 0 955 100 764 200 57 300 796 400
315 0 5 951 0 43 100 956 200 715 300 986 400
316 0 5 175 0 792 100 1035 200 1086 300 1443 400
317 0 5 280 0 128 100 1397 200 1035 300 702 400
318 0 5 1027 0 865 100 1346 200 991 300 1047 400
319 0 5 1411 0 430 100 158 200 1498 300 241 400
320 0 5 1226 0 278 100 1337 200 948 300 540 400
321 0 5 1301 0 64 100 640 200 1055 300 150 400
322 0 5 81 0 732 100 68 200 618 300 569 400
323 0 5 32 0 685 100 950 200 437 300 913 400
324 0 5 1189 0 135 100 999 200 1113 300 27 400
325 0 5 1399 0 196 100 511 200 164 300 161 400
326 0 5 640 0 737 100 705 200 696 300 64 400
327 0 5 1053 0 1008 100 579 200 416 300 1202 400
328 0 5 721 0 1112 100 84 200 1193 300 1081 400
329 0 5 497 0 960 100 1344 200 1395 300 736 400
330 0 5 332 0 1472 100 484 200 670 300 125 400
331 0 5 594 0 1486 100 123 200 1394 300 878 400
332 0 5 330 0 484 100 1249 200 670 300 258 400
333 0 5 477 0 659 100 215 200 399 300 582 400
334 0 5 257 0 1244 100 967 200 1093 300 1404 400
335 0 5 1343 0 1294 100 850 200 692 300 1468 400
336 0 5 159 0 899 100 636 200 815 300 875 400
337 0 5 300 0 1172 100 952 200 734 300 1405 400
338 0 5 1292 0 16 100 255 200 528 300 1284 400
339 0 5 145 0 664 100 133 200 413 300 959 400
340 0 5 1508 0 1507 100 1127 200 1441 300 650 400
341 0 5 23 0 1436 100 215 200 477 300 109 400
342 0 5 1263 0 1020 100 949 200 1023 300 1075 400
343 0 5 567 0 310 100 123 200 1486 300 352 400
344 0 5 593 0 439 100 906 200 936 300 367 400
345 0 5 308 0 857 100 666 200 761 300 249 400
346 0 5 1125 0 1132 100 396 200 4 300 374 400
347 0 5 1029 0 977 100 22 200 1145 300 1470 400
348 0 5 1235 0 1096 100 1120 200 527 300 350 400
349 0 5 253 0 739 100 1026 200 466 300 197 400
350 0 5 1235 0 827 100 11 200 683 300 151 400
351 0 5 749 0 987 100 1261 200 1052 300 625 400
352 0 5 1267 0 310 100 277 200 91 300 218 400
353 0 5 1494 0 173 100 115 200 641 300 1252 400
354 0 5 186 0 1444 100 1283 200 403 300 311 400
355 0 5 1313 0 1312 100 835 200 1030 300 841 400
356 0 5 99 0 1053 100 697 200 55 300 199 400
357 0 5 405 0 1485 100 883 200 726 300 317 400
358 0 5 370 0 655 100 681 200 529 300 372 400
359 0 5 1220 0 1178 100 623 200 751 300 539 400
360 0 5 385 0 152 100 236 200 1396 300 167 400
361 0 5 533 0 277 100 218 200 1003 300 562 400
362 0 5 60 0 617 100 439 200 637 300 1049 400
363 0 5 583 0 143 100 1483 200 1448 300 1019 400
364 0 5 472 0 775 100 615 200 750 300 1039 400
365 0 5 1115 0 492 100 559 200 139 300 1202 400
366 0 5 44 0 1099 100 214 200 824 300 1403 400
367 0 5 936 0 1079 100 593 200 1327 300 344 400
368 0 5 933 0 101 100 581 200 429 300 1075 400
369 0 5 1134 0 1337 100 1339 200 238 300 1285 400
370 0 5 358 0 372 100 655 200 529 300 867 400
371 0 5 1055 0 150 100 889 200 800 300 1196 400
372 0 5 370 0 529 100 867 200 788 300 522 400
373 0 5 203 0 1184 100 168 200 530 300 303 400
374 0 5 720 0 396 100 7 200 1165 300 4 400
375 0 5 453 0 1002 100 186 200 403 300 311 400
376 0 5 67 0 1258 100 769 200 454 300 1156 400
377 0 5 1476 0 1155 100 869 200 137 300 859 400
378 0 5 153 0 187 100 182 200 1352 300 157 400
379 0 5 1439 0 486 100 898 200 700 300 946 400
380 0 5 489 0 37 100 679 200 1341 300 1063 400
381 0 5 446 0 753 100 1241 200 422 300 65 400
382 0 5 549 0 797 100 1136 200 183 300 262 400
383 0 5 1360 0 165 100 584 200 1111 300 954 400
384 0 5 1390 0 1240 100 891 200 1344 300 42 400
385 0 5 167 0 360 100 557 200 554 300 152 400
386 0 5 978 0 556 100 458 200 288 300 989 400
387 0 5 900 0 1136 100 431 200 1207 300 262 400
388 0 5 1472 0 606 100 125 200 484 300 1193 400
389 0 5 409 0 163 100 830 200 587 300 1300 400
390 0 5 717 0 1058 100 621 200 78 300 902 400
391 0 5 536 0 1354 100 886 200 37 300 690 400
392 0 5 715 0 207 100 449 200 956 300 951 400
393 0 5 896 0 1311 100 1227 200 129 300 1372 400
394 0 5 120 0 600 100 467 200 1386 300 1228 400
395 0 5 506 0 642 100 1416 200 657 300 797 400
396 0 5 1231 0 374 100 918 200 346 300 1132 400
397 0 5 1437 0 275 100 803 200 1380 300 31 400
398 0 5 228 0 1495 100 492 200 247 300 693 400
399 0 5 69 0 426 100 109 200 341 300 477 400
400 0 5 1450 0 1269 100 563 200 694 300 1250 400
401 0 5 999 0 448 100 1113 200 145 300 413 400
402 0 5 1322 0 768 100 1232 200 1186 300 944 400
403 0 5 186 0 311 100 375 200 354 300 1231 400
404 0 5 1052 0 424 100 625 200 272 300 749 400
405 0 5 1485 0 357 100 726 200 317 300 702 400
406 0 5 503 0 127 100 1064 200 695 300 580 400
407 0 5 1331 0 1203 100 940 200 1318 300 602 400
408 0 5 1383 0 94 100 237 200 444 300 809 400
409 0 5 389 0 830 100 587 200 163 300 1247 400
410 0 5 969 0 40 100 1461 200 946 300 1176 400
411 0 5 1266 0 953 100 161 200 325 300 676 400
412 0 5 1256 0 230 100 1117 200 1429 300 1242 400
413 0 5 124 0 1113 100 664 200 339 300 843 400
414 0 5 1018 0 1310 100 1432 200 771 300 1083 400
415 0 5 26 0 206 100 1138 200 480 300 302 400
416 0 5 579 0 190 100 1172 200 300 300 1202 400
417 0 5 1465 0 741 100 1286 200 78 300 969 400
418 0 5 897 0 1204 100 429 200 89 300 444 400
419 0 5 995 0 1356 100 963 200 1043 300 487 400
420 0 5 52 0 73 100 988 200 1140 300 432 400
421 0 5 1103 0 821 100 1422 200 150 300 1065 400
422 0 5 544 0 248 100 753 200 1241 300 74 400
423 0 5 1140 0 993 100 286 200 744 300 1025 400
424 0 5 272 0 404 100 1334 200 625 300 1355 400
425 0 5 491 0 79 100 27 200 305 300 51 400
426 0 5 1479 0 399 100 69 200 1210 300 109 400
427 0 5 180 0 525 100 1055 200 561 300 287 400
428 0 5 13 0 584 100 1369 200 627 300 165 400
429 0 5 964 0 897 100 1010 200 418 300 933 400
430 0 5 59 0 319 100 487 200 1043 300 993 400
431 0 5 900 0 1207 100 831 200 1123 300 1136 400
432 0 5 52 0 1419 100 73 200 1243 300 61 400
433 0 5 1046 0 148 100 802 200 226 300 1264 400
434 0 5 84 0 1489 100 251 200 531 300 1129 400
435 0 5 14 0 1224 100 231 200 456 300 449 400
436 0 5 188 0 1179 100 722 200 1079 300 87 400
437 0 5 950 0 1090 100 153 200 323 300 1410 400
438 0 5 728 0 19 100 713 200 5 300 961 400
439 0 5 344 0 617 100 362 200 60 300 906 400
440 0 5 1061 0 1328 100 868 200 1257 300 653 400
441 0 5 194 0 763 100 1129 200 994 300 34 400
442 0 5 571 0 1411 100 828 200 1294 300 692 400
443 0 5 71 0 1016 100 131 200 1336 300 144 400
444 0 5 240 0 809 100 94 200 1204 300 924 400
445 0 5 1513 0 1512 100 1325 200 551 300 1475 400
446 0 5 381 0 65 100 929 200 819 300 753 400
447 0 5 279 0 125 100 1432 200 670 300 1310 400
448 0 5 195 0 401 100 1113 200 145 300 999 400
449 0 5 457 0 231 100 1224 200 685 300 435 400
450 0 5 1332 0 176 100 214 200 1456 300 704 400
451 0 5 482 0 543 100 963 200 465 300 939 400
452 0 5 206 0 1287 100 1422 200 534 300 132 400
453 0 5 1002 0 1319 100 375 200 881 300 311 400
454 0 5 67 0 612 100 637 200 376 300 1175 400
455 0 5 940 0 1282 100 224 200 812 300 82 400
456 0 5 885 0 14 100 435 200 1224 300 1262 400
457 0 5 231 0 685 100 449 200 323 300 913 400
458 0 5 288 0 978 100 471 200 903 300 386 400
459 0 5 1195 0 841 100 732 200 1106 300 121 400
460 0 5 1157 0 905 100 110 200 522 300 98 400
461 0 5 676 0 553 100 1298 200 483 300 845 400
462 0 5 1048 0 1388 100 547 200 217 300 298 400
463 0 5 654 0 290 100 237 200 814 300 1005 400
464 0 5 1475 0 1147 100 1089 200 184 300 895 400
465 0 5 924 0 778 100 451 200 613 300 156 400
466 0 5 545 0 253 100 964 200 349 300 197 400
467 0 5 1228 0 807 100 1386 200 1407 300 120 400
468 0 5 249 0 623 100 1297 200 117 300 1220 400
469 0 5 812 0 234 100 224 200 1402 300 455 400
470 0 5 1502 0 1 100 503 200 551 300 1022 400
471 0 5 1098 0 1281 100 458 200 903 300 556 400
472 0 5 364 0 878 100 220 200 775 300 123 400
473 0 5 965 0 568 100 1471 200 979 300 879 400
474 0 5 1327 0 740 100 1079 200 87 300 1347 400
475 0 5 1499 0 1007 100 1454 200 208 300 1275 400
476 0 5 519 0 1243 100 766 200 744 300 61 400
477 0 5 333 0 215 100 341 200 399 300 69 400
478 0 5 129 0 1133 100 15 200 1109 300 1012 400
479 0 5 1128 0 762 100 1271 200 860 300 604 400
480 0 5 302 0 179 100 1070 200 415 300 206 400
481 0 5 844 0 1048 100 628 200 6 300 1067 400
482 0 5 451 0 30 100 1208 200 1169 300 778 400
483 0 5 553 0 1298 100 1138 200 461 300 845 400
484 0 5 1249 0 1472 100 332 200 330 300 388 400
485 0 5 657 0 48 100 1350 200 1034 300 292 400
486 0 5 700 0 379 100 1143 200 1338 300 898 400
487 0 5 1043 0 1356 100 430 200 59 300 507 400
488 0 5 633 0 1451 100 1304 200 169 300 283 400
489 0 5 380 0 1341 100 679 200 48 300 37 400
490 0 5 1105 0 626 100 540 200 21 300 730 400
491 0 5 425 0 305 100 51 200 412 300 27 400
492 0 5 559 0 365 100 1495 200 398 300 1153 400
493 0 5 915 0 771 100 1484 200 1467 300 1357 400
494 0 5 1409 0 859 100 1385 200 648 300 1323 400
495 0 5 120 0 1071 100 1077 200 1386 300 268 400
496 0 5 297 0 619 100 817 200 1367 300 294 400
497 0 5 329 0 1395 100 1032 200 1344 300 960 400
498 0 5 500 0 829 100 717 200 1307 300 1150 400
499 0 5 773 0 108 100 216 200 927 300 874 400
500 0 5 532 0 1060 100 498 200 829 300 712 400
501 0 5 1069 0 874 100 45 200 518 300 818 400
502 0 5 825 0 97 100 1152 200 1457 300 713 400
503 0 5 406 0 1515 100 1064 200 695 300 470 400
504 0 5 524 0 1176 100 1452 200 1236 300 20 400
505 0 5 661 0 238 100 636 200 1013 300 159 400
506 0 5 743 0 395 100 1416 200 935 300 382 400
507 0 5 1498 0 1043 100 54 200 1305 300 241 400
508 0 5 644 0 1170 100 647 200 510 300 718 400
509 0 5 1326 0 710 100 667 200 724 300 1024 400
510 0 5 1173 0 508 100 718 200 1164 300 647 400
511 0 5 293 0 196 100 1399 200 325 300 1238 400
512 0 5 631 0 1109 100 777 200 216 300 108 400
513 0 5 719 0 785 100 1173 200 718 300 510 400
514 0 5 843 0 1222 100 1400 200 748 300 1028 400
515 0 5 305 0 1423 100 1272 200 230 300 412 400
516 0 5 1135 0 981 100 296 200 1101 300 810 400
517 0 5 665 0 1139 100 967 200 1244 300 1044 400
518 0 5 818 0 874 100 108 200 501 300 45 400
519 0 5 476 0 766 100 1243 200 61 300 744 400
520 0 5 1093 0 878 100 794 200 220 300 1404 400
521 0 5 155 0 786 100 677 200 863 300 754 400
522 0 5 24 0 788 100 372 200 110 300 460 400
523 0 5 244 0 1210 100 607 200 943 300 69 400
524 0 5 504 0 1452 100 20 200 1363 300 1491 400
525 0 5 427 0 561 100 696 200 1055 300 64 400
526 0 5 989 0 758 100 883 200 1045 300 556 400
527 0 5 873 0 1096 100 694 200 563 300 348 400
528 0 5 1496 0 1194 100 1284 200 338 300 1395 400
529 0 5 312 0 358 100 372 200 24 300 655 400
530 0 5 296 0 203 100 1135 200 810 300 373 400
531 0 5 251 0 1349 100 434 200 58 300 1116 400
532 0 5 500 0 1060 100 1051 200 712 300 498 400
533 0 5 562 0 361 100 652 200 277 300 938 400
534 0 5 1138 0 1182 100 1287 200 452 300 928 400
535 0 5 791 0 1221 100 605 200 1078 300 134 400
536 0 5 391 0 37 100 1063 200 1354 300 1341 400
537 0 5 172 0 1253 100 246 200 1148 300 675 400
538 0 5 1339 0 948 100 238 200 1337 300 369 400
539 0 5 1214 0 751 100 291 200 1297 300 623 400
540 0 5 9 0 1226 100 490 200 730 300 626 400
541 0 5 560 0 1453 100 987 200 748 300 632 400
542 0 5 174 0 1075 100 1026 200 622 300 101 400
543 0 5 939 0 963 100 451 200 30 300 93 400
544 0 5 422 0 74 100 248 200 1407 300 753 400
545 0 5 466 0 197 100 237 200 964 300 463 400
546 0 5 1158 0 1298 100 871 200 100 300 577 400
547 0 5 844 0 1388 100 1205 200 976 300 1048 400
548 0 5 1333 0 1398 100 1183 200 260 300 215 400
549 0 5 382 0 262 100 642 200 797 300 1136 400
550 0 5 1338 0 245 100 1380 200 486 300 700 400
551 0 5 1325 0 1510 100 1511 200 767 300 10 400
552 0 5 1054 0 738 100 1211 200 594 300 992 400
553 0 5 461 0 483 100 845 200 1138 300 1298 400
554 0 5 268 0 1071 100 603 200 731 300 385 400
555 0 5 170 0 1288 100 893 200 1470 300 1270 400
556 0 5 288 0 386 100 1191 200 978 300 989 400
557 0 5 849 0 603 100 385 200 236 300 360 400
558 0 5 212 0 981 100 810 200 745 300 149 400
559 0 5 492 0 365 100 139 200 1153 300 1495 400
560 0 5 541 0 748 100 632 200 1188 300 1273 400
561 0 5 745 0 525 100 4 200 427 300 303 400
562 0 5 533 0 938 100 361 200 1433 300 1003 400
563 0 5 1174 0 694 100 1096 200 400 300 527 400
564 0 5 716 0 2 100 244 200 1328 300 72 400
565 0 5 232 0 1058 100 1240 200 78 300 1344 400
566 0 5 706 0 1246 100 583 200 143 300 363 400
567 0 5 343 0 123 100 1267 200 218 300 310 400
568 0 5 473 0 965 100 1471 200 979 300 879 400
569 0 5 68 0 732 100 841 200 966 300 322 400
570 0 5 702 0 609 100 1485 200 1203 300 660 400
571 0 5 442 0 1411 100 1294 200 692 300 828 400
572 0 5 1232 0 1167 100 1202 200 226 300 1053 400
573 0 5 620 0 141 100 1401 200 250 300 1222 400
574 0 5 1007 0 208 100 216 200 1454 300 927 400
575 0 5 857 0 589 100 1480 200 345 300 236 400
576 0 5 1372 0 1448 100 1434 200 790 300 393 400
577 0 5 140 0 1158 100 838 200 546 300 1468 400
578 0 5 126 0 1442 100 254 200 646 300 1014 400
579 0 5 901 0 416 100 1008 200 190 300 1440 400
580 0 5 656 0 706 100 127 200 304 300 1064 400
581 0 5 101 0 1075 100 368 200 1263 300 933 400
582 0 5 256 0 659 100 215 200 333 300 1183 400
583 0 5 363 0 566 100 1246 200 143 300 706 400
584 0 5 1111 0 428 100 947 200 165 300 383 400
585 0 5 1434 0 1080 100 1042 200 1448 300 1056 400
586 0 5 1296 0 105 100 932 200 1120 300 271 400
587 0 5 854 0 409 100 163 200 503 300 389 400
588 0 5 1156 0 242 100 769 200 138 300 1233 400
589 0 5 849 0 575 100 236 200 666 300 857 400
590 0 5 610 0 1217 100 35 200 1042 300 1319 400
591 0 5 611 0 1076 100 1415 200 1484 300 898 400
592 0 5 1273 0 1188 100 689 200 66 300 1476 400
593 0 5 344 0 936 100 367 200 1327 300 906 400
594 0 5 331 0 1394 100 1486 200 123 300 738 400
595 0 5 264 0 793 100 1221 200 242 300 923 400
596 0 5 155 0 118 100 754 200 1481 300 746 400
597 0 5 1453 0 1501 100 1261 200 1028 300 664 400
598 0 5 1033 0 711 100 1358 200 780 300 1365 400
599 0 5 1059 0 166 100 33 200 679 300 1034 400
600 0 5 1197 0 394 100 1228 200 467 300 120 400
601 0 5 856 0 748 100 1222 200 1400 300 514 400
602 0 5 95 0 1331 100 940 200 1466 300 407 400
603 0 5 1071 0 557 100 554 200 731 300 385 400
604 0 5 959 0 996 100 49 200 479 300 1128 400
605 0 5 1078 0 655 100 1221 200 535 300 358 400
606 0 5 388 0 75 100 125 200 1193 300 1472 400
607 0 5 244 0 943 100 523 200 160 300 1210 400
608 0 5 1012 0 1311 100 1227 200 781 300 393 400
609 0 5 702 0 570 100 128 200 317 300 1493 400
610 0 5 590 0 1217 100 35 200 1042 300 1080 400
611 0 5 591 0 298 100 217 200 1388 300 462 400
612 0 5 454 0 1175 100 1156 200 67 300 769 400
613 0 5 156 0 778 100 990 200 1151 300 1413 400
614 0 5 972 0 688 100 1417 200 1368 300 811 400
615 0 5 239 0 1039 100 364 200 1108 300 775 400
616 0 5 985 0 1308 100 865 200 86 300 1027 400
617 0 5 637 0 439 100 362 200 906 300 344 400
618 0 5 1190 0 81 100 322 200 732 300 973 400
619 0 5 1257 0 496 100 817 200 868 300 1061 400
620 0 5 573 0 1222 100 124 200 1189 300 1126 400
621 0 5 736 0 1058 100 390 200 717 300 960 400
622 0 5 678 0 1314 100 130 200 542 300 649 400
623 0 5 1220 0 468 100 1178 200 117 300 1297 400
624 0 5 1345 0 209 100 760 200 242 300 1233 400
625 0 5 189 0 839 100 404 200 424 300 1469 400
626 0 5 837 0 490 100 730 200 21 300 1446 400
627 0 5 1369 0 428 100 821 200 991 300 13 400
628 0 5 1506 0 1507 100 481 200 1067 300 6 400
629 0 5 1424 0 1449 100 958 200 1287 300 699 400
630 0 5 1447 0 1127 100 1430 200 227 300 1441 400
631 0 5 512 0 770 100 216 200 1109 300 1209 400
632 0 5 1409 0 560 100 1188 200 748 300 1273 400
633 0 5 1047 0 488 100 865 200 1346 300 318 400
634 0 5 707 0 868 100 160 200 653 300 943 400
635 0 5 651 0 1177 100 781 200 233 300 822 400
636 0 5 238 0 336 100 159 200 505 300 1013 400
637 0 5 617 0 1175 100 454 200 362 300 612 400
638 0 5 1218 0 225 100 1237 200 1142 300 1306 400
639 0 5 87 0 840 100 1106 200 65 300 1179 400
640 0 5 326 0 64 100 737 200 705 300 525 400
641 0 5 647 0 1033 100 1170 200 1358 300 353 400
642 0 5 395 0 657 100 262 200 797 300 549 400
643 0 5 1161 0 1285 100 661 200 1427 300 238 400
644 0 5 798 0 508 100 718 200 1170 300 510 400
645 0 5 1077 0 1280 100 1386 200 731 300 495 400
646 0 5 1291 0 126 100 142 200 578 300 1014 400
647 0 5 641 0 1170 100 508 200 510 300 1033 400
648 0 5 1323 0 859 100 1385 200 494 300 842 400
649 0 5 678 0 8 100 1091 200 622 300 130 400
650 0 5 1503 0 1502 100 1127 200 1441 300 1022 400
651 0 5 635 0 781 100 1177 200 822 300 233 400
652 0 5 1260 0 178 100 1001 200 91 300 137 400
653 0 5 72 0 868 100 160 200 634 300 2 400
654 0 5 1068 0 463 100 814 200 1299 300 197 400
655 0 5 605 0 358 100 1302 200 1221 300 370 400
656 0 5 1268 0 580 100 127 200 706 300 406 400
657 0 5 48 0 485 100 642 200 395 300 1350 400
658 0 5 1106 0 1312 100 193 200 841 300 835 400
659 0 5 333 0 582 100 69 200 399 300 215 400
660 0 5 1318 0 1203 100 82 200 1485 300 570 400
661 0 5 505 0 1285 100 643 200 369 300 1161 400
662 0 5 998 0 682 100 941 200 1420 300 1191 400
663 0 5 313 0 922 100 1098 200 1201 300 1281 400
664 0 5 339 0 1028 100 413 200 1501 300 124 400
665 0 5 517 0 1044 100 1458 200 1139 300 1244 400
666 0 5 761 0 111 100 345 200 236 300 857 400
667 0 5 1326 0 724 100 1091 200 130 300 509 400
668 0 5 763 0 994 100 1277 200 441 300 1275 400
669 0 5 870 0 1056 100 962 200 861 300 1016 400
670 0 5 1310 0 330 100 332 200 447 300 125 400
671 0 5 191 0 1259 100 1352 200 157 300 182 400
672 0 5 1268 0 784 100 114 200 706 300 1056 400
673 0 5 755 0 1445 100 710 200 698 300 724 400
674 0 5 1389 0 954 100 947 200 1111 300 259 400
675 0 5 942 0 1156 100 1148 200 138 300 1253 400
676 0 5 461 0 161 100 1298 200 1266 300 845 400
677 0 5 754 0 863 100 1009 200 521 300 118 400
678 0 5 622 0 649 100 8 200 1225 300 1091 400
679 0 5 489 0 166 100 48 200 380 300 485 400
680 0 5 1374 0 850 100 1248 200 692 300 1154 400
681 0 5 1377 0 1302 100 358 200 80 300 50 400
682 0 5 941 0 662 100 313 200 663 300 1100 400
683 0 5 1332 0 827 100 44 200 350 300 366 400
684 0 5 140 0 1238 100 1399 200 577 300 1455 400
685 0 5 457 0 950 100 323 200 449 300 437 400
686 0 5 154 0 909 100 1021 200 1003 300 1486 400
687 0 5 1335 0 1428 100 1390 200 1086 300 255 400
688 0 5 614 0 1082 100 1297 200 811 300 961 400
689 0 5 227 0 66 100 1273 200 1188 300 592 400
690 0 5 831 0 886 100 1284 200 391 300 185 400
691 0 5 750 0 834 100 1022 200 1478 300 41 400
692 0 5 70 0 1424 100 1294 200 850 300 442 400
693 0 5 247 0 893 100 170 200 17 300 1171 400
694 0 5 873 0 527 100 563 200 824 300 400 400
695 0 5 854 0 127 100 503 200 406 300 1064 400
696 0 5 737 0 1342 100 525 200 872 300 64 400
697 0 5 704 0 199 100 356 200 833 300 96 400
698 0 5 755 0 1445 100 1379 200 673 300 278 400
699 0 5 958 0 1422 100 1287 200 629 300 1065 400
700 0 5 1143 0 486 100 1338 200 898 300 379 400
701 0 5 806 0 1406 100 1270 200 1295 300 1095 400
702 0 5 609 0 570 100 1485 200 317 300 405 400
703 0 5 1163 0 102 100 204 200 29 300 937 400
704 0 5 1456 0 697 100 96 200 176 300 1332 400
705 0 5 1070 0 39 100 326 200 640 300 179 400
706 0 5 566 0 580 100 1246 200 1268 300 656 400
707 0 5 634 0 109 100 868 200 1257 300 160 400
708 0 5 254 0 1442 100 1431 200 1114 300 201 400
709 0 5 1049 0 1141 100 198 200 1175 300 1218 400
710 0 5 1054 0 509 100 673 200 1211 300 724 400
711 0 5 1358 0 598 100 1365 200 934 300 780 400
712 0 5 1060 0 1279 100 266 200 902 300 532 400
713 0 5 1229 0 825 100 438 200 910 300 502 400
714 0 5 888 0 832 100 1410 200 804 300 153 400
715 0 5 956 0 392 100 951 200 986 300 315 400
716 0 5 1328 0 564 100 244 200 2 300 72 400
717 0 5 390 0 1307 100 498 200 621 300 78 400
718 0 5 719 0 798 100 513 200 510 300 644 400
719 0 5 513 0 718 100 798 200 785 300 1173 400
720 0 5 1165 0 374 100 287 200 4 300 7 400
721 0 5 328 0 1193 100 75 200 1081 300 1112 400
722 0 5 1306 0 1179 100 436 200 1079 300 87 400
723 0 5 1133 0 15 100 129 200 1311 300 512 400
724 0 5 21 0 667 100 673 200 710 300 755 400
725 0 5 1262 0 1168 100 207 200 449 300 1224 400
726 0 5 883 0 405 100 357 200 1397 300 317 400
727 0 5 1251 0 1357 100 1310 200 1031 300 258 400
728 0 5 438 0 961 100 1192 200 97 300 502 400
729 0 5 1107 0 910 100 106 200 1387 300 1229 400
730 0 5 9 0 1446 100 626 200 490 300 540 400
731 0 5 167 0 836 100 1280 200 554 300 268 400
732 0 5 322 0 569 100 841 200 68 300 459 400
733 0 5 1121 0 1000 100 1385 200 1323 300 112 400
734 0 5 1405 0 1367 100 337 200 297 300 1062 400
735 0 5 742 0 1137 100 1384 200 1181 300 1226 400
736 0 5 960 0 621 100 1058 200 329 300 717 400
737 0 5 326 0 696 100 872 200 1342 300 640 400
738 0 5 270 0 1394 100 552 200 85 300 594 400
739 0 5 1009 0 349 100 118 200 1481 300 677 400
740 0 5 1347 0 474 100 840 200 835 300 193 400
741 0 5 1240 0 417 100 969 200 1465 300 565 400
742 0 5 735 0 1181 100 1137 200 1384 300 1226 400
743 0 5 506 0 274 100 395 200 1136 300 1085 400
744 0 5 1025 0 286 100 423 200 476 300 766 400
745 0 5 561 0 810 100 558 200 303 300 981 400
746 0 5 162 0 61 100 1481 200 596 300 118 400
747 0 5 926 0 1198 100 122 200 1381 300 885 400
748 0 5 560 0 601 100 983 200 66 300 1400 400
749 0 5 1052 0 351 100 1261 200 404 300 625 400
750 0 5 364 0 908 100 1393 200 1022 300 691 400
751 0 5 1178 0 539 100 359 200 1262 300 623 400
752 0 5 1488 0 774 100 1373 200 229 300 36 400
753 0 5 74 0 381 100 422 200 446 300 121 400
754 0 5 677 0 596 100 155 200 118 300 521 400
755 0 5 673 0 698 100 1105 200 278 300 724 400
756 0 5 1122 0 1234 100 122 200 14 300 1119 400
757 0 5 149 0 1101 100 212 200 525 300 872 400
758 0 5 526 0 1045 100 1485 200 989 300 82 400
759 0 5 228 0 957 100 1046 200 247 300 1264 400
760 0 5 209 0 1097 100 1219 200 624 300 1148 400
761 0 5 666 0 284 100 765 200 249 300 345 400
762 0 5 1264 0 479 100 1128 200 957 300 1271 400
763 0 5 668 0 441 100 194 200 994 300 1499 400
764 0 5 949 0 1024 100 314 200 1023 300 130 400
765 0 5 249 0 284 100 761 200 1417 300 1166 400
766 0 5 805 0 519 100 476 200 286 300 744 400
767 0 5 56 0 1147 100 1304 200 551 300 1325 400
768 0 5 1303 0 402 100 1186 200 189 300 996 400
769 0 5 923 0 588 100 376 200 894 300 1258 400
770 0 5 1209 0 631 100 1454 200 1109 300 512 400
771 0 5 493 0 1357 100 1018 200 1019 300 414 400
772 0 5 53 0 1471 100 711 200 934 300 1365 400
773 0 5 309 0 499 100 874 200 168 300 108 400
774 0 5 1373 0 752 100 6 200 36 300 782 400
775 0 5 1108 0 364 100 472 200 220 300 615 400
776 0 5 252 0 292 100 1034 200 935 300 787 400
777 0 5 15 0 1109 100 512 200 478 300 723 400
778 0 5 465 0 613 100 156 200 1413 300 1208 400
779 0 5 1038 0 829 100 1150 200 104 300 147 400
780 0 5 1482 0 1033 100 598 200 1365 300 711 400
781 0 5 651 0 1012 100 1329 200 822 300 608 400
782 0 5 1252 0 229 100 36 200 898 300 1488 400
783 0 5 1223 0 1427 100 341 200 1317 300 1408 400
784 0 5 672 0 114 100 1056 200 1268 300 1336 400
785 0 5 513 0 1011 100 1173 200 1493 300 719 400
786 0 5 1438 0 521 100 1473 200 155 300 677 400
787 0 5 252 0 113 100 1036 200 33 300 1034 400
788 0 5 522 0 372 100 867 200 24 300 1157 400
789 0 5 1392 0 276 100 1291 200 903 300 1201 400
790 0 5 1372 0 855 100 818 200 45 300 576 400
791 0 5 535 0 134 100 1378 200 1221 300 894 400
792 0 5 1041 0 316 100 175 200 1086 300 1443 400
793 0 5 107 0 595 100 1221 200 50 300 264 400
794 0 5 1206 0 1093 100 520 200 85 300 220 400
795 0 5 1213 0 213 100 1379 200 1021 300 223 400
796 0 5 823 0 57 100 1023 200 955 300 314 400
797 0 5 183 0 382 100 642 200 549 300 395 400
798 0 5 644 0 718 100 719 200 785 300 508 400
799 0 5 895 0 1208 100 1169 200 858 300 30 400
800 0 5 259 0 287 100 1165 200 7 300 371 400
801 0 5 200 0 919 100 202 200 172 300 864 400
802 0 5 148 0 944 100 1322 200 433 300 996 400
803 0 5 1437 0 1380 100 397 200 258 300 1249 400
804 0 5 1365 0 888 100 187 200 1164 300 714 400
805 0 5 766 0 59 100 939 200 519 300 430 400
806 0 5 701 0 1295 100 1406 200 1095 300 1418 400
807 0 5 1407 0 467 100 1386 200 1487 300 1228 400
808 0 5 222 0 866 100 1330 200 1313 300 906 400
809 0 5 1435 0 444 100 1010 200 897 300 1204 400
810 0 5 303 0 745 100 558 200 530 300 981 400
811 0 5 1382 0 688 100 97 200 961 300 614 400
812 0 5 469 0 210 100 455 200 234 300 224 400
813 0 5 879 0 191 100 568 200 979 300 1259 400
814 0 5 1185 0 61 100 654 200 463 300 1299 400
815 0 5 1013 0 159 100 932 200 336 300 899 400
816 0 5 307 0 1001 100 137 200 213 300 1497 400
817 0 5 619 0 1257 100 496 200 294 300 297 400
818 0 5 518 0 45 100 790 200 501 300 855 400
819 0 5 929 0 1106 100 65 200 446 300 753 400
820 0 5 168 0 203 100 927 200 373 300 530 400
821 0 5 421 0 1369 100 627 200 150 300 982 400
822 0 5 1329 0 233 100 1212 200 781 300 1349 400
823 0 5 796 0 933 100 1023 200 89 300 57 400
824 0 5 297 0 694 100 1062 200 294 300 44 400
825 0 5 502 0 713 100 1229 200 1152 300 1457 400
826 0 5 1315 0 152 100 1074 200 360 300 1110 400
827 0 5 112 0 683 100 350 200 96 300 151 400
828 0 5 158 0 70 100 442 200 692 300 1411 400
829 0 5 1150 0 498 100 779 200 1038 300 500 400
830 0 5 163 0 409 100 1451 200 1300 300 1247 400
831 0 5 690 0 1123 100 431 200 185 300 391 400
832 0 5 714 0 1431 100 1410 200 1466 300 219 400
833 0 5 974 0 199 100 96 200 697 300 1355 400
834 0 5 472 0 364 100 123 200 41 300 750 400
835 0 5 1312 0 355 100 906 200 193 300 658 400
836 0 5 1280 0 973 100 731 200 152 300 645 400
837 0 5 1225 0 626 100 1446 200 730 300 21 400
838 0 5 853 0 235 100 1468 200 577 300 988 400
839 0 5 980 0 1303 100 625 200 133 300 189 400
840 0 5 1347 0 639 100 740 200 87 300 1106 400
841 0 5 459 0 569 100 658 200 732 300 1312 400
842 0 5 11 0 1323 100 151 200 1000 300 1385 400
843 0 5 514 0 1028 100 124 200 1222 300 1453 400
844 0 5 547 0 481 100 1048 200 1205 300 976 400
845 0 5 1463 0 1102 100 553 200 1092 300 483 400
846 0 5 33 0 1159 100 166 200 104 300 1316 400
847 0 5 243 0 1464 100 1089 200 1274 300 184 400
848 0 5 280 0 887 100 1011 200 128 300 785 400
849 0 5 557 0 589 100 236 200 603 300 360 400
850 0 5 680 0 1343 100 1374 200 692 300 335 400
851 0 5 1085 0 183 100 1136 200 274 300 382 400
852 0 5 51 0 1163 100 102 200 703 300 491 400
853 0 5 1455 0 838 100 235 200 1050 300 577 400
854 0 5 144 0 695 100 587 200 163 300 71 400
855 0 5 45 0 790 100 881 200 35 300 818 400
856 0 5 601 0 1400 100 1441 200 748 300 1127 400
857 0 5 575 0 345 100 666 200 236 300 308 400
858 0 5 1413 0 1208 100 156 200 799 300 613 400
859 0 5 648 0 494 100 632 200 1385 300 1409 400
860 0 5 29 0 1017 100 479 200 1271 300 49 400
861 0 5 962 0 1080 100 1217 200 1042 300 1056 400
862 0 5 904 0 1216 100 1489 200 1036 300 1015 400
863 0 5 882 0 1037 100 1438 200 677 300 521 400
864 0 5 1145 0 200 100 22 200 1029 300 172 400
865 0 5 1047 0 318 100 1346 200 616 300 633 400
866 0 5 90 0 808 100 1313 200 222 300 971 400
867 0 5 1525 0 1524 100 372 200 788 300 92 400
868 0 5 653 0 634 100 1257 200 707 300 619 400
869 0 5 137 0 875 100 1155 200 899 300 377 400
870 0 5 1336 0 669 100 1016 200 1056 300 962 400
871 0 5 1154 0 100 100 546 200 1158 300 1298 400
872 0 5 1342 0 1101 100 737 200 696 300 525 400
873 0 5 527 0 694 100 44 200 563 300 824 400
874 0 5 518 0 501 100 108 200 309 300 773 400
875 0 5 899 0 1155 100 869 200 159 300 336 400
876 0 5 299 0 1457 100 222 200 984 300 1330 400
877 0 5 281 0 1065 100 958 200 982 300 1424 400
878 0 5 220 0 520 100 472 200 775 300 1394 400
879 0 5 1511 0 1512 100 813 200 568 300 473 400
880 0 5 1384 0 1446 100 1225 200 1187 300 1226 400
881 0 5 265 0 1319 100 855 200 35 300 1002 400
882 0 5 1037 0 863 100 1438 200 1473 300 786 400
883 0 5 726 0 1397 100 357 200 1057 300 989 400
884 0 5 1219 0 282 100 1418 200 1256 300 1117 400
885 0 5 456 0 122 100 1198 200 756 300 14 400
886 0 5 1284 0 690 100 1496 200 391 300 1395 400
887 0 5 1320 0 848 100 1491 200 42 300 1363 400
888 0 5 714 0 804 100 187 200 153 300 832 400
889 0 5 150 0 1196 100 371 200 1369 300 947 400
890 0 5 1215 0 105 100 11 200 842 300 932 400
891 0 5 42 0 1086 100 384 200 1390 300 1035 400
892 0 5 1019 0 1018 100 1245 200 1483 300 1467 400
893 0 5 1171 0 693 100 555 200 170 300 1288 400
894 0 5 1088 0 984 100 1258 200 923 300 971 400
895 0 5 799 0 1169 100 1039 200 1475 300 1208 400
896 0 5 1483 0 393 100 1227 200 1245 300 892 400
897 0 5 418 0 429 100 1204 200 1010 300 809 400
898 0 5 1143 0 1252 100 782 200 591 300 36 400
899 0 5 875 0 336 100 159 200 869 300 815 400
900 0 5 387 0 431 100 262 200 1207 300 1462 400
901 0 5 579 0 1008 100 176 200 214 300 1403 400
902 0 5 78 0 712 100 1465 200 1279 300 1060 400
903 0 5 1392 0 458 100 471 200 1281 300 789 400
904 0 5 1015 0 862 100 1036 200 1489 300 1216 400
905 0 5 19 0 460 100 98 200 1157 300 24 400
906 0 5 1313 0 835 100 344 200 439 300 1258 400
907 0 5 1404 0 1108 100 257 200 239 300 334 400
908 0 5 1039 0 1393 100 750 200 615 300 364 400
909 0 5 1211 0 686 100 1021 200 1486 300 552 400
910 0 5 106 0 1229 100 713 200 729 300 1387 400
911 0 5 1087 0 313 100 1191 200 1098 300 556 400
912 0 5 111 0 945 100 1110 200 146 300 1074 400
913 0 5 32 0 142 100 323 200 685 300 1234 400
914 0 5 1094 0 1274 100 136 200 1180 300 1305 400
915 0 5 493 0 1484 100 976 200 1205 300 771 400
916 0 5 63 0 1238 100 1455 200 1037 300 925 400
917 0 5 71 0 1490 100 163 200 131 300 854 400
918 0 5 119 0 954 100 396 200 7 300 285 400
919 0 5 202 0 801 100 1237 200 25 300 1218 400
920 0 5 1255 0 948 100 278 200 1254 300 1337 400
921 0 5 80 0 1321 100 1242 200 1423 300 230 400
922 0 5 1104 0 117 100 663 200 1201 300 1100 400
923 0 5 769 0 1088 100 242 200 894 300 595 400
924 0 5 465 0 1066 100 444 200 94 300 240 400
925 0 5 1348 0 1037 100 1455 200 916 300 853 400
926 0 5 747 0 1201 100 1198 200 117 300 1381 400
927 0 5 208 0 216 100 820 200 296 300 499 400
928 0 5 1182 0 1248 100 1449 200 1287 300 534 400
929 0 5 65 0 819 100 446 200 1106 300 753 400
930 0 5 952 0 1353 100 1099 200 1062 300 366 400
931 0 5 89 0 1458 100 1044 200 665 300 823 400
932 0 5 1013 0 586 100 815 200 105 300 1296 400
933 0 5 368 0 823 100 581 200 429 300 418 400
934 0 5 1488 0 1358 100 18 200 711 300 36 400
935 0 5 292 0 1350 100 1416 200 776 300 252 400
936 0 5 367 0 1327 100 593 200 1079 300 344 400
937 0 5 1095 0 204 100 1418 200 1295 300 703 400
938 0 5 1433 0 562 100 1001 200 213 300 533 400
939 0 5 543 0 93 100 805 200 963 300 59 400
940 0 5 455 0 407 100 602 200 254 300 1282 400
941 0 5 682 0 1191 100 662 200 313 300 663 400
942 0 5 675 0 138 100 1156 200 588 300 760 400
943 0 5 1479 0 607 100 1210 200 634 300 707 400
944 0 5 1186 0 802 100 996 200 1322 300 1128 400
945 0 5 1110 0 912 100 1074 200 111 300 146 400
946 0 5 40 0 1439 100 1176 200 410 300 31 400
947 0 5 1111 0 1196 100 584 200 674 300 889 400
948 0 5 538 0 920 100 1255 200 1337 300 278 400
949 0 5 764 0 1023 100 1263 200 130 300 342 400
950 0 5 1090 0 685 100 323 200 437 300 449 400
951 0 5 315 0 715 100 956 200 43 300 392 400
952 0 5 930 0 1062 100 1353 200 337 300 1099 400
953 0 5 411 0 161 100 325 200 1266 300 1399 400
954 0 5 918 0 674 100 1389 200 7 300 119 400
955 0 5 992 0 314 100 57 200 796 300 1024 400
956 0 5 715 0 986 100 951 200 392 300 315 400
957 0 5 759 0 1271 100 247 200 762 300 1264 400
958 0 5 699 0 1065 100 629 200 877 300 1422 400
959 0 5 604 0 145 100 339 200 195 300 49 400
960 0 5 329 0 736 100 497 200 536 300 621 400
961 0 5 97 0 728 100 811 200 1192 300 688 400
962 0 5 1217 0 861 100 669 200 1056 300 1016 400
963 0 5 543 0 30 100 419 200 451 300 939 400
964 0 5 429 0 237 100 1010 200 1460 300 545 400
965 0 5 1471 0 473 100 772 200 568 300 979 400
966 0 5 1359 0 306 100 68 200 569 300 1382 400
967 0 5 1139 0 1244 100 517 200 334 300 1093 400
968 0 5 1267 0 277 100 218 200 361 300 567 400
969 0 5 410 0 1461 100 1363 200 741 300 1286 400
970 0 5 1212 0 1129 100 233 200 1349 300 251 400
971 0 5 984 0 90 100 894 200 1258 300 222 400
972 0 5 263 0 1368 100 614 200 306 300 811 400
973 0 5 1190 0 836 100 1280 200 152 300 645 400
974 0 5 833 0 1355 100 1000 200 1121 300 1334 400
975 0 5 1402 0 1045 100 234 200 224 300 386 400
976 0 5 1484 0 1205 100 915 200 547 300 1388 400
977 0 5 347 0 1470 100 1029 200 1288 300 17 400
978 0 5 386 0 288 100 458 200 556 300 471 400
979 0 5 1471 0 1259 100 182 200 157 300 772 400
980 0 5 839 0 133 100 1261 200 1303 300 1501 400
981 0 5 516 0 212 100 558 200 810 300 745 400
982 0 5 38 0 281 100 1065 200 821 300 877 400
983 0 5 66 0 1447 100 748 200 1430 300 601 400
984 0 5 971 0 894 100 876 200 299 300 1088 400
985 0 5 1371 0 616 100 1459 200 86 300 1027 400
986 0 5 1090 0 1352 100 956 200 715 300 437 400
987 0 5 351 0 541 100 1453 200 632 300 1409 400
988 0 5 235 0 420 100 1140 200 52 300 1050 400
989 0 5 526 0 1045 100 556 200 386 300 883 400
990 0 5 12 0 613 100 1151 200 1413 300 257 400
991 0 5 1371 0 13 100 1027 200 627 300 1004 400
992 0 5 955 0 1054 100 85 200 552 300 57 400
993 0 5 423 0 286 100 59 200 430 300 744 400
994 0 5 47 0 668 100 763 200 441 300 1391 400
995 0 5 419 0 1340 100 1169 200 30 300 963 400
996 0 5 604 0 1128 100 1186 200 944 300 768 400
997 0 5 63 0 293 100 1238 200 177 300 1037 400
998 0 5 662 0 1480 100 1420 200 1191 300 682 400
999 0 5 401 0 1113 100 324 200 135 300 27 400
1000 0 5 1121 0 733 100 151 200 842 300 112 400
1001 0 5 652 0 816 100 178 200 938 300 137 400
1002 0 5 453 0 375 100 1319 200 881 300 186 400
1003 0 5 154 0 218 100 1021 200 361 300 686 400
1004 0 5 38 0 1459 100 269 200 991 300 181 400
1005 0 5 290 0 1066 100 94 200 1383 300 463 400
1006 0 5 83 0 1118 100 1279 200 31 300 40 400
1007 0 5 574 0 475 100 208 200 1454 300 216 400
1008 0 5 327 0 901 100 579 200 1053 300 356 400
1009 0 5 739 0 118 100 677 200 754 300 863 400
1010 0 5 1435 0 964 100 429 200 809 300 897 400
1011 0 5 128 0 848 100 785 200 1493 300 280 400
1012 0 5 608 0 129 100 781 200 478 300 1311 400
1013 0 5 932 0 815 100 505 200 636 300 238 400
1014 0 5 126 0 1282 100 210 200 254 300 903 400
1015 0 5 1073 0 904 100 1489 200 1129 300 862 400
1016 0 5 443 0 870 100 962 200 35 300 144 400
1017 0 5 1271 0 860 100 170 200 29 300 1095 400
1018 0 5 414 0 892 100 771 200 1245 300 1083 400
1019 0 5 892 0 143 100 1483 200 771 300 1467 400
1020 0 5 342 0 1314 100 130 200 949 300 1075 400
1021 0 5 909 0 686 100 795 200 1003 300 1213 400
1022 0 5 1505 0 1506 100 750 200 1393 300 551 400
1023 0 5 949 0 1263 100 796 200 823 300 342 400
1024 0 5 764 0 314 100 130 200 509 300 955 400
1025 0 5 744 0 1140 100 1243 200 73 300 423 400
1026 0 5 1460 0 174 100 542 200 253 300 349 400
1027 0 5 318 0 165 100 991 200 616 300 1346 400
1028 0 5 664 0 843 100 1400 200 1453 300 597 400
1029 0 5 347 0 22 100 977 200 1470 300 864 400
1030 0 5 1330 0 355 100 1313 200 1382 300 1359 400
1031 0 5 1357 0 1251 100 1415 200 727 300 1076 400
1032 0 5 255 0 1194 100 1395 200 497 300 1344 400
1033 0 5 598 0 641 100 780 200 647 300 1482 400
1034 0 5 1059 0 776 100 33 200 485 300 679 400
1035 0 5 1443 0 317 100 316 200 42 300 280 400
1036 0 5 1040 0 1216 100 787 200 904 300 252 400
1037 0 5 882 0 925 100 863 200 916 300 677 400
1038 0 5 779 0 147 100 829 200 104 300 1150 400
1039 0 5 615 0 908 100 239 200 364 300 1393 400
1040 0 5 1036 0 1239 100 113 200 787 300 252 400
1041 0 5 16 0 792 100 1057 200 1335 300 175 400
1042 0 5 1080 0 585 100 610 200 861 300 590 400
1043 0 5 487 0 507 100 1498 200 430 300 1356 400
1044 0 5 1458 0 665 100 517 200 89 300 931 400
1045 0 5 975 0 758 100 989 200 224 300 82 400
1046 0 5 433 0 1264 100 759 200 957 300 1495 400
1047 0 5 633 0 865 100 1346 200 1094 300 616 400
1048 0 5 462 0 481 100 844 200 547 300 1388 400
1049 0 5 1142 0 709 100 60 200 362 300 1141 400
1050 0 5 1146 0 1348 100 235 200 1473 300 853 400
1051 0 5 1362 0 1144 100 532 200 147 300 829 400
1052 0 5 749 0 404 100 625 200 1261 300 351 400
1053 0 5 327 0 356 100 1008 200 572 300 1202 400
1054 0 5 552 0 710 100 992 200 1211 300 909 400
1055 0 5 371 0 1301 100 427 200 525 300 180 400
1056 0 5 669 0 114 100 962 200 784 300 861 400
1057 0 5 1397 0 175 100 883 200 317 300 1041 400
1058 0 5 390 0 621 100 565 200 232 300 78 400
1059 0 5 599 0 1034 100 679 200 166 300 33 400
1060 0 5 712 0 500 100 532 200 902 300 498 400
1061 0 5 440 0 1405 100 868 200 619 300 1257 400
1062 0 5 192 0 952 100 824 200 366 300 930 400
1063 0 5 37 0 1307 100 1130 200 380 300 536 400
1064 0 5 127 0 406 100 503 200 580 300 304 400
1065 0 5 877 0 958 100 1422 200 982 300 821 400
1066 0 5 1005 0 290 100 924 200 94 300 444 400
1067 0 5 628 0 481 100 844 200 304 300 470 400
1068 0 5 654 0 197 100 1299 200 463 300 814 400
1069 0 5 301 0 501 100 46 200 45 300 1283 400
1070 0 5 705 0 302 100 39 200 480 300 179 400
1071 0 5 603 0 268 100 495 200 554 300 731 400
1072 0 5 1180 0 269 100 1498 200 1230 300 507 400
1073 0 5 1015 0 1199 100 1239 200 1036 300 1129 400
1074 0 5 1315 0 945 100 1110 200 1477 300 146 400
1075 0 5 581 0 542 100 101 200 1263 300 1020 400
1076 0 5 1415 0 1484 100 591 200 1031 300 1205 400
1077 0 5 645 0 268 100 1280 200 495 300 1386 400
1078 0 5 605 0 1387 100 729 200 106 300 535 400
1079 0 5 367 0 474 100 1327 200 722 300 87 400
1080 0 5 1042 0 585 100 861 200 1217 300 610 400
1081 0 5 28 0 125 100 75 200 721 300 447 400
1082 0 5 291 0 1297 100 688 200 1214 300 1192 400
1083 0 5 1329 0 62 100 1018 200 414 300 1245 400
1084 0 5 39 0 132 100 302 200 640 300 1103 400
1085 0 5 274 0 851 100 395 200 797 300 743 400
1086 0 5 1443 0 891 100 792 200 316 300 1390 400
1087 0 5 1191 0 911 100 313 200 1098 300 556 400
1088 0 5 1378 0 134 100 923 200 894 300 984 400
1089 0 5 847 0 464 100 1147 200 184 300 1464 400
1090 0 5 950 0 986 100 437 200 153 300 1352 400
1091 0 5 8 0 649 100 667 200 21 300 130 400
1092 0 5 1361 0 1266 100 1463 200 845 300 676 400
1093 0 5 520 0 794 100 1404 200 334 300 1244 400
1094 0 5 914 0 136 100 1047 200 488 300 1464 400
1095 0 5 937 0 1295 100 204 200 806 300 701 400
1096 0 5 348 0 527 100 563 200 1120 300 1174 400
1097 0 5 1421 0 760 100 1270 200 1406 300 116 400
1098 0 5 1281 0 471 100 663 200 313 300 1087 400
1099 0 5 1353 0 1403 100 366 200 930 300 214 400
1100 0 5 1104 0 1420 100 308 200 922 300 345 400
1101 0 5 757 0 872 100 516 200 1342 300 212 400
1102 0 5 1309 0 1463 100 845 200 1138 300 553 400
1103 0 5 421 0 132 100 821 200 150 300 1084 400
1104 0 5 1100 0 922 100 117 200 308 300 1420 400
1105 0 5 490 0 755 100 21 200 673 300 626 400
1106 0 5 193 0 658 100 819 200 1347 300 639 400
1107 0 5 299 0 729 100 876 200 984 300 1387 400
1108 0 5 239 0 775 100 907 200 615 300 1404 400
1109 0 5 777 0 512 100 1209 200 1293 300 478 400
1110 0 5 945 0 912 100 1396 200 1074 300 1315 400
1111 0 5 947 0 584 100 383 200 674 300 954 400
1112 0 5 328 0 84 100 1159 200 721 300 1489 400
1113 0 5 999 0 401 100 413 200 324 300 448 400
1114 0 5 1276 0 1431 100 201 200 708 300 1278 400
1115 0 5 300 0 365 100 1202 200 416 300 139 400
1116 0 5 171 0 58 100 1349 200 531 300 28 400
1117 0 5 1242 0 412 100 1256 200 884 300 80 400
1118 0 5 83 0 275 100 31 200 1006 300 266 400
1119 0 5 1381 0 276 100 1122 200 1291 300 142 400
1120 0 5 271 0 348 100 1096 200 1235 300 105 400
1121 0 5 1000 0 733 100 1385 200 974 300 112 400
1122 0 5 1381 0 756 100 1119 200 122 300 1234 400
1123 0 5 1207 0 831 100 431 200 185 300 1462 400
1124 0 5 1473 0 1419 100 432 200 596 300 52 400
1125 0 5 346 0 4 100 1132 200 46 300 1444 400
1126 0 5 1401 0 1189 100 1321 200 620 300 1272 400
1127 0 5 630 0 1447 100 340 200 1441 300 650 400
1128 0 5 479 0 762 100 996 200 1264 300 944 400
1129 0 5 1489 0 34 100 251 200 970 300 441 400
1130 0 5 1200 0 104 100 1063 200 1316 300 1307 400
1131 0 5 190 0 1172 100 1440 200 416 300 579 400
1132 0 5 1231 0 346 100 354 200 396 300 374 400
1133 0 5 15 0 723 100 478 200 129 300 777 400
1134 0 5 369 0 1317 100 1398 200 1375 300 260 400
1135 0 5 516 0 296 100 530 200 810 300 981 400
1136 0 5 387 0 382 100 262 200 431 300 549 400
1137 0 5 1187 0 735 100 742 200 1181 300 1384 400
1138 0 5 534 0 26 100 415 200 483 300 553 400
1139 0 5 967 0 517 100 1206 200 665 300 57 400
1140 0 5 423 0 1025 100 420 200 73 300 988 400
1141 0 5 198 0 709 100 1175 200 1289 300 1049 400
1142 0 5 1049 0 60 100 1218 200 1079 300 638 400
1143 0 5 700 0 898 100 486 200 591 300 1252 400
1144 0 5 1362 0 1051 100 266 200 484 300 388 400
1145 0 5 22 0 864 100 347 200 17 300 977 400
1146 0 5 1050 0 1473 100 1348 200 925 300 235 400
1147 0 5 464 0 1475 100 1089 200 767 300 56 400
1148 0 5 1253 0 246 100 675 200 760 300 1421 400
1149 0 5 261 0 1197 100 467 200 1228 300 394 400
1150 0 5 1200 0 829 100 779 200 498 300 1038 400
1151 0 5 1376 0 240 100 12 200 990 300 613 400
1152 0 5 1457 0 502 100 825 200 1229 300 1330 400
1153 0 5 226 0 1495 100 559 200 1167 300 492 400
1154 0 5 871 0 100 100 1374 200 1468 300 680 400
1155 0 5 875 0 377 100 869 200 1476 300 137 400
1156 0 5 588 0 1175 100 612 200 675 300 942 400
1157 0 5 312 0 460 100 98 200 905 300 24 400
1158 0 5 546 0 1468 100 577 200 871 300 838 400
1159 0 5 846 0 33 100 1112 200 104 300 1489 400
1160 0 5 1414 0 310 100 1412 200 41 300 1478 400
1161 0 5 643 0 1427 100 1285 200 661 300 1408 400
1162 0 5 3 0 1366 100 1497 200 816 300 869 400
1163 0 5 703 0 852 100 102 200 491 300 425 400
1164 0 5 1482 0 1466 100 510 200 804 300 1365 400
1165 0 5 720 0 7 100 800 200 374 300 287 400
1166 0 5 146 0 284 100 1417 200 765 300 111 400
1167 0 5 139 0 572 100 1202 200 226 300 1153 400
1168 0 5 207 0 725 100 5 200 1214 300 539 400
1169 0 5 30 0 1340 100 799 200 995 300 895 400
1170 0 5 647 0 508 100 641 200 644 300 115 400
1171 0 5 893 0 1426 100 693 200 17 300 1288 400
1172 0 5 1131 0 337 100 416 200 300 300 190 400
1173 0 5 1493 0 510 100 513 200 785 300 719 400
1174 0 5 563 0 1408 100 1223 200 1250 300 400 400
1175 0 5 637 0 612 100 1156 200 1141 300 454 400
1176 0 5 504 0 1236 100 946 200 410 300 1439 400
1177 0 5 635 0 1293 100 233 200 1277 300 651 400
1178 0 5 751 0 359 100 623 200 1220 300 1297 400
1179 0 5 436 0 87 100 722 200 1079 300 188 400
1180 0 5 1305 0 1072 100 1230 200 914 300 269 400
1181 0 5 742 0 1375 100 1337 200 1500 300 1226 400
1182 0 5 928 0 534 100 1449 200 1287 300 483 400
1183 0 5 1492 0 548 100 1333 200 215 300 1398 400
1184 0 5 373 0 309 100 168 200 303 300 773 400
1185 0 5 93 0 814 100 61 200 463 300 939 400
1186 0 5 944 0 1322 100 996 200 768 300 402 400
1187 0 5 1384 0 1137 100 1225 200 880 300 1446 400
1188 0 5 1273 0 592 100 689 200 1476 300 632 400
1189 0 5 324 0 1126 100 620 200 135 300 1272 400
1190 0 5 618 0 973 100 81 200 459 300 836 400
1191 0 5 1087 0 911 100 941 200 556 300 1098 400
1192 0 5 1214 0 5 100 961 200 728 300 291 400
1193 0 5 75 0 606 100 721 200 147 300 388 400
1194 0 5 1032 0 1395 100 528 200 255 300 1496 400
1195 0 5 459 0 121 100 1487 200 1386 300 819 400
1196 0 5 889 0 947 100 1369 200 584 300 259 400
1197 0 5 1149 0 600 100 394 200 1228 300 467 400
1198 0 5 747 0 122 100 1381 200 926 300 885 400
1199 0 5 34 0 1073 100 194 200 441 300 1129 400
1200 0 5 1150 0 1130 100 104 200 829 300 779 400
1201 0 5 926 0 276 100 922 200 663 300 1381 400
1202 0 5 139 0 1167 100 572 200 416 300 1115 400
1203 0 5 1318 0 660 100 407 200 570 300 1331 400
1204 0 5 89 0 418 100 897 200 444 300 809 400
1205 0 5 976 0 1388 100 547 200 1484 300 1076 400
1206 0 5 794 0 85 100 57 200 1139 300 1404 400
1207 0 5 1123 0 431 100 1462 200 900 300 289 400
1208 0 5 799 0 858 100 482 200 156 300 1413 400
1209 0 5 770 0 1454 100 1109 200 1293 300 631 400
1210 0 5 523 0 69 100 943 200 426 300 1479 400
1211 0 5 909 0 710 100 552 200 1054 300 1021 400
1212 0 5 970 0 233 100 822 200 1349 300 251 400
1213 0 5 795 0 1379 100 1445 200 1021 300 1211 400
1214 0 5 1192 0 539 100 291 200 5 300 1082 400
1215 0 5 890 0 11 100 105 200 1235 300 1120 400
1216 0 5 862 0 1036 100 1489 200 787 300 904 400
1217 0 5 590 0 962 100 610 200 861 300 1080 400
1218 0 5 638 0 1237 100 1142 200 1289 300 198 400
1219 0 5 884 0 116 100 760 200 282 300 1295 400
1220 0 5 359 0 623 100 117 200 468 300 1178 400
1221 0 5 535 0 793 100 655 200 605 300 595 400
1222 0 5 514 0 620 100 843 200 601 300 124 400
1223 0 5 783 0 1250 100 1174 200 341 300 23 400
1224 0 5 435 0 1262 100 456 200 449 300 725 400
1225 0 5 837 0 1446 100 880 200 1187 300 626 400
1226 0 5 320 0 540 100 1337 200 1181 300 278 400
1227 0 5 1311 0 62 100 896 200 393 300 608 400
1228 0 5 467 0 1407 100 807 200 1425 300 267 400
1229 0 5 713 0 910 100 825 200 1152 300 729 400
1230 0 5 1351 0 1180 100 1072 200 1305 300 1308 400
1231 0 5 1132 0 396 100 186 200 403 300 311 400
1232 0 5 572 0 1322 100 1370 200 402 300 226 400
1233 0 5 138 0 209 100 760 200 588 300 624 400
1234 0 5 756 0 14 100 142 200 231 300 913 400
1235 0 5 348 0 350 100 1120 200 11 300 1215 400
1236 0 5 115 0 1176 100 1439 200 946 300 504 400
1237 0 5 1218 0 919 100 1289 200 202 300 25 400
1238 0 5 684 0 916 100 1399 200 997 300 1455 400
1239 0 5 113 0 1040 100 252 200 1073 300 904 400
1240 0 5 741 0 565 100 384 200 1344 300 232 400
1241 0 5 188 0 248 100 381 200 422 300 267 400
1242 0 5 80 0 1117 100 921 200 412 300 230 400
1243 0 5 73 0 476 100 1025 200 519 300 432 400
1244 0 5 967 0 334 100 517 200 1404 300 1093 400
1245 0 5 62 0 892 100 896 200 1018 300 1083 400
1246 0 5 1467 0 566 100 583 200 706 300 143 400
1247 0 5 1451 0 830 100 10 200 409 300 163 400
1248 0 5 928 0 1449 100 680 200 483 300 1287 400
1249 0 5 484 0 258 100 332 200 803 300 670 400
1250 0 5 23 0 1223 100 400 200 1174 300 1269 400
1251 0 5 727 0 1031 100 258 200 1310 300 1357 400
1252 0 5 898 0 173 100 782 200 36 300 18 400
1253 0 5 1148 0 537 100 246 200 172 300 675 400
1254 0 5 1497 0 3 100 1255 200 698 300 920 400
1255 0 5 920 0 1254 100 948 200 238 300 1497 400
1256 0 5 282 0 412 100 1117 200 884 300 230 400
1257 0 5 619 0 817 100 868 200 109 300 707 400
1258 0 5 376 0 90 100 894 200 769 300 971 400
1259 0 5 671 0 157 100 1471 200 979 300 182 400
1260 0 5 652 0 91 100 178 200 1430 300 533 400
1261 0 5 597 0 351 100 1501 200 625 300 980 400
1262 0 5 725 0 1224 100 456 200 435 300 751 400
1263 0 5 342 0 1023 100 949 200 581 300 1075 400
1264 0 5 762 0 1046 100 148 200 1128 300 957 400
1265 0 5 1278 0 219 100 1276 200 1114 300 1431 400
1266 0 5 411 0 1092 100 676 200 845 300 1298 400
1267 0 5 968 0 352 100 567 200 310 300 91 400
1268 0 5 672 0 656 100 706 200 784 300 114 400
1269 0 5 211 0 294 100 23 200 400 300 1250 400
1270 0 5 1470 0 701 100 1097 200 1406 300 170 400
1271 0 5 1017 0 957 100 479 200 860 300 762 400
1272 0 5 1423 0 1321 100 515 200 230 300 79 400
1273 0 5 1188 0 592 100 689 200 1476 300 632 400
1274 0 5 1290 0 914 100 847 200 243 300 507 400
1275 0 5 1499 0 1454 100 1277 200 1293 300 475 400
1276 0 5 1114 0 1278 100 201 200 1265 300 32 400
1277 0 5 1293 0 1391 100 1275 200 1177 300 668 400
1278 0 5 1265 0 1276 100 219 200 1114 300 1431 400
1279 0 5 712 0 83 100 1006 200 266 300 902 400
1280 0 5 836 0 645 100 1077 200 731 300 973 400
1281 0 5 1098 0 471 100 1392 200 903 300 663 400
1282 0 5 210 0 1014 100 455 200 254 300 940 400
1283 0 5 1444 0 301 100 46 200 354 300 1069 400
1284 0 5 886 0 1496 100 690 200 528 300 338 400
1285 0 5 643 0 661 100 1317 200 369 300 1161 400
1286 0 5 1461 0 1465 100 417 200 969 300 902 400
1287 0 5 1449 0 452 100 699 200 1422 300 1182 400
1288 0 5 17 0 555 100 1470 200 977 300 893 400
1289 0 5 198 0 1237 100 1218 200 1141 300 202 400
1290 0 5 54 0 1274 100 914 200 243 300 1305 400
1291 0 5 646 0 789 100 1119 200 276 300 142 400
1292 0 5 338 0 1428 100 16 200 255 300 1335 400
1293 0 5 1277 0 1177 100 1454 200 1109 300 1275 400
1294 0 5 335 0 571 100 692 200 442 300 1411 400
1295 0 5 806 0 1095 100 1418 200 701 300 116 400
1296 0 5 271 0 586 100 105 200 1120 300 1408 400
1297 0 5 1082 0 688 100 1417 200 614 300 623 400
1298 0 5 483 0 546 100 100 200 161 300 676 400
1299 0 5 1481 0 1068 100 162 200 654 300 814 400
1300 0 5 283 0 830 100 163 200 488 300 169 400
1301 0 5 321 0 1055 100 150 200 64 300 821 400
1302 0 5 50 0 1377 100 681 200 655 300 358 400
1303 0 5 768 0 839 100 133 200 980 300 996 400
1304 0 5 10 0 488 100 1451 200 767 300 56 400
1305 0 5 1180 0 54 100 507 200 1072 300 914 400
1306 0 5 25 0 722 100 225 200 638 300 1218 400
1307 0 5 717 0 1063 100 1130 200 498 300 621 400
1308 0 5 86 0 1351 100 616 200 865 300 1230 400
1309 0 5 1102 0 26 100 1138 200 415 300 1463 400
1310 0 5 670 0 414 100 1251 200 727 300 447 400
1311 0 5 1227 0 608 100 393 200 129 300 723 400
1312 0 5 658 0 835 100 355 200 841 300 1313 400
1313 0 5 906 0 355 100 866 200 808 300 835 400
1314 0 5 130 0 1020 100 622 200 949 300 1075 400
1315 0 5 826 0 1074 100 1110 200 1396 300 152 400
1316 0 5 166 0 104 100 1130 200 679 300 846 400
1317 0 5 1134 0 1398 100 1285 200 369 300 260 400
1318 0 5 660 0 1203 100 407 200 82 300 570 400
1319 0 5 453 0 881 100 1002 200 35 300 265 400
1320 0 5 887 0 1363 100 42 200 1491 300 20 400
1321 0 5 1272 0 250 100 921 200 103 300 79 400
1322 0 5 402 0 1186 100 1232 200 802 300 944 400
1323 0 5 648 0 842 100 1385 200 733 300 11 400
1324 0 5 119 0 285 100 131 200 1490 300 1360 400
1325 0 5 1475 0 551 100 1517 200 1516 300 767 400
1326 0 5 509 0 667 100 724 200 1024 300 710 400
1327 0 5 474 0 936 100 1079 200 593 300 740 400
1328 0 5 716 0 440 100 2 200 72 300 653 400
1329 0 5 1083 0 822 100 1432 200 781 300 279 400
1330 0 5 1030 0 1457 100 876 200 808 300 1382 400
1331 0 5 407 0 1493 100 602 200 95 300 1203 400
1332 0 5 450 0 683 100 1456 200 704 300 44 400
1333 0 5 548 0 1500 100 1183 200 260 300 215 400
1334 0 5 272 0 1355 100 424 200 974 300 1469 400
1335 0 5 687 0 1428 100 16 200 1390 300 1292 400
1336 0 5 870 0 144 100 114 200 443 300 854 400
1337 0 5 1339 0 369 100 1375 200 1181 300 948 400
1338 0 5 550 0 245 100 700 200 1415 300 486 400
1339 0 5 538 0 1337 100 369 200 238 300 948 400
1340 0 5 995 0 243 100 184 200 30 300 1169 400
1341 0 5 205 0 489 100 1354 200 380 300 37 400
1342 0 5 872 0 696 100 737 200 1101 300 525 400
1343 0 5 335 0 850 100 1374 200 1468 300 838 400
1344 0 5 232 0 1390 100 384 200 255 300 565 400
1345 0 5 624 0 282 100 264 200 760 300 1219 400
1346 0 5 221 0 318 100 865 200 165 300 1027 400
1347 0 5 840 0 740 100 193 200 1106 300 835 400
1348 0 5 925 0 1146 100 1050 200 1455 300 853 400
1349 0 5 251 0 531 100 970 200 1116 300 822 400
1350 0 5 1416 0 935 100 485 200 292 300 657 400
1351 0 5 1230 0 1308 100 86 200 1459 300 865 400
1352 0 5 986 0 671 100 378 200 1090 300 1259 400
1353 0 5 1099 0 930 100 1403 200 952 300 1440 400
1354 0 5 391 0 185 100 205 200 1341 300 37 400
1355 0 5 1334 0 199 100 974 200 272 300 424 400
1356 0 5 419 0 487 100 59 200 1043 300 939 400
1357 0 5 1031 0 727 100 771 200 1251 300 1076 400
1358 0 5 711 0 18 100 598 200 934 300 641 400
1359 0 5 966 0 1382 100 306 200 811 300 1030 400
1360 0 5 383 0 221 100 1324 200 1346 300 169 400
1361 0 5 179 0 1092 100 1463 200 845 300 480 400
1362 0 5 1144 0 1051 100 266 200 532 300 712 400
1363 0 5 20 0 1320 100 969 200 524 300 1491 400
1364 0 5 1504 0 1503 100 551 200 503 300 470 400
1365 0 5 804 0 53 100 711 200 780 300 1482 400
1366 0 5 307 0 1162 100 1497 200 1379 300 816 400
1367 0 5 192 0 734 100 496 200 297 300 824 400
1368 0 5 76 0 972 100 263 200 614 300 1477 400
1369 0 5 627 0 428 100 1196 200 821 300 150 400
1370 0 5 77 0 1469 100 55 200 1232 300 99 400
1371 0 5 985 0 991 100 616 200 1459 300 1027 400
1372 0 5 576 0 790 100 393 200 1434 300 1448 400
1373 0 5 229 0 774 100 752 200 782 300 36 400
1374 0 5 680 0 850 100 1468 200 1343 300 1154 400
1375 0 5 1181 0 1500 100 260 200 1337 300 1134 400
1376 0 5 1151 0 240 100 12 200 990 300 444 400
1377 0 5 1302 0 681 100 80 200 50 300 107 400
1378 0 5 134 0 1088 100 894 200 791 300 984 400
1379 0 5 1213 0 795 100 307 200 698 300 1445 400
1380 0 5 245 0 550 100 803 200 397 300 31 400
1381 0 5 1122 0 1119 100 1198 200 276 300 1201 400
1382 0 5 1359 0 811 100 97 200 1457 300 306 400
1383 0 5 408 0 94 100 237 200 1005 300 290 400
1384 0 5 880 0 1187 100 735 200 1137 300 1225 400
1385 0 5 733 0 494 100 1323 200 1121 300 648 400
1386 0 5 807 0 1487 100 645 200 1077 300 495 400
1387 0 5 106 0 1078 100 98 200 729 300 910 400
1388 0 5 547 0 1205 100 462 200 298 300 217 400
1389 0 5 674 0 954 100 259 200 7 300 800 400
1390 0 5 384 0 687 100 891 200 1344 300 255 400
1391 0 5 47 0 1277 100 233 200 441 300 1177 400
1392 0 5 789 0 1281 100 903 200 663 300 276 400
1393 0 5 908 0 750 100 1039 200 1022 300 364 400
1394 0 5 738 0 594 100 270 200 331 300 552 400
1395 0 5 497 0 1194 100 1032 200 528 300 1496 400
1396 0 5 236 0 1110 100 666 200 1315 300 360 400
1397 0 5 1057 0 883 100 317 200 726 300 175 400
1398 0 5 260 0 1317 100 548 200 1134 300 1183 400
1399 0 5 325 0 1238 100 511 200 684 300 161 400
1400 0 5 748 0 601 100 514 200 856 300 541 400
1401 0 5 1126 0 250 100 573 200 1189 300 620 400
1402 0 5 975 0 234 100 224 200 469 300 455 400
1403 0 5 1440 0 1099 100 1353 200 214 300 366 400
1404 0 5 907 0 1093 100 520 200 1244 300 334 400
1405 0 5 734 0 1061 100 337 200 1367 300 496 400
1406 0 5 116 0 701 100 806 200 1270 300 1097 400
1407 0 5 1228 0 807 100 544 200 467 300 1487 400
1408 0 5 1174 0 271 100 1120 200 563 300 1296 400
1409 0 5 494 0 632 100 987 200 1385 300 859 400
1410 0 5 219 0 714 100 832 200 437 300 1265 400
1411 0 5 319 0 442 100 571 200 158 300 828 400
1412 0 5 310 0 41 100 1414 200 1160 300 834 400
1413 0 5 858 0 156 100 1208 200 990 300 778 400
1414 0 5 1514 0 1513 100 1160 200 1430 300 1412 400
1415 0 5 1076 0 1031 100 591 200 1338 300 1357 400
1416 0 5 1350 0 395 100 485 200 935 300 506 400
1417 0 5 1297 0 1166 100 614 200 765 300 146 400
1418 0 5 1429 0 1295 100 884 200 937 300 204 400
1419 0 5 1124 0 432 100 52 200 1473 300 1243 400
1420 0 5 1480 0 308 100 1100 200 662 300 998 400
1421 0 5 1097 0 246 100 1270 200 1148 300 537 400
1422 0 5 699 0 1065 100 452 200 1287 300 421 400
1423 0 5 515 0 1272 100 230 200 80 300 1242 400
1424 0 5 629 0 692 100 70 200 1449 300 877 400
1425 0 5 1474 0 267 100 1228 200 467 300 544 400
1426 0 5 17 0 1171 100 693 200 1288 300 555 400
1427 0 5 783 0 1161 100 1285 200 661 300 1408 400
1428 0 5 1292 0 1335 100 687 200 255 300 1390 400
1429 0 5 1418 0 412 100 491 200 884 300 1117 400
1430 0 5 227 0 1447 100 630 200 689 300 983 400
1431 0 5 1114 0 832 100 708 200 1278 300 1276 400
1432 0 5 279 0 1329 100 414 200 447 300 670 400
1433 0 5 223 0 938 100 562 200 213 300 1003 400
1434 0 5 585 0 1448 100 576 200 1080 300 1372 400
1435 0 5 809 0 1010 100 897 200 444 300 408 400
1436 0 5 211 0 341 100 109 200 23 300 399 400
1437 0 5 397 0 803 100 275 200 266 300 1380 400
1438 0 5 786 0 882 100 863 200 521 300 1473 400
1439 0 5 379 0 946 100 1176 200 1236 300 31 400
1440 0 5 190 0 1403 100 1131 200 579 300 1353 400
1441 0 5 1505 0 1504 100 1127 200 650 300 340 400
1442 0 5 201 0 578 100 708 200 254 300 1114 400
1443 0 5 1086 0 1035 100 316 200 792 300 891 400
1444 0 5 1283 0 354 100 46 200 1132 300 403 400
1445 0 5 1213 0 673 100 698 200 1379 300 1021 400
1446 0 5 880 0 1225 100 730 200 837 300 626 400
1447 0 5 983 0 630 100 1430 200 1127 300 66 400
1448 0 5 576 0 1434 100 363 200 585 300 1372 400
1449 0 5 1287 0 1248 100 629 200 1182 300 928 400
1450 0 5 294 0 400 100 694 200 563 300 824 400
1451 0 5 488 0 830 100 1247 200 1304 300 10 400
1452 0 5 524 0 1491 100 20 200 504 300 887 400
1453 0 5 597 0 541 100 1028 200 1400 300 843 400
1454 0 5 1209 0 1275 100 1293 200 770 300 475 400
1455 0 5 853 0 925 100 916 200 140 300 1348 400
1456 0 5 96 0 704 100 1332 200 176 300 450 400
1457 0 5 1152 0 876 100 502 200 1330 300 1382 400
1458 0 5 931 0 1044 100 665 200 89 300 1139 400
1459 0 5 86 0 985 100 616 200 1371 300 1351 400
1460 0 5 1026 0 174 100 964 200 542 300 429 400
1461 0 5 1286 0 969 100 410 200 40 300 417 400
1462 0 5 185 0 289 100 1207 200 205 300 1123 400
1463 0 5 845 0 1102 100 1092 200 1361 300 553 400
1464 0 5 847 0 136 100 56 200 1089 300 1147 400
1465 0 5 417 0 1286 100 78 200 902 300 1461 400
1466 0 5 95 0 832 100 602 200 1431 300 510 400
1467 0 5 143 0 1246 100 1019 200 493 300 583 400
1468 0 5 1158 0 1374 100 838 200 577 300 1154 400
1469 0 5 1370 0 77 100 55 200 625 300 189 400
1470 0 5 977 0 1270 100 1288 200 1029 300 555 400
1471 0 5 965 0 191 100 979 200 1259 300 473 400
1472 0 5 388 0 484 100 330 200 606 300 125 400
1473 0 5 1124 0 1146 100 1050 200 786 300 521 400
1474 0 5 261 0 1425 100 1228 200 467 300 267 400
1475 0 5 464 0 1325 100 1147 200 767 300 895 400
1476 0 5 377 0 1188 100 1273 200 227 300 689 400
1477 0 5 76 0 68 100 146 200 1074 300 263 400
1478 0 5 1539 0 1 100 650 200 691 300 1022 400
1479 0 5 943 0 426 100 1210 200 634 300 707 400
1480 0 5 998 0 1420 100 308 200 575 300 857 400
1481 0 5 1299 0 162 100 746 200 118 300 596 400
1482 0 5 1164 0 780 100 1365 200 804 300 1033 400
1483 0 5 896 0 363 100 1019 200 892 300 143 400
1484 0 5 976 0 1076 100 915 200 1205 300 591 400
1485 0 5 405 0 357 100 570 200 702 300 660 400
1486 0 5 331 0 123 100 594 200 567 300 909 400
1487 0 5 121 0 1386 100 807 200 74 300 1195 400
1488 0 5 752 0 934 100 36 200 782 300 229 400
1489 0 5 1129 0 434 100 862 200 1015 300 1216 400
1490 0 5 917 0 131 100 285 200 1324 300 71 400
1491 0 5 1452 0 20 100 887 200 1320 300 1363 400
1492 0 5 256 0 1183 100 215 200 1333 300 582 400
1493 0 5 1173 0 1331 100 785 200 609 300 1011 400
1494 0 5 115 0 353 100 173 200 1236 300 898 400
1495 0 5 1153 0 398 100 492 200 226 300 559 400
1496 0 5 528 0 886 100 1284 200 1395 300 1194 400
1497 0 5 1254 0 1162 100 3 200 1366 300 816 400
1498 0 5 241 0 507 100 1072 200 1043 300 269 400
1499 0 5 1275 0 475 100 763 200 208 300 1454 400
1500 0 5 1333 0 260 100 1375 200 1181 300 1337 400
1501 0 5 133 0 597 100 1261 200 664 300 1028 400
1502 0 5 470 0 650 100 568 200 409 300 774 400
1503 0 5 650 0 1364 100 568 200 774 300 409 400
1504 0 5 1364 0 1441 100 568 200 774 300 409 400
1505 0 5 1441 0 1022 100 568 200 409 300 834 400
1506 0 5 628 0 1022 100 568 200 774 300 409 400
1507 0 5 628 0 340 100 568 200 774 300 409 400
1508 0 5 340 0 41 100 568 200 409 300 834 400
1509 0 5 6 0 41 100 568 200 774 300 409 400
1510 0 5 6 0 551 100 568 200 774 300 409 400
1511 0 5 879 0 551 100 568 200 774 300 409 400
1512 0 5 879 0 445 100 568 200 774 300 409 400
1513 0 5 445 0 1414 100 568 200 774 300 409 400
1514 0 5 1414 0 691 100 834 200 568 300 409 400
1515 0 5 503 0 691 100 568 200 409 300 774 400
1516 0 5 503 0 1325 100 774 200 568 300 409 400
1517 0 5 1325 0 1412 100 834 200 409 300 568 400
1518 0 5 1160 0 1412 100 834 200 409 300 568 400
1519 0 5 92 0 1160 100 568 200 834 300 409 400
1520 0 5 92 0 1127 100 568 200 774 300 409 400
1521 0 5 250 0 1127 100 568 200 774 300 409 400
1522 0 5 250 0 1067 100 568 200 774 300 409 400
1523 0 5 1067 0 141 100 568 200 774 300 409 400
1524 0 5 867 0 141 100 568 200 774 300 409 400
1525 0 5 867 0 1393 100 568 200 774 300 409 400
1526 0 5 750 0 1393 100 568 200 409 300 834 400
1527 0 5 856 0 750 100 568 200 409 300 834 400
1528 0 5 856 0 1064 100 568 200 774 300 409 400
1529 0 5 1064 0 630 100 568 200 774 300 409 400
1530 0 5 304 0 630 100 568 200 409 300 774 400
1531 0 5 304 0 813 100 568 200 774 300 409 400
1532 0 5 813 0 406 100 568 200 774 300 409 400
1533 0 5 406 0 573 100 568 200 409 300 774 400
1534 0 5 573 0 481 100 568 200 409 300 774 400
1535 0 5 481 0 568 100 127 200 409 300 774 400
1536 0 5 10 0 568 100 127 200 409 300 774 400
1537 0 5 10 0 568 100 601 200 409 300 834 400
1538 0 5 1247 0 568 100 601 200 409 300 834 400
1539 0 5 1478 0 1247 100 568 200 409 300 834 400
-1
EOF
