1539
1 0 5 747 0 1150 100 1256 200 577 300 141 400
2 0 5 1456 0 267 100 35 200 86 300 716 400
3 0 5 217 0 445 100 1223 200 178 300 457 400
4 0 5 109 0 43 100 221 200 1040 300 951 400
5 0 5 376 0 1219 100 353 200 131 300 1484 400
6 0 5 40 0 592 100 1191 200 611 300 61 400
7 0 5 909 0 1488 100 1175 200 1001 300 181 400
8 0 5 1398 0 472 100 1193 200 1114 300 725 400
9 0 5 91 0 186 100 839 200 509 300 463 400
10 0 5 325 0 309 100 1138 200 1168 300 1446 400
11 0 5 721 0 432 100 740 200 684 300 1453 400
12 0 5 948 0 969 100 1355 200 796 300 543 400
13 0 5 304 0 338 100 1227 200 230 300 827 400
14 0 5 958 0 1506 100 1505 200 747 300 62 400
15 0 5 94 0 1134 100 1161 200 321 300 1305 400
16 0 5 1347 0 1270 100 236 200 87 300 368 400
17 0 5 647 0 1007 100 431 200 1386 300 44 400
18 0 5 276 0 1440 100 1121 200 557 300 454 400
19 0 5 880 0 1064 100 693 200 598 300 997 400
20 0 5 1408 0 1044 100 1052 200 231 300 1283 400
21 0 5 1351 0 1387 100 142 200 774 300 808 400
22 0 5 344 0 703 100 901 200 350 300 523 400
23 0 5 681 0 1310 100 364 200 806 300 151 400
24 0 5 139 0 996 100 1396 200 82 300 1127 400
25 0 5 712 0 449 100 306 200 574 300 1141 400
26 0 5 208 0 941 100 239 200 1154 300 922 400
27 0 5 709 0 758 100 67 200 726 300 329 400
28 0 5 1085 0 798 100 197 200 548 300 399 400
29 0 5 65 0 608 100 630 200 1028 300 683 400
30 0 5 329 0 606 100 1216 200 1285 300 63 400
31 0 5 102 0 1516 100 1517 200 824 300 1402 400
32 0 5 224 0 637 100 490 200 459 300 600 400
33 0 5 1132 0 861 100 1495 200 64 300 1348 400
34 0 5 132 0 1027 100 41 200 1407 300 1253 400
35 0 5 1235 0 2 100 1456 200 1303 300 267 400
36 0 5 55 0 697 100 1492 200 93 300 1077 400
37 0 5 1003 0 857 100 827 200 750 300 854 400
38 0 5 258 0 51 100 529 200 511 300 956 400
39 0 5 775 0 537 100 152 200 1153 300 886 400
40 0 5 6 0 611 100 592 200 369 300 1191 400
41 0 5 1467 0 1407 100 34 200 1470 300 1413 400
42 0 5 133 0 305 100 643 200 1036 300 794 400
43 0 5 1434 0 4 100 109 200 623 300 1437 400
44 0 5 675 0 647 100 17 200 913 300 112 400
45 0 5 546 0 1410 100 873 200 1229 300 1276 400
46 0 5 1375 0 319 100 355 200 994 300 1464 400
47 0 5 1221 0 1069 100 152 200 1291 300 1212 400
48 0 5 1474 0 1447 100 360 200 1162 300 202 400
49 0 5 424 0 444 100 946 200 1330 300 580 400
50 0 5 70 0 1150 100 89 200 1503 300 1502 400
51 0 5 590 0 511 100 748 200 38 300 678 400
52 0 5 1414 0 1349 100 1382 200 1272 300 1462 400
53 0 5 297 0 1112 100 460 200 312 300 1436 400
54 0 5 227 0 1271 100 912 200 599 300 215 400
55 0 5 36 0 93 100 194 200 101 300 1492 400
56 0 5 1479 0 1290 100 793 200 592 300 868 400
57 0 5 349 0 1167 100 284 200 1084 300 1261 400
58 0 5 1207 0 934 100 807 200 494 300 802 400
59 0 5 380 0 1301 100 1017 200 466 300 1220 400
60 0 5 531 0 622 100 108 200 1355 300 538 400
61 0 5 1113 0 689 100 1426 200 6 300 1442 400
62 0 5 1417 0 14 100 278 200 747 300 1152 400
63 0 5 1311 0 606 100 329 200 655 300 30 400
64 0 5 176 0 1495 100 1310 200 33 300 681 400
65 0 5 744 0 29 100 683 200 364 300 630 400
66 0 5 1323 0 884 100 1210 200 240 300 583 400
67 0 5 1289 0 329 100 27 200 1285 300 709 400
68 0 5 507 0 813 100 930 200 1233 300 739 400
69 0 5 1305 0 1350 100 1372 200 528 300 612 400
70 0 5 1306 0 50 100 89 200 315 300 1326 400
71 0 5 1201 0 790 100 745 200 847 300 1204 400
72 0 5 501 0 508 100 521 200 661 300 858 400
73 0 5 1423 0 812 100 755 200 1476 300 311 400
74 0 5 1045 0 874 100 1056 200 38 300 1183 400
75 0 5 862 0 259 100 1053 200 261 300 779 400
76 0 5 562 0 731 100 489 200 626 300 1023 400
77 0 5 1274 0 1500 100 1082 200 1449 300 878 400
78 0 5 1278 0 106 100 626 200 231 300 932 400
79 0 5 154 0 1005 100 1388 200 737 300 564 400
80 0 5 819 0 1138 100 309 200 1392 300 1421 400
81 0 5 388 0 1396 100 1380 200 1435 300 175 400
82 0 5 139 0 977 100 1380 200 777 300 24 400
83 0 5 563 0 617 100 1384 200 1491 300 1321 400
84 0 5 957 0 1082 100 121 200 513 300 555 400
85 0 5 1114 0 1015 100 801 200 1193 300 472 400
86 0 5 716 0 544 100 267 200 2 300 1456 400
87 0 5 233 0 990 100 368 200 1270 300 1347 400
88 0 5 919 0 404 100 1444 200 1354 300 1151 400
89 0 5 1376 0 348 100 70 200 50 300 1306 400
90 0 5 1374 0 889 100 202 200 1447 300 991 400
91 0 5 9 0 509 100 186 200 1224 300 839 400
92 0 5 1463 0 856 100 1245 200 526 300 831 400
93 0 5 55 0 967 100 36 200 1077 300 194 400
94 0 5 15 0 321 100 1161 200 1305 300 69 400
95 0 5 187 0 131 100 1484 200 188 300 1189 400
96 0 5 99 0 1272 100 1462 200 438 300 1036 400
97 0 5 678 0 1293 100 339 200 814 300 964 400
98 0 5 860 0 727 100 1268 200 704 300 630 400
99 0 5 96 0 438 100 1036 200 133 300 1462 400
100 0 5 981 0 652 100 686 200 970 300 1211 400
101 0 5 194 0 698 100 1457 200 636 300 55 400
102 0 5 31 0 824 100 422 200 568 300 1402 400
103 0 5 797 0 1217 100 117 200 1249 300 1421 400
104 0 5 707 0 272 100 719 200 160 300 1119 400
105 0 5 1463 0 378 100 856 200 135 300 809 400
106 0 5 78 0 182 100 149 200 932 300 1278 400
107 0 5 264 0 1425 100 459 200 807 300 1239 400
108 0 5 622 0 60 100 650 200 531 300 506 400
109 0 5 4 0 762 100 43 200 951 300 518 400
110 0 5 1271 0 572 100 765 200 227 300 1169 400
111 0 5 502 0 483 100 841 200 578 300 1107 400
112 0 5 347 0 830 100 647 200 312 300 44 400
113 0 5 388 0 977 100 392 200 1380 300 777 400
114 0 5 556 0 882 100 677 200 1035 300 1315 400
115 0 5 1329 0 710 100 1279 200 1254 300 325 400
116 0 5 1292 0 145 100 476 200 193 300 593 400
117 0 5 1317 0 828 100 1000 200 1421 300 103 400
118 0 5 498 0 1129 100 257 200 1432 300 1091 400
119 0 5 1065 0 1483 100 671 200 293 300 657 400
120 0 5 820 0 1273 100 935 200 1257 300 996 400
121 0 5 1076 0 957 100 84 200 317 300 555 400
122 0 5 631 0 1127 100 1426 200 254 300 139 400
123 0 5 207 0 595 100 1318 200 1004 300 1312 400
124 0 5 172 0 729 100 1248 200 519 300 773 400
125 0 5 547 0 1477 100 377 200 211 300 1046 400
126 0 5 782 0 1085 100 591 200 314 300 28 400
127 0 5 785 0 1113 100 1442 200 699 300 976 400
128 0 5 1398 0 725 100 434 200 1177 300 1367 400
129 0 5 1494 0 386 100 1230 200 170 300 739 400
130 0 5 859 0 1337 100 1153 200 1110 300 1469 400
131 0 5 1484 0 187 100 95 200 5 300 534 400
132 0 5 1027 0 965 100 690 200 34 300 1234 400
133 0 5 438 0 42 100 99 200 96 300 1036 400
134 0 5 787 0 487 100 530 200 1016 300 1198 400
135 0 5 831 0 1463 100 105 200 1493 300 92 400
136 0 5 1299 0 164 100 50 200 166 300 1431 400
137 0 5 696 0 1266 100 551 200 640 300 1031 400
138 0 5 421 0 182 100 1283 200 402 300 106 400
139 0 5 24 0 82 100 1127 200 122 300 996 400
140 0 5 554 0 1393 100 267 200 21 300 221 400
141 0 5 687 0 1331 100 199 200 1417 300 958 400
142 0 5 821 0 21 100 783 200 849 300 429 400
143 0 5 1021 0 1476 100 375 200 983 300 311 400
144 0 5 947 0 872 100 247 200 620 300 867 400
145 0 5 116 0 1243 100 593 200 1292 300 193 400
146 0 5 261 0 433 100 1053 200 688 300 738 400
147 0 5 1267 0 466 100 1017 200 1020 300 1332 400
148 0 5 1492 0 1307 100 697 200 558 300 1352 400
149 0 5 691 0 182 100 106 200 356 300 1192 400
150 0 5 1294 0 1055 100 609 200 29 300 683 400
151 0 5 237 0 744 100 364 200 300 300 630 400
152 0 5 39 0 1403 100 775 200 47 300 537 400
153 0 5 1355 0 1491 100 169 200 439 300 199 400
154 0 5 79 0 280 100 1388 200 564 300 1466 400
155 0 5 674 0 1163 100 179 200 390 300 256 400
156 0 5 1441 0 1316 100 334 200 1284 300 741 400
157 0 5 341 0 183 100 468 200 212 300 841 400
158 0 5 1214 0 781 100 701 200 1000 300 1026 400
159 0 5 1185 0 443 100 605 200 1378 300 1358 400
160 0 5 1328 0 272 100 707 200 923 300 104 400
161 0 5 1039 0 971 100 1433 200 667 300 201 400
162 0 5 682 0 676 100 920 200 517 300 216 400
163 0 5 1166 0 1236 100 1030 200 496 300 855 400
164 0 5 136 0 479 100 166 200 1299 300 50 400
165 0 5 968 0 503 100 723 200 917 300 222 400
166 0 5 1431 0 1212 100 164 200 479 300 1221 400
167 0 5 1379 0 704 100 727 200 1231 300 1108 400
168 0 5 337 0 1295 100 302 200 581 300 198 400
169 0 5 439 0 1491 100 1074 200 199 300 153 400
170 0 5 930 0 285 100 129 200 1288 300 1233 400
171 0 5 911 0 552 100 184 200 400 300 392 400
172 0 5 124 0 773 100 1248 200 1061 300 729 400
173 0 5 1389 0 1002 100 1139 200 1104 300 242 400
174 0 5 1321 0 1024 100 1297 200 1384 300 754 400
175 0 5 1435 0 414 100 1489 200 1165 300 1006 400
176 0 5 64 0 806 100 1310 200 681 300 683 400
177 0 5 190 0 370 100 1202 200 1495 300 1459 400
178 0 5 457 0 635 100 217 200 3 300 210 400
179 0 5 1079 0 256 100 155 200 701 300 390 400
180 0 5 1345 0 1010 100 1174 200 1455 300 1229 400
181 0 5 909 0 1175 100 905 200 203 300 603 400
182 0 5 138 0 149 100 106 200 402 300 691 400
183 0 5 1365 0 275 100 157 200 341 300 212 400
184 0 5 1068 0 171 100 400 200 417 300 911 400
185 0 5 1487 0 516 100 229 200 540 300 346 400
186 0 5 763 0 9 100 940 200 91 300 463 400
187 0 5 95 0 131 100 961 200 188 300 534 400
188 0 5 961 0 187 100 1484 200 95 300 1189 400
189 0 5 213 0 966 100 822 200 705 300 1126 400
190 0 5 370 0 177 100 1495 200 1394 300 1055 400
191 0 5 310 0 804 100 884 200 216 300 235 400
192 0 5 616 0 964 100 584 200 814 300 262 400
193 0 5 1081 0 476 100 1243 200 145 300 393 400
194 0 5 101 0 55 100 1492 200 636 300 36 400
195 0 5 766 0 898 100 832 200 602 300 381 400
196 0 5 1198 0 787 100 847 200 134 300 1204 400
197 0 5 798 0 28 100 1057 200 413 300 314 400
198 0 5 1226 0 302 100 581 200 337 300 1444 400
199 0 5 687 0 141 100 169 200 563 300 1074 400
200 0 5 665 0 446 100 589 200 462 300 1276 400
201 0 5 971 0 867 100 1039 200 387 300 161 400
202 0 5 1447 0 1374 100 90 200 48 300 360 400
203 0 5 905 0 603 100 985 200 181 300 906 400
204 0 5 311 0 950 100 143 200 354 300 983 400
205 0 5 1383 0 270 100 470 200 759 300 999 400
206 0 5 799 0 1434 100 783 200 395 300 476 400
207 0 5 123 0 897 100 1004 200 249 300 381 400
208 0 5 1154 0 26 100 366 200 1071 300 922 400
209 0 5 925 0 247 100 1151 200 1419 300 1109 400
210 0 5 771 0 635 100 474 200 1059 300 1103 400
211 0 5 1477 0 942 100 125 200 1245 300 266 400
212 0 5 1034 0 468 100 841 200 157 300 1365 400
213 0 5 662 0 1126 100 189 200 1438 300 792 400
214 0 5 1461 0 1472 100 800 200 1471 300 1043 400
215 0 5 282 0 963 100 1124 200 973 300 952 400
216 0 5 884 0 676 100 522 200 1486 300 804 400
217 0 5 771 0 3 100 178 200 635 300 210 400
218 0 5 852 0 645 100 910 200 1210 300 665 400
219 0 5 1098 0 243 100 228 200 499 300 846 400
220 0 5 1349 0 579 100 859 200 497 300 520 400
221 0 5 418 0 4 100 554 200 1393 300 1351 400
222 0 5 968 0 553 100 723 200 478 300 165 400
223 0 5 1263 0 1239 100 807 200 600 300 1425 400
224 0 5 637 0 32 100 1144 200 1143 300 600 400
225 0 5 379 0 628 100 724 200 646 300 1093 400
226 0 5 298 0 452 100 1024 200 544 300 869 400
227 0 5 54 0 599 100 1271 200 879 300 110 400
228 0 5 686 0 1172 100 219 200 652 300 1415 400
229 0 5 574 0 540 100 712 200 185 300 833 400
230 0 5 304 0 1227 100 750 200 827 300 1130 400
231 0 5 421 0 1052 100 1278 200 78 300 1125 400
232 0 5 1190 0 1264 100 1293 200 1247 300 1370 400
233 0 5 87 0 376 100 514 200 1270 300 1484 400
234 0 5 1356 0 479 100 931 200 1212 300 594 400
235 0 5 804 0 920 100 676 200 216 300 191 400
236 0 5 1347 0 717 100 1270 200 945 300 1483 400
237 0 5 151 0 704 100 300 200 394 300 1379 400
238 0 5 619 0 273 100 974 200 1308 300 1246 400
239 0 5 1493 0 730 100 26 200 208 300 941 400
240 0 5 469 0 1323 100 583 200 66 300 1210 400
241 0 5 1021 0 1043 100 375 200 983 300 143 400
242 0 5 998 0 1139 100 1394 200 173 300 1389 400
243 0 5 327 0 1098 100 219 200 228 300 846 400
244 0 5 1075 0 366 100 718 200 1154 300 1071 400
245 0 5 520 0 1153 100 638 200 525 300 767 400
246 0 5 1050 0 289 100 369 200 700 300 732 400
247 0 5 209 0 144 100 1151 200 620 300 947 400
248 0 5 1430 0 422 100 1448 200 634 300 262 400
249 0 5 1004 0 381 100 1240 200 595 300 207 400
250 0 5 565 0 1309 100 1047 200 1184 300 358 400
251 0 5 810 0 946 100 1144 200 580 300 915 400
252 0 5 1359 0 916 100 770 200 599 300 845 400
253 0 5 1282 0 415 100 789 200 517 300 367 400
254 0 5 1273 0 122 100 566 200 631 300 306 400
255 0 5 318 0 1156 100 483 200 303 300 1206 400
256 0 5 291 0 179 100 542 200 390 300 1011 400
257 0 5 898 0 1432 100 1437 200 118 300 498 400
258 0 5 38 0 1183 100 917 200 511 300 1045 400
259 0 5 75 0 834 100 779 200 1470 300 899 400
260 0 5 1281 0 1352 100 1391 200 430 300 910 400
261 0 5 146 0 1053 100 75 200 862 300 259 400
262 0 5 577 0 736 100 1430 200 440 300 248 400
263 0 5 1149 0 803 100 1368 200 344 300 614 400
264 0 5 107 0 390 100 459 200 807 300 1207 400
265 0 5 340 0 1482 100 420 200 615 300 1184 400
266 0 5 732 0 211 100 1245 200 700 300 289 400
267 0 5 716 0 2 100 86 200 140 300 35 400
268 0 5 1042 0 1023 100 842 200 317 300 473 400
269 0 5 1200 0 1199 100 800 200 1499 300 639 400
270 0 5 205 0 643 100 1383 200 759 300 1420 400
271 0 5 999 0 1420 100 1099 200 1178 300 1333 400
272 0 5 160 0 104 100 588 200 734 300 1119 400
273 0 5 663 0 238 100 619 200 605 300 1185 400
274 0 5 618 0 412 100 802 200 1498 300 279 400
275 0 5 1032 0 341 100 183 200 1365 300 861 400
276 0 5 18 0 557 100 944 200 454 300 1395 400
277 0 5 684 0 1342 100 702 200 1381 300 1302 400
278 0 5 563 0 1152 100 1417 200 62 300 864 400
279 0 5 412 0 424 100 618 200 1097 300 274 400
280 0 5 1466 0 564 100 154 200 490 300 801 400
281 0 5 597 0 1513 100 1512 200 747 300 1413 400
282 0 5 575 0 912 100 215 200 952 300 812 400
283 0 5 1287 0 1412 100 818 200 1469 300 1110 400
284 0 5 1167 0 57 100 349 200 1292 300 1261 400
285 0 5 170 0 1288 100 907 200 480 300 386 400
286 0 5 939 0 1086 100 659 200 598 300 1012 400
287 0 5 1002 0 1139 100 1389 200 1394 300 173 400
288 0 5 1497 0 714 100 1181 200 1363 300 1465 400
289 0 5 700 0 246 100 1050 200 732 300 266 400
290 0 5 863 0 1348 100 359 200 1092 300 679 400
291 0 5 256 0 934 100 1475 200 542 300 58 400
292 0 5 512 0 664 100 526 200 1141 300 25 400
293 0 5 1065 0 671 100 1406 200 1318 300 1496 400
294 0 5 1048 0 928 100 328 200 1261 300 1167 400
295 0 5 1230 0 1308 100 1464 200 362 300 663 400
296 0 5 823 0 551 100 1209 200 1168 300 186 400
297 0 5 53 0 460 100 1112 200 1301 300 1436 400
298 0 5 869 0 544 100 226 200 1128 300 452 400
299 0 5 1038 0 1206 100 959 200 593 300 1364 400
300 0 5 394 0 237 100 441 200 1379 300 151 400
301 0 5 1102 0 1409 100 933 200 745 300 1131 400
302 0 5 198 0 1210 100 665 200 168 300 1444 400
303 0 5 1156 0 591 100 255 200 318 300 1206 400
304 0 5 13 0 230 100 827 200 1227 300 1260 400
305 0 5 562 0 42 100 794 200 489 300 731 400
306 0 5 1094 0 449 100 712 200 566 300 689 400
307 0 5 1124 0 973 100 1148 200 1011 300 475 400
308 0 5 1489 0 536 100 414 200 651 300 354 400
309 0 5 1392 0 80 100 10 200 1168 300 1138 400
310 0 5 191 0 583 100 804 200 884 300 235 400
311 0 5 204 0 1476 100 143 200 755 300 950 400
312 0 5 675 0 1436 100 112 200 647 300 830 400
313 0 5 679 0 835 100 786 200 927 300 1310 400
314 0 5 413 0 967 100 126 200 1085 300 197 400
315 0 5 1306 0 585 100 70 200 688 300 899 400
316 0 5 1142 0 1324 100 559 200 408 300 943 400
317 0 5 1192 0 842 100 1042 200 268 300 473 400
318 0 5 255 0 1156 100 1206 200 483 300 303 400
319 0 5 1443 0 46 100 994 200 1375 300 1464 400
320 0 5 596 0 1044 100 891 200 553 300 778 400
321 0 5 1120 0 94 100 1161 200 1305 300 69 400
322 0 5 1402 0 1504 100 1503 200 1159 300 1221 400
323 0 5 831 0 526 100 92 200 135 300 1463 400
324 0 5 492 0 384 100 939 200 612 300 1012 400
325 0 5 10 0 815 100 1304 200 1329 300 694 400
326 0 5 1404 0 332 100 1217 200 103 300 1031 400
327 0 5 954 0 243 100 219 200 228 300 1098 400
328 0 5 1261 0 1132 100 1048 200 294 300 468 400
329 0 5 30 0 63 100 1289 200 1285 300 67 400
330 0 5 1446 0 1255 100 815 200 603 300 906 400
331 0 5 894 0 788 100 1111 200 481 300 1315 400
332 0 5 1031 0 1217 100 326 200 1209 300 1404 400
333 0 5 1237 0 1415 100 499 200 1473 300 1030 400
334 0 5 510 0 1441 100 1480 200 156 300 805 400
335 0 5 1358 0 1450 100 1429 200 1213 300 722 400
336 0 5 1332 0 753 100 980 200 1267 300 1424 400
337 0 5 1226 0 168 100 198 200 302 300 581 400
338 0 5 13 0 1443 100 1227 200 304 300 230 400
339 0 5 720 0 1244 100 678 200 97 300 972 400
340 0 5 265 0 420 100 1482 200 1343 300 1377 400
341 0 5 1032 0 157 100 275 200 183 300 468 400
342 0 5 734 0 718 100 360 200 1411 300 1374 400
343 0 5 1164 0 1116 100 950 200 536 300 354 400
344 0 5 703 0 803 100 22 200 350 300 263 400
345 0 5 875 0 1424 100 1102 200 753 300 1336 400
346 0 5 988 0 1180 100 615 200 1173 300 833 400
347 0 5 112 0 647 100 1007 200 830 300 17 400
348 0 5 1485 0 89 100 899 200 1376 300 1306 400
349 0 5 57 0 1058 100 284 200 1084 300 1232 400
350 0 5 1410 0 344 100 22 200 1455 300 45 400
351 0 5 419 0 695 100 1054 200 1088 300 573 400
352 0 5 880 0 598 100 929 200 549 300 953 400
353 0 5 5 0 1312 100 876 200 534 300 376 400
354 0 5 1164 0 983 100 204 200 536 300 1021 400
355 0 5 974 0 994 100 619 200 46 300 1375 400
356 0 5 493 0 691 100 1123 200 1033 300 106 400
357 0 5 1162 0 360 100 1252 200 569 300 1071 400
358 0 5 1367 0 1177 100 1146 200 725 300 434 400
359 0 5 1348 0 1092 100 290 200 1048 300 863 400
360 0 5 1162 0 357 100 48 200 718 300 342 400
361 0 5 654 0 1084 100 1203 200 811 300 1008 400
362 0 5 1308 0 1464 100 1375 200 295 300 319 400
363 0 5 1171 0 407 100 780 200 692 300 1264 400
364 0 5 806 0 23 100 744 200 683 300 151 400
365 0 5 685 0 787 100 1480 200 1216 300 134 400
366 0 5 244 0 1154 100 1075 200 208 300 1071 400
367 0 5 1282 0 1104 100 789 200 253 300 517 400
368 0 5 515 0 87 100 669 200 990 300 514 400
369 0 5 1050 0 611 100 992 200 40 300 246 400
370 0 5 190 0 1394 100 177 200 1459 300 1055 400
371 0 5 375 0 1471 100 723 200 1043 300 241 400
372 0 5 1189 0 1416 100 851 200 534 300 961 400
373 0 5 963 0 772 100 952 200 1475 300 1051 400
374 0 5 528 0 1372 100 492 200 69 300 612 400
375 0 5 371 0 143 100 241 200 1043 300 723 400
376 0 5 5 0 233 100 1219 200 353 300 1270 400
377 0 5 1046 0 125 100 1338 200 979 300 211 400
378 0 5 706 0 105 100 752 200 809 300 760 400
379 0 5 225 0 1093 100 628 200 724 300 1146 400
380 0 5 59 0 1220 100 1301 200 1017 300 460 400
381 0 5 908 0 249 100 986 200 766 300 195 400
382 0 5 776 0 893 100 834 200 1275 300 259 400
383 0 5 835 0 394 100 441 200 927 300 300 400
384 0 5 1259 0 844 100 324 200 1454 300 1130 400
385 0 5 624 0 1251 100 1369 200 838 300 1289 400
386 0 5 1494 0 129 100 642 200 907 300 285 400
387 0 5 924 0 1344 100 1039 200 201 300 1481 400
388 0 5 81 0 113 100 1380 200 392 300 1165 400
389 0 5 1252 0 826 100 604 200 1071 300 649 400
390 0 5 674 0 264 100 256 200 179 300 155 400
391 0 5 728 0 1034 100 1107 200 468 300 578 400
392 0 5 552 0 113 100 400 200 388 300 1165 400
393 0 5 395 0 476 100 455 200 799 300 1081 400
394 0 5 300 0 383 100 441 200 237 300 927 400
395 0 5 393 0 799 100 206 200 455 300 783 400
396 0 5 1277 0 1350 100 937 200 727 300 612 400
397 0 5 532 0 1179 100 586 200 587 300 1327 400
398 0 5 539 0 1340 100 1296 200 482 300 1027 400
399 0 5 656 0 591 100 483 200 548 300 28 400
400 0 5 552 0 1006 100 171 200 184 300 1068 400
401 0 5 451 0 1275 100 1253 200 1037 300 893 400
402 0 5 1033 0 182 100 691 200 1123 300 1283 400
403 0 5 1295 0 469 100 583 200 240 300 168 400
404 0 5 1354 0 88 100 1151 200 426 300 924 400
405 0 5 656 0 1286 100 399 200 841 300 111 400
406 0 5 1452 0 1008 100 1203 200 693 300 361 400
407 0 5 363 0 1264 100 780 200 820 300 972 400
408 0 5 559 0 837 100 316 200 1411 300 1142 400
409 0 5 1064 0 854 100 1070 200 997 300 750 400
410 0 5 848 0 1455 100 979 200 758 300 1345 400
411 0 5 1061 0 1211 100 1265 200 743 300 1241 400
412 0 5 279 0 274 100 1097 200 618 300 58 400
413 0 5 314 0 427 100 1057 200 197 300 636 400
414 0 5 1006 0 651 100 175 200 308 300 1489 400
415 0 5 253 0 920 100 517 200 789 300 162 400
416 0 5 638 0 886 100 568 200 537 300 767 400
417 0 5 1197 0 1116 100 536 200 184 300 1208 400
418 0 5 221 0 1393 100 4 200 1040 300 1235 400
419 0 5 351 0 1088 100 1054 200 719 300 573 400
420 0 5 340 0 1343 100 265 200 1377 300 552 400
421 0 5 138 0 231 100 1283 200 1408 300 402 400
422 0 5 248 0 1041 100 102 200 568 300 824 400
423 0 5 830 0 481 100 613 200 816 300 1007 400
424 0 5 49 0 444 100 279 200 946 300 1097 400
425 0 5 648 0 1009 100 1095 200 795 300 849 400
426 0 5 1346 0 1354 100 404 200 1151 300 461 400
427 0 5 636 0 1057 100 413 200 314 300 55 400
428 0 5 1403 0 1402 100 824 200 31 300 537 400
429 0 5 982 0 783 100 142 200 1058 300 849 400
430 0 5 1490 0 260 100 1391 200 589 300 672 400
431 0 5 913 0 1133 100 17 200 914 300 677 400
432 0 5 11 0 684 100 740 200 301 300 1102 400
433 0 5 738 0 146 100 1405 200 949 300 688 400
434 0 5 725 0 1177 100 128 200 1367 300 358 400
435 0 5 535 0 1003 100 601 200 1366 300 1468 400
436 0 5 866 0 1406 100 576 200 1371 300 1320 400
437 0 5 935 0 751 100 1171 200 692 300 1465 400
438 0 5 133 0 99 100 96 200 1036 300 42 400
439 0 5 543 0 169 100 1074 200 687 300 199 400
440 0 5 584 0 262 100 577 200 926 300 896 400
441 0 5 1427 0 300 100 1108 200 927 300 383 400
442 0 5 667 0 1481 100 1344 200 1433 300 1039 400
443 0 5 1185 0 1378 100 159 200 813 300 962 400
444 0 5 424 0 946 100 49 200 1097 300 279 400
445 0 5 845 0 3 100 1223 200 1423 300 1359 400
446 0 5 1490 0 200 100 1276 200 430 300 589 400
447 0 5 786 0 1188 100 458 200 927 300 955 400
448 0 5 641 0 695 100 1087 200 877 300 1453 400
449 0 5 1141 0 306 100 25 200 664 300 712 400
450 0 5 1334 0 792 100 504 200 1335 300 668 400
451 0 5 1037 0 401 100 690 200 1275 300 1253 400
452 0 5 1060 0 226 100 1373 200 544 300 86 400
453 0 5 762 0 851 100 1416 200 518 300 951 400
454 0 5 1395 0 944 100 743 200 1401 300 276 400
455 0 5 1058 0 476 100 393 200 783 300 395 400
456 0 5 1521 0 1520 100 995 200 1118 300 885 400
457 0 5 178 0 989 100 1072 200 1090 300 635 400
458 0 5 953 0 955 100 1188 200 447 300 1452 400
459 0 5 1005 0 1425 100 264 200 107 300 32 400
460 0 5 1220 0 297 100 53 200 59 300 380 400
461 0 5 1346 0 462 100 1419 200 1354 300 426 400
462 0 5 461 0 1419 100 665 200 1276 300 200 400
463 0 5 839 0 940 100 1013 200 186 300 9 400
464 0 5 613 0 1111 100 481 200 816 300 894 400
465 0 5 597 0 1467 100 1413 200 281 300 41 400
466 0 5 1017 0 147 100 980 200 742 300 59 400
467 0 5 1163 0 1258 100 1214 200 155 300 179 400
468 0 5 212 0 1032 100 157 200 1132 300 1034 400
469 0 5 240 0 403 100 1295 200 583 300 66 400
470 0 5 757 0 1383 100 205 200 1462 300 759 400
471 0 5 1238 0 1313 100 1102 200 721 300 345 400
472 0 5 1269 0 8 100 801 200 490 300 1114 400
473 0 5 1042 0 1192 100 626 200 268 300 317 400
474 0 5 1103 0 210 100 478 200 771 300 3 400
475 0 5 1262 0 829 100 973 200 307 300 1026 400
476 0 5 455 0 193 100 393 200 116 300 145 400
477 0 5 936 0 1390 100 1106 200 1361 300 243 400
478 0 5 1103 0 891 100 474 200 222 300 723 400
479 0 5 234 0 164 100 1212 200 166 300 931 400
480 0 5 907 0 1117 100 285 200 482 300 386 400
481 0 5 613 0 423 100 464 200 894 300 1111 400
482 0 5 1234 0 1296 100 907 200 642 300 480 400
483 0 5 111 0 255 100 399 200 318 300 591 400
484 0 5 1178 0 984 100 486 200 733 300 508 400
485 0 5 1362 0 938 100 1225 200 706 300 887 400
486 0 5 508 0 484 100 1250 200 1178 300 1099 400
487 0 5 530 0 134 100 621 200 1315 300 1016 400
488 0 5 748 0 511 100 1244 200 881 300 339 400
489 0 5 673 0 626 100 76 200 794 300 562 400
490 0 5 1269 0 1388 100 32 200 801 300 1466 400
491 0 5 741 0 1284 100 971 200 1439 300 201 400
492 0 5 324 0 1372 100 528 200 612 300 374 400
493 0 5 356 0 878 100 1123 200 1228 300 1076 400
494 0 5 1155 0 802 100 58 200 1475 300 934 400
495 0 5 1012 0 659 100 612 200 937 300 939 400
496 0 5 586 0 653 100 1186 200 870 300 163 400
497 0 5 1428 0 1414 100 1349 200 1272 300 220 400
498 0 5 118 0 871 100 257 200 944 300 1091 400
499 0 5 1415 0 333 100 1290 200 219 300 1237 400
500 0 5 1227 0 1259 100 1454 200 384 300 230 400
501 0 5 72 0 858 100 596 200 521 300 1136 400
502 0 5 1038 0 578 100 111 200 593 300 299 400
503 0 5 1045 0 917 100 165 200 596 300 1183 400
504 0 5 1334 0 668 100 450 200 798 300 28 400
505 0 5 1138 0 765 100 694 200 572 300 110 400
506 0 5 650 0 1422 100 1215 200 1357 300 531 400
507 0 5 68 0 1233 100 930 200 813 300 1288 400
508 0 5 661 0 486 100 1136 200 72 300 484 400
509 0 5 839 0 1013 100 91 200 761 300 9 400
510 0 5 334 0 1480 100 1018 200 805 300 1441 400
511 0 5 51 0 488 100 881 200 917 300 258 400
512 0 5 292 0 526 100 664 200 1141 300 449 400
513 0 5 1488 0 555 100 84 200 842 300 957 400
514 0 5 233 0 1484 100 990 200 87 300 669 400
515 0 5 769 0 368 100 764 200 1222 300 669 400
516 0 5 724 0 1487 100 646 200 185 300 628 400
517 0 5 789 0 415 100 662 200 253 300 162 400
518 0 5 762 0 1437 100 898 200 109 300 453 400
519 0 5 1401 0 729 100 561 200 1061 300 570 400
520 0 5 579 0 245 100 525 200 859 300 1153 400
521 0 5 874 0 72 100 501 200 661 300 508 400
522 0 5 698 0 216 100 682 200 1486 300 884 400
523 0 5 703 0 901 100 653 200 870 300 344 400
524 0 5 903 0 1115 100 1397 200 836 300 1222 400
525 0 5 1022 0 999 100 520 200 245 300 579 400
526 0 5 512 0 292 100 323 200 92 300 831 400
527 0 5 1205 0 1169 100 572 200 819 300 973 400
528 0 5 374 0 492 100 1305 200 1134 300 69 400
529 0 5 956 0 590 100 38 200 1083 300 51 400
530 0 5 487 0 621 100 1315 200 134 300 1016 400
531 0 5 60 0 650 100 506 200 538 300 1357 400
532 0 5 397 0 1327 100 1166 200 586 300 163 400
533 0 5 639 0 670 100 921 200 996 300 1257 400
534 0 5 372 0 602 100 353 200 1312 300 187 400
535 0 5 435 0 1468 100 355 200 1158 300 1246 400
536 0 5 308 0 417 100 1068 200 1116 300 354 400
537 0 5 39 0 886 100 152 200 416 300 1153 400
538 0 5 784 0 1233 100 531 200 895 300 60 400
539 0 5 398 0 1296 100 642 200 1340 300 907 400
540 0 5 229 0 574 100 833 200 712 300 185 400
541 0 5 643 0 794 100 42 200 270 300 673 400
542 0 5 1051 0 1011 100 256 200 1124 300 291 400
543 0 5 439 0 1117 100 969 200 1074 300 12 400
544 0 5 86 0 298 100 226 200 1303 300 1060 400
545 0 5 1241 0 1129 100 1432 200 1265 300 987 400
546 0 5 45 0 873 100 1410 200 1276 300 1229 400
547 0 5 125 0 726 100 1477 200 758 300 377 400
548 0 5 668 0 1286 100 28 200 399 300 591 400
549 0 5 1108 0 929 100 1086 200 953 300 352 400
550 0 5 986 0 1265 100 1211 200 970 300 832 400
551 0 5 1209 0 296 100 137 200 823 300 1031 400
552 0 5 400 0 171 100 392 200 1014 300 911 400
553 0 5 891 0 222 100 596 200 320 300 478 400
554 0 5 808 0 140 100 221 200 774 300 1387 400
555 0 5 749 0 513 100 957 200 842 300 84 400
556 0 5 114 0 1182 100 621 200 1315 300 1035 400
557 0 5 944 0 276 100 18 200 1440 300 1121 400
558 0 5 697 0 1194 100 561 200 148 300 1077 400
559 0 5 408 0 943 100 1218 200 316 300 1302 400
560 0 5 1390 0 1181 100 888 200 477 300 1106 400
561 0 5 570 0 729 100 519 200 1077 300 558 400
562 0 5 305 0 76 100 731 200 489 300 1023 400
563 0 5 278 0 83 100 199 200 1491 300 1417 400
564 0 5 1388 0 280 100 154 200 79 300 490 400
565 0 5 915 0 250 100 1047 200 1309 300 1143 400
566 0 5 689 0 1426 100 306 200 122 300 1442 400
567 0 5 906 0 1254 100 1001 200 815 300 710 400
568 0 5 824 0 1041 100 886 200 416 300 767 400
569 0 5 1474 0 1252 100 1162 200 357 300 48 400
570 0 5 1121 0 561 100 729 200 743 300 1401 400
571 0 5 770 0 892 100 694 200 1451 300 1279 400
572 0 5 1169 0 110 100 527 200 765 300 505 400
573 0 5 1302 0 1073 100 1140 200 1054 300 1342 400
574 0 5 229 0 712 100 540 200 25 300 306 400
575 0 5 993 0 282 100 952 200 912 300 812 400
576 0 5 1370 0 1320 100 436 200 288 300 1371 400
577 0 5 262 0 736 100 440 200 995 300 31 400
578 0 5 1107 0 502 100 111 200 593 300 728 400
579 0 5 520 0 220 100 525 200 1382 300 757 400
580 0 5 810 0 1160 100 911 200 946 300 251 400
581 0 5 1444 0 198 100 919 200 1226 300 168 400
582 0 5 865 0 778 100 891 200 1103 300 708 400
583 0 5 310 0 403 100 240 200 804 300 66 400
584 0 5 440 0 97 100 1478 200 192 300 956 400
585 0 5 315 0 688 100 1306 200 70 300 146 400
586 0 5 496 0 587 100 1186 200 397 300 870 400
587 0 5 586 0 1179 100 397 200 1186 300 901 400
588 0 5 1119 0 1140 100 272 200 734 300 719 400
589 0 5 1490 0 910 100 200 200 430 300 446 400
590 0 5 51 0 1083 100 529 200 678 300 1478 400
591 0 5 399 0 303 100 126 200 483 300 255 400
592 0 5 6 0 1049 100 1100 200 40 300 56 400
593 0 5 1038 0 1292 100 299 200 502 300 145 400
594 0 5 1356 0 1339 100 1291 200 818 300 1287 400
595 0 5 1004 0 1318 100 1312 200 602 300 123 400
596 0 5 320 0 501 100 553 200 503 300 1044 400
597 0 5 465 0 281 100 747 200 1413 300 779 400
598 0 5 352 0 286 100 929 200 19 300 844 400
599 0 5 916 0 227 100 252 200 879 300 892 400
600 0 5 1263 0 1097 100 32 200 1239 300 223 400
601 0 5 1366 0 854 100 1203 200 1003 300 435 400
602 0 5 1240 0 534 100 595 200 195 300 381 400
603 0 5 985 0 203 100 330 200 1255 300 906 400
604 0 5 1193 0 607 100 389 200 1252 300 1015 400
605 0 5 1246 0 159 100 273 200 1185 300 619 400
606 0 5 1195 0 63 100 655 200 30 300 329 400
607 0 5 604 0 649 100 1093 200 1146 300 389 400
608 0 5 1161 0 29 100 860 200 630 300 1268 400
609 0 5 1028 0 1055 100 150 200 998 300 1394 400
610 0 5 928 0 1084 100 361 200 294 300 1008 400
611 0 5 369 0 1191 100 40 200 1141 300 1094 400
612 0 5 1012 0 495 100 937 200 1372 300 324 400
613 0 5 481 0 464 100 423 200 816 300 1111 400
614 0 5 672 0 1368 100 1149 200 1276 300 263 400
615 0 5 833 0 1180 100 1482 200 346 300 265 400
616 0 5 192 0 964 100 262 200 1458 300 1118 400
617 0 5 754 0 83 100 1384 200 1297 300 1222 400
618 0 5 274 0 1498 100 1330 200 412 300 279 400
619 0 5 238 0 974 100 273 200 355 300 1308 400
620 0 5 1280 0 872 100 1109 200 247 300 144 400
621 0 5 530 0 1315 100 1182 200 487 300 556 400
622 0 5 108 0 60 100 1355 200 1024 300 1357 400
623 0 5 1135 0 1091 100 43 200 1081 300 1434 400
624 0 5 385 0 1369 100 938 200 1251 300 1362 400
625 0 5 1237 0 1473 100 1236 200 333 300 163 400
626 0 5 932 0 489 100 473 200 731 300 78 400
627 0 5 1459 0 629 100 1365 200 1202 300 792 400
628 0 5 225 0 724 100 646 200 1146 300 379 400
629 0 5 1126 0 627 100 1389 200 792 300 1459 400
630 0 5 1268 0 704 100 744 200 98 300 29 400
631 0 5 1170 0 122 100 1127 200 1426 300 254 400
632 0 5 670 0 921 100 1396 200 81 300 1435 400
633 0 5 914 0 1301 100 1020 200 1017 300 913 400
634 0 5 1448 0 1041 100 248 200 484 300 984 400
635 0 5 210 0 1059 100 178 200 1090 300 771 400
636 0 5 427 0 1057 100 1457 200 101 300 194 400
637 0 5 224 0 1144 100 32 200 1143 300 1097 400
638 0 5 416 0 767 100 245 200 1153 300 525 400
639 0 5 533 0 881 100 921 200 1244 300 269 400
640 0 5 696 0 1031 100 1217 200 137 300 332 400
641 0 5 850 0 448 100 1453 200 1087 300 877 400
642 0 5 1296 0 539 100 386 200 482 300 907 400
643 0 5 541 0 1036 100 270 200 42 300 759 400
644 0 5 966 0 1457 100 822 200 189 300 1335 400
645 0 5 218 0 910 100 1486 200 1307 300 1352 400
646 0 5 1173 0 628 100 724 200 516 300 1487 400
647 0 5 17 0 44 100 112 200 347 300 1007 400
648 0 5 1422 0 425 100 1215 200 554 300 506 400
649 0 5 826 0 607 100 1093 200 1071 300 389 400
650 0 5 506 0 531 100 1357 200 108 300 60 400
651 0 5 1068 0 414 100 175 200 400 300 1006 400
652 0 5 100 0 1172 100 228 200 981 300 686 400
653 0 5 496 0 523 100 870 200 901 300 1186 400
654 0 5 361 0 1232 100 811 200 1203 300 1084 400
655 0 5 1195 0 606 100 63 200 1018 300 805 400
656 0 5 405 0 399 100 483 200 1286 300 111 400
657 0 5 1483 0 1247 100 717 200 945 300 1190 400
658 0 5 853 0 735 100 847 200 746 300 838 400
659 0 5 495 0 286 100 1012 200 939 300 937 400
660 0 5 855 0 1187 100 1030 200 1479 300 992 400
661 0 5 984 0 508 100 72 200 1136 300 521 400
662 0 5 213 0 1438 100 517 200 1126 300 1460 400
663 0 5 273 0 739 100 813 200 1185 300 238 400
664 0 5 512 0 292 100 1141 200 449 300 25 400
665 0 5 200 0 302 100 462 200 1444 300 852 400
666 0 5 784 0 962 100 895 200 813 300 538 400
667 0 5 442 0 1433 100 1298 200 1481 300 1344 400
668 0 5 548 0 504 100 450 200 792 300 1334 400
669 0 5 990 0 368 100 1222 200 515 300 514 400
670 0 5 632 0 533 100 1396 200 996 300 921 400
671 0 5 1496 0 900 100 119 200 293 300 876 400
672 0 5 614 0 1281 100 1276 200 430 300 1368 400
673 0 5 489 0 794 100 78 200 626 300 1278 400
674 0 5 390 0 155 100 179 200 256 300 264 400
675 0 5 312 0 44 100 1436 200 913 300 647 400
676 0 5 162 0 216 100 920 200 235 300 804 400
677 0 5 882 0 960 100 114 200 1386 300 17 400
678 0 5 97 0 748 100 590 200 339 300 51 400
679 0 5 313 0 863 100 786 200 290 300 835 400
680 0 5 954 0 1501 100 327 200 1106 300 243 400
681 0 5 23 0 1310 100 176 200 806 300 64 400
682 0 5 162 0 522 100 698 200 1457 300 676 400
683 0 5 1294 0 806 100 364 200 65 300 29 400
684 0 5 277 0 740 100 432 200 702 300 1342 400
685 0 5 365 0 1216 100 1480 200 30 300 735 400
686 0 5 970 0 981 100 228 200 1211 300 100 400
687 0 5 1074 0 141 100 199 200 965 300 439 400
688 0 5 1405 0 585 100 146 200 433 300 70 400
689 0 5 566 0 61 100 1094 200 1426 300 306 400
690 0 5 1037 0 132 100 1196 200 1027 300 34 400
691 0 5 149 0 1033 100 356 200 402 300 182 400
692 0 5 1264 0 1171 100 363 200 437 300 1465 400
693 0 5 1070 0 997 100 19 200 1452 300 880 400
694 0 5 1304 0 505 100 765 200 571 300 904 400
695 0 5 448 0 351 100 877 200 1054 300 1314 400
696 0 5 640 0 137 100 1031 200 551 300 332 400
697 0 5 1077 0 36 100 558 200 1492 300 148 400
698 0 5 522 0 101 100 682 200 1492 300 1307 400
699 0 5 976 0 127 100 1049 200 843 300 1497 400
700 0 5 1245 0 289 100 266 200 246 300 92 400
701 0 5 1079 0 1214 100 158 200 179 300 1011 400
702 0 5 740 0 1342 100 1314 200 277 300 684 400
703 0 5 523 0 344 100 22 200 901 300 653 400
704 0 5 167 0 237 100 727 200 630 300 98 400
705 0 5 1335 0 822 100 189 200 1126 300 792 400
706 0 5 856 0 378 100 975 200 485 300 105 400
707 0 5 104 0 719 100 160 200 1328 300 923 400
708 0 5 865 0 1059 100 778 200 210 300 635 400
709 0 5 1311 0 27 100 758 200 63 300 329 400
710 0 5 817 0 115 100 1001 200 1254 300 567 400
711 0 5 1205 0 1145 100 819 200 475 300 1026 400
712 0 5 574 0 25 100 229 200 306 300 540 400
713 0 5 1209 0 1063 100 1392 200 1421 300 296 400
714 0 5 1465 0 288 100 1497 200 785 300 751 400
715 0 5 836 0 1484 100 1360 200 524 300 869 400
716 0 5 267 0 86 100 1215 200 1422 300 1060 400
717 0 5 945 0 1483 100 236 200 1458 300 657 400
718 0 5 1075 0 342 100 360 200 1411 300 244 400
719 0 5 1088 0 707 100 104 200 1119 300 1140 400
720 0 5 972 0 339 100 780 200 1244 300 407 400
721 0 5 11 0 1453 100 471 200 1087 300 740 400
722 0 5 1366 0 1213 100 335 200 1468 300 1095 400
723 0 5 1471 0 165 100 222 200 478 300 1461 400
724 0 5 516 0 628 100 225 200 646 300 379 400
725 0 5 434 0 128 100 1367 200 1398 300 8 400
726 0 5 547 0 758 100 1477 200 1300 300 27 400
727 0 5 1231 0 98 100 704 200 167 300 396 400
728 0 5 391 0 1107 100 1261 200 1167 300 284 400
729 0 5 124 0 519 100 561 200 570 300 1248 400
730 0 5 239 0 1493 100 135 200 516 300 26 400
731 0 5 76 0 1023 100 562 200 626 300 268 400
732 0 5 1176 0 1338 100 266 200 1046 300 1327 400
733 0 5 1448 0 984 100 484 200 1056 300 634 400
734 0 5 342 0 1073 100 1140 200 588 300 272 400
735 0 5 1216 0 658 100 1285 200 787 300 196 400
736 0 5 577 0 262 100 31 200 422 300 102 400
737 0 5 1258 0 1005 100 79 200 264 300 459 400
738 0 5 433 0 949 100 1400 200 146 300 1405 400
739 0 5 663 0 1308 100 930 200 813 300 619 400
740 0 5 702 0 684 100 1453 200 1314 300 432 400
741 0 5 491 0 1284 100 1439 200 788 300 971 400
742 0 5 1067 0 1418 100 980 200 1087 300 466 400
743 0 5 1401 0 1241 100 411 200 454 300 570 400
744 0 5 65 0 151 100 364 200 630 300 29 400
745 0 5 1131 0 790 100 1201 200 71 300 301 400
746 0 5 838 0 847 100 658 200 790 300 853 400
747 0 5 1539 0 1 100 281 200 597 300 14 400
748 0 5 488 0 678 100 51 200 590 300 339 400
749 0 5 555 0 1023 100 842 200 268 300 957 400
750 0 5 1130 0 230 100 827 200 37 300 409 400
751 0 5 935 0 785 100 437 200 1273 300 1465 400
752 0 5 1147 0 760 100 378 200 1362 300 809 400
753 0 5 336 0 1424 100 345 200 980 300 1332 400
754 0 5 617 0 1297 100 1397 200 83 300 1321 400
755 0 5 1341 0 73 100 812 200 311 300 1476 400
756 0 5 1319 0 1182 100 1035 200 1101 300 556 400
757 0 5 470 0 1382 100 579 200 205 300 999 400
758 0 5 726 0 27 100 709 200 1345 300 979 400
759 0 5 1036 0 1383 100 1462 200 205 300 270 400
760 0 5 1147 0 752 100 378 200 1142 300 1062 400
761 0 5 1266 0 1013 100 509 200 91 300 839 400
762 0 5 518 0 453 100 109 200 951 300 898 400
763 0 5 186 0 1168 100 1446 200 940 300 823 400
764 0 5 769 0 515 100 1507 200 1506 300 885 400
765 0 5 904 0 505 100 110 200 694 300 1271 400
766 0 5 1240 0 195 100 851 200 381 300 602 400
767 0 5 1022 0 638 100 568 200 416 300 245 400
768 0 5 1357 0 1373 100 1024 200 1060 300 226 400
769 0 5 515 0 764 100 1508 200 1507 300 864 400
770 0 5 571 0 252 100 892 200 1359 300 989 400
771 0 5 217 0 210 100 635 200 474 300 178 400
772 0 5 373 0 1105 100 1155 200 1475 300 952 400
773 0 5 172 0 840 100 1061 200 791 300 1248 400
774 0 5 1387 0 1009 100 21 200 849 300 811 400
775 0 5 1110 0 39 100 152 200 47 300 1153 400
776 0 5 382 0 834 100 1253 200 1470 300 893 400
777 0 5 1377 0 977 100 113 200 82 300 1482 400
778 0 5 582 0 891 100 320 200 1059 300 708 400
779 0 5 899 0 259 100 1470 200 1413 300 281 400
780 0 5 820 0 407 100 363 200 720 300 972 400
781 0 5 158 0 1249 100 797 200 1000 300 1214 400
782 0 5 126 0 1085 100 314 200 1440 300 591 400
783 0 5 429 0 206 100 982 200 142 300 455 400
784 0 5 666 0 538 100 813 200 1233 300 895 400
785 0 5 1442 0 751 100 127 200 1113 300 1170 400
786 0 5 447 0 927 100 313 200 679 300 835 400
787 0 5 365 0 134 100 196 200 735 300 1216 400
788 0 5 1439 0 331 100 1242 200 1111 300 741 400
789 0 5 517 0 367 100 253 200 415 300 1282 400
790 0 5 745 0 71 100 1201 200 1251 300 746 400
791 0 5 840 0 1236 100 1473 200 773 300 1061 400
792 0 5 450 0 1335 100 629 200 1126 300 189 400
793 0 5 1445 0 1100 100 56 200 1049 300 592 400
794 0 5 541 0 673 100 489 200 42 300 270 400
795 0 5 1009 0 849 100 811 200 425 300 1213 400
796 0 5 1288 0 948 100 1355 200 285 300 12 400
797 0 5 103 0 1249 100 781 200 117 300 1000 400
798 0 5 197 0 28 100 504 200 1057 300 1334 400
799 0 5 1434 0 395 100 206 200 393 300 43 400
800 0 5 1461 0 1499 100 269 200 214 300 1043 400
801 0 5 85 0 1114 100 472 200 1385 300 490 400
802 0 5 494 0 274 100 58 200 1498 300 1155 400
803 0 5 263 0 344 100 1149 200 22 300 1096 400
804 0 5 235 0 191 100 884 200 310 300 583 400
805 0 5 1018 0 510 100 655 200 867 300 872 400
806 0 5 364 0 176 100 683 200 23 300 681 400
807 0 5 1207 0 58 100 1239 200 264 300 223 400
808 0 5 1387 0 554 100 221 200 21 300 140 400
809 0 5 941 0 378 100 1062 200 26 300 105 400
810 0 5 251 0 580 100 946 200 565 300 1144 400
811 0 5 849 0 654 100 795 200 1203 300 361 400
812 0 5 73 0 993 100 1341 200 755 300 912 400
813 0 5 68 0 443 100 962 200 663 300 507 400
814 0 5 1293 0 964 100 1399 200 97 300 192 400
815 0 5 906 0 325 100 330 200 1254 300 603 400
816 0 5 1157 0 830 100 613 200 423 300 464 400
817 0 5 710 0 1001 100 1082 200 1274 300 1254 400
818 0 5 1469 0 283 100 1287 200 594 300 1339 400
819 0 5 80 0 828 100 527 200 1421 300 1145 400
820 0 5 780 0 935 100 1257 200 120 300 1244 400
821 0 5 142 0 1232 100 1058 200 455 300 21 400
822 0 5 966 0 705 100 189 200 1335 300 644 400
823 0 5 296 0 940 100 551 200 186 300 763 400
824 0 5 568 0 102 100 886 200 31 300 1403 400
825 0 5 991 0 1474 100 1447 200 48 300 1385 400
826 0 5 649 0 1071 100 389 200 357 300 607 400
827 0 5 857 0 37 100 304 200 230 300 750 400
828 0 5 1145 0 117 100 819 200 1421 300 1026 400
829 0 5 1148 0 475 100 1262 200 1026 300 307 400
830 0 5 423 0 112 100 816 200 347 300 312 400
831 0 5 323 0 135 100 92 200 1463 300 526 400
832 0 5 908 0 1432 100 195 200 381 300 898 400
833 0 5 615 0 1482 100 540 200 265 300 346 400
834 0 5 893 0 259 100 776 200 382 300 1253 400
835 0 5 383 0 313 100 927 200 786 300 394 400
836 0 5 715 0 903 100 869 200 524 300 226 400
837 0 5 408 0 1411 100 902 200 1073 300 922 400
838 0 5 746 0 1251 100 658 200 385 300 790 400
839 0 5 509 0 463 100 9 200 91 300 1013 400
840 0 5 791 0 773 100 1248 200 1061 300 172 400
841 0 5 1286 0 212 100 111 200 157 300 1034 400
842 0 5 317 0 957 100 268 200 555 300 513 400
843 0 5 1363 0 699 100 1390 200 1049 300 1497 400
844 0 5 939 0 384 100 598 200 1130 300 324 400
845 0 5 445 0 916 100 252 200 1359 300 912 400
846 0 5 1290 0 1106 100 219 200 1098 300 243 400
847 0 5 853 0 746 100 658 200 1204 300 196 400
848 0 5 410 0 1455 100 979 200 1345 300 758 400
849 0 5 795 0 811 100 1009 200 142 300 774 400
850 0 5 641 0 877 100 1453 200 1314 300 1054 400
851 0 5 1416 0 1240 100 372 200 453 300 766 400
852 0 5 218 0 1210 100 665 200 302 300 645 400
853 0 5 658 0 847 100 746 200 735 300 196 400
854 0 5 997 0 409 100 37 200 601 300 1003 400
855 0 5 1166 0 660 100 163 200 1030 300 992 400
856 0 5 706 0 92 100 975 200 105 300 1463 400
857 0 5 827 0 37 100 1260 200 304 300 1003 400
858 0 5 501 0 1136 100 1044 200 1125 300 1052 400
859 0 5 130 0 883 100 220 200 520 300 497 400
860 0 5 1268 0 98 100 1277 200 1350 300 608 400
861 0 5 33 0 1495 100 1202 200 1365 300 275 400
862 0 5 1053 0 75 100 261 200 899 300 688 400
863 0 5 290 0 679 100 1310 200 1348 300 313 400
864 0 5 1384 0 83 100 769 200 1256 300 1222 400
865 0 5 582 0 708 100 1059 200 778 300 210 400
866 0 5 436 0 1137 100 1501 200 1496 300 1406 400
867 0 5 201 0 947 100 805 200 387 300 1441 400
868 0 5 1445 0 936 100 1290 200 846 300 1049 400
869 0 5 298 0 836 100 226 200 715 300 544 400
870 0 5 1186 0 901 100 586 200 653 300 496 400
871 0 5 498 0 1364 100 1135 200 1091 300 944 400
872 0 5 144 0 620 100 805 200 1280 300 247 400
873 0 5 546 0 1419 100 1276 200 925 300 45 400
874 0 5 74 0 1056 100 521 200 733 300 984 400
875 0 5 345 0 978 100 1102 200 301 300 933 400
876 0 5 1318 0 900 100 353 200 5 300 1312 400
877 0 5 850 0 1314 100 695 200 1054 300 448 400
878 0 5 493 0 1072 100 1449 200 1123 300 1228 400
879 0 5 892 0 904 100 227 200 599 300 765 400
880 0 5 352 0 19 100 693 200 598 300 1064 400
881 0 5 511 0 639 100 1199 200 488 300 1244 400
882 0 5 677 0 114 100 1315 200 556 300 960 400
883 0 5 1428 0 859 100 1339 200 1469 300 1337 400
884 0 5 216 0 66 100 191 200 1210 300 804 400
885 0 5 1511 0 1510 100 515 200 764 300 769 400
886 0 5 1403 0 416 100 568 200 537 300 824 400
887 0 5 1300 0 938 100 1369 200 485 300 726 400
888 0 5 1390 0 1181 100 560 200 1363 300 843 400
889 0 5 923 0 90 100 991 200 1374 300 1385 400
890 0 5 1497 0 714 100 127 200 288 300 785 400
891 0 5 553 0 582 100 478 200 320 300 778 400
892 0 5 879 0 571 100 770 200 904 300 599 400
893 0 5 382 0 834 100 1275 200 776 300 401 400
894 0 5 331 0 1315 100 960 200 481 300 1111 400
895 0 5 1450 0 1378 100 666 200 1358 300 784 400
896 0 5 926 0 918 100 1478 200 956 300 1056 400
897 0 5 970 0 207 100 1501 200 986 300 686 400
898 0 5 1437 0 257 100 518 200 195 300 762 400
899 0 5 1485 0 779 100 348 200 1306 300 862 400
900 0 5 876 0 671 100 1318 200 293 300 1483 400
901 0 5 523 0 870 100 22 200 1186 300 703 400
902 0 5 922 0 1411 100 837 200 1062 300 408 400
903 0 5 836 0 1397 100 524 200 1297 300 715 400
904 0 5 765 0 879 100 892 200 694 300 571 400
905 0 5 203 0 181 100 1175 200 909 300 603 400
906 0 5 567 0 815 100 603 200 330 300 1175 400
907 0 5 480 0 386 100 482 200 285 300 1296 400
908 0 5 832 0 381 100 195 200 986 300 550 400
909 0 5 181 0 7 100 1175 200 905 300 1001 400
910 0 5 645 0 1391 100 589 200 218 300 1352 400
911 0 5 171 0 1160 100 580 200 184 300 1309 400
912 0 5 282 0 54 100 812 200 215 300 916 400
913 0 5 431 0 914 100 1301 200 44 300 1436 400
914 0 5 633 0 1020 100 913 200 431 300 1133 400
915 0 5 1143 0 565 100 1047 200 1144 300 251 400
916 0 5 599 0 845 100 252 200 912 300 227 400
917 0 5 1183 0 503 100 258 200 1199 300 511 400
918 0 5 926 0 896 100 1430 200 1056 300 584 400
919 0 5 88 0 1444 100 581 200 924 300 1481 400
920 0 5 235 0 415 100 676 200 162 300 804 400
921 0 5 632 0 533 100 639 200 1499 300 1435 400
922 0 5 902 0 1062 100 941 200 837 300 26 400
923 0 5 1328 0 889 100 707 200 160 300 104 400
924 0 5 387 0 1151 100 1481 200 919 300 947 400
925 0 5 209 0 1419 100 1109 200 873 300 620 400
926 0 5 1430 0 918 100 896 200 248 300 1056 400
927 0 5 786 0 835 100 441 200 313 300 447 400
928 0 5 610 0 294 100 1048 200 1092 300 1084 400
929 0 5 1086 0 549 100 598 200 352 300 286 400
930 0 5 170 0 68 100 507 200 739 300 1233 400
931 0 5 1069 0 1291 100 1212 200 594 300 479 400
932 0 5 1192 0 626 100 78 200 106 300 473 400
933 0 5 978 0 1409 100 301 200 875 300 1131 400
934 0 5 1475 0 291 100 58 200 494 300 1207 400
935 0 5 751 0 820 100 437 200 120 300 1257 400
936 0 5 477 0 1361 100 1390 200 868 300 1098 400
937 0 5 1231 0 612 100 396 200 659 300 495 400
938 0 5 1369 0 1362 100 485 200 887 300 1225 400
939 0 5 844 0 286 100 324 200 1012 300 659 400
940 0 5 823 0 463 100 186 200 763 300 1013 400
941 0 5 809 0 1062 100 26 200 922 300 378 400
942 0 5 1025 0 211 100 1300 200 1477 300 975 400
943 0 5 1218 0 559 100 1381 200 1302 300 316 400
944 0 5 557 0 454 100 276 200 987 300 498 400
945 0 5 717 0 236 100 657 200 1458 300 1118 400
946 0 5 444 0 251 100 49 200 1144 300 580 400
947 0 5 144 0 1151 100 867 200 247 300 924 400
948 0 5 12 0 796 100 1355 200 969 300 480 400
949 0 5 738 0 1400 100 1405 200 433 300 688 400
950 0 5 1105 0 204 100 343 200 1155 300 1116 400
951 0 5 1416 0 1040 100 109 200 762 300 1128 400
952 0 5 373 0 282 100 963 200 575 300 1341 400
953 0 5 1108 0 458 100 549 200 352 300 441 400
954 0 5 327 0 680 100 1106 200 243 300 897 400
955 0 5 1452 0 1188 100 458 200 693 300 406 400
956 0 5 529 0 1478 100 896 200 38 300 590 400
957 0 5 84 0 121 100 842 200 555 300 317 400
958 0 5 14 0 1331 100 141 200 747 300 281 400
959 0 5 1353 0 1243 100 299 200 1364 300 145 400
960 0 5 1386 0 1007 100 677 200 894 300 1315 400
961 0 5 188 0 187 100 1189 200 534 300 372 400
962 0 5 666 0 1378 100 813 200 784 300 895 400
963 0 5 1051 0 373 100 215 200 952 300 1124 400
964 0 5 814 0 192 100 616 200 1399 300 1293 400
965 0 5 1066 0 132 100 1234 200 34 300 687 400
966 0 5 822 0 644 100 189 200 1335 300 1457 400
967 0 5 1440 0 1077 100 93 200 314 300 36 400
968 0 5 222 0 165 100 723 200 503 300 553 400
969 0 5 1117 0 12 100 543 200 948 300 1355 400
970 0 5 686 0 897 100 550 200 981 300 986 400
971 0 5 491 0 161 100 201 200 741 300 1433 400
972 0 5 720 0 339 100 1293 200 780 300 407 400
973 0 5 307 0 1169 100 475 200 1124 300 1205 400
974 0 5 355 0 1246 100 619 200 238 300 605 400
975 0 5 1225 0 1025 100 856 200 706 300 942 400
976 0 5 1049 0 699 100 127 200 1113 300 843 400
977 0 5 113 0 777 100 1380 200 82 300 388 400
978 0 5 875 0 933 100 1102 200 301 300 345 400
979 0 5 410 0 848 100 377 200 758 300 1338 400
980 0 5 1067 0 1336 100 336 200 1267 300 742 400
981 0 5 100 0 686 100 1211 200 970 300 228 400
982 0 5 1351 0 429 100 783 200 21 300 455 400
983 0 5 1021 0 143 100 354 200 204 300 241 400
984 0 5 661 0 733 100 484 200 508 300 634 400
985 0 5 1224 0 603 100 203 200 1255 300 1175 400
986 0 5 550 0 381 100 207 200 970 300 1265 400
987 0 5 1395 0 1129 100 1241 200 944 300 454 400
988 0 5 346 0 1173 100 1184 200 646 300 1180 400
989 0 5 1359 0 457 100 1072 200 178 300 445 400
990 0 5 669 0 1222 100 87 200 1115 300 514 400
991 0 5 1385 0 825 100 889 200 1447 300 90 400
992 0 5 1327 0 1050 100 369 200 1187 300 611 400
993 0 5 575 0 812 100 1341 200 755 300 952 400
994 0 5 1260 0 355 100 319 200 46 300 619 400
995 0 5 1509 0 1510 100 456 200 736 300 577 400
996 0 5 1396 0 24 100 533 200 670 300 139 400
997 0 5 854 0 693 100 1070 200 409 300 19 400
998 0 5 1028 0 242 100 609 200 1394 300 1055 400
999 0 5 271 0 525 100 1178 200 205 300 1420 400
1000 0 5 1249 0 1317 100 117 200 781 300 158 400
1001 0 5 710 0 817 100 1254 200 1082 300 567 400
1002 0 5 287 0 173 100 1139 200 1389 300 1394 400
1003 0 5 435 0 37 100 601 200 854 300 1366 400
1004 0 5 249 0 595 100 207 200 123 300 381 400
1005 0 5 737 0 459 100 79 200 32 300 264 400
1006 0 5 1165 0 414 100 400 200 175 300 651 400
1007 0 5 1386 0 960 100 17 200 347 300 647 400
1008 0 5 406 0 1188 100 1452 200 1203 300 361 400
1009 0 5 795 0 774 100 425 200 849 300 1387 400
1010 0 5 1174 0 180 100 1229 200 1311 300 709 400
1011 0 5 1148 0 1124 100 542 200 307 300 256 400
1012 0 5 495 0 612 100 659 200 939 300 324 400
1013 0 5 761 0 509 100 463 200 1266 300 839 400
1014 0 5 1309 0 552 100 265 200 1180 300 171 400
1015 0 5 85 0 1193 100 604 200 1114 300 801 400
1016 0 5 1198 0 1182 100 621 200 134 300 487 400
1017 0 5 466 0 1020 100 147 200 633 300 59 400
1018 0 5 1195 0 805 100 510 200 655 300 606 400
1019 0 5 1096 0 1236 100 496 200 791 300 163 400
1020 0 5 1017 0 633 100 914 200 1133 300 147 400
1021 0 5 241 0 143 100 983 200 354 300 375 400
1022 0 5 767 0 525 100 1333 200 245 300 520 400
1023 0 5 749 0 731 100 268 200 842 300 76 400
1024 0 5 174 0 768 100 1373 200 1297 300 226 400
1025 0 5 942 0 975 100 1300 200 1225 300 211 400
1026 0 5 1262 0 1317 100 475 200 829 300 117 400
1027 0 5 1196 0 132 100 34 200 690 300 482 400
1028 0 5 998 0 609 100 29 200 1055 300 150 400
1029 0 5 1278 0 270 100 1125 200 231 300 794 400
1030 0 5 660 0 163 100 1237 200 1290 300 333 400
1031 0 5 332 0 640 100 696 200 1217 300 551 400
1032 0 5 341 0 275 100 468 200 157 300 212 400
1033 0 5 402 0 1123 100 691 200 356 300 182 400
1034 0 5 391 0 212 100 1107 200 468 300 841 400
1035 0 5 1325 0 1133 100 756 200 556 300 114 400
1036 0 5 759 0 99 100 643 200 42 300 96 400
1037 0 5 451 0 690 100 1275 200 132 300 1253 400
1038 0 5 502 0 593 100 299 200 483 300 111 400
1039 0 5 1344 0 161 100 387 200 201 300 1481 400
1040 0 5 1235 0 951 100 1393 200 4 300 418 400
1041 0 5 634 0 422 100 568 200 1333 300 248 400
1042 0 5 473 0 268 100 317 200 1192 300 842 400
1043 0 5 1322 0 1489 100 241 200 1472 300 375 400
1044 0 5 1052 0 20 100 858 200 320 300 596 400
1045 0 5 503 0 74 100 1183 200 258 300 1056 400
1046 0 5 1338 0 377 100 125 200 732 300 979 400
1047 0 5 1177 0 1143 100 565 200 915 300 250 400
1048 0 5 1092 0 294 100 328 200 928 300 359 400
1049 0 5 976 0 1113 100 592 200 793 300 699 400
1050 0 5 369 0 246 100 992 200 611 300 289 400
1051 0 5 542 0 963 100 952 200 215 300 373 400
1052 0 5 1125 0 1044 100 231 200 20 300 858 400
1053 0 5 862 0 261 100 146 200 75 300 688 400
1054 0 5 1342 0 1314 100 573 200 1088 300 351 400
1055 0 5 150 0 609 100 1394 200 190 300 1294 400
1056 0 5 874 0 74 100 733 200 896 300 1045 400
1057 0 5 636 0 427 100 413 200 197 300 798 400
1058 0 5 455 0 349 100 821 200 1232 300 429 400
1059 0 5 708 0 635 100 1090 200 865 300 210 400
1060 0 5 452 0 544 100 86 200 1373 300 716 400
1061 0 5 411 0 773 100 1473 200 172 300 519 400
1062 0 5 941 0 922 100 809 200 1142 300 837 400
1063 0 5 713 0 1392 100 1209 200 80 300 1421 400
1064 0 5 409 0 1070 100 19 200 750 300 598 400
1065 0 5 293 0 119 100 1483 200 657 300 1406 400
1066 0 5 965 0 1407 100 1331 200 34 300 41 400
1067 0 5 742 0 980 100 1418 200 1336 300 1087 400
1068 0 5 651 0 184 100 536 200 400 300 414 400
1069 0 5 931 0 1212 100 47 200 1291 300 479 400
1070 0 5 693 0 1064 100 409 200 997 300 19 400
1071 0 5 826 0 1154 100 366 200 389 300 649 400
1072 0 5 1090 0 878 100 457 200 989 300 1449 400
1073 0 5 573 0 734 100 1411 200 1140 300 342 400
1074 0 5 687 0 439 100 169 200 199 300 1117 400
1075 0 5 244 0 718 100 366 200 360 300 342 400
1076 0 5 1228 0 121 100 1500 200 84 300 493 400
1077 0 5 697 0 967 100 36 200 93 300 561 400
1078 0 5 1181 0 1371 100 1501 200 866 300 436 400
1079 0 5 701 0 179 100 256 200 1011 300 542 400
1080 0 5 1298 0 1089 100 1157 200 1433 300 1242 400
1081 0 5 193 0 1135 100 1243 200 393 300 623 400
1082 0 5 84 0 1274 100 817 200 1001 300 77 400
1083 0 5 590 0 1478 100 529 200 678 300 51 400
1084 0 5 610 0 361 100 57 200 349 300 1232 400
1085 0 5 28 0 126 100 314 200 782 300 591 400
1086 0 5 929 0 286 100 549 200 659 300 598 400
1087 0 5 1453 0 1313 100 742 200 721 300 1067 400
1088 0 5 419 0 719 100 1054 200 573 300 351 400
1089 0 5 1157 0 1080 100 1433 200 1298 300 464 400
1090 0 5 1072 0 635 100 1059 200 457 300 989 400
1091 0 5 1437 0 623 100 257 200 118 300 871 400
1092 0 5 1048 0 359 100 290 200 1348 300 294 400
1093 0 5 379 0 607 100 649 200 1146 300 225 400
1094 0 5 306 0 1191 100 1141 200 689 300 611 400
1095 0 5 1429 0 425 100 1450 200 722 300 1213 400
1096 0 5 1019 0 803 100 1236 200 496 300 344 400
1097 0 5 600 0 412 100 1144 200 1263 300 946 400
1098 0 5 219 0 243 100 846 200 1106 300 499 400
1099 0 5 1420 0 271 100 1333 200 1178 300 1250 400
1100 0 5 793 0 592 100 56 200 1049 300 40 400
1101 0 5 1204 0 1319 100 756 200 1201 300 1131 400
1102 0 5 301 0 345 100 471 200 875 300 1238 400
1103 0 5 478 0 474 100 210 200 723 300 582 400
1104 0 5 1460 0 367 100 173 200 1389 300 1438 400
1105 0 5 1155 0 950 100 772 200 1475 300 494 400
1106 0 5 477 0 846 100 954 200 1098 300 243 400
1107 0 5 578 0 391 100 1034 200 728 300 111 400
1108 0 5 549 0 953 100 441 200 1427 300 167 400
1109 0 5 1122 0 1280 100 620 200 925 300 1229 400
1110 0 5 775 0 1153 100 1287 200 1337 300 283 400
1111 0 5 1242 0 464 100 331 200 894 300 788 400
1112 0 5 53 0 1436 100 297 200 460 300 1301 400
1113 0 5 61 0 1442 100 1426 200 127 300 1049 400
1114 0 5 85 0 801 100 1193 200 472 300 8 400
1115 0 5 990 0 524 100 1397 200 1222 300 836 400
1116 0 5 343 0 417 100 536 200 950 300 1197 400
1117 0 5 969 0 543 100 480 200 1234 300 1074 400
1118 0 5 1458 0 616 100 945 200 1399 300 515 400
1119 0 5 588 0 1140 100 719 200 272 300 104 400
1120 0 5 321 0 1161 100 1350 200 69 300 860 400
1121 0 5 570 0 1440 100 18 200 1077 300 276 400
1122 0 5 1229 0 1109 100 1280 200 925 300 1419 400
1123 0 5 1033 0 356 100 402 200 878 300 493 400
1124 0 5 307 0 1011 100 973 200 215 300 542 400
1125 0 5 1250 0 1052 100 858 200 1029 300 231 400
1126 0 5 213 0 629 100 1438 200 662 300 189 400
1127 0 5 1170 0 1273 100 139 200 122 300 631 400
1128 0 5 1303 0 298 100 951 200 961 300 35 400
1129 0 5 987 0 118 100 1432 200 545 300 1395 400
1130 0 5 750 0 1454 100 230 200 384 300 844 400
1131 0 5 745 0 1409 100 1201 200 301 300 1101 400
1132 0 5 33 0 328 100 468 200 1261 300 1048 400
1133 0 5 1325 0 431 100 1035 200 1020 300 1267 400
1134 0 5 15 0 1305 100 528 200 69 300 492 400
1135 0 5 623 0 1081 100 871 200 193 300 498 400
1136 0 5 858 0 508 100 1250 200 661 300 486 400
1137 0 5 1501 0 866 100 1496 200 1406 300 680 400
1138 0 5 505 0 80 100 10 200 309 300 694 400
1139 0 5 242 0 287 100 173 200 1002 300 1389 400
1140 0 5 1119 0 588 100 734 200 573 300 719 400
1141 0 5 449 0 1094 100 664 200 611 300 306 400
1142 0 5 316 0 1324 100 408 200 1062 300 837 400
1143 0 5 915 0 1047 100 1144 200 565 300 637 400
1144 0 5 1143 0 1097 100 637 200 224 300 251 400
1145 0 5 828 0 711 100 819 200 1026 300 117 400
1146 0 5 607 0 628 100 358 200 1093 300 379 400
1147 0 5 752 0 760 100 378 200 1142 300 1362 400
1148 0 5 829 0 1011 100 307 200 1124 300 475 400
1149 0 5 263 0 1368 100 614 200 803 300 672 400
1150 0 5 1431 0 50 100 1502 200 1 300 1159 400
1151 0 5 947 0 924 100 404 200 247 300 426 400
1152 0 5 278 0 563 100 769 200 1417 300 14 400
1153 0 5 245 0 1110 100 537 200 130 300 638 400
1154 0 5 208 0 366 100 1071 200 26 300 244 400
1155 0 5 494 0 1105 100 772 200 950 300 58 400
1156 0 5 303 0 255 100 318 200 1206 300 591 400
1157 0 5 816 0 1089 100 1080 200 1298 300 1433 400
1158 0 5 1468 0 1358 100 1246 200 335 300 535 400
1159 0 5 1221 0 322 100 1512 200 1511 300 1150 400
1160 0 5 911 0 580 100 1309 200 565 300 810 400
1161 0 5 1120 0 608 100 15 200 321 300 94 400
1162 0 5 357 0 360 100 569 200 48 300 1474 400
1163 0 5 467 0 155 100 179 200 1214 300 701 400
1164 0 5 343 0 354 100 536 200 950 300 204 400
1165 0 5 1006 0 175 100 400 200 388 300 392 400
1166 0 5 855 0 163 100 532 200 586 300 660 400
1167 0 5 57 0 284 100 1261 200 728 300 294 400
1168 0 5 763 0 1446 100 309 200 10 300 296 400
1169 0 5 572 0 527 100 973 200 110 300 1205 400
1170 0 5 631 0 1127 100 1426 200 122 300 785 400
1171 0 5 363 0 1465 100 692 200 437 300 820 400
1172 0 5 1415 0 652 100 228 200 411 300 1061 400
1173 0 5 646 0 988 100 628 200 1487 300 1184 400
1174 0 5 1010 0 180 100 1311 200 63 300 655 400
1175 0 5 181 0 909 100 905 200 1001 300 603 400
1176 0 5 732 0 1327 100 1179 200 397 300 532 400
1177 0 5 434 0 1047 100 1367 200 358 300 725 400
1178 0 5 1333 0 484 100 486 200 999 300 1099 400
1179 0 5 587 0 397 100 1176 200 1338 300 532 400
1180 0 5 346 0 615 100 1184 200 988 300 265 400
1181 0 5 1078 0 560 100 1390 200 888 300 288 400
1182 0 5 556 0 1016 100 756 200 621 300 1035 400
1183 0 5 258 0 917 100 1045 200 503 300 38 400
1184 0 5 1180 0 988 100 1173 200 265 300 250 400
1185 0 5 443 0 159 100 273 200 605 300 663 400
1186 0 5 870 0 586 100 496 200 901 300 587 400
1187 0 5 1479 0 660 100 992 200 1030 300 56 400
1188 0 5 955 0 447 100 1008 200 458 300 927 400
1189 0 5 372 0 961 100 95 200 187 300 851 400
1190 0 5 232 0 1247 100 657 200 1264 300 1293 400
1191 0 5 1094 0 611 100 6 200 1141 300 61 400
1192 0 5 932 0 317 100 473 200 626 300 957 400
1193 0 5 1015 0 604 100 8 200 1114 300 472 400
1194 0 5 1248 0 558 100 729 200 561 300 124 400
1195 0 5 606 0 1018 100 655 200 805 300 510 400
1196 0 5 1340 0 1027 100 690 200 34 300 482 400
1197 0 5 1208 0 417 100 1498 200 1330 300 1116 400
1198 0 5 196 0 1016 100 134 200 1182 300 787 400
1199 0 5 269 0 917 100 881 200 511 300 639 400
1200 0 5 1499 0 269 100 1435 200 639 300 921 400
1201 0 5 71 0 745 100 1204 200 1131 300 790 400
1202 0 5 177 0 861 100 1365 200 1459 300 1495 400
1203 0 5 601 0 406 100 811 200 361 300 1008 400
1204 0 5 1101 0 1319 100 1201 200 847 300 196 400
1205 0 5 711 0 527 100 973 200 475 300 819 400
1206 0 5 1364 0 299 100 318 200 1156 300 483 400
1207 0 5 807 0 58 100 264 200 256 300 390 400
1208 0 5 1197 0 1330 100 1498 200 417 300 618 400
1209 0 5 713 0 551 100 1421 200 296 300 1063 400
1210 0 5 852 0 302 100 66 200 884 300 1323 400
1211 0 5 1265 0 981 100 550 200 411 300 686 400
1212 0 5 166 0 1069 100 1221 200 479 300 931 400
1213 0 5 1429 0 722 100 335 200 1095 300 849 400
1214 0 5 158 0 701 100 467 200 781 300 1163 400
1215 0 5 1422 0 506 100 716 200 1357 300 1060 400
1216 0 5 685 0 735 100 30 200 365 300 1285 400
1217 0 5 332 0 103 100 326 200 640 300 1031 400
1218 0 5 1302 0 943 100 559 200 573 300 1073 400
1219 0 5 1270 0 5 100 376 200 353 300 233 400
1220 0 5 460 0 380 100 59 200 1301 300 297 400
1221 0 5 1159 0 47 100 1212 200 322 300 152 400
1222 0 5 990 0 1256 100 669 200 1397 300 515 400
1223 0 5 1423 0 3 100 445 200 1476 300 217 400
1224 0 5 1255 0 985 100 91 200 763 300 1446 400
1225 0 5 975 0 485 100 938 200 1362 300 1025 400
1226 0 5 337 0 198 100 581 200 302 300 168 400
1227 0 5 500 0 1454 100 230 200 304 300 13 400
1228 0 5 1500 0 1076 100 878 200 493 300 121 400
1229 0 5 1122 0 180 100 1109 200 1010 300 45 400
1230 0 5 295 0 129 100 1308 200 663 300 739 400
1231 0 5 937 0 727 100 167 200 396 300 704 400
1232 0 5 654 0 821 100 1058 200 142 300 361 400
1233 0 5 507 0 1288 100 68 200 538 300 930 400
1234 0 5 965 0 132 100 141 200 1074 300 1117 400
1235 0 5 35 0 1040 100 1393 200 140 300 951 400
1236 0 5 1473 0 791 100 163 200 625 300 1019 400
1237 0 5 625 0 333 100 1030 200 499 300 1473 400
1238 0 5 471 0 1313 100 1102 200 1418 300 345 400
1239 0 5 223 0 1425 100 807 200 600 300 1263 400
1240 0 5 766 0 851 100 602 200 249 300 372 400
1241 0 5 545 0 743 100 987 200 411 300 454 400
1242 0 5 1439 0 1111 100 788 200 1433 300 1298 400
1243 0 5 1353 0 959 100 193 200 145 300 1081 400
1244 0 5 488 0 339 100 881 200 1257 300 820 400
1245 0 5 700 0 92 100 211 200 266 300 289 400
1246 0 5 605 0 974 100 238 200 1158 300 619 400
1247 0 5 1190 0 657 100 1399 200 232 300 717 400
1248 0 5 1194 0 172 100 124 200 773 300 840 400
1249 0 5 1000 0 797 100 781 200 103 300 117 400
1250 0 5 1125 0 486 100 1136 200 1420 300 508 400
1251 0 5 385 0 838 100 790 200 1362 300 746 400
1252 0 5 389 0 569 100 357 200 604 300 1162 400
1253 0 5 1470 0 776 100 1275 200 34 300 1413 400
1254 0 5 567 0 1001 100 710 200 815 300 115 400
1255 0 5 1224 0 330 100 985 200 603 300 91 400
1256 0 5 1222 0 864 100 1397 200 769 300 1115 400
1257 0 5 820 0 1244 100 996 200 533 300 780 400
1258 0 5 737 0 467 100 264 200 155 300 390 400
1259 0 5 500 0 384 100 1454 200 230 300 1130 400
1260 0 5 994 0 857 100 827 200 304 300 1443 400
1261 0 5 328 0 1167 100 728 200 294 300 284 400
1262 0 5 1026 0 475 100 829 200 973 300 711 400
1263 0 5 223 0 600 100 1239 200 1097 300 807 400
1264 0 5 232 0 692 100 407 200 363 300 1190 400
1265 0 5 1211 0 550 100 411 200 1432 300 545 400
1266 0 5 761 0 137 100 1013 200 940 300 823 400
1267 0 5 147 0 1332 100 980 200 1133 300 1020 400
1268 0 5 860 0 630 100 98 200 608 300 704 400
1269 0 5 490 0 472 100 32 200 801 300 8 400
1270 0 5 1219 0 1347 100 236 200 233 300 87 400
1271 0 5 110 0 54 100 227 200 765 300 215 400
1272 0 5 1462 0 96 100 497 200 52 300 1414 400
1273 0 5 1127 0 751 100 254 200 1170 300 996 400
1274 0 5 77 0 1449 100 1082 200 817 300 115 400
1275 0 5 401 0 893 100 1253 200 382 300 776 400
1276 0 5 446 0 873 100 672 200 1419 300 1368 400
1277 0 5 396 0 1350 100 860 200 727 300 937 400
1278 0 5 1029 0 78 100 231 200 106 300 673 400
1279 0 5 1451 0 115 100 1304 200 1329 300 571 400
1280 0 5 620 0 1109 100 872 200 1122 300 805 400
1281 0 5 260 0 672 100 430 200 1149 300 1352 400
1282 0 5 367 0 253 100 789 200 1104 300 415 400
1283 0 5 1408 0 138 100 421 200 402 300 20 400
1284 0 5 1316 0 491 100 741 200 156 300 971 400
1285 0 5 1289 0 735 100 329 200 1216 300 30 400
1286 0 5 405 0 841 100 548 200 656 300 111 400
1287 0 5 283 0 1291 100 818 200 1110 300 594 400
1288 0 5 796 0 1233 100 285 200 170 300 60 400
1289 0 5 1285 0 67 100 329 200 385 300 838 400
1290 0 5 846 0 499 100 56 200 1479 300 1030 400
1291 0 5 1287 0 931 100 47 200 594 300 1339 400
1292 0 5 116 0 593 100 145 200 284 300 502 400
1293 0 5 814 0 97 100 972 200 232 300 339 400
1294 0 5 150 0 683 100 609 200 29 300 1055 400
1295 0 5 403 0 168 100 1323 200 469 300 1210 400
1296 0 5 539 0 642 100 482 200 907 300 398 400
1297 0 5 754 0 1024 100 1397 200 1321 300 174 400
1298 0 5 1080 0 1433 100 667 200 1242 300 1111 400
1299 0 5 136 0 1326 100 50 200 164 300 1431 400
1300 0 5 887 0 1025 100 1477 200 942 300 726 400
1301 0 5 59 0 633 100 297 200 913 300 380 400
1302 0 5 1218 0 573 100 943 200 1342 300 559 400
1303 0 5 1456 0 1128 100 544 200 35 300 2 400
1304 0 5 1329 0 694 100 325 200 1279 300 815 400
1305 0 5 1134 0 69 100 528 200 321 300 1372 400
1306 0 5 315 0 70 100 899 200 585 300 89 400
1307 0 5 1486 0 1492 100 645 200 148 300 1352 400
1308 0 5 362 0 295 100 739 200 619 300 238 400
1309 0 5 1014 0 250 100 565 200 1160 300 580 400
1310 0 5 681 0 23 100 176 200 863 300 64 400
1311 0 5 63 0 709 100 1174 200 1010 300 329 400
1312 0 5 353 0 1318 100 595 200 534 300 876 400
1313 0 5 1087 0 1238 100 1418 200 471 300 742 400
1314 0 5 877 0 1054 100 740 200 702 300 1453 400
1315 0 5 621 0 894 100 530 200 960 300 882 400
1316 0 5 1284 0 156 100 1441 200 201 300 971 400
1317 0 5 117 0 1026 100 1000 200 158 300 828 400
1318 0 5 876 0 595 100 1312 200 123 300 293 400
1319 0 5 756 0 1101 100 1204 200 1182 300 196 400
1320 0 5 576 0 436 100 1406 200 1370 300 1371 400
1321 0 5 174 0 1297 100 83 200 1384 300 754 400
1322 0 5 1472 0 1043 100 1489 200 1435 300 1499 400
1323 0 5 66 0 240 100 1295 200 1210 300 302 400
1324 0 5 1381 0 316 100 1142 200 943 300 559 400
1325 0 5 1035 0 1133 100 756 200 114 300 556 400
1326 0 5 1400 0 1299 100 1405 200 70 300 50 400
1327 0 5 992 0 532 100 1176 200 732 300 397 400
1328 0 5 923 0 160 100 707 200 889 300 272 400
1329 0 5 1304 0 115 100 1279 200 325 300 815 400
1330 0 5 1208 0 1498 100 618 200 49 300 1197 400
1331 0 5 958 0 141 100 1407 200 1066 300 1467 400
1332 0 5 336 0 1267 100 1020 200 980 300 753 400
1333 0 5 1178 0 1041 100 1099 200 1022 300 999 400
1334 0 5 504 0 450 100 668 200 798 300 1335 400
1335 0 5 705 0 792 100 822 200 450 300 644 400
1336 0 5 1424 0 1418 100 980 200 345 300 1067 400
1337 0 5 1412 0 130 100 1469 200 1110 300 1153 400
1338 0 5 1046 0 377 100 732 200 1179 300 979 400
1339 0 5 1469 0 594 100 883 200 818 300 1291 400
1340 0 5 1196 0 398 100 482 200 539 300 1027 400
1341 0 5 755 0 993 100 812 200 952 300 311 400
1342 0 5 1054 0 277 100 702 200 573 300 1302 400
1343 0 5 420 0 1377 100 392 200 977 300 113 400
1344 0 5 1039 0 387 100 1481 200 667 300 442 400
1345 0 5 180 0 1455 100 758 200 709 300 1010 400
1346 0 5 461 0 426 100 1354 200 1151 300 1419 400
1347 0 5 236 0 1270 100 16 200 87 300 945 400
1348 0 5 359 0 290 100 863 200 1092 300 1310 400
1349 0 5 220 0 52 100 497 200 1414 300 1382 400
1350 0 5 69 0 396 100 1277 200 860 300 612 400
1351 0 5 982 0 21 100 429 200 783 300 1387 400
1352 0 5 1391 0 260 100 910 200 645 300 1307 400
1353 0 5 959 0 1243 100 1364 200 299 300 145 400
1354 0 5 404 0 426 100 1444 200 88 300 1346 400
1355 0 5 153 0 948 100 12 200 622 300 169 400
1356 0 5 594 0 234 100 1339 200 931 300 818 400
1357 0 5 768 0 650 100 506 200 1215 300 1422 400
1358 0 5 1158 0 335 100 159 200 1450 300 1378 400
1359 0 5 989 0 252 100 845 200 445 300 770 400
1360 0 5 715 0 1484 100 1189 200 961 300 188 400
1361 0 5 936 0 1390 100 1049 200 477 300 868 400
1362 0 5 485 0 938 100 1369 200 1225 300 752 400
1363 0 5 843 0 1497 100 699 200 1390 300 888 400
1364 0 5 1206 0 959 100 299 200 1353 300 871 400
1365 0 5 183 0 1202 100 861 200 275 300 627 400
1366 0 5 722 0 601 100 435 200 1003 300 1468 400
1367 0 5 358 0 1177 100 434 200 725 300 1146 400
1368 0 5 614 0 1149 100 1410 200 263 300 1276 400
1369 0 5 624 0 938 100 385 200 1362 300 887 400
1370 0 5 576 0 232 100 1181 200 1320 300 692 400
1371 0 5 1078 0 436 100 1181 200 576 300 866 400
1372 0 5 374 0 492 100 69 200 612 300 1350 400
1373 0 5 768 0 1024 100 452 200 1060 300 226 400
1374 0 5 90 0 202 100 889 200 342 300 1447 400
1375 0 5 1464 0 46 100 362 200 319 300 355 400
1376 0 5 89 0 1504 100 1505 200 1485 300 348 400
1377 0 5 777 0 1343 100 1482 200 420 300 113 400
1378 0 5 962 0 443 100 159 200 895 300 813 400
1379 0 5 1427 0 167 100 300 200 441 300 704 400
1380 0 5 977 0 82 100 113 200 388 300 81 400
1381 0 5 1324 0 943 100 277 200 1342 300 684 400
1382 0 5 757 0 52 100 1462 200 1349 300 579 400
1383 0 5 205 0 470 100 759 200 270 300 1462 400
1384 0 5 864 0 617 100 83 200 563 300 754 400
1385 0 5 991 0 1466 100 801 200 825 300 889 400
1386 0 5 1007 0 960 100 677 200 17 300 647 400
1387 0 5 808 0 774 100 21 200 1009 300 554 400
1388 0 5 564 0 490 100 79 200 154 300 32 400
1389 0 5 173 0 1394 100 629 200 1002 300 287 400
1390 0 5 560 0 477 100 1361 200 936 300 888 400
1391 0 5 1352 0 910 100 260 200 430 300 589 400
1392 0 5 1063 0 309 100 80 200 713 300 1168 400
1393 0 5 418 0 1235 100 221 200 140 300 1040 400
1394 0 5 370 0 1389 100 1055 200 1002 300 287 400
1395 0 5 987 0 454 100 276 200 1241 300 1129 400
1396 0 5 81 0 996 100 670 200 632 300 24 400
1397 0 5 903 0 754 100 1297 200 524 300 1222 400
1398 0 5 128 0 8 100 725 200 472 300 434 400
1399 0 5 1458 0 814 100 964 200 717 300 1247 400
1400 0 5 1326 0 949 100 738 200 1405 300 70 400
1401 0 5 519 0 743 100 454 200 411 300 570 400
1402 0 5 428 0 322 100 1519 200 1518 300 1403 400
1403 0 5 428 0 886 100 152 200 1402 300 824 400
1404 0 5 1421 0 326 100 332 200 103 300 1217 400
1405 0 5 688 0 433 100 1326 200 949 300 70 400
1406 0 5 436 0 293 100 866 200 1320 300 1371 400
1407 0 5 1066 0 41 100 1331 200 34 300 1027 400
1408 0 5 20 0 1283 100 421 200 778 300 1044 400
1409 0 5 1131 0 933 100 301 200 745 300 978 400
1410 0 5 45 0 1368 100 350 200 546 300 1276 400
1411 0 5 902 0 837 100 1073 200 342 300 718 400
1412 0 5 1337 0 283 100 1469 200 1110 300 883 400
1413 0 5 1470 0 779 100 281 200 597 300 1467 400
1414 0 5 52 0 497 100 1349 200 1272 300 1462 400
1415 0 5 1172 0 333 100 499 200 228 300 219 400
1416 0 5 372 0 851 100 951 200 453 300 1189 400
1417 0 5 62 0 278 100 563 200 141 300 1152 400
1418 0 5 1336 0 742 100 1067 200 1313 300 1238 400
1419 0 5 925 0 462 100 873 200 461 300 1276 400
1420 0 5 271 0 1099 100 1250 200 999 300 205 400
1421 0 5 1404 0 1209 100 117 200 819 300 828 400
1422 0 5 506 0 648 100 1215 200 1357 300 716 400
1423 0 5 73 0 1223 100 1476 200 445 300 812 400
1424 0 5 1336 0 345 100 753 200 980 300 1102 400
1425 0 5 107 0 1239 100 459 200 807 300 32 400
1426 0 5 1113 0 61 100 1442 200 566 300 689 400
1427 0 5 1379 0 441 100 1108 200 300 300 167 400
1428 0 5 497 0 883 100 1272 200 859 300 1349 400
1429 0 5 1213 0 1095 100 335 200 1450 300 425 400
1430 0 5 248 0 926 100 262 200 1448 300 918 400
1431 0 5 166 0 1150 100 50 200 1221 300 1159 400
1432 0 5 832 0 257 100 1129 200 118 300 545 400
1433 0 5 1298 0 161 100 667 200 1439 300 1242 400
1434 0 5 43 0 799 100 206 200 783 300 395 400
1435 0 5 175 0 1322 100 1200 200 1396 300 81 400
1436 0 5 1112 0 312 100 1301 200 675 300 913 400
1437 0 5 1091 0 898 100 257 200 518 300 109 400
1438 0 5 1460 0 662 100 1126 200 1389 300 213 400
1439 0 5 1242 0 788 100 741 200 491 300 1433 400
1440 0 5 967 0 1121 100 18 200 314 300 557 400
1441 0 5 156 0 1316 100 334 200 867 300 510 400
1442 0 5 1113 0 785 100 1426 200 127 300 689 400
1443 0 5 338 0 319 100 1464 200 1260 300 1375 400
1444 0 5 581 0 919 100 88 200 1354 300 302 400
1445 0 5 793 0 868 100 1049 200 56 300 936 400
1446 0 5 330 0 1168 100 763 200 10 300 186 400
1447 0 5 202 0 48 100 825 200 90 300 1374 400
1448 0 5 733 0 634 100 248 200 1430 300 1041 400
1449 0 5 1274 0 1451 100 878 200 77 300 1072 400
1450 0 5 895 0 335 100 1095 200 1429 300 1358 400
1451 0 5 1279 0 1449 100 571 200 770 300 1274 400
1452 0 5 955 0 406 100 1008 200 458 300 693 400
1453 0 5 1087 0 721 100 740 200 1314 300 850 400
1454 0 5 1130 0 1227 100 1259 200 500 300 384 400
1455 0 5 848 0 1345 100 410 200 180 300 979 400
1456 0 5 1303 0 2 100 86 200 35 300 544 400
1457 0 5 644 0 101 100 636 200 189 300 682 400
1458 0 5 1399 0 1118 100 717 200 945 300 616 400
1459 0 5 627 0 1202 100 629 200 177 300 1365 400
1460 0 5 1438 0 1104 100 662 200 1389 300 173 400
1461 0 5 214 0 800 100 723 200 1471 300 1499 400
1462 0 5 1272 0 96 100 1382 200 759 300 52 400
1463 0 5 105 0 92 100 135 200 856 300 831 400
1464 0 5 1375 0 362 100 295 200 319 300 1443 400
1465 0 5 1171 0 714 100 692 200 437 300 751 400
1466 0 5 280 0 1385 100 490 200 801 300 564 400
1467 0 5 41 0 465 100 1331 200 1413 300 34 400
1468 0 5 1158 0 535 100 722 200 435 300 335 400
1469 0 5 818 0 1339 100 1412 200 1337 300 283 400
1470 0 5 1253 0 1413 100 779 200 776 300 41 400
1471 0 5 371 0 723 100 1461 200 241 300 1472 400
1472 0 5 1322 0 214 100 1043 200 1471 300 800 400
1473 0 5 625 0 1236 100 791 200 1061 300 333 400
1474 0 5 569 0 48 100 825 200 1162 300 1447 400
1475 0 5 934 0 373 100 772 200 291 300 494 400
1476 0 5 143 0 311 100 1423 200 1223 300 755 400
1477 0 5 211 0 125 100 547 200 726 300 1300 400
1478 0 5 956 0 896 100 1083 200 590 300 529 400
1479 0 5 56 0 1187 100 660 200 1290 300 1030 400
1480 0 5 510 0 334 100 365 200 134 300 685 400
1481 0 5 442 0 1344 100 924 200 667 300 387 400
1482 0 5 833 0 265 100 615 200 1377 300 777 400
1483 0 5 119 0 657 100 1065 200 717 300 876 400
1484 0 5 131 0 514 100 188 200 715 300 95 400
1485 0 5 348 0 899 100 1376 200 89 300 1515 400
1486 0 5 1307 0 645 100 522 200 884 300 216 400
1487 0 5 185 0 516 100 646 200 1173 300 346 400
1488 0 5 7 0 513 100 555 200 1001 300 905 400
1489 0 5 308 0 1043 100 175 200 1322 300 414 400
1490 0 5 589 0 430 100 446 200 200 300 1391 400
1491 0 5 169 0 153 100 83 200 563 300 199 400
1492 0 5 148 0 36 100 1307 200 194 300 698 400
1493 0 5 239 0 730 100 135 200 26 300 809 400
1494 0 5 129 0 386 100 907 200 739 300 642 400
1495 0 5 64 0 861 100 1202 200 33 300 177 400
1496 0 5 671 0 1137 100 1318 200 866 300 1501 400
1497 0 5 890 0 288 100 1363 200 714 300 127 400
1498 0 5 1330 0 618 100 802 200 1208 300 1197 400
1499 0 5 1200 0 800 100 269 200 921 300 1435 400
1500 0 5 1228 0 77 100 1076 200 1082 300 878 400
1501 0 5 1137 0 680 100 866 200 954 300 897 400
1502 0 5 1150 0 50 100 1256 200 577 300 1222 400
1503 0 5 322 0 50 100 1256 200 577 300 141 400
1504 0 5 322 0 1376 100 1256 200 577 300 141 400
1505 0 5 1376 0 14 100 1256 200 577 300 1222 400
1506 0 5 14 0 764 100 1256 200 577 300 141 400
1507 0 5 764 0 769 100 1256 200 577 300 141 400
1508 0 5 769 0 1431 100 1256 200 577 300 141 400
1509 0 5 995 0 1431 100 1256 200 577 300 141 400
1510 0 5 995 0 885 100 1256 200 577 300 141 400
1511 0 5 885 0 1159 100 1256 200 577 300 141 400
1512 0 5 281 0 1159 100 1256 200 577 300 1222 400
1513 0 5 281 0 89 100 1256 200 577 300 1222 400
1514 0 5 89 0 1256 100 1485 200 577 300 1222 400
1515 0 5 348 0 1256 100 1485 200 577 300 1222 400
1516 0 5 31 0 348 100 1256 200 577 300 1222 400
1517 0 5 31 0 1256 100 577 200 1222 300 141 400
1518 0 5 1402 0 1256 100 577 200 1222 300 141 400
1519 0 5 1402 0 70 100 1256 200 577 300 1222 400
1520 0 5 456 0 70 100 1256 200 577 300 141 400
1521 0 5 456 0 62 100 1256 200 577 300 1222 400
1522 0 5 62 0 1256 100 577 200 1222 300 141 400
1523 0 5 1152 0 1256 100 577 200 1222 300 141 400
1524 0 5 1152 0 1221 100 1256 200 577 300 141 400
1525 0 5 958 0 1221 100 1256 200 577 300 1222 400
1526 0 5 736 0 958 100 1256 200 577 300 141 400
1527 0 5 736 0 1256 100 577 200 1222 300 141 400
1528 0 5 779 0 1256 100 577 200 141 300 1222 400
1529 0 5 597 0 779 100 1256 200 577 300 141 400
1530 0 5 1417 0 597 100 1256 200 577 300 141 400
1531 0 5 1417 0 1256 100 577 200 1222 300 141 400
1532 0 5 1256 0 577 100 166 200 141 300 1222 400
1533 0 5 278 0 1256 100 577 200 166 300 1222 400
1534 0 5 278 0 515 100 1256 200 577 300 141 400
1535 0 5 515 0 465 100 1256 200 577 300 141 400
1536 0 5 1413 0 465 100 1256 200 577 300 102 400
1537 0 5 864 0 1413 100 1256 200 577 300 102 400
1538 0 5 864 0 1331 100 1256 200 102 300 577 400
1539 0 5 747 0 1256 100 1331 200 577 300 1222 400
-1
EOF
