1540
1 0 5 781 0 397 100 416 200 713 300 1414 400
2 0 5 1423 0 213 100 289 200 396 300 1472 400
3 0 5 555 0 1323 100 120 200 862 300 198 400
4 0 5 7 0 1204 100 392 200 1222 300 1050 400
5 0 5 1327 0 941 100 750 200 360 300 741 400
6 0 5 183 0 138 100 298 200 604 300 1380 400
7 0 5 1050 0 4 100 1222 200 512 300 558 400
8 0 5 1044 0 106 100 417 200 392 300 682 400
9 0 5 171 0 1097 100 367 200 1278 300 1393 400
10 0 5 1461 0 665 100 978 200 1383 300 455 400
11 0 5 923 0 230 100 62 200 1406 300 685 400
12 0 5 637 0 309 100 838 200 320 300 828 400
13 0 5 719 0 1039 100 600 200 36 300 502 400
14 0 5 1156 0 285 100 232 200 401 300 1279 400
15 0 5 831 0 768 100 841 200 208 300 932 400
16 0 5 104 0 1095 100 999 200 1481 300 343 400
17 0 5 1172 0 289 100 1361 200 20 300 105 400
18 0 5 575 0 766 100 484 200 1037 300 986 400
19 0 5 281 0 599 100 431 200 483 300 872 400
20 0 5 656 0 1172 100 105 200 1447 300 17 400
21 0 5 35 0 121 100 610 200 1133 300 1240 400
22 0 5 821 0 539 100 1088 200 1309 300 1348 400
23 0 5 1056 0 769 100 235 200 288 300 1194 400
24 0 5 891 0 427 100 730 200 326 300 1260 400
25 0 5 88 0 789 100 889 200 145 300 722 400
26 0 5 1350 0 747 100 732 200 894 300 942 400
27 0 5 1075 0 307 100 908 200 485 300 56 400
28 0 5 1384 0 1393 100 1485 200 1479 300 163 400
29 0 5 147 0 454 100 1124 200 291 300 944 400
30 0 5 368 0 292 100 1147 200 786 300 859 400
31 0 5 797 0 643 100 554 200 1056 300 832 400
32 0 5 293 0 432 100 77 200 608 300 191 400
33 0 5 1188 0 1470 100 1415 200 410 300 420 400
34 0 5 472 0 639 100 535 200 1397 300 343 400
35 0 5 21 0 1225 100 934 200 610 300 1240 400
36 0 5 402 0 1039 100 225 200 1486 300 413 400
37 0 5 1202 0 824 100 1453 200 1352 300 671 400
38 0 5 782 0 144 100 1104 200 1030 300 1312 400
39 0 5 469 0 1070 100 282 200 681 300 385 400
40 0 5 1408 0 888 100 1232 200 696 300 1078 400
41 0 5 65 0 898 100 1477 200 1021 300 1242 400
42 0 5 1399 0 467 100 1162 200 895 300 493 400
43 0 5 311 0 352 100 415 200 1169 300 1312 400
44 0 5 571 0 1285 100 1478 200 1190 300 1006 400
45 0 5 180 0 583 100 1152 200 913 300 118 400
46 0 5 374 0 379 100 818 200 127 300 1053 400
47 0 5 63 0 73 100 715 200 228 300 1072 400
48 0 5 840 0 1353 100 970 200 815 300 863 400
49 0 5 447 0 244 100 93 200 258 300 290 400
50 0 5 934 0 177 100 1393 200 1225 300 1240 400
51 0 5 504 0 648 100 1313 200 1403 300 1007 400
52 0 5 718 0 169 100 587 200 806 300 1241 400
53 0 5 1484 0 690 100 511 200 1469 300 584 400
54 0 5 711 0 530 100 898 200 190 300 672 400
55 0 5 503 0 914 100 754 200 112 300 823 400
56 0 5 853 0 485 100 314 200 1452 300 477 400
57 0 5 1048 0 1178 100 946 200 505 300 1140 400
58 0 5 1147 0 859 100 861 200 1456 300 737 400
59 0 5 1292 0 806 100 473 200 907 300 1018 400
60 0 5 722 0 1367 100 340 200 461 300 1289 400
61 0 5 1210 0 1329 100 192 200 1468 300 1331 400
62 0 5 911 0 391 100 1336 200 11 300 685 400
63 0 5 47 0 228 100 1378 200 317 300 1451 400
64 0 5 152 0 1312 100 552 200 415 300 569 400
65 0 5 41 0 1242 100 1351 200 898 300 1477 400
66 0 5 624 0 1254 100 993 200 214 300 676 400
67 0 5 1042 0 1173 100 1138 200 842 300 1083 400
68 0 5 306 0 974 100 1137 200 311 300 330 400
69 0 5 630 0 1314 100 423 200 789 300 1222 400
70 0 5 1262 0 1366 100 196 200 931 300 795 400
71 0 5 580 0 1198 100 1197 200 789 300 630 400
72 0 5 689 0 935 100 810 200 792 300 1259 400
73 0 5 226 0 47 100 458 200 1378 300 1149 400
74 0 5 1491 0 200 100 436 200 566 300 1316 400
75 0 5 573 0 1034 100 146 200 245 300 664 400
76 0 5 1236 0 867 100 1255 200 686 300 903 400
77 0 5 706 0 634 100 32 200 286 300 432 400
78 0 5 1444 0 635 100 1356 200 870 300 556 400
79 0 5 1498 0 227 100 380 200 291 300 233 400
80 0 5 1018 0 1203 100 468 200 631 300 774 400
81 0 5 976 0 99 100 792 200 700 300 371 400
82 0 5 734 0 1065 100 1419 200 1158 300 1381 400
83 0 5 1373 0 1506 100 1507 200 1171 300 397 400
84 0 5 1382 0 436 100 742 200 1491 300 566 400
85 0 5 182 0 1197 100 1198 200 943 300 786 400
86 0 5 741 0 983 100 802 200 139 300 543 400
87 0 5 1250 0 523 100 346 200 1212 300 1385 400
88 0 5 25 0 145 100 1246 200 722 300 789 400
89 0 5 326 0 1198 100 580 200 292 300 1247 400
90 0 5 1177 0 516 100 1380 200 480 300 921 400
91 0 5 1276 0 1100 100 542 200 845 300 979 400
92 0 5 1480 0 301 100 531 200 843 300 1233 400
93 0 5 1191 0 49 100 598 200 244 300 290 400
94 0 5 860 0 705 100 170 200 297 300 231 400
95 0 5 777 0 1427 100 1237 200 663 300 407 400
96 0 5 1165 0 992 100 1425 200 742 300 961 400
97 0 5 513 0 765 100 1459 200 480 300 579 400
98 0 5 1282 0 641 100 1105 200 1183 300 346 400
99 0 5 1487 0 700 100 81 200 357 300 1017 400
100 0 5 607 0 743 100 139 200 448 300 949 400
101 0 5 1393 0 1097 100 28 200 1384 300 9 400
102 0 5 1390 0 1126 100 704 200 1403 300 1007 400
103 0 5 608 0 293 100 1269 200 693 300 32 400
104 0 5 16 0 576 100 1481 200 669 300 305 400
105 0 5 822 0 1447 100 20 200 17 300 794 400
106 0 5 1457 0 8 100 417 200 1044 300 854 400
107 0 5 679 0 1148 100 1081 200 896 300 38 400
108 0 5 1016 0 1062 100 1306 200 551 300 759 400
109 0 5 275 0 757 100 670 200 236 300 692 400
110 0 5 456 0 1334 100 902 200 1333 300 602 400
111 0 5 1084 0 1255 100 874 200 1321 300 429 400
112 0 5 125 0 1273 100 1100 200 914 300 1349 400
113 0 5 845 0 124 100 1518 200 1517 300 397 400
114 0 5 1231 0 813 100 442 200 131 300 1214 400
115 0 5 149 0 658 100 676 200 271 300 404 400
116 0 5 561 0 1129 100 1298 200 773 300 1082 400
117 0 5 756 0 462 100 1236 200 867 300 1161 400
118 0 5 1345 0 604 100 173 200 583 300 180 400
119 0 5 271 0 1078 100 888 200 246 300 850 400
120 0 5 997 0 3 100 1323 200 555 300 862 400
121 0 5 460 0 21 100 1133 200 724 300 333 400
122 0 5 1339 0 598 100 1322 200 666 300 1297 400
123 0 5 668 0 883 100 556 200 669 300 450 400
124 0 5 297 0 113 100 397 200 1516 300 1517 400
125 0 5 112 0 418 100 542 200 91 300 1100 400
126 0 5 253 0 1301 100 1299 200 1076 300 1079 400
127 0 5 1053 0 46 100 266 200 379 300 818 400
128 0 5 773 0 538 100 567 200 1166 300 1442 400
129 0 5 731 0 207 100 348 200 725 300 1072 400
130 0 5 1247 0 561 100 891 200 1260 300 326 400
131 0 5 813 0 345 100 114 200 274 300 442 400
132 0 5 662 0 872 100 450 200 883 300 452 400
133 0 5 1074 0 449 100 494 200 332 300 593 400
134 0 5 225 0 582 100 1325 200 1465 300 1215 400
135 0 5 261 0 804 100 1465 200 1168 300 1093 400
136 0 5 1001 0 485 100 307 200 263 300 748 400
137 0 5 1442 0 812 100 1339 200 589 300 1322 400
138 0 5 6 0 1152 100 183 200 298 300 180 400
139 0 5 448 0 1327 100 100 200 86 300 741 400
140 0 5 524 0 270 100 912 200 369 300 1101 400
141 0 5 1280 0 1144 100 1205 200 787 300 1337 400
142 0 5 822 0 794 100 1361 200 17 300 1447 400
143 0 5 538 0 405 100 1166 200 423 300 128 400
144 0 5 563 0 782 100 38 200 152 300 1312 400
145 0 5 340 0 88 100 1246 200 722 300 892 400
146 0 5 245 0 1509 100 1508 200 591 300 83 400
147 0 5 944 0 29 100 454 200 1124 300 229 400
148 0 5 720 0 799 100 243 200 968 300 658 400
149 0 5 115 0 658 100 799 200 676 300 1067 400
150 0 5 1117 0 1229 100 1208 200 559 300 155 400
151 0 5 751 0 1000 100 1205 200 1383 300 457 400
152 0 5 64 0 563 100 1312 200 144 300 552 400
153 0 5 1158 0 980 100 1433 200 1028 300 1381 400
154 0 5 487 0 546 100 1499 200 188 300 264 400
155 0 5 1184 0 1117 100 528 200 1051 300 150 400
156 0 5 1469 0 1445 100 1455 200 215 300 584 400
157 0 5 1092 0 186 100 1119 200 1265 300 1000 400
158 0 5 556 0 628 100 883 200 337 300 123 400
159 0 5 303 0 868 100 1065 200 197 300 205 400
160 0 5 654 0 1433 100 980 200 277 300 153 400
161 0 5 687 0 1454 100 1131 200 141 300 1144 400
162 0 5 385 0 435 100 596 200 1070 300 681 400
163 0 5 1485 0 492 100 1479 200 28 300 1384 400
164 0 5 1153 0 377 100 1216 200 304 300 1057 400
165 0 5 1021 0 562 100 502 200 335 300 776 400
166 0 5 1107 0 349 100 1226 200 763 300 1225 400
167 0 5 258 0 736 100 1017 200 890 300 1123 400
168 0 5 1396 0 464 100 370 200 408 300 230 400
169 0 5 473 0 52 100 1241 200 806 300 718 400
170 0 5 1212 0 231 100 346 200 94 300 705 400
171 0 5 9 0 1226 100 367 200 349 300 1097 400
172 0 5 219 0 549 100 993 200 530 300 971 400
173 0 5 1177 0 1058 100 118 200 267 300 1345 400
174 0 5 1290 0 935 100 986 200 1180 300 72 400
175 0 5 701 0 835 100 1143 200 1474 300 728 400
176 0 5 901 0 204 100 574 200 593 300 312 400
177 0 5 50 0 1226 100 1393 200 1225 300 166 400
178 0 5 852 0 723 100 1118 200 1384 300 1332 400
179 0 5 1099 0 1033 100 507 200 324 300 1217 400
180 0 5 45 0 1152 100 583 200 118 300 138 400
181 0 5 378 0 1230 100 434 200 475 300 1094 400
182 0 5 85 0 889 100 943 200 1197 300 892 400
183 0 5 6 0 611 100 138 200 1380 300 341 400
184 0 5 479 0 1337 100 490 200 141 300 501 400
185 0 5 849 0 791 100 1341 200 942 300 902 400
186 0 5 157 0 653 100 302 200 300 300 1283 400
187 0 5 1476 0 1080 100 420 200 962 300 767 400
188 0 5 1300 0 959 100 264 200 213 300 975 400
189 0 5 817 0 1064 100 422 200 942 300 198 400
190 0 5 672 0 1351 100 993 200 530 300 1242 400
191 0 5 740 0 1311 100 459 200 32 300 293 400
192 0 5 220 0 481 100 61 200 1210 300 918 400
193 0 5 926 0 966 100 1122 200 664 300 1337 400
194 0 5 543 0 498 100 741 200 86 300 448 400
195 0 5 1490 0 687 100 1454 200 457 300 751 400
196 0 5 931 0 70 100 1127 200 1366 300 287 400
197 0 5 734 0 1381 100 1291 200 303 300 159 400
198 0 5 555 0 817 100 189 200 862 300 3 400
199 0 5 1412 0 1031 100 943 200 1008 300 889 400
200 0 5 74 0 620 100 566 200 1491 300 84 400
201 0 5 357 0 531 100 1303 200 1487 300 613 400
202 0 5 1507 0 1508 100 781 200 1268 300 713 400
203 0 5 363 0 1200 100 936 200 1046 300 771 400
204 0 5 176 0 901 100 593 200 1342 300 840 400
205 0 5 1023 0 1227 100 1224 200 868 300 1091 400
206 0 5 1223 0 902 100 1441 200 1333 300 110 400
207 0 5 731 0 947 100 129 200 348 300 1072 400
208 0 5 899 0 338 100 15 200 768 300 775 400
209 0 5 1415 0 420 100 1080 200 767 300 1220 400
210 0 5 697 0 369 100 459 200 634 300 1066 400
211 0 5 323 0 1377 100 1120 200 444 300 1012 400
212 0 5 674 0 655 100 733 200 1125 300 686 400
213 0 5 959 0 396 100 2 200 188 300 1300 400
214 0 5 1067 0 278 100 624 200 66 300 993 400
215 0 5 461 0 927 100 156 200 1445 300 1367 400
216 0 5 222 0 470 100 1176 200 1360 300 383 400
217 0 5 880 0 376 100 1026 200 996 300 1029 400
218 0 5 399 0 900 100 1010 200 221 300 486 400
219 0 5 172 0 549 100 491 200 1392 300 530 400
220 0 5 192 0 1473 100 780 200 488 300 918 400
221 0 5 1208 0 900 100 218 200 399 300 482 400
222 0 5 383 0 216 100 1176 200 1360 300 470 400
223 0 5 742 0 612 100 436 200 96 300 84 400
224 0 5 322 0 407 100 707 200 551 300 1003 400
225 0 5 134 0 402 100 36 200 798 300 470 400
226 0 5 73 0 504 100 1313 200 947 300 331 400
227 0 5 291 0 79 100 233 200 1217 300 1498 400
228 0 5 63 0 446 100 715 200 1451 300 1443 400
229 0 5 1274 0 944 100 660 200 1459 300 147 400
230 0 5 1396 0 11 100 408 200 923 300 1387 400
231 0 5 346 0 170 100 1267 200 641 300 705 400
232 0 5 1156 0 765 100 14 200 1326 300 97 400
233 0 5 324 0 1498 100 227 200 79 300 1099 400
234 0 5 389 0 930 100 1377 200 1169 300 1015 400
235 0 5 769 0 23 100 726 200 620 300 680 400
236 0 5 1087 0 284 100 846 200 109 300 273 400
237 0 5 1463 0 547 100 1482 200 569 300 915 400
238 0 5 730 0 859 100 1096 200 752 300 1456 400
239 0 5 384 0 1013 100 855 200 586 300 442 400
240 0 5 325 0 919 100 1448 200 762 300 998 400
241 0 5 1488 0 1385 100 866 200 573 300 283 400
242 0 5 580 0 625 100 1247 200 89 300 1166 400
243 0 5 968 0 683 100 148 200 1006 300 811 400
244 0 5 290 0 49 100 258 200 93 300 784 400
245 0 5 1034 0 268 100 146 200 591 300 664 400
246 0 5 1379 0 1020 100 1078 200 271 300 119 400
247 0 5 533 0 1207 100 356 200 336 300 1050 400
248 0 5 1347 0 1256 100 989 200 1291 300 471 400
249 0 5 991 0 359 100 498 200 1162 300 1120 400
250 0 5 1404 0 412 100 605 200 353 300 695 400
251 0 5 969 0 1413 100 433 200 1324 300 690 400
252 0 5 592 0 1089 100 1112 200 833 300 820 400
253 0 5 714 0 1079 100 126 200 1299 300 1076 400
254 0 5 444 0 438 100 1266 200 1030 300 1012 400
255 0 5 1338 0 956 100 1458 200 585 300 1040 400
256 0 5 1464 0 1163 100 379 200 1053 300 365 400
257 0 5 1139 0 1372 100 1111 200 1133 300 294 400
258 0 5 167 0 244 100 1123 200 890 300 290 400
259 0 5 1411 0 1186 100 269 200 515 300 1016 400
260 0 5 1285 0 1392 100 219 200 491 300 1478 400
261 0 5 135 0 382 100 1168 200 1465 300 804 400
262 0 5 332 0 585 100 494 200 449 300 403 400
263 0 5 816 0 1334 100 1452 200 681 300 1333 400
264 0 5 546 0 975 100 188 200 154 300 703 400
265 0 5 890 0 1466 100 699 200 1123 300 933 400
266 0 5 1284 0 425 100 1047 200 238 300 127 400
267 0 5 509 0 1058 100 760 200 1345 300 318 400
268 0 5 591 0 245 100 664 200 966 300 146 400
269 0 5 1411 0 515 100 972 200 526 300 259 400
270 0 5 140 0 1435 100 369 200 1211 300 912 400
271 0 5 119 0 246 100 115 200 676 300 677 400
272 0 5 785 0 962 100 1220 200 486 300 739 400
273 0 5 284 0 347 100 236 200 518 300 406 400
274 0 5 1002 0 1195 100 813 200 131 300 345 400
275 0 5 692 0 109 100 757 200 670 300 1390 400
276 0 5 400 0 315 100 1320 200 1174 300 1440 400
277 0 5 520 0 315 100 1440 200 1317 300 160 400
278 0 5 738 0 214 100 1067 200 549 300 491 400
279 0 5 689 0 843 100 1180 200 1259 300 810 400
280 0 5 1203 0 967 100 774 200 1184 300 1055 400
281 0 5 19 0 483 100 1149 200 885 300 599 400
282 0 5 1245 0 1070 100 39 200 1453 300 435 400
283 0 5 1385 0 1201 100 1061 200 573 300 1025 400
284 0 5 273 0 236 100 1087 200 1359 300 406 400
285 0 5 1134 0 14 100 765 200 1335 300 299 400
286 0 5 545 0 1270 100 557 200 77 300 606 400
287 0 5 931 0 1428 100 1366 200 1127 300 196 400
288 0 5 769 0 313 100 1194 200 23 300 1106 400
289 0 5 1423 0 17 100 2 200 506 300 1361 400
290 0 5 244 0 784 100 258 200 93 300 598 400
291 0 5 227 0 519 100 380 200 79 300 454 400
292 0 5 786 0 30 100 730 200 1147 300 89 400
293 0 5 1311 0 103 100 32 200 608 300 191 400
294 0 5 1111 0 1479 100 1426 200 492 300 541 400
295 0 5 1180 0 1450 100 484 200 935 300 801 400
296 0 5 844 0 535 100 475 200 343 300 16 400
297 0 5 124 0 860 100 1276 200 113 300 1388 400
298 0 5 604 0 1380 100 6 200 1177 300 138 400
299 0 5 735 0 1335 100 950 200 285 300 1459 400
300 0 5 653 0 884 100 1386 200 186 300 302 400
301 0 5 92 0 746 100 1233 200 843 300 531 400
302 0 5 568 0 186 100 300 200 1386 300 1058 400
303 0 5 159 0 1224 100 642 200 197 300 205 400
304 0 5 1416 0 1279 100 1326 200 164 300 875 400
305 0 5 576 0 626 100 104 200 482 300 1481 400
306 0 5 68 0 1137 100 1293 200 1169 300 1128 400
307 0 5 27 0 1127 100 957 200 1075 300 136 400
308 0 5 1277 0 394 100 1395 200 1167 300 217 400
309 0 5 838 0 12 100 565 200 949 300 389 400
310 0 5 1035 0 1278 100 1136 200 1060 300 349 400
311 0 5 675 0 43 100 415 200 68 300 488 400
312 0 5 1342 0 807 100 574 200 204 300 1431 400
313 0 5 393 0 288 100 952 200 1425 300 1106 400
314 0 5 1452 0 853 100 779 200 477 300 56 400
315 0 5 276 0 980 100 277 200 1440 300 160 400
316 0 5 544 0 990 100 1261 200 497 300 709 400
317 0 5 1378 0 1451 100 483 200 63 300 228 400
318 0 5 760 0 1461 100 1119 200 267 300 509 400
319 0 5 919 0 698 100 127 200 240 300 266 400
320 0 5 353 0 838 100 1199 200 704 300 12 400
321 0 5 618 0 829 100 380 200 1124 300 440 400
322 0 5 224 0 551 100 647 200 1306 300 407 400
323 0 5 1120 0 991 100 1377 200 211 300 444 400
324 0 5 233 0 1217 100 179 200 445 300 1498 400
325 0 5 240 0 861 100 1456 200 998 300 752 400
326 0 5 89 0 1247 100 891 200 24 300 130 400
327 0 5 1291 0 642 100 1347 200 303 300 989 400
328 0 5 1249 0 414 100 940 200 1436 300 1376 400
329 0 5 739 0 1424 100 1130 200 962 300 885 400
330 0 5 1128 0 767 100 974 200 753 300 68 400
331 0 5 605 0 1313 100 412 200 226 300 504 400
332 0 5 262 0 1040 100 494 200 133 300 449 400
333 0 5 536 0 460 100 808 200 428 300 121 400
334 0 5 596 0 435 100 1073 200 1056 300 1194 400
335 0 5 873 0 898 100 1021 200 502 300 165 400
336 0 5 1153 0 937 100 247 200 1207 300 1216 400
337 0 5 628 0 909 100 452 200 599 300 855 400
338 0 5 768 0 208 100 775 200 899 300 15 400
339 0 5 1140 0 1101 100 1081 200 524 300 1148 400
340 0 5 145 0 722 100 1367 200 60 300 892 400
341 0 5 1340 0 1086 100 611 200 377 300 632 400
342 0 5 796 0 1322 100 707 200 1159 300 1475 400
343 0 5 535 0 1095 100 691 200 16 300 296 400
344 0 5 1493 0 372 100 721 200 761 300 729 400
345 0 5 131 0 869 100 651 200 496 300 274 400
346 0 5 231 0 1183 100 641 200 87 300 170 400
347 0 5 518 0 692 100 273 200 1126 300 109 400
348 0 5 670 0 207 100 947 200 129 300 846 400
349 0 5 166 0 1226 100 367 200 1136 300 1107 400
350 0 5 1243 0 603 100 709 200 915 300 1482 400
351 0 5 597 0 1159 100 1151 200 551 300 1059 400
352 0 5 930 0 1500 100 1355 200 43 300 1169 400
353 0 5 320 0 412 100 1403 200 704 300 825 400
354 0 5 1160 0 1170 100 1496 200 1112 300 783 400
355 0 5 1472 0 1108 100 1238 200 1167 300 395 400
356 0 5 1050 0 826 100 512 200 1207 300 247 400
357 0 5 201 0 527 100 1303 200 1487 300 1466 400
358 0 5 835 0 646 100 1443 200 1495 300 1474 400
359 0 5 249 0 991 100 498 200 607 300 1377 400
360 0 5 1446 0 802 100 550 200 5 300 1145 400
361 0 5 1462 0 963 100 703 200 1321 300 733 400
362 0 5 1358 0 1287 100 981 200 1045 300 644 400
363 0 5 203 0 936 100 1200 200 992 300 1165 400
364 0 5 1307 0 1318 100 895 200 887 300 42 400
365 0 5 534 0 716 100 1464 200 379 300 374 400
366 0 5 1354 0 716 100 1255 200 678 300 1365 400
367 0 5 1278 0 1136 100 171 200 9 300 349 400
368 0 5 30 0 1031 100 1147 200 943 300 1054 400
369 0 5 270 0 210 100 1014 200 140 300 1211 400
370 0 5 590 0 464 100 168 200 1228 300 11 400
371 0 5 1319 0 1017 100 745 200 81 300 357 400
372 0 5 344 0 985 100 1493 200 721 300 761 400
373 0 5 395 0 1238 100 394 200 1108 300 1167 400
374 0 5 46 0 716 100 1161 200 379 300 365 400
375 0 5 443 0 912 100 894 200 553 300 865 400
376 0 5 880 0 1029 100 217 200 996 300 1436 400
377 0 5 1086 0 878 100 164 200 1294 300 579 400
378 0 5 181 0 772 100 1094 200 1230 300 1420 400
379 0 5 1053 0 46 100 256 200 365 300 374 400
380 0 5 519 0 79 100 291 200 474 300 321 400
381 0 5 1419 0 1065 100 868 200 82 300 159 400
382 0 5 261 0 500 100 1168 200 1430 300 1088 400
383 0 5 222 0 1438 100 1176 200 1360 300 216 400
384 0 5 239 0 496 100 1013 200 586 300 442 400
385 0 5 162 0 1070 100 681 200 39 300 435 400
386 0 5 1171 0 1061 100 124 200 1212 300 1520 400
387 0 5 1240 0 1393 100 294 200 1111 300 177 400
388 0 5 749 0 1054 100 1489 200 1483 300 545 400
389 0 5 234 0 607 100 1169 200 1137 300 838 400
390 0 5 792 0 700 100 1480 200 810 300 1259 400
391 0 5 1114 0 62 100 911 200 1336 300 583 400
392 0 5 1044 0 4 100 8 200 7 300 1204 400
393 0 5 313 0 1425 100 952 200 830 300 961 400
394 0 5 308 0 1167 100 1395 200 373 300 1238 400
395 0 5 373 0 1108 100 1238 200 355 300 394 400
396 0 5 577 0 1343 100 213 200 2 300 1027 400
397 0 5 1171 0 1502 100 1 200 124 300 113 400
398 0 5 547 0 732 100 865 200 375 300 782 400
399 0 5 482 0 218 100 221 200 1010 300 626 400
400 0 5 276 0 1440 100 1317 200 1174 300 315 400
401 0 5 1439 0 1279 100 14 200 285 300 945 400
402 0 5 798 0 36 100 225 200 413 300 1360 400
403 0 5 954 0 1344 100 585 200 449 300 466 400
404 0 5 536 0 808 100 658 200 790 300 115 400
405 0 5 423 0 143 100 625 200 1166 300 812 400
406 0 5 1437 0 790 100 808 200 677 300 460 400
407 0 5 647 0 224 100 1003 200 322 300 871 400
408 0 5 1264 0 230 100 1387 200 453 300 168 400
409 0 5 882 0 501 100 411 200 614 300 951 400
410 0 5 441 0 675 100 33 200 1470 300 974 400
411 0 5 1116 0 775 100 1005 200 882 300 409 400
412 0 5 1403 0 353 100 250 200 1404 300 331 400
413 0 5 1360 0 798 100 1438 200 36 300 1486 400
414 0 5 328 0 940 100 1376 200 1436 300 996 400
415 0 5 780 0 43 100 311 200 675 300 488 400
416 0 5 690 0 1414 100 1257 200 590 300 929 400
417 0 5 682 0 937 100 106 200 8 300 522 400
418 0 5 125 0 827 100 542 200 1273 300 1028 400
419 0 5 1014 0 1441 100 748 200 652 300 916 400
420 0 5 753 0 209 100 187 200 1080 300 1415 400
421 0 5 1362 0 886 100 1364 200 1219 300 893 400
422 0 5 1064 0 508 100 938 200 189 300 1467 400
423 0 5 405 0 1314 100 630 200 69 300 625 400
424 0 5 570 0 955 100 1401 200 1310 300 1399 400
425 0 5 1275 0 1047 100 266 200 1041 300 1096 400
426 0 5 1054 0 737 100 1281 200 861 300 998 400
427 0 5 1260 0 24 100 730 200 238 300 1096 400
428 0 5 1497 0 1368 100 536 200 333 300 658 400
429 0 5 1321 0 1253 100 657 200 111 300 778 400
430 0 5 612 0 992 100 996 200 1395 300 96 400
431 0 5 909 0 1451 100 855 200 19 300 483 400
432 0 5 608 0 606 100 32 200 702 300 293 400
433 0 5 645 0 1413 100 251 200 1484 300 619 400
434 0 5 517 0 650 100 181 200 844 300 1230 400
435 0 5 162 0 334 100 282 200 596 300 832 400
436 0 5 1316 0 74 100 84 200 223 300 742 400
437 0 5 673 0 660 100 513 200 1274 300 97 400
438 0 5 1308 0 1012 100 254 200 1030 300 444 400
439 0 5 594 0 1381 100 1028 200 418 300 827 400
440 0 5 819 0 618 100 829 200 801 300 1049 400
441 0 5 1470 0 410 100 675 200 488 300 918 400
442 0 5 728 0 114 100 1231 200 1214 300 586 400
443 0 5 375 0 894 100 856 200 1341 300 912 400
444 0 5 1266 0 211 100 254 200 1012 300 1377 400
445 0 5 1386 0 921 100 1274 200 1217 300 507 400
446 0 5 1474 0 1451 100 228 200 1443 300 835 400
447 0 5 49 0 1193 100 258 200 1123 300 244 400
448 0 5 139 0 741 100 743 200 949 300 1327 400
449 0 5 494 0 133 100 593 200 585 300 403 400
450 0 5 662 0 616 100 883 200 132 300 669 400
451 0 5 1229 0 633 100 1370 200 489 300 559 400
452 0 5 599 0 872 100 628 200 337 300 883 400
453 0 5 965 0 1455 100 1264 200 667 300 511 400
454 0 5 29 0 474 100 1124 200 291 300 147 400
455 0 5 978 0 1265 100 1383 200 10 300 1000 400
456 0 5 1272 0 1334 100 110 200 602 300 469 400
457 0 5 1490 0 1346 100 1000 200 1363 300 1265 400
458 0 5 1130 0 73 100 885 200 1424 300 1149 400
459 0 5 1311 0 652 100 191 200 210 300 293 400
460 0 5 121 0 333 100 808 200 406 300 428 400
461 0 5 1367 0 215 100 1455 200 60 300 156 400
462 0 5 117 0 1189 100 756 200 1236 300 818 400
463 0 5 973 0 1060 100 1136 200 1256 300 471 400
464 0 5 1228 0 168 100 370 200 1396 300 590 400
465 0 5 904 0 1126 100 704 200 717 300 102 400
466 0 5 1458 0 824 100 403 200 671 300 585 400
467 0 5 1162 0 493 100 42 200 895 300 1399 400
468 0 5 631 0 1292 100 907 200 80 300 1018 400
469 0 5 39 0 602 100 649 200 681 300 1272 400
470 0 5 216 0 1325 100 1360 200 529 300 798 400
471 0 5 1256 0 1060 100 989 200 463 300 248 400
472 0 5 1052 0 34 100 639 200 844 300 535 400
473 0 5 169 0 1241 100 59 200 806 300 807 400
474 0 5 1124 0 454 100 519 200 380 300 291 400
475 0 5 844 0 1094 100 296 200 181 300 378 400
476 0 5 1011 0 995 100 560 200 1483 300 985 400
477 0 5 779 0 853 100 314 200 621 300 56 400
478 0 5 896 0 1140 100 1030 200 1048 300 946 400
479 0 5 184 0 490 100 939 200 1337 300 977 400
480 0 5 1071 0 90 100 516 200 97 300 1380 400
481 0 5 489 0 192 100 918 200 220 300 1210 400
482 0 5 399 0 626 100 305 200 616 300 218 400
483 0 5 281 0 317 100 1378 200 1149 300 1451 400
484 0 5 819 0 1049 100 1450 200 801 300 295 400
485 0 5 56 0 136 100 1452 200 853 300 27 400
486 0 5 1220 0 900 100 785 200 1010 300 272 400
487 0 5 154 0 1499 100 928 200 814 300 499 400
488 0 5 780 0 675 100 441 200 918 300 415 400
489 0 5 481 0 1370 100 918 200 633 300 1210 400
490 0 5 1337 0 1122 100 939 200 479 300 977 400
491 0 5 1392 0 549 100 219 200 1190 300 738 400
492 0 5 163 0 1364 100 1479 200 1362 300 294 400
493 0 5 564 0 1162 100 467 200 1266 300 1494 400
494 0 5 449 0 332 100 133 200 262 300 585 400
495 0 5 1066 0 1310 100 524 200 1140 300 1178 400
496 0 5 869 0 384 100 857 200 651 300 345 400
497 0 5 997 0 544 100 990 200 316 300 120 400
498 0 5 543 0 887 100 1162 200 359 300 194 400
499 0 5 1499 0 928 100 1045 200 644 300 362 400
500 0 5 1430 0 382 100 1168 200 1088 300 135 400
501 0 5 951 0 1375 100 409 200 1116 300 929 400
502 0 5 1486 0 165 100 335 200 1021 300 873 400
503 0 5 55 0 823 100 1252 200 1273 300 112 400
504 0 5 51 0 1429 100 1313 200 226 300 331 400
505 0 5 1135 0 1178 100 570 200 57 300 1399 400
506 0 5 1423 0 795 100 289 200 17 300 1172 400
507 0 5 884 0 910 100 179 200 1033 300 1386 400
508 0 5 938 0 422 100 1467 200 1449 300 1064 400
509 0 5 267 0 841 100 831 200 911 300 1345 400
510 0 5 632 0 1004 100 1357 200 341 300 1410 400
511 0 5 1469 0 1387 100 584 200 53 300 1455 400
512 0 5 558 0 826 100 356 200 1050 300 710 400
513 0 5 660 0 97 100 437 200 1459 300 229 400
514 0 5 1254 0 672 100 993 200 190 300 676 400
515 0 5 526 0 269 100 972 200 1253 300 657 400
516 0 5 673 0 90 100 921 200 480 300 1274 400
517 0 5 1083 0 434 100 67 200 1138 300 181 400
518 0 5 347 0 1369 100 273 200 1372 300 541 400
519 0 5 380 0 291 100 474 200 79 300 454 400
520 0 5 615 0 277 100 1317 200 1440 300 979 400
521 0 5 1376 0 1436 100 996 200 1029 300 880 400
522 0 5 537 0 1471 100 1457 200 937 300 613 400
523 0 5 866 0 87 100 1488 200 346 300 1212 400
524 0 5 140 0 1101 100 1066 200 339 300 912 400
525 0 5 1465 0 712 100 804 200 1093 300 1032 400
526 0 5 515 0 269 100 759 200 1253 300 972 400
527 0 5 1303 0 1466 100 357 200 1457 300 1407 400
528 0 5 1051 0 155 100 984 200 1117 300 1184 400
529 0 5 1032 0 470 100 1325 200 1176 300 1093 400
530 0 5 971 0 54 100 190 200 172 300 993 400
531 0 5 1206 0 201 100 922 200 708 300 613 400
532 0 5 1489 0 706 100 545 200 1401 300 985 400
533 0 5 247 0 682 100 937 200 336 300 1207 400
534 0 5 365 0 1464 100 716 200 1405 300 1365 400
535 0 5 343 0 296 100 34 200 1397 300 1095 400
536 0 5 404 0 333 100 428 200 808 300 460 400
537 0 5 922 0 1471 100 522 200 613 300 945 400
538 0 5 143 0 812 100 128 200 1166 300 1442 400
539 0 5 22 0 1309 100 1348 200 1032 300 1088 400
540 0 5 924 0 1187 100 1434 200 1267 300 858 400
541 0 5 1372 0 1369 100 1426 200 893 300 294 400
542 0 5 979 0 1028 100 91 200 1100 300 125 400
543 0 5 983 0 741 100 194 200 498 300 887 400
544 0 5 316 0 497 100 997 200 1261 300 1496 400
545 0 5 286 0 1270 100 532 200 1489 300 706 400
546 0 5 264 0 154 100 975 200 703 300 188 400
547 0 5 398 0 237 100 732 200 1350 300 569 400
548 0 5 680 0 629 100 726 200 235 300 620 400
549 0 5 172 0 219 100 491 200 214 300 66 400
550 0 5 1219 0 1113 100 1145 200 360 300 1362 400
551 0 5 322 0 1059 100 1062 200 1150 300 224 400
552 0 5 569 0 152 100 64 200 563 300 1312 400
553 0 5 1081 0 865 100 375 200 1148 300 1101 400
554 0 5 1022 0 800 100 797 200 832 300 31 400
555 0 5 198 0 3 100 862 200 120 300 1323 400
556 0 5 158 0 123 100 1009 200 883 300 1444 400
557 0 5 702 0 1270 100 286 200 1281 300 545 400
558 0 5 512 0 623 100 1146 200 803 300 7 400
559 0 5 1188 0 1370 100 633 200 1208 300 150 400
560 0 5 761 0 985 100 476 200 995 300 372 400
561 0 5 116 0 130 100 773 200 128 300 1247 400
562 0 5 906 0 165 100 1417 200 776 300 502 400
563 0 5 144 0 152 100 552 200 782 300 38 400
564 0 5 1266 0 493 100 1162 200 1120 300 444 400
565 0 5 309 0 1137 100 949 200 607 300 743 400
566 0 5 1382 0 1491 100 84 200 200 300 436 400
567 0 5 1159 0 128 100 1442 200 1151 300 342 400
568 0 5 921 0 302 100 1177 200 516 300 90 400
569 0 5 552 0 1243 100 1482 200 237 300 350 400
570 0 5 424 0 1401 100 955 200 505 300 1310 400
571 0 5 44 0 1478 100 868 200 1091 300 1006 400
572 0 5 694 0 1418 100 1138 200 821 300 1309 400
573 0 5 75 0 241 100 664 200 1034 300 876 400
574 0 5 807 0 312 100 176 200 204 300 901 400
575 0 5 986 0 18 100 1296 200 766 300 881 400
576 0 5 305 0 626 100 104 200 669 300 616 400
577 0 5 795 0 396 100 1343 200 506 300 1262 400
578 0 5 1077 0 1252 100 1035 200 581 300 781 400
579 0 5 1071 0 1057 100 636 200 97 300 377 400
580 0 5 71 0 242 100 89 200 625 300 1198 400
581 0 5 1252 0 1510 100 1509 200 578 300 1077 400
582 0 5 1215 0 134 100 225 200 1325 300 1465 400
583 0 5 45 0 1114 100 913 200 180 300 118 400
584 0 5 1324 0 839 100 511 200 156 300 53 400
585 0 5 262 0 403 100 1458 200 449 300 255 400
586 0 5 701 0 855 100 728 200 239 300 442 400
587 0 5 718 0 833 100 52 200 820 300 806 400
588 0 5 1276 0 1388 100 297 200 91 300 1085 400
589 0 5 812 0 1314 100 1204 200 1218 300 137 400
590 0 5 1228 0 1414 100 370 200 464 300 690 400
591 0 5 268 0 966 100 1122 200 146 300 245 400
592 0 5 252 0 1239 100 1089 200 1112 300 820 400
593 0 5 1353 0 901 100 204 200 449 300 133 400
594 0 5 439 0 827 100 1381 200 989 300 418 400
595 0 5 1309 0 1173 100 1348 200 1418 300 694 400
596 0 5 334 0 1421 100 162 200 435 300 621 400
597 0 5 351 0 1059 100 1151 200 1141 300 1298 400
598 0 5 784 0 666 100 122 200 93 300 290 400
599 0 5 452 0 19 100 337 200 431 300 909 400
600 0 5 1371 0 873 100 1039 200 502 300 13 400
601 0 5 1023 0 1091 100 837 200 1478 300 205 400
602 0 5 1272 0 469 100 456 200 649 300 110 400
603 0 5 350 0 1473 100 709 200 1243 300 220 400
604 0 5 298 0 118 100 173 200 6 300 180 400
605 0 5 1404 0 331 100 250 200 695 300 412 400
606 0 5 432 0 1448 100 702 200 1269 300 762 400
607 0 5 100 0 389 100 743 200 949 300 565 400
608 0 5 432 0 103 100 293 200 32 300 1269 400
609 0 5 929 0 977 100 939 200 1504 300 1503 400
610 0 5 724 0 1225 100 21 200 35 300 166 400
611 0 5 183 0 636 100 341 200 1086 300 1380 400
612 0 5 430 0 992 100 223 200 96 300 996 400
613 0 5 1303 0 922 100 531 200 201 300 357 400
614 0 5 665 0 882 100 1205 200 1383 300 10 400
615 0 5 520 0 979 100 1388 200 1317 300 1276 400
616 0 5 669 0 450 100 1010 200 662 300 626 400
617 0 5 881 0 1049 100 484 200 18 300 618 400
618 0 5 321 0 440 100 1049 200 829 300 380 400
619 0 5 1069 0 1257 100 645 200 1154 300 1209 400
620 0 5 680 0 200 100 235 200 1491 300 548 400
621 0 5 1421 0 779 100 681 200 477 300 1447 400
622 0 5 1024 0 1410 100 667 200 1406 300 1004 400
623 0 5 803 0 558 100 1146 200 710 300 1004 400
624 0 5 66 0 676 100 214 200 1067 300 1254 400
625 0 5 1166 0 242 100 405 200 580 300 423 400
626 0 5 305 0 482 100 576 200 1010 300 616 400
627 0 5 1005 0 1375 100 951 200 929 300 1116 400
628 0 5 158 0 337 100 452 200 883 300 132 400
629 0 5 726 0 548 100 200 200 680 300 1338 400
630 0 5 69 0 789 100 423 200 71 300 580 400
631 0 5 468 0 907 100 80 200 1292 300 1018 400
632 0 5 510 0 1357 100 1004 200 341 300 1263 400
633 0 5 451 0 1370 100 559 200 1229 300 489 400
634 0 5 697 0 706 100 77 200 1310 300 32 400
635 0 5 1398 0 78 100 842 200 1230 300 1348 400
636 0 5 1071 0 611 100 1086 200 1380 300 579 400
637 0 5 12 0 949 100 828 200 1199 300 1422 400
638 0 5 1288 0 1008 100 1031 200 1412 300 920 400
639 0 5 1397 0 34 100 1036 200 472 300 535 400
640 0 5 788 0 809 100 1214 200 1143 300 1417 400
641 0 5 1267 0 98 100 346 200 1183 300 231 400
642 0 5 327 0 1224 100 303 200 1347 300 463 400
643 0 5 1043 0 31 100 726 200 1022 300 554 400
644 0 5 814 0 1102 100 1287 200 499 300 362 400
645 0 5 433 0 1069 100 619 200 1413 300 251 400
646 0 5 1495 0 358 100 1143 200 987 300 788 400
647 0 5 407 0 1427 100 322 200 1237 300 224 400
648 0 5 51 0 1007 100 1390 200 757 300 1403 400
649 0 5 1467 0 1245 100 602 200 469 300 282 400
650 0 5 434 0 1052 100 844 200 181 300 475 400
651 0 5 1185 0 869 100 857 200 345 300 496 400
652 0 5 916 0 459 100 748 200 740 300 419 400
653 0 5 300 0 186 100 1283 200 884 300 1182 400
654 0 5 160 0 1028 100 1433 200 277 300 980 400
655 0 5 686 0 212 100 903 200 727 300 674 400
656 0 5 20 0 908 100 1172 200 1075 300 105 400
657 0 5 972 0 1321 100 429 200 1253 300 515 400
658 0 5 149 0 115 100 799 200 720 300 148 400
659 0 5 725 0 987 100 1103 200 1408 300 1492 400
660 0 5 513 0 437 100 229 200 1459 300 97 400
661 0 5 1299 0 983 100 948 200 1402 300 887 400
662 0 5 132 0 450 100 1010 200 616 300 872 400
663 0 5 1306 0 1237 100 95 200 322 300 551 400
664 0 5 1305 0 268 100 1034 200 876 300 966 400
665 0 5 10 0 614 100 1383 200 899 300 978 400
666 0 5 1297 0 598 100 1501 200 122 300 784 400
667 0 5 1410 0 622 100 1264 200 965 300 1024 400
668 0 5 123 0 1258 100 1009 200 556 300 669 400
669 0 5 616 0 123 100 104 200 576 300 450 400
670 0 5 348 0 757 100 1429 200 109 300 275 400
671 0 5 1234 0 824 100 954 200 1344 300 466 400
672 0 5 190 0 514 100 246 200 676 300 953 400
673 0 5 516 0 437 100 480 200 90 300 1274 400
674 0 5 212 0 686 100 655 200 867 300 1300 400
675 0 5 311 0 410 100 441 200 488 300 415 400
676 0 5 624 0 115 100 149 200 1254 300 271 400
677 0 5 1437 0 850 100 406 200 271 300 790 400
678 0 5 1235 0 1354 100 1161 200 1255 300 1236 400
679 0 5 896 0 107 100 1148 200 38 300 1030 400
680 0 5 620 0 548 100 235 200 629 300 726 400
681 0 5 816 0 39 100 469 200 621 300 385 400
682 0 5 533 0 417 100 937 200 8 300 1207 400
683 0 5 968 0 243 100 799 200 1190 300 1006 400
684 0 5 983 0 543 100 86 200 741 300 661 400
685 0 5 905 0 923 100 1406 200 1114 300 62 400
686 0 5 655 0 674 100 76 200 867 300 903 400
687 0 5 195 0 161 100 1454 200 1490 300 751 400
688 0 5 864 0 794 100 771 200 1019 300 1447 400
689 0 5 72 0 279 100 1180 200 810 300 1259 400
690 0 5 1484 0 53 100 416 200 590 300 1228 400
691 0 5 1036 0 1192 100 1051 200 1117 300 1328 400
692 0 5 275 0 347 100 109 200 1126 300 670 400
693 0 5 1269 0 1179 100 103 200 1302 300 293 400
694 0 5 572 0 821 100 1309 200 595 300 1418 400
695 0 5 1128 0 1293 100 250 200 605 300 306 400
696 0 5 1408 0 1492 100 40 200 888 300 1359 400
697 0 5 210 0 634 100 1066 200 140 300 369 400
698 0 5 319 0 1179 100 919 200 1302 300 1448 400
699 0 5 745 0 1319 100 265 200 1466 300 736 400
700 0 5 1487 0 390 100 99 200 81 300 1480 400
701 0 5 586 0 175 100 1474 200 728 300 835 400
702 0 5 557 0 606 100 762 200 432 300 1448 400
703 0 5 963 0 1125 100 975 200 361 300 546 400
704 0 5 825 0 465 100 102 200 320 300 353 400
705 0 5 1085 0 94 100 860 200 231 300 1267 400
706 0 5 1401 0 532 100 634 200 77 300 545 400
707 0 5 1475 0 796 100 342 200 224 300 871 400
708 0 5 746 0 1134 100 1206 200 531 300 1233 400
709 0 5 603 0 350 100 1473 200 1261 300 316 400
710 0 5 1263 0 1294 100 623 200 826 300 1340 400
711 0 5 1244 0 54 100 898 200 190 300 530 400
712 0 5 1032 0 525 100 1093 200 529 300 804 400
713 0 5 1209 0 1110 100 960 200 1154 300 714 400
714 0 5 1209 0 253 100 1079 200 877 300 713 400
715 0 5 1072 0 1443 100 731 200 228 300 47 400
716 0 5 366 0 365 100 374 200 1354 300 1161 400
717 0 5 904 0 1389 100 465 200 1369 300 1038 400
718 0 5 52 0 587 100 806 200 1018 300 833 400
719 0 5 1215 0 13 100 225 200 582 300 134 400
720 0 5 763 0 148 100 658 200 1497 300 1107 400
721 0 5 761 0 729 100 372 200 344 300 1399 400
722 0 5 60 0 340 100 1289 200 145 300 1367 400
723 0 5 1400 0 178 100 1118 200 1268 300 1432 400
724 0 5 610 0 1368 100 1497 200 763 300 121 400
725 0 5 659 0 1103 100 129 200 1072 300 1495 400
726 0 5 629 0 643 100 235 200 1043 300 548 400
727 0 5 903 0 733 100 655 200 1462 300 874 400
728 0 5 1214 0 442 100 586 200 1143 300 175 400
729 0 5 955 0 721 100 1399 200 344 300 761 400
730 0 5 238 0 859 100 24 200 427 300 292 400
731 0 5 1072 0 207 100 129 200 715 300 947 400
732 0 5 1350 0 894 100 26 200 398 300 547 400
733 0 5 727 0 1462 100 1125 200 212 300 963 400
734 0 5 82 0 197 100 1065 200 1381 300 159 400
735 0 5 1459 0 299 100 765 200 944 300 950 400
736 0 5 167 0 890 100 745 200 699 300 1017 400
737 0 5 426 0 861 100 998 200 1281 300 325 400
738 0 5 278 0 1190 100 491 200 549 300 1392 400
739 0 5 329 0 962 100 785 200 885 300 272 400
740 0 5 957 0 191 100 1121 200 652 300 459 400
741 0 5 448 0 983 100 543 200 1327 300 86 400
742 0 5 223 0 1425 100 84 200 96 300 1382 400
743 0 5 100 0 448 100 949 200 941 300 607 400
744 0 5 886 0 1422 100 1389 200 1038 300 893 400
745 0 5 1319 0 699 100 371 200 736 300 265 400
746 0 5 708 0 301 100 1233 200 1134 300 92 400
747 0 5 26 0 894 100 942 200 1341 300 1350 400
748 0 5 916 0 419 100 1001 200 1441 300 652 400
749 0 5 1483 0 388 100 1489 200 1031 300 758 400
750 0 5 1446 0 941 100 5 200 360 300 1327 400
751 0 5 151 0 1454 100 1205 200 1000 300 457 400
752 0 5 1456 0 1284 100 238 200 325 300 266 400
753 0 5 420 0 767 100 974 200 330 300 187 400
754 0 5 914 0 989 100 55 200 827 300 1060 400
755 0 5 1157 0 1227 100 1224 200 811 300 205 400
756 0 5 117 0 867 100 1236 200 462 300 76 400
757 0 5 109 0 670 100 1429 200 648 300 947 400
758 0 5 1181 0 1011 100 793 200 1483 300 749 400
759 0 5 1062 0 1150 100 526 200 1405 300 1141 400
760 0 5 1058 0 318 100 267 200 302 300 186 400
761 0 5 721 0 560 100 985 200 372 300 344 400
762 0 5 998 0 1448 100 240 200 702 300 1281 400
763 0 5 1107 0 720 100 1497 200 166 300 724 400
764 0 5 877 0 793 100 1295 200 433 300 1076 400
765 0 5 232 0 97 100 735 200 285 300 14 400
766 0 5 18 0 1037 100 881 200 575 300 484 400
767 0 5 753 0 330 100 974 200 187 300 209 400
768 0 5 338 0 15 100 932 200 841 300 208 400
769 0 5 235 0 23 100 288 200 1056 300 313 400
770 0 5 801 0 1315 100 1335 200 829 300 950 400
771 0 5 1046 0 864 100 688 200 203 300 794 400
772 0 5 1094 0 1420 100 378 200 1230 300 999 400
773 0 5 1129 0 128 100 116 200 1151 300 561 400
774 0 5 783 0 1055 100 280 200 1018 300 80 400
775 0 5 411 0 899 100 882 200 338 300 208 400
776 0 5 1394 0 1417 100 1477 200 562 300 1021 400
777 0 5 1115 0 95 100 917 200 407 300 1003 400
778 0 5 1365 0 1253 100 1405 200 429 300 111 400
779 0 5 477 0 314 100 621 200 853 300 1452 400
780 0 5 415 0 488 100 220 200 675 300 918 400
781 0 5 1540 0 1 100 1268 200 202 300 958 400
782 0 5 144 0 38 100 865 200 563 300 1081 400
783 0 5 774 0 1468 100 1055 200 1160 300 1496 400
784 0 5 598 0 290 100 93 200 244 300 666 400
785 0 5 272 0 1010 100 486 200 739 300 1220 400
786 0 5 292 0 943 100 30 200 1198 300 85 400
787 0 5 1454 0 1144 100 141 200 161 300 1131 400
788 0 5 640 0 982 100 1142 200 1143 300 646 400
789 0 5 25 0 630 100 1246 200 71 300 69 400
790 0 5 808 0 406 100 1437 200 404 300 271 400
791 0 5 849 0 185 100 1341 200 856 300 1223 400
792 0 5 810 0 390 100 81 200 72 300 700 400
793 0 5 1295 0 764 100 758 200 1493 300 1181 400
794 0 5 142 0 822 100 688 200 1447 300 864 400
795 0 5 577 0 1262 100 506 200 396 300 70 400
796 0 5 342 0 707 100 1475 200 1322 300 871 400
797 0 5 31 0 832 100 554 200 1056 300 1022 400
798 0 5 402 0 1360 100 413 200 470 300 225 400
799 0 5 683 0 148 100 149 200 658 300 1190 400
800 0 5 1022 0 554 100 1043 200 643 300 797 400
801 0 5 770 0 1315 100 1271 200 440 300 484 400
802 0 5 360 0 86 100 834 200 960 300 684 400
803 0 5 623 0 1146 100 1068 200 558 300 1004 400
804 0 5 135 0 1465 100 525 200 1088 300 1168 400
805 0 5 1030 0 1494 100 1266 200 478 300 57 400
806 0 5 1018 0 59 100 718 200 52 300 1292 400
807 0 5 574 0 312 100 1241 200 1342 300 1431 400
808 0 5 790 0 404 100 333 200 406 300 460 400
809 0 5 640 0 1417 100 1214 200 1231 300 1438 400
810 0 5 792 0 1259 100 390 200 72 300 279 400
811 0 5 837 0 1157 100 1227 200 851 300 1107 400
812 0 5 137 0 589 100 538 200 1442 300 1314 400
813 0 5 131 0 114 100 274 200 1176 300 1231 400
814 0 5 928 0 644 100 1102 200 487 300 1499 400
815 0 5 970 0 863 100 840 200 1239 300 204 400
816 0 5 263 0 681 100 1452 200 314 300 621 400
817 0 5 189 0 198 100 942 200 1064 300 862 400
818 0 5 1161 0 1155 100 46 200 462 300 127 400
819 0 5 484 0 440 100 1049 200 801 300 618 400
820 0 5 1089 0 833 100 587 200 252 300 592 400
821 0 5 22 0 694 100 1088 200 1430 300 572 400
822 0 5 105 0 142 100 794 200 17 300 1447 400
823 0 5 503 0 1273 100 113 200 397 300 1164 400
824 0 5 37 0 466 100 671 200 954 300 1202 400
825 0 5 704 0 1422 100 1199 200 744 300 353 400
826 0 5 1207 0 356 100 512 200 710 300 1294 400
827 0 5 594 0 418 100 989 200 754 300 914 400
828 0 5 637 0 949 100 1199 200 1422 300 309 400
829 0 5 321 0 950 100 440 200 1124 300 770 400
830 0 5 1221 0 961 100 1194 200 393 300 1046 400
831 0 5 15 0 841 100 509 200 932 300 208 400
832 0 5 797 0 554 100 1056 200 435 300 1453 400
833 0 5 820 0 587 100 1089 200 252 300 592 400
834 0 5 960 0 1110 100 958 200 1213 300 802 400
835 0 5 358 0 175 100 1474 200 1143 300 446 400
836 0 5 1460 0 1191 100 93 200 49 300 1339 400
837 0 5 1006 0 811 100 601 200 1023 300 1227 400
838 0 5 309 0 320 100 12 200 389 300 828 400
839 0 5 927 0 584 100 920 200 1445 300 215 400
840 0 5 48 0 1353 100 815 200 863 300 204 400
841 0 5 932 0 831 100 509 200 15 300 911 400
842 0 5 1042 0 1398 100 1173 200 67 300 1230 400
843 0 5 1259 0 279 100 1180 200 1233 300 1480 400
844 0 5 475 0 296 100 650 200 1052 300 434 400
845 0 5 113 0 1164 100 91 200 124 300 1349 400
846 0 5 1103 0 1359 100 1492 200 236 300 1087 400
847 0 5 1189 0 1428 100 1155 200 1409 300 462 400
848 0 5 1251 0 1449 100 1352 200 862 300 1467 400
849 0 5 185 0 791 100 1223 200 902 300 1341 400
850 0 5 888 0 677 100 119 200 406 300 271 400
851 0 5 1157 0 897 100 1107 200 811 300 973 400
852 0 5 178 0 1513 100 1512 200 994 300 723 400
853 0 5 56 0 477 100 314 200 779 300 1452 400
854 0 5 1407 0 1457 100 1460 200 527 300 106 400
855 0 5 909 0 586 100 239 200 431 300 1013 400
856 0 5 1211 0 912 100 791 200 1435 300 1341 400
857 0 5 1013 0 651 100 496 200 1185 300 1356 400
858 0 5 1187 0 1320 100 1098 200 1267 300 540 400
859 0 5 58 0 730 100 238 200 30 300 1456 400
860 0 5 94 0 297 100 705 200 1085 300 170 400
861 0 5 1456 0 737 100 325 200 58 300 859 400
862 0 5 1323 0 3 100 555 200 848 300 1234 400
863 0 5 1431 0 815 100 840 200 1342 300 204 400
864 0 5 688 0 771 100 794 200 1019 300 1046 400
865 0 5 782 0 553 100 398 200 1081 300 375 400
866 0 5 523 0 1488 100 241 200 87 300 346 400
867 0 5 76 0 756 100 1236 200 686 300 117 400
868 0 5 159 0 1091 100 1478 200 205 300 571 400
869 0 5 496 0 345 100 651 200 857 300 384 400
870 0 5 1009 0 1444 100 78 200 556 300 1258 400
871 0 5 1003 0 1297 100 796 200 1322 300 707 400
872 0 5 132 0 452 100 662 200 599 300 19 400
873 0 5 335 0 600 100 502 200 898 300 1039 400
874 0 5 1084 0 903 100 111 200 1255 300 76 400
875 0 5 1326 0 1057 100 304 200 97 300 579 400
876 0 5 1305 0 1131 100 664 200 1280 300 926 400
877 0 5 1076 0 714 100 126 200 253 300 1069 400
878 0 5 1340 0 1294 100 377 200 341 300 164 400
879 0 5 1026 0 964 100 1167 200 1277 300 217 400
880 0 5 376 0 1436 100 217 200 996 300 1029 400
881 0 5 617 0 1037 100 766 200 1049 300 484 400
882 0 5 409 0 899 100 775 200 614 300 665 400
883 0 5 450 0 123 100 158 200 628 300 556 400
884 0 5 507 0 300 100 1386 200 1182 300 653 400
885 0 5 1149 0 1130 100 458 200 739 300 281 400
886 0 5 744 0 421 100 893 200 1219 300 1422 400
887 0 5 1402 0 498 100 948 200 543 300 364 400
888 0 5 850 0 40 100 119 200 696 300 1078 400
889 0 5 892 0 182 100 25 200 1197 300 199 400
890 0 5 265 0 736 100 1123 200 258 300 699 400
891 0 5 24 0 1247 100 326 200 130 300 427 400
892 0 5 889 0 340 100 927 200 145 300 182 400
893 0 5 1364 0 1038 100 1426 200 1389 300 886 400
894 0 5 443 0 747 100 732 200 375 300 26 400
895 0 5 1162 0 364 100 887 200 42 300 467 400
896 0 5 679 0 478 100 1030 200 1148 300 107 400
897 0 5 851 0 973 100 811 200 1136 300 463 400
898 0 5 41 0 54 100 335 200 1021 300 1244 400
899 0 5 775 0 208 100 882 200 665 300 338 400
900 0 5 218 0 486 100 221 200 1220 300 1010 400
901 0 5 176 0 204 100 593 200 574 300 1040 400
902 0 5 110 0 206 100 185 200 849 300 1064 400
903 0 5 727 0 655 100 874 200 686 300 76 400
904 0 5 465 0 717 100 1389 200 704 300 1126 400
905 0 5 913 0 685 100 1406 200 1024 300 622 400
906 0 5 562 0 1438 100 1417 200 1486 300 502 400
907 0 5 631 0 1292 100 59 200 468 300 984 400
908 0 5 656 0 1075 100 1172 200 20 300 27 400
909 0 5 431 0 337 100 855 200 599 300 1013 400
910 0 5 1033 0 507 100 1182 200 884 300 1132 400
911 0 5 62 0 932 100 391 200 1336 300 509 400
912 0 5 1101 0 140 100 375 200 1435 300 856 400
913 0 5 905 0 583 100 45 200 685 300 1152 400
914 0 5 754 0 55 100 112 200 418 300 827 400
915 0 5 1482 0 1463 100 350 200 237 300 1196 400
916 0 5 652 0 748 100 957 200 419 300 740 400
917 0 5 1501 0 1115 100 777 200 407 300 1003 400
918 0 5 1470 0 481 100 488 200 489 300 1370 400
919 0 5 319 0 698 100 240 200 1284 300 325 400
920 0 5 839 0 1288 100 638 200 927 300 892 400
921 0 5 568 0 445 100 516 200 302 300 90 400
922 0 5 537 0 531 100 613 200 945 300 1206 400
923 0 5 11 0 685 100 1406 200 230 300 1024 400
924 0 5 1434 0 540 100 1187 200 1267 300 858 400
925 0 5 1155 0 1302 100 1409 200 847 300 319 400
926 0 5 193 0 1280 100 664 200 966 300 1305 400
927 0 5 839 0 215 100 1445 200 892 300 920 400
928 0 5 814 0 499 100 1499 200 487 300 1045 400
929 0 5 1375 0 609 100 501 200 627 300 977 400
930 0 5 352 0 234 100 1169 200 1355 300 43 400
931 0 5 196 0 287 100 1127 200 1366 300 70 400
932 0 5 841 0 911 100 768 200 831 300 15 400
933 0 5 1407 0 1466 100 1123 200 1193 300 527 400
934 0 5 50 0 1225 100 35 200 1240 300 1393 400
935 0 5 174 0 72 100 1180 200 295 300 484 400
936 0 5 1046 0 363 100 203 200 1200 300 771 400
937 0 5 417 0 682 100 336 200 533 300 522 400
938 0 5 1467 0 508 100 422 200 1064 300 1449 400
939 0 5 490 0 977 100 479 200 609 300 1511 400
940 0 5 414 0 1376 100 996 200 1249 300 1029 400
941 0 5 750 0 5 100 1327 200 743 300 360 400
942 0 5 747 0 817 100 1350 200 185 300 189 400
943 0 5 199 0 1031 100 786 200 182 300 85 400
944 0 5 147 0 229 100 735 200 1459 300 950 400
945 0 5 1206 0 1439 100 922 200 708 300 1279 400
946 0 5 1140 0 1048 100 57 200 478 300 1178 400
947 0 5 207 0 1429 100 348 200 226 300 757 400
948 0 5 1402 0 1299 100 661 200 887 300 983 400
949 0 5 637 0 828 100 743 200 448 300 941 400
950 0 5 1335 0 829 100 299 200 1124 300 770 400
951 0 5 1116 0 1375 100 501 200 627 300 1005 400
952 0 5 1106 0 1194 100 393 200 313 300 288 400
953 0 5 1020 0 988 100 1351 200 1477 300 40 400
954 0 5 403 0 1344 100 671 200 824 300 1234 400
955 0 5 729 0 424 100 1401 200 570 300 1399 400
956 0 5 1338 0 255 100 1458 200 1043 300 466 400
957 0 5 740 0 1127 100 1121 200 307 300 916 400
958 0 5 960 0 834 100 1268 200 781 300 1110 400
959 0 5 981 0 213 100 188 200 1045 300 1358 400
960 0 5 1110 0 958 100 1268 200 834 300 713 400
961 0 5 1165 0 1425 100 830 200 96 300 393 400
962 0 5 1476 0 739 100 272 200 329 300 187 400
963 0 5 703 0 1125 100 361 200 733 300 1462 400
964 0 5 1277 0 879 100 1167 200 1026 300 217 400
965 0 5 453 0 1068 100 667 200 1264 300 1289 400
966 0 5 193 0 591 100 268 200 664 300 1122 400
967 0 5 280 0 1055 100 1184 200 1229 300 1329 400
968 0 5 243 0 683 100 1006 200 148 300 811 400
969 0 5 251 0 1324 100 1413 200 584 300 433 400
970 0 5 815 0 1239 100 840 200 863 300 48 400
971 0 5 530 0 993 100 190 200 514 300 172 400
972 0 5 657 0 515 100 269 200 526 300 1253 400
973 0 5 897 0 463 100 1136 200 851 300 1060 400
974 0 5 330 0 753 100 68 200 767 300 410 400
975 0 5 264 0 703 100 188 200 1300 300 546 400
976 0 5 81 0 1017 100 736 200 371 300 167 400
977 0 5 609 0 1503 100 1502 200 939 300 490 400
978 0 5 455 0 1383 100 10 200 1265 300 1000 400
979 0 5 615 0 542 100 91 200 1276 300 1388 400
980 0 5 1433 0 315 100 153 200 160 300 654 400
981 0 5 959 0 1045 100 1358 200 362 300 188 400
982 0 5 1063 0 1142 100 788 200 1394 300 1232 400
983 0 5 543 0 741 100 661 200 86 300 684 400
984 0 5 1184 0 1328 100 528 200 1203 300 907 400
985 0 5 560 0 372 100 761 200 476 300 995 400
986 0 5 575 0 1296 100 18 200 1180 300 295 400
987 0 5 659 0 1495 100 1408 200 1103 300 1492 400
988 0 5 1477 0 953 100 1394 200 40 300 776 400
989 0 5 754 0 827 100 471 200 248 300 1291 400
990 0 5 1196 0 316 100 497 200 1463 300 544 400
991 0 5 249 0 359 100 323 200 1120 300 1377 400
992 0 5 612 0 430 100 96 200 1165 300 363 400
993 0 5 971 0 190 100 514 200 66 300 172 400
994 0 5 101 0 852 100 178 200 1384 300 1077 400
995 0 5 1489 0 476 100 560 200 985 300 1483 400
996 0 5 1029 0 376 100 430 200 217 300 940 400
997 0 5 497 0 120 100 544 200 316 300 1496 400
998 0 5 762 0 737 100 1281 200 325 300 240 400
999 0 5 1420 0 1230 100 16 200 1258 300 669 400
1000 0 5 151 0 1383 100 1092 200 1265 300 457 400
1001 0 5 136 0 1441 100 748 200 1333 300 485 400
1002 0 5 1195 0 274 100 1348 200 635 300 813 400
1003 0 5 871 0 1501 100 407 200 1297 300 224 400
1004 0 5 1410 0 510 100 632 200 623 300 803 400
1005 0 5 1336 0 411 100 951 200 1116 300 911 400
1006 0 5 837 0 1478 100 968 200 243 300 683 400
1007 0 5 1403 0 1390 100 648 200 102 300 1313 400
1008 0 5 1412 0 638 100 199 200 1288 300 943 400
1009 0 5 870 0 1258 100 556 200 668 300 1444 400
1010 0 5 785 0 218 100 486 200 616 300 272 400
1011 0 5 476 0 758 100 1483 200 372 300 1181 400
1012 0 5 1015 0 438 100 444 200 1377 300 1355 400
1013 0 5 857 0 239 100 384 200 855 300 496 400
1014 0 5 419 0 369 100 1211 200 270 300 652 400
1015 0 5 1377 0 1012 100 234 200 1355 300 211 400
1016 0 5 1186 0 108 100 1411 200 259 300 1306 400
1017 0 5 976 0 371 100 736 200 167 300 81 400
1018 0 5 80 0 806 100 774 200 468 300 631 400
1019 0 5 1073 0 1421 100 688 200 1221 300 621 400
1020 0 5 953 0 1379 100 246 200 40 300 119 400
1021 0 5 165 0 335 100 1477 200 898 300 776 400
1022 0 5 800 0 554 100 1043 200 643 300 797 400
1023 0 5 601 0 205 100 1091 200 837 300 1227 400
1024 0 5 622 0 1406 100 667 200 408 300 923 400
1025 0 5 1373 0 1201 100 1061 200 83 300 1171 400
1026 0 5 879 0 217 100 964 200 1102 300 1167 400
1027 0 5 1343 0 1300 100 188 200 396 300 213 400
1028 0 5 654 0 542 100 439 200 1381 300 153 400
1029 0 5 996 0 376 100 217 200 1395 300 880 400
1030 0 5 478 0 805 100 896 200 1308 300 438 400
1031 0 5 199 0 1412 100 943 200 368 300 638 400
1032 0 5 712 0 529 100 1348 200 1093 300 804 400
1033 0 5 910 0 179 100 1099 200 507 300 445 400
1034 0 5 75 0 245 100 664 200 573 300 146 400
1035 0 5 1077 0 310 100 1278 200 1060 300 1097 400
1036 0 5 1328 0 1397 100 691 200 639 300 1051 400
1037 0 5 766 0 881 100 18 200 617 300 1049 400
1038 0 5 1389 0 893 100 744 200 717 300 1364 400
1039 0 5 13 0 36 100 1486 200 600 300 502 400
1040 0 5 1248 0 332 100 574 200 807 300 1338 400
1041 0 5 1047 0 1163 100 425 200 1391 300 266 400
1042 0 5 67 0 842 100 1173 200 1138 300 1418 400
1043 0 5 643 0 956 100 1022 200 800 300 1338 400
1044 0 5 392 0 8 100 106 200 1218 300 4 400
1045 0 5 1358 0 981 100 188 200 499 300 362 400
1046 0 5 936 0 771 100 203 200 830 300 363 400
1047 0 5 1041 0 425 100 1163 200 266 300 1053 400
1048 0 5 57 0 946 100 478 200 1140 300 1030 400
1049 0 5 617 0 618 100 484 200 881 300 380 400
1050 0 5 356 0 7 100 512 200 247 300 4 400
1051 0 5 528 0 1328 100 691 200 155 300 984 400
1052 0 5 472 0 650 100 844 200 535 300 296 400
1053 0 5 379 0 127 100 256 200 46 300 1047 400
1054 0 5 426 0 388 100 368 200 737 300 1281 400
1055 0 5 1329 0 967 100 774 200 783 300 280 400
1056 0 5 23 0 832 100 797 200 31 300 334 400
1057 0 5 875 0 579 100 164 200 304 300 377 400
1058 0 5 760 0 173 100 267 200 1345 300 302 400
1059 0 5 1150 0 597 100 551 200 1141 300 351 400
1060 0 5 463 0 471 100 1035 200 1136 300 310 400
1061 0 5 386 0 1212 100 1025 200 1201 300 1171 400
1062 0 5 108 0 759 100 551 200 1150 300 1306 400
1063 0 5 982 0 1142 100 1394 200 1232 300 988 400
1064 0 5 422 0 189 100 902 200 938 300 508 400
1065 0 5 381 0 82 100 159 200 734 300 303 400
1066 0 5 495 0 697 100 1310 200 524 300 140 400
1067 0 5 214 0 278 100 149 200 624 300 676 400
1068 0 5 1146 0 965 100 803 200 623 300 1246 400
1069 0 5 619 0 645 100 1257 200 877 300 1209 400
1070 0 5 385 0 39 100 282 200 162 300 681 400
1071 0 5 636 0 579 100 480 200 1380 300 1057 400
1072 0 5 731 0 715 100 1443 200 129 300 725 400
1073 0 5 1221 0 1019 100 334 200 830 300 1421 400
1074 0 5 133 0 1248 100 332 200 494 300 593 400
1075 0 5 27 0 908 100 307 200 1172 300 656 400
1076 0 5 877 0 1301 100 126 200 793 300 253 400
1077 0 5 578 0 1035 100 1252 200 178 300 581 400
1078 0 5 1379 0 246 100 119 200 888 300 40 400
1079 0 5 1209 0 253 100 1110 200 714 300 126 400
1080 0 5 187 0 1476 100 1220 200 209 300 420 400
1081 0 5 1148 0 553 100 107 200 339 300 865 400
1082 0 5 1260 0 1096 100 1298 200 116 300 427 400
1083 0 5 517 0 1138 100 67 200 1042 300 842 400
1084 0 5 111 0 874 100 1255 200 76 300 678 400
1085 0 5 705 0 1388 100 1098 200 1267 300 1317 400
1086 0 5 377 0 341 100 636 200 611 300 579 400
1087 0 5 1359 0 236 100 284 200 846 300 850 400
1088 0 5 1168 0 1430 100 821 200 22 300 804 400
1089 0 5 820 0 252 100 592 200 833 300 1239 400
1090 0 5 1200 0 1109 100 1395 200 430 300 363 400
1091 0 5 601 0 868 100 1478 200 1023 300 205 400
1092 0 5 157 0 1265 100 1119 200 1000 300 455 400
1093 0 5 1325 0 1465 100 712 200 1032 300 529 400
1094 0 5 772 0 475 100 378 200 1420 300 181 400
1095 0 5 16 0 343 100 1192 200 1481 300 1286 400
1096 0 5 1275 0 1082 100 1260 200 238 300 427 400
1097 0 5 9 0 101 100 1278 200 1035 300 1393 400
1098 0 5 1174 0 858 100 1085 200 1267 300 1388 400
1099 0 5 1498 0 179 100 1033 200 233 300 324 400
1100 0 5 1349 0 91 100 542 200 112 300 1273 400
1101 0 5 524 0 912 100 339 200 1081 300 140 400
1102 0 5 1287 0 644 100 814 200 1026 300 217 400
1103 0 5 846 0 725 100 1492 200 659 300 987 400
1104 0 5 1330 0 1312 100 1308 200 38 300 43 400
1105 0 5 1282 0 1434 100 98 200 641 300 1267 400
1106 0 5 952 0 1194 100 288 200 313 300 393 400
1107 0 5 166 0 763 100 720 200 851 300 349 400
1108 0 5 395 0 355 100 1472 200 373 300 1238 400
1109 0 5 1395 0 1090 100 394 200 1200 300 217 400
1110 0 5 1209 0 960 100 1079 200 834 300 713 400
1111 0 5 1139 0 294 100 1426 200 257 300 1372 400
1112 0 5 1170 0 252 100 592 200 1239 300 774 400
1113 0 5 1432 0 550 100 1362 200 1145 300 1485 400
1114 0 5 391 0 583 100 1345 200 685 300 267 400
1115 0 5 777 0 917 100 258 200 1501 300 95 400
1116 0 5 411 0 951 100 501 200 409 300 1005 400
1117 0 5 150 0 155 100 691 200 528 300 1051 400
1118 0 5 1485 0 178 100 1384 200 723 300 1400 400
1119 0 5 1265 0 318 100 1461 200 1092 300 157 400
1120 0 5 323 0 991 100 211 200 564 300 444 400
1121 0 5 1127 0 740 100 1409 200 957 300 1302 400
1122 0 5 490 0 591 100 1519 200 1518 300 966 400
1123 0 5 1193 0 890 100 265 200 1466 300 258 400
1124 0 5 474 0 454 100 950 200 829 300 29 400
1125 0 5 963 0 703 100 733 200 212 300 975 400
1126 0 5 465 0 102 100 347 200 1390 300 692 400
1127 0 5 1121 0 287 100 307 200 957 300 931 400
1128 0 5 330 0 695 100 1293 200 306 300 68 400
1129 0 5 1151 0 773 100 116 200 597 300 561 400
1130 0 5 458 0 885 100 1424 200 329 300 1149 400
1131 0 5 876 0 1144 100 1280 200 141 300 787 400
1132 0 5 1283 0 1363 100 1182 200 1346 300 457 400
1133 0 5 1240 0 121 100 21 200 460 300 257 400
1134 0 5 285 0 1233 100 708 200 1439 300 1374 400
1135 0 5 505 0 1175 100 1399 200 57 300 570 400
1136 0 5 367 0 463 100 310 200 973 300 349 400
1137 0 5 306 0 565 100 1293 200 389 300 68 400
1138 0 5 1083 0 1418 100 67 200 572 300 517 400
1139 0 5 257 0 1111 100 1372 200 294 300 21 400
1140 0 5 946 0 478 100 339 200 1048 300 1148 400
1141 0 5 1298 0 1150 100 1059 200 597 300 759 400
1142 0 5 1232 0 982 100 1063 200 1495 300 788 400
1143 0 5 1214 0 646 100 175 200 728 300 835 400
1144 0 5 787 0 1131 100 141 200 1280 300 161 400
1145 0 5 1400 0 550 100 1113 200 1432 300 360 400
1146 0 5 1068 0 803 100 558 200 623 300 7 400
1147 0 5 58 0 30 100 368 200 292 300 859 400
1148 0 5 107 0 1081 100 679 200 896 300 339 400
1149 0 5 885 0 1378 100 483 200 1130 300 281 400
1150 0 5 1059 0 759 100 1141 200 551 300 1062 400
1151 0 5 1129 0 351 100 597 200 773 300 567 400
1152 0 5 180 0 45 100 138 200 510 300 913 400
1153 0 5 1216 0 164 100 336 200 1416 300 304 400
1154 0 5 1257 0 619 100 713 200 1069 300 929 400
1155 0 5 925 0 818 100 847 200 1409 300 1302 400
1156 0 5 232 0 14 100 1326 200 1279 300 304 400
1157 0 5 851 0 755 100 811 200 1227 300 897 400
1158 0 5 153 0 1419 100 82 200 1028 300 734 400
1159 0 5 567 0 1475 100 351 200 342 300 707 400
1160 0 5 1496 0 354 100 783 200 1170 300 1468 400
1161 0 5 818 0 1235 100 678 200 374 300 716 400
1162 0 5 498 0 493 100 467 200 895 300 887 400
1163 0 5 1041 0 256 100 1047 200 1464 300 1391 400
1164 0 5 1349 0 845 100 1273 200 113 300 823 400
1165 0 5 96 0 961 100 992 200 1425 300 363 400
1166 0 5 625 0 143 100 405 200 128 300 538 400
1167 0 5 1238 0 394 100 964 200 355 300 879 400
1168 0 5 1088 0 1430 100 135 200 804 300 1465 400
1169 0 5 930 0 389 100 352 200 43 300 234 400
1170 0 5 1112 0 354 100 1160 200 592 300 252 400
1171 0 5 386 0 397 100 1510 200 1061 300 1511 400
1172 0 5 20 0 17 100 908 200 656 300 1075 400
1173 0 5 595 0 67 100 1398 200 1042 300 842 400
1174 0 5 1320 0 1098 100 276 200 1317 300 400 400
1175 0 5 1135 0 1399 100 1494 200 57 300 505 400
1176 0 5 216 0 1231 100 383 200 222 300 813 400
1177 0 5 173 0 90 100 298 200 568 300 302 400
1178 0 5 505 0 57 100 946 200 1048 300 495 400
1179 0 5 1269 0 698 100 693 200 1302 300 103 400
1180 0 5 295 0 279 100 843 200 1450 300 935 400
1181 0 5 758 0 1288 100 793 200 1483 300 1008 400
1182 0 5 1132 0 1283 100 910 200 884 300 300 400
1183 0 5 1250 0 1282 100 98 200 346 300 641 400
1184 0 5 984 0 155 100 967 200 280 300 1203 400
1185 0 5 1356 0 651 100 857 200 556 300 869 400
1186 0 5 1016 0 259 100 1411 200 269 300 526 400
1187 0 5 540 0 858 100 1320 200 924 300 1267 400
1188 0 5 559 0 33 100 1370 200 1415 300 1208 400
1189 0 5 847 0 462 100 1428 200 1366 300 1155 400
1190 0 5 738 0 683 100 1392 200 491 300 799 400
1191 0 5 93 0 836 100 1339 200 49 300 1460 400
1192 0 5 1286 0 1095 100 691 200 1117 300 1481 400
1193 0 5 1123 0 447 100 933 200 1466 300 93 400
1194 0 5 1106 0 952 100 288 200 830 300 334 400
1195 0 5 1348 0 1002 100 274 200 529 300 1032 400
1196 0 5 990 0 1463 100 915 200 316 300 237 400
1197 0 5 1198 0 85 100 71 200 182 300 889 400
1198 0 5 1197 0 89 100 71 200 85 300 580 400
1199 0 5 320 0 825 100 1422 200 828 300 637 400
1200 0 5 1090 0 203 100 363 200 1109 300 936 400
1201 0 5 1025 0 283 100 1061 200 1525 300 1373 400
1202 0 5 1352 0 37 100 1453 200 1234 300 1251 400
1203 0 5 280 0 80 100 984 200 1184 300 774 400
1204 0 5 1222 0 4 100 1218 200 589 300 1314 400
1205 0 5 751 0 151 100 141 200 614 300 1000 400
1206 0 5 945 0 531 100 708 200 922 300 1134 400
1207 0 5 826 0 356 100 247 200 1294 300 710 400
1208 0 5 221 0 559 100 150 200 1286 300 1188 400
1209 0 5 1110 0 1079 100 714 200 713 300 619 400
1210 0 5 61 0 1329 100 967 200 489 300 192 400
1211 0 5 1435 0 270 100 1014 200 856 300 912 400
1212 0 5 170 0 1061 100 346 200 523 300 1385 400
1213 0 5 834 0 1299 100 661 200 126 300 958 400
1214 0 5 728 0 1143 100 442 200 1231 300 809 400
1215 0 5 719 0 582 100 225 200 1325 300 134 400
1216 0 5 1294 0 1153 100 164 200 336 300 377 400
1217 0 5 324 0 445 100 1274 200 227 300 179 400
1218 0 5 1339 0 1204 100 589 200 1044 300 1222 400
1219 0 5 550 0 1446 100 421 200 886 300 1362 400
1220 0 5 486 0 1080 100 272 200 900 300 785 400
1221 0 5 1073 0 830 100 1019 200 1046 300 771 400
1222 0 5 1204 0 7 100 1314 200 4 300 589 400
1223 0 5 206 0 849 100 791 200 856 300 185 400
1224 0 5 642 0 303 100 205 200 755 300 1227 400
1225 0 5 934 0 610 100 35 200 50 300 166 400
1226 0 5 171 0 177 100 349 200 166 300 1393 400
1227 0 5 755 0 205 100 811 200 1023 300 837 400
1228 0 5 464 0 590 100 370 200 1484 300 690 400
1229 0 5 451 0 150 100 967 200 633 300 1184 400
1230 0 5 181 0 999 100 1420 200 378 300 1258 400
1231 0 5 114 0 442 100 1176 200 1214 300 809 400
1232 0 5 1142 0 1408 100 40 200 1063 300 953 400
1233 0 5 1374 0 746 100 1134 200 843 300 301 400
1234 0 5 671 0 1251 100 1323 200 1202 300 862 400
1235 0 5 1354 0 678 100 1161 200 716 300 374 400
1236 0 5 76 0 756 100 867 200 117 300 678 400
1237 0 5 663 0 1427 100 95 200 1306 300 322 400
1238 0 5 1167 0 373 100 394 200 355 300 395 400
1239 0 5 970 0 592 100 815 200 252 300 1112 400
1240 0 5 387 0 1133 100 35 200 21 300 1111 400
1241 0 5 473 0 807 100 169 200 1431 300 52 400
1242 0 5 65 0 1351 100 190 200 898 300 41 400
1243 0 5 350 0 569 100 603 200 1482 300 915 400
1244 0 5 1371 0 711 100 898 200 873 300 54 400
1245 0 5 282 0 649 100 1467 200 1453 300 1449 400
1246 0 5 1289 0 145 100 88 200 789 300 1455 400
1247 0 5 130 0 891 100 326 200 242 300 89 400
1248 0 5 1040 0 1074 100 133 200 332 300 593 400
1249 0 5 328 0 1316 100 996 200 940 300 223 400
1250 0 5 1183 0 87 100 346 200 1282 300 1212 400
1251 0 5 848 0 1352 100 1234 200 1202 300 1449 400
1252 0 5 1506 0 1505 100 581 200 578 300 1077 400
1253 0 5 778 0 429 100 526 200 657 300 1405 400
1254 0 5 514 0 66 100 676 200 993 300 624 400
1255 0 5 76 0 111 100 678 200 1084 300 874 400
1256 0 5 471 0 248 100 1347 200 463 300 989 400
1257 0 5 619 0 1154 100 1414 200 590 300 416 400
1258 0 5 668 0 1009 100 999 200 1230 300 870 400
1259 0 5 843 0 1480 100 810 200 279 300 390 400
1260 0 5 1082 0 427 100 1096 200 130 300 24 400
1261 0 5 1331 0 316 100 544 200 709 300 1496 400
1262 0 5 70 0 795 100 1366 200 674 300 506 400
1263 0 5 1357 0 710 100 632 200 1004 300 1207 400
1264 0 5 408 0 667 100 965 200 453 300 1387 400
1265 0 5 455 0 1119 100 1092 200 978 300 1000 400
1266 0 5 564 0 444 100 254 200 1012 300 493 400
1267 0 5 641 0 1098 100 1434 200 1085 300 858 400
1268 0 5 1514 0 1513 100 960 200 781 300 958 400
1269 0 5 1179 0 693 100 103 200 608 300 606 400
1270 0 5 286 0 557 100 1281 200 545 300 388 400
1271 0 5 1450 0 1374 100 801 200 843 300 1233 400
1272 0 5 456 0 602 100 110 200 1334 300 469 400
1273 0 5 823 0 112 100 1164 200 1100 300 418 400
1274 0 5 229 0 445 100 1217 200 437 300 516 400
1275 0 5 425 0 1096 100 266 200 238 300 1047 400
1276 0 5 588 0 91 100 1388 200 297 300 979 400
1277 0 5 308 0 964 100 217 200 394 300 879 400
1278 0 5 367 0 1035 100 310 200 9 300 1097 400
1279 0 5 401 0 304 100 1326 200 14 300 1416 400
1280 0 5 926 0 141 100 1131 200 1144 300 876 400
1281 0 5 1270 0 737 100 998 200 426 300 762 400
1282 0 5 1105 0 98 100 1183 200 1434 300 1250 400
1283 0 5 1132 0 1182 100 1363 200 653 300 186 400
1284 0 5 266 0 752 100 238 200 919 300 1456 400
1285 0 5 260 0 44 100 1392 200 1478 300 1190 400
1286 0 5 1481 0 1192 100 1095 200 1208 300 16 400
1287 0 5 1102 0 644 100 362 200 1358 300 1026 400
1288 0 5 1181 0 638 100 1295 200 920 300 1008 400
1289 0 5 1246 0 1455 100 722 200 965 300 60 400
1290 0 5 1296 0 174 100 935 200 1180 300 72 400
1291 0 5 327 0 1347 100 197 200 989 300 303 400
1292 0 5 59 0 907 100 468 200 806 300 631 400
1293 0 5 695 0 306 100 1128 200 1137 300 838 400
1294 0 5 1216 0 878 100 377 200 710 300 1207 400
1295 0 5 1181 0 793 100 1288 200 764 300 758 400
1296 0 5 986 0 1290 100 575 200 174 300 295 400
1297 0 5 666 0 871 100 1501 200 1003 300 122 400
1298 0 5 1141 0 1082 100 116 200 597 300 425 400
1299 0 5 948 0 253 100 661 200 126 300 1213 400
1300 0 5 1027 0 188 100 1343 200 975 300 213 400
1301 0 5 1493 0 126 100 1076 200 1318 300 793 400
1302 0 5 925 0 1409 100 698 200 693 300 1155 400
1303 0 5 613 0 527 100 357 200 201 300 1466 400
1304 0 5 101 0 852 100 1077 200 994 300 178 400
1305 0 5 876 0 664 100 926 200 1280 300 1131 400
1306 0 5 663 0 1237 100 322 200 551 300 269 400
1307 0 5 364 0 1399 100 42 200 895 300 1318 400
1308 0 5 438 0 1355 100 1500 200 1104 300 1330 400
1309 0 5 595 0 539 100 1348 200 22 300 694 400
1310 0 5 570 0 1066 100 1401 200 495 300 706 400
1311 0 5 459 0 293 100 191 200 32 300 652 400
1312 0 5 64 0 1104 100 152 200 43 300 38 400
1313 0 5 504 0 1403 100 331 200 51 300 1007 400
1314 0 5 423 0 69 100 589 200 1222 300 1204 400
1315 0 5 770 0 801 100 1374 200 1335 300 285 400
1316 0 5 436 0 1249 100 223 200 84 300 742 400
1317 0 5 1440 0 400 100 1388 200 520 300 277 400
1318 0 5 1301 0 364 100 1493 200 344 300 887 400
1319 0 5 745 0 371 100 699 200 357 300 736 400
1320 0 5 1174 0 858 100 276 200 1187 300 1098 400
1321 0 5 429 0 657 100 111 200 1462 300 361 400
1322 0 5 342 0 1442 100 122 200 796 300 871 400
1323 0 5 862 0 3 100 120 200 1234 300 555 400
1324 0 5 969 0 584 100 53 200 251 300 1413 400
1325 0 5 1093 0 470 100 529 200 1465 300 225 400
1326 0 5 875 0 232 100 304 200 1156 300 1279 400
1327 0 5 5 0 139 100 941 200 741 300 448 400
1328 0 5 1036 0 1051 100 984 200 691 300 528 400
1329 0 5 1055 0 1210 100 61 200 967 300 1468 400
1330 0 5 1104 0 1500 100 1308 200 1312 300 1355 400
1331 0 5 1261 0 1468 100 61 200 1496 300 709 400
1332 0 5 1505 0 1504 100 178 200 781 300 852 400
1333 0 5 1441 0 1334 100 110 200 1001 300 206 400
1334 0 5 456 0 110 100 263 200 1333 300 1272 400
1335 0 5 950 0 299 100 770 200 285 300 1315 400
1336 0 5 1005 0 62 100 911 200 391 300 932 400
1337 0 5 490 0 184 100 479 200 141 300 1280 400
1338 0 5 255 0 956 100 1043 200 726 300 1458 400
1339 0 5 1218 0 137 100 122 200 1322 300 589 400
1340 0 5 878 0 341 100 710 200 377 300 1086 400
1341 0 5 791 0 185 100 747 200 894 300 856 400
1342 0 5 1431 0 312 100 204 200 863 300 840 400
1343 0 5 1027 0 396 100 1300 200 577 300 213 400
1344 0 5 954 0 403 100 671 200 449 300 1353 400
1345 0 5 118 0 1114 100 267 200 1058 300 173 400
1346 0 5 1363 0 457 100 1132 200 1490 300 1182 400
1347 0 5 248 0 1291 100 327 200 1256 300 642 400
1348 0 5 1195 0 539 100 1309 200 595 300 1032 400
1349 0 5 1164 0 1100 100 91 200 112 300 845 400
1350 0 5 26 0 732 100 942 200 747 300 894 400
1351 0 5 1242 0 190 100 953 200 65 300 246 400
1352 0 5 1202 0 1453 100 1251 200 848 300 37 400
1353 0 5 593 0 840 100 449 200 48 300 1344 400
1354 0 5 1235 0 366 100 678 200 716 300 1161 400
1355 0 5 1500 0 1308 100 930 200 352 300 1012 400
1356 0 5 1185 0 78 100 1444 200 857 300 556 400
1357 0 5 1263 0 632 100 710 200 1340 300 1004 400
1358 0 5 362 0 1045 100 981 200 499 300 644 400
1359 0 5 1087 0 1492 100 846 200 284 300 696 400
1360 0 5 413 0 798 100 470 200 222 300 383 400
1361 0 5 1472 0 142 100 17 200 289 300 794 400
1362 0 5 421 0 1113 100 492 200 1364 300 550 400
1363 0 5 1346 0 1132 100 1283 200 457 300 653 400
1364 0 5 893 0 492 100 421 200 1362 300 1038 400
1365 0 5 778 0 1405 100 534 200 366 300 1253 400
1366 0 5 70 0 287 100 931 200 1428 300 1262 400
1367 0 5 461 0 60 100 340 200 722 300 215 400
1368 0 5 1497 0 428 100 724 200 763 300 121 400
1369 0 5 1372 0 518 100 541 200 717 300 1426 400
1370 0 5 633 0 559 100 489 200 1188 300 918 400
1371 0 5 600 0 1244 100 873 200 1039 300 898 400
1372 0 5 541 0 1369 100 1139 200 257 300 1426 400
1373 0 5 1025 0 83 100 1171 200 1515 300 1201 400
1374 0 5 1233 0 1271 100 1315 200 801 300 1134 400
1375 0 5 929 0 951 100 501 200 627 300 1116 400
1376 0 5 521 0 940 100 414 200 1436 300 996 400
1377 0 5 1015 0 323 100 211 200 234 300 444 400
1378 0 5 317 0 1149 100 483 200 63 300 228 400
1379 0 5 1078 0 1020 100 246 200 40 300 119 400
1380 0 5 1071 0 298 100 636 200 90 300 480 400
1381 0 5 439 0 197 100 1028 200 594 300 734 400
1382 0 5 566 0 84 100 1491 200 742 300 313 400
1383 0 5 978 0 1000 100 665 200 455 300 10 400
1384 0 5 178 0 28 100 1118 200 1485 300 1479 400
1385 0 5 283 0 241 100 1488 200 1212 300 1201 400
1386 0 5 445 0 300 100 884 200 302 300 507 400
1387 0 5 511 0 408 100 230 200 464 300 1264 400
1388 0 5 588 0 1085 100 1276 200 1317 300 297 400
1389 0 5 717 0 1038 100 744 200 893 300 1369 400
1390 0 5 1007 0 102 100 648 200 1126 300 1403 400
1391 0 5 1405 0 1163 100 1041 200 1141 300 1464 400
1392 0 5 260 0 491 100 219 200 1190 300 1285 400
1393 0 5 101 0 177 100 28 200 50 300 387 400
1394 0 5 776 0 1477 100 988 200 1063 300 982 400
1395 0 5 1109 0 1090 100 394 200 430 300 217 400
1396 0 5 230 0 168 100 464 200 370 300 408 400
1397 0 5 639 0 1036 100 691 200 907 300 1328 400
1398 0 5 635 0 842 100 1173 200 595 300 1348 400
1399 0 5 42 0 1135 100 729 200 1175 300 505 400
1400 0 5 723 0 1432 100 1145 200 1118 300 1113 400
1401 0 5 570 0 955 100 706 200 532 300 1310 400
1402 0 5 948 0 887 100 661 200 983 300 543 400
1403 0 5 1007 0 412 100 1313 200 648 300 353 400
1404 0 5 250 0 605 100 412 200 331 300 1403 400
1405 0 5 1365 0 1391 100 759 200 1253 300 534 400
1406 0 5 923 0 1024 100 685 200 11 300 622 400
1407 0 5 933 0 854 100 527 200 1466 300 1457 400
1408 0 5 696 0 40 100 1232 200 987 300 659 400
1409 0 5 1428 0 1302 100 1121 200 847 300 1155 400
1410 0 5 1004 0 667 100 622 200 1024 300 510 400
1411 0 5 259 0 269 100 1186 200 1306 300 1016 400
1412 0 5 1008 0 199 100 1031 200 638 300 1181 400
1413 0 5 251 0 433 100 1484 200 969 300 690 400
1414 0 5 590 0 416 100 1228 200 1257 300 370 400
1415 0 5 209 0 33 100 1188 200 420 300 1220 400
1416 0 5 304 0 1471 100 1279 200 1153 300 164 400
1417 0 5 809 0 776 100 906 200 562 300 640 400
1418 0 5 572 0 1138 100 67 200 595 300 1309 400
1419 0 5 381 0 1158 100 82 200 868 300 734 400
1420 0 5 999 0 772 100 378 200 1230 300 1094 400
1421 0 5 621 0 1019 100 596 200 1073 300 162 400
1422 0 5 825 0 744 100 1199 200 886 300 828 400
1423 0 5 2 0 506 100 289 200 17 300 396 400
1424 0 5 1130 0 329 100 458 200 962 300 739 400
1425 0 5 742 0 961 100 393 200 96 300 313 400
1426 0 5 541 0 1479 100 294 200 893 300 492 400
1427 0 5 647 0 1237 100 95 200 407 300 322 400
1428 0 5 1409 0 287 100 847 200 1189 300 1366 400
1429 0 5 504 0 947 100 757 200 670 300 226 400
1430 0 5 500 0 1168 100 1088 200 821 300 22 400
1431 0 5 863 0 1342 100 1241 200 204 300 312 400
1432 0 5 1113 0 1400 100 1145 200 723 300 1362 400
1433 0 5 980 0 160 100 654 200 153 300 1028 400
1434 0 5 924 0 1105 100 1267 200 1282 300 540 400
1435 0 5 270 0 1211 100 912 200 856 300 140 400
1436 0 5 521 0 880 100 996 200 1102 300 1376 400
1437 0 5 677 0 406 100 790 200 850 300 271 400
1438 0 5 383 0 906 100 413 200 1486 300 1360 400
1439 0 5 401 0 945 100 1134 200 708 300 1279 400
1440 0 5 1317 0 400 100 277 200 315 300 276 400
1441 0 5 1001 0 1333 100 419 200 748 300 206 400
1442 0 5 137 0 1322 100 812 200 567 300 128 400
1443 0 5 1072 0 715 100 358 200 446 300 228 400
1444 0 5 78 0 870 100 1356 200 556 300 1009 400
1445 0 5 156 0 215 100 927 200 839 300 584 400
1446 0 5 750 0 360 100 1219 200 550 300 421 400
1447 0 5 105 0 20 100 794 200 621 300 1019 400
1448 0 5 762 0 606 100 240 200 702 300 698 400
1449 0 5 848 0 1467 100 508 200 1245 300 1352 400
1450 0 5 295 0 1271 100 484 200 1180 300 801 400
1451 0 5 317 0 446 100 431 200 228 300 483 400
1452 0 5 314 0 816 100 56 200 263 300 485 400
1453 0 5 1352 0 282 100 37 200 1245 300 1202 400
1454 0 5 787 0 751 100 161 200 457 300 687 400
1455 0 5 156 0 1289 100 453 200 1469 300 461 400
1456 0 5 752 0 861 100 325 200 238 300 859 400
1457 0 5 106 0 854 100 527 200 522 300 1460 400
1458 0 5 466 0 255 100 956 200 585 300 403 400
1459 0 5 735 0 97 100 513 200 229 300 299 400
1460 0 5 836 0 854 100 1457 200 106 300 1339 400
1461 0 5 10 0 318 100 1119 200 455 300 978 400
1462 0 5 361 0 733 100 963 200 727 300 874 400
1463 0 5 1196 0 237 100 915 200 990 300 1482 400
1464 0 5 256 0 534 100 365 200 1163 300 1391 400
1465 0 5 525 0 804 100 1093 200 135 300 1325 400
1466 0 5 933 0 265 100 527 200 699 300 1123 400
1467 0 5 938 0 649 100 508 200 1449 300 1245 400
1468 0 5 783 0 1331 100 1496 200 61 300 1329 400
1469 0 5 156 0 511 100 1455 200 53 300 584 400
1470 0 5 441 0 33 100 918 200 410 300 1370 400
1471 0 5 537 0 1416 100 522 200 1279 300 922 400
1472 0 5 355 0 1361 100 1108 200 2 300 289 400
1473 0 5 603 0 220 100 709 200 350 300 1261 400
1474 0 5 446 0 835 100 175 200 701 300 855 400
1475 0 5 707 0 1159 100 796 200 342 300 351 400
1476 0 5 187 0 1080 100 962 200 272 300 1220 400
1477 0 5 988 0 1394 100 776 200 1021 300 953 400
1478 0 5 571 0 1006 100 1091 200 868 300 601 400
1479 0 5 492 0 294 100 1426 200 163 300 1384 400
1480 0 5 92 0 1259 100 390 200 843 300 700 400
1481 0 5 1286 0 104 100 16 200 1095 300 305 400
1482 0 5 915 0 569 100 237 200 1243 300 350 400
1483 0 5 749 0 476 100 1489 200 758 300 1031 400
1484 0 5 690 0 53 100 511 200 1413 300 1228 400
1485 0 5 163 0 1118 100 1384 200 28 300 1113 400
1486 0 5 502 0 1039 100 36 200 1438 300 413 400
1487 0 5 99 0 700 100 357 200 201 300 1480 400
1488 0 5 866 0 241 100 523 200 1385 300 1212 400
1489 0 5 995 0 532 100 545 200 749 300 1483 400
1490 0 5 457 0 195 100 1346 200 1454 300 751 400
1491 0 5 74 0 566 100 84 200 200 300 1382 400
1492 0 5 696 0 1359 100 1103 200 846 300 987 400
1493 0 5 344 0 1301 100 372 200 793 300 1318 400
1494 0 5 805 0 1175 100 1030 200 493 300 57 400
1495 0 5 646 0 987 100 1142 200 358 300 1143 400
1496 0 5 1160 0 354 100 1468 200 1331 300 544 400
1497 0 5 428 0 1368 100 724 200 720 300 763 400
1498 0 5 1099 0 79 100 233 200 227 300 324 400
1499 0 5 487 0 499 100 154 200 928 300 1045 400
1500 0 5 1330 0 1355 100 352 200 1308 300 1104 400
1501 0 5 917 0 1003 100 1297 200 666 300 122 400
1502 0 5 397 0 977 100 416 200 713 300 1414 400
1503 0 5 977 0 609 100 416 200 713 300 1414 400
1504 0 5 1332 0 609 100 416 200 713 300 1414 400
1505 0 5 1332 0 1252 100 416 200 713 300 1414 400
1506 0 5 1252 0 83 100 416 200 713 300 1414 400
1507 0 5 202 0 83 100 416 200 713 300 1414 400
1508 0 5 202 0 146 100 416 200 713 300 1414 400
1509 0 5 146 0 581 100 416 200 713 300 1414 400
1510 0 5 581 0 1171 100 416 200 713 300 1414 400
1511 0 5 939 0 1171 100 416 200 713 300 1414 400
1512 0 5 852 0 939 100 416 200 713 300 1414 400
1513 0 5 1268 0 852 100 416 200 713 300 1414 400
1514 0 5 1268 0 1373 100 416 200 713 300 1414 400
1515 0 5 1373 0 416 100 713 200 1414 300 1257 400
1516 0 5 124 0 416 100 713 200 1414 300 1257 400
1517 0 5 113 0 124 100 416 200 713 300 1414 400
1518 0 5 113 0 1122 100 416 200 713 300 1414 400
1519 0 5 1122 0 386 100 416 200 713 300 1414 400
1520 0 5 591 0 386 100 416 200 713 300 1414 400
1521 0 5 591 0 490 100 416 200 713 300 1414 400
1522 0 5 578 0 490 100 416 200 713 300 1414 400
1523 0 5 578 0 1061 100 416 200 713 300 1414 400
1524 0 5 1061 0 416 100 713 200 245 300 1414 400
1525 0 5 416 0 713 100 1201 200 245 300 1414 400
1526 0 5 1077 0 416 100 713 200 1201 300 1414 400
1527 0 5 479 0 1077 100 416 200 713 300 1414 400
1528 0 5 958 0 479 100 416 200 713 300 1414 400
1529 0 5 958 0 1337 100 416 200 713 300 1414 400
1530 0 5 1337 0 268 100 416 200 713 300 1414 400
1531 0 5 184 0 268 100 416 200 713 300 1414 400
1532 0 5 823 0 184 100 713 200 416 300 1414 400
1533 0 5 823 0 966 100 713 200 416 300 1414 400
1534 0 5 929 0 966 100 713 200 416 300 1414 400
1535 0 5 929 0 193 100 713 200 416 300 1414 400
1536 0 5 994 0 193 100 713 200 416 300 1414 400
1537 0 5 994 0 1304 100 713 200 416 300 1257 400
1538 0 5 1304 0 1154 100 713 200 416 300 1257 400
1539 0 5 1154 0 713 100 960 200 416 300 1257 400
1540 0 5 781 0 713 100 416 200 960 300 1257 400
-1
EOF
