1540
1 0 5 420 0 206 100 1393 200 1248 300 810 400
2 0 5 387 0 1273 100 886 200 1066 300 592 400
3 0 5 1422 0 940 100 695 200 343 300 1271 400
4 0 5 247 0 406 100 1466 200 790 300 835 400
5 0 5 132 0 1017 100 1031 200 278 300 251 400
6 0 5 317 0 245 100 55 200 1103 300 38 400
7 0 5 1347 0 453 100 335 200 1009 300 314 400
8 0 5 1106 0 267 100 1425 200 417 300 406 400
9 0 5 97 0 695 100 844 200 1301 300 940 400
10 0 5 1141 0 1009 100 453 200 1465 300 1098 400
11 0 5 687 0 460 100 220 200 590 300 1477 400
12 0 5 378 0 452 100 509 200 856 300 1471 400
13 0 5 89 0 985 100 459 200 866 300 684 400
14 0 5 351 0 934 100 234 200 763 300 643 400
15 0 5 144 0 1240 100 907 200 722 300 1075 400
16 0 5 98 0 889 100 521 200 663 300 1188 400
17 0 5 1340 0 487 100 1345 200 140 300 1280 400
18 0 5 704 0 792 100 912 200 111 300 834 400
19 0 5 320 0 1071 100 493 200 1466 300 872 400
20 0 5 1074 0 1385 100 1146 200 1150 300 658 400
21 0 5 1148 0 845 100 479 200 983 300 304 400
22 0 5 821 0 217 100 826 200 689 300 399 400
23 0 5 1247 0 608 100 270 200 753 300 395 400
24 0 5 762 0 1277 100 1223 200 1307 300 531 400
25 0 5 1265 0 167 100 135 200 1072 300 1032 400
26 0 5 847 0 176 100 282 200 666 300 455 400
27 0 5 234 0 1467 100 784 200 643 300 95 400
28 0 5 1316 0 660 100 750 200 1219 300 578 400
29 0 5 465 0 724 100 336 200 155 300 1341 400
30 0 5 499 0 364 100 1047 200 559 300 698 400
31 0 5 901 0 1491 100 975 200 1454 300 887 400
32 0 5 210 0 583 100 792 200 289 300 912 400
33 0 5 577 0 1392 100 728 200 847 300 39 400
34 0 5 484 0 1239 100 1223 200 112 300 1209 400
35 0 5 341 0 1485 100 1346 200 977 300 1312 400
36 0 5 793 0 395 100 916 200 1245 300 1066 400
37 0 5 1162 0 871 100 511 200 737 300 922 400
38 0 5 432 0 681 100 1103 200 317 300 221 400
39 0 5 61 0 577 100 41 200 681 300 221 400
40 0 5 174 0 1463 100 552 200 1205 300 263 400
41 0 5 185 0 39 100 577 200 847 300 26 400
42 0 5 657 0 312 100 1408 200 1428 300 349 400
43 0 5 63 0 676 100 805 200 57 300 1102 400
44 0 5 705 0 1181 100 64 200 1050 300 1481 400
45 0 5 131 0 1299 100 457 200 1040 300 533 400
46 0 5 439 0 49 100 492 200 1027 300 1432 400
47 0 5 130 0 263 100 1289 200 408 300 1183 400
48 0 5 536 0 232 100 1225 200 701 300 724 400
49 0 5 911 0 46 100 1363 200 1432 300 437 400
50 0 5 59 0 824 100 1332 200 964 300 1060 400
51 0 5 579 0 1191 100 963 200 1054 300 69 400
52 0 5 365 0 522 100 582 200 645 300 126 400
53 0 5 129 0 875 100 1107 200 62 300 910 400
54 0 5 229 0 82 100 1131 200 1133 300 308 400
55 0 5 840 0 1103 100 6 200 245 300 38 400
56 0 5 955 0 662 100 295 200 942 300 1218 400
57 0 5 805 0 562 100 224 200 438 300 1021 400
58 0 5 1167 0 216 100 1388 200 763 300 1000 400
59 0 5 50 0 1060 100 1263 200 70 300 824 400
60 0 5 458 0 893 100 1100 200 576 300 454 400
61 0 5 39 0 681 100 221 200 728 300 432 400
62 0 5 1107 0 366 100 53 200 1296 300 875 400
63 0 5 43 0 1102 100 748 200 805 300 1292 400
64 0 5 1050 0 1274 100 1481 200 44 300 1033 400
65 0 5 706 0 850 100 1184 200 1065 300 854 400
66 0 5 609 0 1093 100 1069 200 909 300 179 400
67 0 5 799 0 888 100 527 200 546 300 745 400
68 0 5 242 0 1292 100 982 200 1361 300 1309 400
69 0 5 398 0 226 100 1416 200 51 300 426 400
70 0 5 651 0 59 100 1263 200 1359 300 702 400
71 0 5 535 0 1083 100 1318 200 754 300 319 400
72 0 5 519 0 744 100 1012 200 622 300 462 400
73 0 5 873 0 120 100 1083 200 592 300 1390 400
74 0 5 279 0 1164 100 300 200 451 300 715 400
75 0 5 977 0 1255 100 720 200 180 300 1346 400
76 0 5 754 0 319 100 118 200 315 300 1204 400
77 0 5 494 0 1004 100 1206 200 1120 300 1464 400
78 0 5 540 0 1270 100 968 200 545 300 1121 400
79 0 5 1182 0 579 100 1181 200 801 300 1050 400
80 0 5 674 0 745 100 1431 200 171 300 959 400
81 0 5 1126 0 757 100 990 200 732 300 813 400
82 0 5 1504 0 1503 100 54 200 1131 300 294 400
83 0 5 1093 0 1130 100 1268 200 981 300 179 400
84 0 5 1490 0 993 100 809 200 1480 300 584 400
85 0 5 1119 0 1479 100 827 200 134 300 830 400
86 0 5 1299 0 794 100 1136 200 1280 300 421 400
87 0 5 1183 0 1503 100 1502 200 206 300 420 400
88 0 5 1494 0 540 100 1270 200 1405 300 968 400
89 0 5 646 0 13 100 684 200 866 300 250 400
90 0 5 669 0 1082 100 132 200 1166 300 515 400
91 0 5 193 0 802 100 233 200 1084 300 386 400
92 0 5 714 0 1306 100 137 200 297 300 616 400
93 0 5 973 0 151 100 781 200 610 300 145 400
94 0 5 1322 0 1468 100 309 200 282 300 556 400
95 0 5 351 0 234 100 216 200 14 300 763 400
96 0 5 1499 0 1291 100 561 200 740 300 1078 400
97 0 5 642 0 164 100 9 200 99 300 844 400
98 0 5 16 0 530 100 889 200 1188 300 838 400
99 0 5 823 0 642 100 1301 200 490 300 97 400
100 0 5 625 0 1427 100 862 200 664 300 125 400
101 0 5 788 0 526 100 843 200 1404 300 348 400
102 0 5 106 0 1433 100 266 200 1403 300 1238 400
103 0 5 572 0 377 100 112 200 1253 300 1389 400
104 0 5 1286 0 1361 100 1076 200 404 300 884 400
105 0 5 882 0 1171 100 858 200 755 300 992 400
106 0 5 102 0 1236 100 461 200 1215 300 190 400
107 0 5 1169 0 1123 100 128 200 842 300 514 400
108 0 5 1269 0 1200 100 605 200 922 300 208 400
109 0 5 839 0 122 100 1262 200 1185 300 232 400
110 0 5 1244 0 927 100 135 200 354 300 456 400
111 0 5 704 0 834 100 912 200 138 300 18 400
112 0 5 1239 0 103 100 1253 200 1389 300 1223 400
113 0 5 1122 0 428 100 897 200 1396 300 134 400
114 0 5 1011 0 1444 100 779 200 1215 300 1302 400
115 0 5 971 0 119 100 765 200 1230 300 1099 400
116 0 5 571 0 520 100 967 200 503 300 379 400
117 0 5 662 0 295 100 795 200 942 300 1256 400
118 0 5 410 0 76 100 1077 200 447 300 607 400
119 0 5 1099 0 904 100 115 200 917 300 971 400
120 0 5 1439 0 873 100 73 200 721 300 268 400
121 0 5 508 0 1015 100 1088 200 741 300 604 400
122 0 5 1262 0 786 100 109 200 1185 300 232 400
123 0 5 644 0 1135 100 1264 200 1310 300 1395 400
124 0 5 1337 0 1396 100 1423 200 730 300 209 400
125 0 5 598 0 1497 100 405 200 412 300 625 400
126 0 5 1231 0 772 100 941 200 645 300 365 400
127 0 5 347 0 966 100 374 200 486 300 485 400
128 0 5 842 0 1258 100 107 200 152 300 1453 400
129 0 5 53 0 910 100 1479 200 62 300 1119 400
130 0 5 47 0 1289 100 1183 200 408 300 263 400
131 0 5 45 0 457 100 1299 200 1024 300 1040 400
132 0 5 5 0 669 100 90 200 1026 300 1304 400
133 0 5 863 0 556 100 355 200 307 300 925 400
134 0 5 827 0 1326 100 85 200 428 300 113 400
135 0 5 1265 0 1072 100 628 200 506 300 276 400
136 0 5 414 0 627 100 1038 200 305 300 647 400
137 0 5 297 0 1498 100 292 200 92 300 438 400
138 0 5 548 0 834 100 1496 200 372 300 111 400
139 0 5 952 0 1128 100 679 200 1421 300 503 400
140 0 5 1282 0 17 100 1386 200 219 300 157 400
141 0 5 578 0 933 100 1316 200 1194 300 791 400
142 0 5 207 0 363 100 175 200 547 300 885 400
143 0 5 1288 0 1142 100 544 200 562 300 1010 400
144 0 5 946 0 15 100 1297 200 722 300 346 400
145 0 5 760 0 782 100 1362 200 1447 300 151 400
146 0 5 205 0 1327 100 699 200 825 300 507 400
147 0 5 567 0 1086 100 944 200 1187 300 917 400
148 0 5 1383 0 757 100 751 200 773 300 990 400
149 0 5 653 0 1172 100 485 200 331 300 1436 400
150 0 5 1301 0 717 100 99 200 9 300 295 400
151 0 5 870 0 93 100 760 200 973 300 145 400
152 0 5 654 0 244 100 1334 200 128 300 946 400
153 0 5 1254 0 289 100 716 200 184 300 1105 400
154 0 5 392 0 1478 100 334 200 1201 300 744 400
155 0 5 536 0 1225 100 463 200 1500 300 724 400
156 0 5 1498 0 1043 100 292 200 1076 300 1286 400
157 0 5 1345 0 1303 100 1136 200 1280 300 17 400
158 0 5 1067 0 526 100 415 200 843 300 856 400
159 0 5 732 0 733 100 477 200 895 300 165 400
160 0 5 236 0 1251 100 867 200 337 300 1324 400
161 0 5 726 0 475 100 517 200 257 300 1329 400
162 0 5 896 0 1201 100 1146 200 986 300 658 400
163 0 5 1252 0 617 100 254 200 789 300 776 400
164 0 5 97 0 1092 100 281 200 931 300 490 400
165 0 5 367 0 733 100 1065 200 706 300 477 400
166 0 5 1499 0 1357 100 230 200 237 300 373 400
167 0 5 25 0 1246 100 1032 200 478 300 910 400
168 0 5 841 0 1030 100 735 200 1025 300 421 400
169 0 5 433 0 285 100 1513 200 1514 300 212 400
170 0 5 1203 0 563 100 1048 200 316 300 305 400
171 0 5 1431 0 238 100 674 200 80 300 745 400
172 0 5 441 0 985 100 451 200 1341 300 866 400
173 0 5 613 0 213 100 848 200 188 300 909 400
174 0 5 40 0 263 100 1463 200 1196 300 552 400
175 0 5 1135 0 1264 100 142 200 207 300 551 400
176 0 5 847 0 272 100 26 200 1044 300 455 400
177 0 5 470 0 482 100 995 200 1381 300 392 400
178 0 5 1309 0 1342 100 404 200 1361 300 68 400
179 0 5 1093 0 981 100 661 200 609 300 83 400
180 0 5 1230 0 1255 100 1149 200 1099 300 75 400
181 0 5 1121 0 545 100 968 200 1481 300 1274 400
182 0 5 527 0 1343 100 243 200 534 300 439 400
183 0 5 832 0 1169 100 1023 200 1123 300 107 400
184 0 5 504 0 697 100 1138 200 394 300 289 400
185 0 5 327 0 41 100 666 200 1019 300 681 400
186 0 5 814 0 1160 100 865 200 250 300 936 400
187 0 5 1229 0 1488 100 1442 200 194 300 293 400
188 0 5 848 0 476 100 283 200 173 300 213 400
189 0 5 1429 0 1460 100 564 200 361 300 241 400
190 0 5 812 0 461 100 1242 200 1236 300 106 400
191 0 5 636 0 280 100 1116 200 1252 300 789 400
192 0 5 975 0 887 100 1454 200 31 300 901 400
193 0 5 1097 0 91 100 822 200 802 300 233 400
194 0 5 1229 0 324 100 1391 200 1488 300 187 400
195 0 5 620 0 1455 100 1374 200 970 300 52 400
196 0 5 218 0 758 100 949 200 596 300 668 400
197 0 5 1159 0 772 100 391 200 941 300 659 400
198 0 5 1042 0 366 100 601 200 1125 300 230 400
199 0 5 630 0 1061 100 1331 200 415 300 202 400
200 0 5 673 0 948 100 883 200 743 300 1007 400
201 0 5 1036 0 314 100 335 200 525 300 764 400
202 0 5 1331 0 436 100 1061 200 199 300 999 400
203 0 5 955 0 491 100 591 200 1059 300 742 400
204 0 5 476 0 1029 100 661 200 880 300 188 400
205 0 5 146 0 825 100 718 200 1327 300 815 400
206 0 5 1502 0 1 100 1183 200 87 300 819 400
207 0 5 142 0 424 100 175 200 363 300 648 400
208 0 5 915 0 1063 100 997 200 605 300 777 400
209 0 5 1423 0 622 100 519 200 124 300 431 400
210 0 5 32 0 857 100 792 200 583 300 912 400
211 0 5 1081 0 910 100 466 200 640 300 875 400
212 0 5 1322 0 1507 100 1506 200 1044 300 169 400
213 0 5 779 0 173 100 188 200 613 300 848 400
214 0 5 1210 0 892 100 563 200 1191 300 1054 400
215 0 5 1033 0 383 100 685 200 501 300 1380 400
216 0 5 58 0 763 100 95 200 1388 300 785 400
217 0 5 22 0 829 100 689 200 818 300 826 400
218 0 5 196 0 596 100 1251 200 337 300 616 400
219 0 5 1024 0 794 100 1282 200 140 300 457 400
220 0 5 590 0 11 100 314 200 624 300 460 400
221 0 5 1089 0 61 100 728 200 681 300 38 400
222 0 5 1379 0 538 100 790 200 1493 300 877 400
223 0 5 738 0 307 100 1237 200 1114 300 925 400
224 0 5 438 0 562 100 57 200 1288 300 297 400
225 0 5 244 0 807 100 1334 200 832 300 152 400
226 0 5 426 0 575 100 69 200 1117 300 1279 400
227 0 5 631 0 250 100 939 200 874 300 186 400
228 0 5 1321 0 1383 100 1197 200 651 300 1108 400
229 0 5 54 0 402 100 1133 200 1168 300 558 400
230 0 5 237 0 1499 100 166 200 1042 300 1357 400
231 0 5 560 0 1410 100 734 200 1456 300 806 400
232 0 5 48 0 701 100 1185 200 1225 300 724 400
233 0 5 802 0 1205 100 91 200 193 300 552 400
234 0 5 27 0 95 100 643 200 14 300 784 400
235 0 5 1014 0 1155 100 358 200 601 300 366 400
236 0 5 390 0 160 100 867 200 337 300 1124 400
237 0 5 230 0 1357 100 166 200 740 300 1042 400
238 0 5 1224 0 171 100 930 200 1431 300 80 400
239 0 5 1382 0 1400 100 943 200 1085 300 1451 400
240 0 5 639 0 1475 100 422 200 541 300 1332 400
241 0 5 1152 0 361 100 1429 200 189 300 1460 400
242 0 5 68 0 798 100 982 200 1292 300 837 400
243 0 5 566 0 1366 100 1343 200 1220 300 527 400
244 0 5 514 0 225 100 152 200 832 300 128 400
245 0 5 517 0 6 100 1329 200 1441 300 655 400
246 0 5 1419 0 463 100 650 200 690 300 680 400
247 0 5 4 0 835 100 790 200 1285 300 877 400
248 0 5 1487 0 345 100 1007 200 1197 300 820 400
249 0 5 1511 0 1510 100 1363 200 1027 300 534 400
250 0 5 227 0 646 100 186 200 939 300 631 400
251 0 5 1017 0 572 100 5 200 1031 300 1253 400
252 0 5 1212 0 1103 100 1420 200 389 300 38 400
253 0 5 449 0 1398 100 890 200 1399 300 774 400
254 0 5 617 0 1370 100 163 200 1058 300 636 400
255 0 5 607 0 447 100 118 200 573 300 1111 400
256 0 5 384 0 1358 100 466 200 1272 300 725 400
257 0 5 859 0 1329 100 245 200 161 300 1103 400
258 0 5 588 0 1015 100 980 200 604 300 1037 400
259 0 5 1338 0 670 100 935 200 709 300 633 400
260 0 5 1396 0 1326 100 1243 200 113 300 134 400
261 0 5 262 0 945 100 1402 200 788 300 759 400
262 0 5 261 0 1001 100 945 200 342 300 524 400
263 0 5 47 0 174 100 1205 200 130 300 40 400
264 0 5 368 0 1406 100 1233 200 511 300 1085 400
265 0 5 1254 0 716 100 1294 200 729 300 1028 400
266 0 5 1238 0 1433 100 102 200 338 300 727 400
267 0 5 8 0 417 100 1106 200 406 300 1369 400
268 0 5 1489 0 873 100 71 200 120 300 584 400
269 0 5 863 0 1237 100 307 200 925 300 558 400
270 0 5 608 0 427 100 301 200 395 300 23 400
271 0 5 450 0 931 100 1418 200 1408 300 281 400
272 0 5 176 0 1044 100 1392 200 847 300 1393 400
273 0 5 333 0 533 100 1112 200 1040 300 1405 400
274 0 5 1425 0 283 100 417 200 1029 300 476 400
275 0 5 621 0 1404 100 348 200 999 300 855 400
276 0 5 634 0 506 100 393 200 1415 300 135 400
277 0 5 613 0 909 100 1069 200 362 300 66 400
278 0 5 1017 0 356 100 5 200 251 300 1253 400
279 0 5 74 0 1341 100 1373 200 441 300 451 400
280 0 5 191 0 789 100 1353 200 817 300 1446 400
281 0 5 1418 0 931 100 1092 200 490 300 164 400
282 0 5 299 0 666 100 455 200 1153 300 26 400
283 0 5 1425 0 188 100 719 200 476 300 274 400
284 0 5 1434 0 1180 100 775 200 615 300 1458 400
285 0 5 433 0 958 100 169 200 308 300 355 400
286 0 5 1113 0 1133 100 294 200 1208 300 1378 400
287 0 5 1412 0 1143 100 388 200 878 300 1337 400
288 0 5 425 0 346 100 842 200 1453 300 1241 400
289 0 5 1028 0 153 100 504 200 184 300 857 400
290 0 5 480 0 298 100 390 200 409 300 1018 400
291 0 5 956 0 957 100 927 200 359 300 296 400
292 0 5 1286 0 156 100 1498 200 137 300 714 400
293 0 5 1488 0 1308 100 1442 200 418 300 1397 400
294 0 5 286 0 1248 100 1113 200 82 300 1208 400
295 0 5 717 0 117 100 56 200 662 300 942 400
296 0 5 1046 0 412 100 359 200 291 300 869 400
297 0 5 137 0 438 100 1221 200 92 300 1306 400
298 0 5 371 0 409 100 290 200 1177 300 633 400
299 0 5 282 0 455 100 94 200 1322 300 666 400
300 0 5 1373 0 1164 100 74 200 866 300 715 400
301 0 5 1094 0 1245 100 270 200 395 300 1390 400
302 0 5 1403 0 719 100 369 200 1433 300 1238 400
303 0 5 322 0 1227 100 1026 200 1277 300 1307 400
304 0 5 1008 0 900 100 1148 200 370 300 21 400
305 0 5 627 0 563 100 960 200 647 300 136 400
306 0 5 581 0 1276 100 1185 200 543 300 1118 400
307 0 5 223 0 925 100 1237 200 133 300 863 400
308 0 5 355 0 558 100 958 200 285 300 54 400
309 0 5 918 0 1468 100 94 200 1049 300 1153 400
310 0 5 1068 0 675 100 743 200 868 300 1319 400
311 0 5 723 0 1483 100 396 200 969 300 1053 400
312 0 5 1428 0 42 100 657 200 349 300 105 400
313 0 5 1440 0 1496 100 1491 200 834 300 976 400
314 0 5 1347 0 201 100 220 200 11 300 453 400
315 0 5 1204 0 1314 100 450 200 76 300 931 400
316 0 5 801 0 1048 100 705 200 1203 300 563 400
317 0 5 6 0 1019 100 38 200 1441 300 245 400
318 0 5 1407 0 1386 100 468 200 926 300 853 400
319 0 5 1318 0 447 100 76 200 71 300 1111 400
320 0 5 19 0 376 100 967 200 872 300 416 400
321 0 5 489 0 770 100 595 200 1166 300 1405 400
322 0 5 1307 0 303 100 1026 200 1227 300 1277 400
323 0 5 510 0 888 100 745 200 1070 300 171 400
324 0 5 194 0 331 100 1391 200 653 300 1488 400
325 0 5 703 0 759 100 357 200 1001 300 1109 400
326 0 5 919 0 1105 100 614 200 394 300 637 400
327 0 5 1019 0 185 100 1153 200 1035 300 1441 400
328 0 5 549 0 528 100 473 200 753 300 708 400
329 0 5 1241 0 928 100 597 200 842 300 425 400
330 0 5 887 0 861 100 1209 200 1447 300 901 400
331 0 5 485 0 324 100 149 200 653 300 1391 400
332 0 5 700 0 1367 100 1334 200 152 300 807 400
333 0 5 1112 0 273 100 1121 200 533 300 968 400
334 0 5 1201 0 803 100 154 200 162 300 896 400
335 0 5 764 0 7 100 555 200 1372 300 988 400
336 0 5 839 0 724 100 29 200 155 300 465 400
337 0 5 1161 0 1251 100 616 200 236 300 218 400
338 0 5 727 0 903 100 266 200 1045 300 1433 400
339 0 5 701 0 1225 100 1064 200 429 300 1118 400
340 0 5 360 0 1104 100 798 200 864 300 352 400
341 0 5 35 0 1312 100 1485 200 891 300 1399 400
342 0 5 1001 0 524 100 262 200 759 300 822 400
343 0 5 708 0 695 100 3 200 940 300 1422 400
344 0 5 1451 0 378 100 1085 200 691 300 1382 400
345 0 5 1487 0 248 100 743 200 1007 300 675 400
346 0 5 288 0 1453 100 722 200 425 300 1312 400
347 0 5 127 0 486 100 1469 200 966 300 374 400
348 0 5 843 0 999 100 1404 200 275 300 855 400
349 0 5 483 0 657 100 1077 200 312 300 573 400
350 0 5 634 0 1368 100 1139 200 933 300 393 400
351 0 5 14 0 95 100 234 200 27 300 643 400
352 0 5 360 0 1095 100 559 200 837 300 797 400
353 0 5 1439 0 941 100 1159 200 721 300 120 400
354 0 5 956 0 927 100 456 200 995 300 469 400
355 0 5 308 0 958 100 133 200 558 300 285 400
356 0 5 278 0 1253 100 1307 200 1017 300 251 400
357 0 5 710 0 1109 100 759 200 1313 300 325 400
358 0 5 897 0 1014 100 235 200 198 300 366 400
359 0 5 296 0 1139 100 1046 200 291 300 634 400
360 0 5 340 0 352 100 798 200 1480 300 559 400
361 0 5 1152 0 241 100 399 200 189 300 826 400
362 0 5 806 0 1268 100 277 200 380 300 1130 400
363 0 5 885 0 142 100 207 200 547 300 648 400
364 0 5 698 0 30 100 644 200 1047 300 400 400
365 0 5 52 0 1231 100 809 200 522 300 126 400
366 0 5 62 0 198 100 897 200 954 300 1122 400
367 0 5 165 0 541 100 1332 200 565 300 850 400
368 0 5 1233 0 264 100 1216 200 1406 300 1061 400
369 0 5 1238 0 302 100 828 200 338 300 1403 400
370 0 5 1435 0 1293 100 845 200 21 300 304 400
371 0 5 298 0 899 100 1338 200 633 300 1177 400
372 0 5 1440 0 1496 100 313 200 834 300 138 400
373 0 5 1499 0 1156 100 166 200 1086 300 567 400
374 0 5 1172 0 966 100 1256 200 1469 300 127 400
375 0 5 720 0 765 100 1255 200 115 300 75 400
376 0 5 320 0 520 100 967 200 379 300 872 400
377 0 5 908 0 103 100 572 200 501 300 383 400
378 0 5 12 0 344 100 691 200 1085 300 509 400
379 0 5 926 0 967 100 1407 200 571 300 603 400
380 0 5 806 0 731 100 894 200 1444 300 362 400
381 0 5 667 0 1022 100 1058 200 1259 300 1311 400
382 0 5 1411 0 518 100 861 200 1333 300 1207 400
383 0 5 1290 0 215 100 1348 200 1394 300 501 400
384 0 5 256 0 1358 100 466 200 430 300 1398 400
385 0 5 553 0 1485 100 1399 200 253 300 804 400
386 0 5 1404 0 1097 100 621 200 998 300 91 400
387 0 5 2 0 916 100 886 200 1430 300 1271 400
388 0 5 1143 0 652 100 1337 200 1396 300 124 400
389 0 5 1212 0 1158 100 252 200 1420 300 38 400
390 0 5 236 0 1018 100 290 200 867 300 1450 400
391 0 5 659 0 1159 100 197 200 721 300 353 400
392 0 5 154 0 532 100 744 200 803 300 1478 400
393 0 5 1175 0 1415 100 276 200 634 300 350 400
394 0 5 1138 0 1105 100 184 200 1371 300 326 400
395 0 5 36 0 793 100 1245 200 270 300 301 400
396 0 5 1483 0 1174 100 1424 200 311 300 1267 400
397 0 5 702 0 769 100 1108 200 1260 300 1166 400
398 0 5 1360 0 69 100 1416 200 1461 300 226 400
399 0 5 821 0 826 100 361 200 189 300 22 400
400 0 5 978 0 672 100 1047 200 522 300 364 400
401 0 5 849 0 1415 100 481 200 974 300 1175 400
402 0 5 979 0 229 100 558 200 1168 300 1378 400
403 0 5 912 0 1056 100 811 200 610 300 976 400
404 0 5 1361 0 178 100 547 200 884 300 104 400
405 0 5 412 0 598 100 125 200 482 300 625 400
406 0 5 749 0 1466 100 4 200 1106 300 1369 400
407 0 5 1304 0 1166 100 132 200 702 300 1026 400
408 0 5 914 0 1183 100 130 200 1393 300 47 400
409 0 5 298 0 1177 100 1459 200 290 300 1450 400
410 0 5 483 0 118 100 573 200 607 300 1077 400
411 0 5 445 0 739 100 826 200 1043 300 1018 400
412 0 5 405 0 598 100 296 200 125 300 482 400
413 0 5 1426 0 1436 100 682 200 1397 300 418 400
414 0 5 136 0 533 100 1030 200 1038 300 627 400
415 0 5 999 0 1331 100 199 200 158 300 843 400
416 0 5 872 0 1071 100 727 200 320 300 493 400
417 0 5 1029 0 768 100 1369 200 267 300 880 400
418 0 5 1397 0 1168 100 293 200 1426 300 1308 400
419 0 5 891 0 429 100 537 200 1346 300 1312 400
420 0 5 1540 0 1 100 206 200 819 300 87 400
421 0 5 555 0 1030 100 86 200 335 300 1136 400
422 0 5 1475 0 240 100 541 200 565 300 639 400
423 0 5 467 0 1123 100 471 200 1275 300 600 400
424 0 5 1257 0 207 100 559 200 648 300 698 400
425 0 5 288 0 1241 100 346 200 928 300 1312 400
426 0 5 226 0 1117 100 994 200 51 300 69 400
427 0 5 1094 0 659 100 270 200 1390 300 608 400
428 0 5 827 0 113 100 134 200 1122 300 897 400
429 0 5 419 0 1064 100 537 200 339 300 650 400
430 0 5 626 0 602 100 1358 200 384 300 1398 400
431 0 5 953 0 519 100 1012 200 1198 300 986 400
432 0 5 38 0 1089 100 681 200 221 300 61 400
433 0 5 169 0 285 100 958 200 1516 300 308 400
434 0 5 1134 0 1171 100 882 200 1235 300 497 400
435 0 5 1193 0 1219 100 677 200 906 300 1189 400
436 0 5 855 0 202 100 999 200 638 300 1224 400
437 0 5 530 0 1363 100 1145 200 768 300 49 400
438 0 5 224 0 297 100 1221 200 57 300 137 400
439 0 5 534 0 46 100 1363 200 1027 300 492 400
440 0 5 1192 0 1195 100 1356 200 1283 300 1427 400
441 0 5 172 0 451 100 1341 200 279 300 1414 400
442 0 5 711 0 924 100 1261 200 1090 300 1385 400
443 0 5 1320 0 1084 100 629 200 996 300 550 400
444 0 5 1261 0 711 100 539 200 1034 300 641 400
445 0 5 411 0 1124 100 236 200 390 300 714 400
446 0 5 665 0 1327 100 1079 200 913 300 205 400
447 0 5 1111 0 255 100 319 200 118 300 76 400
448 0 5 833 0 1025 100 1324 200 1450 300 1055 400
449 0 5 1179 0 253 100 1398 200 923 300 597 400
450 0 5 271 0 1077 100 1314 200 315 300 931 400
451 0 5 1373 0 441 100 172 200 279 300 300 400
452 0 5 513 0 1406 100 12 200 509 300 856 400
453 0 5 1009 0 7 100 10 200 314 300 1141 400
454 0 5 1484 0 1160 100 936 200 60 300 712 400
455 0 5 299 0 282 100 26 200 1322 300 1044 400
456 0 5 469 0 1244 100 1474 200 354 300 628 400
457 0 5 131 0 1024 100 1299 200 45 300 219 400
458 0 5 915 0 60 100 893 200 997 300 208 400
459 0 5 1006 0 1473 100 985 200 13 300 1375 400
460 0 5 606 0 590 100 516 200 11 300 1295 400
461 0 5 190 0 106 100 1242 200 1433 300 1236 400
462 0 5 622 0 469 100 744 200 921 300 1474 400
463 0 5 650 0 246 100 155 200 1225 300 1500 400
464 0 5 1371 0 614 100 565 200 512 300 850 400
465 0 5 29 0 1341 100 678 200 1500 300 1414 400
466 0 5 890 0 500 100 211 200 568 300 256 400
467 0 5 423 0 1123 100 1275 200 471 300 107 400
468 0 5 1386 0 1449 100 318 200 853 300 1443 400
469 0 5 456 0 462 100 1474 200 622 300 354 400
470 0 5 532 0 177 100 1381 200 995 300 803 400
471 0 5 1193 0 423 100 1275 200 923 300 435 400
472 0 5 813 0 1020 100 990 200 751 300 81 400
473 0 5 623 0 708 100 328 200 343 300 753 400
474 0 5 746 0 606 100 1236 200 590 300 460 400
475 0 5 161 0 1413 100 223 200 1114 300 726 400
476 0 5 848 0 188 100 204 200 909 300 609 400
477 0 5 1065 0 733 100 159 200 165 300 1129 400
478 0 5 1119 0 1246 100 85 200 1032 300 167 400
479 0 5 989 0 1461 100 1360 200 900 300 1008 400
480 0 5 290 0 633 100 689 200 1018 300 829 400
481 0 5 906 0 401 100 974 200 619 300 849 400
482 0 5 177 0 405 100 412 200 625 300 296 400
483 0 5 410 0 349 100 573 200 1077 300 607 400
484 0 5 1222 0 34 100 1239 200 1209 300 1223 400
485 0 5 331 0 966 100 149 200 653 300 127 400
486 0 5 549 0 347 100 1469 200 127 300 374 400
487 0 5 903 0 1340 100 1345 200 17 300 525 400
488 0 5 1075 0 1240 100 1087 200 1118 300 15 400
489 0 5 321 0 1166 100 595 200 770 300 1082 400
490 0 5 1408 0 1418 100 281 200 1062 300 164 400
491 0 5 810 0 203 100 591 200 742 300 1059 400
492 0 5 46 0 1432 100 1163 200 439 300 534 400
493 0 5 828 0 1045 100 1071 200 19 300 727 400
494 0 5 1464 0 77 100 1206 200 905 300 728 400
495 0 5 599 0 1395 100 551 200 123 300 970 400
496 0 5 783 0 580 100 1041 200 936 300 814 400
497 0 5 1134 0 858 100 1171 200 1010 300 1211 400
498 0 5 1456 0 1235 100 1428 200 882 300 1190 400
499 0 5 30 0 1047 100 1490 200 559 300 672 400
500 0 5 568 0 466 100 253 200 1149 300 890 400
501 0 5 908 0 685 100 215 200 383 300 1147 400
502 0 5 948 0 1377 100 815 200 1079 300 1174 400
503 0 5 1438 0 520 100 1379 200 139 300 571 400
504 0 5 857 0 184 100 289 200 697 300 811 400
505 0 5 810 0 742 100 1248 200 981 300 82 400
506 0 5 1072 0 1415 100 276 200 135 300 393 400
507 0 5 699 0 1157 100 862 200 683 300 146 400
508 0 5 121 0 934 100 1015 200 1470 300 1088 400
509 0 5 1406 0 1085 100 12 200 452 300 378 400
510 0 5 1070 0 323 100 638 200 888 300 1214 400
511 0 5 922 0 37 100 737 200 264 300 1233 400
512 0 5 991 0 1371 100 1180 200 464 300 565 400
513 0 5 1216 0 452 100 856 200 1406 300 630 400
514 0 5 244 0 832 100 107 200 225 300 1169 400
515 0 5 1031 0 669 100 1082 200 90 300 132 400
516 0 5 460 0 1295 100 950 200 606 300 746 400
517 0 5 245 0 1329 100 655 200 161 300 726 400
518 0 5 1389 0 382 100 1411 200 1333 300 1222 400
519 0 5 72 0 431 100 209 200 1012 300 986 400
520 0 5 503 0 116 100 376 200 571 300 835 400
521 0 5 663 0 641 100 539 200 16 300 838 400
522 0 5 978 0 52 100 365 200 400 300 809 400
523 0 5 1470 0 1409 100 1476 200 876 300 1091 400
524 0 5 998 0 342 100 822 200 1402 300 262 400
525 0 5 1242 0 570 100 1036 200 1303 300 624 400
526 0 5 101 0 158 100 843 200 1067 300 415 400
527 0 5 182 0 67 100 898 200 1343 300 243 400
528 0 5 881 0 328 100 753 200 549 300 473 400
529 0 5 1020 0 913 100 688 200 683 300 1327 400
530 0 5 437 0 98 100 889 200 1145 300 663 400
531 0 5 1223 0 1307 100 1253 200 1277 300 24 400
532 0 5 470 0 392 100 803 200 1381 300 154 400
533 0 5 1040 0 273 100 1112 200 333 300 414 400
534 0 5 439 0 879 100 1519 200 1520 300 771 400
535 0 5 1005 0 71 100 1083 200 754 300 1273 400
536 0 5 48 0 155 100 1225 200 724 300 232 400
537 0 5 594 0 429 100 1346 200 419 300 1419 400
538 0 5 1421 0 1128 100 222 200 1379 300 1344 400
539 0 5 641 0 521 100 1336 200 444 300 663 400
540 0 5 1270 0 78 100 88 200 1494 300 968 400
541 0 5 565 0 422 100 367 200 639 300 1332 400
542 0 5 1150 0 1493 100 1385 200 20 300 1344 400
543 0 5 1185 0 701 100 1276 200 1118 300 339 400
544 0 5 1010 0 1080 100 143 200 676 300 1142 400
545 0 5 968 0 181 100 1274 200 1481 300 78 400
546 0 5 888 0 67 100 629 200 996 300 1070 400
547 0 5 766 0 885 100 404 200 564 300 648 400
548 0 5 138 0 1132 100 1496 200 372 300 1454 400
549 0 5 328 0 486 100 528 200 1469 300 473 400
550 0 5 1320 0 1510 100 1509 200 819 300 420 400
551 0 5 599 0 1310 100 1264 200 495 300 175 400
552 0 5 612 0 1463 100 40 200 1205 300 233 400
553 0 5 385 0 804 100 1485 200 253 300 977 400
554 0 5 1000 0 846 100 1470 200 934 300 763 400
555 0 5 421 0 335 100 735 200 1465 300 988 400
556 0 5 1468 0 133 100 1049 200 309 300 587 400
557 0 5 1330 0 1078 100 1499 200 1100 300 586 400
558 0 5 308 0 402 100 355 200 1308 300 979 400
559 0 5 1281 0 797 100 352 200 30 300 424 400
560 0 5 231 0 734 100 806 200 1165 300 1410 400
561 0 5 898 0 1291 100 96 200 740 300 959 400
562 0 5 224 0 1288 100 57 200 143 300 676 400
563 0 5 170 0 305 100 892 200 1048 300 214 400
564 0 5 884 0 766 100 189 200 547 300 1076 400
565 0 5 541 0 464 100 422 200 614 300 639 400
566 0 5 243 0 898 100 816 200 740 300 1220 400
567 0 5 147 0 1187 100 1086 200 1296 300 944 400
568 0 5 500 0 1081 100 1107 200 466 300 211 400
569 0 5 1178 0 1144 100 726 200 1250 300 1110 400
570 0 5 812 0 624 100 525 200 590 300 1303 400
571 0 5 116 0 679 100 520 200 603 300 379 400
572 0 5 103 0 1253 100 251 200 377 300 112 400
573 0 5 607 0 410 100 755 200 483 300 255 400
574 0 5 1335 0 1228 100 846 200 761 300 791 400
575 0 5 1279 0 226 100 983 200 935 300 1117 400
576 0 5 1100 0 1156 100 712 200 60 300 1330 400
577 0 5 33 0 39 100 41 200 728 300 847 400
578 0 5 141 0 1316 100 1194 200 1335 300 933 400
579 0 5 801 0 51 100 79 200 1191 300 69 400
580 0 5 496 0 936 100 720 200 814 300 783 400
581 0 5 306 0 593 100 1276 200 1185 300 1339 400
582 0 5 947 0 645 100 52 200 126 300 1455 400
583 0 5 32 0 1365 100 1226 200 289 300 1259 400
584 0 5 1489 0 993 100 1480 200 809 300 1151 400
585 0 5 1363 0 1513 100 1512 200 1027 300 439 400
586 0 5 1078 0 1291 100 959 200 557 300 96 400
587 0 5 1110 0 1049 100 1144 200 556 300 1035 400
588 0 5 604 0 258 100 741 200 1015 300 121 400
589 0 5 1472 0 1195 100 1283 200 1284 300 860 400
590 0 5 606 0 460 100 570 200 220 300 11 400
591 0 5 1059 0 491 100 203 200 810 300 955 400
592 0 5 1066 0 1245 100 1273 200 2 300 1083 400
593 0 5 581 0 1339 100 1185 200 306 300 611 400
594 0 5 1041 0 537 100 690 200 1419 300 1375 400
595 0 5 1082 0 489 100 321 200 1147 300 1166 400
596 0 5 218 0 1221 100 616 200 196 300 1288 400
597 0 5 1399 0 928 100 449 200 329 300 253 400
598 0 5 125 0 412 100 405 200 1497 300 296 400
599 0 5 495 0 551 100 1310 200 1264 300 970 400
600 0 5 1179 0 923 100 423 200 471 300 449 400
601 0 5 1125 0 1042 100 1073 200 1401 300 1155 400
602 0 5 430 0 1358 100 626 200 1272 300 923 400
603 0 5 1407 0 679 100 571 200 926 300 379 400
604 0 5 588 0 741 100 1015 200 258 300 121 400
605 0 5 874 0 1063 100 1160 200 208 300 108 400
606 0 5 746 0 460 100 590 200 474 300 516 400
607 0 5 255 0 573 100 118 200 410 300 483 400
608 0 5 270 0 23 100 1247 200 427 300 753 400
609 0 5 909 0 66 100 661 200 1093 300 1069 400
610 0 5 1056 0 781 100 697 200 811 300 93 400
611 0 5 786 0 1262 100 1339 200 1185 300 109 400
612 0 5 552 0 692 100 1463 200 822 300 193 400
613 0 5 277 0 173 100 909 200 848 300 213 400
614 0 5 919 0 850 100 464 200 326 300 565 400
615 0 5 1434 0 1458 100 284 200 1227 300 964 400
616 0 5 1161 0 714 100 596 200 337 300 218 400
617 0 5 254 0 163 100 1252 200 636 300 1370 400
618 0 5 1035 0 1441 100 1250 200 1019 300 327 400
619 0 5 725 0 481 100 694 200 1272 300 401 400
620 0 5 1374 0 195 100 364 200 978 300 400 400
621 0 5 275 0 386 100 638 200 1404 300 855 400
622 0 5 209 0 462 100 72 200 469 300 744 400
623 0 5 473 0 795 100 1469 200 708 300 343 400
624 0 5 570 0 525 100 1036 200 590 300 1303 400
625 0 5 405 0 862 100 1157 200 100 300 482 400
626 0 5 430 0 602 100 1398 200 923 300 1358 400
627 0 5 305 0 136 100 563 200 1038 300 414 400
628 0 5 1474 0 135 100 1244 200 456 300 167 400
629 0 5 996 0 443 100 546 200 888 300 67 400
630 0 5 199 0 1216 100 1061 200 856 300 1233 400
631 0 5 227 0 874 100 250 200 605 300 186 400
632 0 5 785 0 1388 100 660 200 216 300 1167 400
633 0 5 1338 0 480 100 689 200 371 300 259 400
634 0 5 350 0 276 100 393 200 1139 300 359 400
635 0 5 951 0 1317 100 700 200 1023 300 750 400
636 0 5 191 0 1116 100 1252 200 617 300 254 400
637 0 5 716 0 1105 100 850 200 919 300 326 400
638 0 5 855 0 510 100 621 200 436 300 1214 400
639 0 5 240 0 1475 100 541 200 1332 300 565 400
640 0 5 910 0 211 100 466 200 568 300 167 400
641 0 5 539 0 521 100 1199 200 444 300 1034 400
642 0 5 97 0 99 100 1301 200 9 300 164 400
643 0 5 784 0 234 100 934 200 1467 300 27 400
644 0 5 123 0 698 100 364 200 1374 300 1310 400
645 0 5 772 0 582 100 126 200 52 300 947 400
646 0 5 89 0 250 100 684 200 939 300 227 400
647 0 5 960 0 1038 100 305 200 1210 300 136 400
648 0 5 1342 0 885 100 1232 200 1281 300 424 400
649 0 5 1492 0 961 100 980 200 1096 300 664 400
650 0 5 463 0 1225 100 246 200 429 300 1419 400
651 0 5 70 0 1321 100 1263 200 1260 300 59 400
652 0 5 1337 0 1143 100 388 200 730 300 1423 400
653 0 5 149 0 1436 100 1391 200 485 300 331 400
654 0 5 1258 0 152 100 1453 200 946 300 128 400
655 0 5 1178 0 726 100 517 200 1250 300 245 400
656 0 5 816 0 740 100 1125 200 1042 300 1357 400
657 0 5 42 0 349 100 1077 200 312 300 118 400
658 0 5 924 0 1090 100 1385 200 1201 300 1074 400
659 0 5 391 0 427 100 721 200 197 300 1390 400
660 0 5 28 0 785 100 750 200 1388 300 1167 400
661 0 5 713 0 609 100 179 200 981 300 204 400
662 0 5 117 0 56 100 942 200 295 300 1218 400
663 0 5 889 0 1199 100 521 200 16 300 641 400
664 0 5 980 0 649 100 860 200 100 300 1096 400
665 0 5 446 0 913 100 1376 200 820 300 938 400
666 0 5 1153 0 282 100 185 200 26 300 41 400
667 0 5 381 0 1365 100 1259 200 1226 300 1058 400
668 0 5 1202 0 949 100 1154 200 972 300 196 400
669 0 5 90 0 515 100 1031 200 132 300 5 400
670 0 5 935 0 709 100 259 200 932 300 1435 400
671 0 5 1362 0 775 100 1180 200 145 300 973 400
672 0 5 1047 0 1490 100 400 200 809 300 499 400
673 0 5 1007 0 1176 100 200 200 948 300 743 400
674 0 5 745 0 80 100 171 200 1431 300 238 400
675 0 5 1315 0 868 100 310 200 1068 300 345 400
676 0 5 43 0 1080 100 544 200 992 300 562 400
677 0 5 1193 0 694 100 435 200 906 300 923 400
678 0 5 1414 0 1448 100 465 200 1500 300 1341 400
679 0 5 952 0 139 100 571 200 603 300 969 400
680 0 5 690 0 1375 100 1500 200 246 300 1419 400
681 0 5 61 0 38 100 221 200 432 300 185 400
682 0 5 1208 0 1378 100 1256 200 413 300 1436 400
683 0 5 1234 0 507 100 1427 200 1020 300 529 400
684 0 5 939 0 646 100 1382 200 89 300 1200 400
685 0 5 1147 0 501 100 1033 200 215 300 383 400
686 0 5 1311 0 1022 100 1058 200 1116 300 254 400
687 0 5 1154 0 11 100 1141 200 972 300 668 400
688 0 5 938 0 913 100 836 200 751 300 529 400
689 0 5 829 0 217 100 932 200 633 300 480 400
690 0 5 680 0 1419 100 594 200 246 300 1375 400
691 0 5 715 0 1451 100 1164 200 378 300 344 400
692 0 5 1298 0 612 100 1463 200 822 300 1109 400
693 0 5 797 0 1095 100 837 200 982 300 1281 400
694 0 5 1272 0 677 100 725 200 906 300 481 400
695 0 5 9 0 343 100 3 200 940 300 1301 400
696 0 5 1266 0 1207 100 103 200 377 300 1348 400
697 0 5 184 0 811 100 1138 200 610 300 504 400
698 0 5 644 0 364 100 123 200 424 300 30 400
699 0 5 507 0 1157 100 1381 200 146 300 803 400
700 0 5 332 0 635 100 1367 200 951 300 1023 400
701 0 5 232 0 339 100 543 200 1225 300 1185 400
702 0 5 1260 0 397 100 1359 200 70 300 407 400
703 0 5 945 0 325 100 1001 200 357 300 261 400
704 0 5 18 0 111 100 138 200 834 300 792 400
705 0 5 44 0 1181 100 316 200 1481 300 64 400
706 0 5 65 0 1065 100 165 200 850 300 367 400
707 0 5 1454 0 1132 100 975 200 548 300 31 400
708 0 5 343 0 473 100 623 200 328 300 795 400
709 0 5 932 0 670 100 259 200 689 300 935 400
710 0 5 1002 0 357 100 1313 200 77 300 1109 400
711 0 5 442 0 444 100 1261 200 1143 300 652 400
712 0 5 1484 0 576 100 454 200 1100 300 765 400
713 0 5 661 0 1509 100 1508 200 981 300 179 400
714 0 5 92 0 1124 100 616 200 1498 300 1161 400
715 0 5 1164 0 691 100 300 200 1451 300 74 400
716 0 5 637 0 265 100 153 200 1254 300 729 400
717 0 5 295 0 150 100 1301 200 99 300 56 400
718 0 5 825 0 1146 100 902 200 896 300 205 400
719 0 5 302 0 1403 100 283 200 779 300 1302 400
720 0 5 375 0 75 100 1255 200 580 300 1346 400
721 0 5 1390 0 391 100 1159 200 659 300 120 400
722 0 5 1325 0 907 100 346 200 15 300 1453 400
723 0 5 311 0 1053 100 1344 200 1377 300 952 400
724 0 5 336 0 29 100 155 200 536 300 232 400
725 0 5 619 0 1272 100 694 200 256 300 677 400
726 0 5 161 0 655 100 569 200 1178 300 517 400
727 0 5 338 0 1045 100 903 200 493 300 266 400
728 0 5 1217 0 905 100 221 200 577 300 39 400
729 0 5 1445 0 1173 100 265 200 808 300 716 400
730 0 5 1198 0 1423 100 124 200 431 300 652 400
731 0 5 734 0 380 100 806 200 894 300 560 400
732 0 5 1126 0 159 100 81 200 1284 300 733 400
733 0 5 159 0 165 100 895 200 477 300 1065 400
734 0 5 731 0 560 100 894 200 231 300 1410 400
735 0 5 1465 0 1098 100 555 200 988 300 168 400
736 0 5 1232 0 982 100 1309 200 1281 300 797 400
737 0 5 787 0 511 100 871 200 37 300 1061 400
738 0 5 1442 0 223 100 1237 200 1308 300 187 400
739 0 5 1018 0 818 100 411 200 390 300 826 400
740 0 5 1357 0 656 100 816 200 566 300 96 400
741 0 5 604 0 851 100 588 200 1088 300 121 400
742 0 5 1218 0 505 100 1248 200 810 300 942 400
743 0 5 883 0 310 100 1007 200 345 300 200 400
744 0 5 72 0 462 100 1012 200 392 300 622 400
745 0 5 799 0 674 100 80 200 323 300 67 400
746 0 5 606 0 474 100 950 200 516 300 460 400
747 0 5 1052 0 1111 100 319 200 1151 300 778 400
748 0 5 1102 0 798 100 1292 200 63 300 1021 400
749 0 5 406 0 1369 100 768 200 417 300 1213 400
750 0 5 951 0 660 100 28 200 1219 300 635 400
751 0 5 836 0 990 100 148 200 688 300 813 400
752 0 5 776 0 1140 100 756 200 1127 300 163 400
753 0 5 881 0 1247 100 528 200 328 300 23 400
754 0 5 1318 0 535 100 76 200 1005 300 71 400
755 0 5 1323 0 992 100 573 200 105 300 1080 400
756 0 5 1370 0 1352 100 854 200 752 300 1184 400
757 0 5 773 0 990 100 148 200 81 300 895 400
758 0 5 196 0 949 100 1477 200 972 300 1142 400
759 0 5 325 0 1001 100 1109 200 357 300 1298 400
760 0 5 145 0 901 100 151 200 870 300 31 400
761 0 5 876 0 1228 100 1091 200 574 300 846 400
762 0 5 24 0 775 100 1452 200 1362 300 1223 400
763 0 5 1000 0 216 100 1167 200 14 300 58 400
764 0 5 1372 0 335 100 1136 200 201 300 1303 400
765 0 5 375 0 115 100 1484 200 454 300 1255 400
766 0 5 547 0 884 100 564 200 404 300 1076 400
767 0 5 1213 0 4 100 1328 200 406 300 800 400
768 0 5 417 0 1369 100 800 200 1145 300 749 400
769 0 5 1108 0 1495 100 397 200 1197 300 1487 400
770 0 5 321 0 1405 100 1494 200 489 300 868 400
771 0 5 879 0 1512 100 1511 200 534 300 550 400
772 0 5 645 0 126 100 197 200 947 300 941 400
773 0 5 895 0 757 100 148 200 1383 300 159 400
774 0 5 1149 0 804 100 253 200 500 300 1399 400
775 0 5 671 0 762 100 1362 200 1180 300 284 400
776 0 5 752 0 789 100 1252 200 163 300 280 400
777 0 5 922 0 1269 100 1162 200 37 300 208 400
778 0 5 1151 0 1052 100 1104 200 1480 300 747 400
779 0 5 213 0 1444 100 114 200 719 300 1302 400
780 0 5 815 0 1344 100 1150 200 1377 300 902 400
781 0 5 973 0 991 100 610 200 1138 300 93 400
782 0 5 1362 0 1447 100 1452 200 145 300 901 400
783 0 5 1041 0 496 100 580 200 865 300 720 400
784 0 5 643 0 1467 100 27 200 234 300 987 400
785 0 5 632 0 660 100 216 200 750 300 1388 400
786 0 5 611 0 1262 100 122 200 1185 300 1339 400
787 0 5 930 0 737 100 1224 200 871 300 202 400
788 0 5 1402 0 101 100 1404 200 261 300 262 400
789 0 5 776 0 280 100 1252 200 163 300 636 400
790 0 5 877 0 247 100 1387 200 222 300 1285 400
791 0 5 1368 0 1194 100 1335 200 1228 300 350 400
792 0 5 912 0 18 100 32 200 857 300 811 400
793 0 5 36 0 395 100 1422 200 916 300 3 400
794 0 5 1280 0 219 100 1024 200 1282 300 86 400
795 0 5 623 0 1469 100 117 200 374 300 343 400
796 0 5 1209 0 861 100 1222 200 1223 300 34 400
797 0 5 693 0 982 100 559 200 1095 300 1281 400
798 0 5 242 0 748 100 1292 200 340 300 360 400
799 0 5 745 0 67 100 527 200 674 300 80 400
800 0 5 1145 0 1328 100 768 200 889 300 1417 400
801 0 5 316 0 579 100 1048 200 1191 300 79 400
802 0 5 233 0 1084 100 91 200 1205 300 193 400
803 0 5 1381 0 334 100 532 200 699 300 392 400
804 0 5 553 0 774 100 1149 200 253 300 385 400
805 0 5 1021 0 57 100 63 200 43 300 676 400
806 0 5 362 0 380 100 560 200 731 300 1268 400
807 0 5 1334 0 225 100 1367 200 152 300 832 400
808 0 5 1173 0 1352 100 1016 200 729 300 1445 400
809 0 5 993 0 365 100 1489 200 84 300 584 400
810 0 5 491 0 505 100 742 200 1130 300 981 400
811 0 5 1056 0 403 100 697 200 610 300 912 400
812 0 5 190 0 570 100 590 200 525 300 1242 400
813 0 5 472 0 990 100 751 200 1020 300 81 400
814 0 5 936 0 186 100 865 200 1160 300 580 400
815 0 5 780 0 502 100 902 200 1377 300 718 400
816 0 5 656 0 566 100 1163 200 740 300 1220 400
817 0 5 1446 0 1353 100 280 200 1088 300 851 400
818 0 5 739 0 829 100 826 200 217 300 1018 400
819 0 5 1289 0 1505 100 1504 200 1183 300 206 400
820 0 5 1376 0 938 100 665 200 836 300 248 400
821 0 5 22 0 399 100 1435 200 689 300 826 400
822 0 5 998 0 1097 100 524 200 1298 300 193 400
823 0 5 99 0 1059 100 591 200 56 300 203 400
824 0 5 1332 0 50 100 1060 200 59 300 1263 400
825 0 5 205 0 718 100 146 200 1146 300 334 400
826 0 5 399 0 818 100 22 200 411 300 1152 400
827 0 5 428 0 134 100 1479 200 85 300 1326 400
828 0 5 493 0 1106 100 1045 200 369 300 1071 400
829 0 5 689 0 217 100 818 200 480 300 1018 400
830 0 5 1243 0 85 100 1326 200 209 300 260 400
831 0 5 1005 0 1273 100 1204 200 886 300 754 400
832 0 5 183 0 514 100 1169 200 225 300 1367 400
833 0 5 1324 0 448 100 1098 200 841 300 1465 400
834 0 5 111 0 138 100 1496 200 313 300 372 400
835 0 5 1285 0 247 100 520 200 1466 300 790 400
836 0 5 751 0 938 100 688 200 820 300 148 400
837 0 5 1095 0 693 100 352 200 242 300 798 400
838 0 5 1188 0 1432 100 1305 200 98 300 16 400
839 0 5 109 0 336 100 724 200 1185 300 611 400
840 0 5 55 0 859 100 1103 200 245 300 6 400
841 0 5 168 0 1025 100 1038 200 448 300 1098 400
842 0 5 128 0 288 100 107 200 1241 300 329 400
843 0 5 348 0 526 100 101 200 415 300 158 400
844 0 5 940 0 9 100 1430 200 1271 300 1092 400
845 0 5 21 0 1293 100 370 200 983 300 1279 400
846 0 5 554 0 876 100 574 200 1470 300 1167 400
847 0 5 26 0 176 100 1392 200 41 300 272 400
848 0 5 188 0 476 100 173 200 613 300 909 400
849 0 5 401 0 1415 100 933 200 1175 300 481 400
850 0 5 65 0 614 100 919 200 637 300 367 400
851 0 5 1088 0 741 100 1353 200 121 300 280 400
852 0 5 1431 0 871 100 997 200 238 300 930 400
853 0 5 1449 0 1424 100 1501 200 468 300 318 400
854 0 5 1184 0 1352 100 756 200 1173 300 808 400
855 0 5 436 0 638 100 275 200 999 300 348 400
856 0 5 1471 0 513 100 630 200 12 300 1216 400
857 0 5 210 0 504 100 289 200 792 300 912 400
858 0 5 1323 0 1171 100 497 200 105 300 882 400
859 0 5 257 0 840 100 245 200 252 300 1103 400
860 0 5 1486 0 1472 100 589 200 1037 300 664 400
861 0 5 796 0 330 100 382 200 1222 300 1411 400
862 0 5 1157 0 507 100 625 200 100 300 1427 400
863 0 5 269 0 133 100 558 200 307 300 355 400
864 0 5 1102 0 1104 100 1111 200 340 300 798 400
865 0 5 1350 0 1041 100 814 200 186 300 1057 400
866 0 5 943 0 985 100 300 200 1400 300 13 400
867 0 5 236 0 1324 100 160 200 1450 300 390 400
868 0 5 675 0 1068 100 310 200 1315 300 1405 400
869 0 5 1046 0 984 100 296 200 1091 300 1139 400
870 0 5 151 0 1170 100 760 200 901 300 31 400
871 0 5 852 0 37 100 1162 200 997 300 737 400
872 0 5 967 0 416 100 320 200 727 300 19 400
873 0 5 73 0 1083 100 120 200 268 300 71 400
874 0 5 605 0 631 100 186 200 1160 300 227 400
875 0 5 1081 0 1107 100 53 200 211 300 62 400
876 0 5 761 0 846 100 1470 200 523 300 1091 400
877 0 5 790 0 1379 100 1285 200 1438 300 222 400
878 0 5 1336 0 1412 100 1143 200 16 300 287 400
879 0 5 1506 0 1505 100 771 200 534 300 585 400
880 0 5 1029 0 417 100 1369 200 768 300 204 400
881 0 5 528 0 753 100 1247 200 328 300 549 400
882 0 5 1235 0 105 100 434 200 1171 300 858 400
883 0 5 743 0 200 100 1319 200 948 300 673 400
884 0 5 564 0 766 100 404 200 1076 300 104 400
885 0 5 363 0 547 100 648 200 404 300 424 400
886 0 5 387 0 1430 100 1314 200 1273 300 2 400
887 0 5 192 0 330 100 901 200 31 300 975 400
888 0 5 323 0 546 100 67 200 1070 300 996 400
889 0 5 663 0 16 100 98 200 800 300 530 400
890 0 5 1398 0 466 100 253 200 449 300 923 400
891 0 5 419 0 1312 100 537 200 1346 300 341 400
892 0 5 214 0 1191 100 1048 200 563 300 1054 400
893 0 5 458 0 60 100 1063 200 208 300 852 400
894 0 5 734 0 1482 100 380 200 1410 300 1190 400
895 0 5 773 0 1060 100 733 200 1263 300 159 400
896 0 5 162 0 1146 100 1201 200 718 300 334 400
897 0 5 358 0 1122 100 113 200 1014 300 366 400
898 0 5 561 0 566 100 527 200 745 300 740 400
899 0 5 371 0 994 100 963 200 1054 300 935 400
900 0 5 989 0 304 100 479 200 1013 300 1008 400
901 0 5 760 0 31 100 887 200 1447 300 975 400
902 0 5 718 0 815 100 1146 200 1150 300 825 400
903 0 5 487 0 338 100 727 200 461 300 17 400
904 0 5 944 0 119 100 917 200 115 300 568 400
905 0 5 1420 0 728 100 1464 200 1158 300 494 400
906 0 5 481 0 974 100 1189 200 677 300 435 400
907 0 5 15 0 722 100 1240 200 1325 300 1437 400
908 0 5 377 0 501 100 685 200 1031 300 1147 400
909 0 5 609 0 277 100 613 200 66 300 848 400
910 0 5 640 0 211 100 129 200 167 300 53 400
911 0 5 49 0 1432 100 1188 200 838 300 46 400
912 0 5 792 0 403 100 811 200 18 300 111 400
913 0 5 665 0 688 100 938 200 529 300 446 400
914 0 5 408 0 1278 100 1393 200 1217 300 1183 400
915 0 5 458 0 208 100 1063 200 60 300 893 400
916 0 5 1271 0 387 100 1066 200 36 300 1422 400
917 0 5 971 0 1086 100 904 200 944 300 119 400
918 0 5 1049 0 309 100 1153 200 1035 300 1468 400
919 0 5 326 0 614 100 850 200 637 300 1105 400
920 0 5 1473 0 1057 100 1351 200 459 300 1375 400
921 0 5 1474 0 1032 100 462 200 628 300 622 400
922 0 5 777 0 1269 100 511 200 1162 300 37 400
923 0 5 600 0 471 100 626 200 1398 300 602 400
924 0 5 1090 0 442 100 658 200 1261 300 1385 400
925 0 5 1114 0 307 100 133 200 1144 300 223 400
926 0 5 379 0 1407 100 967 200 1386 300 318 400
927 0 5 110 0 291 100 354 200 956 300 359 400
928 0 5 597 0 329 100 1399 200 425 300 346 400
929 0 5 1278 0 1196 100 1206 200 130 300 1004 400
930 0 5 787 0 1224 100 238 200 852 300 1431 400
931 0 5 1314 0 271 100 281 200 1418 300 965 400
932 0 5 709 0 1435 100 689 200 670 300 259 400
933 0 5 141 0 1175 100 849 200 350 300 578 400
934 0 5 508 0 14 100 643 200 1470 300 987 400
935 0 5 670 0 1117 100 259 200 899 300 1279 400
936 0 5 814 0 580 100 186 200 1160 300 496 400
937 0 5 1443 0 1349 100 1024 200 457 300 468 400
938 0 5 688 0 836 100 913 200 751 300 820 400
939 0 5 684 0 1200 100 646 200 250 300 227 400
940 0 5 844 0 3 100 695 200 9 300 343 400
941 0 5 1231 0 353 100 126 200 197 300 1159 400
942 0 5 1218 0 662 100 117 200 1208 300 742 400
943 0 5 866 0 1400 100 684 200 239 300 89 400
944 0 5 904 0 147 100 1086 200 917 300 567 400
945 0 5 703 0 261 100 262 200 1001 300 759 400
946 0 5 144 0 1297 100 654 200 1258 300 152 400
947 0 5 1455 0 582 100 772 200 645 300 126 400
948 0 5 502 0 200 100 673 200 1079 300 1176 400
949 0 5 972 0 758 100 196 200 668 300 1477 400
950 0 5 746 0 1295 100 1190 200 516 300 1039 400
951 0 5 750 0 635 100 700 200 1317 300 660 400
952 0 5 139 0 1053 100 679 200 723 300 1344 400
953 0 5 1198 0 986 100 431 200 1115 300 519 400
954 0 5 1296 0 230 100 62 200 366 300 373 400
955 0 5 56 0 203 100 1059 200 591 300 1218 400
956 0 5 957 0 291 100 354 200 995 300 927 400
957 0 5 956 0 995 100 291 200 354 300 927 400
958 0 5 355 0 285 100 433 200 308 300 556 400
959 0 5 1291 0 586 100 80 200 561 300 1431 400
960 0 5 647 0 1038 100 1210 200 305 300 214 400
961 0 5 1492 0 649 100 1096 200 984 300 1091 400
962 0 5 1384 0 1355 100 91 200 996 300 386 400
963 0 5 1054 0 994 100 51 200 899 300 426 400
964 0 5 1359 0 1458 100 59 200 615 300 50 400
965 0 5 1092 0 1430 100 1314 200 931 300 886 400
966 0 5 127 0 485 100 374 200 149 300 1172 400
967 0 5 872 0 379 100 926 200 116 300 376 400
968 0 5 545 0 78 100 181 200 1121 300 1270 400
969 0 5 1483 0 311 100 679 200 1424 300 853 400
970 0 5 1395 0 1374 100 123 200 1310 300 195 400
971 0 5 115 0 917 100 1086 200 119 300 1484 400
972 0 5 1154 0 949 100 758 200 668 300 687 400
973 0 5 93 0 781 100 151 200 991 300 671 400
974 0 5 1189 0 906 100 481 200 849 300 401 400
975 0 5 192 0 1454 100 31 200 901 300 887 400
976 0 5 1491 0 1170 100 313 200 403 300 31 400
977 0 5 75 0 1346 100 1485 200 35 300 720 400
978 0 5 400 0 522 100 364 200 620 300 1455 400
979 0 5 402 0 1308 100 558 200 1168 300 418 400
980 0 5 664 0 649 100 258 200 1492 300 1476 400
981 0 5 179 0 1093 100 83 200 1130 300 713 400
982 0 5 736 0 797 100 242 200 68 300 1309 400
983 0 5 1279 0 1293 100 575 200 845 300 21 400
984 0 5 869 0 1096 100 961 200 1091 300 1046 400
985 0 5 13 0 172 100 866 200 459 300 1414 400
986 0 5 953 0 1478 100 431 200 1115 300 1012 400
987 0 5 1467 0 1446 100 934 200 280 300 1088 400
988 0 5 1465 0 1009 100 335 200 555 300 735 400
989 0 5 900 0 479 100 1013 200 1461 300 1008 400
990 0 5 757 0 813 100 751 200 81 300 472 400
991 0 5 512 0 781 100 1371 200 973 300 1138 400
992 0 5 1080 0 755 100 1010 200 1323 300 105 400
993 0 5 84 0 1480 100 809 200 584 300 1489 400
994 0 5 1117 0 963 100 899 200 426 300 51 400
995 0 5 957 0 177 100 956 200 470 300 354 400
996 0 5 629 0 443 100 546 200 1084 300 888 400
997 0 5 852 0 871 100 208 200 1269 300 1162 400
998 0 5 524 0 822 100 386 200 342 300 1404 400
999 0 5 415 0 348 100 1331 200 436 300 275 400
1000 0 5 554 0 763 100 14 200 846 300 1167 400
1001 0 5 342 0 262 100 759 200 945 300 703 400
1002 0 5 710 0 1464 100 1313 200 77 300 1206 400
1003 0 5 1364 0 1064 100 1437 200 429 300 339 400
1004 0 5 1313 0 77 100 1120 200 1196 300 1206 400
1005 0 5 535 0 831 100 754 200 1273 300 1083 400
1006 0 5 459 0 1473 100 1375 200 1448 300 920 400
1007 0 5 673 0 1176 100 743 200 345 300 248 400
1008 0 5 304 0 1148 100 479 200 983 300 989 400
1009 0 5 453 0 988 100 10 200 1465 300 7 400
1010 0 5 544 0 992 100 497 200 1080 300 1142 400
1011 0 5 1215 0 114 100 1444 200 894 300 1482 400
1012 0 5 72 0 431 100 1478 200 986 300 744 400
1013 0 5 1348 0 1266 100 989 200 1461 300 479 400
1014 0 5 358 0 235 100 1155 200 897 300 1122 400
1015 0 5 121 0 1476 100 508 200 604 300 258 400
1016 0 5 1058 0 808 100 1370 200 1352 300 1173 400
1017 0 5 251 0 278 100 5 200 356 300 1031 400
1018 0 5 739 0 390 100 818 200 411 300 480 400
1019 0 5 327 0 317 100 185 200 1441 300 681 400
1020 0 5 529 0 1234 100 472 200 683 300 813 400
1021 0 5 805 0 1292 100 57 200 748 300 63 400
1022 0 5 686 0 381 100 1311 200 1058 300 1259 400
1023 0 5 1317 0 1123 100 1275 200 183 300 1169 400
1024 0 5 219 0 457 100 794 200 1282 300 937 400
1025 0 5 841 0 448 100 1038 200 1055 300 1098 400
1026 0 5 303 0 1304 100 132 200 322 300 407 400
1027 0 5 46 0 1363 100 439 200 249 300 534 400
1028 0 5 1294 0 289 100 265 200 1300 300 1226 400
1029 0 5 417 0 880 100 204 200 476 300 274 400
1030 0 5 168 0 421 100 555 200 735 300 841 400
1031 0 5 515 0 669 100 5 200 251 300 908 400
1032 0 5 921 0 478 100 167 200 628 300 1246 400
1033 0 5 215 0 1050 100 685 200 64 300 383 400
1034 0 5 1417 0 1199 100 444 200 1261 300 641 400
1035 0 5 618 0 1250 100 918 200 1049 300 327 400
1036 0 5 201 0 1303 100 525 200 624 300 570 400
1037 0 5 1457 0 1486 100 860 200 1127 300 258 400
1038 0 5 647 0 1025 100 960 200 136 300 841 400
1039 0 5 1186 0 1295 100 1211 200 1190 300 950 400
1040 0 5 533 0 1462 100 273 200 45 300 131 400
1041 0 5 783 0 594 100 865 200 496 300 1351 400
1042 0 5 198 0 601 100 1125 200 656 300 230 400
1043 0 5 1076 0 156 100 411 200 1152 300 1429 400
1044 0 5 272 0 176 100 1507 200 1508 300 1322 400
1045 0 5 727 0 493 100 828 200 338 300 266 400
1046 0 5 869 0 296 100 359 200 984 300 598 400
1047 0 5 672 0 499 100 400 200 30 300 364 400
1048 0 5 801 0 316 100 1191 200 892 300 563 400
1049 0 5 918 0 587 100 1035 200 309 300 556 400
1050 0 5 64 0 1181 100 1182 200 1380 300 1033 400
1051 0 5 1515 0 1514 100 585 200 713 300 661 400
1052 0 5 1151 0 747 100 778 200 1104 300 1480 400
1053 0 5 723 0 952 100 311 200 679 300 1128 400
1054 0 5 963 0 1191 100 51 200 899 300 994 400
1055 0 5 1450 0 1459 100 448 200 1025 300 1177 400
1056 0 5 610 0 811 100 403 200 697 300 912 400
1057 0 5 920 0 1350 100 1351 200 1375 300 865 400
1058 0 5 1016 0 1445 100 1370 200 1259 300 254 400
1059 0 5 823 0 591 100 955 200 491 300 203 400
1060 0 5 1263 0 59 100 824 200 895 300 1332 400
1061 0 5 630 0 199 100 1233 200 202 300 737 400
1062 0 5 1165 0 1428 100 490 200 1456 300 99 400
1063 0 5 208 0 1160 100 605 200 893 300 915 400
1064 0 5 1003 0 429 100 339 200 1437 300 1364 400
1065 0 5 477 0 706 100 165 200 65 300 1129 400
1066 0 5 592 0 1245 100 916 200 36 300 2 400
1067 0 5 1471 0 158 100 526 200 415 300 856 400
1068 0 5 310 0 1319 100 868 200 675 300 743 400
1069 0 5 66 0 277 100 609 200 909 300 1093 400
1070 0 5 1214 0 510 100 888 200 323 300 546 400
1071 0 5 19 0 416 100 493 200 828 300 1466 400
1072 0 5 1265 0 506 100 135 200 1415 300 25 400
1073 0 5 1412 0 1155 100 601 200 1125 300 1042 400
1074 0 5 1146 0 20 100 658 200 896 300 162 400
1075 0 5 488 0 1087 100 1276 200 1240 300 15 400
1076 0 5 1043 0 1460 100 884 200 104 300 156 400
1077 0 5 450 0 349 100 657 200 118 300 76 400
1078 0 5 557 0 586 100 1291 200 1499 300 1330 400
1079 0 5 446 0 948 100 502 200 1176 300 815 400
1080 0 5 992 0 544 100 676 200 1010 300 755 400
1081 0 5 875 0 211 100 1107 200 568 300 466 400
1082 0 5 595 0 90 100 1147 200 515 300 669 400
1083 0 5 71 0 873 100 535 200 73 300 268 400
1084 0 5 1384 0 802 100 443 200 996 300 91 400
1085 0 5 509 0 1382 100 344 200 264 300 378 400
1086 0 5 917 0 147 100 567 200 944 300 971 400
1087 0 5 1075 0 488 100 1276 200 1118 300 1240 400
1088 0 5 851 0 1353 100 121 200 741 300 508 400
1089 0 5 221 0 432 100 1420 200 728 300 38 400
1090 0 5 924 0 1115 100 658 200 442 300 1385 400
1091 0 5 1228 0 1139 100 761 200 961 300 876 400
1092 0 5 965 0 164 100 281 200 844 300 1418 400
1093 0 5 179 0 66 100 83 200 609 300 981 400
1094 0 5 301 0 427 100 1390 200 270 300 395 400
1095 0 5 837 0 693 100 352 200 797 300 559 400
1096 0 5 1497 0 984 100 961 200 649 300 125 400
1097 0 5 193 0 386 100 822 200 91 300 998 400
1098 0 5 735 0 833 100 1465 200 448 300 841 400
1099 0 5 1230 0 119 100 1149 200 115 300 180 400
1100 0 5 576 0 1156 100 1330 200 60 300 557 400
1101 0 5 1416 0 1380 100 1394 200 1461 300 1182 400
1102 0 5 748 0 864 100 63 200 798 300 1292 400
1103 0 5 252 0 55 100 38 200 6 300 840 400
1104 0 5 778 0 340 100 864 200 1111 300 1480 400
1105 0 5 326 0 637 100 394 200 716 300 153 400
1106 0 5 8 0 828 100 1071 200 1466 300 267 400
1107 0 5 875 0 62 100 53 200 1081 300 568 400
1108 0 5 769 0 1260 100 1197 200 397 300 228 400
1109 0 5 1298 0 357 100 759 200 1313 300 692 400
1110 0 5 1144 0 587 100 1035 200 925 300 569 400
1111 0 5 447 0 864 100 747 200 1104 300 319 400
1112 0 5 333 0 273 100 533 200 1121 300 627 400
1113 0 5 286 0 1378 100 682 200 294 300 1208 400
1114 0 5 1137 0 925 100 223 200 1413 300 307 400
1115 0 5 1198 0 1090 100 953 200 986 300 924 400
1116 0 5 1311 0 636 100 191 200 1058 300 254 400
1117 0 5 994 0 426 100 935 200 226 300 575 400
1118 0 5 1354 0 1087 100 1276 200 543 300 339 400
1119 0 5 1479 0 478 100 85 200 1246 300 129 400
1120 0 5 1206 0 1196 100 77 200 1004 300 494 400
1121 0 5 181 0 1112 100 333 200 968 300 78 400
1122 0 5 113 0 897 100 428 200 134 300 366 400
1123 0 5 467 0 423 100 107 200 1023 300 1169 400
1124 0 5 445 0 714 100 1161 200 236 300 337 400
1125 0 5 601 0 656 100 1401 200 1042 300 1073 400
1126 0 5 81 0 732 100 757 200 990 300 1284 400
1127 0 5 1140 0 1457 100 1037 200 752 300 1129 400
1128 0 5 139 0 1379 100 538 200 1421 300 503 400
1129 0 5 1486 0 1457 100 1472 200 1065 300 1037 400
1130 0 5 83 0 981 100 1268 200 591 300 362 400
1131 0 5 1133 0 82 100 54 200 294 300 1378 400
1132 0 5 548 0 707 100 31 200 1440 300 313 400
1133 0 5 1131 0 286 100 229 200 1378 300 54 400
1134 0 5 497 0 434 100 1171 200 1010 300 1211 400
1135 0 5 175 0 123 100 1264 200 424 300 698 400
1136 0 5 1372 0 764 100 157 200 1303 300 86 400
1137 0 5 1114 0 1413 100 925 200 1144 300 569 400
1138 0 5 394 0 184 100 697 200 781 300 1371 400
1139 0 5 1368 0 1091 100 359 200 350 300 1228 400
1140 0 5 1127 0 752 100 756 200 1457 300 1184 400
1141 0 5 10 0 687 100 1154 200 1249 300 453 400
1142 0 5 1288 0 143 100 1010 200 544 300 758 400
1143 0 5 652 0 388 100 1336 200 878 300 711 400
1144 0 5 1110 0 569 100 1035 200 587 300 925 400
1145 0 5 800 0 768 100 530 200 437 300 889 400
1146 0 5 1074 0 718 100 896 200 162 300 20 400
1147 0 5 685 0 1082 100 501 200 595 300 908 400
1148 0 5 21 0 1008 100 304 200 479 300 845 400
1149 0 5 774 0 180 100 1099 200 1255 300 804 400
1150 0 5 1344 0 780 100 542 200 20 300 1421 400
1151 0 5 778 0 1052 100 747 200 584 300 1480 400
1152 0 5 241 0 361 100 826 200 1043 300 1429 400
1153 0 5 666 0 327 100 282 200 918 300 1035 400
1154 0 5 972 0 687 100 668 200 1141 300 949 400
1155 0 5 1073 0 235 100 1014 200 601 300 1412 400
1156 0 5 1330 0 576 100 1100 200 373 300 1499 400
1157 0 5 862 0 507 100 699 200 625 300 1381 400
1158 0 5 389 0 1420 100 905 200 1212 300 728 400
1159 0 5 197 0 391 100 721 200 353 300 941 400
1160 0 5 1063 0 186 100 454 200 605 300 814 400
1161 0 5 616 0 337 100 1124 200 714 300 218 400
1162 0 5 37 0 777 100 871 200 922 300 1269 400
1163 0 5 1401 0 1287 100 816 200 492 300 1432 400
1164 0 5 715 0 74 100 691 200 300 300 378 400
1165 0 5 1062 0 560 100 806 200 1456 300 99 400
1166 0 5 407 0 489 100 1304 200 397 300 90 400
1167 0 5 58 0 1388 100 763 200 216 300 846 400
1168 0 5 1397 0 418 100 1378 200 402 300 229 400
1169 0 5 183 0 107 100 832 200 1023 300 1123 400
1170 0 5 870 0 976 100 1491 200 31 300 901 400
1171 0 5 858 0 434 100 105 200 497 300 1134 400
1172 0 5 374 0 149 100 1436 200 1256 300 653 400
1173 0 5 808 0 729 100 1352 200 1445 300 1016 400
1174 0 5 1267 0 396 100 1424 200 1377 300 502 400
1175 0 5 393 0 933 100 1415 200 849 300 350 400
1176 0 5 1007 0 673 100 948 200 1079 300 200 400
1177 0 5 1459 0 409 100 371 200 298 300 899 400
1178 0 5 655 0 569 100 726 200 1250 300 1144 400
1179 0 5 600 0 449 100 597 200 329 300 1398 400
1180 0 5 284 0 775 100 671 200 512 300 1434 400
1181 0 5 44 0 1182 100 1050 200 79 300 705 400
1182 0 5 79 0 1181 100 1050 200 1380 300 1416 400
1183 0 5 408 0 87 100 206 200 130 300 1289 400
1184 0 5 854 0 65 100 756 200 1140 300 1457 400
1185 0 5 543 0 1339 100 306 200 122 300 232 400
1186 0 5 1039 0 1211 100 1295 200 950 300 460 400
1187 0 5 1296 0 567 100 147 200 62 300 1086 400
1188 0 5 838 0 1432 100 911 200 98 300 16 400
1189 0 5 974 0 906 100 1219 200 435 300 1316 400
1190 0 5 1410 0 1482 100 950 200 894 300 1039 400
1191 0 5 892 0 1054 100 1048 200 51 300 801 400
1192 0 5 1427 0 440 100 1356 200 1195 300 1234 400
1193 0 5 435 0 677 100 471 200 923 300 1275 400
1194 0 5 1335 0 791 100 578 200 141 300 1316 400
1195 0 5 440 0 1283 100 589 200 1284 300 1472 400
1196 0 5 929 0 1120 100 1206 200 1004 300 174 400
1197 0 5 228 0 1108 100 769 200 1487 300 1383 400
1198 0 5 953 0 1115 100 730 200 431 300 1423 400
1199 0 5 1417 0 663 100 1034 200 641 300 444 400
1200 0 5 939 0 108 100 684 200 1269 300 922 400
1201 0 5 162 0 334 100 896 200 658 300 154 400
1202 0 5 668 0 1249 100 1251 200 949 300 218 400
1203 0 5 170 0 316 100 705 200 181 300 1048 400
1204 0 5 315 0 831 100 1314 200 76 300 1273 400
1205 0 5 233 0 802 100 552 200 263 300 40 400
1206 0 5 1120 0 1196 100 77 200 494 300 1278 400
1207 0 5 1333 0 696 100 1389 200 382 300 518 400
1208 0 5 682 0 1248 100 942 200 1113 300 286 400
1209 0 5 796 0 330 100 1222 200 1223 300 34 400
1210 0 5 214 0 960 100 647 200 1459 300 563 400
1211 0 5 1186 0 1039 100 497 200 434 300 1134 400
1212 0 5 252 0 389 100 1420 200 1158 300 905 400
1213 0 5 767 0 1369 100 4 200 800 300 749 400
1214 0 5 1355 0 1070 100 638 200 996 300 510 400
1215 0 5 1011 0 1482 100 1236 200 894 300 106 400
1216 0 5 513 0 630 100 856 200 1233 300 1406 400
1217 0 5 728 0 1393 100 914 200 1278 300 1392 400
1218 0 5 742 0 942 100 56 200 955 300 662 400
1219 0 5 1275 0 435 100 1189 200 1193 300 750 400
1220 0 5 243 0 1366 100 566 200 816 300 1287 400
1221 0 5 1306 0 596 100 438 200 1288 300 297 400
1222 0 5 484 0 1411 100 861 200 1209 300 796 400
1223 0 5 531 0 34 100 24 200 1209 300 1239 400
1224 0 5 930 0 238 100 737 200 436 300 787 400
1225 0 5 650 0 155 100 339 200 463 300 536 400
1226 0 5 1300 0 583 100 1294 200 1365 300 1028 400
1227 0 5 1277 0 303 100 322 200 1307 300 615 400
1228 0 5 574 0 761 100 1091 200 791 300 1139 400
1229 0 5 194 0 187 100 1391 200 1488 300 324 400
1230 0 5 180 0 1099 100 1255 200 115 300 119 400
1231 0 5 126 0 941 100 365 200 809 300 353 400
1232 0 5 736 0 1309 100 648 200 1342 300 1281 400
1233 0 5 368 0 1061 100 264 200 737 300 1216 400
1234 0 5 1356 0 683 100 1020 200 1427 300 440 400
1235 0 5 882 0 498 100 434 200 1190 300 1171 400
1236 0 5 106 0 1215 100 1482 200 474 300 461 400
1237 0 5 269 0 307 100 1442 200 223 300 1308 400
1238 0 5 266 0 1403 100 369 200 102 300 302 400
1239 0 5 112 0 34 100 1223 200 1389 300 1253 400
1240 0 5 15 0 488 100 907 200 1075 300 1087 400
1241 0 5 329 0 425 100 842 200 288 300 928 400
1242 0 5 525 0 461 100 1303 200 190 300 1433 400
1243 0 5 1326 0 830 100 260 200 85 300 1396 400
1244 0 5 110 0 456 100 628 200 1474 300 469 400
1245 0 5 301 0 592 100 1066 200 395 300 36 400
1246 0 5 478 0 167 100 1119 200 1479 300 910 400
1247 0 5 23 0 753 100 881 200 608 300 528 400
1248 0 5 1208 0 742 100 294 200 286 300 505 400
1249 0 5 1251 0 1202 100 1141 200 160 300 668 400
1250 0 5 618 0 1441 100 1035 200 655 300 1178 400
1251 0 5 1249 0 1202 100 160 200 337 300 218 400
1252 0 5 163 0 789 100 636 200 617 300 280 400
1253 0 5 356 0 572 100 112 200 531 300 103 400
1254 0 5 153 0 265 100 716 200 289 300 1294 400
1255 0 5 180 0 75 100 720 200 1230 300 375 400
1256 0 5 1172 0 682 100 374 200 1208 300 942 400
1257 0 5 424 0 1281 100 648 200 559 300 1232 400
1258 0 5 654 0 128 100 1453 200 946 300 288 400
1259 0 5 1445 0 1300 100 1365 200 667 300 1058 400
1260 0 5 702 0 1108 100 651 200 397 300 70 400
1261 0 5 444 0 711 100 1385 200 442 300 1034 400
1262 0 5 611 0 786 100 122 200 109 300 1185 400
1263 0 5 1060 0 651 100 59 200 70 300 895 400
1264 0 5 1310 0 175 100 551 200 1135 300 123 400
1265 0 5 25 0 1072 100 135 200 506 300 167 400
1266 0 5 696 0 1013 100 1348 200 383 300 1207 400
1267 0 5 1174 0 1424 100 1501 200 396 300 1319 400
1268 0 5 362 0 83 100 1093 200 1130 300 380 400
1269 0 5 108 0 922 100 777 200 1162 300 997 400
1270 0 5 540 0 78 100 88 200 968 300 1494 400
1271 0 5 916 0 1422 100 1430 200 844 300 387 400
1272 0 5 694 0 602 100 725 200 256 300 677 400
1273 0 5 2 0 831 100 886 200 1204 300 592 400
1274 0 5 1481 0 64 100 545 200 181 300 705 400
1275 0 5 1219 0 471 100 423 200 1317 300 1023 400
1276 0 5 306 0 1075 100 1087 200 1118 300 543 400
1277 0 5 1227 0 24 100 1307 200 531 300 303 400
1278 0 5 929 0 914 100 1217 200 1206 300 408 400
1279 0 5 983 0 575 100 1293 200 935 300 670 400
1280 0 5 794 0 1282 100 157 200 86 300 17 400
1281 0 5 1257 0 559 100 648 200 1232 300 797 400
1282 0 5 140 0 1280 100 794 200 219 300 17 400
1283 0 5 1195 0 1284 100 440 200 589 300 1356 400
1284 0 5 1283 0 589 100 1472 200 1195 300 732 400
1285 0 5 1438 0 835 100 877 200 790 300 503 400
1286 0 5 104 0 292 100 156 200 1361 300 1498 400
1287 0 5 1163 0 1366 100 816 200 492 300 1401 400
1288 0 5 143 0 562 100 1142 200 1221 300 596 400
1289 0 5 130 0 819 100 47 200 1183 300 420 400
1290 0 5 1348 0 383 100 1394 200 215 300 1380 400
1291 0 5 561 0 586 100 1078 200 959 300 96 400
1292 0 5 68 0 798 100 1021 200 748 300 242 400
1293 0 5 370 0 845 100 983 200 1279 300 1435 400
1294 0 5 1028 0 1226 100 265 200 1300 300 289 400
1295 0 5 1039 0 950 100 516 200 460 300 1186 400
1296 0 5 1187 0 954 100 62 200 567 300 147 400
1297 0 5 1453 0 946 100 144 200 722 300 346 400
1298 0 5 692 0 1109 100 822 200 759 300 1463 400
1299 0 5 45 0 86 100 457 200 131 300 794 400
1300 0 5 1226 0 1259 100 1294 200 1028 300 729 400
1301 0 5 150 0 642 100 9 200 99 300 695 400
1302 0 5 779 0 114 100 719 200 213 300 1215 400
1303 0 5 1036 0 157 100 525 200 1136 300 1242 400
1304 0 5 407 0 1026 100 132 200 1166 300 1359 400
1305 0 5 838 0 1432 100 1401 200 492 300 911 400
1306 0 5 92 0 1221 100 596 200 616 300 297 400
1307 0 5 322 0 531 100 1277 200 356 300 24 400
1308 0 5 979 0 293 100 1442 200 558 300 1237 400
1309 0 5 178 0 1232 100 1342 200 736 300 982 400
1310 0 5 1264 0 551 100 123 200 599 300 970 400
1311 0 5 1116 0 686 100 1022 200 381 300 1058 400
1312 0 5 891 0 341 100 346 200 1346 300 35 400
1313 0 5 1004 0 1002 100 710 200 357 300 1109 400
1314 0 5 931 0 450 100 886 200 315 300 965 400
1315 0 5 1495 0 675 100 868 200 1487 300 345 400
1316 0 5 28 0 578 100 1335 200 1189 300 849 400
1317 0 5 1023 0 635 100 1275 200 1123 300 1219 400
1318 0 5 754 0 319 100 71 200 76 300 535 400
1319 0 5 1068 0 1462 100 883 200 743 300 310 400
1320 0 5 550 0 443 100 1521 200 1520 300 819 400
1321 0 5 228 0 651 100 1383 200 1263 300 1197 400
1322 0 5 212 0 94 100 1044 200 455 300 1468 400
1323 0 5 858 0 755 100 992 200 105 300 573 400
1324 0 5 833 0 867 100 448 200 1450 300 160 400
1325 0 5 1437 0 722 100 907 200 429 300 1354 400
1326 0 5 1243 0 260 100 134 200 85 300 830 400
1327 0 5 146 0 446 100 529 200 205 300 913 400
1328 0 5 800 0 767 100 1034 200 1417 300 1213 400
1329 0 5 257 0 517 100 245 200 161 300 655 400
1330 0 5 557 0 1156 100 1100 200 1499 300 576 400
1331 0 5 202 0 415 100 199 200 999 300 1061 400
1332 0 5 824 0 639 100 541 200 367 300 50 400
1333 0 5 1207 0 1389 100 382 200 518 300 1411 400
1334 0 5 807 0 1367 100 225 200 152 300 332 400
1335 0 5 1194 0 574 100 1316 200 791 300 578 400
1336 0 5 878 0 539 100 1143 200 521 300 16 400
1337 0 5 124 0 652 100 1396 200 388 300 1423 400
1338 0 5 259 0 633 100 371 200 480 300 899 400
1339 0 5 593 0 611 100 1185 200 543 300 786 400
1340 0 5 487 0 1345 100 17 200 157 300 903 400
1341 0 5 1414 0 279 100 465 200 441 300 451 400
1342 0 5 648 0 178 100 1232 200 1309 300 404 400
1343 0 5 1366 0 182 100 243 200 527 300 534 400
1344 0 5 1421 0 780 100 1150 200 723 300 1377 400
1345 0 5 157 0 1340 100 487 200 17 300 1303 400
1346 0 5 977 0 537 100 35 200 720 300 419 400
1347 0 5 7 0 314 100 335 200 453 300 201 400
1348 0 5 1013 0 1290 100 383 200 1266 300 1394 400
1349 0 5 1462 0 1501 100 1443 200 937 300 853 400
1350 0 5 865 0 1057 100 1351 200 1041 300 1375 400
1351 0 5 1057 0 920 100 1350 200 1473 300 1375 400
1352 0 5 854 0 808 100 756 200 1016 300 1173 400
1353 0 5 817 0 1088 100 280 200 851 300 1446 400
1354 0 5 1118 0 1364 100 1437 200 1087 300 339 400
1355 0 5 962 0 1214 100 996 200 621 300 638 400
1356 0 5 1234 0 440 100 1427 200 1283 300 1192 400
1357 0 5 237 0 740 100 166 200 656 300 230 400
1358 0 5 384 0 430 100 602 200 256 300 626 400
1359 0 5 964 0 1458 100 70 200 702 300 1304 400
1360 0 5 398 0 1461 100 479 200 1416 300 69 400
1361 0 5 404 0 104 100 68 200 178 300 1286 400
1362 0 5 782 0 671 100 775 200 145 300 1452 400
1363 0 5 49 0 585 100 437 200 439 300 46 400
1364 0 5 1003 0 1354 100 1437 200 1064 300 1118 400
1365 0 5 667 0 583 100 1259 200 1226 300 1300 400
1366 0 5 1343 0 243 100 1287 200 1220 300 1163 400
1367 0 5 332 0 1334 100 700 200 807 300 1023 400
1368 0 5 791 0 350 100 1139 200 1228 300 1194 400
1369 0 5 749 0 417 100 768 200 1213 300 880 400
1370 0 5 756 0 254 100 1016 200 1352 300 1058 400
1371 0 5 464 0 512 100 991 200 394 300 1138 400
1372 0 5 764 0 1136 100 335 200 201 300 1303 400
1373 0 5 451 0 300 100 279 200 441 300 172 400
1374 0 5 970 0 620 100 195 200 123 300 364 400
1375 0 5 680 0 1500 100 1351 200 1006 300 459 400
1376 0 5 820 0 665 100 938 200 1007 300 446 400
1377 0 5 502 0 723 100 1344 200 815 300 311 400
1378 0 5 1113 0 1168 100 682 200 1133 300 1208 400
1379 0 5 1438 0 877 100 1128 200 503 300 222 400
1380 0 5 1394 0 1101 100 1050 200 1182 300 1416 400
1381 0 5 803 0 470 100 177 200 699 300 532 400
1382 0 5 239 0 1085 100 684 200 943 300 344 400
1383 0 5 228 0 148 100 1321 200 1197 300 773 400
1384 0 5 962 0 1084 100 996 200 802 300 1355 400
1385 0 5 20 0 1261 100 658 200 442 300 924 400
1386 0 5 468 0 318 100 926 200 17 300 140 400
1387 0 5 790 0 222 100 1493 200 247 300 1261 400
1388 0 5 632 0 1167 100 660 200 216 300 58 400
1389 0 5 518 0 1333 100 112 200 1239 300 103 400
1390 0 5 721 0 427 100 1094 200 73 300 1245 400
1391 0 5 324 0 194 100 1426 200 1488 300 1229 400
1392 0 5 33 0 847 100 272 200 1393 300 577 400
1393 0 5 1217 0 914 100 1392 200 1183 300 408 400
1394 0 5 1290 0 1380 100 1101 200 383 300 1416 400
1395 0 5 970 0 495 100 123 200 1310 300 1374 400
1396 0 5 260 0 124 100 113 200 1337 300 388 400
1397 0 5 418 0 1168 100 1426 200 413 300 293 400
1398 0 5 890 0 626 100 449 200 253 300 923 400
1399 0 5 597 0 385 100 1485 200 253 300 928 400
1400 0 5 239 0 943 100 866 200 300 300 1451 400
1401 0 5 1163 0 1125 100 1412 200 816 300 601 400
1402 0 5 788 0 261 100 1404 200 524 300 998 400
1403 0 5 1238 0 302 100 719 200 102 300 369 400
1404 0 5 386 0 275 100 1402 200 348 300 788 400
1405 0 5 1494 0 770 100 868 200 88 300 1068 400
1406 0 5 452 0 509 100 264 200 513 300 1216 400
1407 0 5 318 0 603 100 926 200 379 300 571 400
1408 0 5 490 0 1418 100 42 200 281 300 271 400
1409 0 5 1492 0 523 100 1476 200 961 300 1470 400
1410 0 5 231 0 1190 100 1456 200 894 300 560 400
1411 0 5 382 0 1222 100 518 200 861 300 34 400
1412 0 5 1073 0 878 100 1401 200 287 300 1155 400
1413 0 5 475 0 1137 100 1114 200 569 300 223 400
1414 0 5 678 0 1341 100 441 200 465 300 172 400
1415 0 5 393 0 506 100 849 200 1175 300 401 400
1416 0 5 1101 0 69 100 398 200 1461 300 1182 400
1417 0 5 1034 0 1199 100 1328 200 800 300 663 400
1418 0 5 281 0 271 100 490 200 1408 300 931 400
1419 0 5 246 0 690 100 537 200 594 300 650 400
1420 0 5 905 0 1158 100 1089 200 728 300 38 400
1421 0 5 538 0 1344 100 139 200 952 300 1150 400
1422 0 5 3 0 1271 100 916 200 793 300 343 400
1423 0 5 209 0 124 100 730 200 1198 300 1337 400
1424 0 5 1267 0 396 100 1501 200 853 300 1174 400
1425 0 5 274 0 283 100 8 200 1106 300 719 400
1426 0 5 413 0 1391 100 1397 200 418 300 1436 400
1427 0 5 1192 0 1234 100 1356 200 100 300 440 400
1428 0 5 312 0 1062 100 42 200 498 300 105 400
1429 0 5 1460 0 189 100 241 200 1152 300 1043 400
1430 0 5 965 0 1271 100 886 200 844 300 387 400
1431 0 5 852 0 171 100 80 200 238 300 674 400
1432 0 5 1188 0 911 100 49 200 46 300 492 400
1433 0 5 266 0 102 100 461 200 338 300 1403 400
1434 0 5 284 0 615 100 1458 200 1180 300 1227 400
1435 0 5 370 0 932 100 821 200 689 300 1293 400
1436 0 5 413 0 653 100 1172 200 682 300 149 400
1437 0 5 1325 0 1354 100 1364 200 1003 300 1064 400
1438 0 5 503 0 1285 100 1379 200 877 300 835 400
1439 0 5 353 0 120 100 809 200 268 300 1489 400
1440 0 5 372 0 313 100 31 200 1491 300 1454 400
1441 0 5 618 0 1250 100 317 200 245 300 327 400
1442 0 5 738 0 187 100 293 200 1237 300 1308 400
1443 0 5 1449 0 937 100 1349 200 468 300 853 400
1444 0 5 114 0 779 100 380 200 1482 300 894 400
1445 0 5 1259 0 1058 100 729 200 808 300 1173 400
1446 0 5 817 0 987 100 1353 200 280 300 1088 400
1447 0 5 1452 0 782 100 330 200 901 300 145 400
1448 0 5 1500 0 678 100 1375 200 459 300 1006 400
1449 0 5 853 0 1443 100 468 200 318 300 1349 400
1450 0 5 1055 0 448 100 867 200 1459 300 1324 400
1451 0 5 344 0 691 100 300 200 715 300 378 400
1452 0 5 1447 0 762 100 782 200 1362 300 775 400
1453 0 5 1297 0 346 100 1258 200 288 300 654 400
1454 0 5 707 0 975 100 31 200 192 300 887 400
1455 0 5 195 0 947 100 978 200 582 300 52 400
1456 0 5 498 0 1410 100 1062 200 560 300 231 400
1457 0 5 1127 0 1037 100 1129 200 1486 300 1140 400
1458 0 5 964 0 615 100 1359 200 1434 300 284 400
1459 0 5 1177 0 409 100 1055 200 1450 300 1210 400
1460 0 5 1429 0 189 100 1076 200 1043 300 241 400
1461 0 5 1360 0 479 100 1416 200 1013 300 1101 400
1462 0 5 1349 0 1319 100 1040 200 1068 300 1501 400
1463 0 5 40 0 552 100 612 200 174 300 692 400
1464 0 5 494 0 1002 100 905 200 77 300 1004 400
1465 0 5 735 0 988 100 1009 200 1098 300 555 400
1466 0 5 406 0 1106 100 376 200 19 300 4 400
1467 0 5 987 0 27 100 784 200 643 300 934 400
1468 0 5 556 0 94 100 309 200 1049 300 1322 400
1469 0 5 347 0 486 100 623 200 795 300 374 400
1470 0 5 523 0 934 100 1476 200 876 300 846 400
1471 0 5 1067 0 856 100 12 200 158 300 513 400
1472 0 5 589 0 860 100 1486 200 1129 300 1284 400
1473 0 5 920 0 1006 100 459 200 1351 300 1375 400
1474 0 5 921 0 628 100 469 200 456 300 462 400
1475 0 5 240 0 422 100 639 200 464 300 541 400
1476 0 5 1409 0 1015 100 523 200 1470 300 1492 400
1477 0 5 758 0 596 100 196 200 218 300 11 400
1478 0 5 986 0 154 100 1012 200 431 300 392 400
1479 0 5 1119 0 85 100 827 200 129 300 1246 400
1480 0 5 993 0 584 100 360 200 778 300 1104 400
1481 0 5 1274 0 64 100 705 200 181 300 545 400
1482 0 5 1215 0 894 100 1190 200 1236 300 1444 400
1483 0 5 396 0 969 100 311 200 1424 300 1174 400
1484 0 5 712 0 454 100 765 200 1086 300 115 400
1485 0 5 35 0 385 100 977 200 1399 300 553 400
1486 0 5 860 0 1037 100 1129 200 1472 300 1457 400
1487 0 5 1495 0 248 100 345 200 1197 300 769 400
1488 0 5 293 0 187 100 1391 200 194 300 1229 400
1489 0 5 268 0 584 100 809 200 993 300 1439 400
1490 0 5 84 0 672 100 499 200 1047 300 809 400
1491 0 5 976 0 313 100 31 200 1170 300 1440 400
1492 0 5 1409 0 961 100 649 200 1476 300 980 400
1493 0 5 222 0 542 100 1387 200 1385 300 538 400
1494 0 5 88 0 1405 100 770 200 540 300 1270 400
1495 0 5 1315 0 1487 100 769 200 1197 300 345 400
1496 0 5 372 0 834 100 313 200 138 300 548 400
1497 0 5 1096 0 125 100 598 200 649 300 984 400
1498 0 5 156 0 292 100 137 200 714 300 92 400
1499 0 5 373 0 166 100 1078 200 230 300 1330 400
1500 0 5 1448 0 1375 100 155 200 678 300 680 400
1501 0 5 1267 0 1349 100 1424 200 853 300 1319 400
1502 0 5 206 0 87 100 1393 200 1248 300 810 400
1503 0 5 82 0 87 100 1393 200 1248 300 810 400
1504 0 5 82 0 819 100 1393 200 1248 300 810 400
1505 0 5 879 0 819 100 1393 200 1248 300 810 400
1506 0 5 879 0 212 100 1393 200 1248 300 810 400
1507 0 5 212 0 1044 100 1393 200 1248 300 810 400
1508 0 5 713 0 1044 100 1393 200 1248 300 810 400
1509 0 5 713 0 550 100 1393 200 1248 300 810 400
1510 0 5 249 0 550 100 1393 200 1248 300 810 400
1511 0 5 249 0 771 100 1393 200 1248 300 810 400
1512 0 5 585 0 771 100 1393 200 1248 300 810 400
1513 0 5 169 0 585 100 1393 200 1248 300 810 400
1514 0 5 1051 0 169 100 1393 200 1248 300 810 400
1515 0 5 1051 0 1183 100 1393 200 1248 300 810 400
1516 0 5 1183 0 433 100 1393 200 1248 300 810 400
1517 0 5 433 0 1322 100 1393 200 1248 300 810 400
1518 0 5 285 0 1322 100 1393 200 1248 300 810 400
1519 0 5 534 0 285 100 1393 200 1248 300 810 400
1520 0 5 534 0 1320 100 1393 200 1248 300 810 400
1521 0 5 1320 0 1289 100 1393 200 1248 300 810 400
1522 0 5 1027 0 1289 100 1393 200 1248 300 810 400
1523 0 5 1027 0 1393 100 1248 200 958 300 810 400
1524 0 5 439 0 1393 100 1248 200 958 300 810 400
1525 0 5 272 0 439 100 1393 200 1248 300 810 400
1526 0 5 1131 0 272 100 1393 200 1248 300 810 400
1527 0 5 1131 0 661 100 1393 200 1248 300 810 400
1528 0 5 294 0 661 100 1393 200 1248 300 1363 400
1529 0 5 294 0 54 100 1393 200 1363 300 1248 400
1530 0 5 54 0 308 100 1393 200 1363 300 1248 400
1531 0 5 308 0 176 100 1393 200 1363 300 1248 400
1532 0 5 505 0 176 100 1393 200 1363 300 1248 400
1533 0 5 505 0 130 100 1393 200 1363 300 1248 400
1534 0 5 130 0 1393 100 1363 200 355 300 1248 400
1535 0 5 455 0 1393 100 1363 200 1248 300 355 400
1536 0 5 455 0 981 100 1393 200 1363 300 1248 400
1537 0 5 981 0 1393 100 1363 200 26 300 1248 400
1538 0 5 1393 0 1363 100 26 200 1248 300 47 400
1539 0 5 299 0 1393 100 1363 200 26 300 1248 400
1540 0 5 420 0 1393 100 1248 200 810 300 299 400
-1
EOF
