1540
1 0 5 1049 0 683 100 443 200 611 300 285 400
2 0 5 1091 0 47 100 937 200 1198 300 533 400
3 0 5 784 0 975 100 1079 200 560 300 459 400
4 0 5 1050 0 470 100 460 200 1149 300 973 400
5 0 5 646 0 78 100 442 200 852 300 567 400
6 0 5 92 0 1021 100 146 200 269 300 661 400
7 0 5 1070 0 337 100 1184 200 1489 300 1006 400
8 0 5 378 0 314 100 1082 200 1012 300 1174 400
9 0 5 857 0 754 100 365 200 1293 300 751 400
10 0 5 861 0 383 100 514 200 216 300 484 400
11 0 5 190 0 1222 100 1360 200 414 300 1355 400
12 0 5 271 0 305 100 1273 200 1148 300 654 400
13 0 5 708 0 1495 100 367 200 1197 300 345 400
14 0 5 280 0 469 100 374 200 1030 300 1102 400
15 0 5 1182 0 1436 100 673 200 389 300 1420 400
16 0 5 913 0 570 100 1398 200 86 300 527 400
17 0 5 962 0 854 100 925 200 315 300 1163 400
18 0 5 976 0 1457 100 44 200 292 300 1139 400
19 0 5 182 0 1308 100 641 200 1111 300 1396 400
20 0 5 540 0 627 100 246 200 228 300 467 400
21 0 5 253 0 1375 100 1291 200 228 300 330 400
22 0 5 429 0 274 100 168 200 795 300 756 400
23 0 5 869 0 448 100 732 200 1096 300 763 400
24 0 5 1424 0 549 100 564 200 526 300 270 400
25 0 5 900 0 222 100 1374 200 361 300 288 400
26 0 5 1020 0 537 100 1328 200 476 300 893 400
27 0 5 719 0 933 100 1107 200 625 300 648 400
28 0 5 1484 0 890 100 1383 200 208 300 1429 400
29 0 5 852 0 409 100 646 200 285 300 1181 400
30 0 5 956 0 424 100 908 200 735 300 946 400
31 0 5 1024 0 1078 100 1470 200 1243 300 777 400
32 0 5 1001 0 1188 100 364 200 433 300 1048 400
33 0 5 712 0 1169 100 1373 200 529 300 1135 400
34 0 5 1136 0 789 100 849 200 542 300 179 400
35 0 5 551 0 690 100 974 200 656 300 214 400
36 0 5 357 0 1054 100 336 200 1342 300 1240 400
37 0 5 594 0 517 100 91 200 825 300 1427 400
38 0 5 380 0 1140 100 162 200 1463 300 322 400
39 0 5 69 0 1028 100 1376 200 1185 300 1116 400
40 0 5 906 0 1296 100 1303 200 1220 300 1175 400
41 0 5 1325 0 1062 100 154 200 1056 300 1419 400
42 0 5 412 0 990 100 1307 200 1240 300 1009 400
43 0 5 1354 0 671 100 1384 200 1055 300 1131 400
44 0 5 561 0 949 100 1139 200 18 300 1457 400
45 0 5 553 0 609 100 792 200 436 300 250 400
46 0 5 742 0 1268 100 169 200 132 300 48 400
47 0 5 1427 0 2 100 1198 200 1225 300 1091 400
48 0 5 1471 0 742 100 1096 200 46 300 675 400
49 0 5 1103 0 1463 100 1476 200 1397 300 1357 400
50 0 5 415 0 706 100 993 200 239 300 765 400
51 0 5 376 0 81 100 563 200 905 300 760 400
52 0 5 824 0 1232 100 1372 200 1056 300 154 400
53 0 5 1469 0 531 100 1345 200 1014 300 1073 400
54 0 5 1183 0 755 100 1235 200 1367 300 402 400
55 0 5 710 0 1215 100 863 200 110 300 833 400
56 0 5 1100 0 472 100 568 200 301 300 1204 400
57 0 5 393 0 1337 100 1104 200 230 300 1330 400
58 0 5 314 0 1098 100 175 200 870 300 409 400
59 0 5 1409 0 278 100 1202 200 1082 300 884 400
60 0 5 1065 0 761 100 138 200 1094 300 503 400
61 0 5 1128 0 1002 100 960 200 936 300 359 400
62 0 5 1067 0 792 100 1493 200 773 300 1025 400
63 0 5 1399 0 1374 100 1430 200 1121 300 1208 400
64 0 5 1049 0 338 100 1116 200 1509 300 1508 400
65 0 5 1473 0 1315 100 475 200 284 300 583 400
66 0 5 904 0 607 100 1141 200 575 300 84 400
67 0 5 326 0 1352 100 1085 200 928 300 515 400
68 0 5 631 0 1179 100 1151 200 1219 300 1228 400
69 0 5 1185 0 39 100 1376 200 741 300 1116 400
70 0 5 731 0 1392 100 73 200 1118 300 1191 400
71 0 5 313 0 887 100 583 200 825 300 37 400
72 0 5 1390 0 1047 100 1114 200 998 300 942 400
73 0 5 1251 0 423 100 70 200 1407 300 555 400
74 0 5 1364 0 136 100 354 200 600 300 176 400
75 0 5 586 0 1387 100 979 200 1145 300 861 400
76 0 5 1204 0 1296 100 147 200 1220 300 1303 400
77 0 5 532 0 548 100 367 200 1412 300 733 400
78 0 5 5 0 442 100 430 200 646 300 567 400
79 0 5 1015 0 390 100 741 200 408 300 1389 400
80 0 5 530 0 620 100 877 200 561 300 1259 400
81 0 5 376 0 403 100 51 200 581 300 1160 400
82 0 5 389 0 321 100 1449 200 1216 300 255 400
83 0 5 727 0 460 100 1215 200 795 300 470 400
84 0 5 588 0 632 100 187 200 66 300 478 400
85 0 5 134 0 944 100 1133 200 425 300 482 400
86 0 5 527 0 1167 100 913 200 1053 300 751 400
87 0 5 97 0 1068 100 1250 200 259 300 368 400
88 0 5 931 0 1460 100 380 200 322 300 1083 400
89 0 5 112 0 1295 100 464 200 516 300 1415 400
90 0 5 143 0 873 100 1009 200 263 300 571 400
91 0 5 1266 0 922 100 37 200 517 300 1198 400
92 0 5 6 0 269 100 1040 200 810 300 217 400
93 0 5 894 0 237 100 226 200 421 300 446 400
94 0 5 406 0 320 100 127 200 1058 300 1137 400
95 0 5 650 0 590 100 1152 200 131 300 1341 400
96 0 5 1279 0 448 100 1322 200 732 300 148 400
97 0 5 1068 0 1250 100 87 200 244 300 655 400
98 0 5 1212 0 1450 100 342 200 1494 300 1468 400
99 0 5 790 0 825 100 1427 200 71 300 37 400
100 0 5 480 0 812 100 1322 200 1422 300 1279 400
101 0 5 618 0 573 100 218 200 502 300 973 400
102 0 5 1417 0 1441 100 149 200 1274 300 685 400
103 0 5 968 0 601 100 1147 200 444 300 400 400
104 0 5 581 0 1160 100 864 200 604 300 403 400
105 0 5 1180 0 407 100 843 200 304 300 1156 400
106 0 5 150 0 485 100 547 200 225 300 919 400
107 0 5 896 0 1018 100 691 200 1247 300 202 400
108 0 5 251 0 509 100 736 200 1038 300 1324 400
109 0 5 512 0 125 100 380 200 672 300 333 400
110 0 5 863 0 55 100 274 200 833 300 795 400
111 0 5 250 0 1195 100 1194 200 192 300 224 400
112 0 5 1295 0 879 100 89 200 516 300 308 400
113 0 5 212 0 688 100 412 200 1307 300 144 400
114 0 5 666 0 994 100 664 200 256 300 136 400
115 0 5 669 0 890 100 808 200 116 300 160 400
116 0 5 665 0 160 100 115 200 890 300 624 400
117 0 5 849 0 750 100 699 200 717 300 733 400
118 0 5 1206 0 384 100 293 200 1084 300 947 400
119 0 5 1156 0 399 100 1203 200 722 300 766 400
120 0 5 421 0 677 100 452 200 226 300 224 400
121 0 5 702 0 300 100 1284 200 1262 300 1101 400
122 0 5 705 0 592 100 1400 200 658 300 796 400
123 0 5 1146 0 497 100 1072 200 1273 300 477 400
124 0 5 884 0 1084 100 1353 200 535 300 951 400
125 0 5 109 0 915 100 380 200 333 300 512 400
126 0 5 874 0 336 100 357 200 1467 300 1342 400
127 0 5 1137 0 406 100 94 200 988 300 261 400
128 0 5 842 0 535 100 984 200 124 300 1304 400
129 0 5 591 0 1218 100 1189 200 634 300 303 400
130 0 5 551 0 1080 100 210 200 1105 300 214 400
131 0 5 590 0 1341 100 95 200 918 300 1152 400
132 0 5 1268 0 958 100 1302 200 171 300 46 400
133 0 5 1405 0 172 100 565 200 903 300 538 400
134 0 5 689 0 85 100 944 200 1133 300 1192 400
135 0 5 679 0 579 100 647 200 237 300 1194 400
136 0 5 354 0 163 100 74 200 176 300 666 400
137 0 5 1034 0 1381 100 769 200 1062 300 1379 400
138 0 5 761 0 1094 100 60 200 838 300 964 400
139 0 5 845 0 717 100 1336 200 849 300 1028 400
140 0 5 370 0 153 100 745 200 1347 300 809 400
141 0 5 977 0 1507 100 1508 200 1049 300 1170 400
142 0 5 605 0 1155 100 959 200 664 300 489 400
143 0 5 420 0 90 100 495 200 1009 300 873 400
144 0 5 1022 0 520 100 212 200 1218 300 873 400
145 0 5 148 0 350 100 1286 200 649 300 1081 400
146 0 5 1021 0 747 100 1143 200 6 300 589 400
147 0 5 1204 0 76 100 299 200 1303 300 301 400
148 0 5 145 0 1422 100 1081 200 862 300 1279 400
149 0 5 1441 0 102 100 223 200 1230 300 368 400
150 0 5 225 0 106 100 547 200 700 300 919 400
151 0 5 708 0 536 100 1242 200 716 300 13 400
152 0 5 967 0 488 100 556 200 494 300 840 400
153 0 5 1413 0 745 100 1401 200 809 300 140 400
154 0 5 1056 0 1393 100 41 200 257 300 1062 400
155 0 5 1454 0 1029 100 443 200 693 300 826 400
156 0 5 929 0 753 100 574 200 435 300 1017 400
157 0 5 681 0 1209 100 569 200 425 300 1180 400
158 0 5 1243 0 659 100 180 200 248 300 1373 400
159 0 5 1145 0 787 100 1142 200 934 300 696 400
160 0 5 340 0 116 100 697 200 115 300 665 400
161 0 5 744 0 1343 100 1164 200 267 300 239 400
162 0 5 1357 0 1173 100 1463 200 1140 300 38 400
163 0 5 1150 0 341 100 337 200 991 300 666 400
164 0 5 762 0 489 100 605 200 349 300 753 400
165 0 5 872 0 813 100 472 200 1330 300 56 400
166 0 5 1256 0 395 100 496 200 524 300 885 400
167 0 5 267 0 1186 100 1066 200 398 300 1342 400
168 0 5 1355 0 22 100 470 200 190 300 1222 400
169 0 5 481 0 763 100 46 200 132 300 732 400
170 0 5 1405 0 1234 100 1370 200 361 300 222 400
171 0 5 266 0 1476 100 1268 200 1397 300 132 400
172 0 5 1059 0 903 100 133 200 458 300 565 400
173 0 5 765 0 1210 100 592 200 771 300 1349 400
174 0 5 177 0 1061 100 1108 200 251 300 844 400
175 0 5 1098 0 58 100 285 200 851 300 814 400
176 0 5 354 0 211 100 1179 200 631 300 1006 400
177 0 5 539 0 174 100 271 200 1148 300 1061 400
178 0 5 401 0 882 100 934 200 1482 300 193 400
179 0 5 789 0 316 100 663 200 542 300 1336 400
180 0 5 477 0 497 100 158 200 248 300 1243 400
181 0 5 369 0 191 100 1064 200 1358 300 1269 400
182 0 5 1157 0 19 100 288 200 641 300 498 400
183 0 5 850 0 981 100 1199 200 1456 300 799 400
184 0 5 658 0 796 100 242 200 122 300 223 400
185 0 5 1217 0 226 100 821 200 677 300 493 400
186 0 5 759 0 897 100 1181 200 870 300 5 400
187 0 5 904 0 428 100 240 200 84 300 66 400
188 0 5 1201 0 1095 100 456 200 1064 300 1269 400
189 0 5 281 0 718 100 981 200 326 300 1498 400
190 0 5 11 0 1360 100 1355 200 168 300 830 400
191 0 5 1064 0 181 100 1269 200 188 300 1095 400
192 0 5 1195 0 910 100 1194 200 703 300 356 400
193 0 5 401 0 264 100 1482 200 934 300 383 400
194 0 5 694 0 1263 100 1132 200 686 300 601 400
195 0 5 257 0 1393 100 772 200 1161 300 909 400
196 0 5 1363 0 359 100 769 200 1025 300 738 400
197 0 5 1474 0 736 100 1468 200 98 300 348 400
198 0 5 1261 0 528 100 273 200 1461 300 778 400
199 0 5 895 0 676 100 371 200 1313 300 1107 400
200 0 5 1283 0 1365 100 552 200 1359 300 1451 400
201 0 5 1309 0 757 100 700 200 1356 300 1005 400
202 0 5 1126 0 899 100 1042 200 1019 300 226 400
203 0 5 972 0 1076 100 985 200 1313 300 566 400
204 0 5 829 0 334 100 878 200 1406 300 1377 400
205 0 5 753 0 793 100 619 200 697 300 1248 400
206 0 5 835 0 815 100 1176 200 435 300 1245 400
207 0 5 917 0 510 100 347 200 601 300 258 400
208 0 5 1484 0 759 100 1383 200 28 300 442 400
209 0 5 668 0 400 100 1510 200 1509 300 466 400
210 0 5 1445 0 539 100 1289 200 1080 300 1273 400
211 0 5 1070 0 823 100 176 200 1006 300 7 400
212 0 5 113 0 144 100 520 200 412 300 938 400
213 0 5 1497 0 1305 100 1143 200 589 300 1206 400
214 0 5 1105 0 1474 100 348 200 1043 300 656 400
215 0 5 1460 0 1335 100 413 200 1083 300 1074 400
216 0 5 865 0 514 100 364 200 10 300 1188 400
217 0 5 839 0 810 100 1435 200 1260 300 1224 400
218 0 5 573 0 1332 100 101 200 603 300 939 400
219 0 5 908 0 638 100 735 200 971 300 1173 400
220 0 5 1264 0 1018 100 236 200 691 300 107 400
221 0 5 323 0 912 100 1416 200 639 300 883 400
222 0 5 900 0 25 100 1208 200 881 300 361 400
223 0 5 907 0 1230 100 149 200 242 300 368 400
224 0 5 773 0 452 100 1475 200 120 300 1493 400
225 0 5 150 0 1499 100 106 200 485 300 1231 400
226 0 5 1042 0 93 100 185 200 421 300 120 400
227 0 5 1401 0 945 100 817 200 1410 300 1452 400
228 0 5 246 0 627 100 1375 200 1291 300 21 400
229 0 5 1072 0 1135 100 305 200 654 300 1273 400
230 0 5 1104 0 1086 100 57 200 460 300 710 400
231 0 5 593 0 1406 100 455 200 779 300 878 400
232 0 5 629 0 831 100 707 200 1113 300 1069 400
233 0 5 1491 0 416 100 1333 200 1149 300 235 400
234 0 5 965 0 1094 100 761 200 343 300 941 400
235 0 5 830 0 416 100 1149 200 739 300 233 400
236 0 5 220 0 1264 100 555 200 1018 300 1392 400
237 0 5 446 0 93 100 894 200 226 300 647 400
238 0 5 607 0 404 100 335 200 1141 300 426 400
239 0 5 993 0 50 100 1164 200 706 300 744 400
240 0 5 1287 0 1089 100 187 200 1121 300 306 400
241 0 5 577 0 644 100 803 200 983 300 730 400
242 0 5 907 0 184 100 658 200 223 300 796 400
243 0 5 725 0 1328 100 976 200 1421 300 18 400
244 0 5 655 0 1250 100 97 200 423 300 982 400
245 0 5 1097 0 756 100 1007 200 110 300 833 400
246 0 5 1375 0 228 100 627 200 20 300 540 400
247 0 5 746 0 680 100 563 200 770 300 51 400
248 0 5 613 0 712 100 477 200 180 300 158 400
249 0 5 1101 0 1284 100 702 200 121 300 544 400
250 0 5 111 0 1455 100 609 200 419 300 1195 400
251 0 5 108 0 736 100 174 200 902 300 1108 400
252 0 5 1394 0 1196 100 998 200 806 300 1415 400
253 0 5 21 0 330 100 1088 200 674 300 294 400
254 0 5 982 0 259 100 544 200 87 300 1045 400
255 0 5 321 0 1257 100 82 200 1362 300 290 400
256 0 5 994 0 743 100 379 200 664 300 1350 400
257 0 5 195 0 1161 100 451 200 1393 300 909 400
258 0 5 347 0 820 100 693 200 510 300 683 400
259 0 5 1045 0 254 100 87 200 544 300 1101 400
260 0 5 468 0 434 100 1076 200 592 300 985 400
261 0 5 1052 0 1252 100 988 200 1130 300 127 400
262 0 5 398 0 643 100 1343 200 1486 300 167 400
263 0 5 571 0 873 100 591 200 938 300 1189 400
264 0 5 572 0 193 100 1482 200 383 300 484 400
265 0 5 1115 0 289 100 528 200 282 300 1453 400
266 0 5 1476 0 171 100 461 200 1268 300 364 400
267 0 5 584 0 167 100 1223 200 1164 300 161 400
268 0 5 1339 0 1334 100 867 200 1211 300 1331 400
269 0 5 92 0 1040 100 661 200 6 300 146 400
270 0 5 526 0 564 100 612 200 740 300 24 400
271 0 5 1148 0 12 100 177 200 1273 300 654 400
272 0 5 632 0 487 100 375 200 478 300 853 400
273 0 5 778 0 508 100 198 200 1437 300 1261 400
274 0 5 756 0 22 100 795 200 110 300 1215 400
275 0 5 1280 0 1372 100 1232 200 1411 300 1187 400
276 0 5 1069 0 1418 100 629 200 387 300 1113 400
277 0 5 1368 0 848 100 1099 200 922 300 517 400
278 0 5 720 0 59 100 1383 200 1353 300 884 400
279 0 5 312 0 1454 100 977 200 443 300 449 400
280 0 5 14 0 797 100 1071 200 469 300 1102 400
281 0 5 189 0 981 100 718 200 930 300 1498 400
282 0 5 1138 0 1453 100 265 200 559 300 777 400
283 0 5 1259 0 644 100 507 200 18 300 1139 400
284 0 5 1432 0 628 100 313 200 344 300 65 400
285 0 5 466 0 851 100 1098 200 543 300 175 400
286 0 5 1226 0 302 100 1130 200 1052 300 1027 400
287 0 5 1254 0 1354 100 459 200 1109 300 1131 400
288 0 5 498 0 182 100 597 200 927 300 19 400
289 0 5 528 0 843 100 778 200 265 300 198 400
290 0 5 661 0 373 100 1040 200 1425 300 255 400
291 0 5 657 0 659 100 491 200 508 300 801 400
292 0 5 1457 0 916 100 18 200 1421 300 1026 400
293 0 5 1206 0 118 100 1497 200 747 300 1084 400
294 0 5 784 0 950 100 1088 200 253 300 330 400
295 0 5 336 0 391 100 889 200 948 300 726 400
296 0 5 726 0 794 100 490 200 610 300 617 400
297 0 5 945 0 1452 100 1311 200 1292 300 227 400
298 0 5 1522 0 1185 100 1521 200 741 300 1144 400
299 0 5 1048 0 955 100 147 200 1303 300 301 400
300 0 5 585 0 121 100 368 200 1441 300 501 400
301 0 5 1048 0 56 100 865 200 1100 300 147 400
302 0 5 1226 0 286 100 1027 200 541 300 1052 400
303 0 5 1458 0 328 100 1153 200 933 300 1107 400
304 0 5 407 0 1156 100 105 200 722 300 119 400
305 0 5 12 0 229 100 1135 200 654 300 1273 400
306 0 5 1089 0 1121 100 320 200 240 300 999 400
307 0 5 410 0 1142 100 1097 200 1007 300 696 400
308 0 5 879 0 356 100 910 200 112 300 739 400
309 0 5 1253 0 318 100 1479 200 798 300 1316 400
310 0 5 1223 0 495 100 388 200 1164 300 584 400
311 0 5 1318 0 967 100 1324 200 509 300 488 400
312 0 5 279 0 449 100 1229 200 693 300 820 400
313 0 5 71 0 1432 100 887 200 284 300 628 400
314 0 5 8 0 58 100 1082 200 870 300 1012 400
315 0 5 1163 0 355 100 822 200 17 300 1297 400
316 0 5 447 0 789 100 849 200 179 300 987 400
317 0 5 513 0 350 100 599 200 145 300 331 400
318 0 5 964 0 1316 100 798 200 309 300 1253 400
319 0 5 1439 0 746 100 458 200 1059 300 1426 400
320 0 5 306 0 94 100 1058 200 1008 300 1137 400
321 0 5 255 0 1362 100 82 200 1216 300 1257 400
322 0 5 483 0 1463 100 382 200 931 300 88 400
323 0 5 221 0 883 100 912 200 1416 300 636 400
324 0 5 1465 0 853 100 1426 200 335 300 632 400
325 0 5 1167 0 486 100 1226 200 807 300 1027 400
326 0 5 67 0 1352 100 718 200 799 300 515 400
327 0 5 633 0 467 100 1260 200 653 300 623 400
328 0 5 634 0 303 100 1107 200 1458 300 980 400
329 0 5 611 0 567 100 430 200 1051 300 440 400
330 0 5 253 0 1088 100 21 200 674 300 950 400
331 0 5 1314 0 599 100 317 200 145 300 1286 400
332 0 5 570 0 1398 100 534 200 562 300 648 400
333 0 5 512 0 1004 100 837 200 125 300 109 400
334 0 5 1377 0 204 100 829 200 878 300 923 400
335 0 5 1465 0 607 100 238 200 66 300 324 400
336 0 5 126 0 357 100 36 200 1342 300 295 400
337 0 5 1150 0 7 100 176 200 1006 300 163 400
338 0 5 1404 0 64 100 1116 200 1514 300 1515 400
339 0 5 1275 0 1033 100 791 200 570 300 1037 400
340 0 5 160 0 697 100 724 200 353 300 116 400
341 0 5 991 0 163 100 1150 200 391 300 994 400
342 0 5 445 0 1468 100 98 200 1212 300 1450 400
343 0 5 1299 0 457 100 1442 200 858 300 234 400
344 0 5 455 0 1432 100 887 200 284 300 628 400
345 0 5 1242 0 1197 100 13 200 1495 300 708 400
346 0 5 1341 0 1036 100 546 200 95 300 131 400
347 0 5 258 0 510 100 693 200 207 300 917 400
348 0 5 1494 0 214 100 1043 200 1474 300 98 400
349 0 5 753 0 1017 100 959 200 164 300 605 400
350 0 5 317 0 649 100 145 200 1490 300 397 400
351 0 5 1063 0 1147 100 920 200 601 300 400 400
352 0 5 492 0 443 100 1170 200 783 300 977 400
353 0 5 1077 0 697 100 724 200 1472 300 808 400
354 0 5 176 0 631 100 136 200 1364 300 1228 400
355 0 5 822 0 315 100 630 200 1297 300 1380 400
356 0 5 739 0 308 100 910 200 192 300 1295 400
357 0 5 1240 0 36 100 336 200 1054 300 874 400
358 0 5 441 0 1388 100 479 200 522 300 762 400
359 0 5 1025 0 196 100 61 200 1002 300 1363 400
360 0 5 474 0 1085 100 1020 200 476 300 1297 400
361 0 5 1134 0 498 100 222 200 25 300 170 400
362 0 5 529 0 659 100 1373 200 657 300 291 400
363 0 5 369 0 1358 100 1423 200 816 300 1095 400
364 0 5 1188 0 461 100 216 200 433 300 32 400
365 0 5 9 0 1374 100 576 200 751 300 857 400
366 0 5 1317 0 715 100 682 200 854 300 1402 400
367 0 5 548 0 626 100 13 200 77 300 536 400
368 0 5 1441 0 87 100 1068 200 300 300 149 400
369 0 5 181 0 363 100 1358 200 1064 300 1423 400
370 0 5 610 0 140 100 153 200 617 300 296 400
371 0 5 895 0 692 100 199 200 1313 300 1403 400
372 0 5 502 0 973 100 885 200 1050 300 1333 400
373 0 5 911 0 1449 100 290 200 1315 300 475 400
374 0 5 888 0 14 100 1102 200 1030 300 898 400
375 0 5 458 0 632 100 853 200 272 300 1272 400
376 0 5 81 0 51 100 1444 200 563 300 581 400
377 0 5 577 0 644 100 976 200 803 300 241 400
378 0 5 8 0 1174 100 1433 200 1082 300 314 400
379 0 5 743 0 1168 100 994 200 256 300 959 400
380 0 5 38 0 125 100 88 200 322 300 1460 400
381 0 5 1038 0 1468 100 736 200 840 300 445 400
382 0 5 483 0 1397 100 1277 200 322 300 1463 400
383 0 5 572 0 10 100 484 200 264 300 193 400
384 0 5 118 0 947 100 1206 200 880 300 1084 400
385 0 5 1189 0 1107 100 634 200 1205 300 129 400
386 0 5 864 0 723 100 604 200 645 300 1496 400
387 0 5 1151 0 1418 100 1376 200 1179 300 1323 400
388 0 5 706 0 1164 100 310 200 1223 300 267 400
389 0 5 1182 0 1449 100 82 200 15 300 1216 400
390 0 5 408 0 1015 100 1364 200 417 300 79 400
391 0 5 948 0 295 100 336 200 726 300 341 400
392 0 5 633 0 1260 100 810 200 878 300 1224 400
393 0 5 1337 0 57 100 973 200 472 300 573 400
394 0 5 667 0 1235 100 760 200 832 300 700 400
395 0 5 166 0 464 100 885 200 496 300 804 400
396 0 5 649 0 869 100 1490 200 145 300 350 400
397 0 5 513 0 437 100 350 200 978 300 1490 400
398 0 5 1066 0 262 100 1342 200 167 300 643 400
399 0 5 1437 0 119 100 1156 200 1203 300 587 400
400 0 5 209 0 968 100 444 200 606 300 1506 400
401 0 5 178 0 193 100 1482 200 934 300 264 400
402 0 5 1183 0 1367 100 1230 200 54 300 1235 400
403 0 5 581 0 81 100 1487 200 104 300 51 400
404 0 5 238 0 426 100 1141 200 519 300 66 400
405 0 5 1191 0 1265 100 1114 200 966 300 1047 400
406 0 5 988 0 94 100 127 200 1008 300 320 400
407 0 5 304 0 105 100 1192 200 689 300 866 400
408 0 5 1228 0 390 100 417 200 1364 300 631 400
409 0 5 1181 0 852 100 1098 200 29 300 58 400
410 0 5 307 0 1007 100 1142 200 696 300 159 400
411 0 5 1285 0 809 100 1129 200 847 300 1292 400
412 0 5 42 0 1307 100 938 200 688 300 212 400
413 0 5 1106 0 1074 100 1335 200 915 300 1083 400
414 0 5 1222 0 1319 100 11 200 419 300 250 400
415 0 5 50 0 993 100 705 200 847 300 1233 400
416 0 5 233 0 1333 100 235 200 516 300 1491 400
417 0 5 408 0 390 100 1219 200 1228 300 741 400
418 0 5 1490 0 758 100 1096 200 869 300 649 400
419 0 5 1319 0 739 100 250 200 1195 300 192 400
420 0 5 143 0 614 100 495 200 584 300 1009 400
421 0 5 894 0 452 100 120 200 226 300 93 400
422 0 5 740 0 1271 100 650 200 95 300 1152 400
423 0 5 73 0 557 100 1251 200 244 300 982 400
424 0 5 30 0 735 100 427 200 956 300 908 400
425 0 5 1209 0 944 100 482 200 569 300 85 400
426 0 5 519 0 404 100 1141 200 752 300 1450 400
427 0 5 1249 0 424 100 1140 200 767 300 1173 400
428 0 5 1159 0 575 100 904 200 187 300 1089 400
429 0 5 22 0 795 100 274 200 470 300 1215 400
430 0 5 943 0 695 100 567 200 78 300 329 400
431 0 5 787 0 978 100 437 200 1097 300 513 400
432 0 5 686 0 1312 100 921 200 1063 300 920 400
433 0 5 1329 0 1001 100 1476 200 364 300 461 400
434 0 5 468 0 260 100 1076 200 1230 300 972 400
435 0 5 1176 0 929 100 815 200 206 300 156 400
436 0 5 1455 0 609 100 1222 200 553 300 45 400
437 0 5 397 0 978 100 431 200 513 300 350 400
438 0 5 937 0 1408 100 1327 200 774 300 533 400
439 0 5 786 0 486 100 1278 200 86 300 1398 400
440 0 5 924 0 891 100 1389 200 329 300 1281 400
441 0 5 358 0 762 100 522 200 1239 300 479 400
442 0 5 897 0 78 100 1181 200 5 300 759 400
443 0 5 352 0 977 100 826 200 155 300 1029 400
444 0 5 606 0 968 100 683 200 400 300 601 400
445 0 5 840 0 342 100 381 200 1468 300 1212 400
446 0 5 237 0 647 100 1042 200 93 300 226 400
447 0 5 316 0 987 100 849 200 789 300 1092 400
448 0 5 96 0 23 100 732 200 1322 300 1279 400
449 0 5 312 0 693 100 820 200 1523 300 1522 400
450 0 5 1323 0 1075 100 542 200 663 300 970 400
451 0 5 1485 0 1178 100 1214 200 257 300 962 400
452 0 5 421 0 224 100 120 200 894 300 677 400
453 0 5 492 0 1030 100 888 200 783 300 374 400
454 0 5 682 0 1402 100 1485 200 715 300 366 400
455 0 5 344 0 231 100 628 200 878 300 1154 400
456 0 5 1201 0 188 100 1259 200 1269 300 507 400
457 0 5 343 0 858 100 761 200 1065 300 234 400
458 0 5 788 0 375 100 1059 200 319 300 172 400
459 0 5 1079 0 1109 100 287 200 975 300 506 400
460 0 5 83 0 727 100 470 200 4 300 1104 400
461 0 5 484 0 364 100 433 200 266 300 383 400
462 0 5 1318 0 1221 100 1324 200 1466 300 737 400
463 0 5 989 0 1165 100 748 200 1479 300 562 400
464 0 5 89 0 395 100 804 200 524 300 1415 400
465 0 5 1057 0 877 100 616 200 635 300 1276 400
466 0 5 285 0 1513 100 1514 200 668 300 543 400
467 0 5 623 0 327 100 653 200 923 300 627 400
468 0 5 260 0 434 100 907 200 1076 300 242 400
469 0 5 1102 0 14 100 280 200 374 300 888 400
470 0 5 4 0 460 100 1149 200 168 300 1355 400
471 0 5 1378 0 485 100 1309 200 919 300 1344 400
472 0 5 568 0 56 100 165 200 1337 300 393 400
473 0 5 622 0 979 100 1330 200 872 300 165 400
474 0 5 1447 0 360 100 1340 200 1085 300 1297 400
475 0 5 911 0 1368 100 65 200 1449 300 1315 400
476 0 5 515 0 1352 100 1020 200 1085 300 360 400
477 0 5 180 0 497 100 613 200 248 300 1146 400
478 0 5 487 0 1177 100 565 200 84 300 632 400
479 0 5 621 0 522 100 600 200 1239 300 441 400
480 0 5 1422 0 100 100 1046 200 812 300 1279 400
481 0 5 169 0 521 100 958 200 763 300 132 400
482 0 5 1000 0 425 100 1294 200 1209 300 1133 400
483 0 5 322 0 382 100 1277 200 1397 300 931 400
484 0 5 461 0 383 100 572 200 364 300 216 400
485 0 5 919 0 106 100 471 200 1358 300 1378 400
486 0 5 439 0 1278 100 325 200 1167 300 86 400
487 0 5 272 0 478 100 565 200 632 300 375 400
488 0 5 1270 0 152 100 509 200 967 300 1038 400
489 0 5 605 0 164 100 762 200 1239 300 142 400
490 0 5 794 0 1122 100 296 200 610 300 617 400
491 0 5 657 0 578 100 587 200 291 300 508 400
492 0 5 453 0 352 100 783 200 1170 300 977 400
493 0 5 821 0 780 100 1498 200 185 300 930 400
494 0 5 1159 0 1058 100 840 200 556 300 152 400
495 0 5 143 0 420 100 709 200 310 300 1009 400
496 0 5 166 0 502 100 885 200 395 300 1256 400
497 0 5 123 0 477 100 1146 200 180 300 613 400
498 0 5 361 0 288 100 1396 200 1134 300 1338 400
499 0 5 711 0 1000 100 1442 200 1011 300 1209 400
500 0 5 628 0 1425 100 1224 200 652 300 878 400
501 0 5 954 0 585 100 121 200 300 300 893 400
502 0 5 372 0 496 100 885 200 101 300 973 400
503 0 5 1075 0 1065 100 60 200 663 300 629 400
504 0 5 1435 0 839 100 589 200 623 300 1143 400
505 0 5 1443 0 1197 100 1495 200 1412 300 728 400
506 0 5 814 0 1109 100 1254 200 287 300 459 400
507 0 5 670 0 283 100 456 200 983 300 1095 400
508 0 5 273 0 1261 100 587 200 1437 300 291 400
509 0 5 1324 0 108 100 967 200 488 300 311 400
510 0 5 207 0 347 100 683 200 258 300 820 400
511 0 5 1213 0 734 100 909 200 1232 300 1393 400
512 0 5 333 0 109 100 125 200 724 300 1004 400
513 0 5 317 0 397 100 437 200 350 300 978 400
514 0 5 872 0 216 100 865 200 813 300 10 400
515 0 5 476 0 1352 100 799 200 326 300 67 400
516 0 5 804 0 1333 100 112 200 89 300 416 400
517 0 5 922 0 37 100 277 200 1473 300 91 400
518 0 5 1172 0 860 100 1481 200 24 300 564 400
519 0 5 426 0 752 100 1141 200 404 300 1043 400
520 0 5 144 0 212 100 1022 200 980 300 596 400
521 0 5 958 0 481 100 1362 200 1382 300 836 400
522 0 5 479 0 1239 100 441 200 621 300 762 400
523 0 5 1404 0 1170 100 338 200 977 300 1049 400
524 0 5 1256 0 1036 100 166 200 464 300 395 400
525 0 5 1081 0 640 100 1462 200 1286 300 1125 400
526 0 5 270 0 740 100 612 200 24 300 1271 400
527 0 5 913 0 1053 100 86 200 570 300 16 400
528 0 5 198 0 289 100 265 200 1461 300 1138 400
529 0 5 362 0 1373 100 33 200 1169 300 712 400
530 0 5 80 0 1139 100 949 200 561 300 44 400
531 0 5 1469 0 691 100 53 200 940 300 721 400
532 0 5 77 0 733 100 699 200 548 300 117 400
533 0 5 1327 0 1198 100 937 200 1266 300 438 400
534 0 5 1479 0 562 100 332 200 1398 300 463 400
535 0 5 842 0 128 100 124 200 293 300 1305 400
536 0 5 1003 0 151 100 781 200 969 300 559 400
537 0 5 893 0 26 100 1328 200 545 300 954 400
538 0 5 1434 0 1444 100 133 200 992 300 903 400
539 0 5 177 0 1273 100 210 200 1445 300 271 400
540 0 5 20 0 554 100 627 200 653 300 467 400
541 0 5 1008 0 1027 100 988 200 302 300 754 400
542 0 5 663 0 789 100 450 200 34 300 970 400
543 0 5 1386 0 1120 100 668 200 285 300 466 400
544 0 5 254 0 957 100 982 200 259 300 557 400
545 0 5 893 0 1284 100 850 200 537 300 121 400
546 0 5 834 0 1036 100 346 200 1256 300 603 400
547 0 5 700 0 1344 100 919 200 106 300 150 400
548 0 5 77 0 626 100 367 200 532 300 750 400
549 0 5 860 0 24 100 1424 200 639 300 1035 400
550 0 5 1314 0 1300 100 1244 200 886 300 1286 400
551 0 5 130 0 35 100 1080 200 974 300 210 400
552 0 5 1283 0 558 100 1408 200 200 300 774 400
553 0 5 45 0 609 100 792 200 436 300 1475 400
554 0 5 653 0 540 100 923 200 1377 300 829 400
555 0 5 1456 0 1407 100 236 200 1251 300 73 400
556 0 5 152 0 1137 100 494 200 1058 300 967 400
557 0 5 423 0 957 100 982 200 544 300 244 400
558 0 5 1359 0 552 100 1244 200 1241 300 1408 400
559 0 5 1003 0 1453 100 1115 200 282 300 536 400
560 0 5 846 0 805 100 3 200 1079 300 975 400
561 0 5 877 0 44 100 949 200 1026 300 80 400
562 0 5 648 0 534 100 463 200 1165 300 332 400
563 0 5 770 0 1499 100 51 200 868 300 905 400
564 0 5 270 0 997 100 1200 200 1481 300 24 400
565 0 5 1370 0 487 100 478 200 133 300 1405 400
566 0 5 972 0 1313 100 203 200 1039 300 1403 400
567 0 5 430 0 329 100 1051 200 78 300 611 400
568 0 5 472 0 56 100 1204 200 147 300 76 400
569 0 5 1180 0 157 100 944 200 681 300 425 400
570 0 5 332 0 16 100 1033 200 527 300 1398 400
571 0 5 263 0 1189 100 642 200 873 300 90 400
572 0 5 264 0 383 100 484 200 1482 300 193 400
573 0 5 218 0 101 100 1332 200 603 300 618 400
574 0 5 1176 0 767 100 929 200 156 300 595 400
575 0 5 428 0 1141 100 1450 200 1212 300 66 400
576 0 5 857 0 597 100 365 200 751 300 9 400
577 0 5 377 0 241 100 803 200 644 300 976 400
578 0 5 1221 0 491 100 587 200 399 300 1437 400
579 0 5 729 0 135 100 679 200 1019 300 647 400
580 0 5 1370 0 1385 100 881 200 170 300 565 400
581 0 5 104 0 403 100 81 200 1160 300 1444 400
582 0 5 1237 0 914 100 678 200 838 300 688 400
583 0 5 1351 0 71 100 1473 200 37 300 65 400
584 0 5 1223 0 267 100 420 200 310 300 614 400
585 0 5 300 0 800 100 501 200 685 300 730 400
586 0 5 75 0 861 100 514 200 872 300 1145 400
587 0 5 1437 0 578 100 508 200 491 300 399 400
588 0 5 1287 0 84 100 187 200 1177 300 478 400
589 0 5 1143 0 1305 100 504 200 213 300 842 400
590 0 5 131 0 95 100 1152 200 1087 300 1341 400
591 0 5 129 0 263 100 1218 200 1189 300 873 400
592 0 5 771 0 122 100 1076 200 260 300 705 400
593 0 5 231 0 1154 100 1406 200 829 300 878 400
594 0 5 37 0 1351 100 583 200 1473 300 517 400
595 0 5 1248 0 767 100 672 200 1041 300 1093 400
596 0 5 748 0 914 100 989 200 520 300 798 400
597 0 5 576 0 927 100 857 200 288 300 498 400
598 0 5 772 0 1213 100 1393 200 909 300 511 400
599 0 5 331 0 1286 100 317 200 145 300 550 400
600 0 5 1239 0 1364 100 749 200 479 300 995 400
601 0 5 1147 0 103 100 444 200 920 300 968 400
602 0 5 984 0 1304 100 713 200 623 300 1044 400
603 0 5 939 0 1220 100 218 200 1175 300 573 400
604 0 5 1160 0 864 100 386 200 104 300 723 400
605 0 5 489 0 142 100 164 200 349 300 959 400
606 0 5 444 0 683 100 400 200 1503 300 1502 400
607 0 5 238 0 335 100 66 200 1141 300 84 400
608 0 5 1500 0 1113 100 678 200 1069 300 1237 400
609 0 5 45 0 553 100 436 200 1455 300 250 400
610 0 5 370 0 296 100 617 200 490 300 745 400
611 0 5 891 0 329 100 1051 200 1464 300 567 400
612 0 5 650 0 740 100 270 200 526 300 1271 400
613 0 5 248 0 1135 100 477 200 712 300 180 400
614 0 5 420 0 990 100 1298 200 1009 300 495 400
615 0 5 1359 0 1451 100 1283 200 552 300 558 400
616 0 5 635 0 734 100 465 200 1276 300 1411 400
617 0 5 643 0 296 100 370 200 610 300 490 400
618 0 5 973 0 101 100 573 200 502 300 372 400
619 0 5 793 0 724 100 1248 200 205 300 697 400
620 0 5 80 0 1269 100 1259 200 283 300 1201 400
621 0 5 479 0 926 100 522 200 1281 300 1166 400
622 0 5 473 0 1330 100 979 200 872 300 165 400
623 0 5 467 0 984 100 327 200 504 300 1435 400
624 0 5 665 0 876 100 1484 200 116 300 695 400
625 0 5 1111 0 719 100 1107 200 27 300 676 400
626 0 5 548 0 660 100 367 200 969 300 986 400
627 0 5 20 0 228 100 246 200 540 300 653 400
628 0 5 500 0 284 100 455 200 652 300 344 400
629 0 5 232 0 276 100 1418 200 503 300 1113 400
630 0 5 1297 0 355 100 1211 200 1380 300 1477 400
631 0 5 354 0 68 100 1228 200 176 300 1219 400
632 0 5 272 0 84 100 375 200 853 300 478 400
633 0 5 1260 0 327 100 392 200 652 300 467 400
634 0 5 328 0 1107 100 129 200 303 300 1458 400
635 0 5 616 0 1276 100 465 200 1057 300 1026 400
636 0 5 883 0 948 100 994 200 912 300 323 400
637 0 5 834 0 997 100 546 200 95 300 650 400
638 0 5 1013 0 219 100 1481 200 908 300 1200 400
639 0 5 1035 0 1016 100 221 200 549 300 775 400
640 0 5 1365 0 1462 100 525 200 1286 300 200 400
641 0 5 1037 0 19 100 1157 200 1111 300 684 400
642 0 5 709 0 1205 100 571 200 1189 300 263 400
643 0 5 1486 0 617 100 398 200 296 300 262 400
644 0 5 283 0 976 100 377 200 241 300 577 400
645 0 5 1039 0 1227 100 386 200 403 300 1496 400
646 0 5 1431 0 5 100 78 200 852 300 29 400
647 0 5 446 0 1019 100 1042 200 579 300 237 400
648 0 5 562 0 791 100 933 200 719 300 332 400
649 0 5 396 0 350 100 1490 200 145 300 418 400
650 0 5 95 0 612 100 740 200 422 300 997 400
651 0 5 1361 0 662 100 777 200 716 300 31 400
652 0 5 878 0 1224 100 500 200 392 300 628 400
653 0 5 554 0 923 100 327 200 467 300 540 400
654 0 5 1148 0 1061 100 305 200 1169 300 271 400
655 0 5 244 0 97 100 701 200 1250 300 122 400
656 0 5 974 0 1043 100 214 200 348 300 752 400
657 0 5 291 0 491 100 659 200 362 300 508 400
658 0 5 184 0 242 100 796 200 122 300 592 400
659 0 5 362 0 158 100 1373 200 657 300 291 400
660 0 5 969 0 626 100 1011 200 986 300 781 400
661 0 5 290 0 269 100 1040 200 373 300 1021 400
662 0 5 1470 0 651 100 1361 200 777 300 1078 400
663 0 5 542 0 1075 100 450 200 179 300 1065 400
664 0 5 1350 0 1155 100 666 200 114 300 142 400
665 0 5 624 0 116 100 160 200 876 300 1484 400
666 0 5 114 0 664 100 136 200 994 300 163 400
667 0 5 394 0 1235 100 700 200 832 300 755 400
668 0 5 209 0 1386 100 543 200 466 300 1524 400
669 0 5 890 0 808 100 115 200 1383 300 720 400
670 0 5 507 0 983 100 241 200 1356 300 1448 400
671 0 5 1055 0 1131 100 43 200 1384 300 1354 400
672 0 5 1041 0 1093 100 595 200 1249 300 109 400
673 0 5 812 0 1420 100 15 200 1124 300 1322 400
674 0 5 828 0 713 100 1291 200 1012 300 253 400
675 0 5 1096 0 764 100 758 200 1471 300 418 400
676 0 5 199 0 895 100 1107 200 692 300 371 400
677 0 5 963 0 1127 100 120 200 1217 300 452 400
678 0 5 1237 0 582 100 1113 200 608 300 1500 400
679 0 5 729 0 135 100 579 200 1194 300 703 400
680 0 5 247 0 868 100 746 200 1499 300 563 400
681 0 5 819 0 157 100 569 200 843 300 1180 400
682 0 5 454 0 366 100 715 200 1402 300 1317 400
683 0 5 1540 0 1229 100 1 200 606 300 444 400
684 0 5 1275 0 1037 100 1157 200 641 300 927 400
685 0 5 1274 0 1417 100 1207 200 102 300 800 400
686 0 5 920 0 432 100 194 200 601 300 921 400
687 0 5 1340 0 785 100 925 200 928 300 841 400
688 0 5 113 0 1307 100 412 200 582 300 212 400
689 0 5 134 0 1192 100 407 200 1133 300 866 400
690 0 5 35 0 974 100 656 200 214 300 1105 400
691 0 5 940 0 531 100 721 200 107 300 220 400
692 0 5 1403 0 371 100 1313 200 895 300 723 400
693 0 5 449 0 347 100 820 200 258 300 826 400
694 0 5 194 0 1263 100 1132 200 686 300 917 400
695 0 5 943 0 430 100 876 200 1484 300 78 400
696 0 5 1145 0 1142 100 1387 200 159 300 75 400
697 0 5 724 0 340 100 353 200 160 300 808 400
698 0 5 1467 0 991 100 874 200 357 300 1150 400
699 0 5 733 0 1102 100 117 200 1193 300 717 400
700 0 5 547 0 667 100 1344 200 1309 300 106 400
701 0 5 1129 0 411 100 655 200 847 300 244 400
702 0 5 121 0 1101 100 1262 200 249 300 1045 400
703 0 5 996 0 1194 100 1395 200 729 300 192 400
704 0 5 1112 0 1391 100 1063 200 920 300 351 400
705 0 5 765 0 415 100 122 200 1400 300 50 400
706 0 5 388 0 50 100 1164 200 239 300 765 400
707 0 5 831 0 838 100 232 200 914 300 582 400
708 0 5 151 0 13 100 345 200 1242 300 1495 400
709 0 5 1346 0 642 100 1205 200 495 300 1290 400
710 0 5 1086 0 55 100 833 200 1215 300 460 400
711 0 5 499 0 1092 100 1442 200 1011 300 1000 400
712 0 5 33 0 1373 100 248 200 613 300 1135 400
713 0 5 1304 0 674 100 828 200 1291 300 1044 400
714 0 5 960 0 1127 100 936 200 1492 300 1217 400
715 0 5 854 0 366 100 682 200 1317 300 1485 400
716 0 5 1242 0 1361 100 777 200 151 300 651 400
717 0 5 139 0 849 100 117 200 1193 300 699 400
718 0 5 1498 0 189 100 281 200 326 300 928 400
719 0 5 27 0 933 100 625 200 648 300 1037 400
720 0 5 1353 0 278 100 1383 200 1429 300 808 400
721 0 5 940 0 899 100 691 200 531 300 202 400
722 0 5 766 0 1130 100 1203 200 119 300 1158 400
723 0 5 386 0 1496 100 1288 200 1403 300 604 400
724 0 5 697 0 619 100 353 200 340 300 333 400
725 0 5 1421 0 243 100 1331 200 1328 300 292 400
726 0 5 1414 0 296 100 889 200 794 300 490 400
727 0 5 83 0 1215 100 460 200 795 300 710 400
728 0 5 1443 0 1030 100 935 200 505 300 374 400
729 0 5 679 0 579 100 703 200 1415 300 1194 400
730 0 5 800 0 1207 100 585 200 241 300 803 400
731 0 5 1118 0 70 100 1265 200 1191 300 802 400
732 0 5 763 0 23 100 448 200 1096 300 1471 400
733 0 5 699 0 532 100 750 200 117 300 77 400
734 0 5 1411 0 616 100 511 200 1232 300 1276 400
735 0 5 424 0 908 100 1173 200 219 300 427 400
736 0 5 251 0 197 100 108 200 381 300 1468 400
737 0 5 1466 0 1158 100 462 200 1318 300 1221 400
738 0 5 1320 0 1010 100 769 200 1488 300 1363 400
739 0 5 356 0 419 100 235 200 1319 300 308 400
740 0 5 422 0 526 100 612 200 650 300 270 400
741 0 5 1144 0 298 100 1185 200 79 300 417 400
742 0 5 46 0 48 100 1471 200 1482 300 169 400
743 0 5 1350 0 379 100 256 200 994 300 664 400
744 0 5 161 0 809 100 1343 200 239 300 993 400
745 0 5 153 0 140 100 809 200 1343 300 744 400
746 0 5 247 0 319 100 680 200 1439 300 1499 400
747 0 5 1143 0 146 100 1497 200 293 300 213 400
748 0 5 596 0 989 100 463 200 1479 300 914 400
749 0 5 995 0 600 100 522 200 479 300 621 400
750 0 5 117 0 733 100 548 200 1092 300 699 400
751 0 5 1053 0 9 100 857 200 1167 300 86 400
752 0 5 519 0 1494 100 1043 200 98 300 426 400
753 0 5 156 0 349 100 205 200 762 300 164 400
754 0 5 1293 0 807 100 9 200 1027 300 541 400
755 0 5 54 0 1005 100 1235 200 757 300 667 400
756 0 5 274 0 245 100 1097 200 110 300 22 400
757 0 5 201 0 1005 100 755 200 1356 300 1309 400
758 0 5 418 0 675 100 764 200 1096 300 1490 400
759 0 5 186 0 208 100 897 200 1409 300 870 400
760 0 5 1487 0 832 100 1235 200 905 300 51 400
761 0 5 60 0 138 100 457 200 234 300 1094 400
762 0 5 1239 0 164 100 489 200 441 300 522 400
763 0 5 732 0 169 100 1471 200 1096 300 481 400
764 0 5 1482 0 675 100 758 200 1471 300 742 400
765 0 5 173 0 705 100 50 200 706 300 415 400
766 0 5 1203 0 722 100 1158 200 119 300 737 400
767 0 5 595 0 1041 100 427 200 574 300 956 400
768 0 5 1505 0 1504 100 1431 200 466 300 1464 400
769 0 5 1381 0 738 100 137 200 196 300 1363 400
770 0 5 563 0 905 100 1499 200 868 300 51 400
771 0 5 592 0 1210 100 1349 200 985 300 1290 400
772 0 5 598 0 909 100 195 200 1393 300 1161 400
773 0 5 224 0 1493 100 1475 200 62 300 792 400
774 0 5 1408 0 438 100 552 200 1327 300 1266 400
775 0 5 1245 0 1168 100 1016 200 639 300 221 400
776 0 5 1108 0 844 100 902 200 174 300 1061 400
777 0 5 651 0 1138 100 716 200 662 300 1078 400
778 0 5 273 0 289 100 198 200 843 300 528 400
779 0 5 1438 0 887 100 1154 200 790 300 231 400
780 0 5 821 0 493 100 930 200 1247 300 896 400
781 0 5 969 0 1115 100 819 200 1003 300 536 400
782 0 5 1244 0 901 100 1241 200 558 300 875 400
783 0 5 826 0 1030 100 453 200 492 300 352 400
784 0 5 294 0 3 100 950 200 975 300 1433 400
785 0 5 925 0 687 100 1340 200 854 300 17 400
786 0 5 439 0 1278 100 1316 200 1253 300 1398 400
787 0 5 431 0 159 100 978 200 882 300 934 400
788 0 5 458 0 1272 100 319 200 375 300 1426 400
789 0 5 34 0 316 100 179 200 849 300 542 400
790 0 5 99 0 1438 100 779 200 71 300 887 400
791 0 5 648 0 339 100 534 200 719 300 1275 400
792 0 5 1475 0 62 100 553 200 1493 300 45 400
793 0 5 1248 0 619 100 205 200 156 300 595 400
794 0 5 490 0 1416 100 296 200 1414 300 726 400
795 0 5 429 0 1215 100 274 200 83 300 110 400
796 0 5 184 0 658 100 122 200 242 300 1400 400
797 0 5 1071 0 280 100 935 200 14 300 898 400
798 0 5 838 0 318 100 309 200 964 300 1479 400
799 0 5 1199 0 515 100 326 200 850 300 183 400
800 0 5 730 0 585 100 1207 200 685 300 300 400
801 0 5 1119 0 1078 100 1461 200 291 300 1261 400
802 0 5 1452 0 1118 100 1410 200 731 300 227 400
803 0 5 1321 0 241 100 577 200 954 300 377 400
804 0 5 516 0 885 100 464 200 395 300 89 400
805 0 5 1079 0 560 100 287 200 459 300 846 400
806 0 5 1196 0 1415 100 252 200 1394 300 1345 400
807 0 5 1293 0 754 100 1027 200 325 300 1167 400
808 0 5 1472 0 669 100 115 200 1429 300 353 400
809 0 5 1285 0 411 100 744 200 153 300 745 400
810 0 5 1224 0 217 100 392 200 1260 300 1040 400
811 0 5 1090 0 1110 100 997 200 1200 300 871 400
812 0 5 1124 0 673 100 100 200 1322 300 480 400
813 0 5 1100 0 865 100 165 200 514 300 872 400
814 0 5 506 0 851 100 1120 200 58 300 1109 400
815 0 5 1017 0 435 100 206 200 1168 300 156 400
816 0 5 1358 0 1378 100 1423 200 363 300 471 400
817 0 5 1410 0 1171 100 227 200 1401 300 1152 400
818 0 5 1282 0 1276 100 1477 200 1211 300 1339 400
819 0 5 681 0 781 100 843 200 1115 300 157 400
820 0 5 1229 0 258 100 693 200 449 300 510 400
821 0 5 493 0 780 100 185 200 1498 300 1042 400
822 0 5 355 0 1380 100 315 200 1477 300 1163 400
823 0 5 211 0 1489 100 1179 200 1069 300 68 400
824 0 5 1372 0 52 100 275 200 1056 300 1232 400
825 0 5 1427 0 99 100 37 200 71 300 583 400
826 0 5 1029 0 783 100 443 200 693 300 352 400
827 0 5 1082 0 870 100 759 200 1306 300 1409 400
828 0 5 674 0 713 100 1012 200 1306 300 1483 400
829 0 5 204 0 1154 100 334 200 1406 300 554 400
830 0 5 235 0 1360 100 470 200 1355 300 11 400
831 0 5 707 0 232 100 1113 200 678 300 838 400
832 0 5 1231 0 760 100 905 200 667 300 225 400
833 0 5 863 0 55 100 710 200 110 300 1387 400
834 0 5 637 0 546 100 1175 200 603 300 1341 400
835 0 5 1176 0 946 100 206 200 767 300 956 400
836 0 5 958 0 1302 100 1382 200 521 300 132 400
837 0 5 1004 0 915 100 951 200 1031 300 333 400
838 0 5 707 0 798 100 138 200 964 300 914 400
839 0 5 217 0 1435 100 504 200 810 300 146 400
840 0 5 445 0 494 100 381 200 1159 300 152 400
841 0 5 1317 0 928 100 687 200 1498 300 1340 400
842 0 5 535 0 128 100 1305 200 589 300 504 400
843 0 5 289 0 105 100 819 200 265 300 681 400
844 0 5 776 0 1061 100 174 200 1108 300 1169 400
845 0 5 139 0 1028 100 1336 200 970 300 849 400
846 0 5 560 0 1117 100 287 200 805 300 3 400
847 0 5 1233 0 1400 100 415 200 411 300 993 400
848 0 5 1124 0 277 100 1449 200 1182 300 1368 400
849 0 5 717 0 117 100 789 200 316 300 447 400
850 0 5 1199 0 183 100 545 200 799 300 1284 400
851 0 5 814 0 1120 100 285 200 175 300 1254 400
852 0 5 409 0 29 100 646 200 1181 300 5 400
853 0 5 1426 0 324 100 375 200 1272 300 632 400
854 0 5 715 0 17 100 1485 200 785 300 925 400
855 0 5 930 0 1247 100 896 200 1018 300 780 400
856 0 5 948 0 994 100 163 200 341 300 636 400
857 0 5 576 0 9 100 597 200 751 300 1053 400
858 0 5 1442 0 987 100 457 200 343 300 1092 400
859 0 5 1214 0 1190 100 1023 200 1488 300 1478 400
860 0 5 1035 0 549 100 1016 200 1172 300 518 400
861 0 5 586 0 10 100 514 200 75 300 934 400
862 0 5 1081 0 1046 100 148 200 1422 300 480 400
863 0 5 110 0 833 100 55 200 274 300 1215 400
864 0 5 386 0 604 100 104 200 1160 300 723 400
865 0 5 813 0 216 100 514 200 301 300 1100 400
866 0 5 1192 0 1371 100 1226 200 1130 300 286 400
867 0 5 1282 0 1339 100 268 200 1334 300 1211 400
868 0 5 680 0 1499 100 563 200 770 300 51 400
869 0 5 23 0 396 100 1096 200 448 300 418 400
870 0 5 827 0 1082 100 58 200 759 300 314 400
871 0 5 1090 0 906 100 1110 200 1013 300 1303 400
872 0 5 165 0 1330 100 514 200 813 300 473 400
873 0 5 90 0 263 100 938 200 1009 300 571 400
874 0 5 126 0 1467 100 698 200 336 300 357 400
875 0 5 961 0 1241 100 901 200 1091 300 782 400
876 0 5 624 0 695 100 943 200 665 300 1484 400
877 0 5 465 0 561 100 80 200 1026 300 1057 400
878 0 5 652 0 1406 100 392 200 204 300 455 400
879 0 5 308 0 112 100 1295 200 516 300 89 400
880 0 5 1106 0 384 100 947 200 951 300 837 400
881 0 5 1385 0 1208 100 222 200 580 300 900 400
882 0 5 934 0 178 100 978 200 787 300 1490 400
883 0 5 323 0 636 100 912 200 221 300 1416 400
884 0 5 124 0 1353 100 278 200 59 300 720 400
885 0 5 804 0 496 100 395 200 502 300 372 400
886 0 5 1300 0 1451 100 1286 200 550 300 1244 400
887 0 5 779 0 71 100 344 200 313 300 1432 400
888 0 5 374 0 453 100 1102 200 14 300 469 400
889 0 5 726 0 296 100 1366 200 295 300 336 400
890 0 5 669 0 28 100 115 200 116 300 1484 400
891 0 5 611 0 440 100 1051 200 1464 300 1389 400
892 0 5 1436 0 1301 100 1420 200 15 300 1322 400
893 0 5 537 0 545 100 1284 200 501 300 26 400
894 0 5 93 0 421 100 452 200 237 300 226 400
895 0 5 371 0 199 100 676 200 692 300 1403 400
896 0 5 1247 0 107 100 1018 200 855 300 780 400
897 0 5 442 0 186 100 759 200 1181 300 78 400
898 0 5 935 0 1412 100 1443 200 374 300 797 400
899 0 5 721 0 1238 100 940 200 1019 300 202 400
900 0 5 222 0 25 100 1208 200 1374 300 881 400
901 0 5 1241 0 782 100 961 200 875 300 558 400
902 0 5 1108 0 1324 100 776 200 251 300 509 400
903 0 5 992 0 172 100 133 200 1059 300 538 400
904 0 5 187 0 66 100 428 200 575 300 84 400
905 0 5 1231 0 770 100 51 200 563 300 832 400
906 0 5 40 0 871 100 1090 200 1175 300 1303 400
907 0 5 242 0 223 100 468 200 1230 300 434 400
908 0 5 219 0 735 100 638 200 424 300 1481 400
909 0 5 1032 0 772 100 962 200 511 300 1161 400
910 0 5 192 0 1395 100 356 200 703 300 308 400
911 0 5 475 0 373 100 1315 200 1449 300 65 400
912 0 5 221 0 323 100 883 200 636 300 775 400
913 0 5 16 0 527 100 86 200 1053 300 570 400
914 0 5 596 0 582 100 838 200 989 300 748 400
915 0 5 1335 0 837 100 125 200 413 300 380 400
916 0 5 292 0 1026 100 1457 200 44 300 867 400
917 0 5 207 0 1258 100 347 200 510 300 601 400
918 0 5 1047 0 131 100 1341 200 942 300 1236 400
919 0 5 1344 0 485 100 547 200 471 300 106 400
920 0 5 686 0 1063 100 351 200 601 300 1147 400
921 0 5 1310 0 1446 100 1112 200 1063 300 432 400
922 0 5 517 0 1099 100 91 200 277 300 1246 400
923 0 5 1377 0 653 100 554 200 327 300 467 400
924 0 5 440 0 1281 100 1348 200 1166 300 329 400
925 0 5 785 0 687 100 17 200 1340 300 854 400
926 0 5 1166 0 1348 100 621 200 479 300 876 400
927 0 5 597 0 288 100 1053 200 1033 300 684 400
928 0 5 841 0 1498 100 687 200 67 300 1340 400
929 0 5 156 0 435 100 574 200 1176 300 815 400
930 0 5 855 0 1247 100 780 200 281 300 493 400
931 0 5 88 0 1083 100 322 200 1460 300 1459 400
932 0 5 1459 0 1060 100 1257 200 1074 300 1083 400
933 0 5 27 0 719 100 303 200 648 300 625 400
934 0 5 882 0 178 100 159 200 193 300 787 400
935 0 5 1071 0 898 100 797 200 728 300 1443 400
936 0 5 960 0 1492 100 714 200 61 300 738 400
937 0 5 438 0 1327 100 2 200 533 300 47 400
938 0 5 1009 0 873 100 412 200 263 300 212 400
939 0 5 1332 0 603 100 218 200 546 300 834 400
940 0 5 721 0 691 100 531 200 899 300 1469 400
941 0 5 1440 0 1294 100 234 200 1299 300 482 400
942 0 5 1236 0 1047 100 1114 200 1191 300 918 400
943 0 5 430 0 695 100 876 200 1348 300 926 400
944 0 5 134 0 85 100 425 200 569 300 1180 400
945 0 5 297 0 227 100 1401 200 1452 300 817 400
946 0 5 835 0 956 100 1035 200 206 300 1172 400
947 0 5 1084 0 951 100 384 200 880 300 118 400
948 0 5 856 0 636 100 391 200 336 300 295 400
949 0 5 1139 0 44 100 530 200 561 300 80 400
950 0 5 1088 0 294 100 1433 200 784 300 330 400
951 0 5 947 0 1326 100 837 200 1084 300 880 400
952 0 5 1187 0 1280 100 1419 200 1372 300 1325 400
953 0 5 1123 0 1187 100 1255 200 137 300 1419 400
954 0 5 501 0 1321 100 803 200 893 300 537 400
955 0 5 299 0 1001 100 971 200 1048 300 1303 400
956 0 5 30 0 946 100 767 200 424 300 574 400
957 0 5 544 0 557 100 249 200 1101 300 1407 400
958 0 5 836 0 521 100 132 200 1302 300 481 400
959 0 5 1017 0 1155 100 349 200 142 300 605 400
960 0 5 936 0 714 100 61 200 1128 300 1492 400
961 0 5 1225 0 875 100 901 200 782 300 1241 400
962 0 5 17 0 1178 100 1485 200 1163 300 909 400
963 0 5 1127 0 677 100 714 200 120 300 1217 400
964 0 5 318 0 798 100 1094 200 1253 300 838 400
965 0 5 1278 0 234 100 1316 200 486 300 941 400
966 0 5 1114 0 1014 100 405 200 1264 300 998 400
967 0 5 152 0 311 100 509 200 556 300 488 400
968 0 5 103 0 444 100 400 200 601 300 606 400
969 0 5 660 0 781 100 626 200 536 300 367 400
970 0 5 1323 0 1336 100 1028 200 542 300 450 400
971 0 5 1501 0 1303 100 219 200 1013 300 871 400
972 0 5 566 0 203 100 1039 200 434 300 1313 400
973 0 5 618 0 372 100 1104 200 393 300 1050 400
974 0 5 690 0 656 100 214 200 1105 300 210 400
975 0 5 3 0 1433 100 1109 200 287 300 459 400
976 0 5 18 0 644 100 377 200 243 300 577 400
977 0 5 1170 0 141 100 443 200 352 300 338 400
978 0 5 437 0 431 100 787 200 882 300 1490 400
979 0 5 1387 0 473 100 75 200 622 300 872 400
980 0 5 1153 0 1022 100 1165 200 1458 300 520 400
981 0 5 281 0 183 100 189 200 1456 300 855 400
982 0 5 254 0 544 100 87 200 557 300 244 400
983 0 5 670 0 1356 100 507 200 241 300 1448 400
984 0 5 602 0 128 100 623 200 1291 300 1044 400
985 0 5 1290 0 1076 100 203 200 1205 300 771 400
986 0 5 1011 0 626 100 660 200 1209 300 548 400
987 0 5 447 0 1092 100 858 200 316 300 457 400
988 0 5 1252 0 406 100 261 200 127 300 541 400
989 0 5 463 0 748 100 596 200 1165 300 520 400
990 0 5 614 0 1298 100 42 200 1009 300 420 400
991 0 5 341 0 1150 100 698 200 1467 300 163 400
992 0 5 903 0 1444 100 133 200 538 300 172 400
993 0 5 415 0 239 100 50 200 1233 300 847 400
994 0 5 256 0 636 100 379 200 856 300 114 400
995 0 5 749 0 1015 100 600 200 1281 300 390 400
996 0 5 703 0 1415 100 1395 200 910 300 89 400
997 0 5 811 0 1175 100 564 200 1090 300 637 400
998 0 5 1394 0 1014 100 252 200 1390 300 1196 400
999 0 5 1121 0 1430 100 320 200 306 300 240 400
1000 0 5 482 0 499 100 1209 200 1294 300 711 400
1001 0 5 32 0 433 100 955 200 1188 300 1048 400
1002 0 5 1320 0 1128 100 61 200 1363 300 359 400
1003 0 5 536 0 559 100 781 200 1115 300 151 400
1004 0 5 1031 0 837 100 333 200 1077 300 724 400
1005 0 5 757 0 1207 100 755 200 730 300 201 400
1006 0 5 1179 0 176 100 211 200 7 300 337 400
1007 0 5 410 0 1097 100 245 200 307 300 696 400
1008 0 5 541 0 320 100 406 200 1027 300 365 400
1009 0 5 938 0 873 100 990 200 90 300 614 400
1010 0 5 1369 0 1381 100 738 200 1190 300 859 400
1011 0 5 986 0 1209 100 660 200 711 300 157 400
1012 0 5 1306 0 828 100 1174 200 674 300 1082 400
1013 0 5 638 0 871 100 1110 200 971 300 1200 400
1014 0 5 998 0 53 100 966 200 1390 300 531 400
1015 0 5 79 0 390 100 995 200 408 300 1281 400
1016 0 5 639 0 1035 100 860 200 775 300 1245 400
1017 0 5 959 0 815 100 1168 200 349 300 156 400
1018 0 5 107 0 220 100 896 200 855 300 236 400
1019 0 5 1238 0 647 100 899 200 579 300 202 400
1020 0 5 360 0 26 100 476 200 474 300 1085 400
1021 0 5 146 0 6 100 747 200 661 300 92 400
1022 0 5 980 0 144 100 520 200 1218 300 1153 400
1023 0 5 1488 0 859 100 1402 200 1214 300 1492 400
1024 0 5 31 0 1243 100 1078 200 1470 300 158 400
1025 0 5 359 0 1067 100 196 200 62 300 792 400
1026 0 5 916 0 1057 100 561 200 877 300 635 400
1027 0 5 754 0 1252 100 541 200 1052 300 807 400
1028 0 5 845 0 39 100 1116 200 1336 300 970 400
1029 0 5 826 0 155 100 443 200 693 300 449 400
1030 0 5 728 0 453 100 783 200 14 300 1071 400
1031 0 5 1004 0 1077 100 837 200 1472 300 353 400
1032 0 5 909 0 1163 100 962 200 822 300 511 400
1033 0 5 339 0 570 100 1275 200 927 300 332 400
1034 0 5 1369 0 137 100 1190 200 1062 300 1478 400
1035 0 5 860 0 639 100 1016 200 549 300 946 400
1036 0 5 346 0 546 100 1256 200 524 300 1341 400
1037 0 5 641 0 684 100 1111 200 791 300 719 400
1038 0 5 1270 0 381 100 108 200 736 300 488 400
1039 0 5 645 0 1227 100 566 200 972 300 434 400
1040 0 5 269 0 92 100 1224 200 810 300 290 400
1041 0 5 672 0 767 100 595 200 1093 300 1140 400
1042 0 5 1126 0 226 100 202 200 647 300 446 400
1043 0 5 656 0 752 100 348 200 1494 300 214 400
1044 0 5 1483 0 1304 100 1202 200 828 300 128 400
1045 0 5 1262 0 259 100 1101 200 87 300 702 400
1046 0 5 862 0 1125 100 1422 200 480 300 1462 400
1047 0 5 72 0 1114 100 1390 200 942 300 918 400
1048 0 5 301 0 299 100 955 200 32 300 147 400
1049 0 5 64 0 1502 100 1 200 141 300 338 400
1050 0 5 1149 0 4 100 372 200 973 300 885 400
1051 0 5 1464 0 891 100 611 200 567 300 329 400
1052 0 5 1252 0 261 100 1027 200 286 300 1130 400
1053 0 5 527 0 751 100 927 200 86 300 857 400
1054 0 5 1186 0 36 100 1342 200 1240 300 167 400
1055 0 5 1446 0 671 100 1384 200 1310 300 43 400
1056 0 5 154 0 1393 100 52 200 41 300 1232 400
1057 0 5 465 0 1026 100 635 200 877 300 616 400
1058 0 5 494 0 1137 100 320 200 556 300 94 400
1059 0 5 1439 0 172 100 458 200 903 300 319 400
1060 0 5 932 0 1382 100 1257 200 1459 300 1074 400
1061 0 5 654 0 844 100 174 200 1169 300 1148 400
1062 0 5 1478 0 41 100 1325 200 137 300 1034 400
1063 0 5 351 0 920 100 704 200 921 300 1391 400
1064 0 5 191 0 1269 100 181 200 188 300 1095 400
1065 0 5 60 0 503 100 457 200 761 300 138 400
1066 0 5 1342 0 398 100 1186 200 167 300 336 400
1067 0 5 1025 0 62 100 1493 200 359 300 792 400
1068 0 5 97 0 87 100 368 200 1250 300 149 400
1069 0 5 276 0 1113 100 608 200 1418 300 823 400
1070 0 5 211 0 7 100 1489 200 823 300 1184 400
1071 0 5 797 0 935 100 280 200 1030 300 14 400
1072 0 5 229 0 1135 100 123 200 1146 300 305 400
1073 0 5 1469 0 1238 100 1345 200 53 300 1019 400
1074 0 5 413 0 1106 100 1083 200 932 300 1257 400
1075 0 5 503 0 450 100 663 200 1323 300 970 400
1076 0 5 203 0 260 100 985 200 434 300 592 400
1077 0 5 353 0 1472 100 1031 200 1004 300 951 400
1078 0 5 801 0 31 100 1470 200 1024 300 777 400
1079 0 5 459 0 805 100 287 200 975 300 3 400
1080 0 5 130 0 1273 100 210 200 229 300 1135 400
1081 0 5 862 0 525 100 148 200 145 300 1286 400
1082 0 5 827 0 870 100 8 200 1306 300 314 400
1083 0 5 1459 0 931 100 1074 200 1460 300 413 400
1084 0 5 947 0 124 100 384 200 118 300 951 400
1085 0 5 360 0 1340 100 67 200 687 300 928 400
1086 0 5 710 0 230 100 1104 200 460 300 57 400
1087 0 5 1171 0 1236 100 1152 200 590 300 918 400
1088 0 5 950 0 330 100 294 200 253 300 674 400
1089 0 5 240 0 1159 100 306 200 428 300 187 400
1090 0 5 811 0 871 100 1175 200 906 300 997 400
1091 0 5 1225 0 2 100 47 200 875 300 937 400
1092 0 5 711 0 987 100 858 200 750 300 1011 400
1093 0 5 1249 0 672 100 1041 200 767 300 1140 400
1094 0 5 138 0 234 100 1316 200 761 300 964 400
1095 0 5 188 0 1423 100 1201 200 456 300 507 400
1096 0 5 675 0 1471 100 758 200 23 300 418 400
1097 0 5 245 0 1007 100 307 200 756 300 159 400
1098 0 5 58 0 175 100 285 200 409 300 29 400
1099 0 5 1246 0 922 100 277 200 1124 300 848 400
1100 0 5 813 0 56 100 301 200 865 300 165 400
1101 0 5 249 0 1262 100 1045 200 702 300 259 400
1102 0 5 469 0 1193 100 699 200 374 300 14 400
1103 0 5 49 0 1329 100 1476 200 1463 300 1501 400
1104 0 5 230 0 57 100 973 200 1086 300 460 400
1105 0 5 214 0 1289 100 1474 200 210 300 130 400
1106 0 5 880 0 413 100 1074 200 747 300 915 400
1107 0 5 676 0 625 100 27 200 328 300 385 400
1108 0 5 776 0 902 100 174 200 251 300 844 400
1109 0 5 459 0 506 100 975 200 287 300 1433 400
1110 0 5 1200 0 811 100 871 200 1013 300 906 400
1111 0 5 625 0 641 100 1308 200 1037 300 19 400
1112 0 5 704 0 921 100 1310 200 1384 300 1391 400
1113 0 5 1069 0 608 100 831 200 678 300 629 400
1114 0 5 966 0 405 100 1047 200 942 300 1014 400
1115 0 5 265 0 1453 100 781 200 559 300 819 400
1116 0 5 1028 0 64 100 1533 200 1532 300 338 400
1117 0 5 846 0 1131 100 287 200 1354 300 560 400
1118 0 5 802 0 731 100 1452 200 1191 300 1265 400
1119 0 5 801 0 1261 100 1461 200 508 300 291 400
1120 0 5 851 0 543 100 466 200 1254 300 285 400
1121 0 5 999 0 306 100 240 200 1287 300 1177 400
1122 0 5 490 0 422 100 794 200 1416 300 1162 400
1123 0 5 1255 0 953 100 1187 200 1419 300 1379 400
1124 0 5 848 0 812 100 1182 200 673 300 1099 400
1125 0 5 1246 0 1046 100 1462 200 525 300 200 400
1126 0 5 1042 0 202 100 226 200 647 300 1019 400
1127 0 5 963 0 714 100 677 200 960 300 1217 400
1128 0 5 61 0 1002 100 960 200 936 300 359 400
1129 0 5 701 0 1292 100 411 200 847 300 244 400
1130 0 5 286 0 722 100 866 200 1052 300 261 400
1131 0 5 1117 0 671 100 1354 200 287 300 1384 400
1132 0 5 1312 0 194 100 694 200 1263 300 686 400
1133 0 5 1440 0 1192 100 85 200 1371 300 134 400
1134 0 5 361 0 1338 100 1234 200 1396 300 498 400
1135 0 5 229 0 1072 100 613 200 305 300 248 400
1136 0 5 1336 0 34 100 542 200 139 300 849 400
1137 0 5 127 0 556 100 1058 200 320 300 94 400
1138 0 5 282 0 1461 100 777 200 528 300 265 400
1139 0 5 949 0 530 100 44 200 18 300 1259 400
1140 0 5 1249 0 38 100 427 200 162 300 1173 400
1141 0 5 404 0 575 100 66 200 426 300 1450 400
1142 0 5 307 0 696 100 159 200 410 300 1145 400
1143 0 5 589 0 747 100 146 200 213 300 1305 400
1144 0 5 741 0 1517 100 1518 200 298 300 1185 400
1145 0 5 159 0 696 100 1387 200 75 300 934 400
1146 0 5 123 0 497 100 1072 200 477 300 248 400
1147 0 5 601 0 351 100 103 200 920 300 968 400
1148 0 5 271 0 654 100 177 200 12 300 1061 400
1149 0 5 1050 0 470 100 4 200 235 300 233 400
1150 0 5 337 0 991 100 163 200 341 300 698 400
1151 0 5 387 0 1228 100 68 200 1179 300 631 400
1152 0 5 1171 0 1087 100 95 200 590 300 650 400
1153 0 5 980 0 1458 100 303 200 1218 300 1022 400
1154 0 5 593 0 829 100 1438 200 779 300 1406 400
1155 0 5 142 0 664 100 959 200 1350 300 379 400
1156 0 5 119 0 304 100 399 200 105 300 843 400
1157 0 5 182 0 684 100 641 200 1033 300 927 400
1158 0 5 737 0 1466 100 766 200 722 300 1203 400
1159 0 5 1089 0 494 100 428 200 840 300 1058 400
1160 0 5 604 0 1434 100 104 200 864 300 1444 400
1161 0 5 1178 0 257 100 195 200 909 300 772 400
1162 0 5 1271 0 1416 100 422 200 1424 300 740 400
1163 0 5 315 0 1032 100 962 200 17 300 822 400
1164 0 5 388 0 239 100 706 200 310 300 161 400
1165 0 5 463 0 562 100 648 200 980 300 989 400
1166 0 5 1281 0 926 100 1348 200 621 300 924 400
1167 0 5 325 0 86 100 807 200 486 300 751 400
1168 0 5 1245 0 1017 100 379 200 775 300 815 400
1169 0 5 33 0 1061 100 844 200 654 300 529 400
1170 0 5 977 0 523 100 352 200 492 300 443 400
1171 0 5 1087 0 817 100 1152 200 1410 300 227 400
1172 0 5 518 0 860 100 946 200 1035 300 1016 400
1173 0 5 162 0 1501 100 1357 200 735 300 1140 400
1174 0 5 378 0 1433 100 1012 200 1306 300 8 400
1175 0 5 1220 0 997 100 1090 200 906 300 603 400
1176 0 5 435 0 835 100 206 200 574 300 929 400
1177 0 5 1399 0 478 100 588 200 1287 300 1121 400
1178 0 5 1161 0 451 100 962 200 909 300 1485 400
1179 0 5 1006 0 68 100 176 200 1151 300 387 400
1180 0 5 569 0 105 100 843 200 157 300 681 400
1181 0 5 409 0 442 100 852 200 78 300 29 400
1182 0 5 389 0 15 100 1124 200 848 300 673 400
1183 0 5 402 0 54 100 1367 200 1230 300 755 400
1184 0 5 1428 0 1489 100 7 200 1070 300 1006 400
1185 0 5 69 0 298 100 1525 200 1526 300 741 400
1186 0 5 1342 0 1054 100 1240 200 167 300 1066 400
1187 0 5 952 0 953 100 1280 200 275 300 1123 400
1188 0 5 32 0 364 100 216 200 433 300 1048 400
1189 0 5 571 0 385 100 129 200 642 300 591 400
1190 0 5 859 0 1478 100 1010 200 1214 300 1369 400
1191 0 5 405 0 1265 100 1236 200 731 300 942 400
1192 0 5 689 0 1133 100 866 200 1371 300 407 400
1193 0 5 1102 0 717 100 699 200 117 300 139 400
1194 0 5 703 0 1195 100 111 200 192 300 679 400
1195 0 5 192 0 111 100 1194 200 250 300 419 400
1196 0 5 252 0 806 100 1415 200 1394 300 1345 400
1197 0 5 345 0 505 100 1495 200 13 300 728 400
1198 0 5 533 0 1266 100 47 200 91 300 2 400
1199 0 5 799 0 850 100 183 200 515 300 545 400
1200 0 5 1110 0 1481 100 811 200 997 300 1013 400
1201 0 5 456 0 188 100 1269 200 1095 300 1064 400
1202 0 5 1483 0 1306 100 1044 200 59 300 828 400
1203 0 5 766 0 722 100 399 200 119 300 1221 400
1204 0 5 147 0 76 100 568 200 56 300 301 400
1205 0 5 1290 0 642 100 985 200 709 300 90 400
1206 0 5 118 0 1497 100 293 200 384 300 213 400
1207 0 5 1005 0 730 100 685 200 800 300 585 400
1208 0 5 881 0 900 100 222 200 1374 300 1399 400
1209 0 5 425 0 157 100 1011 200 482 300 1000 400
1210 0 5 1349 0 173 100 771 200 1346 300 592 400
1211 0 5 1339 0 1282 100 630 200 818 300 1477 400
1212 0 5 1450 0 98 100 575 200 342 300 1141 400
1213 0 5 598 0 511 100 1393 200 909 300 1056 400
1214 0 5 859 0 1485 100 1478 200 451 300 1190 400
1215 0 5 727 0 55 100 795 200 83 300 710 400
1216 0 5 1301 0 1362 100 321 200 82 300 389 400
1217 0 5 185 0 677 100 1402 200 714 300 226 400
1218 0 5 591 0 129 100 1153 200 1022 300 1458 400
1219 0 5 1228 0 417 100 1179 200 68 300 631 400
1220 0 5 1296 0 1175 100 603 200 76 300 40 400
1221 0 5 578 0 462 100 399 200 1203 300 737 400
1222 0 5 414 0 436 100 11 200 1455 300 1319 400
1223 0 5 584 0 310 100 267 200 1164 300 388 400
1224 0 5 810 0 652 100 1040 200 500 300 392 400
1225 0 5 961 0 1091 100 47 200 875 300 901 400
1226 0 5 302 0 286 100 325 200 866 300 1130 400
1227 0 5 1496 0 645 100 1039 200 1403 300 386 400
1228 0 5 408 0 1219 100 1151 200 631 300 417 400
1229 0 5 820 0 683 100 1507 200 1506 300 312 400
1230 0 5 223 0 1367 100 402 200 149 300 907 400
1231 0 5 832 0 905 100 225 200 700 300 760 400
1232 0 5 1411 0 52 100 511 200 1056 300 275 400
1233 0 5 847 0 1400 100 415 200 993 300 239 400
1234 0 5 1338 0 1134 100 170 200 1308 300 1396 400
1235 0 5 394 0 667 100 54 200 755 300 760 400
1236 0 5 1191 0 942 100 1087 200 1410 300 802 400
1237 0 5 1500 0 582 100 678 200 608 300 1307 400
1238 0 5 1073 0 1019 100 899 200 1345 300 1469 400
1239 0 5 762 0 522 100 600 200 489 300 441 400
1240 0 5 357 0 1298 100 1186 200 42 300 1054 400
1241 0 5 875 0 901 100 558 200 782 300 1408 400
1242 0 5 345 0 716 100 151 200 1361 300 708 400
1243 0 5 1024 0 158 100 180 200 1078 300 31 400
1244 0 5 782 0 1359 100 558 200 550 300 1451 400
1245 0 5 1168 0 775 100 206 200 1016 300 815 400
1246 0 5 1099 0 1125 100 922 200 1266 300 91 400
1247 0 5 896 0 930 100 855 200 780 300 107 400
1248 0 5 793 0 595 100 619 200 512 300 1004 400
1249 0 5 1093 0 1140 100 427 200 672 300 767 400
1250 0 5 97 0 244 100 87 200 655 300 982 400
1251 0 5 1407 0 73 100 423 200 1456 300 555 400
1252 0 5 1052 0 988 100 261 200 1027 300 541 400
1253 0 5 1398 0 309 100 318 200 964 300 786 400
1254 0 5 287 0 1354 100 506 200 1120 300 851 400
1255 0 5 1123 0 1379 100 137 200 952 300 1187 400
1256 0 5 166 0 524 100 1036 200 546 300 496 400
1257 0 5 1060 0 932 100 255 200 1074 300 1362 400
1258 0 5 1263 0 917 100 693 200 347 300 258 400
1259 0 5 283 0 620 100 456 200 1269 300 1139 400
1260 0 5 633 0 392 100 327 200 810 300 217 400
1261 0 5 198 0 1119 100 508 200 1461 300 273 400
1262 0 5 1045 0 1101 100 702 200 121 300 259 400
1263 0 5 1258 0 194 100 694 200 1132 300 917 400
1264 0 5 220 0 236 100 1392 200 1018 300 966 400
1265 0 5 405 0 1191 100 731 200 1114 300 1118 400
1266 0 5 91 0 1198 100 1327 200 533 300 1246 400
1267 0 5 1288 0 1308 100 1396 200 1111 300 19 400
1268 0 5 132 0 46 100 171 200 1397 300 266 400
1269 0 5 620 0 1064 100 191 200 1201 300 456 400
1270 0 5 1038 0 488 100 381 200 108 300 509 400
1271 0 5 1162 0 1424 100 422 200 740 300 526 400
1272 0 5 1426 0 788 100 853 200 319 300 375 400
1273 0 5 1080 0 539 100 12 200 210 300 305 400
1274 0 5 685 0 1417 100 102 200 1441 300 1207 400
1275 0 5 684 0 339 100 1033 200 1037 300 927 400
1276 0 5 635 0 818 100 616 200 1477 300 1282 400
1277 0 5 1302 0 1397 100 483 200 382 300 132 400
1278 0 5 965 0 786 100 486 200 439 300 1316 400
1279 0 5 96 0 1422 100 1322 200 148 300 100 400
1280 0 5 275 0 952 100 1372 200 1187 300 1419 400
1281 0 5 1166 0 924 100 1348 200 621 300 440 400
1282 0 5 818 0 867 100 1211 200 1339 300 1276 400
1283 0 5 200 0 552 100 1359 200 615 300 1451 400
1284 0 5 249 0 545 100 121 200 850 300 893 400
1285 0 5 411 0 809 100 847 200 993 300 1292 400
1286 0 5 599 0 886 100 145 200 525 300 1300 400
1287 0 5 588 0 240 100 1121 200 1177 300 187 400
1288 0 5 1267 0 1396 100 1338 200 723 300 1308 400
1289 0 5 1445 0 1105 100 210 200 539 300 214 400
1290 0 5 1349 0 985 100 1205 200 709 300 771 400
1291 0 5 674 0 713 100 228 200 623 300 21 400
1292 0 5 1129 0 1311 100 411 200 297 300 847 400
1293 0 5 754 0 807 100 9 200 1027 300 751 400
1294 0 5 1299 0 941 100 482 200 1000 300 1442 400
1295 0 5 1395 0 112 100 89 200 879 300 308 400
1296 0 5 1220 0 40 100 76 200 1303 300 1175 400
1297 0 5 1447 0 630 100 474 200 355 300 315 400
1298 0 5 990 0 614 100 1240 200 1186 300 420 400
1299 0 5 343 0 1294 100 941 200 1442 300 234 400
1300 0 5 550 0 886 100 1286 200 1451 300 599 400
1301 0 5 1216 0 892 100 1362 200 15 300 1436 400
1302 0 5 1277 0 836 100 132 200 958 300 1397 400
1303 0 5 40 0 1296 100 147 200 971 300 76 400
1304 0 5 602 0 713 100 1044 200 1483 300 1291 400
1305 0 5 213 0 589 100 1143 200 842 300 1497 400
1306 0 5 1012 0 1202 100 1082 200 828 300 1174 400
1307 0 5 688 0 1428 100 412 200 42 300 1237 400
1308 0 5 1267 0 19 100 1396 200 1111 300 1234 400
1309 0 5 201 0 1356 100 471 200 700 300 816 400
1310 0 5 921 0 1384 100 1112 200 1446 300 1055 400
1311 0 5 1292 0 297 100 411 200 70 300 1129 400
1312 0 5 1132 0 432 100 1263 200 694 300 921 400
1313 0 5 566 0 692 100 199 200 371 300 203 400
1314 0 5 550 0 331 100 317 200 599 300 1244 400
1315 0 5 1425 0 65 100 911 200 373 300 475 400
1316 0 5 318 0 786 100 1094 200 965 300 1278 400
1317 0 5 366 0 841 100 715 200 682 300 928 400
1318 0 5 311 0 462 100 1466 200 1324 300 737 400
1319 0 5 419 0 414 100 739 200 1455 300 11 400
1320 0 5 1002 0 1363 100 738 200 1128 300 359 400
1321 0 5 803 0 954 100 1328 200 577 300 501 400
1322 0 5 1420 0 448 100 1279 200 100 300 96 400
1323 0 5 450 0 970 100 1075 200 387 300 542 400
1324 0 5 509 0 902 100 462 200 311 300 1318 400
1325 0 5 41 0 1419 100 1062 200 1379 300 952 400
1326 0 5 1429 0 951 100 1472 200 1383 300 124 400
1327 0 5 533 0 937 100 438 200 1266 300 774 400
1328 0 5 243 0 26 100 1321 200 537 300 725 400
1329 0 5 433 0 1103 100 1476 200 1501 300 49 400
1330 0 5 622 0 872 100 473 200 165 300 57 400
1331 0 5 1334 0 1421 100 268 200 725 300 867 400
1332 0 5 939 0 218 100 573 200 603 300 101 400
1333 0 5 1491 0 233 100 416 200 516 300 885 400
1334 0 5 1331 0 268 100 867 200 1421 300 1339 400
1335 0 5 215 0 915 100 413 200 1460 300 88 400
1336 0 5 1136 0 139 100 845 200 970 300 1028 400
1337 0 5 393 0 57 100 472 200 165 300 973 400
1338 0 5 1134 0 1234 100 1396 200 1288 300 498 400
1339 0 5 268 0 1211 100 867 200 1282 300 818 400
1340 0 5 687 0 1085 100 925 200 785 300 928 400
1341 0 5 346 0 131 100 95 200 1036 300 546 400
1342 0 5 1066 0 1186 100 1054 200 36 300 336 400
1343 0 5 1486 0 744 100 161 200 745 300 153 400
1344 0 5 919 0 547 100 471 200 700 300 485 400
1345 0 5 1073 0 53 100 1469 200 1238 300 1019 400
1346 0 5 1349 0 709 100 1210 200 1290 300 310 400
1347 0 5 153 0 490 100 140 200 1413 300 370 400
1348 0 5 1166 0 926 100 924 200 1281 300 329 400
1349 0 5 1210 0 1346 100 1290 200 771 300 173 400
1350 0 5 743 0 664 100 1155 200 959 300 256 400
1351 0 5 594 0 583 100 277 200 1473 300 37 400
1352 0 5 515 0 67 100 476 200 326 300 1085 400
1353 0 5 884 0 720 100 124 200 278 300 1429 400
1354 0 5 43 0 1254 100 287 200 1131 300 671 400
1355 0 5 168 0 190 100 1360 200 470 300 11 400
1356 0 5 1448 0 1309 100 983 200 757 300 201 400
1357 0 5 162 0 1501 100 1173 200 1463 300 1103 400
1358 0 5 816 0 363 100 485 200 1378 300 369 400
1359 0 5 615 0 1244 100 558 200 1283 300 1451 400
1360 0 5 830 0 190 100 1355 200 11 300 235 400
1361 0 5 651 0 662 100 716 200 1470 300 777 400
1362 0 5 321 0 1216 100 1301 200 521 300 1257 400
1363 0 5 196 0 1320 100 1002 200 738 300 359 400
1364 0 5 600 0 74 100 390 200 354 300 408 400
1365 0 5 640 0 200 100 1462 200 1286 300 1125 400
1366 0 5 889 0 336 100 1342 200 726 300 296 400
1367 0 5 402 0 1230 100 54 200 1183 300 1235 400
1368 0 5 277 0 1473 100 475 200 848 300 1449 400
1369 0 5 1034 0 1010 100 1190 200 1478 300 738 400
1370 0 5 580 0 565 100 170 200 1405 300 881 400
1371 0 5 1133 0 866 100 1192 200 1440 300 941 400
1372 0 5 824 0 275 100 52 200 1280 300 952 400
1373 0 5 712 0 529 100 33 200 659 300 158 400
1374 0 5 25 0 63 100 365 200 1208 300 597 400
1375 0 5 246 0 21 100 228 200 1291 300 253 400
1376 0 5 1418 0 39 100 387 200 69 300 970 400
1377 0 5 334 0 923 100 554 200 653 300 327 400
1378 0 5 471 0 816 100 1358 200 485 300 1309 400
1379 0 5 1255 0 1419 100 1325 200 137 300 1062 400
1380 0 5 1477 0 822 100 630 200 1211 300 355 400
1381 0 5 769 0 137 100 1010 200 738 300 1034 400
1382 0 5 1060 0 836 100 521 200 1302 300 1083 400
1383 0 5 28 0 1429 100 720 200 669 300 278 400
1384 0 5 1310 0 1391 100 43 200 1386 300 1055 400
1385 0 5 881 0 580 100 222 200 565 300 900 400
1386 0 5 668 0 543 100 1391 200 1384 300 209 400
1387 0 5 979 0 75 100 696 200 1145 300 833 400
1388 0 5 358 0 762 100 441 200 116 300 160 400
1389 0 5 1480 0 891 100 440 200 1051 300 1144 400
1390 0 5 72 0 1047 100 998 200 1014 300 1394 400
1391 0 5 704 0 1386 100 1384 200 209 300 1063 400
1392 0 5 70 0 1264 100 236 200 731 300 555 400
1393 0 5 1056 0 154 100 195 200 772 300 598 400
1394 0 5 252 0 998 100 1196 200 806 300 1390 400
1395 0 5 1295 0 910 100 996 200 703 300 89 400
1396 0 5 1338 0 1288 100 1308 200 498 300 19 400
1397 0 5 382 0 1277 100 171 200 1302 300 49 400
1398 0 5 1253 0 332 100 16 200 570 300 534 400
1399 0 5 63 0 1177 100 1208 200 1374 300 1121 400
1400 0 5 1233 0 847 100 705 200 122 300 415 400
1401 0 5 227 0 1413 100 153 200 945 300 817 400
1402 0 5 454 0 1023 100 1485 200 1217 300 366 400
1403 0 5 692 0 1496 100 723 200 1227 300 371 400
1404 0 5 338 0 523 100 1116 200 64 300 1170 400
1405 0 5 170 0 133 100 1370 200 565 300 538 400
1406 0 5 231 0 829 100 878 200 593 300 204 400
1407 0 5 1251 0 1456 100 555 200 73 300 423 400
1408 0 5 774 0 438 100 552 200 558 300 1241 400
1409 0 5 59 0 759 100 186 200 1082 300 278 400
1410 0 5 817 0 802 100 1171 200 227 300 1452 400
1411 0 5 1232 0 734 100 616 200 511 300 1213 400
1412 0 5 1495 0 898 100 1443 200 505 300 13 400
1413 0 5 1401 0 153 100 227 200 809 300 945 400
1414 0 5 726 0 296 100 794 200 1416 300 490 400
1415 0 5 806 0 996 100 1196 200 89 300 579 400
1416 0 5 1162 0 794 100 221 200 323 300 639 400
1417 0 5 1274 0 102 100 685 200 1441 300 585 400
1418 0 5 276 0 1376 100 387 200 629 300 1069 400
1419 0 5 1379 0 1325 100 952 200 41 300 1062 400
1420 0 5 1436 0 1322 100 673 200 892 300 15 400
1421 0 5 725 0 1331 100 292 200 1334 300 243 400
1422 0 5 480 0 1279 100 148 200 1046 300 100 400
1423 0 5 1448 0 1095 100 363 200 816 300 507 400
1424 0 5 24 0 1271 100 549 200 639 300 1162 400
1425 0 5 1315 0 500 100 1224 200 290 300 65 400
1426 0 5 1272 0 853 100 324 200 319 300 788 400
1427 0 5 825 0 47 100 37 200 99 300 91 400
1428 0 5 1184 0 1307 100 357 200 1489 300 608 400
1429 0 5 1326 0 1383 100 1353 200 808 300 720 400
1430 0 5 999 0 63 100 1374 200 1121 300 406 400
1431 0 5 646 0 1520 100 1521 200 768 300 1464 400
1432 0 5 284 0 313 100 344 200 887 300 628 400
1433 0 5 1174 0 975 100 1109 200 950 300 378 400
1434 0 5 538 0 1160 100 1444 200 604 300 864 400
1435 0 5 504 0 839 100 217 200 810 300 623 400
1436 0 5 1420 0 892 100 15 200 673 300 1301 400
1437 0 5 399 0 587 100 508 200 273 300 1156 400
1438 0 5 790 0 779 100 1154 200 99 300 1406 400
1439 0 5 319 0 1059 100 746 200 903 300 458 400
1440 0 5 941 0 1133 100 1371 200 1294 300 965 400
1441 0 5 149 0 102 100 368 200 300 300 1417 400
1442 0 5 858 0 499 100 343 200 711 300 1294 400
1443 0 5 505 0 728 100 898 200 1412 300 935 400
1444 0 5 992 0 538 100 376 200 1434 300 1160 400
1445 0 5 210 0 1289 100 539 200 1273 300 1105 400
1446 0 5 1055 0 921 100 1310 200 1384 300 1112 400
1447 0 5 474 0 1297 100 315 200 925 300 630 400
1448 0 5 1356 0 1423 100 507 200 1095 300 1309 400
1449 0 5 389 0 373 100 82 200 848 300 911 400
1450 0 5 1212 0 98 100 575 200 1141 300 426 400
1451 0 5 615 0 886 100 1359 200 1286 300 1283 400
1452 0 5 802 0 297 100 1118 200 1410 300 227 400
1453 0 5 282 0 559 100 1115 200 265 300 781 400
1454 0 5 279 0 155 100 693 200 443 300 449 400
1455 0 5 436 0 250 100 609 200 1222 300 1319 400
1456 0 5 555 0 1407 100 981 200 183 300 1251 400
1457 0 5 292 0 916 100 18 200 44 300 1026 400
1458 0 5 303 0 1153 100 1218 200 328 300 634 400
1459 0 5 932 0 1083 100 1060 200 1074 300 931 400
1460 0 5 215 0 88 100 1335 200 1083 300 931 400
1461 0 5 1138 0 1119 100 1261 200 528 300 198 400
1462 0 5 640 0 1365 100 525 200 1125 300 1046 400
1463 0 5 49 0 162 100 322 200 1357 300 1103 400
1464 0 5 1051 0 891 100 1480 200 611 300 329 400
1465 0 5 324 0 335 100 853 200 238 300 1426 400
1466 0 5 737 0 1318 100 1158 200 462 300 556 400
1467 0 5 698 0 874 100 991 200 357 300 126 400
1468 0 5 342 0 381 100 197 200 736 300 98 400
1469 0 5 1073 0 531 100 53 200 1345 300 1238 400
1470 0 5 662 0 31 100 1078 200 777 300 1361 400
1471 0 5 48 0 763 100 1096 200 732 300 675 400
1472 0 5 808 0 1077 100 1326 200 1031 300 353 400
1473 0 5 65 0 1368 100 583 200 517 300 277 400
1474 0 5 197 0 214 100 348 200 98 300 1043 400
1475 0 5 1493 0 792 100 773 200 224 300 62 400
1476 0 5 266 0 171 100 433 200 1329 300 49 400
1477 0 5 1380 0 818 100 1211 200 822 300 630 400
1478 0 5 1062 0 1190 100 1214 200 451 300 859 400
1479 0 5 534 0 309 100 463 200 1253 300 748 400
1480 0 5 1389 0 1516 100 1515 200 1464 300 891 400
1481 0 5 1200 0 638 100 1110 200 1013 300 908 400
1482 0 5 764 0 193 100 264 200 401 300 882 400
1483 0 5 1044 0 1202 100 828 200 1304 300 713 400
1484 0 5 28 0 208 100 890 200 624 300 695 400
1485 0 5 451 0 1214 100 962 200 854 300 454 400
1486 0 5 1343 0 643 100 398 200 745 300 744 400
1487 0 5 760 0 403 100 1235 200 51 300 1367 400
1488 0 5 1492 0 1023 100 738 200 936 300 859 400
1489 0 5 1184 0 823 100 1070 200 1428 300 7 400
1490 0 5 418 0 649 100 350 200 758 300 396 400
1491 0 5 233 0 1333 100 416 200 1149 300 235 400
1492 0 5 1488 0 936 100 714 200 960 300 1023 400
1493 0 5 1475 0 773 100 62 200 792 300 224 400
1494 0 5 348 0 752 100 1043 200 98 300 1474 400
1495 0 5 1412 0 13 100 505 200 1197 300 345 400
1496 0 5 1227 0 1403 100 723 200 386 300 692 400
1497 0 5 213 0 1206 100 747 200 293 300 1143 400
1498 0 5 718 0 928 100 493 200 841 300 1317 400
1499 0 5 868 0 225 100 563 200 770 300 680 400
1500 0 5 1237 0 608 100 678 200 1113 300 582 400
1501 0 5 1173 0 1357 100 971 200 1103 300 1329 400
1502 0 5 1049 0 606 100 611 200 285 300 443 400
1503 0 5 606 0 444 100 611 200 443 300 285 400
1504 0 5 768 0 444 100 285 200 611 300 443 400
1505 0 5 768 0 400 100 285 200 611 300 443 400
1506 0 5 1229 0 400 100 611 200 443 300 285 400
1507 0 5 141 0 1229 100 611 200 285 300 443 400
1508 0 5 141 0 64 100 611 200 285 300 443 400
1509 0 5 209 0 64 100 611 200 285 300 443 400
1510 0 5 209 0 611 100 285 200 968 300 443 400
1511 0 5 611 0 285 100 968 200 646 300 443 400
1512 0 5 820 0 611 100 285 200 646 300 443 400
1513 0 5 466 0 820 100 611 200 285 300 443 400
1514 0 5 466 0 338 100 611 200 285 300 443 400
1515 0 5 1480 0 338 100 285 200 611 300 646 400
1516 0 5 1480 0 601 100 285 200 611 300 646 400
1517 0 5 1144 0 601 100 611 200 285 300 646 400
1518 0 5 1144 0 285 100 611 200 443 300 646 400
1519 0 5 312 0 285 100 611 200 646 300 443 400
1520 0 5 1431 0 312 100 285 200 611 300 443 400
1521 0 5 1431 0 298 100 611 200 285 300 646 400
1522 0 5 298 0 449 100 611 200 285 300 646 400
1523 0 5 449 0 668 100 611 200 285 300 443 400
1524 0 5 668 0 258 100 611 200 285 300 443 400
1525 0 5 1185 0 285 100 611 200 443 300 646 400
1526 0 5 1185 0 285 100 611 200 443 300 646 400
1527 0 5 279 0 285 100 443 200 611 300 646 400
1528 0 5 1464 0 279 100 285 200 611 300 646 400
1529 0 5 1464 0 977 100 285 200 611 300 646 400
1530 0 5 977 0 285 100 611 200 443 300 646 400
1531 0 5 1389 0 285 100 443 200 611 300 646 400
1532 0 5 1116 0 1389 100 611 200 285 300 646 400
1533 0 5 1116 0 741 100 611 200 285 300 646 400
1534 0 5 741 0 1404 100 285 200 611 300 443 400
1535 0 5 1404 0 285 100 611 200 69 300 443 400
1536 0 5 285 0 443 100 611 200 69 300 646 400
1537 0 5 285 0 443 100 611 200 69 300 646 400
1538 0 5 523 0 285 100 69 200 611 300 443 400
1539 0 5 523 0 1170 100 285 200 611 300 69 400
1540 0 5 683 0 443 100 611 200 1051 300 69 400
-1
EOF
