1541
1 0 5 80 0 486 100 332 200 1288 300 140 400
2 0 5 280 0 1116 100 120 200 648 300 532 400
3 0 5 487 0 1077 100 268 200 1060 300 429 400
4 0 5 1058 0 795 100 739 200 631 300 1002 400
5 0 5 595 0 917 100 278 200 892 300 982 400
6 0 5 1319 0 425 100 682 200 1160 300 1428 400
7 0 5 952 0 1409 100 429 200 812 300 1126 400
8 0 5 412 0 225 100 142 200 126 300 1008 400
9 0 5 536 0 538 100 40 200 82 300 145 400
10 0 5 1136 0 406 100 307 200 848 300 1003 400
11 0 5 728 0 1334 100 1226 200 1164 300 372 400
12 0 5 293 0 672 100 238 200 1038 300 337 400
13 0 5 372 0 1310 100 517 200 628 300 1298 400
14 0 5 908 0 716 100 589 200 1075 300 1382 400
15 0 5 695 0 950 100 323 200 1320 300 1190 400
16 0 5 368 0 115 100 67 200 1129 300 1014 400
17 0 5 282 0 1275 100 867 200 1371 300 893 400
18 0 5 186 0 845 100 1157 200 1447 300 1405 400
19 0 5 214 0 1036 100 277 200 122 300 84 400
20 0 5 313 0 290 100 636 200 1372 300 1152 400
21 0 5 248 0 209 100 1000 200 1125 300 342 400
22 0 5 751 0 937 100 635 200 171 300 746 400
23 0 5 320 0 294 100 778 200 1419 300 72 400
24 0 5 967 0 891 100 965 200 571 300 853 400
25 0 5 700 0 1259 100 626 200 756 300 1395 400
26 0 5 1400 0 1405 100 703 200 147 300 564 400
27 0 5 1096 0 171 100 504 200 320 300 1193 400
28 0 5 302 0 382 100 956 200 455 300 119 400
29 0 5 966 0 1147 100 844 200 1488 300 1118 400
30 0 5 1389 0 1357 100 319 200 82 300 40 400
31 0 5 437 0 49 100 361 200 279 300 390 400
32 0 5 1465 0 883 100 683 200 724 300 431 400
33 0 5 955 0 916 100 1432 200 1463 300 842 400
34 0 5 691 0 630 100 1212 200 1237 300 159 400
35 0 5 550 0 656 100 753 200 1499 300 315 400
36 0 5 222 0 1445 100 1376 200 128 300 1332 400
37 0 5 1335 0 983 100 1218 200 1169 300 333 400
38 0 5 1034 0 1149 100 1168 200 1341 300 519 400
39 0 5 371 0 345 100 625 200 614 300 879 400
40 0 5 538 0 514 100 82 200 9 300 30 400
41 0 5 745 0 978 100 590 200 1359 300 165 400
42 0 5 261 0 188 100 1377 200 356 300 1107 400
43 0 5 245 0 987 100 418 200 526 300 783 400
44 0 5 483 0 1256 100 765 200 1220 300 484 400
45 0 5 298 0 1390 100 1354 200 1434 300 227 400
46 0 5 597 0 77 100 1360 200 963 300 1464 400
47 0 5 88 0 1236 100 1226 200 1334 300 772 400
48 0 5 495 0 162 100 529 200 679 300 1187 400
49 0 5 31 0 437 100 561 200 361 300 83 400
50 0 5 1262 0 436 100 764 200 151 300 1166 400
51 0 5 1003 0 729 100 909 200 307 300 848 400
52 0 5 207 0 932 100 907 200 649 300 847 400
53 0 5 1261 0 1099 100 830 200 669 300 903 400
54 0 5 173 0 1281 100 732 200 931 300 673 400
55 0 5 631 0 984 100 593 200 1303 300 272 400
56 0 5 565 0 105 100 600 200 329 300 898 400
57 0 5 180 0 1251 100 112 200 494 300 1231 400
58 0 5 968 0 1062 100 635 200 1399 300 1255 400
59 0 5 1412 0 1400 100 703 200 231 300 185 400
60 0 5 1201 0 545 100 482 200 798 300 1471 400
61 0 5 91 0 1326 100 1009 200 476 300 1265 400
62 0 5 680 0 782 100 1500 200 509 300 275 400
63 0 5 74 0 503 100 618 200 1426 300 295 400
64 0 5 245 0 822 100 1225 200 1105 300 578 400
65 0 5 1230 0 1041 100 1276 200 315 300 1328 400
66 0 5 1437 0 735 100 1387 200 534 300 1248 400
67 0 5 1242 0 16 100 1129 200 115 300 368 400
68 0 5 1443 0 1404 100 1456 200 1423 300 149 400
69 0 5 953 0 584 100 208 200 501 300 840 400
70 0 5 1384 0 1229 100 186 200 521 300 900 400
71 0 5 121 0 702 100 289 200 1121 300 243 400
72 0 5 778 0 899 100 23 200 546 300 1082 400
73 0 5 1420 0 240 100 864 200 575 300 1351 400
74 0 5 63 0 796 100 1426 200 618 300 432 400
75 0 5 194 0 205 100 1363 200 784 300 494 400
76 0 5 1467 0 640 100 805 200 1281 300 227 400
77 0 5 639 0 694 100 46 200 559 300 963 400
78 0 5 110 0 1406 100 409 200 156 300 1478 400
79 0 5 590 0 1162 100 1359 200 317 300 1451 400
80 0 5 1502 0 1 100 802 200 1030 300 164 400
81 0 5 1315 0 396 100 793 200 579 300 1284 400
82 0 5 1389 0 145 100 40 200 9 300 30 400
83 0 5 1171 0 671 100 163 200 1487 300 792 400
84 0 5 646 0 214 100 807 200 182 300 19 400
85 0 5 488 0 439 100 1264 200 1139 300 779 400
86 0 5 716 0 1485 100 811 200 383 300 589 400
87 0 5 1438 0 1011 100 675 200 1017 300 1369 400
88 0 5 47 0 772 100 304 200 960 300 1236 400
89 0 5 203 0 239 100 663 200 926 300 574 400
90 0 5 1228 0 125 100 1295 200 1218 300 1401 400
91 0 5 61 0 1156 100 623 200 1158 300 120 400
92 0 5 942 0 300 100 574 200 804 300 580 400
93 0 5 826 0 1458 100 462 200 416 300 1363 400
94 0 5 803 0 1277 100 441 200 172 300 902 400
95 0 5 1348 0 310 100 496 200 1274 300 1017 400
96 0 5 794 0 1257 100 99 200 1039 300 743 400
97 0 5 1330 0 1193 100 199 200 27 300 990 400
98 0 5 1264 0 279 100 1063 200 439 300 202 400
99 0 5 192 0 96 100 1039 200 834 300 1217 400
100 0 5 1448 0 1342 100 615 200 573 300 1243 400
101 0 5 1106 0 311 100 1297 200 1361 300 1346 400
102 0 5 1468 0 877 100 793 200 973 300 483 400
103 0 5 735 0 541 100 1437 200 1316 300 1185 400
104 0 5 1382 0 681 100 414 200 376 300 1250 400
105 0 5 898 0 56 100 565 200 329 300 1358 400
106 0 5 1323 0 998 100 709 200 480 300 178 400
107 0 5 1167 0 1057 100 467 200 242 300 947 400
108 0 5 392 0 1254 100 726 200 434 300 1345 400
109 0 5 562 0 943 100 953 200 1308 300 366 400
110 0 5 647 0 78 100 265 200 409 300 567 400
111 0 5 617 0 476 100 1031 200 1387 300 1248 400
112 0 5 1231 0 1251 100 57 200 651 300 518 400
113 0 5 1493 0 790 100 1465 200 431 300 468 400
114 0 5 415 0 821 100 977 200 922 300 424 400
115 0 5 1148 0 244 100 16 200 1242 300 1029 400
116 0 5 247 0 1503 100 1502 200 264 300 962 400
117 0 5 582 0 178 100 1337 200 709 300 1138 400
118 0 5 339 0 209 100 391 200 248 300 1366 400
119 0 5 455 0 382 100 1119 200 37 300 621 400
120 0 5 280 0 1123 100 1156 200 2 300 623 400
121 0 5 71 0 1121 100 289 200 702 300 622 400
122 0 5 1373 0 514 100 882 200 214 300 19 400
123 0 5 1197 0 1001 100 1070 200 136 300 1309 400
124 0 5 328 0 432 100 993 200 228 300 787 400
125 0 5 1151 0 90 100 1295 200 1410 300 1401 400
126 0 5 177 0 1008 100 225 200 875 300 8 400
127 0 5 587 0 133 100 575 200 1100 300 698 400
128 0 5 485 0 1449 100 539 200 1445 300 1332 400
129 0 5 374 0 632 100 1110 200 181 300 697 400
130 0 5 1461 0 860 100 441 200 1325 300 722 400
131 0 5 975 0 1094 100 341 200 1439 300 771 400
132 0 5 1026 0 577 100 505 200 443 300 1461 400
133 0 5 1100 0 1408 100 127 200 1363 300 462 400
134 0 5 138 0 769 100 153 200 584 300 1410 400
135 0 5 941 0 638 100 1232 200 678 300 1375 400
136 0 5 1001 0 1300 100 343 200 123 300 1353 400
137 0 5 1396 0 463 100 809 200 862 300 524 400
138 0 5 134 0 858 100 769 200 153 300 1410 400
139 0 5 250 0 1137 100 460 200 478 300 1117 400
140 0 5 249 0 696 100 898 200 426 300 945 400
141 0 5 1046 0 1000 100 209 200 1366 300 21 400
142 0 5 1008 0 1051 100 8 200 835 300 1446 400
143 0 5 1078 0 1269 100 1270 200 1437 300 989 400
144 0 5 1040 0 1018 100 1087 200 1442 300 349 400
145 0 5 536 0 82 100 530 200 606 300 9 400
146 0 5 1331 0 373 100 775 200 1313 300 637 400
147 0 5 564 0 723 100 26 200 1400 300 1085 400
148 0 5 574 0 719 100 663 200 542 300 580 400
149 0 5 843 0 1404 100 251 200 1142 300 351 400
150 0 5 277 0 871 100 1208 200 1036 300 1357 400
151 0 5 155 0 1262 100 50 200 1218 300 333 400
152 0 5 325 0 815 100 492 200 493 300 160 400
153 0 5 138 0 134 100 1410 200 1151 300 858 400
154 0 5 604 0 859 100 1086 200 949 300 1235 400
155 0 5 151 0 436 100 275 200 509 300 50 400
156 0 5 1406 0 1478 100 1292 200 78 300 713 400
157 0 5 924 0 219 100 524 200 809 300 291 400
158 0 5 1087 0 643 100 1043 200 1442 300 286 400
159 0 5 996 0 630 100 34 200 1212 300 1328 400
160 0 5 237 0 350 100 1115 200 493 300 492 400
161 0 5 1125 0 174 100 734 200 1482 300 547 400
162 0 5 48 0 976 100 427 200 1432 300 529 400
163 0 5 1487 0 671 100 1237 200 83 300 351 400
164 0 5 278 0 707 100 1505 200 1504 300 80 400
165 0 5 1238 0 184 100 745 200 1417 300 978 400
166 0 5 1336 0 1385 100 1196 200 387 300 520 400
167 0 5 763 0 400 100 911 200 1265 300 604 400
168 0 5 764 0 313 100 744 200 607 300 509 400
169 0 5 738 0 1340 100 1014 200 525 300 1117 400
170 0 5 409 0 785 100 647 200 180 300 885 400
171 0 5 937 0 746 100 27 200 22 300 1391 400
172 0 5 1397 0 803 100 94 200 994 300 1149 400
173 0 5 54 0 262 100 931 200 1281 300 732 400
174 0 5 161 0 734 100 1144 200 1482 300 1429 400
175 0 5 608 0 832 100 292 200 200 300 657 400
176 0 5 1027 0 1172 100 1304 200 211 300 999 400
177 0 5 875 0 126 100 1008 200 276 300 1472 400
178 0 5 709 0 1481 100 721 200 512 300 1508 400
179 0 5 1500 0 1335 100 510 200 544 300 262 400
180 0 5 57 0 494 100 785 200 409 300 1251 400
181 0 5 1161 0 374 100 697 200 129 300 220 400
182 0 5 1480 0 84 100 807 200 1225 300 346 400
183 0 5 1016 0 340 100 1023 200 1173 300 637 400
184 0 5 1417 0 165 100 1238 200 629 300 605 400
185 0 5 720 0 846 100 1294 200 723 300 1412 400
186 0 5 18 0 1229 100 70 200 845 300 1037 400
187 0 5 747 0 629 100 605 200 324 300 731 400
188 0 5 356 0 42 100 373 200 750 300 261 400
189 0 5 645 0 401 100 819 200 586 300 768 400
190 0 5 201 0 1497 100 1130 200 800 300 797 400
191 0 5 234 0 973 100 483 200 1315 300 1468 400
192 0 5 99 0 1217 100 834 200 96 300 468 400
193 0 5 1340 0 1189 100 812 200 1014 300 1126 400
194 0 5 75 0 784 100 1363 200 494 300 205 400
195 0 5 769 0 569 100 953 200 858 300 1081 400
196 0 5 399 0 641 100 451 200 447 300 223 400
197 0 5 1433 0 1223 100 1011 200 465 300 748 400
198 0 5 370 0 596 100 1472 200 224 300 662 400
199 0 5 990 0 815 100 97 200 1255 300 1330 400
200 0 5 657 0 627 100 608 200 302 300 423 400
201 0 5 1279 0 190 100 1497 200 1130 300 800 400
202 0 5 1063 0 269 100 279 200 1301 300 98 400
203 0 5 89 0 663 100 239 200 350 300 160 400
204 0 5 341 0 654 100 1418 200 1454 300 816 400
205 0 5 518 0 651 100 75 200 1363 300 784 400
206 0 5 1176 0 273 100 473 200 422 300 1206 400
207 0 5 907 0 52 100 208 200 1424 300 929 400
208 0 5 584 0 840 100 207 200 501 300 1130 400
209 0 5 141 0 21 100 500 200 118 300 1000 400
210 0 5 919 0 607 100 744 200 1476 300 1398 400
211 0 5 1172 0 338 100 1140 200 1304 300 1095 400
212 0 5 1355 0 804 100 1101 200 942 300 407 400
213 0 5 982 0 353 100 668 200 1484 300 595 400
214 0 5 19 0 84 100 122 200 646 300 882 400
215 0 5 1356 0 1103 100 255 200 961 300 1079 400
216 0 5 948 0 466 100 1309 200 1080 300 489 400
217 0 5 781 0 1300 100 1341 200 1112 300 519 400
218 0 5 253 0 1073 100 1141 200 552 300 866 400
219 0 5 157 0 809 100 924 200 230 300 391 400
220 0 5 285 0 1431 100 1161 200 181 300 959 400
221 0 5 894 0 741 100 896 200 851 300 1329 400
222 0 5 36 0 1376 100 1282 200 670 300 1332 400
223 0 5 359 0 811 100 632 200 500 300 908 400
224 0 5 384 0 225 100 1314 200 412 300 198 400
225 0 5 8 0 224 100 126 200 412 300 384 400
226 0 5 1198 0 485 100 1127 200 256 300 648 400
227 0 5 298 0 1004 100 1467 200 76 300 1354 400
228 0 5 993 0 920 100 124 200 1127 300 1312 400
229 0 5 981 0 377 100 428 200 1051 300 1199 400
230 0 5 809 0 246 100 219 200 668 300 353 400
231 0 5 331 0 1392 100 823 200 703 300 1379 400
232 0 5 629 0 481 100 1417 200 1435 300 187 400
233 0 5 274 0 531 100 387 200 1196 300 1067 400
234 0 5 191 0 737 100 973 200 483 300 1220 400
235 0 5 1025 0 974 100 1093 200 1310 300 372 400
236 0 5 304 0 1485 100 383 200 959 300 772 400
237 0 5 492 0 160 100 548 200 350 300 152 400
238 0 5 873 0 528 100 672 200 12 300 287 400
239 0 5 89 0 926 100 203 200 663 300 1115 400
240 0 5 73 0 971 100 1351 200 1420 300 864 400
241 0 5 1006 0 914 100 1052 200 1220 300 1084 400
242 0 5 927 0 1167 100 107 200 946 300 1057 400
243 0 5 1339 0 702 100 1338 200 289 300 450 400
244 0 5 1148 0 115 100 1014 200 1029 300 193 400
245 0 5 64 0 43 100 1105 200 299 300 418 400
246 0 5 576 0 809 100 463 200 230 300 353 400
247 0 5 116 0 962 100 264 200 1506 300 1505 400
248 0 5 21 0 342 100 118 200 339 300 1285 400
249 0 5 1181 0 945 100 140 200 398 300 497 400
250 0 5 460 0 139 100 478 200 524 300 391 400
251 0 5 149 0 1404 100 1142 200 715 300 1441 400
252 0 5 932 0 52 100 410 200 1374 300 1178 400
253 0 5 218 0 1134 100 552 200 1146 300 1073 400
254 0 5 1327 0 420 100 567 200 1120 300 265 400
255 0 5 1280 0 1103 100 1079 200 1293 300 215 400
256 0 5 1492 0 633 100 1127 200 360 300 226 400
257 0 5 1255 0 493 100 1115 200 968 300 990 400
258 0 5 658 0 925 100 581 200 1190 300 1320 400
259 0 5 1207 0 525 100 399 200 1046 300 881 400
260 0 5 335 0 1263 100 704 200 788 300 464 400
261 0 5 42 0 375 100 188 200 1313 300 1377 400
262 0 5 173 0 1281 100 510 200 179 300 931 400
263 0 5 306 0 1194 100 1415 200 491 300 1162 400
264 0 5 1453 0 1510 100 1509 200 247 300 1307 400
265 0 5 1327 0 567 100 647 200 110 300 254 400
266 0 5 1318 0 365 100 1047 200 1179 300 1002 400
267 0 5 797 0 800 100 1279 200 603 300 786 400
268 0 5 376 0 674 100 3 200 1077 300 1219 400
269 0 5 1066 0 1065 100 202 200 1063 300 1261 400
270 0 5 1187 0 559 100 529 200 963 300 827 400
271 0 5 560 0 1286 100 334 200 312 300 926 400
272 0 5 1047 0 984 100 939 200 1179 300 1303 400
273 0 5 1206 0 206 100 718 200 458 300 710 400
274 0 5 233 0 299 100 508 200 892 300 1067 400
275 0 5 436 0 509 100 155 200 62 300 680 400
276 0 5 1361 0 1446 100 1297 200 875 300 711 400
277 0 5 1036 0 150 100 1357 200 19 300 1373 400
278 0 5 164 0 1249 100 5 200 1322 300 332 400
279 0 5 901 0 98 100 202 200 31 300 437 400
280 0 5 2 0 120 100 532 200 1123 300 776 400
281 0 5 740 0 331 100 880 200 1392 300 231 400
282 0 5 17 0 867 100 556 200 1371 300 305 400
283 0 5 957 0 890 100 422 200 473 300 992 400
284 0 5 1441 0 1323 100 480 200 1427 300 1159 400
285 0 5 220 0 811 100 383 200 632 300 129 400
286 0 5 1018 0 1087 100 1043 200 786 300 923 400
287 0 5 1233 0 672 100 611 200 528 300 1413 400
288 0 5 569 0 1337 100 195 200 701 300 1081 400
289 0 5 1339 0 71 100 121 200 421 300 243 400
290 0 5 1372 0 838 100 20 200 1152 300 636 400
291 0 5 1155 0 397 100 924 200 157 300 391 400
292 0 5 832 0 502 100 175 200 1455 300 608 400
293 0 5 1038 0 12 100 964 200 337 300 672 400
294 0 5 1419 0 23 100 958 200 1234 300 320 400
295 0 5 319 0 622 100 618 200 1208 300 503 400
296 0 5 1094 0 1393 100 1278 200 922 300 1495 400
297 0 5 1252 0 887 100 872 200 1054 300 475 400
298 0 5 45 0 227 100 568 200 510 300 1390 400
299 0 5 418 0 1105 100 245 200 274 300 1225 400
300 0 5 574 0 92 100 663 200 203 300 548 400
301 0 5 799 0 1210 100 1019 200 995 300 978 400
302 0 5 956 0 28 100 378 200 200 300 382 400
303 0 5 757 0 1224 100 1267 200 961 300 1381 400
304 0 5 772 0 236 100 88 200 895 300 959 400
305 0 5 556 0 581 100 282 200 1190 300 801 400
306 0 5 263 0 1194 100 1359 200 1162 300 1074 400
307 0 5 848 0 10 100 406 200 51 300 1003 400
308 0 5 1457 0 1343 100 347 200 1136 300 1388 400
309 0 5 1128 0 1013 100 781 200 1133 300 1309 400
310 0 5 1153 0 1017 100 496 200 95 300 675 400
311 0 5 551 0 101 100 1361 200 1297 300 276 400
312 0 5 369 0 1425 100 560 200 271 300 926 400
313 0 5 20 0 168 100 636 200 1166 300 764 400
314 0 5 602 0 1115 100 369 200 926 300 257 400
315 0 5 550 0 1230 100 65 200 1305 300 35 400
316 0 5 506 0 761 100 540 200 1409 300 1178 400
317 0 5 742 0 1451 100 79 200 453 300 590 400
318 0 5 1075 0 1382 100 1250 200 1154 300 376 400
319 0 5 295 0 1357 100 30 200 622 300 530 400
320 0 5 1234 0 23 100 27 200 294 300 171 400
321 0 5 433 0 370 100 884 200 198 300 662 400
322 0 5 1037 0 845 100 1333 200 1248 300 1447 400
323 0 5 1320 0 1479 100 15 200 950 300 725 400
324 0 5 747 0 1315 100 187 200 396 300 605 400
325 0 5 152 0 493 100 815 200 160 300 257 400
326 0 5 618 0 1208 100 1312 200 871 300 432 400
327 0 5 1360 0 444 100 638 200 446 300 1402 400
328 0 5 124 0 432 100 1416 200 878 300 787 400
329 0 5 1484 0 105 100 426 200 898 300 398 400
330 0 5 1336 0 1411 100 1158 200 1385 300 166 400
331 0 5 281 0 231 100 1392 200 880 300 823 400
332 0 5 892 0 5 100 1118 200 1288 300 278 400
333 0 5 983 0 1218 100 782 200 37 300 151 400
334 0 5 1286 0 926 100 271 200 312 300 663 400
335 0 5 260 0 704 100 664 200 820 300 788 400
336 0 5 363 0 950 100 1489 200 980 300 1190 400
337 0 5 1290 0 293 100 454 200 1273 300 1038 400
338 0 5 1095 0 211 100 1140 200 1007 300 472 400
339 0 5 118 0 391 100 248 200 478 300 1366 400
340 0 5 637 0 775 100 183 200 146 300 373 400
341 0 5 204 0 1454 100 816 200 131 300 654 400
342 0 5 1285 0 248 100 1010 200 21 300 1474 400
343 0 5 1353 0 479 100 136 200 1365 300 1300 400
344 0 5 364 0 1350 100 538 200 1307 300 833 400
345 0 5 625 0 39 100 557 200 752 300 490 400
346 0 5 760 0 1480 100 182 200 456 300 360 400
347 0 5 850 0 819 100 944 200 645 300 1003 400
348 0 5 1132 0 1428 100 572 200 1388 300 389 400
349 0 5 410 0 733 100 923 200 144 300 286 400
350 0 5 548 0 160 100 237 200 203 300 492 400
351 0 5 1487 0 1182 100 1317 200 163 300 1260 400
352 0 5 1205 0 1202 100 979 200 720 300 420 400
353 0 5 576 0 213 100 402 200 246 300 1484 400
354 0 5 381 0 1022 100 843 200 1260 300 149 400
355 0 5 1033 0 806 100 1244 200 1146 300 114 400
356 0 5 188 0 750 100 1377 200 42 300 755 400
357 0 5 1358 0 1129 100 847 200 904 300 16 400
358 0 5 1354 0 765 100 484 200 1053 300 1390 400
359 0 5 500 0 223 100 632 200 1000 300 196 400
360 0 5 760 0 592 100 1198 200 555 300 776 400
361 0 5 390 0 1171 100 31 200 49 300 792 400
362 0 5 791 0 752 100 1263 200 667 300 557 400
363 0 5 336 0 1101 100 950 200 980 300 1489 400
364 0 5 1453 0 344 100 1350 200 264 300 1307 400
365 0 5 266 0 1303 100 1047 200 1227 300 1002 400
366 0 5 562 0 1081 100 497 200 109 300 837 400
367 0 5 1068 0 1021 100 1174 200 1486 300 1344 400
368 0 5 16 0 1029 100 1129 200 600 300 933 400
369 0 5 312 0 602 100 926 200 314 300 1425 400
370 0 5 321 0 198 100 855 200 856 300 433 400
371 0 5 39 0 879 100 999 200 450 300 1483 400
372 0 5 13 0 1192 100 235 200 728 300 1226 400
373 0 5 775 0 146 100 188 200 1173 300 340 400
374 0 5 181 0 129 100 697 200 1110 300 1241 400
375 0 5 261 0 1313 100 373 200 1345 300 146 400
376 0 5 1219 0 634 100 268 200 681 300 1250 400
377 0 5 610 0 229 100 428 200 1051 300 1464 400
378 0 5 1224 0 302 100 1342 200 1111 300 1213 400
379 0 5 1122 0 498 100 708 200 1186 300 1068 400
380 0 5 684 0 767 100 662 200 884 300 405 400
381 0 5 354 0 1305 100 1022 200 1260 300 1443 400
382 0 5 1267 0 28 100 931 200 119 300 673 400
383 0 5 811 0 236 100 959 200 1485 300 285 400
384 0 5 412 0 224 100 1314 200 835 300 225 400
385 0 5 502 0 858 100 701 200 1044 300 138 400
386 0 5 1203 0 1294 100 723 200 185 300 846 400
387 0 5 1196 0 531 100 233 200 1067 300 166 400
388 0 5 678 0 639 100 827 200 1232 300 694 400
389 0 5 1444 0 572 100 1394 200 470 300 1132 400
390 0 5 361 0 831 100 1171 200 31 300 901 400
391 0 5 339 0 478 100 524 200 460 300 118 400
392 0 5 108 0 1430 100 1254 200 1345 300 941 400
393 0 5 1200 0 588 100 1072 200 750 300 1222 400
394 0 5 469 0 1259 100 619 200 730 300 626 400
395 0 5 1042 0 458 100 1176 200 206 300 273 400
396 0 5 579 0 81 100 187 200 1315 300 793 400
397 0 5 291 0 1211 100 1155 200 692 300 749 400
398 0 5 917 0 595 100 1322 200 982 300 5 400
399 0 5 196 0 1046 100 447 200 259 300 1207 400
400 0 5 911 0 167 100 1196 200 1411 300 1336 400
401 0 5 189 0 873 100 819 200 645 300 238 400
402 0 5 1484 0 576 100 353 200 329 300 463 400
403 0 5 1383 0 1470 100 465 200 1050 300 1296 400
404 0 5 535 0 893 100 1275 200 1292 300 1271 400
405 0 5 866 0 662 100 767 200 736 300 1486 400
406 0 5 10 0 1136 100 307 200 1160 300 430 400
407 0 5 580 0 980 100 804 200 784 300 1101 400
408 0 5 995 0 1053 100 1462 200 1210 300 1434 400
409 0 5 170 0 78 100 647 200 110 300 1251 400
410 0 5 349 0 649 100 929 200 923 300 52 400
411 0 5 1311 0 1201 100 1266 200 798 300 921 400
412 0 5 8 0 384 100 225 200 224 300 835 400
413 0 5 839 0 1180 100 1399 200 652 300 1062 400
414 0 5 598 0 104 100 681 200 589 300 1382 400
415 0 5 114 0 1314 100 424 200 977 300 1141 400
416 0 5 542 0 826 100 936 200 462 300 93 400
417 0 5 985 0 779 100 666 200 1039 300 794 400
418 0 5 299 0 1067 100 43 200 245 300 987 400
419 0 5 758 0 903 100 830 200 53 300 669 400
420 0 5 1120 0 254 100 1202 200 979 300 1299 400
421 0 5 585 0 1339 100 1007 200 1209 300 289 400
422 0 5 1042 0 957 100 283 200 206 300 1176 400
423 0 5 657 0 813 100 1324 200 627 300 200 400
424 0 5 1314 0 825 100 415 200 835 300 821 400
425 0 5 6 0 1319 100 1215 200 1428 300 682 400
426 0 5 329 0 1322 100 1484 200 398 300 140 400
427 0 5 976 0 1432 100 162 200 1463 300 842 400
428 0 5 377 0 1464 100 229 200 1199 300 610 400
429 0 5 952 0 487 100 1145 200 7 300 316 400
430 0 5 676 0 620 100 406 200 1160 300 653 400
431 0 5 468 0 1493 100 1466 200 113 300 683 400
432 0 5 1312 0 328 100 124 200 796 300 326 400
433 0 5 321 0 855 100 471 200 370 300 884 400
434 0 5 726 0 1329 100 452 200 108 300 699 400
435 0 5 587 0 971 100 863 200 1236 300 1083 400
436 0 5 275 0 50 100 155 200 764 300 151 400
437 0 5 31 0 561 100 49 200 279 300 870 400
438 0 5 881 0 525 100 762 200 634 300 259 400
439 0 5 85 0 1099 100 1028 200 1264 300 98 400
440 0 5 700 0 1159 100 1349 200 861 300 1395 400
441 0 5 1325 0 1277 100 902 200 94 300 130 400
442 0 5 1186 0 874 100 684 200 767 300 380 400
443 0 5 1485 0 1083 100 772 200 132 300 1026 400
444 0 5 1464 0 1360 100 327 200 428 300 377 400
445 0 5 988 0 1369 100 714 200 1086 300 859 400
446 0 5 1402 0 1450 100 638 200 327 300 1495 400
447 0 5 399 0 1207 100 451 200 881 300 259 400
448 0 5 580 0 719 100 936 200 148 300 407 400
449 0 5 1073 0 1486 100 866 200 1005 300 367 400
450 0 5 999 0 1338 100 1483 200 243 300 614 400
451 0 5 1154 0 762 100 881 200 196 300 447 400
452 0 5 699 0 1032 100 1313 200 434 300 773 400
453 0 5 477 0 919 100 644 200 317 300 1162 400
454 0 5 872 0 337 100 887 200 1054 300 12 400
455 0 5 1119 0 119 100 956 200 382 300 28 400
456 0 5 807 0 1492 100 346 200 1036 300 19 400
457 0 5 1142 0 792 100 1182 200 1069 300 1487 400
458 0 5 395 0 1176 100 273 200 206 300 718 400
459 0 5 1028 0 473 100 1206 200 439 300 1099 400
460 0 5 524 0 250 100 391 200 139 300 1029 400
461 0 5 572 0 470 100 934 200 687 300 1428 400
462 0 5 1100 0 542 100 93 200 416 300 826 400
463 0 5 862 0 137 100 576 200 246 300 402 400
464 0 5 667 0 1263 100 788 200 260 300 791 400
465 0 5 748 0 403 100 1470 200 1017 300 197 400
466 0 5 1331 0 773 100 216 200 948 300 1032 400
467 0 5 947 0 865 100 612 200 107 300 1057 400
468 0 5 1217 0 431 100 1493 200 99 300 192 400
469 0 5 394 0 730 100 1301 200 831 300 1259 400
470 0 5 687 0 461 100 572 200 1418 300 389 400
471 0 5 855 0 1056 100 884 200 433 300 874 400
472 0 5 927 0 1140 100 1007 200 338 300 946 400
473 0 5 459 0 1028 100 992 200 1139 300 206 400
474 0 5 989 0 1333 100 900 200 1037 300 1437 400
475 0 5 1071 0 887 100 1252 200 297 300 868 400
476 0 5 1326 0 1135 100 1265 200 111 300 61 400
477 0 5 644 0 453 100 1476 200 919 300 1162 400
478 0 5 391 0 1366 100 118 200 139 300 524 400
479 0 5 1491 0 1353 100 727 200 343 300 1300 400
480 0 5 1159 0 284 100 1323 200 1441 300 829 400
481 0 5 1436 0 232 100 629 200 747 300 187 400
482 0 5 545 0 930 100 60 200 921 300 997 400
483 0 5 973 0 44 100 1468 200 1256 300 102 400
484 0 5 765 0 1220 100 358 200 44 300 1256 400
485 0 5 128 0 226 100 1127 200 1198 300 1097 400
486 0 5 1541 0 1 100 802 200 1030 300 1488 400
487 0 5 3 0 1145 100 1060 200 1077 300 429 400
488 0 5 570 0 85 100 666 200 1139 300 1466 400
489 0 5 777 0 1023 100 1309 200 216 300 948 400
490 0 5 533 0 625 100 1364 200 557 300 507 400
491 0 5 611 0 1188 100 1194 200 1074 300 263 400
492 0 5 237 0 548 100 152 200 160 300 350 400
493 0 5 325 0 815 100 257 200 1115 300 160 400
494 0 5 854 0 628 100 180 200 57 300 1363 400
495 0 5 48 0 554 100 679 200 1187 300 529 400
496 0 5 1204 0 310 100 1153 200 95 300 1113 400
497 0 5 1308 0 945 100 366 200 562 300 1081 400
498 0 5 1407 0 379 100 1486 200 1021 300 1186 400
499 0 5 1097 0 1127 100 787 200 993 300 633 400
500 0 5 359 0 209 100 1000 200 1046 300 223 400
501 0 5 584 0 1130 100 208 200 125 300 69 400
502 0 5 385 0 292 100 701 200 1044 300 832 400
503 0 5 63 0 1121 100 622 200 618 300 295 400
504 0 5 1391 0 1330 100 27 200 1096 300 1193 400
505 0 5 577 0 132 100 722 200 513 300 1104 400
506 0 5 540 0 316 100 653 200 761 300 1409 400
507 0 5 527 0 533 100 704 200 1332 300 878 400
508 0 5 892 0 1035 100 668 200 274 300 1165 400
509 0 5 680 0 275 100 607 200 764 300 62 400
510 0 5 1302 0 262 100 179 200 544 300 969 400
511 0 5 534 0 1048 100 1333 200 1437 300 66 400
512 0 5 1289 0 1513 100 178 200 1423 300 709 400
513 0 5 722 0 516 100 505 200 1104 300 1461 400
514 0 5 1350 0 40 100 1373 200 538 300 122 400
515 0 5 1365 0 1070 100 934 200 773 300 970 400
516 0 5 513 0 824 100 1104 200 860 300 1461 400
517 0 5 1298 0 13 100 601 200 1192 300 854 400
518 0 5 651 0 205 100 112 200 1190 300 784 400
519 0 5 1112 0 1034 100 1133 200 545 300 38 400
520 0 5 987 0 1385 100 783 200 166 300 623 400
521 0 5 1384 0 616 100 70 200 869 300 1405 400
522 0 5 583 0 849 100 624 200 986 300 797 400
523 0 5 949 0 1474 100 897 200 763 300 604 400
524 0 5 460 0 924 100 157 200 391 300 809 400
525 0 5 438 0 259 100 812 200 770 300 881 400
526 0 5 776 0 555 100 43 200 783 300 245 400
527 0 5 820 0 507 100 664 200 704 300 1332 400
528 0 5 1098 0 238 100 873 200 672 300 287 400
529 0 5 963 0 270 100 559 200 976 300 48 400
530 0 5 1389 0 145 100 585 200 319 300 82 400
531 0 5 233 0 1196 100 387 200 613 300 1067 400
532 0 5 592 0 648 100 280 200 2 300 1198 400
533 0 5 490 0 878 100 507 200 1416 300 1364 400
534 0 5 511 0 1048 100 66 200 1248 300 1437 400
535 0 5 1275 0 404 100 893 200 867 300 1371 400
536 0 5 145 0 9 100 940 200 82 300 530 400
537 0 5 1238 0 951 100 1005 200 1347 300 1321 400
538 0 5 40 0 1350 100 9 200 514 300 344 400
539 0 5 648 0 1449 100 1116 200 1387 300 128 400
540 0 5 761 0 506 100 1040 200 653 300 316 400
541 0 5 1316 0 103 100 1185 200 670 300 1282 400
542 0 5 416 0 462 100 698 200 719 300 148 400
543 0 5 1049 0 902 100 1325 200 441 300 860 400
544 0 5 1302 0 689 100 179 200 510 300 1500 400
545 0 5 482 0 60 100 1133 200 1034 300 519 400
546 0 5 1013 0 1082 100 1016 200 183 300 778 400
547 0 5 1440 0 1235 100 1482 200 1086 300 949 400
548 0 5 350 0 492 100 237 200 300 300 160 400
549 0 5 932 0 1414 100 1475 200 904 300 1308 400
550 0 5 315 0 35 100 65 200 1041 300 1230 400
551 0 5 311 0 711 100 1361 200 276 300 1446 400
552 0 5 1045 0 1146 100 253 200 218 300 1033 400
553 0 5 1240 0 1380 100 635 200 1311 300 814 400
554 0 5 1107 0 495 100 755 200 1377 300 679 400
555 0 5 822 0 526 100 776 200 760 300 43 400
556 0 5 305 0 581 100 282 200 1371 300 1190 400
557 0 5 752 0 490 100 345 200 625 300 791 400
558 0 5 1349 0 1395 100 972 200 440 300 700 400
559 0 5 270 0 77 100 529 200 827 300 963 400
560 0 5 271 0 991 100 1425 200 312 300 864 400
561 0 5 870 0 437 100 49 200 724 300 659 400
562 0 5 109 0 366 100 1081 200 497 300 569 400
563 0 5 598 0 1026 100 589 200 132 300 414 400
564 0 5 147 0 1085 100 26 200 712 300 521 400
565 0 5 56 0 105 100 600 200 1358 300 862 400
566 0 5 828 0 567 100 1025 200 974 300 915 400
567 0 5 265 0 566 100 647 200 254 300 885 400
568 0 5 969 0 1451 100 1434 200 1462 300 298 400
569 0 5 288 0 195 100 701 200 562 300 1081 400
570 0 5 488 0 659 100 683 200 666 300 1264 400
571 0 5 774 0 853 100 739 200 24 300 967 400
572 0 5 348 0 461 100 470 200 1132 300 389 400
573 0 5 1342 0 1150 100 615 200 1328 300 100 400
574 0 5 300 0 148 100 663 200 92 300 203 400
575 0 5 698 0 1420 100 127 200 73 300 587 400
576 0 5 353 0 246 100 402 200 463 300 862 400
577 0 5 505 0 132 100 1104 200 1083 300 1026 400
578 0 5 822 0 1225 100 1480 200 64 300 760 400
579 0 5 396 0 731 100 1284 200 793 300 81 400
580 0 5 448 0 407 100 804 200 148 300 719 400
581 0 5 305 0 925 100 556 200 258 300 1190 400
582 0 5 1138 0 117 100 1423 200 780 300 178 400
583 0 5 522 0 1043 100 797 200 624 300 786 400
584 0 5 501 0 69 100 208 200 840 300 769 400
585 0 5 1059 0 421 100 530 200 289 300 946 400
586 0 5 768 0 1152 100 838 200 819 300 1398 400
587 0 5 127 0 435 100 1420 200 971 300 240 400
588 0 5 750 0 393 100 1200 200 1222 300 655 400
589 0 5 563 0 716 100 598 200 14 300 414 400
590 0 5 79 0 1451 100 1359 200 41 300 317 400
591 0 5 889 0 1239 100 836 200 895 300 1024 400
592 0 5 532 0 360 100 776 200 1198 300 280 400
593 0 5 55 0 984 100 1058 200 631 300 739 400
594 0 5 1378 0 939 100 1352 200 1179 300 1258 400
595 0 5 982 0 5 100 398 200 1484 300 917 400
596 0 5 736 0 662 100 198 200 405 300 321 400
597 0 5 46 0 963 100 976 200 916 300 77 400
598 0 5 414 0 563 100 589 200 681 300 1026 400
599 0 5 1065 0 1261 100 1245 200 269 300 730 400
600 0 5 1129 0 565 100 56 200 368 300 105 400
601 0 5 1408 0 1298 100 517 200 854 300 1363 400
602 0 5 314 0 369 100 1115 200 926 300 312 400
603 0 5 786 0 1424 100 1043 200 1279 300 267 400
604 0 5 763 0 154 100 523 200 859 300 167 400
605 0 5 810 0 731 100 187 200 629 300 184 400
606 0 5 1059 0 940 100 145 200 946 300 536 400
607 0 5 210 0 744 100 509 200 168 300 275 400
608 0 5 956 0 175 100 832 200 1119 300 200 400
609 0 5 853 0 615 100 1150 200 967 300 1243 400
610 0 5 377 0 916 100 428 200 1464 300 1051 400
611 0 5 491 0 1415 100 287 200 1413 300 1195 400
612 0 5 865 0 467 100 1114 200 947 300 962 400
613 0 5 692 0 749 100 531 200 1035 300 1067 400
614 0 5 879 0 1426 100 796 200 1483 300 999 400
615 0 5 609 0 100 100 573 200 1150 300 1342 400
616 0 5 712 0 869 100 521 200 1384 300 1078 400
617 0 5 111 0 1387 100 1031 200 1248 300 66 400
618 0 5 326 0 1208 100 295 200 503 300 622 400
619 0 5 756 0 1069 100 394 200 1177 300 1259 400
620 0 5 430 0 1160 100 406 200 682 300 676 400
621 0 5 1169 0 1228 100 1401 200 1218 300 119 400
622 0 5 1121 0 295 100 503 200 618 300 319 400
623 0 5 1156 0 1123 100 783 200 91 300 120 400
624 0 5 1102 0 1490 100 522 200 1166 300 729 400
625 0 5 345 0 1364 100 490 200 796 300 39 400
626 0 5 817 0 972 100 25 200 1395 300 1015 400
627 0 5 1143 0 200 100 1324 200 423 300 1111 400
628 0 5 1091 0 494 100 854 200 13 300 1310 400
629 0 5 232 0 1417 100 187 200 481 300 747 400
630 0 5 159 0 34 100 1328 200 967 300 1276 400
631 0 5 55 0 1058 100 593 200 1002 300 4 400
632 0 5 129 0 359 100 1110 200 1108 300 285 400
633 0 5 1127 0 256 100 920 200 1492 300 499 400
634 0 5 762 0 376 100 1250 200 438 300 3 400
635 0 5 1380 0 58 100 553 200 22 300 1399 400
636 0 5 313 0 1490 100 20 200 290 300 1372 400
637 0 5 340 0 1023 100 183 200 146 300 216 400
638 0 5 135 0 1375 100 327 200 446 300 1450 400
639 0 5 388 0 77 100 678 200 694 300 827 400
640 0 5 818 0 805 100 76 200 1281 300 1006 400
641 0 5 1170 0 196 100 451 200 908 300 1154 400
642 0 5 1015 0 954 100 669 200 817 300 1245 400
643 0 5 158 0 1442 100 1092 200 729 300 1087 400
644 0 5 477 0 1162 100 453 200 1476 300 317 400
645 0 5 189 0 819 100 347 200 401 300 850 400
646 0 5 84 0 882 100 214 200 1367 300 122 400
647 0 5 110 0 265 100 409 200 567 300 170 400
648 0 5 539 0 532 100 2 200 1116 300 592 400
649 0 5 929 0 907 100 410 200 52 300 1424 400
650 0 5 1114 0 962 100 107 200 865 300 467 400
651 0 5 518 0 205 100 784 200 112 300 1489 400
652 0 5 1266 0 1240 100 798 200 413 300 411 400
653 0 5 676 0 540 100 1040 200 430 300 316 400
654 0 5 204 0 1054 100 1394 200 1252 300 341 400
655 0 5 1173 0 1222 100 958 200 588 300 750 400
656 0 5 1499 0 35 100 1443 200 68 300 550 400
657 0 5 423 0 813 100 200 200 627 300 1324 400
658 0 5 801 0 258 100 581 200 925 300 910 400
659 0 5 870 0 683 100 570 200 561 300 1264 400
660 0 5 789 0 1438 100 1421 200 1246 300 1248 400
661 0 5 1268 0 1124 100 682 200 1460 300 1060 400
662 0 5 767 0 596 100 405 200 380 300 736 400
663 0 5 203 0 89 100 926 200 574 300 148 400
664 0 5 670 0 1185 100 857 200 1332 300 335 400
665 0 5 852 0 994 100 1168 200 674 300 1149 400
666 0 5 1452 0 1466 100 488 200 1039 300 570 400
667 0 5 464 0 791 100 1263 200 362 300 260 400
668 0 5 1165 0 213 100 508 200 230 300 1035 400
669 0 5 830 0 1245 100 642 200 53 300 954 400
670 0 5 1332 0 1282 100 664 200 222 300 1185 400
671 0 5 163 0 724 100 83 200 1237 300 690 400
672 0 5 287 0 12 100 1233 200 238 300 528 400
673 0 5 732 0 1381 100 961 200 1267 300 818 400
674 0 5 852 0 1077 100 268 200 994 300 665 400
675 0 5 1017 0 1438 100 87 200 841 300 310 400
676 0 5 653 0 430 100 1145 200 620 300 952 400
677 0 5 891 0 1212 100 996 200 691 300 34 400
678 0 5 388 0 694 100 639 200 1232 300 135 400
679 0 5 1345 0 1187 100 1430 200 495 300 1107 400
680 0 5 509 0 62 100 742 200 275 300 689 400
681 0 5 1219 0 104 100 414 200 376 300 598 400
682 0 5 1268 0 661 100 425 200 6 300 1319 400
683 0 5 659 0 570 100 1466 200 32 300 666 400
684 0 5 380 0 884 100 767 200 662 300 1186 400
685 0 5 690 0 883 100 724 200 1212 300 1237 400
686 0 5 1482 0 1429 100 1296 200 174 300 1223 400
687 0 5 1418 0 470 100 894 200 934 300 1394 400
688 0 5 1415 0 1476 100 263 200 611 300 477 400
689 0 5 544 0 1302 100 742 200 969 300 680 400
690 0 5 685 0 724 100 1237 200 883 300 671 400
691 0 5 34 0 1317 100 1212 200 1260 300 1237 400
692 0 5 613 0 1165 100 1035 200 397 300 749 400
693 0 5 1368 0 1089 100 1056 200 1297 300 1106 400
694 0 5 678 0 77 100 639 200 388 300 135 400
695 0 5 15 0 1479 100 725 200 323 300 1320 400
696 0 5 898 0 945 100 1308 200 140 300 249 400
697 0 5 374 0 181 100 1050 200 1110 300 1429 400
698 0 5 575 0 542 100 127 200 1100 300 1420 400
699 0 5 452 0 970 100 1032 200 434 300 773 400
700 0 5 25 0 440 100 756 200 1395 300 1159 400
701 0 5 502 0 569 100 385 200 858 300 906 400
702 0 5 71 0 243 100 1338 200 1483 300 289 400
703 0 5 59 0 26 100 1405 200 231 300 823 400
704 0 5 820 0 335 100 260 200 507 300 1263 400
705 0 5 1192 0 1226 100 863 200 1236 300 47 400
706 0 5 1215 0 727 100 1491 200 1460 300 1268 400
707 0 5 164 0 1181 100 837 200 1322 300 1249 400
708 0 5 1175 0 1435 100 379 200 1068 300 1174 400
709 0 5 1481 0 178 100 998 200 106 300 1508 400
710 0 5 1501 0 758 100 1206 200 1099 300 53 400
711 0 5 551 0 1446 100 1432 200 1361 300 955 400
712 0 5 1085 0 616 100 1405 200 26 300 564 400
713 0 5 1292 0 928 100 1478 200 156 300 78 400
714 0 5 1011 0 1369 100 445 200 1223 300 1086 400
715 0 5 1441 0 1427 100 251 200 1404 300 721 400
716 0 5 86 0 14 100 589 200 908 300 1170 400
717 0 5 1055 0 882 100 1367 200 802 300 966 400
718 0 5 1216 0 1206 100 273 200 710 300 1501 400
719 0 5 448 0 936 100 148 200 416 300 580 400
720 0 5 1294 0 185 100 1202 200 1412 300 352 400
721 0 5 1427 0 178 100 1289 200 1323 300 106 400
722 0 5 513 0 1461 100 505 200 516 300 132 400
723 0 5 846 0 147 100 386 200 185 300 1294 400
724 0 5 883 0 671 100 690 200 685 300 32 400
725 0 5 1479 0 1131 100 695 200 323 300 1320 400
726 0 5 1254 0 434 100 108 200 1329 300 1221 400
727 0 5 1491 0 479 100 706 200 1353 300 343 400
728 0 5 11 0 915 100 1164 200 372 300 235 400
729 0 5 909 0 51 100 1102 200 848 300 1003 400
730 0 5 469 0 1301 100 1066 200 1065 300 1245 400
731 0 5 579 0 605 100 799 200 1284 300 1210 400
732 0 5 673 0 818 100 54 200 1281 300 76 400
733 0 5 1064 0 349 100 1374 200 923 300 410 400
734 0 5 1108 0 1144 100 174 200 161 300 1110 400
735 0 5 103 0 1437 100 66 200 1387 300 541 400
736 0 5 596 0 405 100 662 200 198 300 866 400
737 0 5 234 0 1352 100 594 200 1318 300 1179 400
738 0 5 169 0 1137 100 1117 200 1014 300 1340 400
739 0 5 965 0 774 100 571 200 795 300 24 400
740 0 5 281 0 1299 100 880 200 1120 300 720 400
741 0 5 896 0 221 100 894 200 970 300 934 400
742 0 5 317 0 689 100 62 200 680 300 1302 400
743 0 5 1498 0 794 100 96 200 985 300 1039 400
744 0 5 607 0 210 100 1398 200 1152 300 168 400
745 0 5 41 0 951 100 165 200 1238 300 1347 400
746 0 5 171 0 937 100 1380 200 814 300 635 400
747 0 5 324 0 187 100 629 200 1315 300 481 400
748 0 5 465 0 1433 100 197 200 1017 300 403 400
749 0 5 1211 0 613 100 397 200 897 300 692 400
750 0 5 588 0 356 100 1200 200 188 300 655 400
751 0 5 22 0 1391 100 937 200 1330 300 171 400
752 0 5 362 0 557 100 345 200 39 300 625 400
753 0 5 813 0 1455 100 35 200 1324 300 423 400
754 0 5 1061 0 1278 100 1290 200 922 300 1094 400
755 0 5 1200 0 1377 100 554 200 356 300 1107 400
756 0 5 619 0 1259 100 700 200 25 300 1395 400
757 0 5 303 0 1243 100 1224 200 1448 300 378 400
758 0 5 419 0 710 100 1501 200 830 300 903 400
759 0 5 1075 0 1170 100 1154 200 14 300 908 400
760 0 5 360 0 346 100 1480 200 555 300 578 400
761 0 5 1064 0 540 100 316 200 1040 300 923 400
762 0 5 881 0 451 100 634 200 1250 300 438 400
763 0 5 604 0 167 100 523 200 400 300 154 400
764 0 5 168 0 50 100 509 200 436 300 275 400
765 0 5 484 0 358 100 1256 200 44 300 877 400
766 0 5 895 0 959 100 889 200 836 300 236 400
767 0 5 380 0 662 100 405 200 684 300 1186 400
768 0 5 586 0 1398 100 1152 200 1012 300 401 400
769 0 5 134 0 138 100 195 200 953 300 584 400
770 0 5 1126 0 1340 100 812 200 525 300 193 400
771 0 5 1454 0 816 100 1439 200 851 300 131 400
772 0 5 304 0 88 100 443 200 1083 300 236 400
773 0 5 466 0 1070 100 948 200 1080 300 1032 400
774 0 5 571 0 1184 100 739 200 1293 300 853 400
775 0 5 373 0 340 100 146 200 637 300 1173 400
776 0 5 783 0 526 100 555 200 592 300 1123 400
777 0 5 489 0 1023 100 1309 200 216 300 183 400
778 0 5 72 0 23 100 899 200 1082 300 546 400
779 0 5 417 0 1139 100 992 200 488 300 85 400
780 0 5 1247 0 1337 100 117 200 1455 300 582 400
781 0 5 217 0 1300 100 1128 200 1133 300 1341 400
782 0 5 983 0 62 100 333 200 1335 300 1500 400
783 0 5 1123 0 776 100 43 200 623 300 526 400
784 0 5 1458 0 194 100 980 200 1363 300 651 400
785 0 5 170 0 885 100 180 200 647 300 409 400
786 0 5 1477 0 603 100 1043 200 1424 300 929 400
787 0 5 993 0 878 100 499 200 328 300 124 400
788 0 5 1191 0 1386 100 464 200 260 300 335 400
789 0 5 660 0 823 100 1447 200 1157 300 1438 400
790 0 5 1465 0 113 100 891 200 1493 300 883 400
791 0 5 362 0 667 100 1263 200 557 300 464 400
792 0 5 1177 0 1496 100 457 200 1487 300 390 400
793 0 5 1272 0 1284 100 102 200 81 300 1315 400
794 0 5 743 0 96 100 1039 200 666 300 417 400
795 0 5 965 0 4 100 739 200 1217 300 834 400
796 0 5 74 0 1426 100 614 200 625 300 432 400
797 0 5 267 0 800 100 986 200 522 300 583 400
798 0 5 1201 0 1266 100 652 200 411 300 1240 400
799 0 5 301 0 810 100 731 200 605 300 1210 400
800 0 5 1279 0 797 100 267 200 1262 300 913 400
801 0 5 658 0 910 100 581 200 1131 300 925 400
802 0 5 1055 0 486 100 1030 200 717 300 80 400
803 0 5 94 0 172 100 1397 200 441 300 1277 400
804 0 5 942 0 212 100 407 200 1101 300 580 400
805 0 5 1467 0 640 100 1006 200 76 300 241 400
806 0 5 1413 0 1134 100 1033 200 355 300 1233 400
807 0 5 456 0 84 100 182 200 1492 300 19 400
808 0 5 910 0 1131 100 1320 200 801 300 725 400
809 0 5 219 0 246 100 230 200 157 300 137 400
810 0 5 605 0 799 100 731 200 978 300 301 400
811 0 5 383 0 223 100 285 200 1485 300 908 400
812 0 5 1126 0 1409 100 525 200 770 300 193 400
813 0 5 657 0 423 100 753 200 1455 300 292 400
814 0 5 1380 0 899 100 1311 200 553 300 746 400
815 0 5 152 0 199 100 493 200 325 300 257 400
816 0 5 771 0 1454 100 1418 200 341 300 894 400
817 0 5 972 0 1015 100 626 200 642 300 954 400
818 0 5 640 0 732 100 1281 200 673 300 1356 400
819 0 5 645 0 189 100 850 200 347 300 838 400
820 0 5 704 0 527 100 335 200 507 300 664 400
821 0 5 922 0 1393 100 114 200 424 300 1495 400
822 0 5 555 0 64 100 578 200 245 300 1225 400
823 0 5 789 0 1379 100 841 200 231 300 703 400
824 0 5 516 0 991 100 1104 200 1425 300 513 400
825 0 5 1370 0 424 100 835 200 821 300 1199 400
826 0 5 936 0 93 100 416 200 462 300 1458 400
827 0 5 388 0 1232 100 559 200 639 300 1187 400
828 0 5 566 0 1469 100 880 200 915 300 1214 400
829 0 5 861 0 1159 100 480 200 440 300 1349 400
830 0 5 903 0 669 100 53 200 419 300 758 400
831 0 5 901 0 390 100 1301 200 469 300 279 400
832 0 5 292 0 175 100 608 200 1044 300 502 400
833 0 5 1307 0 940 100 962 200 9 300 344 400
834 0 5 1257 0 1002 100 192 200 99 300 1217 400
835 0 5 1314 0 384 100 142 200 1370 300 825 400
836 0 5 1241 0 1239 100 1024 200 766 300 591 400
837 0 5 1081 0 1422 100 497 200 707 300 366 400
838 0 5 1372 0 290 100 1152 200 586 300 819 400
839 0 5 413 0 1180 100 1471 200 860 300 1399 400
840 0 5 943 0 208 100 584 200 953 300 69 400
841 0 5 1153 0 1379 100 823 200 675 300 496 400
842 0 5 1463 0 916 100 33 200 976 300 955 400
843 0 5 149 0 354 100 1317 200 1260 300 351 400
844 0 5 1105 0 1118 100 29 200 1288 300 299 400
845 0 5 1447 0 18 100 1037 200 322 300 186 400
846 0 5 723 0 1412 100 185 200 1400 300 147 400
847 0 5 932 0 52 100 357 200 1306 300 905 400
848 0 5 1092 0 307 100 729 200 909 300 1442 400
849 0 5 1166 0 986 100 522 200 797 300 624 400
850 0 5 347 0 819 100 944 200 838 300 645 400
851 0 5 1439 0 1329 100 771 200 221 300 975 400
852 0 5 665 0 674 100 994 200 1168 300 1460 400
853 0 5 609 0 571 100 967 200 24 300 774 400
854 0 5 494 0 1298 100 628 200 601 300 517 400
855 0 5 471 0 433 100 370 200 856 300 198 400
856 0 5 1472 0 1346 100 370 200 198 300 855 400
857 0 5 1185 0 1191 100 664 200 1269 300 1386 400
858 0 5 385 0 138 100 701 200 769 300 195 400
859 0 5 1086 0 154 100 604 200 988 300 949 400
860 0 5 1049 0 1471 100 130 200 1461 300 839 400
861 0 5 829 0 1349 100 440 200 1159 300 972 400
862 0 5 463 0 576 100 137 200 565 300 933 400
863 0 5 1236 0 1192 100 705 200 435 300 1226 400
864 0 5 1104 0 73 100 240 200 560 300 991 400
865 0 5 1114 0 612 100 467 200 107 300 947 400
866 0 5 1486 0 405 100 1141 200 449 300 1073 400
867 0 5 1371 0 282 100 1253 200 893 300 535 400
868 0 5 1457 0 1071 100 1183 200 475 300 308 400
869 0 5 1078 0 616 100 521 200 70 300 1270 400
870 0 5 659 0 561 100 1264 200 437 300 570 400
871 0 5 150 0 1312 100 920 200 1208 300 1036 400
872 0 5 887 0 454 100 1054 200 297 300 1252 400
873 0 5 238 0 401 100 528 200 1012 300 672 400
874 0 5 884 0 442 100 471 200 684 300 321 400
875 0 5 177 0 1472 100 126 200 276 300 1008 400
876 0 5 1209 0 946 100 585 200 1007 300 606 400
877 0 5 1272 0 102 100 1256 200 765 300 793 400
878 0 5 787 0 1416 100 533 200 328 300 507 400
879 0 5 371 0 614 100 39 200 999 300 1483 400
880 0 5 828 0 281 100 1392 200 1459 300 1469 400
881 0 5 762 0 438 100 1207 200 451 300 447 400
882 0 5 646 0 717 100 1367 200 122 300 214 400
883 0 5 724 0 685 100 32 200 690 300 790 400
884 0 5 874 0 684 100 471 200 321 300 380 400
885 0 5 785 0 1093 100 567 200 235 300 566 400
886 0 5 1450 0 1495 100 446 200 1402 300 1375 400
887 0 5 872 0 297 100 475 200 1252 300 454 400
888 0 5 1497 0 913 100 1295 200 1130 300 800 400
889 0 5 591 0 1076 100 895 200 1214 300 960 400
890 0 5 992 0 283 100 957 200 473 300 206 400
891 0 5 677 0 24 100 790 200 967 300 996 400
892 0 5 508 0 332 100 5 200 274 300 1035 400
893 0 5 1271 0 404 100 1253 200 535 300 867 400
894 0 5 221 0 687 100 1418 200 741 300 934 400
895 0 5 766 0 889 100 960 200 959 300 304 400
896 0 5 741 0 970 100 221 200 894 300 934 400
897 0 5 523 0 1211 100 1474 200 400 300 749 400
898 0 5 696 0 105 100 329 200 1308 300 140 400
899 0 5 921 0 72 100 814 200 778 300 997 400
900 0 5 1229 0 1037 100 474 200 989 300 1333 400
901 0 5 831 0 279 100 1301 200 1066 300 390 400
902 0 5 543 0 1325 100 441 200 94 300 1049 400
903 0 5 419 0 830 100 53 200 669 300 1099 400
904 0 5 1414 0 1358 100 1475 200 357 300 549 400
905 0 5 1306 0 1494 100 847 200 1090 300 1178 400
906 0 5 1337 0 701 100 780 200 569 300 117 400
907 0 5 207 0 649 100 52 200 1424 300 929 400
908 0 5 14 0 716 100 1170 200 811 300 759 400
909 0 5 729 0 51 100 848 200 1003 300 307 400
910 0 5 808 0 801 100 1320 200 581 300 305 400
911 0 5 1411 0 400 100 167 200 1158 300 1265 400
912 0 5 986 0 1262 100 800 200 313 300 1166 400
913 0 5 888 0 1295 100 1262 200 800 300 151 400
914 0 5 1052 0 1362 100 241 200 1220 300 1006 400
915 0 5 974 0 728 100 566 200 828 300 235 400
916 0 5 842 0 33 100 610 200 976 300 1464 400
917 0 5 1249 0 398 100 5 200 595 300 249 400
918 0 5 1135 0 1291 100 1421 200 1031 300 1265 400
919 0 5 453 0 210 100 477 200 1476 300 607 400
920 0 5 228 0 871 100 1312 200 1127 300 633 400
921 0 5 899 0 997 100 814 200 411 300 482 400
922 0 5 821 0 1278 100 1393 200 754 300 296 400
923 0 5 1018 0 349 100 410 200 733 300 286 400
924 0 5 157 0 219 100 524 200 809 300 291 400
925 0 5 581 0 258 100 1190 200 1320 300 801 400
926 0 5 239 0 334 100 663 200 369 300 312 400
927 0 5 242 0 472 100 1140 200 946 300 1007 400
928 0 5 1271 0 713 100 1292 200 1478 300 404 400
929 0 5 649 0 1424 100 1477 200 410 300 907 400
930 0 5 997 0 482 100 1133 200 545 300 921 400
931 0 5 173 0 382 100 54 200 37 300 262 400
932 0 5 1287 0 549 100 52 200 847 300 252 400
933 0 5 1029 0 1396 100 862 200 137 300 368 400
934 0 5 894 0 515 100 741 200 1365 300 470 400
935 0 5 1386 0 1269 100 857 200 1270 300 143 400
936 0 5 826 0 719 100 416 200 448 300 1458 400
937 0 5 171 0 22 100 746 200 751 300 635 400
938 0 5 1195 0 1134 100 1005 200 1413 300 1073 400
939 0 5 594 0 1258 100 272 200 1293 300 1280 400
940 0 5 606 0 833 100 1057 200 536 300 946 400
941 0 5 1232 0 135 100 392 200 1375 300 638 400
942 0 5 92 0 804 100 212 200 1355 300 1101 400
943 0 5 109 0 840 100 1287 200 562 300 953 400
944 0 5 1102 0 1003 100 850 200 347 300 729 400
945 0 5 696 0 249 100 497 200 1308 300 1181 400
946 0 5 876 0 1007 100 1167 200 1057 300 940 400
947 0 5 1057 0 467 100 612 200 107 300 833 400
948 0 5 216 0 1309 100 1080 200 466 300 773 400
949 0 5 523 0 1235 100 1125 200 1474 300 154 400
950 0 5 15 0 336 100 1190 200 363 300 323 400
951 0 5 537 0 745 100 1347 200 1238 300 165 400
952 0 5 7 0 429 100 1409 200 634 300 653 400
953 0 5 69 0 769 100 109 200 195 300 562 400
954 0 5 1245 0 642 100 1015 200 669 300 626 400
955 0 5 33 0 1432 100 1446 200 711 300 610 400
956 0 5 302 0 608 100 28 200 455 300 200 400
957 0 5 283 0 890 100 422 200 985 300 992 400
958 0 5 1222 0 294 100 1173 200 655 300 1473 400
959 0 5 766 0 383 100 236 200 895 300 1431 400
960 0 5 1076 0 1164 100 895 200 889 300 1334 400
961 0 5 1356 0 1381 100 303 200 673 300 1243 400
962 0 5 650 0 247 100 612 200 833 300 116 400
963 0 5 529 0 597 100 559 200 46 300 270 400
964 0 5 1038 0 293 100 1273 200 1244 300 337 400
965 0 5 795 0 739 100 24 200 1493 300 790 400
966 0 5 29 0 1488 100 1147 200 1367 300 1118 400
967 0 5 24 0 996 100 853 200 891 300 609 400
968 0 5 58 0 1255 100 990 200 257 300 493 400
969 0 5 568 0 1451 100 689 200 1302 300 317 400
970 0 5 896 0 699 100 741 200 773 300 1032 400
971 0 5 1351 0 240 100 435 200 1083 300 587 400
972 0 5 817 0 1395 100 626 200 558 300 440 400
973 0 5 191 0 483 100 1468 200 102 300 1315 400
974 0 5 915 0 1025 100 235 200 566 300 1093 400
975 0 5 131 0 1439 100 1094 200 851 300 1495 400
976 0 5 427 0 162 100 597 200 529 300 916 400
977 0 5 1045 0 1141 100 415 200 114 300 1033 400
978 0 5 1019 0 41 100 301 200 1462 300 810 400
979 0 5 1202 0 1406 100 420 200 352 300 1205 400
980 0 5 407 0 1489 100 784 200 363 300 336 400
981 0 5 1199 0 229 100 1051 200 428 300 377 400
982 0 5 595 0 213 100 1484 200 5 300 398 400
983 0 5 333 0 782 100 37 200 1335 300 1500 400
984 0 5 55 0 593 100 272 200 939 300 1303 400
985 0 5 1498 0 417 100 957 200 794 300 992 400
986 0 5 849 0 1166 100 797 200 912 300 522 400
987 0 5 520 0 43 100 1067 200 1385 300 783 400
988 0 5 445 0 1246 100 859 200 1086 300 1291 400
989 0 5 1270 0 474 100 900 200 1333 300 869 400
990 0 5 199 0 1255 100 968 200 257 300 58 400
991 0 5 560 0 824 100 1425 200 1104 300 864 400
992 0 5 890 0 1139 100 473 200 779 300 85 400
993 0 5 228 0 787 100 124 200 499 300 920 400
994 0 5 1397 0 665 100 852 200 1149 300 674 400
995 0 5 408 0 1053 100 1210 200 1019 300 301 400
996 0 5 159 0 1212 100 967 200 677 300 24 400
997 0 5 930 0 921 100 482 200 1013 300 1133 400
998 0 5 106 0 709 100 1510 200 1511 300 1323 400
999 0 5 450 0 1304 100 1027 200 371 300 614 400
1000 0 5 141 0 1108 100 209 200 500 300 21 400
1001 0 5 136 0 123 100 1300 200 1128 300 1197 400
1002 0 5 1227 0 834 100 1303 200 631 300 4 400
1003 0 5 51 0 944 100 347 200 729 300 307 400
1004 0 5 1084 0 227 100 1467 200 1354 300 76 400
1005 0 5 1321 0 938 100 1347 200 449 300 537 400
1006 0 5 241 0 805 100 1079 200 1362 300 640 400
1007 0 5 1209 0 421 100 472 200 946 300 1339 400
1008 0 5 142 0 177 100 126 200 8 300 1051 400
1009 0 5 1158 0 1326 100 61 200 1265 300 623 400
1010 0 5 1474 0 342 100 1125 200 161 300 21 400
1011 0 5 1369 0 714 100 87 200 197 300 1438 400
1012 0 5 1398 0 1098 100 528 200 768 300 744 400
1013 0 5 546 0 309 100 1128 200 1133 300 997 400
1014 0 5 244 0 1117 100 738 200 193 300 169 400
1015 0 5 642 0 817 100 954 200 626 300 25 400
1016 0 5 1082 0 183 100 546 200 1419 300 1173 400
1017 0 5 675 0 310 100 1433 200 87 300 95 400
1018 0 5 923 0 286 100 144 200 1087 300 1442 400
1019 0 5 978 0 301 100 995 200 1462 300 1210 400
1020 0 5 1347 0 1188 100 1074 200 306 300 1194 400
1021 0 5 1122 0 367 100 1068 200 498 300 1486 400
1022 0 5 1443 0 354 100 381 200 68 300 1260 400
1023 0 5 489 0 637 100 777 200 183 300 340 400
1024 0 5 1239 0 1403 100 1214 200 1274 300 836 400
1025 0 5 1093 0 974 100 235 200 566 300 915 400
1026 0 5 132 0 563 100 443 200 577 300 589 400
1027 0 5 176 0 1304 100 999 200 1172 300 450 400
1028 0 5 459 0 473 100 1099 200 439 300 1206 400
1029 0 5 933 0 368 100 1117 200 115 300 460 400
1030 0 5 1055 0 1512 100 1511 200 486 300 802 400
1031 0 5 1248 0 617 100 111 200 1421 300 322 400
1032 0 5 452 0 1331 100 1313 200 466 300 699 400
1033 0 5 355 0 1146 100 806 200 1134 300 253 400
1034 0 5 38 0 519 100 545 200 1112 300 1168 400
1035 0 5 508 0 692 100 892 200 613 300 668 400
1036 0 5 277 0 19 100 150 200 1373 300 871 400
1037 0 5 845 0 322 100 900 200 1229 300 186 400
1038 0 5 964 0 293 100 337 200 1273 300 12 400
1039 0 5 1452 0 99 100 1466 200 794 300 666 400
1040 0 5 144 0 540 100 653 200 1442 300 761 400
1041 0 5 65 0 1328 100 1163 200 550 300 315 400
1042 0 5 422 0 395 100 1176 200 206 300 458 400
1043 0 5 786 0 583 100 158 200 286 300 1087 400
1044 0 5 1401 0 1151 100 1410 200 502 300 832 400
1045 0 5 552 0 977 100 1141 200 1146 300 253 400
1046 0 5 141 0 399 100 500 200 1366 300 259 400
1047 0 5 272 0 1303 100 1179 200 1318 300 365 400
1048 0 5 534 0 511 100 1248 200 1333 300 322 400
1049 0 5 543 0 860 100 1471 200 902 300 1325 400
1050 0 5 1241 0 1403 100 697 200 403 300 1024 400
1051 0 5 1446 0 142 100 981 200 229 300 610 400
1052 0 5 914 0 1220 100 1362 200 241 300 1006 400
1053 0 5 408 0 995 100 1462 200 358 300 1390 400
1054 0 5 654 0 1252 100 872 200 297 300 1290 400
1055 0 5 717 0 1030 100 802 200 1453 300 122 400
1056 0 5 1368 0 471 100 1297 200 1346 300 693 400
1057 0 5 947 0 107 100 940 200 1167 300 946 400
1058 0 5 4 0 631 100 593 200 739 300 1002 400
1059 0 5 585 0 606 100 145 200 530 300 940 400
1060 0 5 1077 0 487 100 1145 200 1124 300 429 400
1061 0 5 754 0 1290 100 1278 200 1094 300 922 400
1062 0 5 1399 0 58 100 257 200 413 300 635 400
1063 0 5 202 0 1099 100 98 200 269 300 1261 400
1064 0 5 761 0 733 100 1374 200 540 300 1178 400
1065 0 5 599 0 269 100 730 200 1245 300 1066 400
1066 0 5 269 0 1301 100 730 200 901 300 1065 400
1067 0 5 418 0 987 100 387 200 43 300 274 400
1068 0 5 367 0 1021 100 1122 200 1174 300 1175 400
1069 0 5 1177 0 619 100 457 200 792 300 756 400
1070 0 5 1365 0 515 100 123 200 773 300 1197 400
1071 0 5 475 0 868 100 1183 200 1457 300 401 400
1072 0 5 1473 0 1234 100 393 200 1222 300 320 400
1073 0 5 449 0 218 100 253 200 1141 300 1134 400
1074 0 5 1194 0 1188 100 1020 200 491 300 1347 400
1075 0 5 318 0 759 100 1154 200 14 300 1382 400
1076 0 5 960 0 1214 100 889 200 1024 300 1164 400
1077 0 5 1060 0 674 100 3 200 487 300 268 400
1078 0 5 143 0 869 100 1270 200 1269 300 616 400
1079 0 5 1258 0 1280 100 255 200 1006 300 1362 400
1080 0 5 1197 0 1309 100 948 200 216 300 773 400
1081 0 5 837 0 366 100 562 200 497 300 195 400
1082 0 5 1016 0 546 100 1419 200 778 300 183 400
1083 0 5 1351 0 443 100 772 200 971 300 435 400
1084 0 5 1004 0 1354 100 1467 200 241 300 1220 400
1085 0 5 712 0 564 100 147 200 723 300 26 400
1086 0 5 859 0 1440 100 1235 200 1223 300 547 400
1087 0 5 158 0 286 100 1043 200 144 300 1018 400
1088 0 5 1276 0 1260 100 1305 200 1230 300 1328 400
1089 0 5 693 0 1109 100 1106 200 1368 300 1056 400
1090 0 5 1494 0 1242 100 905 200 1306 300 67 400
1091 0 5 1310 0 628 100 180 200 13 300 235 400
1092 0 5 1442 0 848 100 643 200 729 300 909 400
1093 0 5 1025 0 885 100 235 200 566 300 567 400
1094 0 5 296 0 131 100 1278 200 975 300 754 400
1095 0 5 338 0 1140 100 1172 200 211 300 927 400
1096 0 5 27 0 1193 100 504 200 1391 300 171 400
1097 0 5 499 0 1332 100 507 200 787 300 1127 400
1098 0 5 528 0 1012 100 1398 200 1476 300 1415 400
1099 0 5 439 0 1063 100 53 200 1028 300 1206 400
1100 0 5 462 0 133 100 127 200 698 300 542 400
1101 0 5 1355 0 363 100 212 200 980 300 804 400
1102 0 5 624 0 944 100 729 200 1490 300 1003 400
1103 0 5 215 0 255 100 1184 200 1356 300 1293 400
1104 0 5 864 0 824 100 516 200 991 300 513 400
1105 0 5 844 0 245 100 299 200 64 300 1288 400
1106 0 5 101 0 1109 100 1297 200 1368 300 311 400
1107 0 5 554 0 1377 100 679 200 1345 300 755 400
1108 0 5 734 0 1000 100 632 200 1144 300 1110 400
1109 0 5 1089 0 1106 100 1297 200 1368 300 1346 400
1110 0 5 1144 0 129 100 697 200 374 300 632 400
1111 0 5 1213 0 1143 100 1163 200 627 300 378 400
1112 0 5 519 0 1133 100 1341 200 217 300 1034 400
1113 0 5 1459 0 1469 100 1204 200 496 300 95 400
1114 0 5 650 0 865 100 612 200 107 300 962 400
1115 0 5 314 0 160 100 493 200 257 300 926 400
1116 0 5 2 0 539 100 111 200 648 300 617 400
1117 0 5 1137 0 738 100 1014 200 1029 300 139 400
1118 0 5 844 0 1288 100 966 200 29 300 1488 400
1119 0 5 455 0 608 100 119 200 956 300 382 400
1120 0 5 420 0 1299 100 254 200 880 300 740 400
1121 0 5 622 0 121 100 503 200 71 300 295 400
1122 0 5 1021 0 379 100 1068 200 367 300 498 400
1123 0 5 783 0 120 100 623 200 280 300 776 400
1124 0 5 661 0 1060 100 682 200 487 300 1145 400
1125 0 5 161 0 1474 100 949 200 1010 300 21 400
1126 0 5 812 0 770 100 1340 200 193 300 7 400
1127 0 5 633 0 499 100 256 200 920 300 226 400
1128 0 5 309 0 1013 100 781 200 1133 300 1300 400
1129 0 5 600 0 357 100 16 200 67 300 368 400
1130 0 5 501 0 1497 100 190 200 208 300 888 400
1131 0 5 808 0 1320 100 725 200 801 300 658 400
1132 0 5 348 0 572 100 389 200 1428 300 1444 400
1133 0 5 1112 0 930 100 519 200 1013 300 545 400
1134 0 5 938 0 253 100 806 200 1146 300 1033 400
1135 0 5 918 0 476 100 1265 200 1291 300 1326 400
1136 0 5 10 0 1160 100 406 200 1343 300 307 400
1137 0 5 1117 0 139 100 738 200 1029 300 1366 400
1138 0 5 582 0 1499 100 1423 200 780 300 117 400
1139 0 5 779 0 992 100 473 200 85 300 488 400
1140 0 5 1095 0 472 100 338 200 211 300 927 400
1141 0 5 977 0 218 100 866 200 1486 300 415 400
1142 0 5 457 0 149 100 251 200 1182 300 1404 400
1143 0 5 627 0 1163 100 1111 200 1324 300 200 400
1144 0 5 1110 0 734 100 174 200 1429 300 697 400
1145 0 5 487 0 1060 100 429 200 1124 300 952 400
1146 0 5 552 0 1033 100 1134 200 253 300 355 400
1147 0 5 1225 0 29 100 966 200 1367 300 182 400
1148 0 5 244 0 115 100 1014 200 1494 300 193 400
1149 0 5 38 0 994 100 665 200 172 300 1397 400
1150 0 5 573 0 1328 100 615 200 609 300 853 400
1151 0 5 1410 0 1044 100 125 200 1401 300 153 400
1152 0 5 586 0 768 100 838 200 1398 300 290 400
1153 0 5 310 0 841 100 496 200 675 300 1017 400
1154 0 5 451 0 1075 100 759 200 318 300 1170 400
1155 0 5 291 0 1285 100 397 200 1211 300 1010 400
1156 0 5 91 0 623 100 120 200 1158 300 1123 400
1157 0 5 1405 0 1447 100 18 200 823 300 789 400
1158 0 5 1009 0 330 100 1156 200 1385 300 911 400
1159 0 5 829 0 480 100 440 200 700 300 861 400
1160 0 5 1343 0 1136 100 620 200 406 300 430 400
1161 0 5 181 0 1431 100 220 200 1241 300 1050 400
1162 0 5 644 0 79 100 1359 200 306 300 317 400
1163 0 5 1143 0 1111 100 1324 200 1213 300 1041 400
1164 0 5 1334 0 960 100 1214 200 728 300 1076 400
1165 0 5 668 0 692 100 230 200 809 300 508 400
1166 0 5 849 0 986 100 50 200 636 300 912 400
1167 0 5 107 0 242 100 946 200 1057 300 927 400
1168 0 5 1341 0 38 100 665 200 852 300 519 400
1169 0 5 621 0 1218 100 37 200 333 300 119 400
1170 0 5 641 0 759 100 1154 200 908 300 14 400
1171 0 5 1496 0 361 100 83 200 390 300 1487 400
1172 0 5 176 0 211 100 1095 200 1304 300 1027 400
1173 0 5 655 0 958 100 183 200 373 300 340 400
1174 0 5 1344 0 1175 100 367 200 1068 300 1021 400
1175 0 5 708 0 1174 100 1435 200 1068 300 1417 400
1176 0 5 206 0 458 100 422 200 395 300 1042 400
1177 0 5 1069 0 792 100 619 200 1496 300 390 400
1178 0 5 1189 0 1374 100 1306 200 1494 300 1064 400
1179 0 5 1318 0 1352 100 1047 200 594 300 272 400
1180 0 5 1471 0 839 100 413 200 1266 300 652 400
1181 0 5 707 0 249 100 1249 200 945 300 837 400
1182 0 5 351 0 457 100 163 200 149 300 1142 400
1183 0 5 1388 0 868 100 1071 200 1457 300 475 400
1184 0 5 1293 0 774 100 1103 200 255 300 853 400
1185 0 5 857 0 541 100 664 200 670 300 1332 400
1186 0 5 442 0 1407 100 379 200 767 300 498 400
1187 0 5 270 0 679 100 1430 200 559 300 827 400
1188 0 5 491 0 1074 100 1020 200 1195 300 1347 400
1189 0 5 1178 0 193 100 1494 200 812 300 1306 400
1190 0 5 1489 0 925 100 950 200 1320 300 581 400
1191 0 5 788 0 857 100 1386 200 664 300 335 400
1192 0 5 705 0 863 100 372 200 517 300 1226 400
1193 0 5 1096 0 97 100 504 200 27 300 1330 400
1194 0 5 1074 0 306 100 263 200 491 300 1020 400
1195 0 5 938 0 1413 100 1188 200 611 300 1134 400
1196 0 5 387 0 531 100 166 200 233 300 1336 400
1197 0 5 1080 0 123 100 1309 200 1070 300 773 400
1198 0 5 226 0 360 100 532 200 592 300 1127 400
1199 0 5 981 0 1370 100 428 200 229 300 835 400
1200 0 5 393 0 755 100 750 200 588 300 356 400
1201 0 5 60 0 798 100 411 200 1266 300 1240 400
1202 0 5 352 0 979 100 420 200 720 300 1205 400
1203 0 5 386 0 1205 100 1294 200 720 300 185 400
1204 0 5 496 0 1283 100 1113 200 1469 300 95 400
1205 0 5 352 0 1203 100 979 200 720 300 386 400
1206 0 5 273 0 718 100 710 200 1099 300 1028 400
1207 0 5 259 0 881 100 447 200 451 300 438 400
1208 0 5 326 0 618 100 150 200 871 300 295 400
1209 0 5 876 0 1007 100 421 200 946 300 585 400
1210 0 5 995 0 1284 100 301 200 1053 300 731 400
1211 0 5 749 0 397 100 897 200 1155 300 400 400
1212 0 5 677 0 996 100 34 200 685 300 691 400
1213 0 5 1342 0 1111 100 1163 200 1328 300 378 400
1214 0 5 1076 0 1024 100 1164 200 889 300 1403 400
1215 0 5 706 0 425 100 1460 200 682 300 1268 400
1216 0 5 718 0 1501 100 710 200 1206 300 273 400
1217 0 5 468 0 192 100 99 200 834 300 795 400
1218 0 5 1169 0 333 100 37 200 151 300 90 400
1219 0 5 681 0 376 100 1277 200 268 300 104 400
1220 0 5 1052 0 484 100 241 200 44 300 914 400
1221 0 5 1375 0 1329 100 726 200 975 300 1254 400
1222 0 5 958 0 655 100 1473 200 588 300 1072 400
1223 0 5 197 0 714 100 1440 200 1086 300 1235 400
1224 0 5 378 0 757 100 303 200 1448 300 1243 400
1225 0 5 1147 0 578 100 64 200 182 300 245 400
1226 0 5 705 0 1236 100 11 200 47 300 863 400
1227 0 5 1002 0 1257 100 1303 200 834 300 365 400
1228 0 5 621 0 1401 100 90 200 1218 300 1169 400
1229 0 5 900 0 70 100 186 200 1037 300 869 400
1230 0 5 65 0 315 100 1305 200 1276 300 1088 400
1231 0 5 1253 0 112 100 1251 200 893 300 57 400
1232 0 5 941 0 827 100 135 200 678 300 388 400
1233 0 5 287 0 1413 100 672 200 806 300 611 400
1234 0 5 320 0 1072 100 1473 200 294 300 23 400
1235 0 5 547 0 949 100 1086 200 1440 300 1223 400
1236 0 5 863 0 47 100 1226 200 435 300 705 400
1237 0 5 690 0 163 100 34 200 1317 300 691 400
1238 0 5 537 0 165 100 184 200 951 300 745 400
1239 0 5 591 0 1024 100 836 200 889 300 1050 400
1240 0 5 553 0 652 100 1311 200 1266 300 798 400
1241 0 5 836 0 1050 100 1431 200 1161 300 1403 400
1242 0 5 67 0 115 100 1090 200 1494 300 1129 400
1243 0 5 1448 0 757 100 961 200 303 300 1224 400
1244 0 5 1273 0 964 100 355 200 922 300 337 400
1245 0 5 954 0 669 100 642 200 1065 300 730 400
1246 0 5 1291 0 988 100 1421 200 660 300 1438 400
1247 0 5 1455 0 780 100 292 200 1499 300 502 400
1248 0 5 1031 0 1048 100 534 200 322 300 617 400
1249 0 5 917 0 278 100 1322 200 1181 300 707 400
1250 0 5 318 0 762 100 634 200 1382 300 376 400
1251 0 5 57 0 112 100 1231 200 409 300 180 400
1252 0 5 297 0 1054 100 887 200 475 300 654 400
1253 0 5 1231 0 1371 100 867 200 893 300 112 400
1254 0 5 726 0 108 100 392 200 434 300 1221 400
1255 0 5 257 0 968 100 990 200 493 300 58 400
1256 0 5 1468 0 44 100 765 200 877 300 483 400
1257 0 5 1227 0 96 100 834 200 99 300 192 400
1258 0 5 1079 0 1280 100 939 200 1362 300 1378 400
1259 0 5 394 0 25 100 756 200 626 300 619 400
1260 0 5 1317 0 1305 100 381 200 1088 300 351 400
1261 0 5 599 0 53 100 269 200 1063 300 1065 400
1262 0 5 50 0 913 100 151 200 800 300 912 400
1263 0 5 260 0 464 100 704 200 791 300 667 400
1264 0 5 98 0 85 100 439 200 570 300 870 400
1265 0 5 476 0 1135 100 1326 200 1009 300 1291 400
1266 0 5 652 0 798 100 1240 200 411 300 1201 400
1267 0 5 1381 0 382 100 303 200 673 300 28 400
1268 0 5 661 0 1460 100 682 200 1215 300 706 400
1269 0 5 935 0 143 100 857 200 1270 300 664 400
1270 0 5 989 0 1437 100 143 200 1269 300 103 400
1271 0 5 928 0 893 100 404 200 1478 300 1292 400
1272 0 5 1284 0 877 100 793 200 102 300 1210 400
1273 0 5 1244 0 964 100 337 200 1290 300 1038 400
1274 0 5 1283 0 1403 100 1348 200 1024 300 95 400
1275 0 5 535 0 17 100 404 200 867 300 893 400
1276 0 5 1088 0 1328 100 65 200 1230 300 1305 400
1277 0 5 94 0 441 100 1219 200 902 300 803 400
1278 0 5 296 0 754 100 922 200 1094 300 1061 400
1279 0 5 201 0 800 100 267 200 1497 300 603 400
1280 0 5 255 0 1079 100 1258 200 1293 300 939 400
1281 0 5 54 0 262 100 818 200 732 300 76 400
1282 0 5 1376 0 670 100 222 200 1316 300 541 400
1283 0 5 1274 0 1204 100 1348 200 95 300 1214 400
1284 0 5 1272 0 1210 100 793 200 731 300 579 400
1285 0 5 1155 0 342 100 248 200 397 300 1010 400
1286 0 5 334 0 271 100 698 200 926 300 312 400
1287 0 5 932 0 943 100 840 200 549 300 1414 400
1288 0 5 1118 0 844 100 274 200 1105 300 332 400
1289 0 5 512 0 1423 100 1456 200 721 300 1404 400
1290 0 5 1061 0 337 100 754 200 1273 300 1054 400
1291 0 5 1246 0 918 100 1421 200 1265 300 1135 400
1292 0 5 713 0 928 100 156 200 1478 300 404 400
1293 0 5 1184 0 1280 100 939 200 255 300 774 400
1294 0 5 720 0 386 100 185 200 1203 300 723 400
1295 0 5 913 0 888 100 90 200 125 300 1262 400
1296 0 5 1383 0 686 100 1429 200 403 300 1470 400
1297 0 5 1346 0 1056 100 1361 200 101 300 1368 400
1298 0 5 517 0 854 100 601 200 13 300 628 400
1299 0 5 740 0 1120 100 880 200 566 300 254 400
1300 0 5 217 0 781 100 136 200 1001 300 1128 400
1301 0 5 831 0 730 100 901 200 1066 300 469 400
1302 0 5 544 0 510 100 689 200 969 300 179 400
1303 0 5 365 0 1047 100 1002 200 984 300 1227 400
1304 0 5 1027 0 999 100 243 200 211 300 1339 400
1305 0 5 1230 0 381 100 1260 200 1276 300 1088 400
1306 0 5 905 0 1494 100 1374 200 847 300 1178 400
1307 0 5 833 0 1453 100 264 200 344 300 364 400
1308 0 5 1475 0 497 100 898 200 109 300 696 400
1309 0 5 1080 0 948 100 1197 200 777 300 216 400
1310 0 5 1091 0 13 100 235 200 628 300 372 400
1311 0 5 411 0 1240 100 814 200 553 300 1380 400
1312 0 5 432 0 871 100 326 200 920 300 124 400
1313 0 5 375 0 1032 100 1331 200 146 300 452 400
1314 0 5 424 0 384 100 415 200 835 300 224 400
1315 0 5 81 0 324 100 793 200 973 300 396 400
1316 0 5 541 0 1376 100 1445 200 1282 300 1387 400
1317 0 5 691 0 1260 100 843 200 351 300 1237 400
1318 0 5 266 0 1179 100 1047 200 1352 300 737 400
1319 0 5 6 0 425 100 682 200 1428 300 1160 400
1320 0 5 323 0 1131 100 1190 200 950 300 925 400
1321 0 5 1005 0 1344 100 449 200 537 300 367 400
1322 0 5 1249 0 398 100 426 200 707 300 278 400
1323 0 5 106 0 284 100 480 200 1427 300 709 400
1324 0 5 423 0 1163 100 627 200 1143 300 753 400
1325 0 5 441 0 902 100 543 200 1049 300 130 400
1326 0 5 476 0 1009 100 61 200 1265 300 1135 400
1327 0 5 265 0 254 100 979 200 567 300 110 400
1328 0 5 1276 0 1150 100 630 200 573 300 65 400
1329 0 5 851 0 434 100 1221 200 221 300 726 400
1330 0 5 97 0 504 100 1391 200 1193 300 751 400
1331 0 5 146 0 466 100 1032 200 1313 300 773 400
1332 0 5 670 0 1097 100 664 200 507 300 222 400
1333 0 5 474 0 511 100 322 200 1048 300 900 400
1334 0 5 11 0 1164 100 47 200 728 300 960 400
1335 0 5 1500 0 37 100 179 200 782 300 983 400
1336 0 5 330 0 166 100 1411 200 400 300 1385 400
1337 0 5 906 0 780 100 117 200 288 300 701 400
1338 0 5 243 0 702 100 450 200 1483 300 614 400
1339 0 5 243 0 289 100 421 200 1007 300 585 400
1340 0 5 169 0 193 100 770 200 1126 300 1014 400
1341 0 5 1168 0 217 100 1112 200 38 300 519 400
1342 0 5 1213 0 573 100 100 200 378 300 1328 400
1343 0 5 1388 0 1160 100 308 200 1136 300 1457 400
1344 0 5 1174 0 1321 100 367 200 184 300 449 400
1345 0 5 679 0 1430 100 392 200 1107 300 375 400
1346 0 5 856 0 1297 100 1056 200 1361 300 1472 400
1347 0 5 1020 0 951 100 1005 200 1074 300 745 400
1348 0 5 95 0 1470 100 1274 200 1403 300 1283 400
1349 0 5 558 0 861 100 440 200 829 300 1159 400
1350 0 5 538 0 344 100 514 200 364 300 40 400
1351 0 5 971 0 1083 100 240 200 73 300 435 400
1352 0 5 737 0 1179 100 594 200 939 300 1318 400
1353 0 5 343 0 479 100 1365 200 727 300 136 400
1354 0 5 358 0 1084 100 1390 200 1004 300 45 400
1355 0 5 212 0 1101 100 804 200 942 300 980 400
1356 0 5 215 0 961 100 818 200 1103 300 673 400
1357 0 5 30 0 319 100 1373 200 277 300 1208 400
1358 0 5 357 0 1414 100 904 200 565 300 1129 400
1359 0 5 306 0 590 100 79 200 1162 300 41 400
1360 0 5 327 0 444 100 1464 200 46 300 428 400
1361 0 5 276 0 311 100 1297 200 711 300 551 400
1362 0 5 1378 0 914 100 1052 200 1258 300 1006 400
1363 0 5 1408 0 194 100 133 200 601 300 75 400
1364 0 5 1416 0 625 100 490 200 533 300 796 400
1365 0 5 515 0 1070 100 1353 200 343 300 934 400
1366 0 5 478 0 141 100 118 200 1046 300 209 400
1367 0 5 717 0 966 100 882 200 1147 300 1488 400
1368 0 5 1056 0 693 100 1297 200 1346 300 1361 400
1369 0 5 1011 0 445 100 714 200 87 300 1438 400
1370 0 5 825 0 1199 100 835 200 428 300 1051 400
1371 0 5 867 0 1253 100 282 200 893 300 556 400
1372 0 5 290 0 838 100 20 200 636 300 1152 400
1373 0 5 514 0 122 100 1357 200 277 300 40 400
1374 0 5 733 0 1306 100 1178 200 1064 300 1494 400
1375 0 5 1221 0 638 100 941 200 135 300 1450 400
1376 0 5 1282 0 222 100 1316 200 36 300 1445 400
1377 0 5 755 0 1107 100 42 200 356 300 554 400
1378 0 5 594 0 1362 100 1258 200 939 300 1352 400
1379 0 5 1392 0 841 100 823 200 231 300 1459 400
1380 0 5 814 0 635 100 553 200 746 300 1311 400
1381 0 5 1267 0 961 100 673 200 303 300 1356 400
1382 0 5 104 0 318 100 14 200 414 300 1250 400
1383 0 5 403 0 1296 100 465 200 1470 300 686 400
1384 0 5 521 0 70 100 186 200 18 300 869 400
1385 0 5 520 0 166 100 1336 200 330 300 1158 400
1386 0 5 935 0 788 100 1191 200 857 300 664 400
1387 0 5 617 0 66 100 735 200 1316 300 534 400
1388 0 5 1343 0 1183 100 1457 200 1428 300 1160 400
1389 0 5 82 0 30 100 530 200 319 300 145 400
1390 0 5 45 0 1434 100 1354 200 1053 300 358 400
1391 0 5 504 0 751 100 1330 200 171 300 937 400
1392 0 5 1379 0 231 100 331 200 880 300 1459 400
1393 0 5 296 0 821 100 1495 200 922 300 1278 400
1394 0 5 1444 0 389 100 1418 200 654 300 687 400
1395 0 5 558 0 972 100 626 200 700 300 25 400
1396 0 5 137 0 933 100 1029 200 463 300 460 400
1397 0 5 994 0 172 100 803 200 94 300 1149 400
1398 0 5 1012 0 768 100 744 200 1152 300 1098 400
1399 0 5 1062 0 635 100 413 200 58 300 1425 400
1400 0 5 26 0 59 100 1412 200 147 300 846 400
1401 0 5 1044 0 1228 100 1151 200 621 300 90 400
1402 0 5 446 0 1450 100 327 200 1495 300 638 400
1403 0 5 1024 0 1274 100 1050 200 1470 300 1348 400
1404 0 5 1456 0 149 100 68 200 1289 300 251 400
1405 0 5 1157 0 26 100 703 200 521 300 712 400
1406 0 5 156 0 78 100 979 200 409 300 1292 400
1407 0 5 498 0 1186 100 1486 200 379 300 767 400
1408 0 5 601 0 1363 100 133 200 127 300 1298 400
1409 0 5 7 0 812 100 952 200 193 300 540 400
1410 0 5 1151 0 153 100 1044 200 125 300 1401 400
1411 0 5 911 0 330 100 1336 200 400 300 166 400
1412 0 5 59 0 1400 100 846 200 185 300 147 400
1413 0 5 1233 0 806 100 1195 200 611 300 287 400
1414 0 5 1475 0 904 100 1358 200 549 300 105 400
1415 0 5 688 0 1476 100 263 200 611 300 306 400
1416 0 5 1364 0 878 100 328 200 533 300 796 400
1417 0 5 184 0 629 100 165 200 232 300 1175 400
1418 0 5 687 0 816 100 894 200 1394 300 470 400
1419 0 5 294 0 23 100 1082 200 1016 300 958 400
1420 0 5 73 0 575 100 587 200 240 300 127 400
1421 0 5 918 0 1246 100 1291 200 660 300 1031 400
1422 0 5 1506 0 1507 100 837 200 288 300 1081 400
1423 0 5 1456 0 1289 100 1138 200 582 300 68 400
1424 0 5 929 0 1477 100 603 200 786 300 907 400
1425 0 5 312 0 560 100 991 200 257 300 602 400
1426 0 5 1483 0 614 100 796 200 74 300 503 400
1427 0 5 721 0 715 100 284 200 1323 300 1441 400
1428 0 5 348 0 425 100 1388 200 572 300 1132 400
1429 0 5 686 0 174 100 1144 200 697 300 1296 400
1430 0 5 1345 0 679 100 1187 200 392 300 827 400
1431 0 5 1161 0 220 100 1241 200 959 300 374 400
1432 0 5 1463 0 427 100 955 200 33 300 711 400
1433 0 5 748 0 197 100 1017 200 1223 300 87 400
1434 0 5 1462 0 1390 100 568 200 1053 300 45 400
1435 0 5 1436 0 708 100 1175 200 379 300 232 400
1436 0 5 1435 0 481 100 629 200 232 300 747 400
1437 0 5 66 0 735 100 1270 200 103 300 511 400
1438 0 5 87 0 660 100 675 200 1011 300 1369 400
1439 0 5 851 0 771 100 975 200 131 300 1454 400
1440 0 5 547 0 1086 100 1482 200 1223 300 1235 400
1441 0 5 284 0 715 100 1427 200 480 300 251 400
1442 0 5 1092 0 643 100 848 200 144 300 1040 400
1443 0 5 1022 0 68 100 656 200 149 300 354 400
1444 0 5 1394 0 389 100 1183 200 1132 300 572 400
1445 0 5 36 0 1449 100 1316 200 1376 300 128 400
1446 0 5 1051 0 276 100 711 200 955 300 1361 400
1447 0 5 845 0 1157 100 322 200 18 300 789 400
1448 0 5 1243 0 100 100 1224 200 757 300 378 400
1449 0 5 1445 0 128 100 539 200 1316 300 36 400
1450 0 5 886 0 446 100 1402 200 638 300 1375 400
1451 0 5 590 0 969 100 568 200 317 300 79 400
1452 0 5 1039 0 666 100 1466 200 794 300 99 400
1453 0 5 264 0 364 100 1307 200 1513 300 1512 400
1454 0 5 771 0 341 100 816 200 1439 300 204 400
1455 0 5 1247 0 753 100 813 200 292 300 1499 400
1456 0 5 1423 0 1404 100 1289 200 68 300 1441 400
1457 0 5 868 0 308 100 1388 200 1343 300 1183 400
1458 0 5 784 0 93 100 936 200 826 300 462 400
1459 0 5 1113 0 1469 100 880 200 1392 300 1204 400
1460 0 5 1268 0 1215 100 706 200 661 300 674 400
1461 0 5 722 0 130 100 513 200 860 300 132 400
1462 0 5 1434 0 1053 100 408 200 1019 300 568 400
1463 0 5 842 0 1432 100 33 200 976 300 916 400
1464 0 5 444 0 1360 100 428 200 610 300 916 400
1465 0 5 32 0 790 100 113 200 883 300 431 400
1466 0 5 431 0 666 100 683 200 1039 300 1452 400
1467 0 5 805 0 76 100 1004 200 1084 300 227 400
1468 0 5 102 0 1256 100 483 200 44 300 973 400
1469 0 5 1459 0 1113 100 828 200 1204 300 880 400
1470 0 5 403 0 1348 100 1403 200 465 300 1383 400
1471 0 5 1180 0 860 100 1049 200 839 300 798 400
1472 0 5 856 0 875 100 198 200 1346 300 276 400
1473 0 5 1072 0 1222 100 1234 200 958 300 294 400
1474 0 5 1010 0 523 100 1125 200 897 300 949 400
1475 0 5 1414 0 1308 100 904 200 898 300 1358 400
1476 0 5 688 0 1415 100 210 200 477 300 919 400
1477 0 5 786 0 929 100 1424 200 1043 300 907 400
1478 0 5 156 0 713 100 1292 200 78 300 928 400
1479 0 5 725 0 695 100 323 200 1320 300 15 400
1480 0 5 182 0 346 100 578 200 760 300 1225 400
1481 0 5 709 0 1503 100 1504 200 178 300 998 400
1482 0 5 686 0 1440 100 174 200 547 300 1223 400
1483 0 5 1426 0 1338 100 450 200 702 300 614 400
1484 0 5 329 0 402 100 982 200 595 300 426 400
1485 0 5 236 0 383 100 443 200 811 300 86 400
1486 0 5 866 0 449 100 367 200 405 300 498 400
1487 0 5 163 0 351 100 1496 200 792 300 83 400
1488 0 5 966 0 29 100 1147 200 1367 300 1118 400
1489 0 5 1190 0 980 100 336 200 950 300 363 400
1490 0 5 636 0 624 100 522 200 1102 300 1166 400
1491 0 5 479 0 727 100 706 200 1353 300 1300 400
1492 0 5 256 0 456 100 633 200 807 300 760 400
1493 0 5 113 0 431 100 965 200 790 300 468 400
1494 0 5 1090 0 1306 100 1178 200 905 300 1189 400
1495 0 5 886 0 1393 100 1402 200 975 300 821 400
1496 0 5 1171 0 792 100 1487 200 1177 300 83 400
1497 0 5 888 0 190 100 1130 200 201 300 1279 400
1498 0 5 985 0 743 100 794 200 417 300 96 400
1499 0 5 656 0 1138 100 35 200 1423 300 1455 400
1500 0 5 179 0 1335 100 782 200 62 300 544 400
1501 0 5 1216 0 710 100 758 200 718 300 53 400
1502 0 5 80 0 116 100 332 200 1288 300 140 400
1503 0 5 116 0 1481 100 332 200 1288 300 140 400
1504 0 5 164 0 1481 100 332 200 1288 300 140 400
1505 0 5 164 0 247 100 332 200 1288 300 140 400
1506 0 5 1422 0 247 100 332 200 1288 300 140 400
1507 0 5 1422 0 709 100 332 200 1288 300 140 400
1508 0 5 178 0 709 100 332 200 1288 300 140 400
1509 0 5 264 0 178 100 332 200 1288 300 140 400
1510 0 5 264 0 998 100 332 200 1288 300 140 400
1511 0 5 1030 0 998 100 332 200 1288 300 140 400
1512 0 5 1030 0 1453 100 332 200 1288 300 140 400
1513 0 5 512 0 1453 100 332 200 1288 300 140 400
1514 0 5 512 0 106 100 332 200 1288 300 140 400
1515 0 5 117 0 106 100 332 200 1288 300 140 400
1516 0 5 117 0 707 100 332 200 1288 300 140 400
1517 0 5 278 0 707 100 332 200 1288 300 140 400
1518 0 5 802 0 278 100 332 200 1288 300 140 400
1519 0 5 802 0 1055 100 332 200 1288 300 140 400
1520 0 5 837 0 1055 100 332 200 1288 300 140 400
1521 0 5 1488 0 837 100 332 200 1288 300 140 400
1522 0 5 1488 0 582 100 332 200 1288 300 140 400
1523 0 5 1322 0 582 100 332 200 1288 300 140 400
1524 0 5 1322 0 962 100 332 200 1288 300 140 400
1525 0 5 1337 0 962 100 332 200 1288 300 140 400
1526 0 5 1337 0 1081 100 332 200 1288 300 140 400
1527 0 5 288 0 1081 100 332 200 1288 300 140 400
1528 0 5 288 0 721 100 332 200 1288 300 140 400
1529 0 5 721 0 1181 100 332 200 1288 300 140 400
1530 0 5 1118 0 1181 100 332 200 1288 300 140 400
1531 0 5 1118 0 332 100 1288 200 140 300 1323 400
1532 0 5 1249 0 332 100 1323 200 1288 300 140 400
1533 0 5 1307 0 1249 100 332 200 1288 300 140 400
1534 0 5 1307 0 569 100 332 200 1288 300 140 400
1535 0 5 569 0 364 100 332 200 1288 300 140 400
1536 0 5 1427 0 364 100 332 200 1288 300 140 400
1537 0 5 1427 0 332 100 1288 200 140 300 780 400
1538 0 5 906 0 332 100 1288 200 140 300 780 400
1539 0 5 906 0 332 100 1288 200 140 300 780 400
1540 0 5 332 0 1288 100 249 200 140 300 780 400
1541 0 5 486 0 332 100 1288 200 140 300 249 400
-1
EOF
