1540
1 0 5 1493 0 559 100 1097 200 669 300 908 400
2 0 5 1066 0 718 100 352 200 642 300 1139 400
3 0 5 927 0 38 100 805 200 585 300 1371 400
4 0 5 811 0 588 100 881 200 1175 300 145 400
5 0 5 1417 0 141 100 1273 200 1317 300 1129 400
6 0 5 552 0 1380 100 1326 200 322 300 837 400
7 0 5 1168 0 1055 100 1266 200 1311 300 179 400
8 0 5 1468 0 776 100 410 200 180 300 1041 400
9 0 5 901 0 1071 100 628 200 802 300 1156 400
10 0 5 997 0 739 100 439 200 499 300 740 400
11 0 5 916 0 1112 100 129 200 1286 300 107 400
12 0 5 830 0 1480 100 492 200 694 300 727 400
13 0 5 1503 0 1502 100 127 200 735 300 1493 400
14 0 5 323 0 510 100 290 200 624 300 1066 400
15 0 5 354 0 77 100 566 200 569 300 48 400
16 0 5 1488 0 797 100 550 200 86 300 178 400
17 0 5 345 0 1133 100 669 200 172 300 1360 400
18 0 5 1426 0 1342 100 1032 200 983 300 166 400
19 0 5 905 0 20 100 1493 200 625 300 955 400
20 0 5 1493 0 1250 100 19 200 1504 300 1503 400
21 0 5 883 0 535 100 1436 200 373 300 478 400
22 0 5 1399 0 1346 100 1177 200 801 300 1462 400
23 0 5 1209 0 1167 100 97 200 939 300 774 400
24 0 5 156 0 278 100 1424 200 194 300 225 400
25 0 5 1078 0 788 100 1307 200 389 300 708 400
26 0 5 1329 0 589 100 1335 200 1041 300 549 400
27 0 5 205 0 858 100 1076 200 685 300 793 400
28 0 5 786 0 302 100 966 200 666 300 968 400
29 0 5 1258 0 1031 100 151 200 808 300 152 400
30 0 5 909 0 1332 100 222 200 269 300 329 400
31 0 5 510 0 214 100 1375 200 934 300 1476 400
32 0 5 704 0 852 100 844 200 300 300 1497 400
33 0 5 892 0 992 100 1037 200 895 300 364 400
34 0 5 547 0 39 100 244 200 823 300 76 400
35 0 5 297 0 666 100 1398 200 1400 300 429 400
36 0 5 1267 0 1026 100 824 200 1174 300 1062 400
37 0 5 617 0 1452 100 619 200 1388 300 1463 400
38 0 5 3 0 1201 100 527 200 1371 300 1354 400
39 0 5 823 0 34 100 986 200 725 300 244 400
40 0 5 919 0 851 100 1190 200 1263 300 993 400
41 0 5 978 0 1264 100 307 200 760 300 1028 400
42 0 5 661 0 50 100 67 200 780 300 1189 400
43 0 5 1094 0 849 100 288 200 1262 300 903 400
44 0 5 274 0 271 100 219 200 1016 300 60 400
45 0 5 753 0 1044 100 1371 200 585 300 453 400
46 0 5 696 0 204 100 18 200 1342 300 1426 400
47 0 5 1145 0 711 100 1333 200 949 300 1276 400
48 0 5 891 0 55 100 241 200 1327 300 1407 400
49 0 5 89 0 988 100 143 200 1288 300 1411 400
50 0 5 1189 0 42 100 780 200 676 300 421 400
51 0 5 320 0 1090 100 363 200 419 300 1206 400
52 0 5 707 0 1108 100 86 200 831 300 1214 400
53 0 5 1260 0 183 100 1077 200 1237 300 283 400
54 0 5 605 0 1439 100 237 200 537 300 270 400
55 0 5 420 0 1327 100 48 200 449 300 241 400
56 0 5 904 0 536 100 231 200 1442 300 190 400
57 0 5 1359 0 710 100 758 200 1460 300 416 400
58 0 5 330 0 1444 100 1026 200 164 300 824 400
59 0 5 149 0 1365 100 295 200 743 300 1318 400
60 0 5 274 0 1450 100 525 200 271 300 44 400
61 0 5 913 0 720 100 1424 200 136 300 1435 400
62 0 5 163 0 155 100 233 200 396 300 809 400
63 0 5 468 0 397 100 447 200 728 300 698 400
64 0 5 701 0 1115 100 1460 200 795 300 914 400
65 0 5 875 0 251 100 1284 200 1349 300 1047 400
66 0 5 563 0 456 100 1281 200 271 300 1440 400
67 0 5 604 0 661 100 390 200 42 300 99 400
68 0 5 418 0 1477 100 703 200 84 300 976 400
69 0 5 1450 0 1293 100 1358 200 370 300 1271 400
70 0 5 928 0 1322 100 422 200 1367 300 1011 400
71 0 5 1194 0 1134 100 1438 200 716 300 769 400
72 0 5 427 0 235 100 1040 200 732 300 852 400
73 0 5 678 0 886 100 1291 200 703 300 254 400
74 0 5 394 0 1107 100 990 200 203 300 1387 400
75 0 5 1059 0 1494 100 1271 200 606 300 370 400
76 0 5 746 0 547 100 772 200 725 300 34 400
77 0 5 15 0 241 100 354 200 1255 300 542 400
78 0 5 1019 0 580 100 262 200 924 300 728 400
79 0 5 1312 0 771 100 607 200 542 300 1255 400
80 0 5 554 0 929 100 1421 200 1434 300 242 400
81 0 5 870 0 802 100 628 200 9 300 656 400
82 0 5 1085 0 858 100 859 200 27 300 205 400
83 0 5 949 0 1169 100 1470 200 1276 300 645 400
84 0 5 886 0 1477 100 703 200 68 300 678 400
85 0 5 933 0 1279 100 906 200 1137 300 1029 400
86 0 5 114 0 1488 100 52 200 707 300 797 400
87 0 5 1498 0 1063 100 340 200 614 300 943 400
88 0 5 918 0 623 100 227 200 367 300 1213 400
89 0 5 49 0 988 100 807 200 1288 300 1411 400
90 0 5 444 0 695 100 587 200 815 300 553 400
91 0 5 1341 0 315 100 1083 200 894 300 124 400
92 0 5 638 0 1337 100 680 200 532 300 1280 400
93 0 5 757 0 624 100 736 200 473 300 454 400
94 0 5 364 0 1499 100 1495 200 892 300 286 400
95 0 5 911 0 1021 100 627 200 154 300 1045 400
96 0 5 1184 0 1013 100 643 200 211 300 560 400
97 0 5 1309 0 774 100 1295 200 23 300 1167 400
98 0 5 568 0 1011 100 190 200 938 300 343 400
99 0 5 504 0 1404 100 604 200 118 300 390 400
100 0 5 484 0 1131 100 1064 200 899 300 1377 400
101 0 5 665 0 616 100 397 200 17 300 1237 400
102 0 5 1148 0 1221 100 1089 200 1389 300 896 400
103 0 5 167 0 1336 100 234 200 889 300 46 400
104 0 5 1173 0 231 100 1118 200 591 300 1178 400
105 0 5 1459 0 890 100 977 200 176 300 1161 400
106 0 5 1170 0 826 100 1464 200 1412 300 972 400
107 0 5 1028 0 1112 100 916 200 1049 300 1233 400
108 0 5 1132 0 329 100 121 200 739 300 909 400
109 0 5 1430 0 856 100 404 200 477 300 925 400
110 0 5 115 0 860 100 1394 200 498 300 1238 400
111 0 5 313 0 836 100 620 200 1414 300 291 400
112 0 5 798 0 1205 100 1386 200 570 300 871 400
113 0 5 1193 0 273 100 850 200 1098 300 398 400
114 0 5 1214 0 86 100 707 200 1488 300 52 400
115 0 5 350 0 110 100 498 200 1172 300 975 400
116 0 5 339 0 247 100 1353 200 1122 300 921 400
117 0 5 169 0 715 100 1247 200 877 300 127 400
118 0 5 1264 0 1124 100 160 200 129 300 1119 400
119 0 5 1106 0 249 100 470 200 862 300 469 400
120 0 5 1374 0 1275 100 1410 200 1200 300 511 400
121 0 5 739 0 197 100 108 200 1058 300 1132 400
122 0 5 785 0 276 100 527 200 599 300 38 400
123 0 5 782 0 893 100 864 200 1405 300 516 400
124 0 5 1341 0 91 100 1013 200 1184 300 643 400
125 0 5 282 0 1181 100 476 200 650 300 1098 400
126 0 5 185 0 293 100 945 200 882 300 164 400
127 0 5 773 0 1247 100 524 200 117 300 714 400
128 0 5 1376 0 1091 100 515 200 1480 300 1380 400
129 0 5 160 0 11 100 848 200 1286 300 118 400
130 0 5 338 0 833 100 132 200 1080 300 429 400
131 0 5 651 0 792 100 315 200 894 300 733 400
132 0 5 338 0 1400 100 130 200 429 300 1080 400
133 0 5 1069 0 1136 100 746 200 1310 300 344 400
134 0 5 562 0 167 100 412 200 234 300 1287 400
135 0 5 652 0 1180 100 224 200 1164 300 1099 400
136 0 5 165 0 1455 100 720 200 61 300 884 400
137 0 5 163 0 289 100 1296 200 62 300 229 400
138 0 5 851 0 519 100 425 200 1314 300 1190 400
139 0 5 999 0 333 100 1441 200 646 300 762 400
140 0 5 995 0 1096 100 1199 200 794 300 246 400
141 0 5 5 0 393 100 1317 200 1061 300 148 400
142 0 5 1038 0 377 100 1423 200 674 300 1443 400
143 0 5 406 0 988 100 49 200 162 300 1036 400
144 0 5 667 0 1079 100 1144 200 496 300 961 400
145 0 5 381 0 236 100 395 200 881 300 4 400
146 0 5 381 0 395 100 956 200 674 300 145 400
147 0 5 568 0 694 100 837 200 938 300 322 400
148 0 5 1259 0 365 100 393 200 1317 300 994 400
149 0 5 59 0 743 100 487 200 295 300 896 400
150 0 5 1160 0 958 100 535 200 316 300 774 400
151 0 5 1019 0 580 100 1258 200 29 300 924 400
152 0 5 1086 0 209 100 641 200 1258 300 1031 400
153 0 5 817 0 1206 100 1340 200 1233 300 1090 400
154 0 5 556 0 1045 100 95 200 1350 300 1301 400
155 0 5 62 0 1320 100 1179 200 952 300 1457 400
156 0 5 224 0 24 100 747 200 1424 300 652 400
157 0 5 1103 0 1171 100 1047 200 434 300 594 400
158 0 5 1072 0 446 100 1038 200 936 300 1418 400
159 0 5 531 0 266 100 944 200 499 300 1033 400
160 0 5 129 0 848 100 1124 200 1362 300 118 400
161 0 5 1186 0 1094 100 1344 200 301 300 699 400
162 0 5 406 0 1288 100 143 200 395 300 326 400
163 0 5 62 0 137 100 486 200 155 300 289 400
164 0 5 700 0 256 100 1026 200 58 300 330 400
165 0 5 136 0 720 100 884 200 948 300 479 400
166 0 5 983 0 1243 100 18 200 1117 300 204 400
167 0 5 103 0 134 100 1336 200 412 300 234 400
168 0 5 770 0 1032 100 876 200 646 300 195 400
169 0 5 117 0 262 100 734 200 447 300 728 400
170 0 5 1220 0 1294 100 356 200 879 300 941 400
171 0 5 1143 0 206 100 533 200 688 300 1123 400
172 0 5 669 0 238 100 345 200 17 300 714 400
173 0 5 188 0 328 100 1500 200 784 300 863 400
174 0 5 811 0 674 100 377 200 4 300 142 400
175 0 5 1211 0 1208 100 561 200 1429 300 359 400
176 0 5 1091 0 890 100 1187 200 991 300 881 400
177 0 5 491 0 1227 100 819 200 696 300 541 400
178 0 5 550 0 1152 100 687 200 221 300 729 400
179 0 5 1266 0 1055 100 7 200 1475 300 987 400
180 0 5 1360 0 1022 100 8 200 840 300 410 400
181 0 5 1003 0 1025 100 833 200 969 300 437 400
182 0 5 548 0 258 100 1102 200 201 300 647 400
183 0 5 1467 0 53 100 1077 200 23 300 283 400
184 0 5 1438 0 1262 100 1409 200 1232 300 1134 400
185 0 5 256 0 126 100 293 200 330 300 164 400
186 0 5 199 0 768 100 529 200 498 300 1393 400
187 0 5 1211 0 359 100 1244 200 175 300 1016 400
188 0 5 668 0 173 100 1500 200 1217 300 784 400
189 0 5 260 0 960 100 1477 200 396 300 1316 400
190 0 5 536 0 1011 100 98 200 56 300 1442 400
191 0 5 490 0 618 100 1466 200 210 300 1064 400
192 0 5 839 0 1307 100 1078 200 1162 300 25 400
193 0 5 925 0 305 100 1288 200 1411 300 856 400
194 0 5 755 0 278 100 1075 200 24 300 670 400
195 0 5 876 0 922 100 1032 200 983 300 18 400
196 0 5 1325 0 442 100 530 200 766 300 612 400
197 0 5 601 0 1058 100 121 200 739 300 380 400
198 0 5 1218 0 1005 100 1382 200 1215 300 834 400
199 0 5 860 0 186 100 1242 200 768 300 243 400
200 0 5 921 0 281 100 920 200 1348 300 1353 400
201 0 5 314 0 1102 100 182 200 258 300 893 400
202 0 5 493 0 657 100 675 200 255 300 631 400
203 0 5 1107 0 835 100 900 200 230 300 74 400
204 0 5 46 0 1422 100 1243 200 889 300 1336 400
205 0 5 452 0 27 100 685 200 1497 300 1192 400
206 0 5 635 0 533 100 171 200 227 300 688 400
207 0 5 1071 0 1156 100 615 200 9 300 984 400
208 0 5 555 0 469 100 454 200 1385 300 518 400
209 0 5 645 0 152 100 1086 200 1276 300 1470 400
210 0 5 1167 0 967 100 191 200 505 300 490 400
211 0 5 1188 0 1013 100 1378 200 1184 300 96 400
212 0 5 1149 0 1084 100 888 200 1232 300 375 400
213 0 5 1155 0 1229 100 391 200 496 300 961 400
214 0 5 934 0 252 100 31 200 981 300 1158 400
215 0 5 1120 0 1392 100 332 200 1256 300 1372 400
216 0 5 613 0 1426 100 491 200 1262 300 43 400
217 0 5 1393 0 629 100 878 200 1449 300 1172 400
218 0 5 1286 0 1213 100 1340 200 817 300 918 400
219 0 5 1016 0 1500 100 1244 200 44 300 271 400
220 0 5 1171 0 1061 100 1012 200 1273 300 1103 400
221 0 5 687 0 306 100 1210 200 528 300 1152 400
222 0 5 1433 0 909 100 1240 200 829 300 30 400
223 0 5 1411 0 970 100 1159 200 610 300 761 400
224 0 5 156 0 747 100 135 200 652 300 1424 400
225 0 5 1070 0 1424 100 755 200 24 300 1435 400
226 0 5 1010 0 704 100 844 200 32 300 300 400
227 0 5 433 0 88 100 635 200 623 300 1340 400
228 0 5 1356 0 486 100 233 200 163 300 318 400
229 0 5 762 0 289 100 1296 200 137 300 672 400
230 0 5 394 0 779 100 494 200 203 300 835 400
231 0 5 104 0 904 100 591 200 56 300 1064 400
232 0 5 871 0 1302 100 1315 200 1205 300 403 400
233 0 5 301 0 1179 100 1186 200 62 300 155 400
234 0 5 1287 0 562 100 134 200 167 300 491 400
235 0 5 277 0 72 100 1040 200 951 300 732 400
236 0 5 1376 0 145 100 492 200 1480 300 128 400
237 0 5 742 0 270 100 54 200 1048 300 296 400
238 0 5 524 0 1277 100 172 200 714 300 1191 400
239 0 5 941 0 879 100 671 200 1220 300 1478 400
240 0 5 1384 0 294 100 971 200 550 300 953 400
241 0 5 77 0 1339 100 1272 200 542 300 55 400
242 0 5 1316 0 554 100 429 200 1408 300 1421 400
243 0 5 1242 0 1226 100 880 200 428 300 1075 400
244 0 5 823 0 34 100 1060 200 547 300 442 400
245 0 5 1073 0 649 100 436 200 1305 300 907 400
246 0 5 664 0 253 100 794 200 140 300 772 400
247 0 5 1353 0 116 100 200 200 921 300 281 400
248 0 5 318 0 633 100 436 200 783 300 847 400
249 0 5 671 0 470 100 119 200 1478 300 900 400
250 0 5 1300 0 287 100 869 200 640 300 813 400
251 0 5 443 0 65 100 1284 200 875 300 1349 400
252 0 5 1158 0 214 100 1425 200 981 300 31 400
253 0 5 710 0 664 100 246 200 758 300 795 400
254 0 5 1144 0 73 100 267 200 458 300 1291 400
255 0 5 1104 0 493 100 1379 200 202 300 351 400
256 0 5 185 0 164 100 330 200 939 300 618 400
257 0 5 1009 0 1446 100 546 200 1413 300 1203 400
258 0 5 182 0 647 100 864 200 548 300 201 400
259 0 5 411 0 813 100 287 200 1227 300 819 400
260 0 5 189 0 960 100 833 200 1050 300 1316 400
261 0 5 331 0 1390 100 1343 200 1281 300 564 400
262 0 5 924 0 169 100 728 200 78 300 447 400
263 0 5 741 0 799 100 972 200 1043 300 926 400
264 0 5 955 0 355 100 1208 200 1429 300 561 400
265 0 5 510 0 653 100 290 200 1351 300 482 400
266 0 5 1033 0 159 100 944 200 531 300 747 400
267 0 5 703 0 567 100 458 200 254 300 84 400
268 0 5 736 0 352 100 454 200 989 300 1057 400
269 0 5 1433 0 280 100 1132 200 329 300 1332 400
270 0 5 237 0 296 100 742 200 54 300 1048 400
271 0 5 44 0 712 100 60 200 1450 300 370 400
272 0 5 1241 0 794 100 246 200 1357 300 758 400
273 0 5 850 0 113 100 1098 200 1193 300 1177 400
274 0 5 60 0 44 100 271 200 525 300 1450 400
275 0 5 1022 0 776 100 1055 200 410 300 8 400
276 0 5 1020 0 440 100 122 200 785 300 677 400
277 0 5 235 0 951 100 1040 200 852 300 1391 400
278 0 5 194 0 24 100 1223 200 670 300 747 400
279 0 5 1093 0 1508 100 1507 200 357 300 714 400
280 0 5 1492 0 269 100 596 200 1433 300 511 400
281 0 5 920 0 200 100 1381 200 965 300 1282 400
282 0 5 125 0 948 100 884 200 874 300 1067 400
283 0 5 1467 0 1209 100 53 200 787 300 882 400
284 0 5 1232 0 1094 100 43 200 1084 300 1262 400
285 0 5 1363 0 621 100 573 200 764 300 1029 400
286 0 5 523 0 1499 100 364 200 1265 300 1280 400
287 0 5 813 0 250 100 259 200 869 300 1300 400
288 0 5 849 0 43 100 1344 200 699 300 633 400
289 0 5 137 0 1296 100 229 200 163 300 960 400
290 0 5 624 0 265 100 367 200 482 300 14 400
291 0 5 836 0 839 100 439 200 740 300 620 400
292 0 5 643 0 560 100 502 200 1383 300 1437 400
293 0 5 126 0 1023 100 882 200 787 300 185 400
294 0 5 240 0 971 100 1456 200 1100 300 316 400
295 0 5 1148 0 59 100 1318 200 149 300 1149 400
296 0 5 1048 0 334 100 270 200 682 300 366 400
297 0 5 35 0 429 100 1400 200 302 300 786 400
298 0 5 526 0 1136 100 344 200 1222 300 1310 400
299 0 5 803 0 556 100 911 200 95 300 1043 400
300 0 5 844 0 1497 100 704 200 32 300 1085 400
301 0 5 1236 0 233 100 1179 200 161 300 402 400
302 0 5 786 0 968 100 28 200 1400 300 1501 400
303 0 5 1472 0 626 100 1161 200 867 300 718 400
304 0 5 733 0 792 100 428 200 796 300 781 400
305 0 5 326 0 409 100 477 200 193 300 1451 400
306 0 5 221 0 587 100 528 200 1210 300 444 400
307 0 5 691 0 760 100 845 200 978 300 41 400
308 0 5 1334 0 1128 100 1196 200 1198 300 1174 400
309 0 5 1031 0 808 100 1145 200 1276 300 209 400
310 0 5 1197 0 790 100 1029 200 906 300 655 400
311 0 5 1417 0 579 100 1129 200 738 300 1273 400
312 0 5 885 0 685 100 336 200 1251 300 1125 400
313 0 5 1109 0 111 100 620 200 634 300 1140 400
314 0 5 201 0 893 100 258 200 182 300 123 400
315 0 5 91 0 1341 100 839 200 131 300 651 400
316 0 5 478 0 958 100 150 200 1456 300 294 400
317 0 5 1401 0 1489 100 952 200 1082 300 809 400
318 0 5 248 0 633 100 1186 200 699 300 161 400
319 0 5 451 0 1234 100 606 200 615 300 1293 400
320 0 5 51 0 363 100 1090 200 635 300 539 400
321 0 5 1443 0 588 100 705 200 812 300 1175 400
322 0 5 837 0 1326 100 938 200 727 300 147 400
323 0 5 14 0 1375 100 1139 200 510 300 1476 400
324 0 5 1067 0 650 100 1394 200 1486 300 125 400
325 0 5 1105 0 1282 100 826 200 985 300 926 400
326 0 5 305 0 409 100 956 200 674 300 162 400
327 0 5 855 0 690 100 764 200 383 300 407 400
328 0 5 173 0 734 100 561 200 359 300 863 400
329 0 5 1332 0 108 100 1132 200 269 300 909 400
330 0 5 58 0 1444 100 256 200 450 300 945 400
331 0 5 261 0 1135 100 1343 200 1250 300 20 400
332 0 5 1245 0 1372 100 215 200 574 300 1256 400
333 0 5 139 0 1296 100 137 200 999 300 1441 400
334 0 5 366 0 296 100 583 200 270 300 779 400
335 0 5 388 0 770 100 1095 200 1280 300 472 400
336 0 5 885 0 1125 100 312 200 440 300 982 400
337 0 5 800 0 612 100 766 200 399 300 1460 400
338 0 5 1408 0 132 100 130 200 429 300 833 400
339 0 5 1122 0 116 100 1353 200 247 300 985 400
340 0 5 1063 0 87 100 943 200 614 300 1146 400
341 0 5 656 0 534 100 802 200 901 300 1051 400
342 0 5 1141 0 862 100 853 200 1388 300 1042 400
343 0 5 938 0 897 100 1087 200 1326 300 702 400
344 0 5 746 0 725 100 1292 200 769 300 1136 400
345 0 5 17 0 397 100 669 200 172 300 1133 400
346 0 5 745 0 1216 100 1150 200 349 300 726 400
347 0 5 376 0 1290 100 446 200 1056 300 861 400
348 0 5 973 0 906 100 912 200 1137 300 790 400
349 0 5 1216 0 1284 100 605 200 346 300 1430 400
350 0 5 975 0 115 100 1172 200 860 300 110 400
351 0 5 609 0 627 100 584 200 378 300 255 400
352 0 5 268 0 1066 100 989 200 2 300 1057 400
353 0 5 543 0 1397 100 1017 200 639 300 581 400
354 0 5 15 0 569 100 77 200 566 300 1255 400
355 0 5 264 0 1074 100 1429 200 1208 300 715 400
356 0 5 1165 0 1057 100 170 200 1294 300 1220 400
357 0 5 714 0 279 100 172 200 735 300 669 400
358 0 5 1160 0 600 100 1456 200 654 300 1309 400
359 0 5 1244 0 187 100 561 200 175 300 328 400
360 0 5 1484 0 1427 100 420 200 1491 300 1203 400
361 0 5 1416 0 1487 100 1215 200 1172 300 752 400
362 0 5 608 0 499 100 531 200 944 300 1132 400
363 0 5 320 0 539 100 51 200 635 300 533 400
364 0 5 1495 0 892 100 1215 200 286 300 94 400
365 0 5 1012 0 148 100 1061 200 434 300 994 400
366 0 5 334 0 583 100 682 200 1418 300 296 400
367 0 5 623 0 482 100 448 200 88 300 290 400
368 0 5 1451 0 385 100 1231 200 726 300 409 400
369 0 5 438 0 466 100 912 200 1252 300 790 400
370 0 5 431 0 1271 100 1494 200 456 300 271 400
371 0 5 398 0 1304 100 801 200 1462 300 1035 400
372 0 5 421 0 1370 100 470 200 676 300 862 400
373 0 5 1228 0 883 100 374 200 21 300 1436 400
374 0 5 1228 0 883 100 373 200 959 300 1436 400
375 0 5 1318 0 888 100 841 200 706 300 212 400
376 0 5 347 0 497 100 1056 200 1443 300 857 400
377 0 5 142 0 674 100 174 200 811 300 1423 400
378 0 5 627 0 1021 100 657 200 351 300 631 400
379 0 5 1181 0 1486 100 476 200 650 300 455 400
380 0 5 996 0 601 100 937 200 1130 300 1058 400
381 0 5 146 0 145 100 395 200 956 300 674 400
382 0 5 1217 0 1447 100 597 200 1500 300 1331 400
383 0 5 407 0 764 100 573 200 621 300 327 400
384 0 5 681 0 1380 100 1330 200 1065 300 1229 400
385 0 5 726 0 368 100 1451 200 745 300 1231 400
386 0 5 810 0 1027 100 500 200 414 300 432 400
387 0 5 1116 0 1157 100 489 200 619 300 602 400
388 0 5 335 0 1095 100 1280 200 1265 300 513 400
389 0 5 788 0 1465 100 708 200 25 300 851 400
390 0 5 604 0 504 100 780 200 67 300 1452 400
391 0 5 961 0 496 100 213 200 1229 300 750 400
392 0 5 489 0 602 100 853 200 1176 300 622 400
393 0 5 1347 0 141 100 148 200 521 300 575 400
394 0 5 74 0 230 100 1107 200 203 300 990 400
395 0 5 146 0 1471 100 381 200 145 300 406 400
396 0 5 644 0 809 100 62 200 418 300 189 400
397 0 5 345 0 63 100 101 200 669 300 468 400
398 0 5 371 0 1202 100 1304 200 1035 300 1462 400
399 0 5 753 0 1044 100 800 200 337 300 45 400
400 0 5 841 0 1432 100 769 200 1292 300 375 400
401 0 5 1398 0 1113 100 666 200 1041 300 589 400
402 0 5 1089 0 1094 100 301 200 102 300 1101 400
403 0 5 1315 0 1302 100 578 200 865 300 467 400
404 0 5 856 0 925 100 1212 200 109 300 1430 400
405 0 5 1025 0 1501 100 1062 200 1400 300 302 400
406 0 5 162 0 143 100 395 200 49 300 1471 400
407 0 5 724 0 383 100 327 200 285 300 621 400
408 0 5 1122 0 717 100 1353 200 1253 300 116 400
409 0 5 326 0 305 100 477 200 1451 300 1496 400
410 0 5 1468 0 1041 100 776 200 1113 300 987 400
411 0 5 259 0 1227 100 813 200 613 300 177 400
412 0 5 435 0 1368 100 1336 200 134 300 167 400
413 0 5 507 0 419 100 475 200 1206 300 1233 400
414 0 5 810 0 743 100 386 200 1027 300 432 400
415 0 5 1109 0 1445 100 1414 200 733 300 1140 400
416 0 5 1359 0 1460 100 1453 200 1006 300 1396 400
417 0 5 791 0 898 100 1183 200 1198 300 969 400
418 0 5 644 0 68 100 976 200 809 300 84 400
419 0 5 475 0 413 100 603 200 51 300 1206 400
420 0 5 1327 0 55 100 360 200 804 300 449 400
421 0 5 372 0 676 100 862 200 470 300 1370 400
422 0 5 1402 0 928 100 70 200 1153 300 1230 400
423 0 5 1355 0 1338 100 1045 200 673 300 584 400
424 0 5 1298 0 1218 100 1382 200 923 300 198 400
425 0 5 1314 0 917 100 138 200 1285 300 519 400
426 0 5 1458 0 1098 100 673 200 1193 300 1278 400
427 0 5 1010 0 72 100 704 200 844 300 226 400
428 0 5 796 0 880 100 517 200 1075 300 304 400
429 0 5 297 0 132 100 242 200 1080 300 554 400
430 0 5 1282 0 920 100 843 200 1248 300 441 400
431 0 5 456 0 370 100 1440 200 1081 300 1281 400
432 0 5 693 0 1479 100 688 200 500 300 1027 400
433 0 5 1340 0 227 100 1213 200 153 300 918 400
434 0 5 480 0 1103 100 1012 200 365 300 157 400
435 0 5 412 0 529 100 1368 200 577 300 572 400
436 0 5 847 0 633 100 1305 200 248 300 245 400
437 0 5 898 0 1050 100 833 200 820 300 181 400
438 0 5 369 0 1252 100 912 200 466 300 1092 400
439 0 5 740 0 10 100 997 200 291 300 620 400
440 0 5 677 0 276 100 336 200 885 300 785 400
441 0 5 932 0 596 100 1248 200 430 300 1308 400
442 0 5 612 0 196 100 1325 200 914 300 244 400
443 0 5 962 0 251 100 1284 200 875 300 65 400
444 0 5 887 0 90 100 528 200 815 300 587 400
445 0 5 1343 0 598 100 544 200 563 300 712 400
446 0 5 158 0 1297 100 1423 200 347 300 1038 400
447 0 5 877 0 728 100 169 200 63 300 1191 400
448 0 5 602 0 367 100 1116 200 473 300 623 400
449 0 5 1272 0 55 100 1369 200 481 300 1427 400
450 0 5 1131 0 700 100 330 200 100 300 1361 400
451 0 5 319 0 606 100 684 200 1234 300 615 400
452 0 5 1192 0 205 100 1497 200 713 300 737 400
453 0 5 585 0 1166 100 45 200 1371 300 1354 400
454 0 5 518 0 736 100 555 200 1385 300 208 400
455 0 5 923 0 1486 100 1487 200 1298 300 379 400
456 0 5 431 0 66 100 1440 200 370 300 1281 400
457 0 5 646 0 907 100 1305 200 1073 300 139 400
458 0 5 1461 0 1239 100 267 200 567 300 254 400
459 0 5 471 0 1397 100 792 200 551 300 353 400
460 0 5 545 0 896 100 1185 200 483 300 487 400
461 0 5 1415 0 689 100 970 200 994 300 1270 400
462 0 5 1141 0 1176 100 853 200 342 300 1042 400
463 0 5 929 0 1113 100 1274 200 1114 300 80 400
464 0 5 1007 0 1464 100 1353 200 826 300 1253 400
465 0 5 814 0 1485 100 917 200 1483 300 506 400
466 0 5 1178 0 369 100 438 200 495 300 490 400
467 0 5 821 0 578 100 765 200 403 300 865 400
468 0 5 698 0 63 100 397 200 17 300 1237 400
469 0 5 1106 0 208 100 1042 200 119 300 555 400
470 0 5 1370 0 249 100 119 200 900 300 372 400
471 0 5 459 0 894 100 131 200 639 300 91 400
472 0 5 1126 0 999 100 1114 200 474 300 335 400
473 0 5 1268 0 757 100 622 200 624 300 448 400
474 0 5 1114 0 1274 100 999 200 1434 300 472 400
475 0 5 419 0 603 100 481 200 413 300 1151 400
476 0 5 650 0 379 100 1181 200 125 300 1486 400
477 0 5 1496 0 409 100 305 200 109 300 1430 400
478 0 5 316 0 535 100 953 200 294 300 150 400
479 0 5 1278 0 1324 100 165 200 1338 300 1455 400
480 0 5 1469 0 434 100 1212 200 1289 300 1103 400
481 0 5 1427 0 475 100 603 200 1151 300 449 400
482 0 5 623 0 367 100 1351 200 290 300 653 400
483 0 5 487 0 545 100 1366 200 460 300 1425 400
484 0 5 1377 0 100 100 1064 200 1131 300 1466 400
485 0 5 551 0 543 100 517 200 304 300 792 400
486 0 5 163 0 228 100 1356 200 62 300 155 400
487 0 5 483 0 149 100 545 200 743 300 460 400
488 0 5 1236 0 1101 100 1457 200 1406 300 155 400
489 0 5 392 0 853 100 619 200 387 300 1388 400
490 0 5 191 0 1173 100 505 200 1118 300 1178 400
491 0 5 696 0 177 100 1426 200 234 300 216 400
492 0 5 1471 0 1036 100 12 200 830 300 807 400
493 0 5 202 0 255 100 1104 200 657 300 675 400
494 0 5 835 0 1189 100 230 200 203 300 50 400
495 0 5 1197 0 790 100 466 200 1178 300 912 400
496 0 5 1373 0 391 100 144 200 961 300 213 400
497 0 5 857 0 376 100 1056 200 705 300 1478 400
498 0 5 1172 0 860 100 186 200 115 300 110 400
499 0 5 362 0 531 100 944 200 608 300 10 400
500 0 5 1027 0 386 100 1479 200 432 300 754 400
501 0 5 517 0 1226 100 768 200 577 300 529 400
502 0 5 637 0 560 100 1437 200 1383 300 292 400
503 0 5 767 0 1310 100 1046 200 526 300 716 400
504 0 5 99 0 390 100 1404 200 617 300 604 400
505 0 5 1092 0 967 100 490 200 210 300 438 400
506 0 5 1453 0 1396 100 1006 200 416 300 814 400
507 0 5 413 0 1233 100 1151 200 1203 300 475 400
508 0 5 1224 0 825 100 1295 200 1235 300 600 400
509 0 5 789 0 1485 100 590 200 758 300 1483 400
510 0 5 265 0 31 100 1375 200 14 300 653 400
511 0 5 1008 0 1410 100 932 200 596 300 120 400
512 0 5 1386 0 1285 100 1483 200 1314 300 570 400
513 0 5 1265 0 388 100 1095 200 1126 300 1311 400
514 0 5 1329 0 806 100 1335 200 26 300 616 400
515 0 5 727 0 837 100 552 200 128 300 1480 400
516 0 5 782 0 940 100 1153 200 690 300 123 400
517 0 5 501 0 428 100 485 200 577 300 778 400
518 0 5 454 0 1385 100 555 200 736 300 208 400
519 0 5 1190 0 138 100 1314 200 1285 300 851 400
520 0 5 1428 0 964 100 1159 200 1230 300 1018 400
521 0 5 575 0 1347 100 393 200 522 300 1482 400
522 0 5 1482 0 575 100 548 200 521 300 994 400
523 0 5 286 0 638 100 1265 200 1280 300 892 400
524 0 5 238 0 714 100 1277 200 1247 300 127 400
525 0 5 597 0 632 100 1358 200 60 300 998 400
526 0 5 298 0 1222 100 716 200 769 300 503 400
527 0 5 1254 0 122 100 38 200 1354 300 1163 400
528 0 5 887 0 1152 100 444 200 306 300 221 400
529 0 5 768 0 1393 100 435 200 186 300 501 400
530 0 5 766 0 846 100 196 200 1354 300 612 400
531 0 5 159 0 362 100 499 200 608 300 944 400
532 0 5 1117 0 1037 100 92 200 638 300 1449 400
533 0 5 688 0 539 100 206 200 171 300 363 400
534 0 5 341 0 1147 100 656 200 802 300 901 400
535 0 5 21 0 150 100 1436 200 478 300 883 400
536 0 5 190 0 56 100 1442 200 904 300 1011 400
537 0 5 1439 0 605 100 54 200 1284 300 349 400
538 0 5 1492 0 1323 100 1008 200 1200 300 1364 400
539 0 5 363 0 533 100 693 200 320 300 688 400
540 0 5 1111 0 1017 100 541 200 1146 300 819 400
541 0 5 1111 0 1287 100 540 200 177 300 1017 400
542 0 5 1255 0 771 100 1339 200 79 300 241 400
543 0 5 778 0 485 100 353 200 581 300 551 400
544 0 5 598 0 712 100 563 200 445 300 1016 400
545 0 5 460 0 483 100 1366 200 487 300 1185 400
546 0 5 1413 0 845 100 257 200 1491 300 574 400
547 0 5 34 0 76 100 1313 200 244 300 664 400
548 0 5 182 0 1482 100 647 200 522 300 258 400
549 0 5 1335 0 979 100 589 200 576 300 1030 400
550 0 5 178 0 827 100 1384 200 729 300 240 400
551 0 5 485 0 1397 100 543 200 459 300 353 400
552 0 5 6 0 837 100 515 200 1380 300 322 400
553 0 5 815 0 722 100 724 200 90 300 695 400
554 0 5 80 0 242 100 1398 200 429 300 35 400
555 0 5 208 0 1385 100 454 200 518 300 1042 400
556 0 5 154 0 299 100 803 200 1350 300 1301 400
557 0 5 942 0 692 100 822 200 1249 300 1199 400
558 0 5 1334 0 1267 100 1431 200 1062 300 36 400
559 0 5 1502 0 1 100 1495 200 1005 300 1499 400
560 0 5 292 0 697 100 502 200 1383 300 643 400
561 0 5 1429 0 175 100 359 200 328 300 264 400
562 0 5 134 0 1053 100 1287 200 234 300 541 400
563 0 5 66 0 712 100 544 200 598 300 1281 400
564 0 5 1016 0 1343 100 1004 200 816 300 445 400
565 0 5 935 0 1081 100 1440 200 1088 300 1281 400
566 0 5 569 0 846 100 1251 200 15 300 354 400
567 0 5 267 0 1401 100 458 200 1461 300 1185 400
568 0 5 147 0 98 100 1011 200 938 300 694 400
569 0 5 354 0 566 100 846 200 15 300 530 400
570 0 5 590 0 659 100 1241 200 112 300 1386 400
571 0 5 1382 0 1506 100 1507 200 930 300 1219 400
572 0 5 577 0 1053 100 778 200 581 300 435 400
573 0 5 621 0 285 100 764 200 383 300 327 400
574 0 5 1245 0 1484 100 1491 200 1372 300 332 400
575 0 5 521 0 522 100 1482 200 1347 300 393 400
576 0 5 979 0 966 100 549 200 945 300 589 400
577 0 5 572 0 435 100 517 200 501 300 412 400
578 0 5 993 0 467 100 1315 200 403 300 865 400
579 0 5 1129 0 311 100 1417 200 1273 300 738 400
580 0 5 151 0 1019 100 78 200 924 300 1034 400
581 0 5 1053 0 778 100 572 200 543 300 353 400
582 0 5 662 0 614 100 1300 200 767 300 869 400
583 0 5 779 0 366 100 334 200 682 300 296 400
584 0 5 627 0 709 100 351 200 609 300 673 400
585 0 5 453 0 719 100 45 200 1166 300 927 400
586 0 5 1159 0 689 100 1230 200 970 300 759 400
587 0 5 695 0 90 100 306 200 348 300 444 400
588 0 5 321 0 1175 100 1443 200 4 300 377 400
589 0 5 26 0 549 100 1335 200 1041 300 576 400
590 0 5 570 0 1483 100 1241 200 509 300 789 400
591 0 5 1118 0 904 100 231 200 104 300 1178 400
592 0 5 986 0 1312 100 1255 200 244 300 1292 400
593 0 5 1068 0 838 100 831 200 731 300 949 400
594 0 5 910 0 1212 100 157 200 1047 300 1430 400
595 0 5 1014 0 1339 100 771 200 241 300 1272 400
596 0 5 1308 0 441 100 280 200 511 300 1433 400
597 0 5 1447 0 525 100 382 200 998 300 60 400
598 0 5 544 0 445 100 563 200 1343 300 712 400
599 0 5 854 0 1391 100 1201 200 122 300 1473 400
600 0 5 1309 0 358 100 1224 200 1138 300 654 400
601 0 5 197 0 1058 100 380 200 121 300 1162 400
602 0 5 448 0 392 100 1116 200 387 300 489 400
603 0 5 475 0 419 100 481 200 1369 300 51 400
604 0 5 67 0 390 100 99 200 504 300 118 400
605 0 5 537 0 54 100 349 200 1284 300 1216 400
606 0 5 451 0 684 100 1269 200 1234 300 1271 400
607 0 5 1312 0 751 100 1054 200 79 300 771 400
608 0 5 362 0 1132 100 739 200 499 300 531 400
609 0 5 351 0 709 100 584 200 1202 300 1379 400
610 0 5 761 0 970 100 223 200 925 300 1411 400
611 0 5 1155 0 1198 100 791 200 1183 300 417 400
612 0 5 442 0 337 100 766 200 196 300 530 400
613 0 5 216 0 1262 100 1227 200 411 300 1426 400
614 0 5 640 0 582 100 1300 200 340 300 943 400
615 0 5 1234 0 207 100 1358 200 984 300 1293 400
616 0 5 1133 0 806 100 101 200 345 300 17 400
617 0 5 37 0 1463 100 1157 200 1452 300 1119 400
618 0 5 1466 0 939 100 191 200 700 300 256 400
619 0 5 1388 0 37 100 1157 200 489 300 387 400
620 0 5 634 0 111 100 997 200 313 300 291 400
621 0 5 573 0 285 100 383 200 764 300 407 400
622 0 5 1268 0 1176 100 473 200 392 300 462 400
623 0 5 482 0 88 100 367 200 227 300 448 400
624 0 5 93 0 757 100 290 200 473 300 14 400
625 0 5 1506 0 1505 100 127 200 19 300 955 400
626 0 5 828 0 303 100 867 200 718 300 1079 400
627 0 5 378 0 584 100 351 200 95 300 1021 400
628 0 5 1156 0 870 100 9 200 81 300 1071 400
629 0 5 217 0 895 100 878 200 1037 300 1449 400
630 0 5 1153 0 655 100 1367 200 1197 300 310 400
631 0 5 1321 0 657 100 972 200 378 300 1021 400
632 0 5 998 0 1358 100 525 200 597 300 984 400
633 0 5 248 0 436 100 318 200 1342 300 699 400
634 0 5 997 0 620 100 944 200 313 300 499 400
635 0 5 206 0 227 100 1090 200 320 300 363 400
636 0 5 812 0 989 100 1294 200 170 300 1057 400
637 0 5 502 0 1283 100 1205 200 232 300 560 400
638 0 5 92 0 523 100 1280 200 532 300 1037 400
639 0 5 950 0 1083 100 353 200 894 300 1013 400
640 0 5 869 0 614 100 250 200 1300 300 943 400
641 0 5 1454 0 1299 100 152 200 863 300 1258 400
642 0 5 718 0 1139 100 2 200 1079 300 303 400
643 0 5 292 0 1184 100 96 200 1383 300 1013 400
644 0 5 418 0 396 100 809 200 976 300 84 400
645 0 5 209 0 1051 100 756 200 1470 300 656 400
646 0 5 457 0 168 100 907 200 139 300 1032 400
647 0 5 1395 0 258 100 548 200 759 300 1482 400
648 0 5 1207 0 879 100 1478 200 857 300 239 400
649 0 5 245 0 1342 100 1032 200 436 300 907 400
650 0 5 476 0 324 100 1486 200 379 300 125 400
651 0 5 131 0 733 100 792 200 1490 300 315 400
652 0 5 135 0 1039 100 913 200 224 300 1099 400
653 0 5 1351 0 265 100 482 200 510 300 872 400
654 0 5 1204 0 1138 100 358 200 1456 300 600 400
655 0 5 630 0 940 100 764 200 310 300 1029 400
656 0 5 341 0 802 100 1051 200 645 300 534 400
657 0 5 202 0 675 100 631 200 378 300 493 400
658 0 5 1140 0 954 100 1223 200 944 300 1246 400
659 0 5 1195 0 570 100 1241 200 1357 300 818 400
660 0 5 971 0 1100 100 1333 200 953 300 294 400
661 0 5 42 0 67 100 780 200 390 300 50 400
662 0 5 582 0 868 100 767 200 614 300 1046 400
663 0 5 723 0 777 100 1369 200 1474 300 1014 400
664 0 5 253 0 246 100 1313 200 547 300 710 400
665 0 5 101 0 957 100 1237 200 1260 300 1030 400
666 0 5 1398 0 35 100 786 200 966 300 28 400
667 0 5 144 0 867 100 828 200 1079 300 961 400
668 0 5 188 0 1217 100 784 200 748 300 173 400
669 0 5 172 0 345 100 17 200 397 300 238 400
670 0 5 781 0 1223 100 1075 200 278 300 796 400
671 0 5 249 0 1478 100 239 200 469 300 941 400
672 0 5 1434 0 762 100 1421 200 474 300 832 400
673 0 5 1355 0 1458 100 426 200 584 300 1278 400
674 0 5 174 0 956 100 377 200 146 300 326 400
675 0 5 1170 0 657 100 202 200 631 300 493 400
676 0 5 780 0 421 100 1452 200 372 300 862 400
677 0 5 440 0 885 100 336 200 1192 300 785 400
678 0 5 73 0 820 100 886 200 1291 300 1477 400
679 0 5 754 0 683 100 777 200 1054 300 1479 400
680 0 5 1337 0 922 100 92 200 983 300 1117 400
681 0 5 384 0 1229 100 1330 200 961 300 1065 400
682 0 5 1306 0 1290 100 366 200 779 300 1418 400
683 0 5 679 0 1054 100 751 200 1000 300 777 400
684 0 5 1269 0 931 100 606 200 451 300 319 400
685 0 5 1076 0 312 100 205 200 27 300 1407 400
686 0 5 781 0 733 100 1246 200 1223 300 1445 400
687 0 5 947 0 221 100 1210 200 178 300 729 400
688 0 5 533 0 432 100 171 200 693 300 1123 400
689 0 5 586 0 461 100 1415 200 970 300 759 400
690 0 5 940 0 327 100 764 200 893 300 516 400
691 0 5 307 0 845 100 1015 200 760 300 332 400
692 0 5 557 0 1283 100 798 200 822 300 1205 400
693 0 5 432 0 1479 100 539 200 688 300 533 400
694 0 5 727 0 147 100 1480 200 12 300 830 400
695 0 5 587 0 90 100 1319 200 722 300 348 400
696 0 5 46 0 491 100 177 200 234 300 1426 400
697 0 5 865 0 560 100 1302 200 292 300 643 400
698 0 5 468 0 959 100 63 200 1034 300 1237 400
699 0 5 318 0 1344 100 1186 200 161 300 847 400
700 0 5 164 0 450 100 618 200 1466 300 1026 400
701 0 5 64 0 1460 100 337 200 1115 300 416 400
702 0 5 1087 0 1174 100 897 200 899 300 1326 400
703 0 5 267 0 84 100 73 200 886 300 1477 400
704 0 5 32 0 226 100 300 200 844 300 852 400
705 0 5 857 0 812 100 321 200 497 300 376 400
706 0 5 1409 0 888 100 841 200 375 300 1084 400
707 0 5 52 0 1108 100 1214 200 86 300 114 400
708 0 5 821 0 765 100 389 200 1307 300 25 400
709 0 5 609 0 1202 100 584 200 1458 300 627 400
710 0 5 57 0 253 100 758 200 795 300 664 400
711 0 5 47 0 1333 100 949 200 827 300 831 400
712 0 5 544 0 563 100 271 200 445 300 598 400
713 0 5 737 0 854 100 1192 200 1497 300 452 400
714 0 5 357 0 524 100 238 200 172 300 127 400
715 0 5 355 0 117 100 1074 200 264 300 169 400
716 0 5 1222 0 1194 100 71 200 526 300 503 400
717 0 5 408 0 1253 100 1007 200 1464 300 921 400
718 0 5 2 0 1225 100 642 200 1472 300 626 400
719 0 5 1110 0 1044 100 585 200 45 300 399 400
720 0 5 948 0 1435 100 61 200 165 300 136 400
721 0 5 1304 0 1512 100 801 200 930 300 1399 400
722 0 5 553 0 1319 100 1419 200 695 300 724 400
723 0 5 1474 0 663 100 1014 200 1272 300 1369 400
724 0 5 407 0 933 100 1279 200 553 300 722 400
725 0 5 344 0 1292 100 39 200 746 300 76 400
726 0 5 385 0 1231 100 742 200 745 300 368 400
727 0 5 694 0 837 100 515 200 322 300 147 400
728 0 5 1034 0 447 100 262 200 78 300 63 400
729 0 5 1384 0 947 100 550 200 1204 300 1002 400
730 0 5 832 0 960 100 1316 200 1421 300 672 400
731 0 5 1068 0 1051 100 593 200 870 300 645 400
732 0 5 1040 0 951 100 1473 200 72 300 1201 400
733 0 5 304 0 686 100 651 200 1445 300 792 400
734 0 5 863 0 328 100 169 200 715 300 117 400
735 0 5 127 0 1504 100 1505 200 625 300 13 400
736 0 5 454 0 268 100 93 200 518 300 757 400
737 0 5 713 0 785 100 1192 200 854 300 677 400
738 0 5 1273 0 1129 100 873 200 962 300 1171 400
739 0 5 121 0 10 100 1058 200 608 300 499 400
740 0 5 439 0 1162 100 291 200 10 300 839 400
741 0 5 263 0 911 100 972 200 1043 300 1321 400
742 0 5 237 0 270 100 726 200 1231 300 1418 400
743 0 5 414 0 149 100 810 200 59 300 487 400
744 0 5 1324 0 915 100 1350 200 1455 300 1338 400
745 0 5 346 0 1150 100 726 200 385 300 1496 400
746 0 5 344 0 1069 100 76 200 133 300 725 400
747 0 5 1033 0 224 100 278 200 156 300 135 400
748 0 5 1331 0 784 100 1217 200 1147 300 382 400
749 0 5 842 0 1121 100 1448 200 899 300 1377 400
750 0 5 1291 0 1373 100 1183 200 496 300 820 400
751 0 5 1000 0 607 100 683 200 1054 300 1312 400
752 0 5 1487 0 1218 100 1215 200 424 300 198 400
753 0 5 399 0 800 100 45 200 1044 300 337 400
754 0 5 679 0 1479 100 683 200 500 300 1027 400
755 0 5 194 0 1070 100 225 200 1075 300 1242 400
756 0 5 1169 0 1470 100 1051 200 645 300 1068 400
757 0 5 93 0 624 100 473 200 454 300 518 400
758 0 5 789 0 1359 100 57 200 1241 300 710 400
759 0 5 1395 0 1405 100 647 200 1230 300 689 400
760 0 5 978 0 307 100 845 200 1028 300 691 400
761 0 5 1289 0 610 100 970 200 223 300 461 400
762 0 5 229 0 672 100 139 200 1296 300 289 400
763 0 5 1432 0 1000 100 1365 200 400 300 841 400
764 0 5 383 0 573 100 327 200 690 300 655 400
765 0 5 708 0 1307 100 821 200 467 300 578 400
766 0 5 530 0 612 100 337 200 196 300 1354 400
767 0 5 503 0 662 100 582 200 868 300 1199 400
768 0 5 1226 0 529 100 186 200 501 300 199 400
769 0 5 1292 0 1134 100 344 200 1438 300 400 400
770 0 5 168 0 335 100 388 200 876 300 1032 400
771 0 5 1339 0 79 100 1014 200 542 300 595 400
772 0 5 1096 0 76 100 1069 200 246 300 746 400
773 0 5 127 0 1074 100 1247 200 117 300 524 400
774 0 5 902 0 1309 100 97 200 358 300 1160 400
775 0 5 1110 0 1006 100 1044 200 416 300 45 400
776 0 5 275 0 410 100 8 200 987 300 1468 400
777 0 5 1369 0 663 100 679 200 683 300 1054 400
778 0 5 543 0 581 100 572 200 577 300 517 400
779 0 5 583 0 230 100 682 200 1306 300 334 400
780 0 5 676 0 390 100 1452 200 50 300 661 400
781 0 5 670 0 796 100 686 200 304 300 1075 400
782 0 5 123 0 516 100 1153 200 864 300 1405 400
783 0 5 1403 0 847 100 1305 200 248 300 436 400
784 0 5 748 0 668 100 1299 200 173 300 1217 400
785 0 5 122 0 737 100 276 200 440 300 677 400
786 0 5 28 0 302 100 666 200 297 300 1501 400
787 0 5 1023 0 882 100 293 200 939 300 283 400
788 0 5 389 0 25 100 1078 200 1465 300 708 400
789 0 5 509 0 758 100 1485 200 1396 300 590 400
790 0 5 912 0 310 100 495 200 906 300 348 400
791 0 5 1198 0 1183 100 417 200 611 300 898 400
792 0 5 304 0 651 100 131 200 459 300 733 400
793 0 5 858 0 1392 100 974 200 27 300 859 400
794 0 5 272 0 246 100 942 200 140 300 1199 400
795 0 5 1313 0 914 100 1115 200 710 300 253 400
796 0 5 781 0 428 100 1075 200 304 300 880 400
797 0 5 16 0 1352 100 827 200 86 300 52 400
798 0 5 112 0 692 100 1205 200 1283 300 570 400
799 0 5 926 0 263 100 1412 200 972 300 1321 400
800 0 5 337 0 753 100 399 200 45 300 766 400
801 0 5 1462 0 721 100 1304 200 371 300 22 400
802 0 5 81 0 656 100 870 200 9 300 1051 400
803 0 5 299 0 556 100 1301 200 1043 300 1350 400
804 0 5 1076 0 1407 100 420 200 891 300 685 400
805 0 5 1166 0 927 100 3 200 38 300 1371 400
806 0 5 514 0 616 100 1360 200 1133 300 1329 400
807 0 5 988 0 89 100 830 200 1036 300 492 400
808 0 5 953 0 309 100 1145 200 478 300 1333 400
809 0 5 1489 0 976 100 396 200 317 300 62 400
810 0 5 386 0 414 100 1027 200 743 300 500 400
811 0 5 4 0 174 100 377 200 588 300 674 400
812 0 5 705 0 636 100 857 200 321 300 1175 400
813 0 5 287 0 259 100 869 200 250 300 1227 400
814 0 5 1396 0 465 100 1485 200 506 300 789 400
815 0 5 553 0 887 100 1214 200 90 300 444 400
816 0 5 905 0 1257 100 955 200 1250 300 19 400
817 0 5 153 0 916 100 1286 200 1233 300 1340 400
818 0 5 1357 0 1249 100 1195 200 659 300 942 400
819 0 5 1146 0 177 100 1227 200 943 300 869 400
820 0 5 678 0 1291 100 437 200 898 300 1183 400
821 0 5 708 0 467 100 765 200 919 300 578 400
822 0 5 1437 0 1046 100 692 200 868 300 557 400
823 0 5 39 0 244 100 34 200 986 300 725 400
824 0 5 968 0 36 100 1026 200 302 300 1501 400
825 0 5 1235 0 508 100 1295 200 912 300 1224 400
826 0 5 1412 0 106 100 1464 200 325 300 464 400
827 0 5 1352 0 550 100 711 200 1333 300 797 400
828 0 5 626 0 867 100 667 200 1079 300 303 400
829 0 5 1381 0 1240 100 965 200 909 300 222 400
830 0 5 12 0 1018 100 807 200 694 300 492 400
831 0 5 838 0 593 100 949 200 52 300 711 400
832 0 5 1421 0 730 100 1316 200 960 300 672 400
833 0 5 130 0 1050 100 437 200 260 300 181 400
834 0 5 1215 0 1005 100 198 200 1495 300 752 400
835 0 5 494 0 203 100 1189 200 230 300 900 400
836 0 5 291 0 111 100 1414 200 1490 300 315 400
837 0 5 727 0 322 100 552 200 515 300 147 400
838 0 5 1108 0 831 100 593 200 707 300 731 400
839 0 5 192 0 291 100 315 200 1490 300 740 400
840 0 5 1022 0 180 100 1360 200 908 300 8 400
841 0 5 400 0 706 100 375 200 1409 300 888 400
842 0 5 1448 0 749 100 1377 200 1121 300 100 400
843 0 5 1248 0 866 100 430 200 926 300 1043 400
844 0 5 300 0 226 100 32 200 1010 300 704 400
845 0 5 546 0 691 100 760 200 307 300 257 400
846 0 5 566 0 530 100 982 200 1251 300 1354 400
847 0 5 783 0 436 100 1305 200 699 300 248 400
848 0 5 1362 0 160 100 1463 200 129 300 617 400
849 0 5 1344 0 288 100 43 200 699 300 318 400
850 0 5 273 0 1346 100 113 200 1177 300 1462 400
851 0 5 138 0 40 100 1465 200 519 300 1190 400
852 0 5 1391 0 32 100 277 200 72 300 951 400
853 0 5 489 0 392 100 1141 200 1176 300 342 400
854 0 5 599 0 713 100 1391 200 737 300 122 400
855 0 5 1127 0 327 100 893 200 1102 300 201 400
856 0 5 404 0 109 100 925 200 1212 300 1430 400
857 0 5 497 0 705 100 812 200 376 300 879 400
858 0 5 793 0 82 100 27 200 859 300 1392 400
859 0 5 1015 0 1085 100 82 200 858 300 793 400
860 0 5 199 0 110 100 498 200 1394 300 115 400
861 0 5 1056 0 1387 100 990 200 347 300 1290 400
862 0 5 342 0 1388 100 1042 200 119 300 421 400
863 0 5 1454 0 734 100 173 200 641 300 328 400
864 0 5 1405 0 258 100 123 200 759 300 182 400
865 0 5 697 0 1302 100 403 200 467 300 560 400
866 0 5 1043 0 1248 100 843 200 1301 300 1410 400
867 0 5 828 0 667 100 1161 200 626 300 1459 400
868 0 5 662 0 1046 100 822 200 767 300 582 400
869 0 5 640 0 250 100 287 200 813 300 819 400
870 0 5 81 0 628 100 802 200 1051 300 731 400
871 0 5 232 0 1205 100 1315 200 1386 300 1263 400
872 0 5 934 0 1143 100 981 200 1351 300 653 400
873 0 5 1273 0 962 100 738 200 1171 300 875 400
874 0 5 1303 0 1067 100 282 200 125 300 948 400
875 0 5 65 0 1349 100 251 200 962 300 1047 400
876 0 5 195 0 922 100 168 200 1032 300 1337 400
877 0 5 1191 0 447 100 117 200 63 300 345 400
878 0 5 895 0 629 100 217 200 1449 300 1345 400
879 0 5 1207 0 648 100 239 200 1294 300 170 400
880 0 5 1075 0 428 100 243 200 1242 300 796 400
881 0 5 890 0 4 100 145 200 176 300 1175 400
882 0 5 1030 0 293 100 787 200 957 300 126 400
883 0 5 21 0 373 100 374 200 1228 300 535 400
884 0 5 1278 0 165 100 282 200 948 300 1455 400
885 0 5 312 0 336 100 677 200 440 300 1125 400
886 0 5 84 0 678 100 73 200 1477 300 703 400
887 0 5 528 0 444 100 1152 200 815 300 1214 400
888 0 5 706 0 212 100 375 200 1409 300 1084 400
889 0 5 1336 0 1422 100 1368 200 1243 300 1345 400
890 0 5 881 0 105 100 176 200 1459 300 977 400
891 0 5 1327 0 1407 100 48 200 804 300 55 400
892 0 5 364 0 33 100 992 200 1215 300 1495 400
893 0 5 314 0 123 100 690 200 1102 300 201 400
894 0 5 471 0 1083 100 91 200 131 300 639 400
895 0 5 629 0 1037 100 33 200 878 300 992 400
896 0 5 460 0 1185 100 1389 200 295 300 102 400
897 0 5 1087 0 343 100 702 200 1326 300 938 400
898 0 5 437 0 417 100 1183 200 969 300 1431 400
899 0 5 1361 0 749 100 100 200 702 300 1121 400
900 0 5 203 0 1107 100 470 200 1478 300 249 400
901 0 5 9 0 1447 100 984 200 1147 300 998 400
902 0 5 774 0 1077 100 1436 200 535 300 23 400
903 0 5 1262 0 43 100 613 200 216 300 284 400
904 0 5 56 0 231 100 591 200 536 300 1011 400
905 0 5 816 0 19 100 1250 200 20 300 955 400
906 0 5 1137 0 348 100 85 200 790 300 310 400
907 0 5 1073 0 457 100 646 200 1032 300 245 400
908 0 5 1022 0 1055 100 840 200 275 300 410 400
909 0 5 30 0 222 100 829 200 1240 300 108 400
910 0 5 594 0 1047 100 1212 200 157 300 1349 400
911 0 5 95 0 741 100 1321 200 1021 300 299 400
912 0 5 790 0 369 100 438 200 348 300 1252 400
913 0 5 61 0 1039 100 652 200 1424 300 24 400
914 0 5 795 0 1115 100 1313 200 442 300 547 400
915 0 5 1099 0 744 100 1275 200 1350 300 1200 400
916 0 5 11 0 817 100 1286 200 1112 300 107 400
917 0 5 425 0 1483 100 465 200 1314 300 1485 400
918 0 5 88 0 1213 100 1116 200 227 300 623 400
919 0 5 40 0 993 100 1263 200 467 300 821 400
920 0 5 281 0 1381 100 965 200 430 300 1282 400
921 0 5 1348 0 200 100 1353 200 985 300 1282 400
922 0 5 680 0 876 100 195 200 983 300 1337 400
923 0 5 1298 0 455 100 1486 200 424 300 1177 400
924 0 5 262 0 1019 100 78 200 1258 300 863 400
925 0 5 193 0 404 100 856 200 610 300 109 400
926 0 5 1412 0 799 100 843 200 325 300 263 400
927 0 5 3 0 805 100 585 200 1166 300 453 400
928 0 5 70 0 422 100 1011 200 1402 300 190 400
929 0 5 463 0 80 100 1113 200 1398 300 1421 400
930 0 5 1399 0 1510 100 721 200 1382 300 571 400
931 0 5 1059 0 1269 100 684 200 1088 300 1494 400
932 0 5 441 0 1410 100 511 200 596 300 1308 400
933 0 5 85 0 724 100 1363 200 1029 300 285 400
934 0 5 872 0 981 100 214 200 31 300 1143 400
935 0 5 565 0 1088 100 1081 200 370 300 431 400
936 0 5 1418 0 1231 100 1038 200 1072 300 158 400
937 0 5 1162 0 1078 100 380 200 996 300 192 400
938 0 5 343 0 322 100 147 200 1326 300 568 400
939 0 5 618 0 1023 100 23 200 787 300 256 400
940 0 5 690 0 516 100 655 200 1153 300 764 400
941 0 5 239 0 1220 100 170 200 879 300 671 400
942 0 5 557 0 1249 100 794 200 1199 300 140 400
943 0 5 1146 0 340 100 640 200 614 300 819 400
944 0 5 1140 0 266 100 499 200 159 300 634 400
945 0 5 1444 0 979 100 126 200 330 300 576 400
946 0 5 1435 0 1424 100 1303 200 1070 300 1067 400
947 0 5 687 0 729 100 1210 200 1002 300 1138 400
948 0 5 720 0 282 100 1303 200 1435 300 165 400
949 0 5 83 0 711 100 831 200 1169 300 593 400
950 0 5 639 0 1083 100 1188 200 1013 300 211 400
951 0 5 1473 0 732 100 1040 200 277 300 235 400
952 0 5 1082 0 317 100 1489 200 1320 300 155 400
953 0 5 808 0 1100 100 1333 200 1145 300 478 400
954 0 5 1246 0 1445 100 658 200 1140 300 1223 400
955 0 5 264 0 19 100 816 200 625 300 1257 400
956 0 5 146 0 326 100 674 200 381 300 395 400
957 0 5 1030 0 665 100 882 200 1329 300 1260 400
958 0 5 316 0 150 100 1456 200 1160 300 654 400
959 0 5 1228 0 1034 100 698 200 374 300 373 400
960 0 5 189 0 1316 100 260 200 730 300 832 400
961 0 5 391 0 1229 100 681 200 496 300 1187 400
962 0 5 443 0 873 100 875 200 738 300 65 400
963 0 5 1130 0 996 100 1078 200 1465 300 788 400
964 0 5 520 0 1261 100 1428 200 1018 300 1402 400
965 0 5 1381 0 1240 100 829 200 1308 300 920 400
966 0 5 576 0 968 100 28 200 666 300 589 400
967 0 5 505 0 210 100 1167 200 1092 300 490 400
968 0 5 824 0 302 100 966 200 28 300 945 400
969 0 5 1431 0 181 100 898 200 417 300 437 400
970 0 5 223 0 461 100 610 200 689 300 1159 400
971 0 5 660 0 1100 100 294 200 240 300 953 400
972 0 5 1321 0 263 100 741 200 631 300 799 400
973 0 5 348 0 1235 100 912 200 1210 300 825 400
974 0 5 1120 0 1015 100 793 200 859 300 1392 400
975 0 5 350 0 1416 100 115 200 1487 300 1172 400
976 0 5 809 0 418 100 317 200 68 300 644 400
977 0 5 1175 0 105 100 890 200 636 300 1161 400
978 0 5 41 0 760 100 307 200 1264 300 691 400
979 0 5 549 0 576 100 945 200 1030 300 1335 400
980 0 5 1185 0 1082 100 1401 200 317 300 952 400
981 0 5 1123 0 934 100 872 200 214 300 252 400
982 0 5 1125 0 1163 100 846 200 336 300 1254 400
983 0 5 166 0 195 100 922 200 1243 300 18 400
984 0 5 998 0 1071 100 901 200 615 300 9 400
985 0 5 1348 0 1105 100 325 200 921 300 1353 400
986 0 5 592 0 39 100 823 200 244 300 725 400
987 0 5 1475 0 1266 100 410 200 1055 300 776 400
988 0 5 1036 0 49 100 807 200 89 300 143 400
989 0 5 1328 0 636 100 1057 200 352 300 1481 400
990 0 5 1387 0 861 100 1107 200 1056 300 74 400
991 0 5 1091 0 1330 100 176 200 384 300 128 400
992 0 5 33 0 892 100 1037 200 895 300 364 400
993 0 5 578 0 919 100 1263 200 1315 300 467 400
994 0 5 1270 0 1482 100 1415 200 365 300 461 400
995 0 5 140 0 1310 100 1199 200 1096 300 1069 400
996 0 5 963 0 380 100 937 200 1078 300 1130 400
997 0 5 634 0 10 100 439 200 620 300 499 400
998 0 5 632 0 984 100 597 200 525 300 1447 400
999 0 5 139 0 472 100 474 200 1114 300 1126 400
1000 0 5 751 0 683 100 763 200 607 300 679 400
1001 0 5 1366 0 1461 100 1185 200 1425 300 1158 400
1002 0 5 1210 0 1138 100 947 200 1204 300 729 400
1003 0 5 1080 0 181 100 1025 200 833 300 969 400
1004 0 5 1257 0 1211 100 1208 200 175 300 1016 400
1005 0 5 198 0 834 100 1215 200 1495 300 1382 400
1006 0 5 775 0 1453 100 416 200 1044 300 506 400
1007 0 5 1253 0 464 100 1464 200 717 300 1353 400
1008 0 5 511 0 1200 100 1323 200 538 300 120 400
1009 0 5 1024 0 257 100 1028 200 1049 300 1233 400
1010 0 5 427 0 226 100 844 200 704 300 32 400
1011 0 5 190 0 98 100 928 200 904 300 568 400
1012 0 5 365 0 1061 100 434 200 220 300 1103 400
1013 0 5 96 0 211 100 950 200 1184 300 643 400
1014 0 5 595 0 1054 100 771 200 1339 300 723 400
1015 0 5 859 0 974 100 691 200 793 300 858 400
1016 0 5 219 0 564 100 1244 200 1004 300 187 400
1017 0 5 1111 0 540 100 353 200 1182 300 1146 400
1018 0 5 1428 0 830 100 964 200 807 300 520 400
1019 0 5 151 0 924 100 580 200 78 300 1258 400
1020 0 5 276 0 1163 100 982 200 527 300 122 400
1021 0 5 378 0 95 100 1321 200 911 300 627 400
1022 0 5 275 0 908 100 180 200 840 300 776 400
1023 0 5 787 0 293 100 939 200 1209 300 882 400
1024 0 5 1049 0 1009 100 1233 200 107 300 1028 400
1025 0 5 405 0 181 100 1062 200 1003 300 1431 400
1026 0 5 58 0 1361 100 36 200 164 300 824 400
1027 0 5 500 0 386 100 810 200 1479 300 432 400
1028 0 5 107 0 1112 100 1009 200 1049 300 1264 400
1029 0 5 1363 0 310 100 933 200 655 300 906 400
1030 0 5 957 0 882 100 1335 200 549 300 979 400
1031 0 5 309 0 29 100 152 200 1258 300 641 400
1032 0 5 168 0 195 100 649 200 18 300 907 400
1033 0 5 747 0 266 100 944 200 278 300 159 400
1034 0 5 728 0 959 100 1228 200 78 300 698 400
1035 0 5 1379 0 398 100 371 200 1104 300 1202 400
1036 0 5 1471 0 988 100 492 200 807 300 143 400
1037 0 5 33 0 992 100 895 200 532 300 629 400
1038 0 5 142 0 936 100 158 200 446 300 1423 400
1039 0 5 913 0 1455 100 652 200 1099 300 915 400
1040 0 5 732 0 951 100 277 200 72 300 235 400
1041 0 5 26 0 410 100 1468 200 589 300 8 400
1042 0 5 1385 0 862 100 469 200 342 300 555 400
1043 0 5 866 0 1301 100 263 200 803 300 741 400
1044 0 5 399 0 45 100 719 200 775 300 753 400
1045 0 5 1338 0 154 100 423 200 95 300 1350 400
1046 0 5 868 0 1199 100 822 200 503 300 557 400
1047 0 5 910 0 1349 100 157 200 875 300 65 400
1048 0 5 296 0 1439 100 54 200 270 300 237 400
1049 0 5 1024 0 1233 100 1028 200 107 300 1009 400
1050 0 5 437 0 833 100 260 200 130 300 820 400
1051 0 5 731 0 645 100 756 200 656 300 870 400
1052 0 5 1182 0 1188 100 211 200 340 300 1063 400
1053 0 5 581 0 562 100 572 200 353 300 1287 400
1054 0 5 1014 0 683 100 607 200 751 300 771 400
1055 0 5 7 0 908 100 987 200 179 300 1266 400
1056 0 5 861 0 497 100 347 200 990 300 376 400
1057 0 5 1165 0 356 100 989 200 352 300 1294 400
1058 0 5 197 0 601 100 739 200 121 300 1162 400
1059 0 5 75 0 931 100 1494 200 1269 300 1088 400
1060 0 5 1325 0 244 100 196 200 442 300 1255 400
1061 0 5 220 0 1012 100 365 200 1317 300 148 400
1062 0 5 1267 0 1431 100 405 200 1025 300 36 400
1063 0 5 87 0 340 100 1498 200 1052 300 943 400
1064 0 5 484 0 1173 100 1466 200 100 300 231 400
1065 0 5 1196 0 1380 100 384 200 1229 300 1326 400
1066 0 5 2 0 352 100 14 200 268 300 642 400
1067 0 5 324 0 874 100 282 200 1394 300 946 400
1068 0 5 593 0 731 100 756 200 1169 300 949 400
1069 0 5 133 0 746 100 1096 200 772 300 76 400
1070 0 5 225 0 755 100 278 200 1242 300 194 400
1071 0 5 207 0 984 100 9 200 615 300 1156 400
1072 0 5 158 0 1418 100 682 200 936 300 1290 400
1073 0 5 907 0 245 100 1305 200 457 300 436 400
1074 0 5 1247 0 773 100 355 200 715 300 117 400
1075 0 5 796 0 880 100 755 200 428 300 670 400
1076 0 5 804 0 685 100 27 200 1484 300 1407 400
1077 0 5 902 0 183 100 1467 200 53 300 1436 400
1078 0 5 25 0 937 100 788 200 192 300 1465 400
1079 0 5 1144 0 144 100 667 200 828 300 626 400
1080 0 5 1003 0 1400 100 130 200 132 300 429 400
1081 0 5 565 0 1440 100 431 200 1281 300 370 400
1082 0 5 980 0 952 100 1389 200 317 300 1406 400
1083 0 5 894 0 950 100 91 200 639 300 1013 400
1084 0 5 212 0 1232 100 1149 200 888 300 284 400
1085 0 5 82 0 859 100 1497 200 300 300 844 400
1086 0 5 1299 0 152 100 209 200 641 300 1258 400
1087 0 5 897 0 702 100 1121 200 343 300 749 400
1088 0 5 935 0 1494 100 931 200 75 300 1059 400
1089 0 5 402 0 1221 100 102 200 1084 300 1149 400
1090 0 5 1206 0 51 100 635 200 320 300 363 400
1091 0 5 991 0 176 100 128 200 1376 300 1330 400
1092 0 5 505 0 1252 100 967 200 438 300 369 400
1093 0 5 279 0 908 100 840 200 1360 300 1142 400
1094 0 5 402 0 161 100 43 200 284 300 1344 400
1095 0 5 388 0 1265 100 1280 200 335 300 513 400
1096 0 5 772 0 140 100 1069 200 995 300 246 400
1097 0 5 1168 0 1142 100 1311 200 286 300 7 400
1098 0 5 426 0 1193 100 273 200 1458 300 113 400
1099 0 5 915 0 1180 100 1039 200 1275 300 135 400
1100 0 5 971 0 660 100 953 200 294 300 316 400
1101 0 5 1406 0 488 100 1457 200 102 300 1236 400
1102 0 5 1420 0 201 100 182 200 893 300 855 400
1103 0 5 157 0 434 100 1171 200 1012 300 480 400
1104 0 5 1379 0 255 100 493 200 1035 300 202 400
1105 0 5 325 0 985 100 1282 200 430 300 826 400
1106 0 5 119 0 469 100 1042 200 208 300 249 400
1107 0 5 74 0 203 100 900 200 990 300 1387 400
1108 0 5 838 0 707 100 52 200 831 300 1214 400
1109 0 5 415 0 313 100 1414 200 1140 300 111 400
1110 0 5 719 0 775 100 1006 200 1044 300 1453 400
1111 0 5 540 0 541 100 1017 200 1287 300 177 400
1112 0 5 107 0 11 100 1028 200 916 300 1264 400
1113 0 5 463 0 410 100 987 200 401 300 1475 400
1114 0 5 1311 0 474 100 1126 200 1274 300 472 400
1115 0 5 64 0 914 100 795 200 442 300 1313 400
1116 0 5 387 0 602 100 918 200 448 300 1213 400
1117 0 5 532 0 166 100 1345 200 983 300 1037 400
1118 0 5 591 0 1178 100 104 200 490 300 231 400
1119 0 5 1404 0 1124 100 617 200 118 300 1362 400
1120 0 5 974 0 215 100 1392 200 793 300 27 400
1121 0 5 1448 0 749 100 1442 200 1087 300 842 400
1122 0 5 408 0 339 100 116 200 1353 300 717 400
1123 0 5 981 0 688 100 432 200 1143 300 171 400
1124 0 5 1362 0 1119 100 118 200 160 300 848 400
1125 0 5 1251 0 982 100 336 200 312 300 846 400
1126 0 5 472 0 1311 100 1114 200 388 300 999 400
1127 0 5 1420 0 855 100 407 200 383 300 327 400
1128 0 5 1196 0 308 100 702 200 1174 300 897 400
1129 0 5 579 0 738 100 1273 200 873 300 1171 400
1130 0 5 963 0 1465 100 380 200 996 300 1078 400
1131 0 5 450 0 100 100 1361 200 484 300 1064 400
1132 0 5 108 0 608 100 269 200 329 300 531 400
1133 0 5 616 0 17 100 345 200 806 300 1360 400
1134 0 5 71 0 1194 100 1438 200 769 300 184 400
1135 0 5 1250 0 1343 100 331 200 20 300 564 400
1136 0 5 298 0 133 100 1310 200 344 300 746 400
1137 0 5 1419 0 906 100 1319 200 1279 300 348 400
1138 0 5 1204 0 654 100 1002 200 600 300 1224 400
1139 0 5 1154 0 1476 100 1239 200 323 300 642 400
1140 0 5 658 0 944 100 954 200 1445 300 1109 400
1141 0 5 462 0 342 100 853 200 1176 300 1042 400
1142 0 5 1097 0 908 100 1168 200 7 300 559 400
1143 0 5 1351 0 872 100 171 200 1123 300 482 400
1144 0 5 1079 0 254 100 144 200 458 300 496 400
1145 0 5 47 0 808 100 309 200 953 300 1333 400
1146 0 5 943 0 819 100 540 200 340 300 1017 400
1147 0 5 1331 0 534 100 748 200 901 300 645 400
1148 0 5 295 0 102 100 1221 200 1089 300 1389 400
1149 0 5 1318 0 212 100 1084 200 375 300 295 400
1150 0 5 1496 0 745 100 346 200 1216 300 726 400
1151 0 5 1203 0 507 100 1427 200 481 300 475 400
1152 0 5 178 0 528 100 887 200 1488 300 221 400
1153 0 5 630 0 516 100 655 200 940 300 422 400
1154 0 5 1139 0 1239 100 1476 200 1461 300 458 400
1155 0 5 213 0 611 100 1229 200 1065 300 1183 400
1156 0 5 628 0 207 100 9 200 1071 300 984 400
1157 0 5 1463 0 619 100 617 200 387 300 37 400
1158 0 5 252 0 1425 100 1366 200 214 300 1001 400
1159 0 5 586 0 223 100 1411 200 520 300 689 400
1160 0 5 150 0 358 100 958 200 1456 300 774 400
1161 0 5 867 0 1459 100 303 200 1472 300 626 400
1162 0 5 937 0 740 100 192 200 1058 300 380 400
1163 0 5 1020 0 1254 100 982 200 527 300 846 400
1164 0 5 1364 0 1180 100 1200 200 135 300 1099 400
1165 0 5 356 0 1057 100 989 200 1294 300 170 400
1166 0 5 805 0 453 100 585 200 1371 300 927 400
1167 0 5 210 0 23 100 967 200 939 300 97 400
1168 0 5 1097 0 7 100 1311 200 286 300 523 400
1169 0 5 756 0 83 100 1470 200 949 300 645 400
1170 0 5 675 0 106 100 1464 200 972 300 631 400
1171 0 5 220 0 157 100 1103 200 873 300 1273 400
1172 0 5 498 0 1416 100 350 200 115 300 361 400
1173 0 5 104 0 490 100 1064 200 231 300 1442 400
1174 0 5 702 0 36 100 1334 200 308 300 1128 400
1175 0 5 977 0 588 100 4 200 881 300 321 400
1176 0 5 462 0 622 100 853 200 1268 300 1141 400
1177 0 5 22 0 1346 100 850 200 923 300 1486 400
1178 0 5 466 0 1118 100 591 200 490 300 495 400
1179 0 5 1236 0 1320 100 233 200 301 300 1457 400
1180 0 5 1164 0 1099 100 135 200 1200 300 1364 400
1181 0 5 379 0 476 100 125 200 1486 300 850 400
1182 0 5 1052 0 1188 100 1017 200 1146 300 211 400
1183 0 5 791 0 417 100 898 200 611 300 750 400
1184 0 5 96 0 643 100 1378 200 1013 300 1383 400
1185 0 5 980 0 896 100 1401 200 460 300 567 400
1186 0 5 161 0 318 100 699 200 233 300 1344 400
1187 0 5 1330 0 176 100 961 200 1459 300 681 400
1188 0 5 1052 0 211 100 1182 200 950 300 639 400
1189 0 5 494 0 50 100 835 200 42 300 67 400
1190 0 5 519 0 1263 100 40 200 919 300 851 400
1191 0 5 877 0 1277 100 1247 200 447 300 345 400
1192 0 5 452 0 737 100 713 200 677 300 1497 400
1193 0 5 113 0 1098 100 1458 200 426 300 273 400
1194 0 5 71 0 1134 100 716 200 1438 300 769 400
1195 0 5 659 0 818 100 1357 200 570 300 1241 400
1196 0 5 1128 0 1065 100 308 200 1198 300 1380 400
1197 0 5 495 0 310 100 655 200 630 300 1367 400
1198 0 5 791 0 611 100 417 200 1196 300 308 400
1199 0 5 1046 0 140 100 995 200 794 300 822 400
1200 0 5 1008 0 1164 100 1364 200 120 300 1180 400
1201 0 5 1473 0 38 100 599 200 732 300 122 400
1202 0 5 709 0 398 100 1379 200 609 300 584 400
1203 0 5 1151 0 1427 100 1446 200 1491 300 257 400
1204 0 5 654 0 1138 100 729 200 1002 300 1384 400
1205 0 5 871 0 112 100 798 200 1283 300 232 400
1206 0 5 1090 0 153 100 1233 200 51 300 413 400
1207 0 5 648 0 879 100 1478 200 857 300 239 400
1208 0 5 175 0 1429 100 1257 200 355 300 1004 400
1209 0 5 23 0 283 100 1467 200 939 300 53 400
1210 0 5 1002 0 947 100 221 200 687 300 306 400
1211 0 5 187 0 175 100 1004 200 1208 300 359 400
1212 0 5 594 0 1430 100 404 200 480 300 910 400
1213 0 5 218 0 918 100 1340 200 1286 300 88 400
1214 0 5 114 0 707 100 1488 200 815 300 52 400
1215 0 5 752 0 361 100 1218 200 834 300 1005 400
1216 0 5 349 0 346 100 1284 200 1430 300 1150 400
1217 0 5 382 0 668 100 1500 200 748 300 784 400
1218 0 5 198 0 424 100 752 200 1215 300 1382 400
1219 0 5 1382 0 424 100 1177 200 571 300 1298 400
1220 0 5 941 0 170 100 239 200 1294 300 356 400
1221 0 5 102 0 1089 100 1148 200 1084 300 1149 400
1222 0 5 526 0 716 100 298 200 503 300 344 400
1223 0 5 1246 0 670 100 658 200 686 300 278 400
1224 0 5 508 0 1295 100 600 200 1138 300 1002 400
1225 0 5 1481 0 1472 100 718 200 1328 300 303 400
1226 0 5 768 0 243 100 501 200 880 300 186 400
1227 0 5 177 0 411 100 819 200 813 300 613 400
1228 0 5 373 0 374 100 959 200 1034 300 883 400
1229 0 5 213 0 681 100 961 200 391 300 1065 400
1230 0 5 586 0 1405 100 759 200 1261 300 689 400
1231 0 5 726 0 936 100 742 200 368 300 1418 400
1232 0 5 1084 0 284 100 212 200 1262 300 184 400
1233 0 5 1049 0 507 100 817 200 1206 300 1024 400
1234 0 5 615 0 319 100 606 200 451 300 1293 400
1235 0 5 825 0 973 100 1252 200 508 300 912 400
1236 0 5 488 0 301 100 1179 200 1457 300 233 400
1237 0 5 1260 0 665 100 53 200 101 300 698 400
1238 0 5 1394 0 1242 100 110 200 243 300 199 400
1239 0 5 1461 0 1154 100 458 200 1139 300 1476 400
1240 0 5 829 0 965 100 1381 200 1308 300 1433 400
1241 0 5 272 0 590 100 659 200 570 300 758 400
1242 0 5 243 0 1238 100 880 200 199 300 755 400
1243 0 5 1422 0 166 100 1345 200 983 300 889 400
1244 0 5 359 0 1500 100 187 200 219 300 1016 400
1245 0 5 332 0 574 100 1372 200 215 300 1484 400
1246 0 5 954 0 1223 100 686 200 658 300 1445 400
1247 0 5 1074 0 773 100 127 200 1191 300 117 400
1248 0 5 843 0 866 100 441 200 430 300 1282 400
1249 0 5 818 0 942 100 1357 200 794 300 557 400
1250 0 5 20 0 1135 100 1493 200 905 300 1510 400
1251 0 5 1125 0 846 100 566 200 312 300 982 400
1252 0 5 1092 0 438 100 912 200 369 300 1235 400
1253 0 5 717 0 1007 100 1353 200 464 300 1464 400
1254 0 5 527 0 1163 100 1354 200 982 300 846 400
1255 0 5 542 0 79 100 77 200 592 300 1060 400
1256 0 5 1372 0 1392 100 215 200 27 300 332 400
1257 0 5 816 0 1004 100 1208 200 955 300 905 400
1258 0 5 29 0 151 100 1454 200 152 300 641 400
1259 0 5 1317 0 148 100 393 200 365 300 141 400
1260 0 5 1237 0 53 100 787 200 665 300 957 400
1261 0 5 1402 0 964 100 1230 200 422 300 1159 400
1262 0 5 903 0 184 100 1232 200 43 300 613 400
1263 0 5 1190 0 993 100 919 200 1315 300 1386 400
1264 0 5 41 0 118 100 1028 200 1112 300 978 400
1265 0 5 1095 0 523 100 513 200 286 300 1280 400
1266 0 5 179 0 987 100 1475 200 7 300 1311 400
1267 0 5 558 0 36 100 1062 200 1501 300 1431 400
1268 0 5 622 0 473 100 1176 200 448 300 392 400
1269 0 5 684 0 931 100 606 200 75 300 1059 400
1270 0 5 994 0 1415 100 1395 200 647 300 461 400
1271 0 5 1293 0 370 100 75 200 1494 300 606 400
1272 0 5 1474 0 449 100 241 200 595 300 1369 400
1273 0 5 738 0 873 100 1129 200 1171 300 1317 400
1274 0 5 474 0 1434 100 1421 200 1114 300 463 400
1275 0 5 1374 0 120 100 915 200 1350 300 1301 400
1276 0 5 1470 0 209 100 309 200 645 300 83 400
1277 0 5 1191 0 238 100 524 200 1247 300 345 400
1278 0 5 479 0 884 100 1355 200 673 300 165 400
1279 0 5 1419 0 85 100 724 200 1137 300 906 400
1280 0 5 638 0 523 100 1095 200 388 300 286 400
1281 0 5 1390 0 1440 100 66 200 563 300 261 400
1282 0 5 430 0 325 100 1105 200 920 300 843 400
1283 0 5 637 0 692 100 1205 200 798 300 822 400
1284 0 5 349 0 251 100 65 200 1216 300 1349 400
1285 0 5 512 0 1314 100 1386 200 519 300 1483 400
1286 0 5 218 0 817 100 916 200 1213 300 129 400
1287 0 5 234 0 541 100 562 200 134 300 1017 400
1288 0 5 1411 0 162 100 49 200 89 300 807 400
1289 0 5 761 0 1469 100 480 200 434 300 970 400
1290 0 5 1306 0 682 100 347 200 1072 300 446 400
1291 0 5 750 0 820 100 73 200 678 300 1373 400
1292 0 5 769 0 344 100 725 200 400 300 1438 400
1293 0 5 69 0 1271 100 606 200 615 300 75 400
1294 0 5 170 0 356 100 879 200 636 300 1220 400
1295 0 5 1224 0 508 100 97 200 600 300 825 400
1296 0 5 289 0 229 100 137 200 333 300 1356 400
1297 0 5 1423 0 446 100 1443 200 376 300 347 400
1298 0 5 424 0 923 100 455 200 1219 300 1382 400
1299 0 5 1086 0 641 100 784 200 1454 300 863 400
1300 0 5 250 0 614 100 640 200 582 300 287 400
1301 0 5 1350 0 1043 100 803 200 1275 300 1410 400
1302 0 5 403 0 865 100 232 200 697 300 560 400
1303 0 5 874 0 1435 100 948 200 946 300 282 400
1304 0 5 721 0 371 100 801 200 398 300 1462 400
1305 0 5 1073 0 436 100 783 200 1403 300 847 400
1306 0 5 1290 0 682 100 1387 200 347 300 990 400
1307 0 5 765 0 192 100 25 200 708 300 467 400
1308 0 5 596 0 1240 100 965 200 430 300 441 400
1309 0 5 97 0 600 100 774 200 358 300 1295 400
1310 0 5 995 0 503 100 1136 200 133 300 1096 400
1311 0 5 1114 0 1126 100 1168 200 1097 300 7 400
1312 0 5 79 0 607 100 592 200 1054 300 1255 400
1313 0 5 795 0 664 100 547 200 914 300 1115 400
1314 0 5 1285 0 425 100 917 200 519 300 1483 400
1315 0 5 403 0 871 100 232 200 1263 300 578 400
1316 0 5 1408 0 242 100 960 200 730 300 832 400
1317 0 5 1259 0 141 100 148 200 1273 300 1061 400
1318 0 5 1149 0 375 100 295 200 212 300 1365 400
1319 0 5 722 0 1419 100 1137 200 695 300 348 400
1320 0 5 1457 0 1179 100 1489 200 155 300 952 400
1321 0 5 972 0 631 100 1021 200 911 300 741 400
1322 0 5 1367 0 70 100 422 200 630 300 1153 400
1323 0 5 1364 0 538 100 1008 200 1200 300 1164 400
1324 0 5 744 0 479 100 1455 200 1338 300 915 400
1325 0 5 1060 0 196 100 442 200 244 300 612 400
1326 0 5 6 0 322 100 897 200 1380 300 938 400
1327 0 5 420 0 891 100 55 200 48 300 804 400
1328 0 5 1481 0 989 100 1225 200 352 300 636 400
1329 0 5 514 0 26 100 1335 200 806 300 1041 400
1330 0 5 991 0 681 100 1187 200 384 300 176 400
1331 0 5 748 0 1147 100 1447 200 382 300 784 400
1332 0 5 329 0 30 100 269 200 1132 300 909 400
1333 0 5 660 0 47 100 711 200 953 300 827 400
1334 0 5 558 0 308 100 1174 200 1431 300 1198 400
1335 0 5 549 0 26 100 1030 200 589 300 1329 400
1336 0 5 103 0 889 100 1368 200 412 300 167 400
1337 0 5 92 0 680 100 922 200 983 300 876 400
1338 0 5 1045 0 423 100 744 200 1350 300 1324 400
1339 0 5 771 0 595 100 542 200 241 300 1014 400
1340 0 5 433 0 153 100 1213 200 817 300 218 400
1341 0 5 124 0 91 100 315 200 894 300 131 400
1342 0 5 649 0 18 100 1426 200 46 300 633 400
1343 0 5 445 0 261 100 564 200 598 300 331 400
1344 0 5 849 0 699 100 161 200 288 300 318 400
1345 0 5 1449 0 1243 100 889 200 1422 300 1117 400
1346 0 5 850 0 22 100 1462 200 1177 300 801 400
1347 0 5 393 0 521 100 575 200 1317 300 148 400
1348 0 5 921 0 985 100 200 200 1282 300 920 400
1349 0 5 1047 0 875 100 65 200 1430 300 1284 400
1350 0 5 1301 0 1275 100 744 200 1045 300 1338 400
1351 0 5 653 0 1143 100 482 200 872 300 265 400
1352 0 5 827 0 797 100 711 200 550 300 831 400
1353 0 5 247 0 921 100 116 200 464 300 200 400
1354 0 5 1371 0 1254 100 527 200 38 300 846 400
1355 0 5 423 0 673 100 1278 200 1338 300 584 400
1356 0 5 228 0 1403 100 486 200 318 300 783 400
1357 0 5 818 0 1249 100 1195 200 659 300 272 400
1358 0 5 632 0 525 100 1450 200 615 300 69 400
1359 0 5 57 0 1460 100 416 200 758 300 710 400
1360 0 5 180 0 806 100 840 200 1133 300 172 400
1361 0 5 899 0 1026 100 1131 200 450 300 100 400
1362 0 5 1124 0 848 100 160 200 617 300 1119 400
1363 0 5 285 0 1029 100 933 200 407 300 621 400
1364 0 5 1323 0 1164 100 1200 200 135 300 1180 400
1365 0 5 59 0 1318 100 295 200 841 300 763 400
1366 0 5 1425 0 1158 100 545 200 483 300 1001 400
1367 0 5 1322 0 630 100 1153 200 1197 300 591 400
1368 0 5 889 0 412 100 1336 200 435 300 1393 400
1369 0 5 777 0 663 100 449 200 1272 300 723 400
1370 0 5 372 0 470 100 421 200 900 300 119 400
1371 0 5 1354 0 45 100 38 200 453 300 1166 400
1372 0 5 1256 0 332 100 574 200 27 300 215 400
1373 0 5 496 0 750 100 1291 200 254 300 144 400
1374 0 5 120 0 1275 100 1301 200 1410 300 1350 400
1375 0 5 1476 0 323 100 31 200 510 300 1139 400
1376 0 5 128 0 236 100 1480 200 515 300 1091 400
1377 0 5 484 0 842 100 1448 200 749 300 100 400
1378 0 5 1383 0 1437 100 1498 200 1184 300 211 400
1379 0 5 1104 0 1035 100 1202 200 255 300 609 400
1380 0 5 6 0 384 100 1065 200 552 300 1326 400
1381 0 5 829 0 965 100 1240 200 920 300 909 400
1382 0 5 571 0 424 100 198 200 1219 300 930 400
1383 0 5 1378 0 1437 100 502 200 1184 300 643 400
1384 0 5 240 0 729 100 550 200 178 300 1204 400
1385 0 5 555 0 1042 100 518 200 454 300 208 400
1386 0 5 512 0 1285 100 112 200 1263 300 570 400
1387 0 5 990 0 861 100 1306 200 1107 300 74 400
1388 0 5 619 0 862 100 1452 200 489 300 342 400
1389 0 5 1406 0 1082 100 896 200 102 300 1185 400
1390 0 5 261 0 1281 100 1440 200 331 300 1081 400
1391 0 5 852 0 599 100 854 200 277 300 951 400
1392 0 5 1256 0 793 100 215 200 27 300 1120 400
1393 0 5 217 0 529 100 1368 200 186 300 199 400
1394 0 5 1238 0 110 100 860 200 324 300 1067 400
1395 0 5 759 0 647 100 1270 200 1415 300 994 400
1396 0 5 506 0 814 100 416 200 1453 300 789 400
1397 0 5 551 0 459 100 353 200 792 300 543 400
1398 0 5 666 0 401 100 35 200 554 300 297 400
1399 0 5 22 0 930 100 721 200 1177 300 1382 400
1400 0 5 132 0 1080 100 297 200 302 300 405 400
1401 0 5 317 0 567 100 1185 200 980 300 1082 400
1402 0 5 1261 0 422 100 928 200 964 300 1011 400
1403 0 5 783 0 1356 100 1305 200 847 300 1186 400
1404 0 5 1119 0 99 100 504 200 617 300 1124 400
1405 0 5 864 0 1230 100 759 200 123 300 258 400
1406 0 5 1101 0 1389 100 1457 200 488 300 952 400
1407 0 5 804 0 891 100 685 200 1076 300 48 400
1408 0 5 338 0 1316 100 242 200 429 300 132 400
1409 0 5 706 0 1438 100 888 200 184 300 841 400
1410 0 5 932 0 120 100 511 200 1301 300 1374 400
1411 0 5 1288 0 223 100 1159 200 49 300 89 400
1412 0 5 826 0 926 100 799 200 106 300 325 400
1413 0 5 546 0 1446 100 257 200 1491 300 1203 400
1414 0 5 1490 0 836 100 111 200 1109 300 415 400
1415 0 5 461 0 1270 100 689 200 994 300 759 400
1416 0 5 361 0 975 100 1172 200 1487 300 350 400
1417 0 5 5 0 311 100 1129 200 579 300 1273 400
1418 0 5 1072 0 936 100 682 200 742 300 158 400
1419 0 5 1279 0 1319 100 1137 200 722 300 348 400
1420 0 5 1102 0 1127 100 201 200 855 300 893 400
1421 0 5 832 0 1434 100 1274 200 672 300 80 400
1422 0 5 1243 0 204 100 889 200 1345 300 46 400
1423 0 5 1297 0 446 100 142 200 377 300 1443 400
1424 0 5 225 0 946 100 24 200 1435 300 913 400
1425 0 5 1366 0 1158 100 483 200 252 300 545 400
1426 0 5 491 0 18 100 1342 200 216 300 696 400
1427 0 5 481 0 360 100 1203 200 1151 300 449 400
1428 0 5 520 0 1018 100 964 200 830 300 807 400
1429 0 5 561 0 1208 100 355 200 175 300 264 400
1430 0 5 109 0 1212 100 1216 200 1349 300 404 400
1431 0 5 558 0 969 100 1062 200 898 300 1267 400
1432 0 5 400 0 763 100 375 200 841 300 1365 400
1433 0 5 222 0 269 100 1240 200 596 300 1308 400
1434 0 5 672 0 1274 100 1421 200 474 300 832 400
1435 0 5 720 0 1303 100 948 200 946 300 1424 400
1436 0 5 535 0 902 100 1077 200 21 300 358 400
1437 0 5 1383 0 822 100 502 200 1378 300 292 400
1438 0 5 1409 0 1134 100 184 200 71 300 769 400
1439 0 5 537 0 1048 100 54 200 270 300 237 400
1440 0 5 1081 0 1281 100 1390 200 456 300 431 400
1441 0 5 139 0 1305 100 646 200 333 300 457 400
1442 0 5 1121 0 536 100 1448 200 190 300 56 400
1443 0 5 321 0 1297 100 588 200 1423 300 376 400
1444 0 5 945 0 58 100 330 200 450 300 126 400
1445 0 5 415 0 954 100 686 200 1140 300 733 400
1446 0 5 1413 0 1491 100 257 200 1203 300 546 400
1447 0 5 597 0 901 100 382 200 1331 300 998 400
1448 0 5 842 0 1121 100 749 200 1442 300 1377 400
1449 0 5 1345 0 878 100 532 200 1243 300 217 400
1450 0 5 69 0 60 100 1358 200 271 300 525 400
1451 0 5 368 0 1496 100 385 200 409 300 1231 400
1452 0 5 37 0 390 100 1388 200 617 300 780 400
1453 0 5 506 0 1006 100 416 200 1396 300 789 400
1454 0 5 863 0 641 100 1258 200 734 300 1299 400
1455 0 5 136 0 1039 100 744 200 1324 300 884 400
1456 0 5 958 0 294 100 358 200 654 300 316 400
1457 0 5 1320 0 1406 100 488 200 1236 300 1101 400
1458 0 5 426 0 673 100 1193 200 1098 300 709 400
1459 0 5 105 0 1161 100 1187 200 867 300 890 400
1460 0 5 701 0 1359 100 416 200 57 300 399 400
1461 0 5 1239 0 458 100 567 200 1154 300 1001 400
1462 0 5 801 0 1346 100 850 200 371 300 1304 400
1463 0 5 1157 0 617 100 848 200 37 300 1362 400
1464 0 5 464 0 106 100 826 200 1007 300 1170 400
1465 0 5 1130 0 389 100 851 200 788 300 1078 400
1466 0 5 618 0 191 100 1064 200 700 300 100 400
1467 0 5 283 0 183 100 1077 200 1209 300 53 400
1468 0 5 8 0 410 100 1041 200 776 300 180 400
1469 0 5 480 0 1289 100 434 200 994 300 761 400
1470 0 5 1276 0 1169 100 756 200 83 300 645 400
1471 0 5 1036 0 492 100 395 200 988 300 143 400
1472 0 5 303 0 1225 100 1161 200 718 300 1481 400
1473 0 5 1201 0 951 100 732 200 599 300 1391 400
1474 0 5 723 0 1272 100 663 200 1369 300 595 400
1475 0 5 987 0 1266 100 179 200 1055 300 410 400
1476 0 5 1375 0 1139 100 1154 200 31 300 323 400
1477 0 5 84 0 189 100 886 200 68 300 678 400
1478 0 5 648 0 1207 100 671 200 249 300 1056 400
1479 0 5 754 0 432 100 693 200 500 300 1027 400
1480 0 5 12 0 1376 100 694 200 515 300 727 400
1481 0 5 1328 0 1225 100 989 200 1472 300 718 400
1482 0 5 522 0 548 100 994 200 575 300 647 400
1483 0 5 917 0 590 100 512 200 570 300 1386 400
1484 0 5 360 0 574 100 1491 200 27 300 1372 400
1485 0 5 465 0 509 100 814 200 789 300 1483 400
1486 0 5 379 0 923 100 455 200 650 300 1181 400
1487 0 5 752 0 361 100 455 200 923 300 1218 400
1488 0 5 16 0 86 100 1214 200 1152 300 887 400
1489 0 5 809 0 1320 100 317 200 952 300 1179 400
1490 0 5 1414 0 836 100 651 200 315 300 291 400
1491 0 5 1446 0 1484 100 574 200 1203 300 1413 400
1492 0 5 280 0 538 100 511 200 269 300 596 400
1493 0 5 1540 0 20 100 1 200 19 300 1250 400
1494 0 5 1088 0 75 100 370 200 1271 300 1059 400
1495 0 5 364 0 1005 100 1215 200 198 300 834 400
1496 0 5 1150 0 477 100 1451 200 745 300 1216 400
1497 0 5 300 0 1085 100 713 200 205 300 1192 400
1498 0 5 87 0 1063 100 1378 200 211 300 582 400
1499 0 5 286 0 94 100 559 200 523 300 1495 400
1500 0 5 219 0 1244 100 1217 200 382 300 173 400
1501 0 5 405 0 302 100 1267 200 1062 300 824 400
1502 0 5 559 0 13 100 1097 200 669 300 908 400
1503 0 5 13 0 20 100 1097 200 908 300 669 400
1504 0 5 735 0 20 100 1097 200 908 300 669 400
1505 0 5 735 0 625 100 1097 200 908 300 669 400
1506 0 5 571 0 625 100 1097 200 908 300 669 400
1507 0 5 571 0 279 100 1097 200 908 300 669 400
1508 0 5 1499 0 279 100 1097 200 908 300 669 400
1509 0 5 1499 0 930 100 1097 200 908 300 669 400
1510 0 5 930 0 1250 100 1097 200 669 300 908 400
1511 0 5 19 0 1250 100 1097 200 908 300 669 400
1512 0 5 721 0 19 100 1097 200 669 300 908 400
1513 0 5 721 0 357 100 1097 200 908 300 669 400
1514 0 5 357 0 1093 100 1097 200 908 300 669 400
1515 0 5 1093 0 1382 100 1097 200 908 300 669 400
1516 0 5 1005 0 1382 100 1097 200 908 300 669 400
1517 0 5 1142 0 1005 100 1097 200 908 300 669 400
1518 0 5 1142 0 94 100 1097 200 908 300 669 400
1519 0 5 94 0 1495 100 1097 200 908 300 669 400
1520 0 5 834 0 1495 100 1097 200 908 300 669 400
1521 0 5 834 0 1135 100 1097 200 908 300 669 400
1522 0 5 1219 0 1135 100 1097 200 669 300 264 400
1523 0 5 1219 0 905 100 1097 200 669 300 908 400
1524 0 5 198 0 905 100 1097 200 669 300 908 400
1525 0 5 198 0 1399 100 1097 200 669 300 908 400
1526 0 5 1399 0 816 100 1097 200 669 300 172 400
1527 0 5 22 0 816 100 1097 200 669 300 172 400
1528 0 5 714 0 22 100 1097 200 669 300 908 400
1529 0 5 714 0 955 100 1097 200 669 300 264 400
1530 0 5 1304 0 955 100 1097 200 264 300 669 400
1531 0 5 1304 0 364 100 1097 200 264 300 669 400
1532 0 5 801 0 364 100 1097 200 264 300 669 400
1533 0 5 801 0 127 100 1097 200 264 300 669 400
1534 0 5 127 0 524 100 1097 200 264 300 172 400
1535 0 5 331 0 524 100 1097 200 264 300 172 400
1536 0 5 331 0 1218 100 1097 200 264 300 669 400
1537 0 5 1218 0 1097 100 773 200 264 300 172 400
1538 0 5 1097 0 773 100 238 200 264 300 172 400
1539 0 5 286 0 1097 100 238 200 264 300 172 400
1540 0 5 1493 0 1097 100 286 200 264 300 172 400
-1
EOF
