1540
1 0 5 236 0 202 100 555 200 668 300 26 400
2 0 5 607 0 619 100 357 200 35 300 1179 400
3 0 5 140 0 1150 100 961 200 1134 300 1187 400
4 0 5 117 0 568 100 719 200 761 300 1331 400
5 0 5 1292 0 338 100 7 200 540 300 1470 400
6 0 5 1125 0 325 100 398 200 131 300 1211 400
7 0 5 1157 0 1392 100 1292 200 5 300 487 400
8 0 5 959 0 448 100 724 200 447 300 1020 400
9 0 5 1091 0 513 100 1362 200 999 300 942 400
10 0 5 672 0 226 100 411 200 868 300 443 400
11 0 5 105 0 939 100 946 200 1230 300 37 400
12 0 5 841 0 581 100 927 200 1304 300 1330 400
13 0 5 601 0 164 100 257 200 311 300 298 400
14 0 5 1118 0 201 100 805 200 1287 300 321 400
15 0 5 695 0 670 100 159 200 1017 300 427 400
16 0 5 40 0 436 100 33 200 201 300 1077 400
17 0 5 1457 0 1252 100 133 200 96 300 642 400
18 0 5 693 0 1471 100 1227 200 636 300 864 400
19 0 5 295 0 916 100 1182 200 1098 300 1027 400
20 0 5 702 0 340 100 605 200 1357 300 104 400
21 0 5 994 0 547 100 989 200 607 300 888 400
22 0 5 474 0 58 100 1017 200 1399 300 725 400
23 0 5 649 0 629 100 1430 200 458 300 685 400
24 0 5 887 0 281 100 1350 200 992 300 1013 400
25 0 5 855 0 787 100 90 200 395 300 440 400
26 0 5 261 0 450 100 428 200 690 300 1135 400
27 0 5 707 0 616 100 723 200 979 300 1486 400
28 0 5 791 0 495 100 697 200 419 300 829 400
29 0 5 1487 0 598 100 1002 200 1210 300 478 400
30 0 5 1369 0 884 100 435 200 1094 300 237 400
31 0 5 951 0 303 100 506 200 1431 300 1111 400
32 0 5 854 0 1179 100 849 200 658 300 1323 400
33 0 5 436 0 16 100 1266 200 734 300 57 400
34 0 5 1199 0 379 100 227 200 1089 300 130 400
35 0 5 357 0 1179 100 2 200 619 300 1178 400
36 0 5 1315 0 1294 100 1223 200 669 300 162 400
37 0 5 89 0 105 100 292 200 11 300 760 400
38 0 5 1084 0 886 100 1425 200 848 300 1270 400
39 0 5 1071 0 766 100 532 200 1225 300 137 400
40 0 5 16 0 201 100 805 200 1411 300 57 400
41 0 5 163 0 816 100 815 200 1445 300 761 400
42 0 5 958 0 149 100 907 200 717 300 680 400
43 0 5 547 0 989 100 21 200 994 300 579 400
44 0 5 1395 0 1099 100 277 200 875 300 278 400
45 0 5 88 0 1293 100 360 200 253 300 1468 400
46 0 5 91 0 329 100 301 200 407 300 401 400
47 0 5 161 0 405 100 1049 200 748 300 352 400
48 0 5 1490 0 1319 100 1164 200 212 300 1408 400
49 0 5 922 0 155 100 934 200 935 300 205 400
50 0 5 1000 0 246 100 153 200 524 300 906 400
51 0 5 1257 0 641 100 527 200 1468 300 1142 400
52 0 5 1281 0 737 100 943 200 759 300 606 400
53 0 5 231 0 173 100 1296 200 1155 300 1185 400
54 0 5 1511 0 445 100 1349 200 1512 300 825 400
55 0 5 106 0 631 100 903 200 330 300 1182 400
56 0 5 1360 0 1188 100 87 200 595 300 900 400
57 0 5 136 0 734 100 113 200 40 300 33 400
58 0 5 22 0 1060 100 1399 200 725 300 1345 400
59 0 5 955 0 310 100 457 200 1415 300 752 400
60 0 5 762 0 1080 100 880 200 1176 300 1262 400
61 0 5 930 0 107 100 502 200 393 300 1485 400
62 0 5 289 0 572 100 1168 200 199 300 932 400
63 0 5 573 0 1078 100 1244 200 1278 300 1277 400
64 0 5 894 0 852 100 296 200 432 300 695 400
65 0 5 769 0 1320 100 489 200 995 300 846 400
66 0 5 998 0 203 100 788 200 1321 300 1259 400
67 0 5 604 0 813 100 323 200 377 300 998 400
68 0 5 534 0 1201 100 483 200 356 300 1105 400
69 0 5 1235 0 1154 100 1150 200 1439 300 1499 400
70 0 5 1213 0 1357 100 213 200 745 300 590 400
71 0 5 599 0 1053 100 1438 200 509 300 1415 400
72 0 5 519 0 206 100 1148 200 729 300 1212 400
73 0 5 776 0 678 100 492 200 507 300 258 400
74 0 5 1039 0 431 100 1158 200 1397 300 1299 400
75 0 5 1332 0 80 100 466 200 820 300 238 400
76 0 5 875 0 595 100 410 200 535 300 388 400
77 0 5 467 0 659 100 1092 200 1033 300 588 400
78 0 5 415 0 850 100 1448 200 359 300 485 400
79 0 5 1177 0 291 100 629 200 23 300 720 400
80 0 5 1449 0 75 100 238 200 466 300 1332 400
81 0 5 516 0 339 100 726 200 309 300 1449 400
82 0 5 1365 0 1494 100 1383 200 1289 300 1122 400
83 0 5 794 0 288 100 99 200 6 300 1211 400
84 0 5 1082 0 529 100 676 200 821 300 94 400
85 0 5 1175 0 213 100 1481 200 104 300 704 400
86 0 5 821 0 529 100 1200 200 969 300 846 400
87 0 5 1236 0 900 100 773 200 56 300 786 400
88 0 5 908 0 45 100 1293 200 253 300 360 400
89 0 5 37 0 760 100 444 200 208 300 105 400
90 0 5 855 0 1324 100 617 200 25 300 694 400
91 0 5 46 0 407 100 329 200 1172 300 163 400
92 0 5 1005 0 1152 100 1214 200 638 300 181 400
93 0 5 585 0 1484 100 473 200 642 300 1139 400
94 0 5 995 0 623 100 676 200 84 300 562 400
95 0 5 949 0 1386 100 1229 200 747 300 1441 400
96 0 5 133 0 1447 100 1252 200 741 300 1414 400
97 0 5 715 0 446 100 790 200 1327 300 1420 400
98 0 5 305 0 148 100 588 200 171 300 341 400
99 0 5 469 0 288 100 83 200 1125 300 1183 400
100 0 5 1135 0 1389 100 701 200 1477 300 1286 400
101 0 5 1131 0 118 100 837 200 1310 300 481 400
102 0 5 1037 0 1048 100 1085 200 819 300 260 400
103 0 5 179 0 863 100 432 200 775 300 546 400
104 0 5 337 0 340 100 85 200 1481 300 213 400
105 0 5 11 0 37 100 494 200 1230 300 760 400
106 0 5 413 0 55 100 1182 200 1161 300 903 400
107 0 5 886 0 61 100 393 200 930 300 848 400
108 0 5 443 0 1355 100 498 200 32 300 1323 400
109 0 5 1036 0 1151 100 1381 200 1075 300 497 400
110 0 5 1209 0 385 100 542 200 418 300 1108 400
111 0 5 890 0 1390 100 542 200 889 300 110 400
112 0 5 398 0 836 100 859 200 593 300 839 400
113 0 5 456 0 412 100 57 200 734 300 136 400
114 0 5 818 0 673 100 1181 200 348 300 1411 400
115 0 5 1274 0 121 100 691 200 1019 300 971 400
116 0 5 1272 0 832 100 960 200 1309 300 990 400
117 0 5 4 0 568 100 1331 200 1339 300 719 400
118 0 5 376 0 101 100 837 200 1192 300 571 400
119 0 5 1191 0 1373 100 744 200 783 300 1446 400
120 0 5 605 0 1342 100 340 200 518 300 20 400
121 0 5 129 0 115 100 1353 200 691 300 417 400
122 0 5 289 0 172 100 663 200 572 300 1009 400
123 0 5 1353 0 566 100 417 200 675 300 304 400
124 0 5 439 0 797 100 582 200 1083 300 550 400
125 0 5 1087 0 1422 100 1402 200 528 300 316 400
126 0 5 774 0 1103 100 1146 200 806 300 273 400
127 0 5 1427 0 245 100 1044 200 207 300 223 400
128 0 5 270 0 756 100 492 200 187 300 776 400
129 0 5 121 0 380 100 1205 200 482 300 691 400
130 0 5 1328 0 1199 100 227 200 882 300 34 400
131 0 5 325 0 1276 100 1384 200 1452 300 6 400
132 0 5 1234 0 1198 100 877 200 618 300 977 400
133 0 5 96 0 1447 100 1252 200 17 300 1358 400
134 0 5 556 0 486 100 1009 200 945 300 1444 400
135 0 5 696 0 1207 100 1283 200 933 300 801 400
136 0 5 57 0 666 100 1411 200 412 300 113 400
137 0 5 755 0 972 100 1225 200 330 300 985 400
138 0 5 1055 0 381 100 391 200 874 300 396 400
139 0 5 587 0 1107 100 558 200 409 300 1288 400
140 0 5 1150 0 1134 100 3 200 869 300 267 400
141 0 5 893 0 308 100 1346 200 810 300 615 400
142 0 5 500 0 674 100 282 200 515 300 962 400
143 0 5 657 0 541 100 1364 200 323 300 834 400
144 0 5 1112 0 661 100 414 200 370 300 745 400
145 0 5 1148 0 343 100 458 200 1212 300 1430 400
146 0 5 442 0 1216 100 1454 200 769 300 1253 400
147 0 5 794 0 1211 100 1126 200 735 300 83 400
148 0 5 588 0 98 100 1156 200 305 300 77 400
149 0 5 907 0 42 100 630 200 732 300 491 400
150 0 5 524 0 246 100 500 200 674 300 611 400
151 0 5 1026 0 795 100 902 200 1163 300 1047 400
152 0 5 921 0 1208 100 1142 200 214 300 641 400
153 0 5 1450 0 50 100 1376 200 246 300 906 400
154 0 5 1043 0 944 100 393 200 1488 300 1150 400
155 0 5 205 0 922 100 49 200 1202 300 1380 400
156 0 5 861 0 1052 100 1195 200 480 300 1168 400
157 0 5 365 0 578 100 895 200 844 300 964 400
158 0 5 1209 0 1257 100 921 200 1090 300 418 400
159 0 5 1232 0 1017 100 15 200 609 300 670 400
160 0 5 826 0 585 100 1484 200 93 300 1453 400
161 0 5 1049 0 47 100 285 200 405 300 1414 400
162 0 5 669 0 946 100 939 200 36 300 1315 400
163 0 5 329 0 41 100 816 200 91 300 461 400
164 0 5 298 0 13 100 245 200 601 300 1044 400
165 0 5 1309 0 195 100 347 200 504 300 403 400
166 0 5 817 0 721 100 1021 200 1314 300 1296 400
167 0 5 574 0 1240 100 1153 200 736 300 1034 400
168 0 5 387 0 394 100 531 200 223 300 127 400
169 0 5 571 0 948 100 1280 200 1165 300 1192 400
170 0 5 927 0 1374 100 841 200 12 300 342 400
171 0 5 982 0 305 100 467 200 98 300 341 400
172 0 5 122 0 486 100 1009 200 572 300 1270 400
173 0 5 1486 0 231 100 53 200 1185 300 1155 400
174 0 5 589 0 349 100 1472 200 193 300 374 400
175 0 5 1369 0 1278 100 1500 200 884 300 408 400
176 0 5 819 0 1048 100 249 200 1202 300 1029 400
177 0 5 1494 0 1103 100 273 200 1440 300 1022 400
178 0 5 1504 0 1503 100 222 200 202 300 978 400
179 0 5 1100 0 103 100 239 200 775 300 863 400
180 0 5 522 0 1192 100 837 200 948 300 118 400
181 0 5 801 0 1217 100 92 200 1214 300 988 400
182 0 5 1335 0 1003 100 624 200 1205 300 914 400
183 0 5 643 0 767 100 565 200 395 300 189 400
184 0 5 1410 0 1456 100 981 200 889 300 1072 400
185 0 5 261 0 450 100 375 200 763 300 874 400
186 0 5 257 0 1095 100 1097 200 311 300 1104 400
187 0 5 270 0 533 100 756 200 128 300 589 400
188 0 5 1360 0 424 100 692 200 679 300 1236 400
189 0 5 767 0 643 100 1308 200 820 300 183 400
190 0 5 657 0 923 100 1341 200 828 300 384 400
191 0 5 538 0 1077 100 1370 200 354 300 366 400
192 0 5 630 0 1458 100 1197 200 149 300 907 400
193 0 5 591 0 644 100 1464 200 349 300 374 400
194 0 5 1251 0 1341 100 828 200 536 300 980 400
195 0 5 165 0 504 100 1017 200 347 300 474 400
196 0 5 426 0 636 100 242 200 543 300 169 400
197 0 5 421 0 510 100 1434 200 1104 300 780 400
198 0 5 1488 0 754 100 956 200 1235 300 1499 400
199 0 5 1009 0 1237 100 1052 200 62 300 824 400
200 0 5 608 0 1275 100 1255 200 870 300 656 400
201 0 5 14 0 40 100 805 200 16 300 1077 400
202 0 5 1502 0 1 100 178 200 222 300 1221 400
203 0 5 788 0 66 100 998 200 1393 300 977 400
204 0 5 951 0 1421 100 1111 200 303 300 506 400
205 0 5 1029 0 155 100 935 200 49 300 1202 400
206 0 5 72 0 1148 100 519 200 729 300 856 400
207 0 5 1044 0 901 100 127 200 601 300 223 400
208 0 5 992 0 760 100 331 200 444 300 878 400
209 0 5 966 0 1385 100 326 200 1359 300 678 400
210 0 5 1083 0 286 100 717 200 439 300 386 400
211 0 5 910 0 503 100 1469 200 265 300 629 400
212 0 5 317 0 1324 100 1459 200 1212 300 694 400
213 0 5 1357 0 1175 100 340 200 85 300 70 400
214 0 5 1363 0 250 100 1208 200 152 300 1132 400
215 0 5 778 0 506 100 1093 200 358 300 1465 400
216 0 5 237 0 407 100 276 200 46 300 845 400
217 0 5 299 0 1273 100 1074 200 1336 300 429 400
218 0 5 1330 0 581 100 537 200 1413 300 1128 400
219 0 5 388 0 1285 100 1099 200 1008 300 727 400
220 0 5 526 0 562 100 1222 200 623 300 394 400
221 0 5 835 0 352 100 1136 200 283 300 405 400
222 0 5 978 0 791 100 690 200 178 300 1221 400
223 0 5 1432 0 739 100 901 200 744 300 783 400
224 0 5 850 0 335 100 711 200 359 300 1448 400
225 0 5 548 0 1388 100 736 200 1240 300 653 400
226 0 5 10 0 811 100 411 200 1323 300 459 400
227 0 5 1199 0 34 100 130 200 383 300 822 400
228 0 5 454 0 749 100 966 200 1167 300 1419 400
229 0 5 915 0 1011 100 1063 200 896 300 292 400
230 0 5 252 0 1057 100 1107 200 298 300 558 400
231 0 5 53 0 173 100 1185 200 1155 300 1296 400
232 0 5 1058 0 567 100 399 200 1347 300 1010 400
233 0 5 1173 0 1083 100 1014 200 42 300 286 400
234 0 5 904 0 1277 100 1078 200 612 300 1501 400
235 0 5 441 0 714 100 1413 200 1210 300 1361 400
236 0 5 1540 0 1 100 500 200 798 300 1497 400
237 0 5 216 0 435 100 1094 200 276 300 301 400
238 0 5 80 0 1465 100 726 200 1332 300 1449 400
239 0 5 1100 0 775 100 925 200 179 300 863 400
240 0 5 931 0 1307 100 420 200 1338 300 1106 400
241 0 5 422 0 1181 100 478 200 1195 300 1042 400
242 0 5 636 0 196 100 750 200 169 300 583 400
243 0 5 863 0 1082 100 821 200 103 300 529 400
244 0 5 683 0 750 100 1171 200 583 300 259 400
245 0 5 1427 0 127 100 164 200 1044 300 601 400
246 0 5 50 0 610 100 153 200 150 300 906 400
247 0 5 455 0 1401 100 425 200 272 300 1243 400
248 0 5 805 0 1181 100 705 200 1160 300 1411 400
249 0 5 551 0 320 100 1478 200 819 300 176 400
250 0 5 396 0 214 100 1208 200 391 300 1363 400
251 0 5 600 0 1451 100 1167 200 973 300 702 400
252 0 5 230 0 1057 100 799 200 298 300 1107 400
253 0 5 1337 0 908 100 45 200 88 300 1468 400
254 0 5 698 0 378 100 1189 200 1079 300 307 400
255 0 5 563 0 1149 100 338 200 540 300 1292 400
256 0 5 1460 0 1121 100 759 200 1083 300 1173 400
257 0 5 186 0 601 100 13 200 1097 300 901 400
258 0 5 1419 0 667 100 1398 200 710 300 228 400
259 0 5 683 0 583 100 1271 200 655 300 580 400
260 0 5 665 0 1085 100 1170 200 102 300 1065 400
261 0 5 26 0 185 100 1135 200 697 300 450 400
262 0 5 349 0 1030 100 492 200 374 300 591 400
263 0 5 1469 0 1177 100 629 200 211 300 910 400
264 0 5 1306 0 462 100 628 200 876 300 307 400
265 0 5 685 0 322 100 629 200 211 300 503 400
266 0 5 1326 0 970 100 1086 200 356 300 1242 400
267 0 5 869 0 1439 100 1095 200 140 300 69 400
268 0 5 1367 0 1453 100 843 200 405 300 1136 400
269 0 5 1069 0 1436 100 1067 200 1366 300 960 400
270 0 5 128 0 187 100 327 200 1422 300 756 400
271 0 5 1071 0 1169 100 1076 200 313 300 39 400
272 0 5 947 0 867 100 455 200 484 300 1106 400
273 0 5 806 0 847 100 177 200 1103 300 126 400
274 0 5 746 0 451 100 1288 200 139 300 933 400
275 0 5 934 0 1354 100 997 200 905 300 668 400
276 0 5 845 0 435 100 216 200 237 300 751 400
277 0 5 1099 0 44 100 1395 200 278 300 696 400
278 0 5 772 0 746 100 277 200 804 300 1395 400
279 0 5 718 0 315 100 650 200 497 300 1381 400
280 0 5 1070 0 1156 100 545 200 950 300 1033 400
281 0 5 24 0 992 100 1321 200 1350 300 622 400
282 0 5 674 0 500 100 326 200 142 300 1359 400
283 0 5 835 0 1079 100 369 200 221 300 1136 400
284 0 5 640 0 988 100 619 200 1437 300 1152 400
285 0 5 857 0 1414 100 47 200 161 300 1049 400
286 0 5 958 0 210 100 1083 200 717 300 42 400
287 0 5 560 0 541 100 1356 200 1364 300 1325 400
288 0 5 83 0 99 100 469 200 917 300 1028 400
289 0 5 122 0 62 100 572 200 199 300 663 400
290 0 5 1064 0 898 100 1410 200 1072 300 1392 400
291 0 5 79 0 720 100 891 200 1203 300 1177 400
292 0 5 915 0 1233 100 37 200 1063 300 89 400
293 0 5 596 0 917 100 460 200 1183 300 1001 400
294 0 5 434 0 414 100 704 200 1175 300 144 400
295 0 5 19 0 1182 100 413 200 916 300 903 400
296 0 5 1193 0 64 100 432 200 546 300 852 400
297 0 5 1138 0 713 100 1466 200 1435 300 795 400
298 0 5 164 0 311 100 230 200 245 300 13 400
299 0 5 217 0 1074 100 429 200 508 300 1046 400
300 0 5 1376 0 1239 100 559 200 1091 300 1264 400
301 0 5 1500 0 401 100 46 200 1241 300 237 400
302 0 5 914 0 1003 100 380 200 651 300 182 400
303 0 5 1046 0 31 100 204 200 951 300 1431 400
304 0 5 1123 0 675 100 651 200 123 300 380 400
305 0 5 98 0 171 100 588 200 467 300 148 400
306 0 5 972 0 1076 100 1040 200 328 300 137 400
307 0 5 378 0 876 100 1443 200 1189 300 698 400
308 0 5 1346 0 141 100 1247 200 810 300 615 400
309 0 5 516 0 964 100 81 200 539 300 578 400
310 0 5 752 0 59 100 457 200 955 300 728 400
311 0 5 1104 0 298 100 186 200 13 300 1263 400
312 0 5 923 0 953 100 1133 200 384 300 190 400
313 0 5 532 0 534 100 271 200 39 300 565 400
314 0 5 1010 0 1196 100 1170 200 1435 300 1347 400
315 0 5 650 0 279 100 414 200 983 300 1249 400
316 0 5 646 0 1025 100 709 200 1087 300 125 400
317 0 5 212 0 1324 100 1212 200 594 300 1459 400
318 0 5 968 0 1121 100 1460 200 1162 300 759 400
319 0 5 1194 0 751 100 435 200 1377 300 758 400
320 0 5 1368 0 392 100 249 200 1124 300 551 400
321 0 5 1287 0 705 100 805 200 1160 300 14 400
322 0 5 1379 0 265 100 503 200 211 300 1204 400
323 0 5 67 0 604 100 541 200 143 300 377 400
324 0 5 1260 0 1352 100 1267 200 432 300 475 400
325 0 5 1452 0 131 100 398 200 6 300 836 400
326 0 5 840 0 209 100 1359 200 454 300 282 400
327 0 5 1422 0 1402 100 776 200 270 300 1398 400
328 0 5 1317 0 972 100 823 200 985 300 306 400
329 0 5 163 0 46 100 91 200 816 300 407 400
330 0 5 755 0 631 100 137 200 903 300 568 400
331 0 5 1198 0 618 100 208 200 878 300 444 400
332 0 5 919 0 719 100 1088 200 985 300 1073 400
333 0 5 1184 0 419 100 525 200 829 300 1143 400
334 0 5 1366 0 720 100 1203 200 1177 300 291 400
335 0 5 224 0 682 100 1322 200 722 300 1448 400
336 0 5 821 0 969 100 475 200 402 300 529 400
337 0 5 514 0 104 100 340 200 1433 300 1481 400
338 0 5 5 0 540 100 255 200 1292 300 586 400
339 0 5 1431 0 726 100 81 200 1046 300 516 400
340 0 5 104 0 1357 100 213 200 20 300 337 400
341 0 5 1446 0 744 100 954 200 739 300 171 400
342 0 5 1012 0 470 100 1258 200 1101 300 927 400
343 0 5 716 0 1430 100 145 200 291 300 891 400
344 0 5 1117 0 1483 100 913 200 614 300 1345 400
345 0 5 1032 0 1021 100 1212 200 632 300 1148 400
346 0 5 1066 0 443 100 1441 200 868 300 1062 400
347 0 5 899 0 1309 100 165 200 195 300 990 400
348 0 5 800 0 472 100 114 200 818 300 673 400
349 0 5 262 0 174 100 374 200 492 300 193 400
350 0 5 1024 0 1495 100 1116 200 986 300 1219 400
351 0 5 942 0 453 100 559 200 671 300 1264 400
352 0 5 221 0 748 100 405 200 835 300 47 400
353 0 5 809 0 1455 100 612 200 1440 300 1227 400
354 0 5 1370 0 1077 100 191 200 1118 300 712 400
355 0 5 775 0 602 100 863 200 676 300 1082 400
356 0 5 534 0 1326 100 68 200 1105 300 266 400
357 0 5 35 0 1179 100 2 200 607 300 619 400
358 0 5 715 0 1465 100 215 200 449 300 603 400
359 0 5 768 0 850 100 1418 200 415 300 880 400
360 0 5 1254 0 1312 100 45 200 1142 300 1293 400
361 0 5 642 0 1457 100 634 200 741 300 93 400
362 0 5 1015 0 1406 100 703 200 851 300 908 400
363 0 5 724 0 448 100 814 200 627 300 1020 400
364 0 5 444 0 1198 100 922 200 1127 300 49 400
365 0 5 157 0 895 100 844 200 1364 300 578 400
366 0 5 548 0 653 100 1370 200 1412 300 1240 400
367 0 5 1279 0 520 100 465 200 865 300 1109 400
368 0 5 1352 0 475 100 324 200 1260 300 965 400
369 0 5 1079 0 916 100 283 200 1027 300 698 400
370 0 5 906 0 661 100 590 200 144 300 1000 400
371 0 5 782 0 1095 100 1263 200 747 300 808 400
372 0 5 1493 0 974 100 722 200 777 300 1322 400
373 0 5 1184 0 1269 100 525 200 437 300 1347 400
374 0 5 1120 0 349 100 492 200 262 300 533 400
375 0 5 450 0 1520 100 1521 200 490 300 185 400
376 0 5 118 0 1280 100 1192 200 571 300 837 400
377 0 5 998 0 813 100 67 200 323 300 604 400
378 0 5 307 0 1189 100 254 200 876 300 1443 400
379 0 5 1303 0 34 100 1472 200 227 300 1007 400
380 0 5 1205 0 129 100 651 200 302 300 1003 400
381 0 5 396 0 138 100 1158 200 1375 300 1055 400
382 0 5 1028 0 635 100 735 200 1218 300 1248 400
383 0 5 549 0 227 100 822 200 1291 300 627 400
384 0 5 1133 0 312 100 190 200 998 300 420 400
385 0 5 1157 0 586 100 110 200 1292 300 1108 400
386 0 5 717 0 439 100 582 200 1458 300 630 400
387 0 5 168 0 739 100 394 200 531 300 223 400
388 0 5 219 0 781 100 1268 200 1099 300 1285 400
389 0 5 1130 0 1070 100 280 200 526 300 545 400
390 0 5 637 0 796 100 639 200 1428 300 1242 400
391 0 5 1208 0 1142 100 138 200 250 300 214 400
392 0 5 662 0 1124 100 320 200 551 300 760 400
393 0 5 1187 0 107 100 61 200 848 300 154 400
394 0 5 168 0 531 100 387 200 220 300 1130 400
395 0 5 440 0 643 100 25 200 183 300 787 400
396 0 5 250 0 381 100 138 200 214 300 391 400
397 0 5 852 0 1267 100 432 200 577 300 64 400
398 0 5 112 0 836 100 325 200 6 300 1452 400
399 0 5 1119 0 1248 100 232 200 1058 300 567 400
400 0 5 496 0 504 100 403 200 1067 300 1272 400
401 0 5 1061 0 408 100 301 200 1500 300 46 400
402 0 5 969 0 1320 100 489 200 336 300 846 400
403 0 5 1272 0 400 100 1069 200 504 300 1067 400
404 0 5 666 0 1411 100 818 200 348 300 114 400
405 0 5 1453 0 47 100 352 200 1049 300 1136 400
406 0 5 1011 0 1040 100 796 200 802 300 1013 400
407 0 5 1172 0 91 100 216 200 46 300 462 400
408 0 5 699 0 401 100 1500 200 1061 300 1278 400
409 0 5 1222 0 1115 100 1045 200 139 300 220 400
410 0 5 1188 0 875 100 595 200 76 300 1360 400
411 0 5 459 0 672 100 226 200 10 300 1434 400
412 0 5 113 0 470 100 666 200 136 300 57 400
413 0 5 106 0 1161 100 295 200 19 300 1182 400
414 0 5 661 0 294 100 315 200 144 300 370 400
415 0 5 485 0 78 100 359 200 613 300 850 400
416 0 5 837 0 859 100 1125 200 1275 300 112 400
417 0 5 1353 0 566 100 648 200 123 300 971 400
418 0 5 1090 0 542 100 110 200 1209 300 158 400
419 0 5 333 0 829 100 495 200 28 300 525 400
420 0 5 1307 0 977 100 1393 200 931 300 240 400
421 0 5 197 0 780 100 633 200 1434 300 1348 400
422 0 5 1195 0 241 100 1237 200 1052 300 1181 400
423 0 5 621 0 615 100 1433 200 554 300 893 400
424 0 5 925 0 546 100 188 200 1236 300 1193 400
425 0 5 438 0 1401 100 591 200 644 300 247 400
426 0 5 543 0 196 100 242 200 169 300 862 400
427 0 5 577 0 695 100 670 200 15 300 1352 400
428 0 5 690 0 26 100 222 200 1221 300 450 400
429 0 5 508 0 299 100 217 200 1074 300 913 400
430 0 5 608 0 870 100 656 200 1417 300 1255 400
431 0 5 74 0 1299 100 599 200 677 300 1158 400
432 0 5 1260 0 1267 100 296 200 324 300 103 400
433 0 5 727 0 1268 100 1285 200 1340 300 1404 400
434 0 5 294 0 626 100 797 200 991 300 872 400
435 0 5 276 0 1094 100 237 200 319 300 30 400
436 0 5 33 0 16 100 1077 200 538 300 201 400
437 0 5 957 0 525 100 567 200 373 300 1143 400
438 0 5 425 0 1243 100 523 200 1068 300 1349 400
439 0 5 124 0 386 100 582 200 1083 300 872 400
440 0 5 395 0 770 100 25 200 1496 300 643 400
441 0 5 235 0 1361 100 714 200 1210 300 1038 400
442 0 5 146 0 769 100 995 200 65 300 1216 400
443 0 5 108 0 346 100 10 200 1355 300 868 400
444 0 5 364 0 760 100 208 200 89 300 331 400
445 0 5 1349 0 54 100 1462 200 1261 300 825 400
446 0 5 1327 0 603 100 97 200 715 300 1429 400
447 0 5 1041 0 1134 100 8 200 959 300 961 400
448 0 5 363 0 882 100 8 200 814 300 530 400
449 0 5 1332 0 493 100 358 200 1465 300 1420 400
450 0 5 375 0 690 100 26 200 185 300 261 400
451 0 5 696 0 274 100 1288 200 933 300 558 400
452 0 5 671 0 936 100 842 200 453 300 942 400
453 0 5 559 0 842 100 351 200 1264 300 1050 400
454 0 5 228 0 749 100 326 200 966 300 209 400
455 0 5 247 0 947 100 272 200 765 300 644 400
456 0 5 1012 0 113 100 734 200 1266 300 412 400
457 0 5 1053 0 59 100 310 200 955 300 660 400
458 0 5 476 0 594 100 1430 200 145 300 685 400
459 0 5 411 0 742 100 226 200 1178 300 1434 400
460 0 5 948 0 1001 100 293 200 596 300 522 400
461 0 5 706 0 753 100 1061 200 816 300 1146 400
462 0 5 1172 0 264 100 1306 200 876 300 407 400
463 0 5 1290 0 830 100 891 200 856 300 883 400
464 0 5 579 0 1371 100 1340 200 994 300 21 400
465 0 5 732 0 810 100 367 200 491 300 1109 400
466 0 5 576 0 75 100 80 200 785 300 1372 400
467 0 5 588 0 305 100 77 200 171 300 982 400
468 0 5 1045 0 505 100 679 200 602 300 804 400
469 0 5 1183 0 99 100 288 200 917 300 83 400
470 0 5 412 0 1101 100 342 200 666 300 113 400
471 0 5 825 0 1519 100 1518 200 555 300 860 400
472 0 5 911 0 348 100 1330 200 488 300 800 400
473 0 5 1139 0 1185 100 93 200 1155 300 501 400
474 0 5 1017 0 22 100 195 200 58 300 347 400
475 0 5 368 0 336 100 324 200 1260 300 1352 400
476 0 5 952 0 458 100 685 200 617 300 649 400
477 0 5 1366 0 1436 100 1290 200 1067 300 334 400
478 0 5 1487 0 241 100 29 200 598 300 1042 400
479 0 5 1232 0 609 100 552 200 1498 300 1060 400
480 0 5 512 0 1195 100 156 200 1042 300 241 400
481 0 5 1310 0 1417 100 101 200 837 300 1131 400
482 0 5 691 0 1294 100 1495 200 1315 300 129 400
483 0 5 1105 0 1201 100 1282 200 68 300 1308 400
484 0 5 867 0 272 100 980 200 686 300 455 400
485 0 5 415 0 613 100 1251 200 834 300 359 400
486 0 5 172 0 134 100 1009 200 556 300 499 400
487 0 5 889 0 981 100 7 200 385 300 1157 400
488 0 5 911 0 1128 100 472 200 1330 300 818 400
489 0 5 1320 0 846 100 65 200 969 300 402 400
490 0 5 660 0 1505 100 1504 200 375 300 728 400
491 0 5 732 0 1109 100 465 200 149 300 865 400
492 0 5 1120 0 73 100 128 200 349 300 756 400
493 0 5 1420 0 1204 100 449 200 503 300 1332 400
494 0 5 1230 0 1124 100 105 200 1368 300 392 400
495 0 5 28 0 419 100 333 200 525 300 1143 400
496 0 5 400 0 1067 100 504 200 269 300 403 400
497 0 5 1151 0 976 100 279 200 718 300 1381 400
498 0 5 1323 0 1355 100 108 200 226 300 10 400
499 0 5 930 0 1270 100 556 200 38 300 134 400
500 0 5 142 0 674 100 1521 200 1522 300 282 400
501 0 5 1139 0 585 100 826 200 1453 300 93 400
502 0 5 570 0 1220 100 61 200 1485 300 1166 400
503 0 5 1204 0 211 100 322 200 1420 300 910 400
504 0 5 195 0 400 100 496 200 1067 300 403 400
505 0 5 804 0 468 100 1045 200 679 300 746 400
506 0 5 1111 0 215 100 31 200 951 300 1465 400
507 0 5 678 0 1423 100 667 200 73 300 966 400
508 0 5 429 0 913 100 344 200 299 300 204 400
509 0 5 833 0 1397 100 599 200 71 300 1302 400
510 0 5 1263 0 197 100 1104 200 1434 300 747 400
511 0 5 831 0 1147 100 1374 200 841 300 1279 400
512 0 5 480 0 1042 100 710 200 861 300 764 400
513 0 5 1387 0 1514 100 1513 200 9 300 1362 400
514 0 5 337 0 1433 100 893 200 1481 300 518 400
515 0 5 674 0 689 100 1451 200 142 300 524 400
516 0 5 309 0 81 100 578 200 726 300 1372 400
517 0 5 820 0 1379 100 770 200 440 300 189 400
518 0 5 1342 0 993 100 621 200 1433 300 120 400
519 0 5 72 0 729 100 206 200 1148 300 1021 400
520 0 5 367 0 831 100 1279 200 865 300 1426 400
521 0 5 1289 0 1122 100 566 200 1047 300 971 400
522 0 5 180 0 1125 100 1001 200 837 300 460 400
523 0 5 1030 0 1068 100 438 200 471 300 555 400
524 0 5 702 0 150 100 1451 200 142 300 610 400
525 0 5 1184 0 437 100 333 200 373 300 419 400
526 0 5 220 0 1130 100 389 200 394 300 531 400
527 0 5 1337 0 51 100 641 200 1468 300 1257 400
528 0 5 1231 0 1087 100 1402 200 764 300 125 400
529 0 5 1200 0 86 100 846 200 84 300 821 400
530 0 5 1191 0 882 100 448 200 814 300 1373 400
531 0 5 394 0 1156 100 387 200 1070 300 168 400
532 0 5 565 0 313 100 766 200 39 300 787 400
533 0 5 822 0 187 100 1291 200 383 300 174 400
534 0 5 356 0 68 100 1201 200 313 300 1326 400
535 0 5 1096 0 595 100 900 200 76 300 56 400
536 0 5 1262 0 980 100 194 200 967 300 1080 400
537 0 5 714 0 218 100 1413 200 581 300 472 400
538 0 5 191 0 1266 100 1077 200 436 300 57 400
539 0 5 777 0 964 100 1493 200 309 300 1448 400
540 0 5 338 0 593 100 1470 200 255 300 5 400
541 0 5 287 0 604 100 143 200 1356 300 323 400
542 0 5 418 0 111 100 890 200 110 300 1390 400
543 0 5 426 0 862 100 948 200 196 300 1165 400
544 0 5 704 0 912 100 872 200 1481 300 294 400
545 0 5 280 0 950 100 1070 200 389 300 892 400
546 0 5 1193 0 424 100 296 200 432 300 925 400
547 0 5 43 0 854 100 21 200 994 300 32 400
548 0 5 225 0 366 100 1388 200 1240 300 736 400
549 0 5 1291 0 627 100 383 200 1020 300 363 400
550 0 5 759 0 918 100 797 200 1083 300 124 400
551 0 5 1380 0 249 100 662 200 392 300 155 400
552 0 5 965 0 670 100 479 200 1498 300 577 400
553 0 5 570 0 743 100 736 200 700 300 502 400
554 0 5 615 0 423 100 581 200 621 300 1247 400
555 0 5 471 0 523 100 438 200 1068 300 825 400
556 0 5 134 0 1485 100 499 200 1444 300 930 400
557 0 5 984 0 669 100 823 200 1474 300 896 400
558 0 5 1107 0 1288 100 933 200 139 300 230 400
559 0 5 453 0 1264 100 300 200 351 300 842 400
560 0 5 1325 0 287 100 1492 200 1364 300 541 400
561 0 5 860 0 1522 100 236 200 1359 300 1068 400
562 0 5 1115 0 1222 100 623 200 220 300 409 400
563 0 5 255 0 1149 100 1015 200 1452 300 586 400
564 0 5 1463 0 1023 100 1354 200 905 300 708 400
565 0 5 532 0 787 100 183 200 767 300 313 400
566 0 5 648 0 417 100 123 200 521 300 1047 400
567 0 5 232 0 437 100 957 200 1347 300 419 400
568 0 5 1339 0 1331 100 117 200 4 300 903 400
569 0 5 935 0 934 100 668 200 1354 300 49 400
570 0 5 553 0 502 100 1220 200 743 300 736 400
571 0 5 169 0 1192 100 1280 200 948 300 376 400
572 0 5 62 0 289 100 932 200 663 300 122 400
573 0 5 63 0 1278 100 1244 200 1078 300 699 400
574 0 5 167 0 1153 100 652 200 736 300 996 400
575 0 5 1031 0 1080 100 1092 200 1007 300 1174 400
576 0 5 785 0 466 100 1372 200 80 300 1449 400
577 0 5 427 0 670 100 1267 200 1352 300 552 400
578 0 5 157 0 1372 100 516 200 309 300 909 400
579 0 5 464 0 1371 100 757 200 1340 300 989 400
580 0 5 1329 0 1378 100 259 200 1271 300 655 400
581 0 5 218 0 12 100 1304 200 554 300 537 400
582 0 5 1265 0 797 100 439 200 124 300 386 400
583 0 5 655 0 259 100 1378 200 750 300 244 400
584 0 5 899 0 725 100 990 200 1421 300 681 400
585 0 5 160 0 93 100 501 200 826 300 1484 400
586 0 5 1108 0 385 100 1292 200 1015 300 563 400
587 0 5 1107 0 139 100 230 200 558 300 1288 400
588 0 5 467 0 148 100 305 200 98 300 1033 400
589 0 5 1303 0 174 100 187 200 1472 300 379 400
590 0 5 1000 0 610 100 1213 200 745 300 370 400
591 0 5 193 0 425 100 1030 200 523 300 262 400
592 0 5 1226 0 1350 100 813 200 622 300 637 400
593 0 5 839 0 540 100 112 200 836 300 255 400
594 0 5 617 0 458 100 1324 200 317 300 145 400
595 0 5 535 0 76 100 410 200 56 300 1188 400
596 0 5 293 0 1329 100 917 200 460 300 1271 400
597 0 5 967 0 1174 100 1080 200 575 300 980 400
598 0 5 29 0 1002 100 1487 200 478 300 1419 400
599 0 5 71 0 509 100 431 200 1053 300 833 400
600 0 5 973 0 251 100 793 200 1491 300 605 400
601 0 5 13 0 1044 100 257 200 245 300 901 400
602 0 5 676 0 355 100 1045 200 468 300 775 400
603 0 5 778 0 446 100 1056 200 715 300 215 400
604 0 5 67 0 1356 100 323 200 541 300 1226 400
605 0 5 120 0 1342 100 793 200 20 300 702 400
606 0 5 918 0 871 100 759 200 943 300 550 400
607 0 5 2 0 1179 100 888 200 357 300 35 400
608 0 5 430 0 200 100 656 200 870 300 1255 400
609 0 5 1060 0 479 100 1232 200 159 300 1498 400
610 0 5 590 0 246 100 1000 200 1213 300 524 400
611 0 5 1497 0 1450 100 1362 200 798 300 1091 400
612 0 5 1440 0 809 100 1501 200 353 300 904 400
613 0 5 1251 0 485 100 880 200 415 300 359 400
614 0 5 1483 0 1498 100 913 200 965 300 1117 400
615 0 5 1346 0 554 100 423 200 141 300 1247 400
616 0 5 27 0 723 100 1228 200 721 300 707 400
617 0 5 594 0 90 100 1324 200 1496 300 952 400
618 0 5 1198 0 331 100 878 200 1259 300 132 400
619 0 5 1152 0 2 100 284 200 35 300 607 400
620 0 5 996 0 684 100 1482 200 1153 300 937 400
621 0 5 423 0 1433 100 518 200 1038 300 993 400
622 0 5 1321 0 1350 100 281 200 592 300 637 400
623 0 5 94 0 562 100 676 200 220 300 995 400
624 0 5 819 0 182 100 1478 200 1037 300 1335 400
625 0 5 748 0 698 100 1079 200 352 300 254 400
626 0 5 1265 0 434 100 872 200 582 300 294 400
627 0 5 814 0 549 100 363 200 383 300 227 400
628 0 5 1306 0 845 100 751 200 264 300 276 400
629 0 5 23 0 263 100 1177 200 79 300 265 400
630 0 5 192 0 907 100 149 200 1458 300 386 400
631 0 5 330 0 55 100 755 200 903 300 137 400
632 0 5 1405 0 1238 100 1021 200 1032 300 345 400
633 0 5 742 0 780 100 421 200 1434 300 1348 400
634 0 5 741 0 1484 100 361 200 96 300 93 400
635 0 5 382 0 1218 100 1248 200 1435 300 735 400
636 0 5 242 0 196 100 1471 200 750 300 1059 400
637 0 5 390 0 1350 100 1226 200 1013 300 887 400
638 0 5 1178 0 92 100 1152 200 35 300 619 400
639 0 5 1428 0 1226 100 390 200 1492 300 592 400
640 0 5 1437 0 284 100 888 200 619 300 988 400
641 0 5 51 0 921 100 527 200 1142 300 1257 400
642 0 5 361 0 1457 100 1486 200 93 300 634 400
643 0 5 395 0 183 100 767 200 189 300 440 400
644 0 5 765 0 193 100 425 200 1401 300 455 400
645 0 5 1351 0 688 100 978 200 829 300 222 400
646 0 5 316 0 1343 100 1025 200 959 300 1020 400
647 0 5 1308 0 483 100 820 200 1201 300 189 400
648 0 5 971 0 566 100 417 200 123 300 521 400
649 0 5 685 0 23 100 458 200 629 300 476 400
650 0 5 315 0 279 100 1249 200 1381 300 370 400
651 0 5 1246 0 304 100 1123 200 380 300 302 400
652 0 5 879 0 574 100 956 200 736 300 996 400
653 0 5 1412 0 366 100 1215 200 1388 300 548 400
654 0 5 938 0 1034 100 1153 200 1467 300 1482 400
655 0 5 583 0 1378 100 259 200 242 300 683 400
656 0 5 1470 0 1255 100 608 200 540 300 200 400
657 0 5 190 0 143 100 828 200 323 300 1364 400
658 0 5 849 0 811 100 1323 200 32 300 1178 400
659 0 5 1081 0 1092 100 77 200 1199 300 1089 400
660 0 5 490 0 457 100 1520 200 1519 300 375 400
661 0 5 414 0 144 100 370 200 315 300 1249 400
662 0 5 392 0 551 100 1127 200 1380 300 1124 400
663 0 5 1270 0 1343 100 1084 200 572 300 122 400
664 0 5 697 0 1143 100 1477 200 1135 300 791 400
665 0 5 260 0 1065 100 1269 200 1196 300 1170 400
666 0 5 404 0 136 100 412 200 1411 300 1101 400
667 0 5 258 0 1423 100 749 200 507 300 1419 400
668 0 5 1354 0 905 100 275 200 645 300 1023 400
669 0 5 162 0 557 100 1223 200 896 300 36 400
670 0 5 577 0 552 100 15 200 427 300 965 400
671 0 5 452 0 936 100 942 200 351 300 858 400
672 0 5 10 0 411 100 1434 200 868 300 1062 400
673 0 5 114 0 348 100 478 200 800 300 818 400
674 0 5 515 0 282 100 142 200 500 300 524 400
675 0 5 1047 0 304 100 1301 200 123 300 1123 400
676 0 5 602 0 623 100 94 200 84 300 1115 400
677 0 5 771 0 1375 100 431 200 1299 300 1055 400
678 0 5 1385 0 507 100 73 200 209 300 966 400
679 0 5 468 0 692 100 804 200 188 300 772 400
680 0 5 1159 0 1426 100 853 200 42 300 1014 400
681 0 5 1093 0 778 100 1056 200 584 300 215 400
682 0 5 1216 0 1253 100 892 200 335 300 711 400
683 0 5 244 0 259 100 583 200 1271 300 864 400
684 0 5 1482 0 620 100 937 200 1298 300 1153 400
685 0 5 649 0 265 100 476 200 458 300 23 400
686 0 5 1174 0 687 100 1464 200 765 300 867 400
687 0 5 1464 0 686 100 1472 200 1174 300 174 400
688 0 5 645 0 178 100 1351 200 708 300 202 400
689 0 5 1451 0 515 100 142 200 674 300 251 400
690 0 5 428 0 450 100 697 200 222 300 791 400
691 0 5 1495 0 482 100 1116 200 115 300 121 400
692 0 5 772 0 679 100 188 200 804 300 1360 400
693 0 5 18 0 1059 100 838 200 636 300 864 400
694 0 5 1475 0 1459 100 90 200 733 300 212 400
695 0 5 427 0 15 100 786 200 1017 300 670 400
696 0 5 933 0 451 100 135 200 1207 300 277 400
697 0 5 664 0 690 100 1143 200 261 300 28 400
698 0 5 625 0 254 100 1443 200 1079 300 857 400
699 0 5 1244 0 408 100 1006 200 897 300 401 400
700 0 5 743 0 956 100 553 200 944 300 652 400
701 0 5 1054 0 1389 100 1126 200 100 300 1286 400
702 0 5 793 0 20 100 605 200 251 300 340 400
703 0 5 1102 0 851 100 1389 200 362 300 701 400
704 0 5 544 0 294 100 1481 200 85 300 1112 400
705 0 5 1160 0 321 100 824 200 248 300 805 400
706 0 5 461 0 1224 100 816 200 1146 300 1024 400
707 0 5 817 0 27 100 721 200 1296 300 53 400
708 0 5 1507 0 1506 100 997 200 1023 300 1463 400
709 0 5 932 0 1087 100 316 200 1231 300 1422 400
710 0 5 1419 0 1398 100 1042 200 764 300 512 400
711 0 5 892 0 1114 100 1418 200 224 300 682 400
712 0 5 1215 0 827 100 1370 200 1118 300 1424 400
713 0 5 1110 0 1435 100 297 200 1218 300 1138 400
714 0 5 235 0 537 100 1413 200 441 300 1038 400
715 0 5 358 0 97 100 603 200 1420 300 446 400
716 0 5 343 0 1430 100 145 200 458 300 23 400
717 0 5 386 0 210 100 286 200 958 300 42 400
718 0 5 1140 0 279 100 497 200 1381 300 315 400
719 0 5 332 0 761 100 1339 200 1088 300 4 400
720 0 5 1203 0 291 100 334 200 1177 300 79 400
721 0 5 166 0 1228 100 729 200 616 300 1021 400
722 0 5 372 0 974 100 1493 200 777 300 1322 400
723 0 5 979 0 616 100 27 200 1228 300 721 400
724 0 5 1020 0 363 100 8 200 448 300 959 400
725 0 5 1399 0 1345 100 584 200 58 300 1421 400
726 0 5 1449 0 339 100 81 200 238 300 80 400
727 0 5 433 0 888 100 1285 200 219 300 1340 400
728 0 5 752 0 1509 100 1508 200 457 300 310 400
729 0 5 1228 0 519 100 721 200 1021 300 206 400
730 0 5 815 0 803 100 41 200 1313 300 1172 400
731 0 5 858 0 1397 100 1302 200 1039 300 833 400
732 0 5 491 0 465 100 149 200 810 300 367 400
733 0 5 1225 0 787 100 694 200 755 300 55 400
734 0 5 1266 0 57 100 33 200 113 300 456 400
735 0 5 1248 0 382 100 1054 200 635 300 147 400
736 0 5 1240 0 553 100 574 200 225 300 652 400
737 0 5 943 0 52 100 873 200 871 300 1403 400
738 0 5 1197 0 885 100 872 200 912 300 1458 400
739 0 5 341 0 387 100 223 200 744 300 171 400
740 0 5 1245 0 945 100 1118 200 1424 300 1287 400
741 0 5 634 0 1252 100 96 200 361 300 1484 400
742 0 5 633 0 459 100 780 200 411 300 672 400
743 0 5 700 0 553 100 944 200 570 300 61 400
744 0 5 783 0 1446 100 341 200 119 300 223 400
745 0 5 1112 0 590 100 370 200 144 300 70 400
746 0 5 274 0 278 100 804 200 505 300 451 400
747 0 5 1434 0 782 100 1386 200 949 300 1062 400
748 0 5 625 0 352 100 857 200 47 300 698 400
749 0 5 966 0 228 100 454 200 667 300 1423 400
750 0 5 1171 0 244 100 242 200 583 300 636 400
751 0 5 1409 0 812 100 319 200 845 300 1396 400
752 0 5 310 0 728 100 59 200 457 300 513 400
753 0 5 1061 0 461 100 897 200 1146 300 408 400
754 0 5 1298 0 198 100 956 200 879 300 937 400
755 0 5 330 0 137 100 631 200 1225 300 733 400
756 0 5 1120 0 128 100 187 200 492 300 270 400
757 0 5 1404 0 1268 100 1340 200 781 300 579 400
758 0 5 941 0 1414 100 792 200 1358 300 319 400
759 0 5 550 0 918 100 256 200 52 300 1121 400
760 0 5 89 0 444 100 208 200 392 300 1127 400
761 0 5 1445 0 719 100 1088 200 4 300 41 400
762 0 5 1176 0 60 100 1186 200 768 300 807 400
763 0 5 874 0 660 100 975 200 185 300 771 400
764 0 5 861 0 1398 100 710 200 1168 300 528 400
765 0 5 644 0 947 100 1464 200 686 300 455 400
766 0 5 1225 0 39 100 532 200 787 300 565 400
767 0 5 189 0 183 100 643 200 565 300 1201 400
768 0 5 359 0 1418 100 880 200 762 300 1186 400
769 0 5 65 0 442 100 1273 200 1320 300 146 400
770 0 5 440 0 1496 100 952 200 1379 300 517 400
771 0 5 975 0 677 100 1375 200 1055 300 763 400
772 0 5 692 0 278 100 804 200 679 300 746 400
773 0 5 786 0 894 100 87 200 64 300 296 400
774 0 5 126 0 1103 100 928 200 897 300 1006 400
775 0 5 355 0 239 100 863 200 179 300 103 400
776 0 5 73 0 327 100 1402 200 1422 300 128 400
777 0 5 539 0 1493 100 722 200 372 300 964 400
778 0 5 603 0 681 100 215 200 1093 300 1056 400
779 0 5 1358 0 1447 100 1414 200 96 300 133 400
780 0 5 633 0 421 100 1348 200 742 300 1104 400
781 0 5 388 0 1268 100 757 200 987 300 1391 400
782 0 5 371 0 747 100 1095 200 1263 300 1154 400
783 0 5 744 0 1432 100 1097 200 119 300 223 400
784 0 5 1194 0 792 100 1377 200 758 300 812 400
785 0 5 576 0 1372 100 466 200 1449 300 80 400
786 0 5 773 0 894 100 1256 200 695 300 87 400
787 0 5 25 0 565 100 733 200 90 300 766 400
788 0 5 203 0 1393 100 977 200 66 300 420 400
789 0 5 1443 0 1396 100 1409 200 792 300 628 400
790 0 5 1429 0 97 100 1327 200 832 300 1420 400
791 0 5 28 0 978 100 222 200 690 300 697 400
792 0 5 941 0 784 100 758 200 1414 300 1396 400
793 0 5 702 0 605 100 600 200 993 300 251 400
794 0 5 83 0 147 100 288 200 1211 300 99 400
795 0 5 151 0 1163 100 1466 200 297 300 1047 400
796 0 5 1011 0 390 100 1013 200 406 300 940 400
797 0 5 124 0 550 100 582 200 434 300 1265 400
798 0 5 1510 0 1509 100 1497 200 1362 300 611 400
799 0 5 1348 0 1057 100 801 200 92 300 311 400
800 0 5 1413 0 348 100 472 200 673 300 1330 400
801 0 5 181 0 1348 100 799 200 1057 300 1217 400
802 0 5 1040 0 1018 100 406 200 940 300 796 400
803 0 5 1313 0 730 100 815 200 1098 300 1145 400
804 0 5 505 0 679 100 772 200 746 300 278 400
805 0 5 248 0 201 100 321 200 14 300 40 400
806 0 5 273 0 847 100 1146 200 126 300 1103 400
807 0 5 1114 0 1295 100 950 200 1418 300 1186 400
808 0 5 1439 0 1154 100 1095 200 69 300 267 400
809 0 5 353 0 612 100 1440 200 1455 300 1501 400
810 0 5 465 0 1304 100 732 200 1279 300 149 400
811 0 5 658 0 849 100 226 200 1178 300 10 400
812 0 5 1377 0 751 100 1396 200 1409 300 792 400
813 0 5 377 0 67 100 1226 200 592 300 998 400
814 0 5 627 0 882 100 363 200 448 300 383 400
815 0 5 730 0 1145 100 41 200 803 300 163 400
816 0 5 1224 0 706 100 41 200 1344 300 163 400
817 0 5 166 0 707 100 721 200 1296 300 1021 400
818 0 5 114 0 1411 100 404 200 348 300 673 400
819 0 5 1037 0 624 100 176 200 1048 300 249 400
820 0 5 517 0 647 100 189 200 1308 300 75 400
821 0 5 86 0 336 100 243 200 475 300 969 400
822 0 5 533 0 1291 100 383 200 379 300 227 400
823 0 5 896 0 557 100 1073 200 1317 300 328 400
824 0 5 1160 0 705 100 1237 200 199 300 1052 400
825 0 5 1513 0 471 100 1512 200 54 300 445 400
826 0 5 160 0 501 100 1453 200 585 300 1484 400
827 0 5 1424 0 712 100 1444 200 1215 300 1388 400
828 0 5 1129 0 657 100 190 200 194 300 1341 400
829 0 5 1351 0 333 100 419 200 1184 300 645 400
830 0 5 463 0 856 100 1290 200 883 300 979 400
831 0 5 511 0 520 100 1147 200 1374 300 1279 400
832 0 5 116 0 960 100 990 200 1429 300 790 400
833 0 5 1302 0 509 100 1397 200 599 300 731 400
834 0 5 1129 0 828 100 485 200 143 300 1364 400
835 0 5 221 0 283 100 352 200 1079 300 1136 400
836 0 5 1149 0 398 100 112 200 1452 300 593 400
837 0 5 416 0 1125 100 180 200 101 300 859 400
838 0 5 1059 0 864 100 1171 200 693 300 244 400
839 0 5 593 0 1255 100 112 200 1470 300 1275 400
840 0 5 326 0 962 100 1359 200 500 300 966 400
841 0 5 12 0 1279 100 927 200 1304 300 581 400
842 0 5 452 0 453 100 1050 200 351 300 936 400
843 0 5 1367 0 1407 100 268 200 1136 300 1405 400
844 0 5 1325 0 895 100 1364 200 365 300 143 400
845 0 5 276 0 628 100 751 200 216 300 1409 400
846 0 5 1200 0 489 100 529 200 969 300 65 400
847 0 5 806 0 1019 100 273 200 1022 300 1146 400
848 0 5 886 0 1425 100 961 200 38 300 393 400
849 0 5 658 0 811 100 1178 200 32 300 638 400
850 0 5 224 0 359 100 78 200 1448 300 415 400
851 0 5 866 0 703 100 362 200 1102 300 1389 400
852 0 5 397 0 64 100 432 200 1267 300 296 400
853 0 5 1426 0 865 100 680 200 491 300 1109 400
854 0 5 32 0 547 100 1179 200 21 300 607 400
855 0 5 25 0 90 100 1496 200 617 300 440 400
856 0 5 883 0 830 100 979 200 1290 300 206 400
857 0 5 285 0 748 100 698 200 1443 300 1414 400
858 0 5 731 0 936 100 942 200 671 300 1442 400
859 0 5 416 0 1275 100 112 200 837 300 1255 400
860 0 5 1068 0 561 100 471 200 825 300 1359 400
861 0 5 156 0 764 100 1052 200 710 300 512 400
862 0 5 1165 0 543 100 169 200 948 300 571 400
863 0 5 243 0 1082 100 103 200 775 300 355 400
864 0 5 838 0 1026 100 1271 200 1171 300 1227 400
865 0 5 1109 0 853 100 367 200 520 300 491 400
866 0 5 1384 0 851 100 703 200 131 300 1276 400
867 0 5 947 0 272 100 1464 200 484 300 686 400
868 0 5 1066 0 1062 100 10 200 672 300 443 400
869 0 5 267 0 1334 100 1097 200 140 300 1041 400
870 0 5 430 0 1311 100 1417 200 200 300 608 400
871 0 5 606 0 1403 100 943 200 918 300 737 400
872 0 5 912 0 544 100 626 200 738 300 386 400
873 0 5 1316 0 926 100 737 200 943 300 1403 400
874 0 5 763 0 1055 100 138 200 975 300 1254 400
875 0 5 76 0 410 100 1188 200 1360 300 1395 400
876 0 5 1400 0 307 100 1189 200 378 300 1172 400
877 0 5 132 0 1234 100 1198 200 977 300 618 400
878 0 5 1259 0 992 100 331 200 618 300 208 400
879 0 5 996 0 652 100 754 200 1298 300 956 400
880 0 5 1262 0 60 100 768 200 1251 300 359 400
881 0 5 1144 0 1391 100 900 200 1096 300 535 400
882 0 5 814 0 448 100 530 200 130 300 363 400
883 0 5 856 0 891 100 830 200 463 300 343 400
884 0 5 30 0 1241 100 1094 200 1500 300 1369 400
885 0 5 893 0 738 100 1197 200 912 300 141 400
886 0 5 107 0 38 100 848 200 930 300 393 400
887 0 5 24 0 1233 100 1013 200 1063 300 992 400
888 0 5 1437 0 1340 100 727 200 607 300 640 400
889 0 5 487 0 1390 100 111 200 981 300 1456 400
890 0 5 1390 0 111 100 542 200 418 300 889 400
891 0 5 883 0 1203 100 291 200 463 300 1290 400
892 0 5 711 0 682 100 1253 200 1114 300 545 400
893 0 5 141 0 885 100 1433 200 423 300 514 400
894 0 5 64 0 773 100 786 200 296 300 87 400
895 0 5 365 0 844 100 157 200 1364 300 1325 400
896 0 5 823 0 557 100 669 200 229 300 1317 400
897 0 5 1006 0 928 100 753 200 774 300 1146 400
898 0 5 290 0 1072 100 1470 200 1392 300 656 400
899 0 5 584 0 347 100 1309 200 990 300 725 400
900 0 5 1256 0 87 100 881 200 535 300 1144 400
901 0 5 1432 0 207 100 223 200 257 300 601 400
902 0 5 1383 0 1026 100 1047 200 1289 300 521 400
903 0 5 1182 0 55 100 631 200 330 300 568 400
904 0 5 234 0 1501 100 612 200 1471 300 1227 400
905 0 5 1354 0 997 100 1023 200 564 300 275 400
906 0 5 370 0 153 100 246 200 1239 300 1113 400
907 0 5 149 0 630 100 42 200 717 300 192 400
908 0 5 88 0 253 100 1337 200 1468 300 362 400
909 0 5 1086 0 1282 100 1297 200 1416 300 1492 400
910 0 5 1469 0 211 100 960 200 790 300 503 400
911 0 5 488 0 472 100 1330 200 1128 300 537 400
912 0 5 872 0 544 100 1481 200 738 300 885 400
913 0 5 508 0 344 100 1483 200 614 300 336 400
914 0 5 302 0 1037 100 1246 200 182 300 1003 400
915 0 5 229 0 292 100 1063 200 1233 300 162 400
916 0 5 19 0 369 100 1027 200 1098 300 1161 400
917 0 5 293 0 1028 100 1218 200 288 300 596 400
918 0 5 606 0 759 100 550 200 871 300 797 400
919 0 5 332 0 1073 100 1088 200 1317 300 823 400
920 0 5 1305 0 1254 100 1479 200 1312 300 1206 400
921 0 5 152 0 641 100 158 200 1142 300 214 400
922 0 5 1127 0 49 100 155 200 1380 300 364 400
923 0 5 312 0 1341 100 190 200 828 300 953 400
924 0 5 1207 0 1283 100 1008 200 135 300 696 400
925 0 5 424 0 1100 100 239 200 546 300 188 400
926 0 5 1140 0 873 100 983 200 1316 300 991 400
927 0 5 170 0 841 100 12 200 1258 300 1374 400
928 0 5 1006 0 897 100 774 200 126 300 1146 400
929 0 5 1048 0 1333 100 1141 200 373 300 935 400
930 0 5 499 0 61 100 556 200 886 300 1270 400
931 0 5 1338 0 240 100 977 200 420 300 1307 400
932 0 5 709 0 663 100 572 200 62 300 1168 400
933 0 5 696 0 1288 100 451 200 558 300 135 400
934 0 5 275 0 569 100 1354 200 49 300 364 400
935 0 5 569 0 1029 100 49 200 205 300 1141 400
936 0 5 858 0 671 100 452 200 842 300 942 400
937 0 5 1298 0 684 100 1482 200 1499 300 938 400
938 0 5 654 0 1467 100 937 200 1482 300 1153 400
939 0 5 946 0 11 100 162 200 1315 300 1230 400
940 0 5 1489 0 1242 100 390 200 796 300 1018 400
941 0 5 758 0 792 100 1414 200 784 300 1358 400
942 0 5 351 0 999 100 671 200 1442 300 858 400
943 0 5 737 0 52 100 873 200 871 300 1403 400
944 0 5 154 0 743 100 956 200 1488 300 700 400
945 0 5 740 0 1287 100 1245 200 1009 300 134 400
946 0 5 939 0 11 100 162 200 292 300 1233 400
947 0 5 765 0 867 100 272 200 455 300 1464 400
948 0 5 460 0 169 100 1192 200 180 300 1329 400
949 0 5 1062 0 95 100 747 200 1441 300 1434 400
950 0 5 1295 0 807 100 1033 200 545 300 280 400
951 0 5 31 0 204 100 1111 200 506 300 303 400
952 0 5 1496 0 476 100 770 200 617 300 685 400
953 0 5 312 0 1133 100 1106 200 980 300 1035 400
954 0 5 1446 0 1328 100 341 200 882 300 171 400
955 0 5 59 0 1415 100 1438 200 457 300 310 400
956 0 5 700 0 652 100 944 200 198 300 1488 400
957 0 5 437 0 1119 100 567 200 1143 300 399 400
958 0 5 42 0 286 100 717 200 233 300 907 400
959 0 5 8 0 961 100 447 200 1425 300 1343 400
960 0 5 832 0 910 100 1069 200 116 300 790 400
961 0 5 959 0 848 100 3 200 1425 300 447 400
962 0 5 1503 0 1502 100 840 200 500 300 1359 400
963 0 5 1394 0 1016 100 1027 200 1284 300 1300 400
964 0 5 1448 0 539 100 309 200 516 300 777 400
965 0 5 552 0 1498 100 1352 200 614 300 670 400
966 0 5 209 0 749 100 1423 200 454 300 678 400
967 0 5 1080 0 597 100 536 200 60 300 1174 400
968 0 5 1162 0 318 100 1121 200 759 300 1460 400
969 0 5 402 0 86 100 336 200 1200 300 846 400
970 0 5 1086 0 266 100 1326 200 1105 300 356 400
971 0 5 648 0 1122 100 1022 200 1019 300 521 400
972 0 5 306 0 985 100 137 200 328 300 1317 400
973 0 5 600 0 1137 100 1491 200 1167 300 251 400
974 0 5 372 0 722 100 1454 200 1336 300 1074 400
975 0 5 771 0 763 100 874 200 1053 300 1055 400
976 0 5 1316 0 497 100 1140 200 926 300 873 400
977 0 5 931 0 788 100 420 200 1393 300 1259 400
978 0 5 791 0 222 100 1382 200 1514 300 645 400
979 0 5 723 0 1290 100 1228 200 27 300 729 400
980 0 5 536 0 953 100 484 200 194 300 1106 400
981 0 5 487 0 1410 100 184 200 889 300 7 400
982 0 5 171 0 1089 100 1328 200 467 300 305 400
983 0 5 991 0 926 100 315 200 279 300 1140 400
984 0 5 1474 0 557 100 1223 200 1073 300 1317 400
985 0 5 1339 0 972 100 332 200 1317 300 719 400
986 0 5 1344 0 350 100 1024 200 1116 300 1223 400
987 0 5 1391 0 1096 100 781 200 388 300 76 400
988 0 5 1005 0 284 100 1283 200 1152 300 1217 400
989 0 5 43 0 994 100 21 200 579 300 464 400
990 0 5 1056 0 832 100 1309 200 116 300 584 400
991 0 5 983 0 1403 100 926 200 434 300 873 400
992 0 5 208 0 281 100 1321 200 24 300 887 400
993 0 5 1491 0 518 100 1038 200 1342 300 621 400
994 0 5 21 0 989 100 547 200 888 300 1340 400
995 0 5 442 0 94 100 65 200 769 300 623 400
996 0 5 879 0 620 100 652 200 574 300 1153 400
997 0 5 708 0 905 100 1354 200 1023 300 54 400
998 0 5 377 0 66 100 203 200 788 300 384 400
999 0 5 1387 0 942 100 1442 200 9 300 513 400
1000 0 5 50 0 590 100 610 200 370 300 906 400
1001 0 5 1183 0 522 100 460 200 1125 300 293 400
1002 0 5 1167 0 598 100 1361 200 29 300 1210 400
1003 0 5 1205 0 182 100 302 200 914 300 380 400
1004 0 5 1229 0 1467 100 1499 200 1051 300 1441 400
1005 0 5 1214 0 988 100 92 200 1152 300 1217 400
1006 0 5 928 0 897 100 1244 200 699 300 1277 400
1007 0 5 1461 0 1031 100 1472 200 575 300 379 400
1008 0 5 1285 0 1283 100 1099 200 924 300 219 400
1009 0 5 486 0 134 100 199 200 172 300 945 400
1010 0 5 314 0 1058 100 1347 200 232 300 1269 400
1011 0 5 406 0 229 100 796 200 1063 300 1040 400
1012 0 5 456 0 342 100 1147 200 412 300 1374 400
1013 0 5 1063 0 887 100 1233 200 796 300 1011 400
1014 0 5 1250 0 1173 100 233 200 680 300 42 400
1015 0 5 362 0 563 100 1452 200 586 300 1384 400
1016 0 5 1394 0 1300 100 963 200 1284 300 1238 400
1017 0 5 474 0 159 100 15 200 695 300 195 400
1018 0 5 1076 0 802 100 1040 200 1489 300 1169 400
1019 0 5 847 0 1022 100 1274 200 971 300 115 400
1020 0 5 724 0 1025 100 549 200 363 300 316 400
1021 0 5 345 0 166 100 1032 200 729 300 1314 400
1022 0 5 1122 0 1019 100 971 200 847 300 273 400
1023 0 5 1463 0 1516 100 1515 200 564 300 708 400
1024 0 5 350 0 1224 100 986 200 1219 300 1495 400
1025 0 5 316 0 1020 100 646 200 1291 300 125 400
1026 0 5 151 0 864 100 902 200 1227 300 1163 400
1027 0 5 1161 0 963 100 369 200 916 300 1394 400
1028 0 5 917 0 382 100 1218 200 288 300 293 400
1029 0 5 205 0 935 100 1202 200 1141 300 1048 400
1030 0 5 523 0 262 100 1068 200 591 300 1385 400
1031 0 5 1461 0 575 100 1081 200 1007 300 1092 400
1032 0 5 345 0 1021 100 1212 200 1490 300 1148 400
1033 0 5 1295 0 950 100 280 200 77 300 588 400
1034 0 5 1476 0 1153 100 654 200 1467 300 937 400
1035 0 5 1307 0 1133 100 1106 200 240 300 953 400
1036 0 5 109 0 1075 100 1151 200 1381 300 1180 400
1037 0 5 914 0 819 100 102 200 624 300 1085 400
1038 0 5 1491 0 993 100 621 200 441 300 1361 400
1039 0 5 74 0 1397 100 731 200 833 300 599 400
1040 0 5 802 0 406 100 1018 200 1011 300 306 400
1041 0 5 447 0 1134 100 1334 200 869 300 1373 400
1042 0 5 512 0 710 100 480 200 478 300 241 400
1043 0 5 1187 0 154 100 1150 200 393 300 3 400
1044 0 5 207 0 601 100 127 200 245 300 901 400
1045 0 5 468 0 505 100 409 200 1115 300 602 400
1046 0 5 303 0 1431 100 339 200 299 300 429 400
1047 0 5 675 0 902 100 521 200 1289 300 123 400
1048 0 5 929 0 102 100 819 200 176 300 1029 400
1049 0 5 161 0 47 100 405 200 285 300 1414 400
1050 0 5 1180 0 1264 100 842 200 351 300 453 400
1051 0 5 1154 0 1499 100 1386 200 1229 300 69 400
1052 0 5 1237 0 156 100 199 200 1168 300 422 400
1053 0 5 71 0 457 100 599 200 975 300 1415 400
1054 0 5 1126 0 701 100 735 200 1286 300 1248 400
1055 0 5 138 0 1375 100 771 200 874 300 975 400
1056 0 5 990 0 681 100 603 200 778 300 1429 400
1057 0 5 252 0 799 100 230 200 801 300 1348 400
1058 0 5 232 0 1010 100 1248 200 1435 300 399 400
1059 0 5 838 0 693 100 1171 200 636 300 864 400
1060 0 5 609 0 58 100 1498 200 1117 300 1345 400
1061 0 5 401 0 753 100 461 200 408 300 897 400
1062 0 5 949 0 868 100 1434 200 747 300 1441 400
1063 0 5 1013 0 1011 100 915 200 229 300 1233 400
1064 0 5 290 0 1456 100 1410 200 184 300 898 400
1065 0 5 665 0 1269 100 1138 200 1347 300 1170 400
1066 0 5 346 0 868 100 1441 200 443 300 1062 400
1067 0 5 496 0 1069 100 1436 200 504 300 269 400
1068 0 5 860 0 523 100 1030 200 1385 300 471 400
1069 0 5 269 0 1067 100 960 200 403 300 1436 400
1070 0 5 280 0 389 100 545 200 1130 300 531 400
1071 0 5 39 0 271 100 1076 200 306 300 766 400
1072 0 5 1392 0 1410 100 898 200 7 300 981 400
1073 0 5 919 0 1317 100 823 200 984 300 1088 400
1074 0 5 299 0 217 100 974 200 1336 300 1454 400
1075 0 5 1180 0 1036 100 1381 200 1264 300 1151 400
1076 0 5 1018 0 306 100 271 200 1169 300 1071 400
1077 0 5 191 0 354 100 436 200 538 300 201 400
1078 0 5 1277 0 63 100 234 200 573 300 1244 400
1079 0 5 369 0 283 100 625 200 254 300 698 400
1080 0 5 967 0 575 100 60 200 597 300 536 400
1081 0 5 659 0 1031 100 1199 200 1461 300 34 400
1082 0 5 84 0 863 100 243 200 355 300 602 400
1083 0 5 210 0 233 100 286 200 439 300 256 400
1084 0 5 38 0 1270 100 1425 200 663 300 1343 400
1085 0 5 1246 0 260 100 102 200 1037 300 651 400
1086 0 5 970 0 909 100 266 200 1242 300 1326 400
1087 0 5 125 0 528 100 709 200 1402 300 316 400
1088 0 5 919 0 332 100 761 200 719 300 1073 400
1089 0 5 982 0 1199 100 659 200 1328 300 130 400
1090 0 5 418 0 1132 100 158 200 921 300 1209 400
1091 0 5 1362 0 1450 100 9 200 611 300 798 400
1092 0 5 659 0 1176 100 77 200 575 300 1033 400
1093 0 5 681 0 215 100 778 200 1111 300 506 400
1094 0 5 1241 0 435 100 237 200 884 300 30 400
1095 0 5 371 0 186 100 1263 200 782 300 808 400
1096 0 5 535 0 987 100 1391 200 900 300 595 400
1097 0 5 257 0 783 100 186 200 869 300 1432 400
1098 0 5 1480 0 1313 100 1189 200 803 300 19 400
1099 0 5 44 0 277 100 1008 200 219 300 1395 400
1100 0 5 179 0 239 100 925 200 546 300 103 400
1101 0 5 470 0 1258 100 342 200 666 300 1128 400
1102 0 5 703 0 1389 100 1406 200 851 300 362 400
1103 0 5 774 0 177 100 126 200 273 300 806 400
1104 0 5 1263 0 311 100 510 200 186 300 197 400
1105 0 5 1282 0 483 100 1326 200 68 300 356 400
1106 0 5 953 0 1035 100 867 200 240 300 1133 400
1107 0 5 587 0 558 100 230 200 139 300 1288 400
1108 0 5 1468 0 586 100 1257 200 110 300 385 400
1109 0 5 865 0 491 100 465 200 367 300 810 400
1110 0 5 713 0 1190 100 1466 200 1163 300 1271 400
1111 0 5 506 0 1421 100 951 200 1093 300 204 400
1112 0 5 144 0 745 100 1175 200 704 300 213 400
1113 0 5 1249 0 1473 100 1381 200 906 300 370 400
1114 0 5 807 0 711 100 1418 200 1186 300 892 400
1115 0 5 1222 0 562 100 409 200 1045 300 676 400
1116 0 5 1294 0 350 100 1495 200 691 300 986 400
1117 0 5 344 0 1483 100 1498 200 1060 300 1345 400
1118 0 5 14 0 1287 100 354 200 712 300 740 400
1119 0 5 399 0 957 100 1248 200 232 300 735 400
1120 0 5 756 0 374 100 492 200 187 300 128 400
1121 0 5 318 0 256 100 1460 200 759 300 550 400
1122 0 5 1022 0 971 100 521 200 1289 300 1019 400
1123 0 5 304 0 1301 100 651 200 675 300 1466 400
1124 0 5 494 0 392 100 320 200 662 300 1230 400
1125 0 5 522 0 6 100 837 200 99 300 416 400
1126 0 5 1054 0 1276 100 701 200 147 300 1211 400
1127 0 5 922 0 1380 100 662 200 551 300 392 400
1128 0 5 1258 0 488 100 1330 200 927 300 1101 400
1129 0 5 828 0 834 100 143 200 485 300 1251 400
1130 0 5 526 0 389 100 1070 200 394 300 220 400
1131 0 5 101 0 1310 100 837 200 1275 300 481 400
1132 0 5 1363 0 1090 100 214 200 418 300 921 400
1133 0 5 1035 0 953 100 384 200 312 300 1307 400
1134 0 5 1041 0 140 100 447 200 3 300 1334 400
1135 0 5 100 0 1477 100 261 200 1479 300 26 400
1136 0 5 1407 0 221 100 352 200 1238 300 405 400
1137 0 5 1167 0 973 100 1361 200 1491 300 1002 400
1138 0 5 297 0 1170 100 1196 200 1065 300 1435 400
1139 0 5 473 0 501 100 93 200 1314 300 1453 400
1140 0 5 718 0 926 100 976 200 983 300 1316 400
1141 0 5 1333 0 668 100 929 200 1351 300 829 400
1142 0 5 391 0 360 100 152 200 1208 300 641 400
1143 0 5 664 0 697 100 1477 200 333 300 437 400
1144 0 5 881 0 1256 100 900 200 786 300 1391 400
1145 0 5 815 0 1331 100 761 200 41 300 1098 400
1146 0 5 806 0 126 100 753 200 706 300 1219 400
1147 0 5 511 0 1374 100 1012 200 831 300 342 400
1148 0 5 206 0 145 100 1212 200 72 300 519 400
1149 0 5 836 0 255 100 563 200 1452 300 1015 400
1150 0 5 140 0 3 100 1235 200 69 300 1043 400
1151 0 5 109 0 497 100 1036 200 1381 300 1075 400
1152 0 5 619 0 92 100 1005 200 638 300 988 400
1153 0 5 1034 0 574 100 1482 200 654 300 938 400
1154 0 5 1051 0 808 100 69 200 1439 300 1499 400
1155 0 5 1296 0 1185 100 1314 200 53 300 473 400
1156 0 5 148 0 280 100 531 200 387 300 1070 400
1157 0 5 7 0 385 100 1292 200 586 300 5 400
1158 0 5 1299 0 381 100 1375 200 74 300 431 400
1159 0 5 1250 0 680 100 1426 200 853 300 1014 400
1160 0 5 705 0 824 100 321 200 248 300 1009 400
1161 0 5 413 0 1027 100 1475 200 106 300 1284 400
1162 0 5 1318 0 968 100 318 200 1281 300 759 400
1163 0 5 1271 0 1190 100 795 200 1466 300 1110 400
1164 0 5 1408 0 48 100 1319 200 1490 300 1459 400
1165 0 5 862 0 1280 100 169 200 948 300 571 400
1166 0 5 1444 0 1220 100 1485 200 502 300 827 400
1167 0 5 1137 0 1002 100 973 200 251 300 1361 400
1168 0 5 1231 0 62 100 1052 200 932 300 199 400
1169 0 5 1489 0 271 100 1076 200 1018 300 940 400
1170 0 5 1196 0 1138 100 260 200 1435 300 314 400
1171 0 5 750 0 838 100 244 200 1059 300 864 400
1172 0 5 462 0 407 100 1400 200 876 300 91 400
1173 0 5 233 0 1014 100 1460 200 256 300 1083 400
1174 0 5 686 0 597 100 687 200 575 300 967 400
1175 0 5 85 0 1112 100 213 200 704 300 745 400
1176 0 5 762 0 1092 100 60 200 1186 300 807 400
1177 0 5 263 0 79 100 629 200 720 300 1469 400
1178 0 5 638 0 849 100 226 200 811 300 459 400
1179 0 5 35 0 357 100 32 200 607 300 2 400
1180 0 5 1050 0 1075 100 1264 200 1036 300 1381 400
1181 0 5 248 0 241 100 114 200 1411 300 673 400
1182 0 5 903 0 295 100 1331 200 106 300 19 400
1183 0 5 469 0 1001 100 99 200 917 300 293 400
1184 0 5 333 0 525 100 373 200 829 300 437 400
1185 0 5 1486 0 1155 100 473 200 173 300 231 400
1186 0 5 762 0 1418 100 768 200 1176 300 807 400
1187 0 5 1043 0 393 100 3 200 848 300 1150 400
1188 0 5 410 0 56 100 1360 200 595 300 875 400
1189 0 5 378 0 254 100 1098 200 1400 300 876 400
1190 0 5 1466 0 1110 100 1163 200 297 300 795 400
1191 0 5 530 0 119 100 1373 200 954 300 882 400
1192 0 5 571 0 180 100 169 200 948 300 376 400
1193 0 5 296 0 546 100 1236 200 87 300 424 400
1194 0 5 784 0 319 100 1377 200 812 300 792 400
1195 0 5 422 0 480 100 156 200 241 300 1052 400
1196 0 5 1170 0 314 100 1269 200 1138 300 1347 400
1197 0 5 1458 0 738 100 885 200 192 300 872 400
1198 0 5 132 0 618 100 331 200 1259 300 878 400
1199 0 5 34 0 130 100 1089 200 227 300 1081 400
1200 0 5 846 0 529 100 86 200 969 300 489 400
1201 0 5 1308 0 68 100 483 200 534 300 189 400
1202 0 5 1029 0 155 100 249 200 551 300 1380 400
1203 0 5 720 0 891 100 334 200 1290 300 291 400
1204 0 5 493 0 503 100 1420 200 1379 300 322 400
1205 0 5 1003 0 380 100 182 200 129 300 482 400
1206 0 5 1406 0 261 100 920 200 1479 300 1135 400
1207 0 5 924 0 135 100 1283 200 696 300 1008 400
1208 0 5 152 0 391 100 250 200 1142 300 214 400
1209 0 5 158 0 110 100 418 200 1257 300 1090 400
1210 0 5 673 0 1361 100 29 200 1487 300 441 400
1211 0 5 1276 0 147 100 1126 200 6 300 794 400
1212 0 5 1148 0 1490 100 317 200 145 300 1032 400
1213 0 5 70 0 590 100 610 200 1357 300 20 400
1214 0 5 1005 0 1217 100 92 200 988 300 181 400
1215 0 5 712 0 1412 100 653 200 1370 300 827 400
1216 0 5 682 0 1253 100 146 200 442 300 995 400
1217 0 5 1214 0 181 100 92 200 988 300 801 400
1218 0 5 1028 0 635 100 382 200 1271 300 917 400
1219 0 5 1274 0 350 100 1495 200 1146 300 1024 400
1220 0 5 1166 0 502 100 1388 200 570 300 1485 400
1221 0 5 1505 0 1506 100 222 200 202 300 690 400
1222 0 5 409 0 1115 100 562 200 220 300 623 400
1223 0 5 1474 0 669 100 36 200 984 300 1116 400
1224 0 5 1024 0 706 100 816 200 1344 300 986 400
1225 0 5 733 0 766 100 137 200 755 300 39 400
1226 0 5 639 0 592 100 637 200 1350 300 604 400
1227 0 5 1455 0 1471 100 1501 200 18 300 1026 400
1228 0 5 729 0 721 100 616 200 979 300 723 400
1229 0 5 1004 0 95 100 1386 200 1499 300 1051 400
1230 0 5 494 0 105 100 1315 200 1124 300 11 400
1231 0 5 528 0 1168 100 709 200 156 300 932 400
1232 0 5 479 0 159 100 609 200 15 300 670 400
1233 0 5 887 0 1063 100 292 200 1013 300 915 400
1234 0 5 132 0 564 100 877 200 1462 300 1354 400
1235 0 5 1488 0 69 100 1150 200 198 300 1499 400
1236 0 5 87 0 1193 100 424 200 188 300 546 400
1237 0 5 1052 0 422 100 824 200 199 300 1181 400
1238 0 5 1300 0 632 100 1136 200 1405 300 1407 400
1239 0 5 1473 0 300 100 1264 200 1376 300 906 400
1240 0 5 167 0 736 100 225 200 548 300 366 400
1241 0 5 1094 0 884 100 1500 200 301 300 237 400
1242 0 5 1428 0 940 100 390 200 1489 300 1086 400
1243 0 5 438 0 1401 100 1261 200 1349 300 445 400
1244 0 5 699 0 573 100 1006 200 63 300 897 400
1245 0 5 740 0 1424 100 945 200 1118 300 1444 400
1246 0 5 1085 0 651 100 1301 200 914 300 1123 400
1247 0 5 1304 0 308 100 554 200 141 300 615 400
1248 0 5 399 0 635 100 1058 200 735 300 382 400
1249 0 5 1113 0 1381 100 650 200 315 300 661 400
1250 0 5 1159 0 1014 100 680 200 233 300 42 400
1251 0 5 613 0 194 100 880 200 485 300 1262 400
1252 0 5 17 0 741 100 96 200 133 300 634 400
1253 0 5 1216 0 682 100 146 200 892 300 995 400
1254 0 5 360 0 920 100 874 200 1312 300 1305 400
1255 0 5 656 0 839 100 1275 200 200 300 1470 400
1256 0 5 1144 0 900 100 786 200 87 300 773 400
1257 0 5 51 0 158 100 1108 200 1468 300 110 400
1258 0 5 1128 0 1101 100 342 200 927 300 1330 400
1259 0 5 878 0 1198 100 618 200 977 300 66 400
1260 0 5 324 0 432 100 475 200 1352 300 368 400
1261 0 5 1243 0 1349 100 1338 200 1462 300 445 400
1262 0 5 536 0 880 100 60 200 1251 300 768 400
1263 0 5 510 0 1104 100 1095 200 371 300 782 400
1264 0 5 1050 0 559 100 351 200 1239 300 1075 400
1265 0 5 626 0 582 100 872 200 797 300 439 400
1266 0 5 734 0 538 100 33 200 57 300 436 400
1267 0 5 397 0 1352 100 432 200 324 300 577 400
1268 0 5 1404 0 781 100 757 200 433 300 388 400
1269 0 5 373 0 1065 100 1196 200 1347 300 1010 400
1270 0 5 663 0 499 100 1084 200 38 300 930 400
1271 0 5 1163 0 1218 100 259 200 1329 300 864 400
1272 0 5 116 0 403 100 1309 200 960 300 1067 400
1273 0 5 1336 0 769 100 217 200 1454 300 1320 400
1274 0 5 115 0 1219 100 1019 200 847 300 691 400
1275 0 5 200 0 859 100 1255 200 1311 300 112 400
1276 0 5 1211 0 131 100 1126 200 6 300 1384 400
1277 0 5 1078 0 234 100 1244 200 1006 300 612 400
1278 0 5 175 0 573 100 1500 200 408 300 1244 400
1279 0 5 367 0 520 100 841 200 1304 300 810 400
1280 0 5 376 0 1165 100 169 200 571 300 1192 400
1281 0 5 1318 0 52 100 873 200 737 300 759 400
1282 0 5 1105 0 483 100 909 200 1326 300 647 400
1283 0 5 924 0 988 100 1008 200 135 300 1207 400
1284 0 5 1394 0 1475 100 963 200 1027 300 1161 400
1285 0 5 219 0 1008 100 727 200 433 300 1283 400
1286 0 5 1477 0 1143 100 701 200 1135 300 100 400
1287 0 5 321 0 945 100 1118 200 14 300 805 400
1288 0 5 558 0 933 100 451 200 274 300 139 400
1289 0 5 521 0 1383 100 902 200 1047 300 1122 400
1290 0 5 463 0 1203 100 979 200 830 300 891 400
1291 0 5 549 0 822 100 533 200 383 300 187 400
1292 0 5 5 0 7 100 586 200 385 300 1157 400
1293 0 5 1312 0 45 100 88 200 360 300 362 400
1294 0 5 1116 0 36 100 482 200 691 300 986 400
1295 0 5 1033 0 950 100 807 200 545 300 280 400
1296 0 5 1155 0 1314 100 53 200 166 300 707 400
1297 0 5 1416 0 909 100 1492 200 1325 300 1086 400
1298 0 5 754 0 937 100 684 200 879 300 1482 400
1299 0 5 1158 0 431 100 1375 200 677 300 74 400
1300 0 5 1238 0 1016 100 1284 200 632 300 963 400
1301 0 5 1123 0 1246 100 675 200 1466 300 651 400
1302 0 5 833 0 1442 100 1438 200 731 300 509 400
1303 0 5 589 0 1472 100 379 200 174 300 1007 400
1304 0 5 1247 0 810 100 581 200 1279 300 841 400
1305 0 5 920 0 1479 100 185 200 1254 300 1206 400
1306 0 5 264 0 628 100 462 200 845 300 1443 400
1307 0 5 1035 0 420 100 931 200 240 300 1133 400
1308 0 5 1201 0 647 100 483 200 189 300 820 400
1309 0 5 165 0 347 100 990 200 116 300 899 400
1310 0 5 481 0 1131 100 101 200 837 300 1275 400
1311 0 5 1417 0 870 100 1275 200 837 300 200 400
1312 0 5 1293 0 360 100 920 200 1406 300 1254 400
1313 0 5 803 0 1480 100 1098 200 730 300 1400 400
1314 0 5 1296 0 1405 100 1155 200 1021 300 1139 400
1315 0 5 36 0 1230 100 939 200 482 300 162 400
1316 0 5 976 0 873 100 926 200 1140 300 718 400
1317 0 5 1073 0 328 100 823 200 985 300 919 400
1318 0 5 1281 0 1162 100 52 200 759 300 737 400
1319 0 5 1490 0 48 100 1164 200 1475 300 1408 400
1320 0 5 489 0 65 100 402 200 769 300 1273 400
1321 0 5 622 0 992 100 66 200 281 300 1350 400
1322 0 5 1454 0 722 100 974 200 335 300 372 400
1323 0 5 498 0 226 100 658 200 32 300 10 400
1324 0 5 317 0 90 100 212 200 617 300 594 400
1325 0 5 560 0 844 100 1492 200 1364 300 287 400
1326 0 5 266 0 356 100 970 200 1105 300 534 400
1327 0 5 446 0 1429 100 97 200 790 300 715 400
1328 0 5 130 0 954 100 982 200 1089 300 882 400
1329 0 5 580 0 596 100 1271 200 948 300 917 400
1330 0 5 218 0 472 100 911 200 1128 300 581 400
1331 0 5 1145 0 568 100 117 200 4 300 1182 400
1332 0 5 75 0 449 100 238 200 80 300 1465 400
1333 0 5 929 0 1141 100 1048 200 176 300 829 400
1334 0 5 1373 0 869 100 1041 200 1097 300 1134 400
1335 0 5 1478 0 182 100 624 200 1315 300 914 400
1336 0 5 1273 0 1454 100 217 200 974 300 1074 400
1337 0 5 527 0 253 100 908 200 641 300 1468 400
1338 0 5 931 0 1462 100 240 200 1393 300 420 400
1339 0 5 568 0 985 100 719 200 4 300 117 400
1340 0 5 1371 0 888 100 757 200 433 300 464 400
1341 0 5 923 0 194 100 190 200 828 300 980 400
1342 0 5 120 0 605 100 518 200 993 300 340 400
1343 0 5 1425 0 646 100 663 200 1084 300 959 400
1344 0 5 986 0 1445 100 816 200 1224 300 1024 400
1345 0 5 1421 0 725 100 1399 200 1117 300 1060 400
1346 0 5 308 0 615 100 141 200 1247 300 810 400
1347 0 5 232 0 1010 100 567 200 373 300 525 400
1348 0 5 799 0 780 100 801 200 1057 300 92 400
1349 0 5 445 0 54 100 1462 200 1261 300 1463 400
1350 0 5 622 0 637 100 281 200 1226 300 592 400
1351 0 5 645 0 829 100 1141 200 688 300 668 400
1352 0 5 368 0 324 100 1267 200 577 300 1260 400
1353 0 5 417 0 123 100 121 200 380 300 566 400
1354 0 5 905 0 275 100 934 200 564 300 668 400
1355 0 5 108 0 498 100 443 200 10 300 226 400
1356 0 5 604 0 541 100 287 200 1226 300 1492 400
1357 0 5 70 0 340 100 213 200 1213 300 1481 400
1358 0 5 779 0 1414 100 758 200 96 300 285 400
1359 0 5 1385 0 326 100 209 200 840 300 962 400
1360 0 5 56 0 188 100 1188 200 692 300 875 400
1361 0 5 441 0 1210 100 1002 200 1137 300 1167 400
1362 0 5 1091 0 611 100 798 200 9 300 513 400
1363 0 5 1132 0 214 100 250 200 418 300 1208 400
1364 0 5 143 0 844 100 1325 200 287 300 560 400
1365 0 5 82 0 1494 100 1383 200 1440 300 902 400
1366 0 5 477 0 334 100 1436 200 269 300 1290 400
1367 0 5 268 0 843 100 1407 200 1139 300 1453 400
1368 0 5 320 0 1478 100 494 200 249 300 1230 400
1369 0 5 175 0 30 100 884 200 1278 300 1500 400
1370 0 5 354 0 366 100 191 200 1412 300 712 400
1371 0 5 1340 0 579 100 464 200 888 300 757 400
1372 0 5 785 0 578 100 1449 200 576 300 726 400
1373 0 5 1334 0 119 100 1097 200 1191 300 530 400
1374 0 5 170 0 1147 100 511 200 831 300 927 400
1375 0 5 677 0 1055 100 1158 200 1299 300 771 400
1376 0 5 300 0 1091 100 153 200 9 300 1239 400
1377 0 5 812 0 784 100 1194 200 319 300 792 400
1378 0 5 655 0 580 100 583 200 948 300 1329 400
1379 0 5 322 0 517 100 770 200 1204 300 265 400
1380 0 5 551 0 1127 100 155 200 662 300 1202 400
1381 0 5 1249 0 1473 100 650 200 1075 300 279 400
1382 0 5 1517 0 1516 100 978 200 791 300 222 400
1383 0 5 902 0 82 100 1289 200 1365 300 521 400
1384 0 5 866 0 131 100 1452 200 1276 300 1015 400
1385 0 5 209 0 678 100 1359 200 1068 300 1423 400
1386 0 5 95 0 1229 100 1051 200 747 300 949 400
1387 0 5 999 0 513 100 1442 200 9 300 728 400
1388 0 5 225 0 1220 100 548 200 653 300 736 400
1389 0 5 100 0 1102 100 701 200 1406 300 703 400
1390 0 5 890 0 889 100 111 200 542 300 1456 400
1391 0 5 987 0 881 100 1096 200 781 300 535 400
1392 0 5 1072 0 7 100 898 200 1470 300 5 400
1393 0 5 788 0 977 100 420 200 1338 300 203 400
1394 0 5 1016 0 963 100 1284 200 1027 300 1300 400
1395 0 5 44 0 277 100 1099 200 875 300 692 400
1396 0 5 1409 0 789 100 751 200 812 300 792 400
1397 0 5 1039 0 509 100 731 200 833 300 599 400
1398 0 5 710 0 764 100 1419 200 258 300 1402 400
1399 0 5 725 0 58 100 1345 200 1060 300 22 400
1400 0 5 1480 0 876 100 1189 200 1172 300 1313 400
1401 0 5 425 0 247 100 1243 200 644 300 1338 400
1402 0 5 327 0 528 100 125 200 1422 300 1087 400
1403 0 5 871 0 991 100 873 200 943 300 926 400
1404 0 5 757 0 1268 100 433 200 1340 300 388 400
1405 0 5 632 0 1314 100 1238 200 1021 300 1139 400
1406 0 5 1206 0 1102 100 362 200 1389 300 1312 400
1407 0 5 843 0 1136 100 1367 200 1405 300 268 400
1408 0 5 1164 0 1459 100 1475 200 212 300 48 400
1409 0 5 1396 0 751 100 789 200 812 300 845 400
1410 0 5 184 0 1072 100 981 200 1392 300 1456 400
1411 0 5 404 0 818 100 666 200 136 300 114 400
1412 0 5 653 0 1215 100 1370 200 366 300 1388 400
1413 0 5 800 0 714 100 235 200 537 300 1210 400
1414 0 5 1358 0 285 100 758 200 792 300 96 400
1415 0 5 1438 0 955 100 1053 200 59 300 457 400
1416 0 5 1297 0 1492 100 909 200 1325 300 1086 400
1417 0 5 1311 0 481 100 870 200 837 300 1275 400
1418 0 5 1114 0 1186 100 768 200 359 300 807 400
1419 0 5 258 0 710 100 1398 200 598 300 667 400
1420 0 5 493 0 1204 100 503 200 715 300 97 400
1421 0 5 1345 0 204 100 1111 200 584 300 725 400
1422 0 5 125 0 327 100 1402 200 270 300 776 400
1423 0 5 667 0 966 100 507 200 678 300 749 400
1424 0 5 827 0 1245 100 740 200 712 300 1118 400
1425 0 5 1343 0 1084 100 848 200 38 300 961 400
1426 0 5 853 0 680 100 1159 200 865 300 491 400
1427 0 5 245 0 127 100 164 200 139 300 207 400
1428 0 5 639 0 1242 100 390 200 1492 300 1086 400
1429 0 5 1327 0 790 100 832 200 1056 300 990 400
1430 0 5 716 0 23 100 343 200 458 300 145 400
1431 0 5 339 0 1046 100 303 200 31 300 726 400
1432 0 5 901 0 223 100 783 200 1097 300 257 400
1433 0 5 514 0 423 100 621 200 893 300 518 400
1434 0 5 747 0 197 100 672 200 510 300 421 400
1435 0 5 713 0 1058 100 635 200 1170 300 297 400
1436 0 5 477 0 269 100 1067 200 1366 300 1069 400
1437 0 5 640 0 888 100 284 200 607 300 727 400
1438 0 5 1415 0 1302 100 955 200 71 300 833 400
1439 0 5 808 0 267 100 69 200 1154 300 1150 400
1440 0 5 612 0 809 100 1365 200 353 300 177 400
1441 0 5 1476 0 346 100 1467 200 1066 300 1062 400
1442 0 5 1302 0 999 100 1387 200 942 300 1438 400
1443 0 5 789 0 698 100 307 200 857 300 876 400
1444 0 5 1166 0 1485 100 556 200 827 300 134 400
1445 0 5 1344 0 761 100 816 200 1223 300 1088 400
1446 0 5 954 0 341 100 744 200 119 300 1191 400
1447 0 5 779 0 133 100 96 200 1358 300 1414 400
1448 0 5 964 0 78 100 850 200 539 300 224 400
1449 0 5 726 0 80 100 1372 200 785 300 238 400
1450 0 5 153 0 1091 100 611 200 1497 300 246 400
1451 0 5 689 0 702 100 251 200 515 300 524 400
1452 0 5 325 0 131 100 1384 200 1015 300 563 400
1453 0 5 268 0 405 100 826 200 501 300 1484 400
1454 0 5 1322 0 1336 100 974 200 146 300 1273 400
1455 0 5 1227 0 353 100 1501 200 1471 300 809 400
1456 0 5 184 0 1064 100 1410 200 889 300 290 400
1457 0 5 17 0 361 100 642 200 741 300 634 400
1458 0 5 192 0 1197 100 630 200 738 300 386 400
1459 0 5 1408 0 1475 100 694 200 212 300 1164 400
1460 0 5 256 0 1121 100 1173 200 318 300 1083 400
1461 0 5 1031 0 1007 100 1081 200 379 300 1092 400
1462 0 5 1338 0 1349 100 445 200 1234 300 1261 400
1463 0 5 564 0 1023 100 54 200 1349 300 445 400
1464 0 5 687 0 867 100 765 200 193 300 686 400
1465 0 5 358 0 238 100 215 200 449 300 506 400
1466 0 5 1190 0 297 100 795 200 1110 300 1163 400
1467 0 5 938 0 1004 100 1499 200 1441 300 937 400
1468 0 5 1108 0 527 100 1257 200 51 300 1337 400
1469 0 5 263 0 910 100 211 200 1177 300 960 400
1470 0 5 656 0 540 100 898 200 1392 300 839 400
1471 0 5 18 0 1227 100 636 200 1455 300 1501 400
1472 0 5 1303 0 379 100 687 200 1007 300 174 400
1473 0 5 1239 0 1113 100 1381 200 1264 300 1075 400
1474 0 5 984 0 1223 100 557 200 669 300 36 400
1475 0 5 694 0 1459 100 1284 200 1161 300 1408 400
1476 0 5 1441 0 1034 100 1467 200 654 300 937 400
1477 0 5 1135 0 664 100 1286 200 697 300 1143 400
1478 0 5 1335 0 1368 100 249 200 624 300 182 400
1479 0 5 1305 0 185 100 920 200 261 300 1206 400
1480 0 5 1313 0 1400 100 1098 200 1189 300 876 400
1481 0 5 85 0 704 100 912 200 104 300 1357 400
1482 0 5 684 0 620 100 1153 200 937 300 938 400
1483 0 5 614 0 344 100 1117 200 913 300 1498 400
1484 0 5 160 0 634 100 93 200 1453 300 826 400
1485 0 5 1444 0 556 100 502 200 1166 300 61 400
1486 0 5 173 0 1185 100 642 200 93 300 27 400
1487 0 5 478 0 29 100 598 200 1210 300 1361 400
1488 0 5 198 0 1235 100 956 200 944 300 154 400
1489 0 5 940 0 1169 100 1242 200 1018 300 1076 400
1490 0 5 1319 0 48 100 1212 200 1032 300 1164 400
1491 0 5 1038 0 993 100 973 200 1137 300 793 400
1492 0 5 1325 0 1416 100 1428 200 639 300 1297 400
1493 0 5 372 0 777 100 722 200 539 300 974 400
1494 0 5 82 0 177 100 1365 200 1440 300 1383 400
1495 0 5 691 0 350 100 1116 200 1219 300 482 400
1496 0 5 952 0 770 100 855 200 617 300 440 400
1497 0 5 611 0 798 100 1510 200 1511 300 236 400
1498 0 5 614 0 965 100 1117 200 1060 300 552 400
1499 0 5 1051 0 1004 100 1467 200 1229 300 937 400
1500 0 5 301 0 1241 100 408 200 1278 300 884 400
1501 0 5 904 0 1455 100 612 200 1471 300 1227 400
1502 0 5 962 0 202 100 555 200 668 300 26 400
1503 0 5 962 0 178 100 555 200 668 300 26 400
1504 0 5 490 0 178 100 555 200 668 300 26 400
1505 0 5 490 0 1221 100 555 200 668 300 26 400
1506 0 5 708 0 1221 100 555 200 668 300 523 400
1507 0 5 708 0 222 100 555 200 668 300 523 400
1508 0 5 728 0 222 100 555 200 668 300 523 400
1509 0 5 728 0 798 100 555 200 668 300 523 400
1510 0 5 798 0 1497 100 555 200 668 300 26 400
1511 0 5 54 0 1497 100 555 200 668 300 26 400
1512 0 5 825 0 54 100 555 200 668 300 523 400
1513 0 5 825 0 513 100 555 200 668 300 26 400
1514 0 5 513 0 978 100 555 200 668 300 26 400
1515 0 5 1023 0 978 100 555 200 668 300 26 400
1516 0 5 1023 0 1382 100 555 200 668 300 523 400
1517 0 5 688 0 1382 100 555 200 668 300 523 400
1518 0 5 688 0 471 100 555 200 668 300 523 400
1519 0 5 471 0 660 100 555 200 668 300 26 400
1520 0 5 375 0 660 100 555 200 668 300 26 400
1521 0 5 500 0 375 100 555 200 668 300 26 400
1522 0 5 561 0 500 100 555 200 668 300 523 400
1523 0 5 561 0 428 100 555 200 668 300 523 400
1524 0 5 428 0 860 100 555 200 668 300 523 400
1525 0 5 860 0 690 100 555 200 668 300 523 400
1526 0 5 445 0 690 100 555 200 668 300 523 400
1527 0 5 445 0 1349 100 555 200 668 300 523 400
1528 0 5 840 0 1349 100 555 200 668 300 523 400
1529 0 5 840 0 997 100 555 200 668 300 523 400
1530 0 5 997 0 450 100 555 200 668 300 523 400
1531 0 5 1359 0 555 100 450 200 668 300 523 400
1532 0 5 1359 0 752 100 555 200 668 300 523 400
1533 0 5 752 0 1463 100 555 200 668 300 523 400
1534 0 5 564 0 1463 100 555 200 668 300 523 400
1535 0 5 564 0 555 100 611 200 668 300 523 400
1536 0 5 555 0 611 100 668 200 310 300 905 400
1537 0 5 555 0 668 100 310 200 905 300 523 400
1538 0 5 1068 0 555 100 668 200 905 300 523 400
1539 0 5 142 0 1068 100 555 200 668 300 457 400
1540 0 5 236 0 555 100 142 200 668 300 523 400
-1
EOF
