1540
1 0 5 1296 0 342 100 1164 200 102 300 750 400
2 0 5 1249 0 1241 100 1262 200 1159 300 1174 400
3 0 5 1287 0 941 100 694 200 900 300 226 400
4 0 5 931 0 493 100 1194 200 490 300 1479 400
5 0 5 469 0 838 100 906 200 1279 300 736 400
6 0 5 850 0 141 100 1105 200 1263 300 449 400
7 0 5 1506 0 929 100 1505 200 93 300 387 400
8 0 5 343 0 320 100 1001 200 1081 300 479 400
9 0 5 1289 0 1448 100 774 200 87 300 279 400
10 0 5 129 0 31 100 717 200 746 300 1331 400
11 0 5 1167 0 1259 100 623 200 1119 300 405 400
12 0 5 499 0 649 100 1114 200 1092 300 572 400
13 0 5 1038 0 1348 100 512 200 1240 300 56 400
14 0 5 880 0 591 100 1239 200 1068 300 830 400
15 0 5 814 0 1176 100 178 200 657 300 1101 400
16 0 5 1465 0 350 100 927 200 596 300 73 400
17 0 5 924 0 240 100 1009 200 664 300 488 400
18 0 5 411 0 823 100 1136 200 69 300 164 400
19 0 5 1422 0 471 100 959 200 528 300 657 400
20 0 5 223 0 1264 100 1361 200 1265 300 997 400
21 0 5 1181 0 628 100 999 200 1301 300 1413 400
22 0 5 584 0 835 100 1076 200 340 300 730 400
23 0 5 1480 0 829 100 959 200 1422 300 203 400
24 0 5 1509 0 1510 100 258 200 418 300 796 400
25 0 5 1275 0 122 100 1147 200 1011 300 915 400
26 0 5 1024 0 613 100 964 200 1226 300 463 400
27 0 5 825 0 822 100 705 200 326 300 1425 400
28 0 5 211 0 971 100 231 200 1257 300 817 400
29 0 5 749 0 270 100 1345 200 152 300 1131 400
30 0 5 1093 0 50 100 136 200 307 300 1143 400
31 0 5 10 0 746 100 248 200 717 300 129 400
32 0 5 456 0 793 100 42 200 891 300 1019 400
33 0 5 1469 0 685 100 580 200 214 300 496 400
34 0 5 808 0 769 100 1309 200 1199 300 35 400
35 0 5 1228 0 769 100 864 200 842 300 353 400
36 0 5 573 0 271 100 991 200 467 300 572 400
37 0 5 1458 0 1125 100 975 200 53 300 894 400
38 0 5 1112 0 1133 100 1096 200 301 300 251 400
39 0 5 1446 0 1048 100 434 200 1269 300 1415 400
40 0 5 1277 0 1497 100 1063 200 762 300 1395 400
41 0 5 485 0 644 100 857 200 693 300 88 400
42 0 5 1085 0 32 100 740 200 456 300 659 400
43 0 5 1178 0 458 100 904 200 905 300 1064 400
44 0 5 174 0 908 100 476 200 1251 300 1430 400
45 0 5 136 0 1143 100 548 200 1493 300 1410 400
46 0 5 1323 0 270 100 152 200 421 300 1192 400
47 0 5 463 0 964 100 613 200 1482 300 22 400
48 0 5 790 0 1365 100 911 200 359 300 1420 400
49 0 5 953 0 369 100 1242 200 690 300 1341 400
50 0 5 307 0 386 100 30 200 1245 300 1193 400
51 0 5 373 0 726 100 200 200 1161 300 126 400
52 0 5 169 0 1013 100 1149 200 449 300 609 400
53 0 5 382 0 187 100 1125 200 972 300 37 400
54 0 5 366 0 883 100 55 200 1044 300 242 400
55 0 5 242 0 962 100 54 200 566 300 575 400
56 0 5 589 0 1079 100 1042 200 1129 300 1240 400
57 0 5 821 0 939 100 1032 200 506 300 510 400
58 0 5 1225 0 560 100 482 200 576 300 249 400
59 0 5 416 0 1256 100 598 200 672 300 1399 400
60 0 5 1472 0 1361 100 1387 200 1292 300 471 400
61 0 5 143 0 727 100 166 200 724 300 1343 400
62 0 5 1051 0 538 100 1247 200 1165 300 402 400
63 0 5 83 0 341 100 217 200 1478 300 630 400
64 0 5 604 0 333 100 1499 200 801 300 1199 400
65 0 5 1505 0 1504 100 922 200 1501 300 954 400
66 0 5 85 0 409 100 214 200 496 300 1078 400
67 0 5 1072 0 466 100 777 200 529 300 654 400
68 0 5 1230 0 836 100 884 200 621 300 914 400
69 0 5 553 0 823 100 1023 200 18 300 1248 400
70 0 5 441 0 120 100 900 200 1320 300 354 400
71 0 5 845 0 1488 100 944 200 1091 300 833 400
72 0 5 1120 0 744 100 811 200 1315 300 134 400
73 0 5 154 0 510 100 668 200 350 300 16 400
74 0 5 1197 0 302 100 690 200 951 300 385 400
75 0 5 545 0 458 100 1054 200 979 300 324 400
76 0 5 516 0 1351 100 606 200 1103 300 1087 400
77 0 5 398 0 1015 100 747 200 1390 300 142 400
78 0 5 1252 0 310 100 544 200 1012 300 440 400
79 0 5 184 0 1309 100 928 200 496 300 1156 400
80 0 5 1069 0 1260 100 1313 200 1343 300 1377 400
81 0 5 812 0 824 100 601 200 1149 300 97 400
82 0 5 438 0 820 100 460 200 634 300 132 400
83 0 5 802 0 63 100 217 200 341 300 282 400
84 0 5 946 0 496 100 611 200 876 300 992 400
85 0 5 461 0 66 100 387 200 1078 300 214 400
86 0 5 130 0 101 100 1003 200 253 300 269 400
87 0 5 279 0 774 100 532 200 1445 300 239 400
88 0 5 990 0 485 100 702 200 439 300 285 400
89 0 5 316 0 521 100 1109 200 807 300 318 400
90 0 5 364 0 834 100 945 200 524 300 1411 400
91 0 5 837 0 560 100 201 200 58 300 1255 400
92 0 5 1349 0 347 100 250 200 267 300 670 400
93 0 5 387 0 1513 100 1512 200 1469 300 7 400
94 0 5 335 0 1282 100 773 200 98 300 706 400
95 0 5 1192 0 1354 100 393 200 606 300 830 400
96 0 5 323 0 435 100 1150 200 1326 300 1137 400
97 0 5 401 0 199 100 1087 200 775 300 81 400
98 0 5 1318 0 171 100 94 200 1366 300 1346 400
99 0 5 1160 0 1307 100 1019 200 105 300 1355 400
100 0 5 982 0 756 100 439 200 1142 300 700 400
101 0 5 86 0 870 100 1003 200 842 300 399 400
102 0 5 1346 0 329 100 1332 200 171 300 1366 400
103 0 5 502 0 901 100 777 200 529 300 466 400
104 0 5 122 0 704 100 1147 200 188 300 219 400
105 0 5 1307 0 897 100 1194 200 99 300 1154 400
106 0 5 1276 0 647 100 1004 200 427 300 356 400
107 0 5 237 0 363 100 1291 200 1029 300 506 400
108 0 5 513 0 1335 100 300 200 967 300 980 400
109 0 5 1103 0 1182 100 175 200 570 300 1439 400
110 0 5 997 0 716 100 1304 200 783 300 1022 400
111 0 5 294 0 730 100 835 200 860 300 1353 400
112 0 5 166 0 1206 100 1185 200 238 300 522 400
113 0 5 861 0 124 100 715 200 1062 300 1371 400
114 0 5 157 0 1022 100 1014 200 1043 300 1304 400
115 0 5 549 0 1438 100 742 200 1300 300 160 400
116 0 5 890 0 381 100 559 200 277 300 314 400
117 0 5 1389 0 453 100 173 200 1375 300 290 400
118 0 5 848 0 1252 100 544 200 1196 300 639 400
119 0 5 139 0 1442 100 1390 200 893 300 1157 400
120 0 5 70 0 417 100 332 200 1436 300 1412 400
121 0 5 1043 0 402 100 1051 200 1316 300 290 400
122 0 5 1275 0 104 100 1011 200 25 300 1147 400
123 0 5 203 0 147 100 714 200 1322 300 959 400
124 0 5 1000 0 715 100 113 200 861 300 1339 400
125 0 5 1138 0 202 100 442 200 210 300 1464 400
126 0 5 1344 0 726 100 12 200 1161 300 649 400
127 0 5 924 0 961 100 240 200 1308 300 345 400
128 0 5 1330 0 1004 100 356 200 588 300 565 400
129 0 5 10 0 717 100 31 200 974 300 1331 400
130 0 5 253 0 86 100 101 200 1295 300 1211 400
131 0 5 283 0 1458 100 787 200 1392 300 1331 400
132 0 5 349 0 634 100 513 200 649 300 1161 400
133 0 5 715 0 1130 100 1099 200 1267 300 326 400
134 0 5 643 0 1153 100 1383 200 484 300 744 400
135 0 5 1437 0 431 100 1439 200 246 300 361 400
136 0 5 45 0 906 100 1410 200 30 300 1143 400
137 0 5 1344 0 978 100 437 200 198 300 572 400
138 0 5 293 0 1328 100 201 200 1432 300 1255 400
139 0 5 1442 0 119 100 893 200 627 300 1387 400
140 0 5 488 0 1498 100 75 200 1009 300 43 400
141 0 5 6 0 658 100 449 200 1263 300 984 400
142 0 5 748 0 747 100 398 200 77 300 334 400
143 0 5 61 0 419 100 185 200 1343 300 727 400
144 0 5 686 0 337 100 837 200 888 300 201 400
145 0 5 188 0 221 100 1467 200 208 300 661 400
146 0 5 1024 0 948 100 964 200 488 300 905 400
147 0 5 960 0 123 100 714 200 139 300 1270 400
148 0 5 810 0 363 100 407 200 515 300 1291 400
149 0 5 1379 0 1489 100 832 200 207 300 1124 400
150 0 5 1223 0 1061 100 518 200 1210 300 1398 400
151 0 5 1386 0 806 100 958 200 1203 300 1420 400
152 0 5 270 0 749 100 46 200 1323 300 436 400
153 0 5 1097 0 177 100 1448 200 1077 300 462 400
154 0 5 1104 0 73 100 506 200 624 300 882 400
155 0 5 1434 0 1421 100 1461 200 1180 300 1473 400
156 0 5 180 0 1200 100 400 200 1427 300 738 400
157 0 5 625 0 114 100 799 200 1014 300 121 400
158 0 5 181 0 357 100 816 200 510 300 1032 400
159 0 5 1172 0 1148 100 1288 200 1429 300 1010 400
160 0 5 1438 0 920 100 1300 200 881 300 420 400
161 0 5 312 0 795 100 788 200 231 300 406 400
162 0 5 765 0 1376 100 415 200 292 300 246 400
163 0 5 1232 0 1270 100 227 200 315 300 669 400
164 0 5 498 0 1155 100 411 200 1136 300 18 400
165 0 5 226 0 776 100 694 200 1100 300 941 400
166 0 5 112 0 238 100 61 200 1343 300 1206 400
167 0 5 782 0 486 100 858 200 1317 300 908 400
168 0 5 817 0 233 100 287 200 1243 300 204 400
169 0 5 52 0 609 100 1056 200 1018 300 1501 400
170 0 5 533 0 352 100 986 200 1466 300 1495 400
171 0 5 191 0 98 100 335 200 1366 300 1346 400
172 0 5 1473 0 1180 100 1145 200 653 300 1059 400
173 0 5 1090 0 1210 100 117 200 1375 300 1398 400
174 0 5 44 0 224 100 908 200 1055 300 486 400
175 0 5 1087 0 1103 100 109 200 1439 300 401 400
176 0 5 1310 0 942 100 986 200 1455 300 719 400
177 0 5 976 0 264 100 153 200 1097 300 1448 400
178 0 5 657 0 15 100 1101 200 1435 300 1058 400
179 0 5 686 0 888 100 235 200 1219 300 1007 400
180 0 5 400 0 156 100 952 200 1200 300 473 400
181 0 5 1045 0 158 100 816 200 510 300 844 400
182 0 5 1324 0 681 100 428 200 521 300 346 400
183 0 5 602 0 542 100 753 200 502 300 470 400
184 0 5 79 0 928 100 496 200 852 300 84 400
185 0 5 541 0 243 100 143 200 1343 300 1008 400
186 0 5 1115 0 1500 100 339 200 957 300 1084 400
187 0 5 53 0 607 100 433 200 1107 300 346 400
188 0 5 1302 0 145 100 1449 200 104 300 219 400
189 0 5 446 0 1040 100 1318 200 805 300 1081 400
190 0 5 610 0 380 100 1394 200 1391 300 1203 400
191 0 5 171 0 1332 100 600 200 1050 300 102 400
192 0 5 1204 0 575 100 1220 200 991 300 1441 400
193 0 5 1025 0 313 100 262 200 550 300 1084 400
194 0 5 1405 0 1140 100 227 200 711 300 622 400
195 0 5 1381 0 1382 100 574 200 306 300 1377 400
196 0 5 1508 0 1507 100 509 200 590 300 677 400
197 0 5 679 0 874 100 199 200 371 300 812 400
198 0 5 1290 0 1340 100 978 200 137 300 277 400
199 0 5 679 0 97 100 1297 200 1087 300 775 400
200 0 5 1161 0 373 100 828 200 51 300 726 400
201 0 5 831 0 337 100 1293 200 837 300 91 400
202 0 5 125 0 1138 100 210 200 1464 300 261 400
203 0 5 767 0 123 100 1480 200 621 300 829 400
204 0 5 287 0 1209 100 903 200 1257 300 661 400
205 0 5 1407 0 1081 100 1035 200 983 300 1089 400
206 0 5 985 0 784 100 1170 200 798 300 1116 400
207 0 5 1379 0 394 100 1124 200 1489 300 149 400
208 0 5 1209 0 1467 100 145 200 1425 300 1188 400
209 0 5 783 0 232 100 716 200 1401 300 1304 400
210 0 5 507 0 202 100 125 200 261 300 1464 400
211 0 5 651 0 28 100 817 200 1444 300 1257 400
212 0 5 916 0 289 100 592 200 495 300 230 400
213 0 5 259 0 641 100 1083 200 577 300 699 400
214 0 5 409 0 66 100 685 200 580 300 496 400
215 0 5 1015 0 1157 100 232 200 1265 300 119 400
216 0 5 567 0 1169 100 899 200 1034 300 489 400
217 0 5 282 0 412 100 63 200 630 300 802 400
218 0 5 374 0 667 100 1404 200 813 300 1168 400
219 0 5 1302 0 1449 100 704 200 274 300 188 400
220 0 5 1415 0 1259 100 39 200 1446 300 1048 400
221 0 5 1275 0 626 100 145 200 1188 300 272 400
222 0 5 1214 0 1226 100 613 200 340 300 47 400
223 0 5 20 0 1265 100 783 200 997 300 232 400
224 0 5 791 0 174 100 1055 200 1476 300 44 400
225 0 5 930 0 974 100 966 200 746 300 451 400
226 0 5 165 0 941 100 328 200 1031 300 3 400
227 0 5 622 0 194 100 163 200 1232 300 711 400
228 0 5 963 0 530 100 1350 200 889 300 1108 400
229 0 5 483 0 445 100 1094 200 1402 300 797 400
230 0 5 1132 0 508 100 983 200 1089 300 495 400
231 0 5 28 0 312 100 971 200 406 300 161 400
232 0 5 215 0 209 100 783 200 1265 300 1157 400
233 0 5 168 0 287 100 1236 200 281 300 1243 400
234 0 5 1457 0 1035 100 329 200 205 300 1366 400
235 0 5 1219 0 179 100 844 200 888 300 965 400
236 0 5 317 0 797 100 671 200 858 300 998 400
237 0 5 504 0 107 100 810 200 515 300 407 400
238 0 5 1206 0 1313 100 166 200 112 300 1343 400
239 0 5 532 0 666 100 87 200 863 300 1445 400
240 0 5 1308 0 17 100 127 200 664 300 887 400
241 0 5 1286 0 1321 100 691 200 947 300 1221 400
242 0 5 55 0 575 100 487 200 566 300 962 400
243 0 5 1343 0 185 100 1195 200 1244 300 1313 400
244 0 5 816 0 357 100 597 200 921 300 1032 400
245 0 5 1408 0 267 100 943 200 1483 300 843 400
246 0 5 431 0 1439 100 1376 200 135 300 765 400
247 0 5 557 0 1272 100 296 200 595 300 988 400
248 0 5 746 0 526 100 31 200 392 300 745 400
249 0 5 1274 0 1481 100 576 200 58 300 841 400
250 0 5 267 0 1349 100 92 200 352 300 443 400
251 0 5 871 0 1419 100 1411 200 38 300 1112 400
252 0 5 1339 0 1144 100 993 200 1283 300 803 400
253 0 5 1295 0 130 100 1211 200 842 300 86 400
254 0 5 354 0 968 100 875 200 1463 300 900 400
255 0 5 1235 0 266 100 635 200 896 300 1391 400
256 0 5 683 0 1419 100 871 200 1245 300 1029 400
257 0 5 730 0 1195 100 1244 200 619 300 111 400
258 0 5 1012 0 24 100 1521 200 440 300 1522 400
259 0 5 213 0 1083 100 937 200 944 300 845 400
260 0 5 319 0 470 100 183 200 1393 300 1049 400
261 0 5 442 0 1233 100 644 200 693 300 1079 400
262 0 5 799 0 193 100 625 200 1111 300 1165 400
263 0 5 1494 0 551 100 569 200 1396 300 587 400
264 0 5 1452 0 177 100 1097 200 153 300 1246 400
265 0 5 1020 0 787 100 429 200 1312 300 1409 400
266 0 5 255 0 618 100 896 200 1416 300 1235 400
267 0 5 250 0 943 100 245 200 347 300 1483 400
268 0 5 1159 0 1269 100 410 200 1262 300 1446 400
269 0 5 404 0 1003 100 703 200 1211 300 741 400
270 0 5 152 0 46 100 29 200 749 300 1323 400
271 0 5 36 0 572 100 467 200 573 300 890 400
272 0 5 626 0 750 100 221 200 915 300 1275 400
273 0 5 1374 0 1108 100 336 200 297 300 1380 400
274 0 5 704 0 795 100 219 200 1046 300 788 400
275 0 5 407 0 1096 100 1128 200 480 300 759 400
276 0 5 448 0 1026 100 612 200 991 300 467 400
277 0 5 1485 0 1340 100 918 200 978 300 890 400
278 0 5 531 0 1477 100 593 200 1095 300 570 400
279 0 5 87 0 1201 100 1073 200 863 300 774 400
280 0 5 447 0 1151 100 1319 200 1409 300 936 400
281 0 5 903 0 838 100 1369 200 233 300 469 400
282 0 5 217 0 1254 100 284 200 576 300 841 400
283 0 5 975 0 131 100 429 200 787 300 1458 400
284 0 5 841 0 576 100 282 200 249 300 1481 400
285 0 5 439 0 702 100 700 200 1222 300 100 400
286 0 5 599 0 1177 100 892 200 687 300 1401 400
287 0 5 204 0 233 100 168 200 1243 300 817 400
288 0 5 1372 0 1084 100 1111 200 1500 300 780 400
289 0 5 1360 0 414 100 212 200 916 300 1373 400
290 0 5 453 0 1375 100 1316 200 117 300 1389 400
291 0 5 1205 0 832 100 917 200 1061 300 1150 400
292 0 5 394 0 1261 100 765 200 415 300 1124 400
293 0 5 138 0 1255 100 1432 200 201 300 1328 400
294 0 5 111 0 619 100 860 200 1353 300 257 400
295 0 5 1517 0 1518 100 796 200 571 300 24 400
296 0 5 405 0 988 100 247 200 404 300 478 400
297 0 5 963 0 336 100 1108 200 1184 300 273 400
298 0 5 1273 0 46 100 421 200 1451 300 1351 400
299 0 5 555 0 692 100 632 200 1418 300 561 400
300 0 5 1335 0 1021 100 967 200 956 300 108 400
301 0 5 1096 0 1128 100 254 200 38 300 1463 400
302 0 5 473 0 582 100 74 200 690 300 1075 400
303 0 5 1070 0 1216 100 389 200 636 300 561 400
304 0 5 517 0 757 100 322 200 789 300 735 400
305 0 5 1373 0 677 100 1041 200 1531 300 1530 400
306 0 5 1382 0 878 100 430 200 1017 300 195 400
307 0 5 921 0 50 100 30 200 1143 300 244 400
308 0 5 474 0 1080 100 919 200 1110 300 1166 400
309 0 5 562 0 1056 100 770 200 169 300 1018 400
310 0 5 440 0 78 100 1517 200 1516 300 1252 400
311 0 5 859 0 1380 100 892 200 273 300 1108 400
312 0 5 161 0 406 100 231 200 795 300 788 400
313 0 5 1165 0 732 100 193 200 1025 300 262 400
314 0 5 579 0 918 100 277 200 116 300 1485 400
315 0 5 1232 0 1352 100 163 200 1213 300 1086 400
316 0 5 89 0 1406 100 375 200 807 300 612 400
317 0 5 1402 0 236 100 445 200 486 300 858 400
318 0 5 1109 0 672 100 1190 200 89 300 521 400
319 0 5 260 0 772 100 654 200 1049 300 183 400
320 0 5 508 0 343 100 8 200 1407 300 205 400
321 0 5 556 0 877 100 1440 200 953 300 369 400
322 0 5 362 0 304 100 789 200 940 300 587 400
323 0 5 435 0 1319 100 96 200 540 300 1137 400
324 0 5 1198 0 1367 100 545 200 826 300 752 400
325 0 5 1471 0 517 100 832 200 1489 300 304 400
326 0 5 594 0 862 100 1267 200 27 300 133 400
327 0 5 638 0 702 100 839 200 725 300 1222 400
328 0 5 981 0 941 100 226 200 1031 300 1333 400
329 0 5 779 0 234 100 102 200 1346 300 1366 400
330 0 5 480 0 751 100 653 200 875 300 1128 400
331 0 5 923 0 1358 100 1176 200 957 300 339 400
332 0 5 1320 0 993 100 120 200 1412 300 70 400
333 0 5 611 0 64 100 604 200 1028 300 84 400
334 0 5 1187 0 747 100 385 200 1299 300 142 400
335 0 5 706 0 94 100 191 200 171 300 98 400
336 0 5 297 0 1184 100 748 200 273 300 1284 400
337 0 5 144 0 201 100 837 200 831 300 888 400
338 0 5 895 0 990 100 1378 200 1191 300 1034 400
339 0 5 1500 0 186 100 786 200 1358 300 853 400
340 0 5 629 0 444 100 22 200 1076 300 1253 400
341 0 5 865 0 63 100 1478 200 83 300 1485 400
342 0 5 1502 0 1 100 929 200 7 300 93 400
343 0 5 8 0 320 100 1407 200 1081 300 1001 400
344 0 5 1235 0 1391 100 1416 200 1394 300 635 400
345 0 5 1308 0 1126 100 450 200 664 300 887 400
346 0 5 681 0 416 100 182 200 1256 300 187 400
347 0 5 92 0 670 100 267 200 1483 300 943 400
348 0 5 386 0 1032 100 1245 200 1193 300 939 400
349 0 5 132 0 649 100 383 200 1414 300 1161 400
350 0 5 16 0 668 100 73 200 1465 300 525 400
351 0 5 501 0 1400 100 1066 200 443 300 512 400
352 0 5 1466 0 170 100 250 200 942 300 986 400
353 0 5 863 0 842 100 769 200 35 300 1295 400
354 0 5 900 0 254 100 441 200 968 300 70 400
355 0 5 1487 0 790 100 1365 200 48 300 359 400
356 0 5 703 0 1004 100 128 200 1218 300 427 400
357 0 5 158 0 1032 100 244 200 921 300 816 400
358 0 5 490 0 819 100 1362 200 1116 300 1385 400
359 0 5 1337 0 911 100 48 200 685 300 372 400
360 0 5 1305 0 1331 100 1392 200 511 300 787 400
361 0 5 391 0 1124 100 765 200 431 300 135 400
362 0 5 940 0 587 100 322 200 1494 300 859 400
363 0 5 148 0 1291 100 407 200 107 300 810 400
364 0 5 90 0 945 100 1411 200 524 300 251 400
365 0 5 966 0 1027 100 366 200 1044 300 809 400
366 0 5 54 0 883 100 465 200 365 300 1460 400
367 0 5 523 0 1110 100 731 200 474 300 1322 400
368 0 5 665 0 870 100 427 200 1003 300 101 400
369 0 5 951 0 49 100 1242 200 1037 300 953 400
370 0 5 955 0 708 100 407 200 759 300 710 400
371 0 5 1451 0 562 100 775 200 1351 300 1297 400
372 0 5 1337 0 1365 100 48 200 685 300 359 400
373 0 5 51 0 200 100 828 200 792 300 1161 400
374 0 5 218 0 1228 100 794 200 1168 300 35 400
375 0 5 1406 0 467 100 316 200 1347 300 612 400
376 0 5 719 0 558 100 1118 200 1278 300 1135 400
377 0 5 554 0 479 100 1160 200 1475 300 674 400
378 0 5 748 0 390 100 398 200 142 300 747 400
379 0 5 1470 0 728 100 1306 200 406 300 454 400
380 0 5 1298 0 1203 100 190 200 806 300 1391 400
381 0 5 559 0 116 100 865 200 1303 300 579 400
382 0 5 53 0 972 100 745 200 1458 300 248 400
383 0 5 1092 0 1414 100 349 200 649 300 617 400
384 0 5 873 0 1329 100 487 200 575 300 962 400
385 0 5 996 0 1197 100 334 200 1299 300 74 400
386 0 5 348 0 1245 100 50 200 1193 300 1032 400
387 0 5 93 0 1469 100 85 200 734 300 7 400
388 0 5 1033 0 564 100 920 200 768 300 1223 400
389 0 5 1216 0 1052 100 636 200 303 300 1314 400
390 0 5 378 0 455 100 996 200 748 300 385 400
391 0 5 361 0 1189 100 447 200 280 300 1124 400
392 0 5 526 0 972 100 745 200 428 300 248 400
393 0 5 436 0 95 100 830 200 1323 300 646 400
394 0 5 207 0 292 100 1124 200 765 300 1261 400
395 0 5 1504 0 1503 100 770 200 922 300 1501 400
396 0 5 413 0 855 100 1456 200 422 300 837 400
397 0 5 1044 0 962 100 712 200 451 300 675 400
398 0 5 1284 0 142 100 77 200 378 300 748 400
399 0 5 1122 0 842 100 1173 200 870 300 101 400
400 0 5 180 0 952 100 156 200 778 300 1200 400
401 0 5 97 0 764 100 1376 200 175 300 824 400
402 0 5 538 0 1051 100 1090 200 121 300 62 400
403 0 5 732 0 550 100 1025 200 193 300 313 400
404 0 5 269 0 296 100 478 200 1268 300 1167 400
405 0 5 1167 0 296 100 404 200 11 300 623 400
406 0 5 312 0 1470 100 733 200 231 300 640 400
407 0 5 275 0 370 100 363 200 1291 300 148 400
408 0 5 1492 0 1023 100 1233 200 475 300 1426 400
409 0 5 214 0 66 100 1078 200 496 300 580 400
410 0 5 1106 0 1174 100 1159 200 268 300 1249 400
411 0 5 18 0 1136 100 164 200 823 300 498 400
412 0 5 781 0 1393 100 217 200 630 300 282 400
413 0 5 888 0 396 100 965 200 837 300 1456 400
414 0 5 1373 0 289 100 784 200 1360 300 1385 400
415 0 5 1497 0 1376 100 162 200 1063 300 1261 400
416 0 5 59 0 346 100 1256 200 672 300 521 400
417 0 5 1436 0 120 100 1412 200 861 300 1000 400
418 0 5 24 0 1196 100 648 200 1231 300 258 400
419 0 5 1008 0 143 100 738 200 727 300 185 400
420 0 5 881 0 920 100 925 200 1061 300 160 400
421 0 5 1192 0 1323 100 46 200 298 300 95 400
422 0 5 965 0 855 100 396 200 699 300 577 400
423 0 5 705 0 1057 100 862 200 1144 300 1356 400
424 0 5 676 0 1163 100 719 200 1135 300 1071 400
425 0 5 1253 0 629 100 1067 200 340 300 1076 400
426 0 5 1482 0 536 100 730 200 584 300 752 400
427 0 5 1276 0 665 100 703 200 368 300 1003 400
428 0 5 673 0 1324 100 681 200 182 300 392 400
429 0 5 975 0 1409 100 283 200 970 300 265 400
430 0 5 1005 0 1017 100 306 200 636 300 555 400
431 0 5 246 0 135 100 361 200 1439 300 765 400
432 0 5 977 0 1399 100 688 200 722 300 14 400
433 0 5 701 0 607 100 187 200 1107 300 593 400
434 0 5 1450 0 1262 100 1269 200 39 300 452 400
435 0 5 323 0 1319 100 96 200 1137 300 540 400
436 0 5 393 0 749 100 152 200 915 300 1323 400
437 0 5 1290 0 1175 100 137 200 1072 300 1478 400
438 0 5 82 0 828 100 1161 200 200 300 792 400
439 0 5 285 0 88 100 100 200 702 300 485 400
440 0 5 310 0 1514 100 1513 200 258 300 78 400
441 0 5 70 0 945 100 354 200 968 300 1411 400
442 0 5 1138 0 261 100 644 200 125 300 693 400
443 0 5 501 0 1240 100 1349 200 1400 300 512 400
444 0 5 1214 0 340 100 629 200 1067 300 1076 400
445 0 5 1402 0 987 100 229 200 317 300 486 400
446 0 5 189 0 1366 100 1457 200 1346 300 98 400
447 0 5 280 0 1189 100 1319 200 391 300 1150 400
448 0 5 276 0 612 100 1026 200 467 300 316 400
449 0 5 984 0 530 100 141 200 52 300 658 400
450 0 5 1126 0 632 100 345 200 961 300 633 400
451 0 5 712 0 930 100 1044 200 717 300 966 400
452 0 5 655 0 500 100 1170 200 434 300 1450 400
453 0 5 1389 0 117 100 290 200 1375 300 173 400
454 0 5 1123 0 1021 100 1306 200 1239 300 788 400
455 0 5 1424 0 390 100 996 200 951 300 378 400
456 0 5 32 0 1134 100 42 200 793 300 614 400
457 0 5 1039 0 847 100 1227 200 518 300 856 400
458 0 5 545 0 1178 100 43 200 75 300 904 400
459 0 5 646 0 1068 100 830 200 519 300 393 400
460 0 5 1453 0 660 100 792 200 82 300 640 400
461 0 5 734 0 85 100 1078 200 387 300 66 400
462 0 5 1258 0 1002 100 976 200 1448 300 1289 400
463 0 5 47 0 964 100 905 200 1064 300 1482 400
464 0 5 803 0 950 100 1369 200 1283 300 1279 400
465 0 5 1460 0 366 100 1047 200 365 300 883 400
466 0 5 529 0 777 100 67 200 1327 300 1072 400
467 0 5 375 0 1347 100 612 200 271 300 1406 400
468 0 5 1117 0 1496 100 1007 200 631 300 527 400
469 0 5 5 0 906 100 838 200 281 300 1423 400
470 0 5 260 0 698 100 1280 200 542 300 183 400
471 0 5 528 0 19 100 1472 200 959 300 60 400
472 0 5 794 0 864 100 1156 200 1078 300 1228 400
473 0 5 302 0 690 100 1325 200 74 300 582 400
474 0 5 308 0 731 100 1166 200 1110 300 1353 400
475 0 5 1129 0 1233 100 1426 200 1079 300 408 400
476 0 5 791 0 879 100 44 200 1430 300 224 400
477 0 5 1359 0 758 100 645 200 498 300 1484 400
478 0 5 988 0 608 100 1073 200 494 300 404 400
479 0 5 377 0 739 100 592 200 508 300 8 400
480 0 5 330 0 759 100 275 200 751 300 1128 400
481 0 5 907 0 527 100 631 200 537 300 1428 400
482 0 5 1225 0 1417 100 58 200 851 300 576 400
483 0 5 229 0 1094 100 678 200 827 300 721 400
484 0 5 642 0 869 100 134 200 72 300 643 400
485 0 5 41 0 88 100 990 200 857 300 693 400
486 0 5 908 0 167 100 858 200 445 300 987 400
487 0 5 575 0 873 100 384 200 242 300 55 400
488 0 5 140 0 948 100 43 200 17 300 75 400
489 0 5 1357 0 512 100 1400 200 637 300 1169 400
490 0 5 358 0 1065 100 583 200 4 300 1116 400
491 0 5 1182 0 531 100 570 200 1437 300 662 400
492 0 5 1447 0 1016 100 604 200 1430 300 801 400
493 0 5 1065 0 4 100 931 200 1250 300 490 400
494 0 5 988 0 557 100 478 200 404 300 247 400
495 0 5 916 0 592 100 1433 200 212 300 1362 400
496 0 5 84 0 409 100 214 200 79 300 580 400
497 0 5 893 0 1299 100 74 200 627 300 582 400
498 0 5 164 0 645 100 1136 200 758 300 477 400
499 0 5 617 0 807 100 12 200 1190 300 1092 400
500 0 5 452 0 1170 100 985 200 655 300 1450 400
501 0 5 443 0 351 100 1400 200 1240 300 512 400
502 0 5 103 0 901 100 777 200 753 300 183 400
503 0 5 541 0 619 100 1195 200 1405 300 1008 400
504 0 5 237 0 882 100 515 200 810 300 154 400
505 0 5 522 0 1040 100 933 200 886 300 697 400
506 0 5 624 0 154 100 1104 200 57 300 821 400
507 0 5 210 0 1102 100 1464 200 696 300 549 400
508 0 5 320 0 592 100 230 200 479 300 1132 400
509 0 5 1089 0 590 100 196 200 1132 300 230 400
510 0 5 73 0 668 100 821 200 1104 300 57 400
511 0 5 539 0 1305 100 1484 200 1392 300 360 400
512 0 5 1348 0 489 100 1066 200 1240 300 13 400
513 0 5 108 0 1414 100 672 200 132 300 598 400
514 0 5 1146 0 1454 100 1029 200 107 300 1291 400
515 0 5 710 0 810 100 148 200 237 300 504 400
516 0 5 76 0 1351 100 775 200 1451 300 1297 400
517 0 5 304 0 325 100 1491 200 322 300 1471 400
518 0 5 547 0 743 100 457 200 1398 300 564 400
519 0 5 1207 0 646 100 755 200 1011 300 1147 400
520 0 5 1187 0 1390 100 497 200 77 300 334 400
521 0 5 1109 0 89 100 672 200 182 300 416 400
522 0 5 1017 0 505 100 1206 200 878 300 933 400
523 0 5 367 0 731 100 1110 200 1030 300 474 400
524 0 5 736 0 1093 100 364 200 1411 300 90 400
525 0 5 1045 0 844 100 927 200 1219 300 1465 400
526 0 5 392 0 248 100 673 200 746 300 1027 400
527 0 5 1117 0 481 100 631 200 1007 300 907 400
528 0 5 471 0 657 100 19 200 959 300 1422 400
529 0 5 466 0 1453 100 792 200 1327 300 67 400
530 0 5 1350 0 228 100 449 200 984 300 804 400
531 0 5 278 0 662 100 593 200 491 300 1141 400
532 0 5 239 0 774 100 87 200 1448 300 863 400
533 0 5 913 0 170 100 553 200 1495 300 986 400
534 0 5 901 0 973 100 1327 200 737 300 753 400
535 0 5 1375 0 1491 100 551 200 1471 300 1494 400
536 0 5 826 0 426 100 752 200 1482 300 324 400
537 0 5 631 0 1428 100 481 200 907 300 831 400
538 0 5 402 0 62 100 1051 200 1247 300 1090 400
539 0 5 511 0 1484 100 1305 200 1392 300 360 400
540 0 5 1088 0 1137 100 1020 200 1312 300 435 400
541 0 5 503 0 185 100 1195 200 1008 300 1405 400
542 0 5 1082 0 183 100 602 200 470 300 869 400
543 0 5 1179 0 1307 100 1250 200 1355 300 1154 400
544 0 5 1252 0 78 100 761 200 118 300 848 400
545 0 5 458 0 75 100 324 200 904 300 1178 400
546 0 5 1462 0 875 100 254 200 981 300 900 400
547 0 5 518 0 564 100 743 200 1033 300 1223 400
548 0 5 1143 0 1493 100 45 200 723 300 1474 400
549 0 5 115 0 1300 100 1102 200 742 300 507 400
550 0 5 1127 0 403 100 1025 200 193 300 1084 400
551 0 5 263 0 1316 100 1375 200 1396 300 535 400
552 0 5 771 0 854 100 1320 200 736 300 993 400
553 0 5 69 0 1248 100 533 200 1342 300 1495 400
554 0 5 1475 0 377 100 1019 200 891 300 479 400
555 0 5 299 0 561 100 692 200 430 300 1382 400
556 0 5 321 0 773 100 877 200 1341 300 1403 400
557 0 5 494 0 247 100 1272 200 595 300 1201 400
558 0 5 1135 0 1311 100 376 200 719 300 1183 400
559 0 5 381 0 116 100 1441 200 1220 300 573 400
560 0 5 1432 0 91 100 58 200 851 300 1255 400
561 0 5 636 0 555 100 692 200 1070 300 1418 400
562 0 5 309 0 371 100 874 200 609 300 1273 400
563 0 5 1185 0 1006 100 886 200 568 300 724 400
564 0 5 1223 0 388 100 547 200 1033 300 518 400
565 0 5 588 0 1238 100 1218 200 1450 300 356 400
566 0 5 883 0 991 100 55 200 242 300 192 400
567 0 5 216 0 637 100 1169 200 899 300 489 400
568 0 5 1006 0 886 100 1186 200 720 300 1282 400
569 0 5 1281 0 1396 100 938 200 1022 300 949 400
570 0 5 1095 0 1103 100 109 200 491 300 606 400
571 0 5 796 0 1099 100 295 200 1231 300 1130 400
572 0 5 1114 0 271 100 890 200 12 300 978 400
573 0 5 36 0 1441 100 991 200 890 300 271 400
574 0 5 1377 0 878 100 195 200 306 300 1139 400
575 0 5 487 0 242 100 192 200 873 300 55 400
576 0 5 1417 0 284 100 249 200 58 300 282 400
577 0 5 641 0 699 100 213 200 422 300 855 400
578 0 5 1234 0 729 100 678 200 1486 300 689 400
579 0 5 865 0 314 100 381 200 116 300 918 400
580 0 5 1171 0 685 100 214 200 33 300 496 400
581 0 5 754 0 1256 100 607 200 598 300 688 400
582 0 5 1075 0 302 100 952 200 1299 300 74 400
583 0 5 663 0 1116 100 1065 200 490 300 1241 400
584 0 5 22 0 1482 100 426 200 47 300 730 400
585 0 5 1291 0 1133 100 1146 200 1096 300 275 400
586 0 5 1231 0 648 100 1062 200 1099 300 133 400
587 0 5 1494 0 362 100 322 200 263 300 940 400
588 0 5 565 0 1330 100 128 200 1450 300 1004 400
589 0 5 670 0 56 100 1483 200 943 300 843 400
590 0 5 1502 0 1503 100 196 200 954 300 1296 400
591 0 5 980 0 14 100 1239 200 967 300 1399 400
592 0 5 495 0 508 100 479 200 1433 300 212 400
593 0 5 701 0 531 100 1477 200 278 300 1141 400
594 0 5 862 0 1144 100 326 200 423 300 705 400
595 0 5 1272 0 1215 100 652 200 247 300 1201 400
596 0 5 1060 0 927 100 1219 200 525 300 16 400
597 0 5 816 0 1370 100 244 200 921 300 723 400
598 0 5 1399 0 59 100 672 200 1256 300 513 400
599 0 5 286 0 938 100 687 200 892 300 362 400
600 0 5 1364 0 1050 100 1519 200 684 300 954 400
601 0 5 1149 0 609 100 52 200 81 300 680 400
602 0 5 183 0 753 100 542 200 869 300 470 400
603 0 5 1120 0 1091 100 845 200 71 300 642 400
604 0 5 64 0 801 100 492 200 333 300 1447 400
605 0 5 1113 0 1199 100 801 200 64 300 808 400
606 0 5 969 0 95 100 76 200 1354 300 1192 400
607 0 5 433 0 581 100 187 200 688 300 701 400
608 0 5 1211 0 1073 100 478 200 1295 300 269 400
609 0 5 601 0 1149 100 52 200 169 300 562 400
610 0 5 190 0 1334 100 695 200 1394 300 380 400
611 0 5 1499 0 333 100 852 200 84 300 496 400
612 0 5 448 0 276 100 467 200 375 300 316 400
613 0 5 1226 0 26 100 47 200 964 300 222 400
614 0 5 1134 0 633 100 1418 200 456 300 561 400
615 0 5 1202 0 642 100 1091 200 1274 300 698 400
616 0 5 909 0 899 100 682 200 1191 300 1221 400
617 0 5 499 0 1092 100 1190 200 1414 300 383 400
618 0 5 896 0 266 100 1145 200 1416 300 1031 400
619 0 5 503 0 294 100 1195 200 257 300 1405 400
620 0 5 1322 0 919 100 767 200 1110 300 836 400
621 0 5 884 0 829 100 767 200 914 300 68 400
622 0 5 227 0 711 100 1270 200 714 300 1030 400
623 0 5 1119 0 1268 100 11 200 1167 300 405 400
624 0 5 882 0 506 100 154 200 107 300 1104 400
625 0 5 157 0 799 100 1014 200 262 300 114 400
626 0 5 272 0 221 100 1188 200 1425 300 750 400
627 0 5 785 0 893 100 139 200 960 300 497 400
628 0 5 934 0 1413 100 21 200 1155 300 1301 400
629 0 5 425 0 340 100 444 200 1067 300 1076 400
630 0 5 1175 0 1478 100 217 200 1049 300 781 400
631 0 5 537 0 1007 100 527 200 481 300 468 400
632 0 5 450 0 1418 100 299 200 1126 300 633 400
633 0 5 961 0 1418 100 614 200 632 300 450 400
634 0 5 820 0 132 100 82 200 1271 300 1161 400
635 0 5 1468 0 935 100 896 200 255 300 689 400
636 0 5 1070 0 561 100 430 200 389 300 697 400
637 0 5 1357 0 567 100 489 200 1400 300 1169 400
638 0 5 327 0 1221 100 1191 200 616 300 725 400
639 0 5 1212 0 648 100 118 200 840 300 1217 400
640 0 5 1229 0 660 100 231 200 406 300 1444 400
641 0 5 577 0 213 100 855 200 422 300 1083 400
642 0 5 484 0 615 100 698 200 1091 300 869 400
643 0 5 134 0 1383 100 1153 200 869 300 744 400
644 0 5 41 0 442 100 693 200 261 300 485 400
645 0 5 1359 0 498 100 477 200 1136 300 164 400
646 0 5 519 0 459 100 393 200 1207 300 830 400
647 0 5 1526 0 1098 100 1527 200 1041 300 1443 400
648 0 5 1231 0 1196 100 586 200 639 300 418 400
649 0 5 349 0 12 100 1161 200 383 300 1092 400
650 0 5 1153 0 1363 100 744 200 994 300 885 400
651 0 5 211 0 1444 100 817 200 1243 300 640 400
652 0 5 1215 0 1258 100 595 200 462 300 1289 400
653 0 5 1462 0 1059 100 1180 200 330 300 1333 400
654 0 5 772 0 777 100 1072 200 1162 300 67 400
655 0 5 452 0 1450 100 500 200 1330 300 434 400
656 0 5 886 0 1040 100 805 200 1318 300 94 400
657 0 5 528 0 178 100 15 200 19 300 471 400
658 0 5 141 0 984 100 1440 200 449 300 889 400
659 0 5 1085 0 740 100 815 200 42 300 961 400
660 0 5 1229 0 460 100 640 200 766 300 820 400
661 0 5 1302 0 1209 100 145 200 1257 300 204 400
662 0 5 1141 0 531 100 491 200 1384 300 1437 400
663 0 5 583 0 1241 100 1065 200 493 300 2 400
664 0 5 887 0 1054 100 1009 200 17 300 240 400
665 0 5 368 0 870 100 427 200 1003 300 1168 400
666 0 5 1445 0 239 100 1459 200 863 300 87 400
667 0 5 813 0 1168 100 218 200 374 300 1173 400
668 0 5 350 0 510 100 73 200 821 300 1465 400
669 0 5 785 0 778 100 163 200 960 300 1213 400
670 0 5 589 0 1483 100 347 200 943 300 267 400
671 0 5 1487 0 236 100 958 200 1317 300 998 400
672 0 5 318 0 521 100 598 200 59 300 513 400
673 0 5 428 0 1324 100 1027 200 526 300 392 400
674 0 5 1160 0 739 100 377 200 1479 300 479 400
675 0 5 712 0 1121 100 1431 200 397 300 962 400
676 0 5 1053 0 424 100 1163 200 1071 300 1431 400
677 0 5 1508 0 1509 100 305 200 1443 300 196 400
678 0 5 827 0 1234 100 578 200 483 300 689 400
679 0 5 199 0 197 100 874 200 1297 300 1451 400
680 0 5 1277 0 1149 100 1013 200 824 300 804 400
681 0 5 346 0 182 100 428 200 1324 300 673 400
682 0 5 1191 0 1378 100 899 200 616 300 1169 400
683 0 5 256 0 1193 100 871 200 1411 300 1245 400
684 0 5 877 0 600 100 1364 200 1050 300 191 400
685 0 5 33 0 580 100 214 200 1337 300 1469 400
686 0 5 144 0 179 100 888 200 1007 300 337 400
687 0 5 938 0 1401 100 286 200 599 300 1281 400
688 0 5 754 0 432 100 977 200 701 300 1399 400
689 0 5 1298 0 721 100 635 200 995 300 1468 400
690 0 5 473 0 951 100 74 200 302 300 582 400
691 0 5 1321 0 1010 100 1288 200 872 300 241 400
692 0 5 299 0 1418 100 561 200 555 300 614 400
693 0 5 857 0 1490 100 644 200 261 300 485 400
694 0 5 1287 0 1100 100 3 200 165 300 417 400
695 0 5 1334 0 1266 100 1394 200 610 300 1420 400
696 0 5 1294 0 1102 100 768 200 507 300 856 400
697 0 5 1005 0 933 100 1017 200 505 300 636 400
698 0 5 1082 0 470 100 1202 200 1280 300 869 400
699 0 5 577 0 965 100 422 200 844 300 213 400
700 0 5 1222 0 1227 100 285 200 100 300 839 400
701 0 5 593 0 433 100 688 200 1477 300 977 400
702 0 5 327 0 285 100 1222 200 88 300 439 400
703 0 5 356 0 1003 100 269 200 427 300 741 400
704 0 5 274 0 219 100 104 200 755 300 1147 400
705 0 5 1356 0 822 100 423 200 27 300 862 400
706 0 5 773 0 335 100 94 200 1403 300 1341 400
707 0 5 1490 0 1042 100 910 200 713 300 1034 400
708 0 5 1224 0 370 100 1461 200 759 300 955 400
709 0 5 889 0 1397 100 984 200 658 300 228 400
710 0 5 955 0 515 100 708 200 370 300 237 400
711 0 5 1030 0 622 100 1140 200 194 300 731 400
712 0 5 675 0 451 100 397 200 1121 300 1431 400
713 0 5 895 0 857 100 707 200 990 300 1034 400
714 0 5 1270 0 123 100 622 200 1322 300 147 400
715 0 5 133 0 124 100 252 200 113 300 326 400
716 0 5 783 0 110 100 1304 200 209 300 997 400
717 0 5 974 0 129 100 10 200 746 300 451 400
718 0 5 992 0 1171 100 1317 200 782 300 876 400
719 0 5 1118 0 376 100 1135 200 424 300 1163 400
720 0 5 1186 0 1403 100 1282 200 568 300 1341 400
721 0 5 995 0 689 100 797 200 1203 300 958 400
722 0 5 1354 0 977 100 432 200 14 300 830 400
723 0 5 1493 0 1474 100 811 200 1370 300 921 400
724 0 5 1237 0 1185 100 61 200 1006 300 166 400
725 0 5 947 0 839 100 1336 200 327 300 1286 400
726 0 5 51 0 126 100 1161 200 200 300 12 400
727 0 5 1237 0 61 100 738 200 419 300 143 400
728 0 5 379 0 1470 100 733 200 1306 300 956 400
729 0 5 578 0 1486 100 935 200 1234 300 1421 400
730 0 5 257 0 835 100 111 200 426 300 1076 400
731 0 5 1030 0 474 100 523 200 367 300 711 400
732 0 5 403 0 313 100 1165 200 1025 300 262 400
733 0 5 728 0 766 100 1271 200 406 300 640 400
734 0 5 461 0 1404 100 387 200 929 300 1078 400
735 0 5 1395 0 789 100 866 200 304 300 757 400
736 0 5 524 0 771 100 1093 200 552 300 1279 400
737 0 5 1363 0 753 100 868 200 534 300 885 400
738 0 5 1427 0 727 100 419 200 156 300 1237 400
739 0 5 674 0 1479 100 479 200 377 300 1160 400
740 0 5 659 0 815 100 42 200 793 300 99 400
741 0 5 1268 0 1218 100 703 200 1119 300 356 400
742 0 5 115 0 1464 100 549 200 507 300 1438 400
743 0 5 856 0 547 100 768 200 1033 300 518 400
744 0 5 1315 0 72 100 994 200 134 300 650 400
745 0 5 972 0 392 100 382 200 248 300 526 400
746 0 5 248 0 31 100 974 200 717 300 526 400
747 0 5 142 0 334 100 77 200 390 300 748 400
748 0 5 378 0 142 100 390 200 336 300 747 400
749 0 5 29 0 152 100 915 200 436 300 270 400
750 0 5 272 0 626 100 1345 200 24 300 796 400
751 0 5 1180 0 759 100 330 200 480 300 653 400
752 0 5 1388 0 536 100 1482 200 324 300 904 400
753 0 5 602 0 737 100 502 200 183 300 1363 400
754 0 5 581 0 688 100 1399 200 432 300 1256 400
755 0 5 1046 0 1147 100 704 200 519 300 1011 400
756 0 5 1294 0 982 100 100 200 856 300 1142 400
757 0 5 1036 0 304 100 1261 200 735 300 789 400
758 0 5 1301 0 1181 100 477 200 1137 300 498 400
759 0 5 480 0 751 100 1224 200 275 300 708 400
760 0 5 1172 0 1247 100 403 200 159 300 62 400
761 0 5 911 0 544 100 48 200 359 300 78 400
762 0 5 40 0 1013 100 804 200 1277 300 1395 400
763 0 5 1129 0 1426 100 475 200 408 300 56 400
764 0 5 401 0 824 100 1497 200 1376 300 81 400
765 0 5 162 0 1124 100 292 200 361 300 394 400
766 0 5 1229 0 733 100 1271 200 640 300 820 400
767 0 5 203 0 914 100 620 200 621 300 123 400
768 0 5 1033 0 743 100 696 200 1102 300 856 400
769 0 5 34 0 35 100 1156 200 864 300 353 400
770 0 5 1511 0 1510 100 1056 200 1018 300 1131 400
771 0 5 552 0 1279 100 736 200 252 300 1283 400
772 0 5 654 0 319 100 1162 200 1049 300 1072 400
773 0 5 556 0 1403 100 706 200 94 300 1341 400
774 0 5 532 0 87 100 9 200 1448 300 279 400
775 0 5 1297 0 1087 100 199 200 371 300 97 400
776 0 5 1031 0 165 100 1371 200 1217 300 1416 400
777 0 5 466 0 654 100 502 200 67 300 103 400
778 0 5 1200 0 1213 100 669 200 400 300 952 400
779 0 5 1035 0 329 100 983 200 1089 300 205 400
780 0 5 1014 0 1111 100 1500 200 997 300 339 400
781 0 5 412 0 1049 100 630 200 217 300 1393 400
782 0 5 167 0 992 100 1028 200 1317 300 946 400
783 0 5 716 0 209 100 232 200 110 300 223 400
784 0 5 206 0 414 100 1385 200 1373 300 798 400
785 0 5 960 0 627 100 669 200 163 300 497 400
786 0 5 1264 0 1292 100 997 200 1058 300 339 400
787 0 5 1392 0 131 100 265 200 283 300 1331 400
788 0 5 1046 0 795 100 161 200 1123 300 454 400
789 0 5 940 0 735 100 859 200 304 300 322 400
790 0 5 48 0 355 100 1420 200 1365 300 806 400
791 0 5 224 0 476 100 879 200 1476 300 1055 400
792 0 5 828 0 1453 100 529 200 460 300 373 400
793 0 5 891 0 32 100 1019 200 456 300 1134 400
794 0 5 472 0 1078 100 374 200 864 300 1228 400
795 0 5 161 0 274 100 788 200 1046 300 312 400
796 0 5 571 0 295 100 24 200 1099 300 750 400
797 0 5 958 0 236 100 721 200 229 300 671 400
798 0 5 1116 0 1385 100 206 200 819 300 1170 400
799 0 5 262 0 625 100 157 200 1165 300 313 400
800 0 5 1263 0 1242 100 1424 200 658 300 1037 400
801 0 5 604 0 1452 100 1113 200 1246 300 64 400
802 0 5 83 0 1368 100 217 200 282 300 63 400
803 0 5 464 0 1283 100 1144 200 423 300 1057 400
804 0 5 762 0 1013 100 52 200 1350 300 530 400
805 0 5 1318 0 1040 100 656 200 189 300 98 400
806 0 5 1420 0 151 100 958 200 790 300 1386 400
807 0 5 499 0 1406 100 1190 200 1347 300 89 400
808 0 5 34 0 1152 100 1199 200 863 300 353 400
809 0 5 966 0 1027 100 365 200 974 300 746 400
810 0 5 148 0 515 100 237 200 107 300 363 400
811 0 5 1474 0 723 100 1370 200 72 300 1338 400
812 0 5 81 0 562 100 609 200 197 300 601 400
813 0 5 667 0 1098 100 1404 200 1168 300 218 400
814 0 5 15 0 1101 100 178 200 1058 300 657 400
815 0 5 1355 0 740 100 1179 200 659 300 99 400
816 0 5 244 0 597 100 213 200 158 300 699 400
817 0 5 168 0 651 100 1243 200 28 300 211 400
818 0 5 1067 0 1080 100 846 200 308 300 1166 400
819 0 5 358 0 1385 100 1116 200 798 300 1362 400
820 0 5 634 0 1271 100 82 200 956 300 132 400
821 0 5 57 0 1104 100 510 200 506 300 668 400
822 0 5 27 0 705 100 1356 200 825 300 208 400
823 0 5 18 0 69 100 1248 200 1136 300 411 400
824 0 5 764 0 81 100 1277 200 1497 300 680 400
825 0 5 27 0 1425 100 1267 200 326 300 822 400
826 0 5 536 0 1367 100 1244 200 324 300 752 400
827 0 5 995 0 678 100 483 200 1234 300 689 400
828 0 5 792 0 438 100 200 200 373 300 1161 400
829 0 5 1480 0 23 100 621 200 1422 300 959 400
830 0 5 880 0 393 100 14 200 95 300 459 400
831 0 5 1428 0 201 100 537 200 337 300 631 400
832 0 5 1489 0 291 100 149 200 1471 300 325 400
833 0 5 1456 0 1488 100 1274 200 71 300 845 400
834 0 5 854 0 945 100 90 200 1320 300 364 400
835 0 5 1076 0 22 100 730 200 111 300 340 400
836 0 5 919 0 68 100 620 200 1080 300 1110 400
837 0 5 91 0 337 100 144 200 888 300 396 400
838 0 5 5 0 281 100 1279 200 469 300 1369 400
839 0 5 725 0 1222 100 327 200 1336 300 700 400
840 0 5 1266 0 848 100 1212 200 639 300 118 400
841 0 5 284 0 1481 100 1254 200 1280 300 249 400
842 0 5 399 0 353 100 35 200 1295 300 101 400
843 0 5 1408 0 913 100 245 200 1483 300 943 400
844 0 5 965 0 525 100 235 200 1219 300 699 400
845 0 5 71 0 937 100 944 200 603 300 1120 400
846 0 5 989 0 1067 100 818 200 1080 300 308 400
847 0 5 1039 0 1227 100 912 200 457 300 839 400
848 0 5 840 0 1266 100 118 200 544 300 648 400
849 0 5 1278 0 926 100 1118 200 1484 300 902 400
850 0 5 6 0 1105 100 1501 200 1018 300 1263 400
851 0 5 1158 0 1432 100 560 200 1417 300 482 400
852 0 5 928 0 1499 100 611 200 184 300 84 400
853 0 5 1358 0 1176 100 786 200 1058 300 339 400
854 0 5 834 0 552 100 1320 200 945 300 771 400
855 0 5 422 0 396 100 641 200 1456 300 1083 400
856 0 5 743 0 1142 100 1294 200 768 300 457 400
857 0 5 693 0 713 100 485 200 41 300 1490 400
858 0 5 998 0 167 100 486 200 236 300 317 400
859 0 5 311 0 892 100 789 200 940 300 1380 400
860 0 5 1353 0 1140 100 111 200 294 300 1405 400
861 0 5 1436 0 113 100 417 200 124 300 1000 400
862 0 5 594 0 326 100 705 200 423 300 1144 400
863 0 5 353 0 1445 100 1152 200 1073 300 666 400
864 0 5 472 0 1228 100 35 200 1156 300 794 400
865 0 5 579 0 341 100 381 200 1485 300 559 400
866 0 5 1395 0 735 100 762 200 789 300 859 400
867 0 5 979 0 1139 100 1381 200 1198 300 1054 400
868 0 5 1236 0 1423 100 1285 200 737 300 1363 400
869 0 5 1383 0 484 100 643 200 542 300 698 400
870 0 5 368 0 101 100 1122 200 665 300 1173 400
871 0 5 251 0 256 100 1419 200 683 300 1411 400
872 0 5 1127 0 1288 100 691 200 1084 300 159 400
873 0 5 384 0 487 100 1329 200 575 300 1303 400
874 0 5 562 0 197 100 679 200 199 300 371 400
875 0 5 546 0 1463 100 254 200 330 300 981 400
876 0 5 992 0 1171 100 718 200 496 300 84 400
877 0 5 684 0 321 100 556 200 773 300 171 400
878 0 5 574 0 306 100 1017 200 1377 300 522 400
879 0 5 1251 0 476 100 791 200 44 300 224 400
880 0 5 830 0 14 100 591 200 1068 300 459 400
881 0 5 420 0 920 100 160 200 925 300 1061 400
882 0 5 624 0 504 100 107 200 237 300 154 400
883 0 5 566 0 366 100 54 200 55 300 465 400
884 0 5 621 0 914 100 68 200 1230 300 767 400
885 0 5 1285 0 994 100 1363 200 1410 300 650 400
886 0 5 656 0 568 100 563 200 1006 300 505 400
887 0 5 1054 0 664 100 240 200 1126 300 345 400
888 0 5 413 0 179 100 144 200 235 300 837 400
889 0 5 709 0 963 100 228 200 1184 300 658 400
890 0 5 116 0 978 100 572 200 573 300 271 400
891 0 5 793 0 1019 100 1475 200 1134 300 456 400
892 0 5 859 0 1374 100 311 200 286 300 599 400
893 0 5 497 0 627 100 1390 200 119 300 139 400
894 0 5 1125 0 1107 100 429 200 970 300 37 400
895 0 5 713 0 338 100 990 200 1378 300 485 400
896 0 5 618 0 935 100 266 200 635 300 255 400
897 0 5 1154 0 1194 100 105 200 931 300 543 400
898 0 5 1303 0 1204 100 192 200 1220 300 873 400
899 0 5 616 0 1169 100 216 200 682 300 1191 400
900 0 5 354 0 3 100 254 200 941 300 70 400
901 0 5 534 0 103 100 502 200 1327 300 973 400
902 0 5 1183 0 1484 100 376 200 1305 300 1278 400
903 0 5 281 0 950 100 1057 200 1369 300 204 400
904 0 5 1178 0 43 100 1388 200 458 300 752 400
905 0 5 1064 0 463 100 43 200 948 300 964 400
906 0 5 469 0 5 100 136 200 1093 300 1410 400
907 0 5 481 0 1293 100 1328 200 537 300 1428 400
908 0 5 44 0 486 100 174 200 1055 300 1430 400
909 0 5 616 0 1221 100 682 200 1286 300 1191 400
910 0 5 1038 0 1042 100 707 200 13 300 1348 400
911 0 5 761 0 359 100 48 200 544 300 1337 400
912 0 5 1039 0 1429 100 847 200 1148 300 1336 400
913 0 5 533 0 843 100 1408 200 170 300 1426 400
914 0 5 767 0 1230 100 884 200 621 300 620 400
915 0 5 1207 0 1275 100 749 200 1011 300 25 400
916 0 5 495 0 212 100 289 200 1433 300 1362 400
917 0 5 925 0 1205 100 1150 200 291 300 1061 400
918 0 5 314 0 1485 100 277 200 579 300 116 400
919 0 5 836 0 620 100 1080 200 1110 300 308 400
920 0 5 160 0 420 100 881 200 1061 300 388 400
921 0 5 307 0 597 100 723 200 244 300 1370 400
922 0 5 1512 0 1018 100 1511 200 1501 300 1105 400
923 0 5 331 0 957 100 1176 200 339 300 1358 400
924 0 5 17 0 127 100 240 200 1308 300 1009 400
925 0 5 917 0 1061 100 420 200 881 300 920 400
926 0 5 1484 0 849 100 1136 200 1248 300 823 400
927 0 5 1465 0 596 100 525 200 16 300 1219 400
928 0 5 852 0 184 100 79 200 1499 300 64 400
929 0 5 1404 0 7 100 342 200 93 300 734 400
930 0 5 225 0 974 100 451 200 1044 300 717 400
931 0 5 4 0 493 100 1194 200 897 300 1250 400
932 0 5 1329 0 1053 100 962 200 1071 300 1074 400
933 0 5 697 0 1314 100 1040 200 522 300 505 400
934 0 5 1492 0 628 100 1464 200 1023 300 1155 400
935 0 5 1421 0 896 100 635 200 729 300 1486 400
936 0 5 1384 0 970 100 1409 200 1437 300 280 400
937 0 5 1338 0 845 100 259 200 944 300 1120 400
938 0 5 599 0 1281 100 687 200 569 300 286 400
939 0 5 1029 0 57 100 107 200 1032 300 506 400
940 0 5 362 0 789 100 322 200 859 300 304 400
941 0 5 226 0 3 100 328 200 981 300 900 400
942 0 5 1466 0 176 100 352 200 986 300 170 400
943 0 5 1483 0 267 100 245 200 347 300 843 400
944 0 5 1083 0 71 100 845 200 937 300 259 400
945 0 5 834 0 364 100 441 200 90 300 1411 400
946 0 5 84 0 1028 100 782 200 992 300 333 400
947 0 5 725 0 1286 100 1336 200 1321 300 241 400
948 0 5 146 0 488 100 905 200 43 300 1064 400
949 0 5 1043 0 1396 100 1022 200 569 300 1316 400
950 0 5 1369 0 464 100 903 200 803 300 1057 400
951 0 5 369 0 996 100 690 200 74 300 455 400
952 0 5 1075 0 400 100 582 200 180 300 778 400
953 0 5 49 0 1037 100 1440 200 1242 300 321 400
954 0 5 1506 0 1507 100 1332 200 600 300 590 400
955 0 5 710 0 370 100 708 200 407 300 759 400
956 0 5 1306 0 1021 100 1271 200 300 300 733 400
957 0 5 923 0 1115 100 331 200 186 300 339 400
958 0 5 797 0 1386 100 671 200 1203 300 151 400
959 0 5 1422 0 23 100 19 200 1387 300 471 400
960 0 5 147 0 785 100 669 200 627 300 123 400
961 0 5 633 0 127 100 450 200 456 300 614 400
962 0 5 397 0 55 100 932 200 1329 300 242 400
963 0 5 297 0 228 100 889 200 1184 300 455 400
964 0 5 463 0 47 100 26 200 146 300 905 400
965 0 5 422 0 844 100 699 200 235 300 413 400
966 0 5 809 0 1044 100 365 200 225 300 451 400
967 0 5 1239 0 1021 100 300 200 454 300 108 400
968 0 5 1112 0 254 100 354 200 441 300 38 400
969 0 5 606 0 977 100 701 200 1477 300 1095 400
970 0 5 1409 0 936 100 429 200 1384 300 894 400
971 0 5 1449 0 28 100 231 200 219 300 1257 400
972 0 5 745 0 382 100 392 200 53 300 428 400
973 0 5 1444 0 1327 100 534 200 466 300 753 400
974 0 5 225 0 930 100 717 200 746 300 809 400
975 0 5 429 0 283 100 37 200 1458 300 131 400
976 0 5 177 0 1002 100 462 200 153 300 1258 400
977 0 5 432 0 722 100 688 200 969 300 1354 400
978 0 5 137 0 890 100 198 200 572 300 1340 400
979 0 5 1198 0 867 100 75 200 1054 300 1139 400
980 0 5 591 0 1399 100 300 200 513 300 108 400
981 0 5 328 0 1462 100 1333 200 941 300 546 400
982 0 5 100 0 756 100 1142 200 856 300 1294 400
983 0 5 1035 0 1089 100 1132 200 779 300 230 400
984 0 5 1397 0 449 100 658 200 709 300 530 400
985 0 5 206 0 1170 100 500 200 655 300 798 400
986 0 5 1455 0 1466 100 170 200 176 300 942 400
987 0 5 1055 0 445 100 1476 200 486 300 229 400
988 0 5 494 0 296 100 478 200 404 300 247 400
989 0 5 846 0 1166 100 111 200 1353 300 835 400
990 0 5 338 0 88 100 895 200 485 300 1191 400
991 0 5 1026 0 566 100 192 200 1441 300 573 400
992 0 5 876 0 718 100 782 200 1317 300 84 400
993 0 5 332 0 1339 100 252 200 1412 300 771 400
994 0 5 885 0 1315 100 1410 200 744 300 650 400
995 0 5 827 0 721 100 689 200 483 300 797 400
996 0 5 385 0 390 100 951 200 455 300 1242 400
997 0 5 110 0 786 100 339 200 1264 300 1500 400
998 0 5 1317 0 858 100 236 200 671 300 167 400
999 0 5 1181 0 1326 100 21 200 1438 300 758 400
1000 0 5 1412 0 124 100 417 200 861 300 1339 400
1001 0 5 1052 0 1314 100 8 200 1407 300 343 400
1002 0 5 976 0 1258 100 462 200 153 300 1289 400
1003 0 5 269 0 703 100 101 200 368 300 427 400
1004 0 5 356 0 128 100 106 200 1276 300 588 400
1005 0 5 697 0 430 100 1017 200 306 300 636 400
1006 0 5 568 0 563 100 724 200 886 300 1185 400
1007 0 5 631 0 468 100 1219 200 179 300 1496 400
1008 0 5 419 0 1405 100 1086 200 185 300 1352 400
1009 0 5 1498 0 664 100 17 200 75 300 1126 400
1010 0 5 1288 0 691 100 1148 200 159 300 1321 400
1011 0 5 1147 0 122 100 915 200 25 300 1275 400
1012 0 5 258 0 1196 100 78 200 1252 300 440 400
1013 0 5 52 0 804 100 680 200 1149 300 530 400
1014 0 5 780 0 625 100 114 200 157 300 1111 400
1015 0 5 215 0 77 100 1390 200 1157 300 520 400
1016 0 5 492 0 1447 100 1251 200 1452 300 801 400
1017 0 5 430 0 522 100 1005 200 306 300 697 400
1018 0 5 1501 0 922 100 1515 200 1516 300 850 400
1019 0 5 1475 0 891 100 99 200 793 300 554 400
1020 0 5 1088 0 1312 100 540 200 265 300 1151 400
1021 0 5 956 0 967 100 454 200 300 300 1306 400
1022 0 5 1304 0 114 100 949 200 569 300 110 400
1023 0 5 1155 0 408 100 69 200 1426 300 1492 400
1024 0 5 26 0 146 100 964 200 905 300 47 400
1025 0 5 193 0 313 100 1084 200 550 300 262 400
1026 0 5 991 0 276 100 448 200 566 300 375 400
1027 0 5 809 0 673 100 365 200 1324 300 526 400
1028 0 5 946 0 1430 100 782 200 333 300 167 400
1029 0 5 939 0 514 100 107 200 1454 300 1146 400
1030 0 5 731 0 711 100 523 200 622 300 714 400
1031 0 5 1333 0 776 100 1416 200 618 300 328 400
1032 0 5 348 0 357 100 57 200 939 300 244 400
1033 0 5 388 0 768 100 564 200 743 300 547 400
1034 0 5 1348 0 1378 100 1169 200 489 300 512 400
1035 0 5 779 0 983 100 234 200 205 300 1132 400
1036 0 5 757 0 1063 100 762 200 1261 300 40 400
1037 0 5 953 0 1440 100 1242 200 1263 300 800 400
1038 0 5 13 0 910 100 1348 200 1042 300 707 400
1039 0 5 912 0 847 100 457 200 1429 300 1227 400
1040 0 5 656 0 189 100 805 200 505 300 933 400
1041 0 5 1443 0 305 100 1521 200 1520 300 1098 400
1042 0 5 910 0 707 100 56 200 1079 300 1038 400
1043 0 5 949 0 121 100 1396 200 1316 300 114 400
1044 0 5 397 0 966 100 365 200 54 300 451 400
1045 0 5 525 0 181 100 927 200 510 300 844 400
1046 0 5 755 0 788 100 274 200 1068 300 1147 400
1047 0 5 1460 0 465 100 365 200 316 300 89 400
1048 0 5 1415 0 39 100 1238 200 1450 300 434 400
1049 0 5 1162 0 781 100 772 200 630 300 319 400
1050 0 5 600 0 1364 100 684 200 191 300 1332 400
1051 0 5 62 0 402 100 538 200 121 300 1165 400
1052 0 5 1001 0 1216 100 389 200 1314 300 377 400
1053 0 5 676 0 932 100 1071 200 1329 300 424 400
1054 0 5 887 0 664 100 75 200 979 300 1009 400
1055 0 5 987 0 1476 100 908 200 174 300 486 400
1056 0 5 1530 0 1529 100 309 200 169 300 770 400
1057 0 5 1356 0 1209 100 423 200 903 300 803 400
1058 0 5 1101 0 1435 100 786 200 178 300 853 400
1059 0 5 1333 0 1145 100 653 200 618 300 172 400
1060 0 5 1496 0 596 100 1219 200 927 300 16 400
1061 0 5 925 0 1223 100 920 200 150 300 420 400
1062 0 5 1100 0 648 100 586 200 113 300 861 400
1063 0 5 1036 0 40 100 1497 200 415 300 1261 400
1064 0 5 905 0 1388 100 43 200 463 300 1482 400
1065 0 5 493 0 490 100 583 200 663 300 1116 400
1066 0 5 1400 0 351 100 512 200 489 300 1240 400
1067 0 5 818 0 846 100 1253 200 629 300 425 400
1068 0 5 1123 0 459 100 14 200 1239 300 1046 400
1069 0 5 80 0 1244 100 1367 200 1139 300 243 400
1070 0 5 303 0 636 100 561 200 614 300 389 400
1071 0 5 1074 0 1053 100 424 200 932 300 1431 400
1072 0 5 67 0 1162 100 654 200 777 300 466 400
1073 0 5 1201 0 608 100 478 200 863 300 279 400
1074 0 5 1431 0 1071 100 932 200 424 300 1053 400
1075 0 5 952 0 582 100 302 200 1299 300 497 400
1076 0 5 835 0 1253 100 22 200 340 300 730 400
1077 0 5 1246 0 1097 100 153 200 1448 300 1452 400
1078 0 5 794 0 461 100 409 200 472 300 85 400
1079 0 5 1233 0 56 100 1042 200 475 300 1129 400
1080 0 5 308 0 818 100 919 200 836 300 1067 400
1081 0 5 1314 0 205 100 8 200 1407 300 343 400
1082 0 5 698 0 542 100 869 200 470 300 602 400
1083 0 5 944 0 259 100 213 200 855 300 641 400
1084 0 5 288 0 1025 100 1500 200 193 300 1115 400
1085 0 5 659 0 42 100 961 200 740 300 456 400
1086 0 5 1352 0 1213 100 1008 200 1427 300 315 400
1087 0 5 175 0 775 100 199 200 76 300 97 400
1088 0 5 1020 0 540 100 1137 200 1312 300 265 400
1089 0 5 509 0 983 100 779 200 1132 300 230 400
1090 0 5 173 0 402 100 1398 200 1389 300 1247 400
1091 0 5 603 0 615 100 1274 200 71 300 1488 400
1092 0 5 383 0 617 100 12 200 649 300 1414 400
1093 0 5 30 0 524 100 906 200 736 300 1411 400
1094 0 5 483 0 1476 100 229 200 987 300 1055 400
1095 0 5 1477 0 570 100 278 200 606 300 491 400
1096 0 5 301 0 275 100 1133 200 585 300 38 400
1097 0 5 153 0 1077 100 264 200 1452 300 1246 400
1098 0 5 813 0 647 100 1526 200 1525 300 1041 400
1099 0 5 571 0 1130 100 1267 200 133 300 715 400
1100 0 5 1062 0 694 100 165 200 1371 300 776 400
1101 0 5 814 0 1058 100 178 200 1435 300 15 400
1102 0 5 696 0 549 100 507 200 768 300 1294 400
1103 0 5 175 0 109 100 570 200 76 300 1087 400
1104 0 5 154 0 821 100 506 200 510 300 73 400
1105 0 5 850 0 1263 100 922 200 1501 300 1018 400
1106 0 5 410 0 1250 100 1174 200 1249 300 493 400
1107 0 5 1141 0 1125 100 433 200 894 300 593 400
1108 0 5 297 0 1380 100 273 200 228 300 336 400
1109 0 5 318 0 521 100 89 200 1190 300 672 400
1110 0 5 367 0 1322 100 523 200 620 300 919 400
1111 0 5 1372 0 780 100 262 200 288 300 1014 400
1112 0 5 968 0 38 100 251 200 1133 300 441 400
1113 0 5 605 0 1246 100 801 200 239 300 1199 400
1114 0 5 572 0 1347 100 12 200 271 300 467 400
1115 0 5 186 0 957 100 1084 200 339 300 1500 400
1116 0 5 798 0 583 100 819 200 1170 300 1065 400
1117 0 5 527 0 468 100 1496 200 1328 300 481 400
1118 0 5 1278 0 719 100 376 200 849 300 176 400
1119 0 5 623 0 1259 100 741 200 11 300 1268 400
1120 0 5 603 0 72 100 845 200 937 300 484 400
1121 0 5 1431 0 675 100 424 200 712 300 1135 400
1122 0 5 1173 0 399 100 870 200 1168 300 101 400
1123 0 5 454 0 1068 100 788 200 1046 300 1021 400
1124 0 5 765 0 207 100 394 200 361 300 292 400
1125 0 5 894 0 37 100 53 200 1107 300 429 400
1126 0 5 450 0 345 100 632 200 887 300 664 400
1127 0 5 550 0 872 100 403 200 1084 300 193 400
1128 0 5 1463 0 301 100 275 200 330 300 480 400
1129 0 5 763 0 475 100 1079 200 56 300 1426 400
1130 0 5 1099 0 133 100 1267 200 571 300 796 400
1131 0 5 1522 0 1523 100 770 200 309 300 1345 400
1132 0 5 230 0 983 100 1089 200 1407 300 508 400
1133 0 5 38 0 1096 100 585 200 1419 300 251 400
1134 0 5 614 0 456 100 891 200 793 300 633 400
1135 0 5 558 0 719 100 424 200 376 300 1121 400
1136 0 5 411 0 926 100 823 200 164 300 18 400
1137 0 5 540 0 435 100 1088 200 1326 300 96 400
1138 0 5 125 0 202 100 442 200 644 300 261 400
1139 0 5 867 0 1381 100 1377 200 1198 300 1260 400
1140 0 5 860 0 194 100 711 200 1405 300 731 400
1141 0 5 1107 0 662 100 593 200 531 300 1384 400
1142 0 5 1227 0 856 100 100 200 982 300 700 400
1143 0 5 548 0 45 100 30 200 136 300 723 400
1144 0 5 594 0 803 100 252 200 423 300 862 400
1145 0 5 1473 0 1059 100 172 200 618 300 1031 400
1146 0 5 514 0 1454 100 585 200 1291 300 1029 400
1147 0 5 755 0 1011 100 104 200 25 300 122 400
1148 0 5 1429 0 159 100 1336 200 912 300 1010 400
1149 0 5 680 0 601 100 52 200 609 300 1013 400
1150 0 5 917 0 1205 100 96 200 1326 300 1189 400
1151 0 5 1312 0 280 100 1409 200 1020 300 447 400
1152 0 5 1459 0 808 100 863 200 769 300 353 400
1153 0 5 650 0 134 100 1383 200 643 300 1363 400
1154 0 5 1250 0 897 100 105 200 543 300 1307 400
1155 0 5 1023 0 164 100 628 200 1413 300 1301 400
1156 0 5 1309 0 472 100 864 200 769 300 794 400
1157 0 5 215 0 1265 100 1361 200 1015 300 119 400
1158 0 5 851 0 1368 100 1417 200 1432 300 482 400
1159 0 5 268 0 1262 100 410 200 2 300 1174 400
1160 0 5 674 0 99 100 377 200 105 300 739 400
1161 0 5 200 0 438 100 649 200 726 300 828 400
1162 0 5 1049 0 1072 100 772 200 654 300 67 400
1163 0 5 1310 0 676 100 424 200 719 300 176 400
1164 0 5 1345 0 915 100 272 200 750 300 29 400
1165 0 5 313 0 62 100 262 200 732 300 799 400
1166 0 5 989 0 1353 100 474 200 111 300 308 400
1167 0 5 405 0 11 100 404 200 623 300 1268 400
1168 0 5 667 0 1173 100 1228 200 374 300 813 400
1169 0 5 899 0 216 100 1034 200 489 300 682 400
1170 0 5 500 0 985 100 206 200 798 300 452 400
1171 0 5 876 0 580 100 718 200 496 300 992 400
1172 0 5 760 0 159 100 1429 200 1148 300 403 400
1173 0 5 1122 0 1168 100 399 200 870 300 842 400
1174 0 5 1249 0 410 100 1106 200 2 300 1159 400
1175 0 5 630 0 1478 100 437 200 1340 300 1049 400
1176 0 5 853 0 15 100 923 200 331 300 1358 400
1177 0 5 1401 0 1374 100 286 200 687 300 892 400
1178 0 5 904 0 458 100 43 200 545 300 1388 400
1179 0 5 543 0 1355 100 815 200 1250 300 1154 400
1180 0 5 751 0 172 100 653 200 1434 300 1059 400
1181 0 5 21 0 999 100 758 200 1301 300 1413 400
1182 0 5 491 0 109 100 1437 200 1103 300 662 400
1183 0 5 1311 0 902 100 376 200 558 300 717 400
1184 0 5 336 0 963 100 297 200 455 300 273 400
1185 0 5 563 0 724 100 112 200 522 300 1006 400
1186 0 5 1282 0 720 100 568 200 886 300 1403 400
1187 0 5 334 0 520 100 1299 200 385 300 497 400
1188 0 5 1467 0 1425 100 626 200 221 300 208 400
1189 0 5 391 0 447 100 1150 200 1319 300 361 400
1190 0 5 617 0 1109 100 1414 200 807 300 499 400
1191 0 5 682 0 1378 100 638 200 990 300 616 400
1192 0 5 95 0 421 100 1323 200 393 300 46 400
1193 0 5 1245 0 683 100 1411 200 348 300 50 400
1194 0 5 931 0 897 100 4 200 105 300 1479 400
1195 0 5 257 0 1244 100 619 200 243 300 503 400
1196 0 5 1012 0 648 100 418 200 1231 300 118 400
1197 0 5 1299 0 74 100 385 200 582 300 996 400
1198 0 5 979 0 324 100 1139 200 867 300 75 400
1199 0 5 605 0 808 100 1309 200 769 300 64 400
1200 0 5 778 0 156 100 1427 200 400 300 1213 400
1201 0 5 1073 0 279 100 478 200 595 300 494 400
1202 0 5 615 0 1280 100 1481 200 698 300 1274 400
1203 0 5 1386 0 380 100 958 200 721 300 151 400
1204 0 5 898 0 192 100 1303 200 1220 300 873 400
1205 0 5 291 0 917 100 1150 200 1061 300 925 400
1206 0 5 238 0 112 100 522 200 166 300 1260 400
1207 0 5 519 0 915 100 646 200 1011 300 436 400
1208 0 5 1435 0 1472 100 786 200 1292 300 178 400
1209 0 5 208 0 1057 100 661 200 204 300 903 400
1210 0 5 1398 0 173 100 1090 200 150 300 1375 400
1211 0 5 608 0 1295 100 269 200 1003 300 253 400
1212 0 5 1371 0 639 100 840 200 1217 300 776 400
1213 0 5 1086 0 1427 100 778 200 1200 300 315 400
1214 0 5 222 0 444 100 1226 200 340 300 47 400
1215 0 5 652 0 595 100 1289 200 462 300 1448 400
1216 0 5 303 0 389 100 1052 200 891 300 1070 400
1217 0 5 1416 0 1371 100 776 200 1212 300 1031 400
1218 0 5 1238 0 565 100 741 200 356 300 1119 400
1219 0 5 235 0 844 100 179 200 1007 300 596 400
1220 0 5 1441 0 1303 100 559 200 192 300 1204 400
1221 0 5 909 0 638 100 1286 200 725 300 616 400
1222 0 5 700 0 839 100 702 200 285 300 327 400
1223 0 5 564 0 1061 100 150 200 920 300 547 400
1224 0 5 708 0 1461 100 759 200 480 300 751 400
1225 0 5 58 0 482 100 560 200 576 300 249 400
1226 0 5 613 0 222 100 26 200 1214 300 444 400
1227 0 5 1142 0 700 100 847 200 100 300 457 400
1228 0 5 35 0 864 100 374 200 1168 300 794 400
1229 0 5 660 0 766 100 640 200 733 300 406 400
1230 0 5 68 0 914 100 884 200 620 300 767 400
1231 0 5 648 0 586 100 1196 200 418 300 571 400
1232 0 5 163 0 315 100 227 200 1270 300 669 400
1233 0 5 1079 0 475 100 261 200 408 300 1492 400
1234 0 5 578 0 678 100 689 200 827 300 729 400
1235 0 5 255 0 344 100 266 200 1416 300 1391 400
1236 0 5 868 0 1243 100 233 200 1423 300 469 400
1237 0 5 727 0 724 100 738 200 1006 300 61 400
1238 0 5 1218 0 565 100 1048 200 741 300 1450 400
1239 0 5 967 0 14 100 454 200 1068 300 591 400
1240 0 5 443 0 1349 100 512 200 13 300 56 400
1241 0 5 663 0 2 100 1249 200 1262 300 583 400
1242 0 5 1424 0 49 100 1037 200 800 300 369 400
1243 0 5 1236 0 817 100 651 200 287 300 168 400
1244 0 5 1195 0 1069 100 826 200 257 300 243 400
1245 0 5 1193 0 386 100 348 200 683 300 50 400
1246 0 5 1077 0 1113 100 153 200 801 300 1097 400
1247 0 5 760 0 62 100 538 200 457 300 1090 400
1248 0 5 1342 0 553 100 823 200 69 300 926 400
1249 0 5 2 0 1174 100 1241 200 1106 300 1159 400
1250 0 5 1154 0 1106 100 543 200 1179 300 931 400
1251 0 5 879 0 1016 100 1430 200 1452 300 44 400
1252 0 5 78 0 544 100 118 200 310 300 1012 400
1253 0 5 425 0 1076 100 1067 200 340 300 629 400
1254 0 5 1393 0 282 100 841 200 217 300 284 400
1255 0 5 293 0 1432 100 560 200 91 300 201 400
1256 0 5 581 0 59 100 416 200 598 300 346 400
1257 0 5 1302 0 28 100 1449 200 661 300 204 400
1258 0 5 652 0 462 100 1002 200 976 300 153 400
1259 0 5 220 0 1119 100 11 200 623 300 1415 400
1260 0 5 80 0 1377 100 1313 200 1206 300 878 400
1261 0 5 292 0 757 100 1063 200 415 300 1036 400
1262 0 5 434 0 1159 100 2 200 1241 300 268 400
1263 0 5 1440 0 1105 100 800 200 1037 300 141 400
1264 0 5 1292 0 20 100 786 200 1361 300 997 400
1265 0 5 223 0 1157 100 232 200 1361 300 20 400
1266 0 5 840 0 848 100 695 200 118 300 544 400
1267 0 5 825 0 1099 100 1130 200 326 300 133 400
1268 0 5 741 0 623 100 404 200 1119 300 1167 400
1269 0 5 1446 0 268 100 434 200 39 300 1450 400
1270 0 5 714 0 163 100 622 200 669 300 1232 400
1271 0 5 733 0 820 100 956 200 766 300 634 400
1272 0 5 595 0 247 100 557 200 1201 300 494 400
1273 0 5 298 0 562 100 1451 200 371 300 309 400
1274 0 5 1488 0 249 100 1091 200 615 300 833 400
1275 0 5 122 0 221 100 25 200 915 300 1011 400
1276 0 5 427 0 106 100 356 200 1004 300 703 400
1277 0 5 680 0 40 100 762 200 824 300 1497 400
1278 0 5 1118 0 849 100 376 200 902 300 719 400
1279 0 5 1283 0 771 100 838 200 1369 300 736 400
1280 0 5 1481 0 1202 100 470 200 698 300 841 400
1281 0 5 569 0 938 100 687 200 209 300 1304 400
1282 0 5 1186 0 94 100 720 200 1403 300 706 400
1283 0 5 803 0 1279 100 464 200 252 300 1144 400
1284 0 5 398 0 1374 100 336 200 142 300 1401 400
1285 0 5 885 0 1423 100 868 200 994 300 737 400
1286 0 5 241 0 947 100 1221 200 725 300 909 400
1287 0 5 3 0 694 100 900 200 1100 300 120 400
1288 0 5 1010 0 872 100 691 200 159 300 1148 400
1289 0 5 9 0 1448 100 462 200 1215 300 595 400
1290 0 5 198 0 437 100 1340 200 978 300 277 400
1291 0 5 585 0 363 100 407 200 1146 300 107 400
1292 0 5 1264 0 1472 100 786 200 60 300 1361 400
1293 0 5 1328 0 907 100 1428 200 201 300 537 400
1294 0 5 756 0 696 100 856 200 768 300 982 400
1295 0 5 253 0 1211 100 608 200 842 300 863 400
1296 0 5 1540 0 1 100 590 200 954 300 196 400
1297 0 5 1451 0 775 100 199 200 679 300 371 400
1298 0 5 689 0 380 100 1203 200 1391 300 190 400
1299 0 5 1197 0 497 100 334 200 385 300 582 400
1300 0 5 549 0 115 100 1438 200 160 300 1102 400
1301 0 5 1413 0 758 100 1181 200 21 300 1155 400
1302 0 5 219 0 661 100 188 200 1257 300 1449 400
1303 0 5 898 0 1220 100 873 200 1204 300 381 400
1304 0 5 1022 0 716 100 569 200 209 300 110 400
1305 0 5 360 0 511 100 539 200 1484 300 902 400
1306 0 5 379 0 956 100 728 200 454 300 1021 400
1307 0 5 105 0 543 100 99 200 1154 300 1194 400
1308 0 5 345 0 240 100 664 200 127 300 1009 400
1309 0 5 1156 0 79 100 1199 200 769 300 34 400
1310 0 5 176 0 1163 100 942 200 719 300 424 400
1311 0 5 1183 0 558 100 376 200 1121 300 902 400
1312 0 5 1151 0 1020 100 540 200 265 300 1319 400
1313 0 5 238 0 1343 100 1260 200 1206 300 80 400
1314 0 5 1081 0 1001 100 933 200 389 300 8 400
1315 0 5 744 0 1410 100 994 200 72 300 1474 400
1316 0 5 1396 0 551 100 290 200 1375 300 1043 400
1317 0 5 998 0 718 100 671 200 167 300 782 400
1318 0 5 805 0 98 100 189 200 656 300 446 400
1319 0 5 323 0 435 100 447 200 280 300 96 400
1320 0 5 332 0 854 100 552 200 70 300 993 400
1321 0 5 241 0 691 100 1010 200 947 300 1336 400
1322 0 5 620 0 1110 100 714 200 123 300 1030 400
1323 0 5 46 0 1192 100 152 200 393 300 421 400
1324 0 5 182 0 673 100 428 200 1027 300 521 400
1325 0 5 473 0 1341 100 690 200 582 300 952 400
1326 0 5 999 0 96 100 1150 200 1137 300 758 400
1327 0 5 973 0 534 100 466 200 529 300 1444 400
1328 0 5 1293 0 138 100 907 200 481 300 1428 400
1329 0 5 932 0 384 100 873 200 962 300 1053 400
1330 0 5 128 0 588 100 655 200 1450 300 1004 400
1331 0 5 360 0 1392 100 131 200 787 300 902 400
1332 0 5 191 0 954 100 102 200 600 300 590 400
1333 0 5 1059 0 1031 100 981 200 328 300 653 400
1334 0 5 610 0 695 100 1394 200 190 300 1391 400
1335 0 5 300 0 108 100 132 200 634 300 513 400
1336 0 5 947 0 725 100 1148 200 912 300 839 400
1337 0 5 372 0 359 100 685 200 911 300 1469 400
1338 0 5 937 0 1370 100 811 200 72 300 723 400
1339 0 5 1412 0 993 100 252 200 124 300 332 400
1340 0 5 198 0 277 100 1290 200 978 300 1485 400
1341 0 5 1403 0 1325 100 773 200 720 300 556 400
1342 0 5 1495 0 1248 100 553 200 1455 300 823 400
1343 0 5 1313 0 243 100 166 200 238 300 143 400
1344 0 5 137 0 126 100 12 200 978 300 572 400
1345 0 5 1528 0 29 100 1164 200 750 300 24 400
1346 0 5 102 0 1366 100 446 200 171 300 98 400
1347 0 5 1114 0 467 100 1406 200 375 300 807 400
1348 0 5 512 0 1034 100 13 200 910 300 1038 400
1349 0 5 92 0 250 100 1240 200 443 300 267 400
1350 0 5 530 0 866 100 228 200 804 300 762 400
1351 0 5 516 0 76 100 1451 200 371 300 298 400
1352 0 5 1086 0 315 100 1213 200 227 300 1008 400
1353 0 5 860 0 1166 100 111 200 474 300 294 400
1354 0 5 722 0 95 100 606 200 977 300 1192 400
1355 0 5 815 0 1179 100 99 200 543 300 1307 400
1356 0 5 1057 0 705 100 423 200 822 300 1209 400
1357 0 5 489 0 637 100 1400 200 567 300 1169 400
1358 0 5 853 0 331 100 339 200 1176 300 786 400
1359 0 5 645 0 477 100 498 200 1136 300 758 400
1360 0 5 1362 0 289 100 414 200 916 300 1385 400
1361 0 5 60 0 20 100 1387 200 1157 300 1292 400
1362 0 5 1360 0 1385 100 819 200 1433 300 916 400
1363 0 5 650 0 737 100 868 200 885 300 753 400
1364 0 5 600 0 1519 100 684 200 1050 300 954 400
1365 0 5 372 0 48 100 355 200 790 300 1487 400
1366 0 5 446 0 1457 100 1346 200 98 300 171 400
1367 0 5 324 0 826 100 1069 200 1139 300 1198 400
1368 0 5 802 0 1158 100 1417 200 576 300 282 400
1369 0 5 950 0 464 100 903 200 1279 300 281 400
1370 0 5 1338 0 597 100 811 200 723 300 921 400
1371 0 5 1212 0 776 100 1217 200 1100 300 639 400
1372 0 5 288 0 1111 100 1084 200 780 300 1500 400
1373 0 5 305 0 414 100 784 200 206 300 289 400
1374 0 5 273 0 892 100 1177 200 1284 300 286 400
1375 0 5 535 0 290 100 551 200 117 300 1316 400
1376 0 5 162 0 415 100 764 200 246 300 1497 400
1377 0 5 574 0 1260 100 1139 200 878 300 195 400
1378 0 5 338 0 682 100 1191 200 1034 300 895 400
1379 0 5 149 0 1489 100 207 200 1124 300 394 400
1380 0 5 311 0 1108 100 273 200 892 300 859 400
1381 0 5 195 0 1382 100 867 200 1139 300 574 400
1382 0 5 195 0 1381 100 306 200 555 300 574 400
1383 0 5 869 0 643 100 1153 200 134 300 1363 400
1384 0 5 1437 0 936 100 1141 200 662 300 970 400
1385 0 5 1362 0 798 100 819 200 784 300 414 400
1386 0 5 151 0 1203 100 958 200 806 300 721 400
1387 0 5 1442 0 60 100 1361 200 959 300 139 400
1388 0 5 752 0 1064 100 904 200 1482 300 1178 400
1389 0 5 453 0 117 100 1090 200 290 300 1375 400
1390 0 5 520 0 893 100 119 200 1015 300 77 400
1391 0 5 1394 0 344 100 190 200 635 300 1298 400
1392 0 5 787 0 1331 100 360 200 131 300 511 400
1393 0 5 1254 0 412 100 282 200 781 300 260 400
1394 0 5 1391 0 190 100 1334 200 695 300 344 400
1395 0 5 735 0 866 100 762 200 40 300 1063 400
1396 0 5 1316 0 949 100 569 200 551 300 1043 400
1397 0 5 984 0 709 100 228 200 889 300 658 400
1398 0 5 1210 0 1090 100 518 200 173 300 150 400
1399 0 5 432 0 598 100 754 200 980 300 688 400
1400 0 5 1066 0 351 100 489 200 443 300 637 400
1401 0 5 1177 0 687 100 209 200 286 300 1374 400
1402 0 5 317 0 445 100 229 200 236 300 486 400
1403 0 5 773 0 1341 100 720 200 1282 300 706 400
1404 0 5 929 0 734 100 218 200 813 300 7 400
1405 0 5 194 0 1008 100 1140 200 619 300 294 400
1406 0 5 375 0 807 100 316 200 1347 300 467 400
1407 0 5 205 0 320 100 343 200 1001 300 1081 400
1408 0 5 245 0 843 100 913 200 267 300 1483 400
1409 0 5 970 0 1151 100 429 200 280 300 936 400
1410 0 5 1315 0 994 100 136 200 906 300 45 400
1411 0 5 364 0 1193 100 524 200 683 300 251 400
1412 0 5 1000 0 1339 100 417 200 993 300 332 400
1413 0 5 1301 0 628 100 1181 200 1155 300 758 400
1414 0 5 383 0 1190 100 513 200 617 300 1092 400
1415 0 5 220 0 1048 100 39 200 1446 300 1238 400
1416 0 5 1217 0 1031 100 618 200 344 300 266 400
1417 0 5 482 0 576 100 1158 200 1368 300 851 400
1418 0 5 692 0 632 100 633 200 614 300 561 400
1419 0 5 256 0 1454 100 871 200 1133 300 251 400
1420 0 5 806 0 790 100 48 200 151 300 695 400
1421 0 5 155 0 935 100 1473 200 172 300 729 400
1422 0 5 19 0 959 100 829 200 23 300 471 400
1423 0 5 1285 0 868 100 1236 200 469 300 1410 400
1424 0 5 455 0 1242 100 800 200 889 300 951 400
1425 0 5 825 0 1188 100 626 200 1267 300 27 400
1426 0 5 763 0 1129 100 475 200 408 300 1023 400
1427 0 5 738 0 1213 100 1200 200 156 300 1086 400
1428 0 5 831 0 537 100 1293 200 481 300 907 400
1429 0 5 1148 0 912 100 1039 200 159 300 1172 400
1430 0 5 1028 0 1447 100 1251 200 492 300 908 400
1431 0 5 1074 0 1121 100 424 200 675 300 1071 400
1432 0 5 1255 0 560 100 851 200 1158 300 293 400
1433 0 5 1479 0 495 100 592 200 916 300 1362 400
1434 0 5 1461 0 155 100 759 200 1180 300 751 400
1435 0 5 1208 0 1058 100 178 200 786 300 471 400
1436 0 5 861 0 417 100 120 200 70 300 694 400
1437 0 5 1384 0 135 100 491 200 1182 300 936 400
1438 0 5 160 0 115 100 1300 200 999 300 742 400
1439 0 5 109 0 246 100 135 200 431 300 1376 400
1440 0 5 1037 0 1263 100 321 200 953 300 658 400
1441 0 5 1220 0 573 100 559 200 991 300 192 400
1442 0 5 1387 0 139 100 119 200 1361 300 1157 400
1443 0 5 1041 0 1514 100 1515 200 677 300 1098 400
1444 0 5 973 0 651 100 640 200 211 300 1327 400
1445 0 5 666 0 1459 100 863 200 87 300 239 400
1446 0 5 39 0 1269 100 1415 200 220 300 268 400
1447 0 5 492 0 1016 100 1430 200 604 300 333 400
1448 0 5 1289 0 9 100 462 200 774 300 153 400
1449 0 5 219 0 971 100 188 200 1257 300 1302 400
1450 0 5 655 0 434 100 1048 200 39 300 565 400
1451 0 5 1297 0 371 100 1351 200 1273 300 298 400
1452 0 5 264 0 801 100 1016 200 1251 300 1097 400
1453 0 5 792 0 460 100 529 200 1327 300 67 400
1454 0 5 514 0 1146 100 1419 200 1029 300 1133 400
1455 0 5 986 0 1495 100 176 200 1118 300 170 400
1456 0 5 833 0 396 100 855 200 58 300 413 400
1457 0 5 234 0 1366 100 446 200 329 300 205 400
1458 0 5 37 0 131 100 975 200 283 300 382 400
1459 0 5 1152 0 1445 100 666 200 863 300 808 400
1460 0 5 465 0 1047 100 365 200 366 300 883 400
1461 0 5 1434 0 1224 100 708 200 155 300 759 400
1462 0 5 546 0 653 100 981 200 328 300 330 400
1463 0 5 1128 0 875 100 254 200 301 300 330 400
1464 0 5 742 0 507 100 934 200 1492 300 210 400
1465 0 5 927 0 16 100 525 200 350 300 596 400
1466 0 5 942 0 352 100 986 200 170 300 1455 400
1467 0 5 1188 0 208 100 145 200 221 300 1425 400
1468 0 5 1486 0 635 100 689 200 935 300 896 400
1469 0 5 33 0 387 100 93 200 685 300 66 400
1470 0 5 379 0 728 100 406 200 733 300 454 400
1471 0 5 325 0 1491 100 832 200 535 300 517 400
1472 0 5 60 0 1292 100 1208 200 471 300 1435 400
1473 0 5 172 0 1145 100 1421 200 935 300 1180 400
1474 0 5 811 0 723 100 1493 200 45 300 1315 400
1475 0 5 554 0 1019 100 891 200 377 300 793 400
1476 0 5 1055 0 1094 100 987 200 791 300 224 400
1477 0 5 1095 0 278 100 593 200 701 300 531 400
1478 0 5 630 0 1175 100 341 200 1485 300 63 400
1479 0 5 1433 0 739 100 1194 200 105 300 674 400
1480 0 5 23 0 203 100 829 200 123 300 959 400
1481 0 5 1280 0 249 100 841 200 1202 300 284 400
1482 0 5 584 0 426 100 752 200 47 300 1388 400
1483 0 5 943 0 670 100 245 200 843 300 347 400
1484 0 5 926 0 539 100 902 200 1305 300 511 400
1485 0 5 277 0 918 100 1478 200 1340 300 865 400
1486 0 5 1468 0 729 100 689 200 935 300 635 400
1487 0 5 355 0 671 100 718 200 1365 300 790 400
1488 0 5 833 0 1274 100 71 200 1091 300 845 400
1489 0 5 1379 0 149 100 832 200 207 300 325 400
1490 0 5 707 0 693 100 857 200 261 300 1079 400
1491 0 5 535 0 1471 100 1494 200 517 300 322 400
1492 0 5 408 0 934 100 1023 200 1464 300 1233 400
1493 0 5 548 0 723 100 1474 200 45 300 1370 400
1494 0 5 587 0 263 100 1491 200 551 300 362 400
1495 0 5 1342 0 1455 100 986 200 553 300 533 400
1496 0 5 1060 0 468 100 1219 200 1117 300 1007 400
1497 0 5 415 0 40 100 764 200 1063 300 1277 400
1498 0 5 1009 0 140 100 664 200 75 300 17 400
1499 0 5 611 0 852 100 64 200 333 300 928 400
1500 0 5 339 0 186 100 1084 200 997 300 780 400
1501 0 5 1018 0 850 100 922 200 1105 300 169 400
1502 0 5 590 0 342 100 1164 200 102 300 750 400
1503 0 5 395 0 590 100 1164 200 102 300 750 400
1504 0 5 65 0 395 100 102 200 1164 300 750 400
1505 0 5 65 0 7 100 1164 200 102 300 750 400
1506 0 5 954 0 7 100 1164 200 102 300 750 400
1507 0 5 954 0 196 100 1164 200 102 300 750 400
1508 0 5 196 0 677 100 1164 200 102 300 750 400
1509 0 5 24 0 677 100 1164 200 102 300 750 400
1510 0 5 24 0 770 100 1164 200 102 300 750 400
1511 0 5 770 0 922 100 102 200 1164 300 750 400
1512 0 5 922 0 93 100 1164 200 102 300 750 400
1513 0 5 440 0 93 100 1164 200 102 300 750 400
1514 0 5 440 0 1443 100 1164 200 102 300 750 400
1515 0 5 1018 0 1443 100 1164 200 102 300 750 400
1516 0 5 1018 0 310 100 1164 200 102 300 750 400
1517 0 5 295 0 310 100 1164 200 102 300 750 400
1518 0 5 295 0 1364 100 1164 200 102 300 750 400
1519 0 5 1364 0 600 100 1164 200 102 300 750 400
1520 0 5 600 0 1041 100 1164 200 102 300 750 400
1521 0 5 258 0 1041 100 1164 200 102 300 750 400
1522 0 5 1131 0 258 100 1164 200 102 300 750 400
1523 0 5 1131 0 929 100 1164 200 102 300 750 400
1524 0 5 1332 0 929 100 1164 200 102 300 750 400
1525 0 5 1098 0 1332 100 1164 200 102 300 750 400
1526 0 5 647 0 1098 100 1164 200 102 300 750 400
1527 0 5 647 0 1012 100 1164 200 102 300 750 400
1528 0 5 1345 0 1012 100 1164 200 102 300 750 400
1529 0 5 1056 0 1345 100 1164 200 102 300 750 400
1530 0 5 1056 0 305 100 1164 200 102 300 750 400
1531 0 5 305 0 1501 100 1164 200 102 300 750 400
1532 0 5 418 0 1501 100 1164 200 102 300 750 400
1533 0 5 418 0 387 100 1164 200 102 300 750 400
1534 0 5 387 0 1404 100 1164 200 102 300 750 400
1535 0 5 1404 0 1164 100 102 200 750 300 1469 400
1536 0 5 1050 0 1164 100 102 200 750 300 169 400
1537 0 5 1050 0 509 100 1164 200 750 300 102 400
1538 0 5 509 0 796 100 750 200 1164 300 102 400
1539 0 5 796 0 1105 100 750 200 1164 300 102 400
1540 0 5 1296 0 750 100 1164 200 102 300 1105 400
-1
EOF
