1540
1 0 5 240 0 1223 100 604 200 400 300 798 400
2 0 5 995 0 1216 100 342 200 620 300 881 400
3 0 5 174 0 284 100 1173 200 777 300 659 400
4 0 5 694 0 524 100 67 200 614 300 541 400
5 0 5 751 0 234 100 1251 200 633 300 1255 400
6 0 5 560 0 973 100 1228 200 418 300 179 400
7 0 5 820 0 1393 100 378 200 461 300 1066 400
8 0 5 501 0 1499 100 497 200 1161 300 862 400
9 0 5 141 0 678 100 1091 200 674 300 1307 400
10 0 5 1385 0 708 100 600 200 1384 300 1244 400
11 0 5 1502 0 1503 100 489 200 1226 300 1374 400
12 0 5 829 0 452 100 653 200 713 300 654 400
13 0 5 779 0 190 100 449 200 464 300 1404 400
14 0 5 406 0 837 100 520 200 539 300 578 400
15 0 5 1166 0 1359 100 1048 200 803 300 657 400
16 0 5 291 0 945 100 697 200 1423 300 1024 400
17 0 5 161 0 720 100 763 200 835 300 1150 400
18 0 5 208 0 715 100 93 200 317 300 1080 400
19 0 5 591 0 754 100 951 200 1042 300 944 400
20 0 5 1277 0 1128 100 1137 200 761 300 559 400
21 0 5 899 0 1416 100 169 200 1102 300 1392 400
22 0 5 186 0 922 100 1219 200 440 300 30 400
23 0 5 801 0 32 100 1134 200 700 300 1077 400
24 0 5 224 0 584 100 719 200 546 300 407 400
25 0 5 927 0 905 100 1479 200 1461 300 1481 400
26 0 5 282 0 457 100 937 200 1154 300 1157 400
27 0 5 1319 0 407 100 1034 200 1459 300 584 400
28 0 5 1116 0 41 100 493 200 432 300 906 400
29 0 5 574 0 710 100 907 200 645 300 294 400
30 0 5 810 0 1219 100 1288 200 183 300 22 400
31 0 5 1280 0 306 100 735 200 1115 300 689 400
32 0 5 801 0 1490 100 23 200 1438 300 941 400
33 0 5 1362 0 1463 100 992 200 172 300 1478 400
34 0 5 642 0 606 100 1188 200 1385 300 344 400
35 0 5 742 0 38 100 1014 200 813 300 1448 400
36 0 5 917 0 121 100 1334 200 433 300 1159 400
37 0 5 866 0 960 100 553 200 797 300 203 400
38 0 5 64 0 35 100 289 200 742 300 1448 400
39 0 5 906 0 239 100 1422 200 41 300 709 400
40 0 5 903 0 930 100 580 200 1149 300 104 400
41 0 5 432 0 28 100 906 200 39 300 1483 400
42 0 5 599 0 571 100 1217 200 1345 300 1432 400
43 0 5 470 0 1400 100 1139 200 912 300 830 400
44 0 5 1066 0 507 100 564 200 1292 300 7 400
45 0 5 658 0 456 100 78 200 726 300 286 400
46 0 5 672 0 1205 100 724 200 768 300 662 400
47 0 5 681 0 571 100 776 200 94 300 1193 400
48 0 5 112 0 118 100 657 200 1435 300 128 400
49 0 5 136 0 1125 100 403 200 1112 300 938 400
50 0 5 712 0 1333 100 1042 200 865 300 832 400
51 0 5 1056 0 505 100 1431 200 1434 300 1368 400
52 0 5 1454 0 354 100 1092 200 1198 300 1171 400
53 0 5 1430 0 1165 100 747 200 926 300 920 400
54 0 5 1295 0 1455 100 898 200 89 300 390 400
55 0 5 883 0 1322 100 1134 200 345 300 1140 400
56 0 5 1341 0 1034 100 395 200 777 300 1370 400
57 0 5 522 0 345 100 1020 200 1343 300 55 400
58 0 5 158 0 1206 100 534 200 1335 300 1011 400
59 0 5 218 0 504 100 1512 200 1511 300 714 400
60 0 5 151 0 74 100 75 200 930 300 1282 400
61 0 5 319 0 871 100 609 200 457 300 1157 400
62 0 5 168 0 259 100 214 200 1279 300 619 400
63 0 5 208 0 317 100 830 200 18 300 1139 400
64 0 5 38 0 1007 100 1201 200 1448 300 35 400
65 0 5 935 0 103 100 627 200 255 300 684 400
66 0 5 95 0 1229 100 598 200 1419 300 1055 400
67 0 5 997 0 541 100 4 200 195 300 524 400
68 0 5 1068 0 809 100 1354 200 252 300 1348 400
69 0 5 932 0 850 100 1441 200 1014 300 813 400
70 0 5 370 0 744 100 1017 200 101 300 989 400
71 0 5 475 0 841 100 492 200 1110 300 538 400
72 0 5 383 0 483 100 530 200 802 300 1331 400
73 0 5 1252 0 651 100 1026 200 1373 300 500 400
74 0 5 1282 0 60 100 75 200 104 300 544 400
75 0 5 576 0 74 100 1080 200 60 300 1282 400
76 0 5 1271 0 339 100 1209 200 167 300 1237 400
77 0 5 718 0 182 100 1241 200 956 300 381 400
78 0 5 726 0 1186 100 456 200 45 300 280 400
79 0 5 459 0 725 100 1469 200 1310 300 1315 400
80 0 5 1396 0 915 100 910 200 1446 300 375 400
81 0 5 91 0 160 100 728 200 570 300 1298 400
82 0 5 1460 0 636 100 1457 200 471 300 1364 400
83 0 5 122 0 991 100 865 200 832 300 105 400
84 0 5 618 0 439 100 1366 200 1320 300 633 400
85 0 5 1369 0 1433 100 1467 200 948 300 365 400
86 0 5 375 0 362 100 915 200 1418 300 791 400
87 0 5 347 0 1175 100 1041 200 840 300 558 400
88 0 5 1155 0 466 100 861 200 196 300 611 400
89 0 5 696 0 898 100 390 200 54 300 1295 400
90 0 5 851 0 250 100 1168 200 248 300 417 400
91 0 5 116 0 81 100 499 200 1298 300 1440 400
92 0 5 592 0 263 100 1146 200 690 300 973 400
93 0 5 715 0 137 100 18 200 805 300 153 400
94 0 5 681 0 519 100 47 200 1467 300 1471 400
95 0 5 1320 0 66 100 953 200 491 300 1055 400
96 0 5 752 0 264 100 874 200 1236 300 941 400
97 0 5 380 0 1321 100 1079 200 886 300 1352 400
98 0 5 646 0 1401 100 690 200 1045 300 637 400
99 0 5 602 0 1099 100 1275 200 860 300 1337 400
100 0 5 268 0 202 100 1147 200 868 300 1489 400
101 0 5 370 0 1017 100 866 200 1220 300 744 400
102 0 5 872 0 1190 100 205 200 404 300 299 400
103 0 5 684 0 1367 100 65 200 255 300 764 400
104 0 5 1282 0 544 100 1363 200 1149 300 74 400
105 0 5 921 0 885 100 725 200 83 300 459 400
106 0 5 1174 0 967 100 436 200 1238 300 272 400
107 0 5 781 0 944 100 955 200 754 300 591 400
108 0 5 238 0 1277 100 1100 200 1137 300 373 400
109 0 5 410 0 467 100 257 200 277 300 626 400
110 0 5 818 0 1071 100 1265 200 1446 300 889 400
111 0 5 1469 0 408 100 1090 200 79 300 318 400
112 0 5 48 0 128 100 657 200 1435 300 118 400
113 0 5 1017 0 1220 100 418 200 179 300 560 400
114 0 5 635 0 382 100 769 200 1031 300 371 400
115 0 5 515 0 170 100 117 200 904 300 677 400
116 0 5 91 0 1298 100 1337 200 1440 300 499 400
117 0 5 173 0 170 100 617 200 677 300 115 400
118 0 5 940 0 48 100 570 200 1406 300 112 400
119 0 5 441 0 1287 100 1422 200 243 300 215 400
120 0 5 1423 0 788 100 851 200 1046 300 313 400
121 0 5 36 0 394 100 749 200 917 300 1270 400
122 0 5 1304 0 83 100 991 200 725 300 1036 400
123 0 5 397 0 532 100 566 200 495 300 1111 400
124 0 5 765 0 663 100 1414 200 437 300 862 400
125 0 5 735 0 689 100 1166 200 311 300 359 400
126 0 5 752 0 453 100 1322 200 96 300 796 400
127 0 5 311 0 1141 100 1166 200 804 300 803 400
128 0 5 1435 0 112 100 657 200 48 300 1359 400
129 0 5 603 0 368 100 1036 200 823 300 1360 400
130 0 5 1221 0 1420 100 140 200 265 300 641 400
131 0 5 1129 0 818 100 1185 200 812 300 1163 400
132 0 5 1239 0 1108 100 1073 200 256 300 1253 400
133 0 5 1170 0 207 100 1442 200 529 300 995 400
134 0 5 392 0 442 100 1118 200 1080 300 576 400
135 0 5 1101 0 565 100 1086 200 1093 300 472 400
136 0 5 49 0 1125 100 972 200 1323 300 746 400
137 0 5 153 0 805 100 893 200 93 300 715 400
138 0 5 1305 0 308 100 644 200 263 300 705 400
139 0 5 1458 0 425 100 946 200 774 300 340 400
140 0 5 1325 0 130 100 1336 200 1312 300 641 400
141 0 5 9 0 1091 100 376 200 1210 300 674 400
142 0 5 193 0 916 100 1006 200 150 300 1003 400
143 0 5 626 0 257 100 668 200 1135 300 1421 400
144 0 5 1039 0 911 100 1212 200 403 300 1123 400
145 0 5 873 0 408 100 1090 200 331 300 1260 400
146 0 5 346 0 729 100 645 200 589 300 588 400
147 0 5 482 0 1264 100 353 200 270 300 363 400
148 0 5 1267 0 1207 100 680 200 581 300 1412 400
149 0 5 1092 0 687 100 52 200 1171 300 685 400
150 0 5 1058 0 916 100 193 200 142 300 1067 400
151 0 5 1306 0 60 100 1197 200 75 300 1118 400
152 0 5 369 0 1489 100 898 200 1295 300 1147 400
153 0 5 137 0 893 100 285 200 812 300 1163 400
154 0 5 566 0 957 100 939 200 1074 300 349 400
155 0 5 800 0 346 100 1103 200 1456 300 146 400
156 0 5 211 0 223 100 1182 200 235 300 1296 400
157 0 5 522 0 345 100 1322 200 734 300 453 400
158 0 5 58 0 534 100 934 200 1206 300 1335 400
159 0 5 1474 0 1338 100 667 200 518 300 720 400
160 0 5 570 0 81 100 1010 200 728 300 1386 400
161 0 5 1150 0 17 100 720 200 1413 300 1474 400
162 0 5 1447 0 956 100 718 200 381 300 96 400
163 0 5 665 0 333 100 741 200 1397 300 1032 400
164 0 5 413 0 1047 100 881 200 23 300 1490 400
165 0 5 1078 0 189 100 590 200 1263 300 758 400
166 0 5 379 0 1260 100 1001 200 358 300 988 400
167 0 5 740 0 1189 100 76 200 1199 300 1459 400
168 0 5 62 0 619 100 214 200 1156 300 1372 400
169 0 5 21 0 1102 100 784 200 899 300 540 400
170 0 5 115 0 117 100 786 200 295 300 426 400
171 0 5 325 0 535 100 733 200 762 300 632 400
172 0 5 839 0 1139 100 1362 200 1032 300 33 400
173 0 5 117 0 295 100 614 200 1034 300 170 400
174 0 5 659 0 3 100 284 200 268 300 536 400
175 0 5 767 0 1038 100 404 200 594 300 895 400
176 0 5 947 0 1391 100 1062 200 1247 300 791 400
177 0 5 902 0 768 100 822 200 219 300 46 400
178 0 5 888 0 286 100 542 200 682 300 1486 400
179 0 5 1383 0 1228 100 560 200 1017 300 113 400
180 0 5 1275 0 732 100 1339 200 519 300 1337 400
181 0 5 445 0 420 100 1184 200 1327 300 1179 400
182 0 5 77 0 1241 100 1111 200 956 300 409 400
183 0 5 1408 0 1288 100 310 200 962 300 30 400
184 0 5 619 0 388 100 1372 200 1279 300 168 400
185 0 5 1214 0 547 100 730 200 527 300 477 400
186 0 5 22 0 922 100 826 200 685 300 1219 400
187 0 5 263 0 1305 100 666 200 1146 300 138 400
188 0 5 579 0 422 100 385 200 1030 300 303 400
189 0 5 165 0 551 100 1263 200 758 300 590 400
190 0 5 449 0 13 100 896 200 779 300 794 400
191 0 5 253 0 278 100 631 200 192 300 987 400
192 0 5 1192 0 253 100 275 200 631 300 191 400
193 0 5 142 0 1003 100 1215 200 916 300 406 400
194 0 5 929 0 850 100 344 200 1495 300 1113 400
195 0 5 1039 0 997 100 723 200 67 300 630 400
196 0 5 891 0 611 100 88 200 339 300 1155 400
197 0 5 277 0 503 100 569 200 410 300 109 400
198 0 5 1161 0 1414 100 1227 200 334 300 862 400
199 0 5 1149 0 903 100 235 200 1299 300 580 400
200 0 5 683 0 939 100 398 200 513 300 349 400
201 0 5 1023 0 296 100 484 200 1022 300 593 400
202 0 5 1148 0 100 100 268 200 868 300 1370 400
203 0 5 960 0 1119 100 455 200 230 300 866 400
204 0 5 892 0 552 100 458 200 1395 300 1102 400
205 0 5 702 0 1190 100 102 200 222 300 872 400
206 0 5 1132 0 1340 100 313 200 120 300 790 400
207 0 5 133 0 769 100 679 200 1466 300 1170 400
208 0 5 63 0 18 100 715 200 317 300 93 400
209 0 5 537 0 781 100 423 200 107 300 658 400
210 0 5 541 0 1245 100 219 200 694 300 1123 400
211 0 5 156 0 223 100 1182 200 235 300 427 400
212 0 5 655 0 513 100 1342 200 737 300 716 400
213 0 5 722 0 480 100 545 200 810 300 183 400
214 0 5 168 0 62 100 1156 200 1131 300 747 400
215 0 5 279 0 441 100 1159 200 709 300 119 400
216 0 5 824 0 1327 100 225 200 595 300 738 400
217 0 5 1133 0 581 100 641 200 1496 300 1325 400
218 0 5 59 0 1100 100 504 200 1137 300 714 400
219 0 5 902 0 1245 100 694 200 768 300 210 400
220 0 5 244 0 875 100 236 200 1376 300 1316 400
221 0 5 283 0 1446 100 910 200 1382 300 80 400
222 0 5 299 0 1346 100 594 200 404 300 205 400
223 0 5 156 0 211 100 1296 200 622 300 1250 400
224 0 5 24 0 1012 100 1199 200 407 300 546 400
225 0 5 1180 0 352 100 1327 200 817 300 216 400
226 0 5 864 0 838 100 1192 200 847 300 629 400
227 0 5 821 0 273 100 1384 200 740 300 509 400
228 0 5 1387 0 729 100 1025 200 1443 300 1152 400
229 0 5 1033 0 988 100 549 200 1293 300 1310 400
230 0 5 1008 0 1119 100 1331 200 203 300 261 400
231 0 5 234 0 905 100 1188 200 927 300 606 400
232 0 5 1079 0 978 100 1060 200 1451 300 1226 400
233 0 5 680 0 1412 100 404 200 1009 300 1399 400
234 0 5 5 0 231 100 1251 200 606 300 1188 400
235 0 5 1182 0 199 100 211 200 1299 300 156 400
236 0 5 562 0 260 100 220 200 244 300 908 400
237 0 5 1010 0 511 100 1298 200 246 300 1130 400
238 0 5 108 0 714 100 1100 200 1277 300 1137 400
239 0 5 1422 0 39 100 679 200 41 300 1483 400
240 0 5 1502 0 1 100 784 200 1145 300 540 400
241 0 5 1314 0 1065 100 994 200 1045 300 1457 400
242 0 5 1235 0 1274 100 1191 200 1062 300 362 400
243 0 5 1287 0 709 100 119 200 441 300 39 400
244 0 5 220 0 908 100 981 200 236 300 477 400
245 0 5 1019 0 464 100 896 200 1404 300 727 400
246 0 5 675 0 1130 100 237 200 511 300 1010 400
247 0 5 451 0 1234 100 1347 200 1195 300 568 400
248 0 5 343 0 1168 100 417 200 749 300 250 400
249 0 5 1107 0 1225 100 981 200 477 300 508 400
250 0 5 343 0 90 100 248 200 851 300 417 400
251 0 5 622 0 427 100 1472 200 780 300 223 400
252 0 5 1354 0 809 100 1348 200 374 300 615 400
253 0 5 191 0 192 100 1037 200 840 300 278 400
254 0 5 297 0 976 100 757 200 1462 300 1332 400
255 0 5 627 0 1004 100 1367 200 517 300 103 400
256 0 5 1073 0 1253 100 132 200 1285 300 1024 400
257 0 5 143 0 340 100 109 200 626 300 424 400
258 0 5 985 0 1213 100 1169 200 1106 300 771 400
259 0 5 1013 0 62 100 1131 200 1246 300 214 400
260 0 5 908 0 236 100 711 200 371 300 244 400
261 0 5 1394 0 1449 100 1196 200 511 300 421 400
262 0 5 793 0 820 100 528 200 1330 300 808 400
263 0 5 187 0 92 100 666 200 138 300 1305 400
264 0 5 409 0 96 100 182 200 1074 300 752 400
265 0 5 1420 0 977 100 1428 200 130 300 1221 400
266 0 5 618 0 652 100 491 200 1255 300 633 400
267 0 5 372 0 1101 100 1093 200 799 300 1218 400
268 0 5 100 0 1370 100 202 200 1148 300 1489 400
269 0 5 294 0 928 100 1283 200 748 300 589 400
270 0 5 808 0 1407 100 147 200 482 300 528 400
271 0 5 445 0 775 100 857 200 1291 300 420 400
272 0 5 1238 0 1498 100 1164 200 106 300 290 400
273 0 5 509 0 227 100 821 200 777 300 1384 400
274 0 5 1251 0 1104 100 1050 200 931 300 531 400
275 0 5 1192 0 1284 100 192 200 1500 300 556 400
276 0 5 367 0 538 100 1078 200 332 300 492 400
277 0 5 197 0 410 100 503 200 109 300 569 400
278 0 5 987 0 191 100 840 200 631 300 253 400
279 0 5 1159 0 215 100 1168 200 709 300 1270 400
280 0 5 1131 0 502 100 438 200 78 300 1053 400
281 0 5 1273 0 843 100 1081 200 756 300 1301 400
282 0 5 26 0 1157 100 1247 200 699 300 457 400
283 0 5 221 0 1382 100 889 200 910 300 1265 400
284 0 5 777 0 1370 100 3 200 174 300 468 400
285 0 5 153 0 812 100 1071 200 490 300 1163 400
286 0 5 726 0 682 100 178 200 867 300 45 400
287 0 5 327 0 573 100 1074 200 957 300 154 400
288 0 5 1424 0 351 100 659 200 1468 300 536 400
289 0 5 1108 0 1198 100 500 200 38 300 1373 400
290 0 5 1498 0 561 100 1378 200 1053 300 1208 400
291 0 5 697 0 16 100 1024 200 1285 300 1026 400
292 0 5 1477 0 374 100 596 200 1405 300 577 400
293 0 5 1441 0 813 100 1255 200 1448 300 1201 400
294 0 5 269 0 710 100 1283 200 29 300 1249 400
295 0 5 584 0 173 100 786 200 1034 300 719 400
296 0 5 201 0 1023 100 484 200 1022 300 1465 400
297 0 5 254 0 757 100 384 200 1462 300 806 400
298 0 5 1451 0 1417 100 815 200 986 300 750 400
299 0 5 404 0 222 100 872 200 102 300 1346 400
300 0 5 568 0 1426 100 484 200 1349 300 437 400
301 0 5 323 0 878 100 1243 200 574 300 755 400
302 0 5 685 0 882 100 1092 200 186 300 922 400
303 0 5 855 0 385 100 1054 200 1030 300 381 400
304 0 5 1088 0 330 100 1003 200 837 300 578 400
305 0 5 389 0 764 100 1110 200 1402 300 841 400
306 0 5 31 0 735 100 689 200 1280 300 125 400
307 0 5 759 0 384 100 1499 200 497 300 1462 400
308 0 5 990 0 138 100 644 200 705 300 338 400
309 0 5 952 0 1473 100 1153 200 721 300 1067 400
310 0 5 962 0 543 100 183 200 1334 300 1408 400
311 0 5 127 0 359 100 1141 200 1166 300 1082 400
312 0 5 869 0 879 100 843 200 1064 300 1497 400
313 0 5 1046 0 1132 100 1158 200 206 300 120 400
314 0 5 524 0 1409 100 614 200 587 300 67 400
315 0 5 473 0 1302 100 391 200 94 300 1339 400
316 0 5 1488 0 586 100 371 200 1442 300 1083 400
317 0 5 830 0 63 100 787 200 18 300 208 400
318 0 5 348 0 996 100 1469 200 914 300 408 400
319 0 5 61 0 1160 100 609 200 457 300 1056 400
320 0 5 854 0 1324 100 876 200 1357 300 737 400
321 0 5 462 0 1494 100 1500 200 798 300 1037 400
322 0 5 845 0 341 100 1259 200 1015 300 1279 400
323 0 5 301 0 1243 100 3 200 659 300 1173 400
324 0 5 1055 0 1007 100 491 200 687 300 1201 400
325 0 5 171 0 1161 100 535 200 686 300 1499 400
326 0 5 852 0 1453 100 1258 200 828 300 674 400
327 0 5 287 0 734 100 453 200 573 300 918 400
328 0 5 887 0 757 100 1332 200 1452 300 976 400
329 0 5 925 0 387 100 1177 200 1262 300 1041 400
330 0 5 304 0 1003 100 1215 200 1456 300 430 400
331 0 5 1259 0 673 100 873 200 145 300 408 400
332 0 5 1470 0 831 100 1232 200 934 300 276 400
333 0 5 665 0 163 100 1097 200 1317 300 1397 400
334 0 5 1308 0 1227 100 444 200 198 300 1349 400
335 0 5 736 0 704 100 448 200 555 300 1365 400
336 0 5 1242 0 1155 100 350 200 1095 300 466 400
337 0 5 751 0 1441 100 850 200 69 300 293 400
338 0 5 676 0 990 100 1096 200 644 300 308 400
339 0 5 1209 0 76 100 344 200 891 300 196 400
340 0 5 946 0 257 100 467 200 774 300 424 400
341 0 5 322 0 1015 100 1259 200 673 300 358 400
342 0 5 2 0 620 100 1216 200 881 300 634 400
343 0 5 250 0 248 100 417 200 851 300 1168 400
344 0 5 1403 0 642 100 339 200 1209 300 929 400
345 0 5 57 0 157 100 522 200 1322 300 55 400
346 0 5 146 0 155 100 1103 200 645 300 729 400
347 0 5 87 0 1175 100 1177 200 727 300 1019 400
348 0 5 318 0 550 100 996 200 1036 300 914 400
349 0 5 1162 0 683 100 655 200 566 300 154 400
350 0 5 1242 0 336 100 1095 200 466 300 1155 400
351 0 5 412 0 288 100 1468 200 1424 300 536 400
352 0 5 1326 0 225 100 817 200 1180 300 745 400
353 0 5 936 0 1264 100 147 200 482 300 1200 400
354 0 5 554 0 1171 100 52 200 1454 300 1092 400
355 0 5 712 0 705 100 743 200 1333 300 644 400
356 0 5 922 0 882 100 440 200 580 300 22 400
357 0 5 454 0 1229 100 1292 200 1371 300 1419 400
358 0 5 1015 0 1013 100 166 200 1246 300 1001 400
359 0 5 689 0 311 100 428 200 1372 300 1082 400
360 0 5 974 0 745 100 582 200 1326 300 352 400
361 0 5 1117 0 831 100 1497 200 332 300 934 400
362 0 5 86 0 1418 100 1191 200 242 300 1361 400
363 0 5 1163 0 893 100 1264 200 805 300 147 400
364 0 5 794 0 1276 100 1353 200 449 300 1404 400
365 0 5 401 0 1369 100 1433 200 1394 300 455 400
366 0 5 937 0 1432 100 419 200 1482 300 778 400
367 0 5 949 0 276 100 1078 200 1497 300 879 400
368 0 5 129 0 914 100 1036 200 550 300 823 400
369 0 5 152 0 1147 100 972 200 898 300 1295 400
370 0 5 70 0 101 100 866 200 1017 300 797 400
371 0 5 1120 0 1031 100 316 200 1488 300 114 400
372 0 5 799 0 267 100 1183 200 1086 300 761 400
373 0 5 1303 0 1176 100 238 200 1443 300 108 400
374 0 5 292 0 546 100 577 200 252 300 1354 400
375 0 5 86 0 915 100 1446 200 791 300 362 400
376 0 5 1091 0 942 100 1210 200 703 300 978 400
377 0 5 1185 0 1460 100 636 200 1129 300 1457 400
378 0 5 1393 0 1138 100 7 200 820 300 461 400
379 0 5 166 0 1001 100 988 200 549 300 358 400
380 0 5 97 0 1142 100 465 200 886 300 1094 400
381 0 5 855 0 718 100 162 200 77 300 1241 400
382 0 5 415 0 114 100 635 200 769 300 730 400
383 0 5 975 0 72 100 1331 200 542 300 483 400
384 0 5 1462 0 307 100 297 200 663 300 8 400
385 0 5 188 0 303 100 1030 200 855 300 422 400
386 0 5 861 0 466 100 1113 200 611 300 1495 400
387 0 5 329 0 1177 100 896 200 727 300 245 400
388 0 5 1279 0 184 100 619 200 858 300 845 400
389 0 5 1402 0 305 100 841 200 794 300 688 400
390 0 5 696 0 1058 100 89 200 1455 300 54 400
391 0 5 315 0 1302 100 473 200 772 300 1097 400
392 0 5 134 0 1439 100 1187 200 1118 300 442 400
393 0 5 411 0 1421 100 1301 200 843 300 1256 400
394 0 5 749 0 121 100 788 200 982 300 697 400
395 0 5 498 0 585 100 56 200 1409 300 587 400
396 0 5 918 0 1061 100 573 200 957 300 734 400
397 0 5 123 0 1074 100 566 200 1111 300 532 400
398 0 5 1061 0 939 100 200 200 683 300 396 400
399 0 5 1437 0 1307 100 828 200 1300 300 625 400
400 0 5 1226 0 1060 100 1261 200 11 300 1079 400
401 0 5 365 0 455 100 1369 200 1193 300 960 400
402 0 5 564 0 1202 100 964 200 936 300 528 400
403 0 5 1112 0 630 100 49 200 1039 300 144 400
404 0 5 299 0 233 100 872 200 102 300 1399 400
405 0 5 638 0 1174 100 561 200 1203 300 106 400
406 0 5 14 0 520 100 837 200 1003 300 193 400
407 0 5 1459 0 27 100 584 200 1199 300 24 400
408 0 5 145 0 111 100 914 200 1090 300 1469 400
409 0 5 264 0 874 100 182 200 96 300 1111 400
410 0 5 109 0 277 100 467 200 197 300 569 400
411 0 5 1135 0 393 100 1421 200 312 300 1301 400
412 0 5 351 0 1468 100 1021 200 548 300 1328 400
413 0 5 164 0 1490 100 634 200 1438 300 1027 400
414 0 5 471 0 1364 100 942 200 1231 300 1457 400
415 0 5 382 0 769 100 635 200 1466 300 730 400
416 0 5 1222 0 1067 100 1043 200 1153 300 1313 400
417 0 5 788 0 851 100 248 200 749 300 394 400
418 0 5 560 0 460 100 113 200 924 300 6 400
419 0 5 890 0 1482 100 366 200 778 300 1487 400
420 0 5 824 0 181 100 738 200 445 300 1327 400
421 0 5 1203 0 1008 100 261 200 1449 300 230 400
422 0 5 1363 0 188 100 579 200 1030 300 385 400
423 0 5 888 0 209 100 658 200 537 300 45 400
424 0 5 774 0 1256 100 1081 200 340 300 1301 400
425 0 5 825 0 139 100 1458 200 946 300 1395 400
426 0 5 717 0 859 100 515 200 786 300 1068 400
427 0 5 440 0 1286 100 251 200 780 300 622 400
428 0 5 1156 0 1082 100 1372 200 900 300 359 400
429 0 5 958 0 750 100 815 200 572 300 639 400
430 0 5 548 0 807 100 834 200 1085 300 330 400
431 0 5 668 0 1135 100 1335 200 1206 300 1311 400
432 0 5 1483 0 41 100 28 200 1116 300 1170 400
433 0 5 1297 0 1334 100 36 200 709 300 1159 400
434 0 5 814 0 553 100 797 200 1154 300 1018 400
435 0 5 601 0 540 100 1145 200 552 300 447 400
436 0 5 1411 0 1238 100 510 200 1435 300 106 400
437 0 5 765 0 1426 100 1414 200 124 300 862 400
438 0 5 1410 0 647 100 1053 200 1164 300 1498 400
439 0 5 931 0 633 100 84 200 901 300 531 400
440 0 5 427 0 580 100 356 200 199 300 22 400
441 0 5 119 0 215 100 709 200 243 300 1287 400
442 0 5 576 0 1080 100 134 200 1118 300 392 400
443 0 5 1272 0 713 100 602 200 12 300 1084 400
444 0 5 1227 0 819 100 334 200 1194 300 1308 400
445 0 5 271 0 181 100 420 200 1291 300 463 400
446 0 5 486 0 1254 100 1054 200 525 300 188 400
447 0 5 1491 0 1427 100 601 200 1221 300 435 400
448 0 5 1415 0 1485 100 335 200 1512 300 1513 400
449 0 5 190 0 1276 100 13 200 794 300 364 400
450 0 5 1278 0 721 100 762 200 1194 300 1473 400
451 0 5 1183 0 247 100 1347 200 296 300 1234 400
452 0 5 653 0 12 100 1357 200 829 300 713 400
453 0 5 126 0 1322 100 327 200 157 300 752 400
454 0 5 1292 0 357 100 1202 200 1371 300 402 400
455 0 5 1394 0 1119 100 401 200 203 300 365 400
456 0 5 1033 0 45 100 78 200 658 300 474 400
457 0 5 1160 0 1368 100 61 200 1157 300 26 400
458 0 5 756 0 1102 100 204 200 552 300 1358 400
459 0 5 79 0 885 100 610 200 921 300 105 400
460 0 5 530 0 418 100 924 200 6 300 72 400
461 0 5 1393 0 1066 100 7 200 507 300 399 400
462 0 5 321 0 1494 100 1037 200 648 300 840 400
463 0 5 738 0 884 100 1351 200 1070 300 1291 400
464 0 5 779 0 245 100 13 200 1404 300 896 400
465 0 5 748 0 380 100 1142 200 928 300 1321 400
466 0 5 861 0 386 100 88 200 336 300 350 400
467 0 5 569 0 109 100 340 200 410 300 1121 400
468 0 5 1341 0 777 100 1127 200 1370 300 56 400
469 0 5 795 0 1088 100 1218 200 1456 300 660 400
470 0 5 912 0 43 100 1400 200 870 300 913 400
471 0 5 414 0 1457 100 636 200 82 300 1231 400
472 0 5 565 0 1043 100 1086 200 1040 300 135 400
473 0 5 533 0 315 100 391 200 829 300 12 400
474 0 5 1246 0 1033 100 229 200 549 300 456 400
475 0 5 71 0 841 100 492 200 1232 300 1110 400
476 0 5 698 0 817 100 1326 200 943 300 512 400
477 0 5 981 0 711 100 547 200 1214 300 244 400
478 0 5 643 0 494 100 870 200 1478 300 1475 400
479 0 5 1212 0 1151 100 1123 200 662 300 144 400
480 0 5 780 0 213 100 1286 200 810 300 545 400
481 0 5 971 0 1376 100 1083 200 1005 300 371 400
482 0 5 1407 0 147 100 353 200 528 300 270 400
483 0 5 72 0 530 100 1144 200 542 300 888 400
484 0 5 201 0 1234 100 296 200 300 300 765 400
485 0 5 1178 0 741 100 1032 200 1397 300 505 400
486 0 5 446 0 1054 100 1254 200 525 300 496 400
487 0 5 1262 0 582 100 925 200 512 300 1326 400
488 0 5 1440 0 1337 100 499 200 1099 300 728 400
489 0 5 11 0 1505 100 1060 200 1504 300 1226 400
490 0 5 1265 0 285 100 715 200 889 300 153 400
491 0 5 652 0 266 100 1201 200 95 300 324 400
492 0 5 538 0 475 100 1232 200 71 300 332 400
493 0 5 543 0 28 100 1116 200 998 300 433 400
494 0 5 608 0 478 100 643 200 880 300 1257 400
495 0 5 532 0 739 100 496 200 1475 300 870 400
496 0 5 739 0 870 100 1268 200 913 300 495 400
497 0 5 759 0 8 100 663 200 307 300 501 400
498 0 5 1409 0 395 100 585 200 997 300 67 400
499 0 5 1440 0 728 100 91 200 488 300 116 400
500 0 5 1373 0 1252 100 289 200 742 300 1108 400
501 0 5 8 0 663 100 862 200 497 300 1161 400
502 0 5 1186 0 280 100 1131 200 1246 300 259 400
503 0 5 523 0 197 100 1428 200 277 300 977 400
504 0 5 218 0 59 100 1137 200 1100 300 692 400
505 0 5 1178 0 1056 100 51 200 485 300 319 400
506 0 5 1191 0 994 100 1274 200 242 300 1314 400
507 0 5 44 0 1292 100 1066 200 1300 300 461 400
508 0 5 1356 0 1464 100 981 200 875 300 220 400
509 0 5 273 0 1173 100 1384 200 227 300 3 400
510 0 5 1501 0 1411 100 436 200 804 300 605 400
511 0 5 1196 0 237 100 1130 200 261 300 1449 400
512 0 5 943 0 853 100 1326 200 476 300 817 400
513 0 5 716 0 212 100 683 200 200 300 655 400
514 0 5 959 0 785 100 945 200 1388 300 1398 400
515 0 5 115 0 904 100 426 200 170 300 786 400
516 0 5 1514 0 1513 100 1352 200 1374 300 1261 400
517 0 5 1004 0 255 100 629 200 919 300 627 400
518 0 5 1474 0 733 100 159 200 632 300 171 400
519 0 5 1339 0 94 100 180 200 1467 300 732 400
520 0 5 539 0 406 100 14 200 1222 300 1067 400
521 0 5 1405 0 1237 100 891 200 1012 300 196 400
522 0 5 57 0 157 100 345 200 734 300 55 400
523 0 5 977 0 503 100 664 200 782 300 1395 400
524 0 5 314 0 4 100 614 200 67 300 1409 400
525 0 5 1254 0 787 100 830 200 579 300 446 400
526 0 5 1374 0 1176 100 714 200 1223 300 238 400
527 0 5 547 0 1225 100 185 200 1107 300 249 400
528 0 5 564 0 482 100 7 200 353 300 820 400
529 0 5 1170 0 620 100 1289 200 133 300 995 400
530 0 5 460 0 483 100 72 200 1144 300 924 400
531 0 5 633 0 931 100 1251 200 439 300 274 400
532 0 5 495 0 123 100 397 200 1475 300 739 400
533 0 5 829 0 473 100 391 200 12 300 315 400
534 0 5 1493 0 158 100 1011 200 58 300 1335 400
535 0 5 762 0 171 100 1194 200 325 300 1227 400
536 0 5 1489 0 1455 100 288 200 100 300 268 400
537 0 5 209 0 706 100 1293 200 423 300 1310 400
538 0 5 492 0 276 100 1232 200 332 300 1078 400
539 0 5 520 0 1222 100 14 200 578 300 1043 400
540 0 5 435 0 1145 100 240 200 169 300 601 400
541 0 5 210 0 67 100 694 200 195 300 4 400
542 0 5 975 0 178 100 1486 200 483 300 888 400
543 0 5 493 0 1334 100 310 200 962 300 1408 400
544 0 5 104 0 1282 100 1363 200 74 300 75 400
545 0 5 983 0 722 100 213 200 1425 300 480 400
546 0 5 374 0 1181 100 1012 200 24 300 1405 400
547 0 5 527 0 185 100 477 200 981 300 249 400
548 0 5 430 0 1215 100 1021 200 412 300 1328 400
549 0 5 988 0 1001 100 229 200 474 300 358 400
550 0 5 348 0 1036 100 368 200 996 300 914 400
551 0 5 1114 0 189 100 758 200 1263 300 1392 400
552 0 5 204 0 1102 100 458 200 892 300 1395 400
553 0 5 1018 0 434 100 797 200 1487 300 37 400
554 0 5 354 0 826 100 1171 200 1454 300 52 400
555 0 5 1167 0 736 100 335 200 704 300 1485 400
556 0 5 766 0 1087 100 838 200 1518 300 1517 400
557 0 5 695 0 832 100 827 200 1375 300 1304 400
558 0 5 1175 0 987 100 840 200 87 300 278 400
559 0 5 799 0 761 100 20 200 1128 300 267 400
560 0 5 418 0 6 100 179 200 113 300 924 400
561 0 5 1208 0 290 100 1378 200 405 300 770 400
562 0 5 1083 0 236 100 220 200 1376 300 260 400
563 0 5 1288 0 1239 100 826 200 132 300 183 400
564 0 5 402 0 528 100 44 200 1292 300 1066 400
565 0 5 472 0 135 100 1093 200 1040 300 1101 400
566 0 5 154 0 1074 100 397 200 349 300 123 400
567 0 5 640 0 1169 100 771 200 1106 300 731 400
568 0 5 300 0 1195 100 1234 200 484 300 1349 400
569 0 5 1121 0 467 100 197 200 782 300 277 400
570 0 5 1386 0 160 100 940 200 1406 300 728 400
571 0 5 42 0 599 100 1480 200 47 300 681 400
572 0 5 958 0 429 100 886 200 815 300 748 400
573 0 5 957 0 287 100 396 200 327 300 1074 400
574 0 5 29 0 755 100 834 200 878 300 301 400
575 0 5 1044 0 1324 100 643 200 854 300 320 400
576 0 5 442 0 1080 100 75 200 134 300 1118 400
577 0 5 1095 0 1098 100 374 200 1348 300 252 400
578 0 5 1040 0 837 100 1043 200 539 300 795 400
579 0 5 188 0 787 100 422 200 525 300 1254 400
580 0 5 903 0 40 100 440 200 356 300 199 400
581 0 5 217 0 1267 100 1496 200 148 300 1428 400
582 0 5 974 0 487 100 360 200 745 300 1326 400
583 0 5 823 0 827 100 842 200 1355 300 1344 400
584 0 5 295 0 407 100 24 200 719 300 1459 400
585 0 5 395 0 1148 100 1370 200 498 300 997 400
586 0 5 1442 0 1488 100 316 200 1005 300 133 400
587 0 5 614 0 1034 100 1409 200 314 300 524 400
588 0 5 645 0 834 100 807 200 146 300 346 400
589 0 5 1094 0 645 100 748 200 380 300 146 400
590 0 5 848 0 758 100 847 200 189 300 165 400
591 0 5 19 0 944 100 754 200 107 300 951 400
592 0 5 1089 0 92 100 690 200 263 300 1109 400
593 0 5 1022 0 1016 100 1023 200 767 300 296 400
594 0 5 1038 0 1346 100 222 200 833 300 404 400
595 0 5 612 0 1309 100 1096 200 216 300 225 400
596 0 5 1477 0 1405 100 292 200 891 300 196 400
597 0 5 1052 0 926 100 1069 200 1082 300 1430 400
598 0 5 1229 0 1055 100 66 200 1371 300 1419 400
599 0 5 42 0 1217 100 571 200 1345 300 776 400
600 0 5 1385 0 1244 100 10 200 671 300 606 400
601 0 5 435 0 1102 100 447 200 552 300 540 400
602 0 5 1084 0 99 100 1099 200 860 300 443 400
603 0 5 816 0 129 100 1344 200 1360 300 857 400
604 0 5 241 0 1065 100 1045 200 1028 300 863 400
605 0 5 1164 0 1052 100 1238 200 1165 300 1411 400
606 0 5 34 0 1188 100 1385 200 671 300 234 400
607 0 5 736 0 792 100 1365 200 1057 300 335 400
608 0 5 880 0 494 100 1257 200 1162 300 737 400
609 0 5 1122 0 61 100 319 200 871 300 910 400
610 0 5 885 0 1315 100 459 200 79 300 968 400
611 0 5 1495 0 196 100 861 200 339 300 386 400
612 0 5 595 0 1070 100 1350 200 1309 300 216 400
613 0 5 1005 0 995 100 1216 200 881 300 1442 400
614 0 5 587 0 524 100 694 200 314 300 173 400
615 0 5 790 0 954 100 809 200 252 300 1348 400
616 0 5 909 0 1318 100 1294 200 1230 300 753 400
617 0 5 621 0 677 100 117 200 822 300 904 400
618 0 5 84 0 266 100 1320 200 95 300 633 400
619 0 5 184 0 168 100 388 200 1372 300 62 400
620 0 5 529 0 995 100 342 200 2 300 1289 400
621 0 5 617 0 822 100 694 200 614 300 117 400
622 0 5 251 0 223 100 1472 200 427 300 1250 400
623 0 5 753 0 1211 100 1230 200 911 300 1476 400
624 0 5 964 0 1269 100 1389 200 402 300 1200 400
625 0 5 1437 0 1366 100 1050 200 901 300 828 400
626 0 5 668 0 143 100 257 200 109 300 1135 400
627 0 5 255 0 629 100 65 200 517 300 103 400
628 0 5 1047 0 1316 100 971 200 1376 300 164 400
629 0 5 864 0 627 100 517 200 701 300 255 400
630 0 5 938 0 403 100 1039 200 195 300 49 400
631 0 5 1404 0 191 100 278 200 987 300 1019 400
632 0 5 1278 0 733 100 1413 200 1474 300 171 400
633 0 5 531 0 439 100 5 200 1255 300 266 400
634 0 5 1027 0 1472 100 881 200 413 300 342 400
635 0 5 114 0 382 100 730 200 415 300 1031 400
636 0 5 82 0 471 100 1457 200 377 300 1231 400
637 0 5 1002 0 1266 100 989 200 1065 300 1290 400
638 0 5 405 0 1203 100 561 200 770 300 1174 400
639 0 5 1429 0 958 100 965 200 429 300 1104 400
640 0 5 567 0 731 100 1452 200 887 300 771 400
641 0 5 1075 0 1325 100 1420 200 140 300 1133 400
642 0 5 34 0 1403 100 344 200 1385 300 606 400
643 0 5 478 0 575 100 494 200 1044 300 1478 400
644 0 5 743 0 308 100 990 200 338 300 138 400
645 0 5 588 0 589 100 29 200 146 300 346 400
646 0 5 690 0 98 100 1228 200 973 300 1401 400
647 0 5 747 0 438 100 1131 200 214 300 1164 400
648 0 5 1494 0 650 100 462 200 840 300 1233 400
649 0 5 700 0 875 100 1329 200 1140 300 1343 400
650 0 5 648 0 1248 100 943 200 853 300 1233 400
651 0 5 1026 0 73 100 1398 200 1252 300 1373 400
652 0 5 491 0 266 100 1255 200 1201 300 1448 400
653 0 5 452 0 713 100 12 200 829 300 533 400
654 0 5 860 0 1084 100 1339 200 1275 300 12 400
655 0 5 212 0 737 100 349 200 1162 300 1257 400
656 0 5 847 0 766 100 758 200 1114 300 838 400
657 0 5 1359 0 112 100 1435 200 128 300 1406 400
658 0 5 45 0 1444 100 423 200 456 300 706 400
659 0 5 174 0 1243 100 3 200 288 300 1424 400
660 0 5 969 0 1152 100 1443 200 1218 300 469 400
661 0 5 726 0 1053 100 770 200 1378 300 682 400
662 0 5 1151 0 1205 100 479 200 753 300 672 400
663 0 5 501 0 862 100 124 200 497 300 759 400
664 0 5 1126 0 977 100 523 200 1395 300 1221 400
665 0 5 333 0 163 100 1097 200 1317 300 772 400
666 0 5 1124 0 1146 100 187 200 955 300 263 400
667 0 5 720 0 1338 100 1230 200 159 300 1476 400
668 0 5 626 0 431 100 143 200 109 300 257 400
669 0 5 773 0 1232 100 934 200 332 300 1470 400
670 0 5 1493 0 1380 100 1011 200 534 300 934 400
671 0 5 1461 0 1244 100 606 200 600 300 927 400
672 0 5 46 0 768 100 1123 200 662 300 1151 400
673 0 5 331 0 873 100 341 200 1260 300 1259 400
674 0 5 1453 0 1307 100 1417 200 678 300 1210 400
675 0 5 246 0 1010 100 967 200 237 300 1386 400
676 0 5 792 0 338 100 990 200 736 300 308 400
677 0 5 904 0 617 100 822 200 117 300 115 400
678 0 5 1138 0 1307 100 674 200 399 300 378 400
679 0 5 1049 0 1483 100 207 200 239 300 1170 400
680 0 5 233 0 1412 100 148 200 1207 300 1399 400
681 0 5 94 0 47 100 571 200 1471 300 1480 400
682 0 5 867 0 286 100 178 200 661 300 542 400
683 0 5 200 0 349 100 939 200 513 300 154 400
684 0 5 103 0 1110 100 764 200 65 300 1367 400
685 0 5 1092 0 302 100 1171 200 186 300 826 400
686 0 5 933 0 806 100 325 200 159 300 1338 400
687 0 5 149 0 324 100 1007 200 1092 300 52 400
688 0 5 794 0 1402 100 1353 200 1063 300 1143 400
689 0 5 359 0 125 100 1372 200 428 300 993 400
690 0 5 973 0 646 100 1228 200 92 300 592 400
691 0 5 1204 0 1016 100 1023 200 767 300 895 400
692 0 5 979 0 963 100 504 200 1029 300 1436 400
693 0 5 1355 0 1351 100 884 200 1344 300 583 400
694 0 5 4 0 219 100 541 200 614 300 621 400
695 0 5 557 0 894 100 832 200 1070 300 1350 400
696 0 5 89 0 390 100 898 200 721 300 1058 400
697 0 5 982 0 291 100 16 200 1285 300 788 400
698 0 5 476 0 966 100 943 200 1377 300 817 400
699 0 5 1247 0 1154 100 814 200 783 300 947 400
700 0 5 649 0 875 100 1140 200 23 300 1134 400
701 0 5 935 0 848 100 590 200 629 300 847 400
702 0 5 1172 0 205 100 846 200 1190 300 1029 400
703 0 5 1210 0 376 100 1451 200 141 300 1091 400
704 0 5 1485 0 335 100 798 200 555 300 448 400
705 0 5 355 0 743 100 1305 200 1333 300 644 400
706 0 5 1444 0 789 100 537 200 423 300 1293 400
707 0 5 980 0 893 100 1035 200 805 300 1200 400
708 0 5 1481 0 1390 100 10 200 1244 300 671 400
709 0 5 243 0 1287 100 1297 200 441 300 1159 400
710 0 5 294 0 907 100 29 200 1249 300 1283 400
711 0 5 908 0 477 100 260 200 371 300 244 400
712 0 5 355 0 50 100 1333 200 743 300 705 400
713 0 5 443 0 653 100 12 200 452 300 1084 400
714 0 5 1508 0 1509 100 1100 200 238 300 218 400
715 0 5 93 0 490 100 18 200 208 300 137 400
716 0 5 513 0 1342 100 212 200 876 300 655 400
717 0 5 426 0 1445 100 859 200 1068 300 786 400
718 0 5 77 0 381 100 162 200 956 300 855 400
719 0 5 786 0 1181 100 24 200 584 300 295 400
720 0 5 17 0 667 100 161 200 159 300 1476 400
721 0 5 952 0 450 100 1278 200 309 300 1473 400
722 0 5 983 0 213 100 545 200 480 300 998 400
723 0 5 868 0 1323 100 746 200 195 300 938 400
724 0 5 1205 0 1294 100 46 200 985 300 753 400
725 0 5 991 0 105 100 79 200 1036 300 122 400
726 0 5 286 0 78 100 661 200 1053 300 45 400
727 0 5 1177 0 896 100 347 200 387 300 245 400
728 0 5 811 0 499 100 81 200 570 300 1406 400
729 0 5 228 0 146 100 1025 200 346 300 1387 400
730 0 5 1214 0 1031 100 635 200 1120 300 415 400
731 0 5 887 0 640 100 757 200 567 300 328 400
732 0 5 948 0 180 100 1298 200 519 300 237 400
733 0 5 518 0 632 100 171 200 325 300 1474 400
734 0 5 918 0 157 100 327 200 522 300 396 400
735 0 5 125 0 306 100 31 200 689 300 1166 400
736 0 5 335 0 607 100 555 200 792 300 1167 400
737 0 5 1257 0 655 100 1162 200 608 300 320 400
738 0 5 463 0 420 100 824 200 1070 300 216 400
739 0 5 496 0 870 100 495 200 1475 300 1268 400
740 0 5 167 0 1189 100 1127 200 227 300 821 400
741 0 5 1032 0 1397 100 163 200 485 300 1178 400
742 0 5 35 0 500 100 1373 200 1014 300 1398 400
743 0 5 644 0 705 100 355 200 1309 300 1096 400
744 0 5 70 0 989 100 1383 200 101 300 1017 400
745 0 5 1184 0 360 100 352 200 1326 300 582 400
746 0 5 1323 0 1147 100 723 200 972 300 868 400
747 0 5 647 0 1165 100 214 200 53 300 920 400
748 0 5 1142 0 465 100 928 200 269 300 589 400
749 0 5 1270 0 394 100 121 200 417 300 248 400
750 0 5 815 0 429 100 986 200 965 300 1258 400
751 0 5 337 0 5 100 234 200 1441 300 1255 400
752 0 5 126 0 96 100 796 200 264 300 453 400
753 0 5 623 0 909 100 662 200 1205 300 1230 400
754 0 5 19 0 865 100 1042 200 591 300 107 400
755 0 5 878 0 574 100 970 200 301 300 29 400
756 0 5 1081 0 458 100 1358 200 1273 300 281 400
757 0 5 328 0 297 100 731 200 976 300 1332 400
758 0 5 590 0 847 100 551 200 656 300 189 400
759 0 5 307 0 497 100 663 200 501 300 8 400
760 0 5 856 0 941 100 1447 200 162 300 1236 400
761 0 5 559 0 1303 100 372 200 1277 300 20 400
762 0 5 535 0 1194 100 450 200 171 300 1278 400
763 0 5 1125 0 17 100 835 200 1150 300 923 400
764 0 5 1367 0 305 100 684 200 103 300 919 400
765 0 5 124 0 437 100 484 200 300 300 1426 400
766 0 5 656 0 556 100 838 200 1087 300 847 400
767 0 5 175 0 895 100 1016 200 1022 300 593 400
768 0 5 672 0 177 100 1245 200 1123 300 46 400
769 0 5 1466 0 415 100 207 200 114 300 133 400
770 0 5 867 0 661 100 1378 200 561 300 1208 400
771 0 5 1213 0 1106 100 567 200 258 300 1452 400
772 0 5 1471 0 1480 100 1097 200 391 300 665 400
773 0 5 1380 0 669 100 1232 200 934 300 332 400
774 0 5 424 0 1458 100 340 200 139 300 1081 400
775 0 5 857 0 271 100 1291 200 445 300 603 400
776 0 5 1193 0 1217 100 1450 200 778 300 47 400
777 0 5 468 0 284 100 3 200 56 300 1370 400
778 0 5 1450 0 890 100 776 200 419 300 366 400
779 0 5 464 0 13 100 896 200 190 300 245 400
780 0 5 480 0 1286 100 427 200 251 300 810 400
781 0 5 107 0 209 100 1144 200 423 300 944 400
782 0 5 1121 0 1395 100 569 200 523 300 340 400
783 0 5 814 0 947 100 699 200 989 300 1247 400
784 0 5 1416 0 240 100 1506 200 1507 300 169 400
785 0 5 514 0 1398 100 1014 200 945 300 1388 400
786 0 5 719 0 295 100 170 200 1181 300 426 400
787 0 5 525 0 830 100 579 200 317 300 1254 400
788 0 5 417 0 120 100 394 200 982 300 697 400
789 0 5 1293 0 1444 100 706 200 537 300 229 400
790 0 5 615 0 1340 100 954 200 809 300 1348 400
791 0 5 915 0 375 100 1191 200 1062 300 1247 400
792 0 5 676 0 607 100 736 200 990 300 1057 400
793 0 5 262 0 808 100 1330 200 1091 300 820 400
794 0 5 364 0 688 100 1353 200 449 300 389 400
795 0 5 469 0 1040 100 1088 200 578 300 1218 400
796 0 5 1236 0 752 100 801 200 1077 300 883 400
797 0 5 434 0 553 100 814 200 370 300 783 400
798 0 5 1233 0 704 100 1167 200 321 300 1494 400
799 0 5 559 0 372 100 1128 200 267 300 1183 400
800 0 5 1085 0 155 100 1456 200 588 300 346 400
801 0 5 1077 0 32 100 23 200 796 300 1134 400
802 0 5 1224 0 1331 100 72 200 113 300 1220 400
803 0 5 1048 0 804 100 1501 200 1166 300 1435 400
804 0 5 1501 0 803 100 1052 200 510 300 127 400
805 0 5 137 0 1035 100 893 200 707 300 93 400
806 0 5 836 0 686 100 1462 200 933 300 976 400
807 0 5 834 0 1085 100 430 200 588 300 1456 400
808 0 5 270 0 793 100 1330 200 1091 300 262 400
809 0 5 68 0 252 100 1068 200 615 300 1354 400
810 0 5 30 0 1286 100 1219 200 480 300 213 400
811 0 5 1406 0 728 100 570 200 940 300 81 400
812 0 5 1163 0 131 100 285 200 1071 300 153 400
813 0 5 1051 0 293 100 1014 200 1448 300 1441 400
814 0 5 434 0 783 100 797 200 699 300 1154 400
815 0 5 750 0 298 100 429 200 572 300 965 400
816 0 5 603 0 1360 100 1344 200 823 300 884 400
817 0 5 476 0 1326 100 352 200 225 300 595 400
818 0 5 131 0 1071 100 110 200 1129 300 1265 400
819 0 5 444 0 1194 100 1473 200 1153 300 1313 400
820 0 5 7 0 262 100 528 200 793 300 1330 400
821 0 5 1127 0 227 100 273 200 740 300 1173 400
822 0 5 621 0 177 100 677 200 617 300 694 400
823 0 5 583 0 842 100 1360 200 1344 300 1036 400
824 0 5 216 0 420 100 738 200 1327 300 225 400
825 0 5 425 0 892 100 1395 200 946 300 552 400
826 0 5 554 0 1171 100 563 200 186 300 685 400
827 0 5 583 0 557 100 1375 200 884 300 693 400
828 0 5 1050 0 852 100 399 200 326 300 1437 400
829 0 5 533 0 12 100 452 200 391 300 473 400
830 0 5 787 0 317 100 525 200 63 300 43 400
831 0 5 361 0 1470 100 332 200 934 300 367 400
832 0 5 557 0 695 100 894 200 865 300 83 400
833 0 5 1137 0 846 100 1128 200 594 300 1346 400
834 0 5 807 0 1021 100 574 200 430 300 588 400
835 0 5 1240 0 1112 100 17 200 763 300 911 400
836 0 5 806 0 1499 100 1462 200 325 300 1161 400
837 0 5 14 0 578 100 406 200 1003 300 304 400
838 0 5 226 0 556 100 766 200 847 300 656 400
839 0 5 172 0 849 100 1032 200 485 300 1362 400
840 0 5 558 0 1037 100 253 200 278 300 1041 400
841 0 5 1110 0 71 100 475 200 389 300 305 400
842 0 5 1375 0 823 100 1036 200 583 300 1304 400
843 0 5 281 0 1301 100 1263 200 312 300 869 400
844 0 5 956 0 874 100 162 200 77 300 182 400
845 0 5 322 0 1259 100 1279 200 388 300 62 400
846 0 5 1346 0 833 100 702 200 594 300 205 400
847 0 5 656 0 758 100 590 200 838 300 766 400
848 0 5 701 0 590 100 935 200 847 300 165 400
849 0 5 839 0 889 100 1139 200 490 300 172 400
850 0 5 932 0 69 100 194 200 1441 300 337 400
851 0 5 90 0 417 100 120 200 788 300 250 400
852 0 5 828 0 326 100 1453 200 1050 300 399 400
853 0 5 512 0 1248 100 943 200 650 300 1041 400
854 0 5 320 0 1324 100 575 200 876 300 643 400
855 0 5 303 0 381 100 385 200 1030 300 1054 400
856 0 5 760 0 1447 100 941 200 381 300 162 400
857 0 5 775 0 1291 100 1351 200 1344 300 271 400
858 0 5 993 0 1372 100 388 200 184 300 619 400
859 0 5 1181 0 1445 100 426 200 717 300 546 400
860 0 5 654 0 1084 100 1275 200 99 300 602 400
861 0 5 466 0 386 100 88 200 611 300 196 400
862 0 5 1414 0 663 100 501 200 124 300 437 400
863 0 5 942 0 1504 100 1503 200 489 300 11 400
864 0 5 629 0 226 100 1192 200 847 300 838 400
865 0 5 1042 0 754 100 83 200 832 300 50 400
866 0 5 37 0 101 100 370 200 960 300 553 400
867 0 5 1492 0 682 100 770 200 286 300 661 400
868 0 5 723 0 202 100 100 200 1147 300 1489 400
869 0 5 1263 0 312 100 879 200 843 300 1064 400
870 0 5 1268 0 739 100 496 200 913 300 1475 400
871 0 5 1157 0 61 100 910 200 609 300 1396 400
872 0 5 102 0 1190 100 404 200 1009 300 205 400
873 0 5 145 0 673 100 331 200 1090 300 1260 400
874 0 5 844 0 409 100 956 200 96 300 264 400
875 0 5 649 0 220 100 700 200 1316 300 1329 400
876 0 5 961 0 1342 100 320 200 854 300 1357 400
877 0 5 1399 0 1076 100 895 200 1204 300 767 400
878 0 5 755 0 301 100 1021 200 574 300 834 400
879 0 5 1064 0 312 100 869 200 1263 300 367 400
880 0 5 1475 0 608 100 494 200 870 300 478 400
881 0 5 1216 0 634 100 342 200 613 300 164 400
882 0 5 922 0 356 100 302 200 930 300 186 400
883 0 5 1077 0 55 100 1134 200 796 300 23 400
884 0 5 463 0 1070 100 1351 200 693 300 827 400
885 0 5 610 0 921 100 459 200 105 300 865 400
886 0 5 1142 0 380 100 1079 200 572 300 97 400
887 0 5 328 0 731 100 640 200 757 300 1452 400
888 0 5 178 0 423 100 542 200 286 300 483 400
889 0 5 1265 0 283 100 849 200 490 300 110 400
890 0 5 419 0 778 100 1193 200 1482 300 776 400
891 0 5 196 0 1237 100 521 200 339 300 596 400
892 0 5 204 0 825 100 1395 200 458 300 552 400
893 0 5 153 0 1163 100 707 200 805 300 363 400
894 0 5 1350 0 695 100 832 200 50 300 612 400
895 0 5 1204 0 767 100 877 200 1076 300 1399 400
896 0 5 727 0 387 100 779 200 245 300 190 400
897 0 5 1464 0 1020 100 1356 200 1343 300 57 400
898 0 5 89 0 972 100 1295 200 152 300 54 400
899 0 5 1358 0 21 100 169 200 1416 300 1273 400
900 0 5 1156 0 920 100 428 200 214 300 1082 400
901 0 5 931 0 439 100 625 200 1050 300 1366 400
902 0 5 177 0 219 100 768 200 1245 300 694 400
903 0 5 40 0 580 100 199 200 1149 300 440 400
904 0 5 677 0 515 100 115 200 117 300 617 400
905 0 5 25 0 1479 100 927 200 231 300 1104 400
906 0 5 39 0 1297 100 41 200 709 300 28 400
907 0 5 710 0 999 100 970 200 29 300 1249 400
908 0 5 260 0 711 100 244 200 236 300 477 400
909 0 5 616 0 753 100 1230 200 1294 300 1136 400
910 0 5 1396 0 871 100 80 200 221 300 283 400
911 0 5 144 0 1112 100 835 200 1211 300 623 400
912 0 5 470 0 913 100 1268 200 870 300 43 400
913 0 5 1268 0 912 100 870 200 496 300 470 400
914 0 5 996 0 368 100 408 200 550 300 318 400
915 0 5 80 0 375 100 791 200 1396 300 1247 400
916 0 5 142 0 150 100 193 200 1006 300 1058 400
917 0 5 36 0 984 100 121 200 1334 300 1253 400
918 0 5 734 0 396 100 327 200 573 300 957 400
919 0 5 1143 0 1004 100 517 200 764 300 1063 400
920 0 5 926 0 900 100 1082 200 747 300 1430 400
921 0 5 105 0 885 100 459 200 79 300 725 400
922 0 5 882 0 356 100 186 200 22 300 302 400
923 0 5 1150 0 1413 100 763 200 1125 300 161 400
924 0 5 1124 0 1144 100 1146 200 666 300 418 400
925 0 5 329 0 1262 100 487 200 1041 300 1177 400
926 0 5 920 0 1430 100 597 200 1052 300 1082 400
927 0 5 25 0 1461 100 905 200 671 300 231 400
928 0 5 269 0 748 100 1283 200 465 300 1142 400
929 0 5 194 0 1495 100 344 200 611 300 196 400
930 0 5 40 0 60 100 882 200 356 300 74 400
931 0 5 439 0 531 100 901 200 1050 300 1251 400
932 0 5 1113 0 69 100 850 200 386 300 194 400
933 0 5 686 0 1332 100 806 200 976 300 1338 400
934 0 5 1470 0 669 100 332 200 158 300 831 400
935 0 5 65 0 701 100 848 200 627 300 629 400
936 0 5 353 0 964 100 1200 200 402 300 707 400
937 0 5 1154 0 366 100 1018 200 1487 300 26 400
938 0 5 630 0 1323 100 723 200 49 300 1039 400
939 0 5 398 0 200 100 1061 200 154 300 683 400
940 0 5 118 0 1406 100 570 200 48 300 1386 400
941 0 5 760 0 1236 100 96 200 32 300 856 400
942 0 5 863 0 376 100 414 200 1364 300 489 400
943 0 5 512 0 853 100 650 200 1233 300 966 400
944 0 5 591 0 955 100 107 200 1124 300 781 400
945 0 5 1398 0 16 100 514 200 959 300 1388 400
946 0 5 340 0 1458 100 139 200 425 300 825 400
947 0 5 176 0 1247 100 783 200 1391 300 699 400
948 0 5 732 0 1467 100 519 200 1433 300 85 400
949 0 5 1064 0 367 100 1497 200 879 300 276 400
950 0 5 1377 0 1233 100 1167 200 943 300 698 400
951 0 5 1333 0 19 100 1042 200 50 300 754 400
952 0 5 309 0 721 100 1473 200 1153 300 1067 400
953 0 5 1320 0 1366 100 1419 200 95 300 84 400
954 0 5 1348 0 615 100 1098 200 1340 300 790 400
955 0 5 944 0 1124 100 666 200 107 300 924 400
956 0 5 844 0 162 100 874 200 77 300 182 400
957 0 5 573 0 154 100 396 200 1074 300 287 400
958 0 5 429 0 639 100 572 200 1429 300 1249 400
959 0 5 514 0 1388 100 945 200 785 300 1158 400
960 0 5 203 0 37 100 866 200 455 300 401 400
961 0 5 1357 0 876 100 320 200 854 300 452 400
962 0 5 310 0 1408 100 183 200 543 300 1334 400
963 0 5 1436 0 692 100 1336 200 1381 300 979 400
964 0 5 936 0 624 100 402 200 707 300 980 400
965 0 5 1104 0 1258 100 639 200 750 300 429 400
966 0 5 1377 0 698 100 943 200 1096 300 1167 400
967 0 5 1386 0 106 100 675 200 1010 300 436 400
968 0 5 1315 0 1310 100 537 200 1293 300 79 400
969 0 5 1218 0 660 100 267 200 1443 300 1152 400
970 0 5 907 0 755 100 999 200 1481 300 710 400
971 0 5 481 0 1005 100 1376 200 628 300 1316 400
972 0 5 369 0 898 100 746 200 136 300 1147 400
973 0 5 690 0 6 100 1228 200 646 300 92 400
974 0 5 360 0 582 100 1326 200 352 300 512 400
975 0 5 383 0 1486 100 542 200 1331 300 178 400
976 0 5 254 0 1332 100 757 200 933 300 806 400
977 0 5 523 0 265 100 664 200 503 300 1221 400
978 0 5 1060 0 232 100 1451 200 1079 300 1226 400
979 0 5 1029 0 692 100 1172 200 963 300 1312 400
980 0 5 707 0 1035 100 1187 200 1389 300 1439 400
981 0 5 477 0 244 100 508 200 249 300 547 400
982 0 5 1285 0 697 100 394 200 788 300 291 400
983 0 5 545 0 722 100 1425 200 998 300 213 400
984 0 5 1253 0 917 100 1334 200 256 300 36 400
985 0 5 258 0 1294 100 1213 200 724 300 46 400
986 0 5 1258 0 1417 100 750 200 298 300 674 400
987 0 5 278 0 558 100 1019 200 1175 300 631 400
988 0 5 549 0 229 100 1001 200 379 300 1260 400
989 0 5 744 0 637 100 1002 200 783 300 1391 400
990 0 5 308 0 338 100 644 200 676 300 792 400
991 0 5 725 0 83 100 122 200 105 300 832 400
992 0 5 1478 0 1463 100 33 200 1072 300 1484 400
993 0 5 1115 0 858 100 689 200 1372 300 1280 400
994 0 5 1065 0 506 100 241 200 1266 300 1274 400
995 0 5 2 0 1216 100 620 200 613 300 529 400
996 0 5 914 0 318 100 550 200 348 300 1036 400
997 0 5 67 0 195 100 498 200 585 300 1409 400
998 0 5 1116 0 493 100 983 200 722 300 1289 400
999 0 5 1481 0 907 100 1479 200 970 300 1249 400
1000 0 5 1319 0 1127 100 1341 200 1189 300 56 400
1001 0 5 379 0 549 100 166 200 988 300 358 400
1002 0 5 637 0 1290 100 1274 200 989 300 1266 400
1003 0 5 304 0 193 100 406 200 330 300 837 400
1004 0 5 517 0 919 100 255 200 764 300 1353 400
1005 0 5 613 0 1442 100 971 200 481 300 586 400
1006 0 5 1455 0 1468 100 916 200 142 300 1215 400
1007 0 5 324 0 1201 100 64 200 687 300 491 400
1008 0 5 230 0 421 100 261 200 1119 300 455 400
1009 0 5 1412 0 1325 100 1312 200 1190 300 872 400
1010 0 5 237 0 675 100 160 200 1386 300 1298 400
1011 0 5 1380 0 1335 100 534 200 1493 300 58 400
1012 0 5 224 0 546 100 1199 200 1237 300 1405 400
1013 0 5 259 0 1246 100 358 200 1015 300 502 400
1014 0 5 1051 0 785 100 813 200 742 300 1398 400
1015 0 5 358 0 341 100 1013 200 673 300 1259 400
1016 0 5 593 0 691 100 767 200 1023 300 1022 400
1017 0 5 113 0 1220 100 101 200 179 300 1383 400
1018 0 5 553 0 1487 100 937 200 434 300 1154 400
1019 0 5 245 0 1404 100 987 200 347 300 278 400
1020 0 5 897 0 1343 100 57 200 875 300 1464 400
1021 0 5 834 0 548 100 412 200 878 300 430 400
1022 0 5 593 0 1465 100 296 200 767 300 1023 400
1023 0 5 201 0 296 100 691 200 1016 300 593 400
1024 0 5 1026 0 291 100 1285 200 1073 300 1252 400
1025 0 5 1152 0 1443 100 228 200 729 300 1387 400
1026 0 5 651 0 1024 100 73 200 291 300 1252 400
1027 0 5 1472 0 634 100 1250 200 1438 300 413 400
1028 0 5 1401 0 1516 100 1515 200 1365 300 1057 400
1029 0 5 979 0 1172 100 692 200 846 300 702 400
1030 0 5 385 0 855 100 1299 200 422 300 188 400
1031 0 5 1120 0 730 100 371 200 114 300 635 400
1032 0 5 741 0 1362 100 485 200 839 300 172 400
1033 0 5 456 0 229 100 474 200 1293 300 1186 400
1034 0 5 587 0 56 100 27 200 173 300 295 400
1035 0 5 1439 0 980 100 805 200 707 300 1187 400
1036 0 5 842 0 550 100 368 200 725 300 1304 400
1037 0 5 1500 0 253 100 840 200 462 300 321 400
1038 0 5 594 0 175 100 1465 200 222 300 767 400
1039 0 5 144 0 195 100 630 200 403 300 723 400
1040 0 5 578 0 795 100 472 200 565 300 1043 400
1041 0 5 1248 0 87 100 840 200 650 300 925 400
1042 0 5 865 0 951 100 754 200 50 300 19 400
1043 0 5 472 0 1222 100 416 200 578 300 1281 400
1044 0 5 575 0 1072 100 1484 200 643 300 1478 400
1045 0 5 1065 0 241 100 1028 200 604 300 98 400
1046 0 5 313 0 1423 100 1158 200 120 300 1388 400
1047 0 5 628 0 1316 100 164 200 881 300 971 400
1048 0 5 803 0 1166 100 1359 200 15 300 804 400
1049 0 5 1466 0 679 100 207 200 1483 300 769 400
1050 0 5 828 0 931 100 625 200 274 300 901 400
1051 0 5 1014 0 813 100 35 200 293 300 742 400
1052 0 5 597 0 605 100 804 200 1430 300 926 400
1053 0 5 1410 0 661 100 438 200 726 300 290 400
1054 0 5 486 0 446 100 303 200 1241 300 385 400
1055 0 5 324 0 598 100 95 200 491 300 66 400
1056 0 5 51 0 505 100 1160 200 1368 300 1434 400
1057 0 5 1365 0 607 100 792 200 1401 300 676 400
1058 0 5 150 0 390 100 916 200 1455 300 696 400
1059 0 5 1463 0 1484 100 992 200 1317 300 1072 400
1060 0 5 978 0 489 100 1226 200 232 300 1079 400
1061 0 5 398 0 396 100 939 200 154 300 573 400
1062 0 5 1235 0 1391 100 242 200 176 300 1247 400
1063 0 5 1353 0 1143 100 688 200 919 300 1402 400
1064 0 5 879 0 949 100 1497 200 312 300 367 400
1065 0 5 994 0 1045 100 241 200 1266 300 637 400
1066 0 5 461 0 44 100 507 200 7 300 564 400
1067 0 5 1153 0 416 100 520 200 309 300 1473 400
1068 0 5 68 0 1354 100 1445 200 809 300 426 400
1069 0 5 1141 0 1082 100 597 200 804 300 127 400
1070 0 5 612 0 884 100 1350 200 463 300 738 400
1071 0 5 1265 0 818 100 110 200 812 300 285 400
1072 0 5 1044 0 1484 100 1478 200 992 300 1059 400
1073 0 5 256 0 1285 100 132 200 1253 300 1024 400
1074 0 5 566 0 397 100 287 200 154 300 1111 400
1075 0 5 1133 0 641 100 1428 200 1420 300 1496 400
1076 0 5 877 0 1207 100 1399 200 895 300 1204 400
1077 0 5 883 0 801 100 23 200 1134 300 796 400
1078 0 5 165 0 276 100 367 200 492 300 538 400
1079 0 5 232 0 1451 100 886 200 1060 300 978 400
1080 0 5 442 0 576 100 75 200 134 300 18 400
1081 0 5 756 0 424 100 281 200 1301 300 774 400
1082 0 5 1069 0 428 100 1141 200 920 300 597 400
1083 0 5 562 0 1376 100 481 200 236 300 220 400
1084 0 5 602 0 860 100 654 200 12 300 99 400
1085 0 5 800 0 807 100 1456 200 430 300 588 400
1086 0 5 1347 0 135 100 1101 200 372 300 472 400
1087 0 5 556 0 1506 100 1505 200 784 300 766 400
1088 0 5 304 0 469 100 795 200 1040 300 330 400
1089 0 5 592 0 1109 100 1401 200 792 300 646 400
1090 0 5 1260 0 111 100 1310 200 408 300 988 400
1091 0 5 376 0 9 100 141 200 793 300 1330 400
1092 0 5 149 0 685 100 1171 200 302 300 52 400
1093 0 5 1101 0 1218 100 267 200 565 300 135 400
1094 0 5 589 0 1321 100 1352 200 380 300 729 400
1095 0 5 577 0 1155 100 1242 200 336 300 350 400
1096 0 5 1309 0 338 100 595 200 644 300 743 400
1097 0 5 1317 0 665 100 772 200 391 300 333 400
1098 0 5 1348 0 954 100 577 200 1095 300 350 400
1099 0 5 1272 0 99 100 1337 200 488 300 602 400
1100 0 5 218 0 714 100 1511 200 1510 300 238 400
1101 0 5 1093 0 135 100 267 200 1086 300 372 400
1102 0 5 458 0 601 100 552 200 169 300 540 400
1103 0 5 1456 0 346 100 330 200 155 300 800 400
1104 0 5 965 0 274 100 1429 200 1479 300 905 400
1105 0 5 1289 0 1425 100 620 200 529 300 342 400
1106 0 5 1169 0 771 100 258 200 567 300 1213 400
1107 0 5 249 0 1356 100 1225 200 981 300 527 400
1108 0 5 289 0 1252 100 132 200 500 300 1239 400
1109 0 5 1089 0 1401 100 1028 200 592 300 646 400
1110 0 5 684 0 841 100 305 200 71 300 764 400
1111 0 5 1241 0 182 100 1074 200 397 300 264 400
1112 0 5 911 0 403 100 835 200 49 300 1240 400
1113 0 5 932 0 386 100 1495 200 850 300 194 400
1114 0 5 551 0 1392 100 656 200 189 300 758 400
1115 0 5 1280 0 993 100 689 200 858 300 1372 400
1116 0 5 998 0 28 100 493 200 432 300 41 400
1117 0 5 361 0 1497 100 949 200 367 300 312 400
1118 0 5 442 0 1187 100 392 200 1197 300 134 400
1119 0 5 203 0 455 100 230 200 1394 300 261 400
1120 0 5 371 0 1031 100 114 200 730 300 635 400
1121 0 5 569 0 782 100 467 200 340 300 1395 400
1122 0 5 609 0 1382 100 910 200 283 300 849 400
1123 0 5 1212 0 672 100 1245 200 768 300 479 400
1124 0 5 924 0 666 100 955 200 944 300 1144 400
1125 0 5 763 0 49 100 136 200 835 300 1112 400
1126 0 5 1491 0 664 100 1221 200 1395 300 447 400
1127 0 5 821 0 1341 100 1000 200 468 300 740 400
1128 0 5 20 0 799 100 833 200 594 300 559 400
1129 0 5 131 0 1185 100 377 200 818 300 812 400
1130 0 5 1449 0 246 100 511 200 237 300 261 400
1131 0 5 280 0 502 100 214 200 647 300 259 400
1132 0 5 206 0 313 100 1158 200 1046 300 1388 400
1133 0 5 1075 0 217 100 581 200 641 300 1496 400
1134 0 5 1140 0 55 100 23 200 883 300 700 400
1135 0 5 411 0 431 100 1206 200 1421 300 143 400
1136 0 5 1452 0 1338 100 1230 200 1318 300 1332 400
1137 0 5 833 0 218 100 504 200 20 300 238 400
1138 0 5 378 0 678 100 1307 200 399 300 1393 400
1139 0 5 172 0 849 100 1400 200 839 300 43 400
1140 0 5 1134 0 1329 100 700 200 55 300 23 400
1141 0 5 1069 0 127 100 1082 200 311 300 597 400
1142 0 5 748 0 380 100 886 200 465 300 928 400
1143 0 5 919 0 1063 100 1353 200 1402 300 688 400
1144 0 5 483 0 924 100 781 200 530 300 542 400
1145 0 5 540 0 1514 100 1515 200 435 300 240 400
1146 0 5 666 0 92 100 924 200 263 300 187 400
1147 0 5 369 0 746 100 100 200 1489 300 972 400
1148 0 5 202 0 585 100 1370 200 868 300 100 400
1149 0 5 199 0 903 100 1299 200 40 300 104 400
1150 0 5 923 0 161 100 763 200 1413 300 17 400
1151 0 5 662 0 479 100 1123 200 672 300 46 400
1152 0 5 1025 0 660 100 1443 200 761 300 969 400
1153 0 5 1067 0 1473 100 416 200 819 300 309 400
1154 0 5 937 0 434 100 699 200 1018 300 26 400
1155 0 5 88 0 336 100 1095 200 466 300 350 400
1156 0 5 900 0 428 100 168 200 214 300 1372 400
1157 0 5 871 0 457 100 1396 200 282 300 61 400
1158 0 5 1388 0 313 100 1132 200 1046 300 959 400
1159 0 5 279 0 215 100 1168 200 709 300 36 400
1160 0 5 1368 0 319 100 457 200 1056 300 51 400
1161 0 5 198 0 325 100 8 200 501 300 535 400
1162 0 5 1257 0 349 100 608 200 737 300 655 400
1163 0 5 812 0 893 100 363 200 153 300 131 400
1164 0 5 605 0 1498 100 438 200 1238 300 1165 400
1165 0 5 53 0 747 100 1430 200 605 300 1164 400
1166 0 5 15 0 1048 100 803 200 127 300 125 400
1167 0 5 555 0 1233 100 950 200 798 300 1377 400
1168 0 5 1270 0 248 100 1159 200 279 300 749 400
1169 0 5 1106 0 567 100 258 200 731 300 771 400
1170 0 5 133 0 529 100 1483 200 207 300 432 400
1171 0 5 354 0 826 100 554 200 685 300 1092 400
1172 0 5 702 0 1029 100 979 200 846 300 692 400
1173 0 5 509 0 1384 100 3 200 1379 300 323 400
1174 0 5 106 0 405 100 967 200 638 300 1203 400
1175 0 5 558 0 347 100 87 200 987 300 840 400
1176 0 5 373 0 714 100 526 200 238 300 1374 400
1177 0 5 727 0 387 100 347 200 329 300 1041 400
1178 0 5 1397 0 505 100 485 200 51 300 1431 400
1179 0 5 1180 0 1327 100 1184 200 225 300 216 400
1180 0 5 1179 0 225 100 352 200 1184 300 745 400
1181 0 5 859 0 719 100 546 200 786 300 24 400
1182 0 5 235 0 156 100 211 200 199 300 223 400
1183 0 5 451 0 1465 100 1128 200 372 300 296 400
1184 0 5 745 0 181 100 1179 200 1180 300 1327 400
1185 0 5 377 0 1129 100 131 200 1460 300 1361 400
1186 0 5 502 0 78 100 1246 200 474 300 1033 400
1187 0 5 1439 0 392 100 980 200 1035 300 1118 400
1188 0 5 606 0 34 100 234 200 231 300 344 400
1189 0 5 167 0 1459 100 740 200 1000 300 407 400
1190 0 5 872 0 102 100 205 200 1009 300 1312 400
1191 0 5 506 0 242 100 362 200 1274 300 791 400
1192 0 5 192 0 275 100 864 200 226 300 1284 400
1193 0 5 776 0 890 100 1369 200 47 300 778 400
1194 0 5 819 0 762 100 1473 200 1227 300 535 400
1195 0 5 1234 0 568 100 1347 200 1349 300 247 400
1196 0 5 511 0 1433 100 261 200 1394 300 365 400
1197 0 5 1269 0 1306 100 151 200 1118 300 1389 400
1198 0 5 1454 0 289 100 52 200 1108 300 38 400
1199 0 5 1271 0 1237 100 1459 200 1012 300 167 400
1200 0 5 1264 0 936 100 353 200 707 300 1389 400
1201 0 5 1448 0 1007 100 491 200 64 300 652 400
1202 0 5 454 0 402 100 1371 200 564 300 44 400
1203 0 5 421 0 638 100 1449 200 405 300 261 400
1204 0 5 895 0 691 100 1076 200 877 300 1207 400
1205 0 5 724 0 46 100 662 200 753 300 909 400
1206 0 5 1311 0 58 100 1135 200 934 300 431 400
1207 0 5 1076 0 148 100 680 200 1399 300 1204 400
1208 0 5 561 0 1378 100 290 200 770 300 661 400
1209 0 5 1403 0 339 100 76 200 344 300 1237 400
1210 0 5 703 0 376 100 674 200 141 300 1417 400
1211 0 5 1240 0 1476 100 623 200 911 300 1230 400
1212 0 5 479 0 1123 100 144 200 911 300 1151 400
1213 0 5 771 0 258 100 1294 200 985 300 1452 400
1214 0 5 185 0 730 100 477 200 981 300 1031 400
1215 0 5 1328 0 548 100 193 200 1003 300 1006 400
1216 0 5 2 0 995 100 881 200 342 300 613 400
1217 0 5 1450 0 776 100 599 200 42 300 1432 400
1218 0 5 969 0 1093 100 267 200 660 300 469 400
1219 0 5 30 0 810 100 22 200 1286 300 427 400
1220 0 5 1224 0 113 100 1017 200 802 300 1383 400
1221 0 5 130 0 1126 100 1491 200 447 300 977 400
1222 0 5 416 0 539 100 1043 200 520 300 578 400
1223 0 5 1540 0 1 100 1427 200 1381 300 714 400
1224 0 5 1220 0 802 100 113 200 101 300 866 400
1225 0 5 527 0 249 100 1107 200 477 300 981 400
1226 0 5 1060 0 1521 100 400 200 489 300 978 400
1227 0 5 444 0 334 100 198 200 1194 300 535 400
1228 0 5 179 0 690 100 973 200 6 300 1383 400
1229 0 5 357 0 66 100 598 200 1371 300 1419 400
1230 0 5 1476 0 667 100 623 200 1136 300 909 400
1231 0 5 471 0 377 100 414 200 793 300 808 400
1232 0 5 669 0 332 100 475 200 492 300 538 400
1233 0 5 950 0 1167 100 798 200 943 300 1494 400
1234 0 5 1195 0 247 100 484 200 568 300 1347 400
1235 0 5 242 0 1062 100 1391 200 1274 300 989 400
1236 0 5 796 0 941 100 96 200 32 300 752 400
1237 0 5 521 0 891 100 1199 200 1012 300 1271 400
1238 0 5 272 0 436 100 605 200 1411 300 1164 400
1239 0 5 132 0 563 100 1108 200 1253 300 256 400
1240 0 5 835 0 1211 100 911 200 1476 300 1112 400
1241 0 5 182 0 1111 100 77 200 1054 300 381 400
1242 0 5 350 0 336 100 1095 200 1155 300 466 400
1243 0 5 323 0 1424 100 659 200 301 300 3 400
1244 0 5 600 0 671 100 1461 200 708 300 10 400
1245 0 5 210 0 219 100 768 200 1123 300 694 400
1246 0 5 474 0 1013 100 1186 200 358 300 259 400
1247 0 5 947 0 699 100 1396 200 282 300 176 400
1248 0 5 1041 0 853 100 650 200 840 300 648 400
1249 0 5 1283 0 710 100 907 200 999 300 958 400
1250 0 5 1438 0 1296 100 1472 200 223 300 1027 400
1251 0 5 274 0 5 100 531 200 234 300 931 400
1252 0 5 73 0 500 100 1108 200 1373 300 651 400
1253 0 5 984 0 256 100 1073 200 132 300 1239 400
1254 0 5 525 0 446 100 486 200 787 300 579 400
1255 0 5 293 0 652 100 266 200 633 300 1448 400
1256 0 5 1421 0 1301 100 424 200 1081 300 843 400
1257 0 5 1162 0 737 100 608 200 494 300 655 400
1258 0 5 986 0 965 100 1453 200 750 300 326 400
1259 0 5 331 0 845 100 341 200 322 300 1015 400
1260 0 5 1090 0 166 100 988 200 358 300 379 400
1261 0 5 1352 0 1374 100 1321 200 1060 300 11 400
1262 0 5 487 0 925 100 329 200 582 300 896 400
1263 0 5 869 0 189 100 843 200 879 300 551 400
1264 0 5 147 0 1200 100 353 200 707 300 363 400
1265 0 5 889 0 1071 100 110 200 490 300 283 400
1266 0 5 637 0 1065 100 1290 200 994 300 1002 400
1267 0 5 1496 0 148 100 581 200 1207 300 1428 400
1268 0 5 913 0 912 100 870 200 496 300 739 400
1269 0 5 1197 0 624 100 1389 200 1371 300 980 400
1270 0 5 1168 0 749 100 121 200 1159 300 394 400
1271 0 5 76 0 1199 100 1237 200 339 300 167 400
1272 0 5 1099 0 443 100 602 200 99 300 1084 400
1273 0 5 281 0 1358 100 1081 200 899 300 756 400
1274 0 5 242 0 1290 100 1235 200 506 300 1002 400
1275 0 5 180 0 1339 100 860 200 654 300 99 400
1276 0 5 449 0 364 100 1404 200 1353 300 13 400
1277 0 5 108 0 20 100 238 200 761 300 1176 400
1278 0 5 632 0 450 100 721 200 1413 300 171 400
1279 0 5 388 0 845 100 184 200 62 300 259 400
1280 0 5 1115 0 31 100 689 200 993 300 858 400
1281 0 5 1313 0 1347 100 1349 200 1086 300 1043 400
1282 0 5 104 0 74 100 544 200 75 300 60 400
1283 0 5 1249 0 294 100 269 200 928 300 710 400
1284 0 5 275 0 1518 100 1519 200 1500 300 1192 400
1285 0 5 982 0 291 100 1073 200 1024 300 697 400
1286 0 5 780 0 810 100 480 200 427 300 1219 400
1287 0 5 243 0 709 100 119 200 441 300 39 400
1288 0 5 183 0 563 100 30 200 1408 300 213 400
1289 0 5 1105 0 1425 100 529 200 620 300 1170 400
1290 0 5 1274 0 1002 100 1266 200 1391 300 637 400
1291 0 5 857 0 1351 100 463 200 445 300 420 400
1292 0 5 454 0 507 100 44 200 564 300 357 400
1293 0 5 789 0 1310 100 537 200 229 300 1033 400
1294 0 5 724 0 985 100 1213 200 1452 300 1318 400
1295 0 5 54 0 898 100 152 200 1489 300 972 400
1296 0 5 1438 0 1250 100 223 200 622 300 156 400
1297 0 5 433 0 906 100 709 200 28 300 41 400
1298 0 5 116 0 91 100 732 200 237 300 1010 400
1299 0 5 1030 0 199 100 1149 200 235 300 1363 400
1300 0 5 1419 0 507 100 399 200 1292 300 1437 400
1301 0 5 1421 0 1256 100 393 200 843 300 1081 400
1302 0 5 1471 0 315 100 391 200 772 300 94 400
1303 0 5 373 0 1443 100 761 200 559 300 1176 400
1304 0 5 122 0 1375 100 842 200 1036 300 557 400
1305 0 5 138 0 187 100 705 200 263 300 1333 400
1306 0 5 151 0 1197 100 1118 200 60 300 1269 400
1307 0 5 399 0 674 100 678 200 1453 300 1138 400
1308 0 5 334 0 1349 100 1313 200 444 300 819 400
1309 0 5 1096 0 595 100 612 200 743 300 644 400
1310 0 5 968 0 1293 100 79 200 229 300 1090 400
1311 0 5 1335 0 1206 100 58 200 431 300 1135 400
1312 0 5 1325 0 1336 100 140 200 1009 300 1190 400
1313 0 5 1281 0 1349 100 1308 200 416 300 819 400
1314 0 5 1361 0 241 100 1460 200 1418 300 506 400
1315 0 5 968 0 610 100 79 200 1310 300 537 400
1316 0 5 628 0 1047 100 875 200 220 300 700 400
1317 0 5 1097 0 665 100 391 200 1059 300 333 400
1318 0 5 1452 0 616 100 1136 200 1294 300 909 400
1319 0 5 27 0 1000 100 56 200 1034 300 1341 400
1320 0 5 95 0 953 100 84 200 618 300 1366 400
1321 0 5 1352 0 97 100 1261 200 1094 300 465 400
1322 0 5 453 0 55 100 157 200 345 300 126 400
1323 0 5 938 0 746 100 723 200 136 300 972 400
1324 0 5 320 0 575 100 854 200 643 300 1484 400
1325 0 5 641 0 140 100 1312 200 1009 300 1190 400
1326 0 5 352 0 512 100 817 200 974 300 360 400
1327 0 5 216 0 1179 100 824 200 225 300 420 400
1328 0 5 1468 0 1215 100 412 200 548 300 1006 400
1329 0 5 1343 0 1140 100 649 200 875 300 700 400
1330 0 5 793 0 808 100 1091 200 820 300 262 400
1331 0 5 802 0 383 100 1486 200 975 300 72 400
1332 0 5 933 0 976 100 1338 200 1136 300 328 400
1333 0 5 951 0 712 100 50 200 355 300 705 400
1334 0 5 433 0 543 100 36 200 984 300 310 400
1335 0 5 1311 0 1011 100 431 200 58 300 1206 400
1336 0 5 1312 0 1381 100 140 200 1427 300 963 400
1337 0 5 488 0 1099 100 116 200 180 300 99 400
1338 0 5 159 0 667 100 1136 200 1332 300 686 400
1339 0 5 519 0 1275 100 654 200 180 300 315 400
1340 0 5 790 0 206 100 954 200 615 300 1132 400
1341 0 5 468 0 56 100 1127 200 1000 300 777 400
1342 0 5 716 0 876 100 212 200 655 300 737 400
1343 0 5 1329 0 1020 100 1464 200 875 300 57 400
1344 0 5 1355 0 1360 100 816 200 583 300 693 400
1345 0 5 1480 0 1431 100 42 200 599 300 1432 400
1346 0 5 846 0 222 100 594 200 833 300 205 400
1347 0 5 1086 0 247 100 1281 200 1195 300 1349 400
1348 0 5 1098 0 954 100 577 200 252 300 615 400
1349 0 5 1308 0 1313 100 1281 200 1195 300 1347 400
1350 0 5 894 0 612 100 1070 200 50 300 695 400
1351 0 5 1291 0 884 100 693 200 463 300 1344 400
1352 0 5 1321 0 1261 100 516 200 1374 300 1094 400
1353 0 5 1063 0 688 100 364 200 1276 300 794 400
1354 0 5 252 0 1068 100 68 200 809 300 1445 400
1355 0 5 1344 0 693 100 583 200 823 300 884 400
1356 0 5 1107 0 508 100 1464 200 981 300 897 400
1357 0 5 961 0 452 100 320 200 876 300 854 400
1358 0 5 899 0 1273 100 458 200 756 300 21 400
1359 0 5 15 0 657 100 1048 200 1435 300 803 400
1360 0 5 816 0 1344 100 823 200 603 300 368 400
1361 0 5 1314 0 1418 100 1460 200 362 300 1185 400
1362 0 5 33 0 1032 100 172 200 839 300 1463 400
1363 0 5 422 0 544 100 104 200 1030 300 1149 400
1364 0 5 1457 0 414 100 471 200 241 300 942 400
1365 0 5 1057 0 607 100 448 200 335 300 704 400
1366 0 5 625 0 84 100 953 200 1437 300 901 400
1367 0 5 764 0 103 100 255 200 684 300 627 400
1368 0 5 1434 0 1160 100 457 200 51 300 1056 400
1369 0 5 85 0 365 100 1193 200 1433 300 401 400
1370 0 5 284 0 1148 100 268 200 585 300 468 400
1371 0 5 1229 0 598 100 1202 200 357 300 454 400
1372 0 5 858 0 428 100 184 200 619 300 168 400
1373 0 5 500 0 1398 100 1252 200 742 300 73 400
1374 0 5 1510 0 1509 100 1261 200 526 300 516 400
1375 0 5 842 0 1304 100 827 200 557 300 583 400
1376 0 5 1083 0 481 100 971 200 220 300 1316 400
1377 0 5 950 0 966 100 943 200 1167 300 698 400
1378 0 5 1208 0 290 100 661 200 770 300 561 400
1379 0 5 1390 0 1384 100 1173 200 509 300 10 400
1380 0 5 773 0 670 100 1011 200 934 300 534 400
1381 0 5 1436 0 1427 100 1223 200 963 300 692 400
1382 0 5 1122 0 283 100 221 200 889 300 1446 400
1383 0 5 179 0 1017 100 1228 200 1220 300 744 400
1384 0 5 1379 0 509 100 1173 200 227 300 10 400
1385 0 5 600 0 10 100 606 200 642 300 34 400
1386 0 5 967 0 570 100 1010 200 675 300 160 400
1387 0 5 228 0 1176 100 729 200 1352 300 1025 400
1388 0 5 959 0 1158 100 1046 200 945 300 1423 400
1389 0 5 980 0 624 100 1269 200 964 300 1187 400
1390 0 5 1379 0 708 100 1481 200 1384 300 755 400
1391 0 5 176 0 1062 100 1235 200 947 300 1274 400
1392 0 5 1114 0 1416 100 189 200 21 300 656 400
1393 0 5 461 0 378 100 7 200 1066 300 507 400
1394 0 5 261 0 455 100 1196 200 1119 300 365 400
1395 0 5 892 0 782 100 825 200 664 300 204 400
1396 0 5 80 0 910 100 915 200 1247 300 1157 400
1397 0 5 1178 0 741 100 485 200 163 300 333 400
1398 0 5 945 0 1373 100 785 200 500 300 651 400
1399 0 5 877 0 1076 100 1207 200 404 300 680 400
1400 0 5 43 0 470 100 1139 200 1478 300 172 400
1401 0 5 1028 0 1109 100 1089 200 98 300 1057 400
1402 0 5 389 0 688 100 305 200 764 300 1143 400
1403 0 5 1209 0 344 100 642 200 34 300 339 400
1404 0 5 631 0 1019 100 1276 200 245 300 13 400
1405 0 5 521 0 596 100 1012 200 546 300 292 400
1406 0 5 811 0 940 100 570 200 657 300 728 400
1407 0 5 482 0 270 100 353 200 147 300 528 400
1408 0 5 962 0 183 100 1334 200 310 300 543 400
1409 0 5 498 0 314 100 587 200 67 300 524 400
1410 0 5 438 0 1053 100 647 200 1498 300 280 400
1411 0 5 436 0 510 100 1238 200 605 300 1435 400
1412 0 5 1009 0 680 100 233 200 148 300 1207 400
1413 0 5 923 0 632 100 1150 200 161 300 1278 400
1414 0 5 862 0 124 100 437 200 198 300 1426 400
1415 0 5 1485 0 448 100 1507 200 1508 300 704 400
1416 0 5 784 0 21 100 1392 200 899 300 169 400
1417 0 5 986 0 298 100 1451 200 674 300 1453 400
1418 0 5 1361 0 362 100 1314 200 1191 300 375 400
1419 0 5 1300 0 66 100 953 200 1292 300 1229 400
1420 0 5 265 0 130 100 1428 200 641 300 1075 400
1421 0 5 1256 0 1301 100 393 200 411 300 1135 400
1422 0 5 239 0 39 100 119 200 679 300 41 400
1423 0 5 120 0 1046 100 16 200 945 300 1388 400
1424 0 5 288 0 1243 100 351 200 659 300 412 400
1425 0 5 1105 0 1289 100 983 200 545 300 620 400
1426 0 5 300 0 437 100 1414 200 198 300 862 400
1427 0 5 1223 0 1381 100 540 200 1436 300 1145 400
1428 0 5 1496 0 265 100 1420 200 503 300 581 400
1429 0 5 1479 0 639 100 1104 200 958 300 905 400
1430 0 5 53 0 926 100 1165 200 1052 300 920 400
1431 0 5 1434 0 51 100 1345 200 1432 300 1217 400
1432 0 5 366 0 1217 100 42 200 778 300 1431 400
1433 0 5 85 0 1196 100 365 200 1369 300 1467 400
1434 0 5 1368 0 1431 100 51 200 457 300 1056 400
1435 0 5 128 0 657 100 436 200 1501 300 112 400
1436 0 5 963 0 1381 100 59 200 1427 300 504 400
1437 0 5 399 0 625 100 1366 200 828 300 1050 400
1438 0 5 1296 0 1250 100 1472 200 1490 300 32 400
1439 0 5 1035 0 1187 100 392 200 980 300 1118 400
1440 0 5 499 0 488 100 116 200 1337 300 91 400
1441 0 5 337 0 293 100 69 200 850 300 813 400
1442 0 5 586 0 1005 100 133 200 316 300 1488 400
1443 0 5 1303 0 1025 100 1152 200 228 300 660 400
1444 0 5 706 0 789 100 658 200 456 300 1033 400
1445 0 5 717 0 859 100 1068 200 1354 300 546 400
1446 0 5 221 0 375 100 110 200 1071 300 80 400
1447 0 5 162 0 760 100 856 200 96 300 381 400
1448 0 5 1201 0 1255 100 293 200 64 300 813 400
1449 0 5 1130 0 1203 100 261 200 511 300 421 400
1450 0 5 778 0 1217 100 776 200 1432 300 47 400
1451 0 5 298 0 1079 100 1417 200 978 300 232 400
1452 0 5 1318 0 1136 100 1294 200 640 300 328 400
1453 0 5 674 0 1307 100 326 200 852 300 1258 400
1454 0 5 1198 0 52 100 354 200 554 300 289 400
1455 0 5 1006 0 54 100 536 200 390 300 1295 400
1456 0 5 1103 0 1085 100 330 200 430 300 807 400
1457 0 5 1364 0 471 100 82 200 636 300 241 400
1458 0 5 139 0 946 100 774 200 425 300 340 400
1459 0 5 407 0 1189 100 1199 200 27 300 584 400
1460 0 5 82 0 377 100 1361 200 1314 300 1185 400
1461 0 5 671 0 927 100 25 200 1244 300 905 400
1462 0 5 384 0 806 100 1499 200 297 300 307 400
1463 0 5 1059 0 33 100 992 200 1484 300 1362 400
1464 0 5 897 0 508 100 1356 200 1343 300 875 400
1465 0 5 1022 0 1183 100 1128 200 296 300 372 400
1466 0 5 1049 0 769 100 207 200 415 300 1483 400
1467 0 5 948 0 94 100 519 200 85 300 1433 400
1468 0 5 1328 0 351 100 412 200 1006 300 536 400
1469 0 5 111 0 318 100 79 200 725 300 1036 400
1470 0 5 934 0 332 100 831 200 361 300 669 400
1471 0 5 1302 0 772 100 571 200 681 300 1480 400
1472 0 5 1027 0 634 100 1250 200 1438 300 251 400
1473 0 5 309 0 1153 100 1194 200 819 300 450 400
1474 0 5 518 0 159 100 733 200 632 300 161 400
1475 0 5 880 0 739 100 870 200 494 300 495 400
1476 0 5 1230 0 1211 100 667 200 1240 300 623 400
1477 0 5 292 0 596 100 577 200 1095 300 1405 400
1478 0 5 992 0 1072 100 478 200 1400 300 643 400
1479 0 5 1429 0 999 100 25 200 905 300 1104 400
1480 0 5 1345 0 772 100 571 200 42 300 599 400
1481 0 5 708 0 999 100 970 200 1390 300 1479 400
1482 0 5 1487 0 419 100 366 200 890 300 778 400
1483 0 5 432 0 679 100 1170 200 41 300 207 400
1484 0 5 1072 0 1059 100 1044 200 992 300 1463 400
1485 0 5 704 0 1415 100 448 200 1517 300 1516 400
1486 0 5 1492 0 975 100 542 200 1331 300 178 400
1487 0 5 1482 0 1018 100 937 200 366 300 553 400
1488 0 5 316 0 586 100 371 200 1442 300 1083 400
1489 0 5 536 0 152 100 1147 200 1295 300 100 400
1490 0 5 413 0 32 100 634 200 1438 300 164 400
1491 0 5 1126 0 447 100 1221 200 664 300 1395 400
1492 0 5 867 0 1486 100 682 200 1331 300 770 400
1493 0 5 670 0 534 100 1011 200 58 300 158 400
1494 0 5 648 0 462 100 321 200 1233 300 798 400
1495 0 5 611 0 929 100 1113 200 194 300 386 400
1496 0 5 1428 0 1267 100 581 200 503 300 1075 400
1497 0 5 1117 0 949 100 1064 200 367 300 312 400
1498 0 5 290 0 272 100 1164 200 438 300 1410 400
1499 0 5 836 0 8 100 1462 200 307 300 325 400
1500 0 5 1037 0 1284 100 321 200 462 300 275 400
1501 0 5 804 0 510 100 803 200 1435 300 436 400
1502 0 5 11 0 240 100 604 200 400 300 798 400
1503 0 5 863 0 11 100 604 200 798 300 400 400
1504 0 5 863 0 489 100 604 200 400 300 798 400
1505 0 5 1087 0 489 100 604 200 400 300 798 400
1506 0 5 1087 0 784 100 604 200 400 300 798 400
1507 0 5 1415 0 784 100 604 200 400 300 798 400
1508 0 5 1415 0 714 100 604 200 400 300 798 400
1509 0 5 1374 0 714 100 604 200 400 300 798 400
1510 0 5 1374 0 1100 100 604 200 400 300 798 400
1511 0 5 1100 0 59 100 604 200 400 300 798 400
1512 0 5 59 0 448 100 604 200 400 300 798 400
1513 0 5 516 0 448 100 604 200 400 300 798 400
1514 0 5 516 0 1145 100 604 200 400 300 798 400
1515 0 5 1028 0 1145 100 604 200 400 300 798 400
1516 0 5 1028 0 1485 100 604 200 400 300 798 400
1517 0 5 556 0 1485 100 604 200 400 300 798 400
1518 0 5 1284 0 556 100 604 200 400 300 798 400
1519 0 5 1284 0 526 100 604 200 798 300 400 400
1520 0 5 1226 0 526 100 604 200 798 300 1500 400
1521 0 5 1226 0 1427 100 604 200 798 300 400 400
1522 0 5 1427 0 604 100 704 200 400 300 798 400
1523 0 5 1261 0 604 100 704 200 400 300 798 400
1524 0 5 1381 0 1261 100 604 200 400 300 798 400
1525 0 5 169 0 1381 100 604 200 400 300 798 400
1526 0 5 169 0 942 100 604 200 798 300 400 400
1527 0 5 942 0 1416 100 604 200 400 300 798 400
1528 0 5 540 0 1416 100 604 200 400 300 798 400
1529 0 5 1176 0 540 100 604 200 400 300 798 400
1530 0 5 1176 0 218 100 400 200 604 300 798 400
1531 0 5 504 0 218 100 400 200 604 300 798 400
1532 0 5 238 0 504 100 400 200 604 300 798 400
1533 0 5 238 0 21 100 604 200 400 300 798 400
1534 0 5 1365 0 21 100 604 200 400 300 798 400
1535 0 5 1365 0 400 100 435 200 604 300 798 400
1536 0 5 766 0 435 100 400 200 604 300 798 400
1537 0 5 766 0 400 100 604 200 798 300 321 400
1538 0 5 400 0 604 100 1057 200 798 300 1500 400
1539 0 5 400 0 1057 100 604 200 798 300 1436 400
1540 0 5 1223 0 400 100 604 200 798 300 1500 400
-1
EOF
