1541
1 0 5 1383 0 1387 100 1482 200 624 300 477 400
2 0 5 1179 0 1329 100 1172 200 863 300 1313 400
3 0 5 464 0 783 100 1231 200 682 300 23 400
4 0 5 772 0 553 100 509 200 750 300 1392 400
5 0 5 106 0 1239 100 235 200 52 300 1193 400
6 0 5 552 0 1074 100 1488 200 1211 300 33 400
7 0 5 167 0 500 100 638 200 855 300 548 400
8 0 5 1229 0 596 100 49 200 925 300 318 400
9 0 5 86 0 279 100 430 200 1011 300 226 400
10 0 5 1417 0 1145 100 867 200 1010 300 409 400
11 0 5 1285 0 796 100 29 200 913 300 457 400
12 0 5 200 0 224 100 239 200 553 300 509 400
13 0 5 610 0 59 100 582 200 1004 300 471 400
14 0 5 165 0 354 100 1196 200 1253 300 1259 400
15 0 5 214 0 520 100 358 200 322 300 143 400
16 0 5 1304 0 1427 100 1412 200 701 300 1161 400
17 0 5 113 0 695 100 1435 200 260 300 393 400
18 0 5 672 0 908 100 1404 200 698 300 1288 400
19 0 5 657 0 1492 100 427 200 616 300 187 400
20 0 5 1074 0 78 100 219 200 403 300 611 400
21 0 5 1493 0 1050 100 233 200 1428 300 75 400
22 0 5 1130 0 818 100 882 200 313 300 387 400
23 0 5 541 0 1356 100 783 200 636 300 464 400
24 0 5 376 0 195 100 436 200 1146 300 768 400
25 0 5 290 0 635 100 72 200 236 300 1171 400
26 0 5 1353 0 1287 100 1070 200 1194 300 1468 400
27 0 5 984 0 503 100 779 200 1429 300 306 400
28 0 5 1054 0 1114 100 1089 200 443 300 908 400
29 0 5 457 0 1198 100 11 200 1285 300 796 400
30 0 5 529 0 680 100 1109 200 1426 300 799 400
31 0 5 153 0 155 100 981 200 287 300 1197 400
32 0 5 1273 0 833 100 379 200 100 300 1481 400
33 0 5 129 0 301 100 1488 200 403 300 6 400
34 0 5 179 0 678 100 426 200 1471 300 893 400
35 0 5 728 0 849 100 896 200 656 300 672 400
36 0 5 1453 0 1266 100 844 200 166 300 852 400
37 0 5 1340 0 388 100 1143 200 645 300 397 400
38 0 5 111 0 384 100 162 200 864 300 1408 400
39 0 5 532 0 389 100 499 200 597 300 623 400
40 0 5 1354 0 847 100 985 200 871 300 915 400
41 0 5 1052 0 1357 100 206 200 177 300 154 400
42 0 5 526 0 140 100 1059 200 609 300 248 400
43 0 5 148 0 173 100 1457 200 804 300 990 400
44 0 5 264 0 450 100 369 200 442 300 1226 400
45 0 5 507 0 447 100 824 200 767 300 512 400
46 0 5 302 0 667 100 857 200 194 300 392 400
47 0 5 399 0 1146 100 195 200 96 300 138 400
48 0 5 1370 0 1176 100 506 200 1161 300 898 400
49 0 5 1045 0 1229 100 596 200 8 300 599 400
50 0 5 370 0 859 100 992 200 691 300 550 400
51 0 5 1128 0 681 100 156 200 1345 300 459 400
52 0 5 1352 0 400 100 106 200 235 300 688 400
53 0 5 1167 0 1140 100 702 200 478 300 491 400
54 0 5 862 0 1241 100 933 200 580 300 263 400
55 0 5 1454 0 60 100 125 200 745 300 77 400
56 0 5 892 0 1468 100 1282 200 1431 300 685 400
57 0 5 505 0 517 100 1014 200 1137 300 487 400
58 0 5 340 0 293 100 787 200 415 300 540 400
59 0 5 471 0 853 100 13 200 610 300 1030 400
60 0 5 55 0 77 100 1454 200 900 300 125 400
61 0 5 1258 0 708 100 1048 200 968 300 1093 400
62 0 5 1163 0 834 100 1473 200 582 300 1344 400
63 0 5 329 0 1127 100 1324 200 1455 300 316 400
64 0 5 780 0 305 100 821 200 571 300 189 400
65 0 5 199 0 840 100 155 200 931 300 831 400
66 0 5 228 0 1013 100 1416 200 760 300 928 400
67 0 5 135 0 361 100 1446 200 720 300 558 400
68 0 5 182 0 112 100 1302 200 217 300 997 400
69 0 5 519 0 1118 100 496 200 1348 300 120 400
70 0 5 1218 0 276 100 1283 200 1248 300 227 400
71 0 5 422 0 1102 100 943 200 365 300 4 400
72 0 5 635 0 1171 100 25 200 1445 300 236 400
73 0 5 1224 0 977 100 604 200 1083 300 1327 400
74 0 5 946 0 1256 100 1244 200 161 300 1172 400
75 0 5 127 0 1493 100 160 200 21 300 1094 400
76 0 5 717 0 1377 100 765 200 356 300 820 400
77 0 5 1019 0 60 100 900 200 1390 300 55 400
78 0 5 20 0 952 100 1356 200 219 300 611 400
79 0 5 1173 0 785 100 947 200 1002 300 443 400
80 0 5 1226 0 1290 100 572 200 369 300 1215 400
81 0 5 822 0 964 100 584 200 1303 300 659 400
82 0 5 872 0 657 100 1079 200 770 300 697 400
83 0 5 178 0 798 100 594 200 1297 300 421 400
84 0 5 855 0 518 100 100 200 638 300 344 400
85 0 5 1337 0 300 100 923 200 1101 300 1100 400
86 0 5 9 0 226 100 1011 200 50 300 370 400
87 0 5 1441 0 791 100 834 200 1163 300 1463 400
88 0 5 603 0 95 100 1424 200 1359 300 1192 400
89 0 5 752 0 237 100 911 200 1294 300 1401 400
90 0 5 1108 0 1380 100 1170 200 960 300 409 400
91 0 5 687 0 1332 100 1329 200 863 300 1467 400
92 0 5 580 0 1216 100 263 200 1364 300 933 400
93 0 5 1106 0 1128 100 1345 200 352 300 1028 400
94 0 5 857 0 823 100 272 200 46 300 1084 400
95 0 5 88 0 489 100 1192 200 1046 300 289 400
96 0 5 399 0 1101 100 195 200 47 300 955 400
97 0 5 1489 0 884 100 586 200 692 300 159 400
98 0 5 173 0 1067 100 939 200 671 300 699 400
99 0 5 761 0 890 100 576 200 146 300 1153 400
100 0 5 344 0 1273 100 833 200 84 300 378 400
101 0 5 1348 0 873 100 1110 200 118 300 334 400
102 0 5 1092 0 408 100 375 200 1375 300 294 400
103 0 5 1038 0 360 100 1389 200 631 300 174 400
104 0 5 359 0 217 100 1230 200 590 300 182 400
105 0 5 1350 0 382 100 813 200 261 300 1271 400
106 0 5 5 0 1193 100 52 200 235 300 1239 400
107 0 5 1040 0 994 100 899 200 762 300 1090 400
108 0 5 1416 0 407 100 1202 200 1026 300 744 400
109 0 5 707 0 149 100 328 200 704 300 1497 400
110 0 5 521 0 184 100 225 200 1373 300 1234 400
111 0 5 38 0 243 100 166 200 844 300 864 400
112 0 5 68 0 997 100 1302 200 1460 300 217 400
113 0 5 17 0 393 100 695 200 260 300 1435 400
114 0 5 691 0 531 100 1479 200 796 300 50 400
115 0 5 149 0 1120 100 591 200 116 300 328 400
116 0 5 115 0 244 100 704 200 1120 300 149 400
117 0 5 1053 0 1405 100 1211 200 962 300 1289 400
118 0 5 690 0 101 100 873 200 1110 300 547 400
119 0 5 785 0 1177 100 734 200 947 300 1411 400
120 0 5 1066 0 1158 100 919 200 242 300 1118 400
121 0 5 1140 0 1505 100 1504 200 478 300 539 400
122 0 5 496 0 1221 100 334 200 519 300 69 400
123 0 5 903 0 133 100 753 200 254 300 338 400
124 0 5 252 0 402 100 202 200 1444 300 1401 400
125 0 5 1292 0 1019 100 745 200 55 300 882 400
126 0 5 348 0 452 100 1359 200 1060 300 1192 400
127 0 5 1094 0 75 100 1493 200 1000 300 1355 400
128 0 5 261 0 313 100 813 200 818 300 1254 400
129 0 5 33 0 1477 100 301 200 846 300 900 400
130 0 5 592 0 414 100 1184 200 1105 300 1264 400
131 0 5 449 0 1383 100 1510 200 1509 300 333 400
132 0 5 845 0 1143 100 215 200 567 300 37 400
133 0 5 338 0 123 100 999 200 753 300 254 400
134 0 5 533 0 917 100 1295 200 1499 300 159 400
135 0 5 67 0 1046 100 558 200 680 300 468 400
136 0 5 273 0 574 100 280 200 380 300 1077 400
137 0 5 1233 0 530 100 157 200 998 300 614 400
138 0 5 701 0 768 100 1146 200 617 300 1304 400
139 0 5 1480 0 521 100 1371 200 110 300 1197 400
140 0 5 1178 0 1059 100 42 200 609 300 1019 400
141 0 5 981 0 1289 100 630 200 155 300 199 400
142 0 5 377 0 1379 100 812 200 214 300 358 400
143 0 5 973 0 492 100 607 200 322 300 15 400
144 0 5 1490 0 1124 100 978 200 898 300 1161 400
145 0 5 456 0 1378 100 562 200 1121 300 1493 400
146 0 5 754 0 890 100 99 200 564 300 881 400
147 0 5 474 0 303 100 1319 200 1169 300 1244 400
148 0 5 43 0 245 100 1457 200 681 300 990 400
149 0 5 115 0 109 100 328 200 116 300 704 400
150 0 5 1171 0 1252 100 363 200 1445 300 1069 400
151 0 5 684 0 965 100 843 200 832 300 1133 400
152 0 5 1297 0 220 100 1020 200 421 300 868 400
153 0 5 287 0 31 100 155 200 172 300 981 400
154 0 5 1357 0 177 100 41 200 1052 300 206 400
155 0 5 172 0 31 100 141 200 1289 300 153 400
156 0 5 660 0 1345 100 51 200 990 300 459 400
157 0 5 1126 0 1233 100 137 200 1029 300 829 400
158 0 5 1301 0 807 100 438 200 1158 300 885 400
159 0 5 1310 0 1295 100 528 200 134 300 917 400
160 0 5 1060 0 75 100 323 200 738 300 126 400
161 0 5 1256 0 946 100 74 200 359 300 212 400
162 0 5 966 0 929 100 384 200 238 300 38 400
163 0 5 397 0 793 100 270 200 812 300 1082 400
164 0 5 319 0 848 100 745 200 878 300 1217 400
165 0 5 506 0 14 100 1259 200 354 300 1219 400
166 0 5 711 0 844 100 1453 200 111 300 36 400
167 0 5 7 0 548 100 1206 200 795 300 524 400
168 0 5 1204 0 839 100 1351 200 355 300 1147 400
169 0 5 1482 0 1157 100 266 200 956 300 491 400
170 0 5 425 0 178 100 1382 200 352 300 1159 400
171 0 5 781 0 1116 100 286 200 57 300 1014 400
172 0 5 497 0 155 100 153 200 931 300 840 400
173 0 5 98 0 43 100 990 200 699 300 804 400
174 0 5 1038 0 1339 100 1389 200 257 300 944 400
175 0 5 1367 0 598 100 461 200 1055 300 1035 400
176 0 5 1138 0 893 100 678 200 1278 300 505 400
177 0 5 154 0 1067 100 41 200 729 300 206 400
178 0 5 83 0 170 100 1159 200 798 300 425 400
179 0 5 34 0 1496 100 627 200 426 300 1195 400
180 0 5 1185 0 641 100 465 200 1142 300 983 400
181 0 5 642 0 1236 100 475 200 523 300 1154 400
182 0 5 68 0 590 100 217 200 1302 300 104 400
183 0 5 1318 0 903 100 753 200 739 300 254 400
184 0 5 110 0 225 100 998 200 521 300 561 400
185 0 5 1084 0 714 100 1009 200 1474 300 1081 400
186 0 5 1092 0 1241 100 1300 200 294 300 102 400
187 0 5 616 0 629 100 770 200 427 300 697 400
188 0 5 1368 0 577 100 1422 200 927 300 816 400
189 0 5 841 0 1087 100 1374 200 571 300 64 400
190 0 5 535 0 1028 100 632 200 352 300 1106 400
191 0 5 1338 0 235 100 1239 200 1352 300 112 400
192 0 5 368 0 1392 100 1135 200 639 300 509 400
193 0 5 839 0 363 100 1351 200 740 300 1069 400
194 0 5 463 0 1483 100 46 200 1469 300 1384 400
195 0 5 24 0 47 100 399 200 96 300 376 400
196 0 5 306 0 1400 100 886 200 984 300 669 400
197 0 5 764 0 1148 100 404 200 842 300 1144 400
198 0 5 225 0 387 100 1373 200 1130 300 110 400
199 0 5 65 0 831 100 1289 200 141 300 155 400
200 0 5 391 0 12 100 655 200 441 300 239 400
201 0 5 1450 0 1367 100 1025 200 1343 300 250 400
202 0 5 1444 0 124 100 1294 200 1401 300 252 400
203 0 5 721 0 949 100 494 200 1486 300 755 400
204 0 5 221 0 1448 100 373 200 1203 300 406 400
205 0 5 1334 0 743 100 476 200 1276 300 1232 400
206 0 5 278 0 1052 100 41 200 729 300 1381 400
207 0 5 1025 0 913 100 250 200 1420 300 11 400
208 0 5 1347 0 346 100 1330 200 1328 300 958 400
209 0 5 935 0 372 100 639 200 416 300 1191 400
210 0 5 268 0 706 100 628 200 451 300 460 400
211 0 5 1299 0 370 100 430 200 226 300 992 400
212 0 5 600 0 359 100 1486 200 161 300 755 400
213 0 5 575 0 1068 100 528 200 749 300 1485 400
214 0 5 15 0 1379 100 555 200 377 300 520 400
215 0 5 1451 0 1005 100 845 200 241 300 132 400
216 0 5 663 0 1377 100 536 200 643 300 765 400
217 0 5 104 0 997 100 182 200 940 300 359 400
218 0 5 259 0 503 100 1164 200 1396 300 773 400
219 0 5 403 0 611 100 1074 200 78 300 20 400
220 0 5 1020 0 554 100 535 200 152 300 1129 400
221 0 5 353 0 204 100 599 200 1448 300 1203 400
222 0 5 1478 0 1098 100 835 200 1175 300 433 400
223 0 5 989 0 1124 100 978 200 905 300 1090 400
224 0 5 239 0 12 100 578 200 402 300 365 400
225 0 5 198 0 110 100 184 200 387 300 561 400
226 0 5 86 0 9 100 211 200 430 300 370 400
227 0 5 276 0 549 100 1255 200 330 300 70 400
228 0 5 928 0 66 100 1416 200 799 300 30 400
229 0 5 366 0 1458 100 972 200 470 300 1246 400
230 0 5 1423 0 490 100 290 200 703 300 1498 400
231 0 5 317 0 686 100 434 200 1317 300 1022 400
232 0 5 1090 0 1018 100 1043 200 1124 300 107 400
233 0 5 1050 0 1428 100 21 200 1223 300 987 400
234 0 5 1185 0 1027 100 740 200 1501 300 641 400
235 0 5 191 0 1239 100 52 200 1352 300 737 400
236 0 5 1498 0 290 100 635 200 25 300 1171 400
237 0 5 89 0 1440 100 1294 200 911 300 654 400
238 0 5 966 0 1485 100 1204 200 162 300 1408 400
239 0 5 441 0 224 100 12 200 696 300 200 400
240 0 5 1443 0 1327 100 700 200 867 300 1145 400
241 0 5 1075 0 454 100 957 200 215 300 1461 400
242 0 5 919 0 1158 100 1033 200 120 300 1376 400
243 0 5 1358 0 111 100 790 200 711 300 864 400
244 0 5 1198 0 704 100 116 200 1285 300 398 400
245 0 5 435 0 148 100 1457 200 1243 300 649 400
246 0 5 756 0 939 100 556 200 1067 300 729 400
247 0 5 1255 0 758 100 1288 200 907 300 227 400
248 0 5 480 0 941 100 609 200 1024 300 751 400
249 0 5 343 0 606 100 1266 200 433 300 298 400
250 0 5 398 0 1450 100 207 200 201 300 1285 400
251 0 5 1055 0 789 100 937 200 581 300 1227 400
252 0 5 124 0 1401 100 393 200 402 300 202 400
253 0 5 1002 0 1173 100 443 200 1177 300 79 400
254 0 5 508 0 350 100 123 200 903 300 803 400
255 0 5 432 0 1065 100 1183 200 806 300 364 400
256 0 5 830 0 1098 100 695 200 1435 300 433 400
257 0 5 381 0 522 100 1339 200 174 300 620 400
258 0 5 723 0 1362 100 356 200 752 300 911 400
259 0 5 218 0 1461 100 1182 200 557 300 957 400
260 0 5 870 0 732 100 1435 200 393 300 113 400
261 0 5 813 0 128 100 1350 200 105 300 797 400
262 0 5 413 0 1065 100 729 200 357 300 432 400
263 0 5 1306 0 933 100 92 200 54 300 385 400
264 0 5 44 0 450 100 369 200 1226 300 1290 400
265 0 5 975 0 969 100 1298 200 647 300 284 400
266 0 5 1104 0 1044 100 879 200 1115 300 1326 400
267 0 5 1470 0 1214 100 285 200 615 300 299 400
268 0 5 210 0 628 100 887 200 706 300 547 400
269 0 5 668 0 596 100 1369 200 925 300 599 400
270 0 5 602 0 793 100 163 200 812 300 377 400
271 0 5 640 0 1035 100 598 200 511 300 296 400
272 0 5 392 0 1084 100 94 200 1264 300 185 400
273 0 5 136 0 542 100 1297 200 574 300 280 400
274 0 5 438 0 991 100 1262 200 885 300 683 400
275 0 5 453 0 1043 100 488 200 1039 300 771 400
276 0 5 70 0 227 100 1248 200 549 300 378 400
277 0 5 646 0 689 100 523 200 1411 300 642 400
278 0 5 206 0 1381 100 1052 200 1386 300 729 400
279 0 5 1449 0 9 100 1011 200 1075 300 430 400
280 0 5 676 0 746 100 677 200 136 300 273 400
281 0 5 717 0 1358 100 356 200 711 300 111 400
282 0 5 325 0 505 100 893 200 57 300 286 400
283 0 5 1149 0 649 100 1228 200 757 300 364 400
284 0 5 1425 0 969 100 837 200 304 300 265 400
285 0 5 1407 0 615 100 601 200 267 300 716 400
286 0 5 781 0 171 100 1195 200 1496 300 325 400
287 0 5 1174 0 153 100 31 200 1442 300 1197 400
288 0 5 749 0 1351 100 1485 200 238 300 168 400
289 0 5 558 0 1046 100 489 200 1192 300 95 400
290 0 5 25 0 236 100 230 200 635 300 1423 400
291 0 5 764 0 1418 100 662 200 1311 300 404 400
292 0 5 953 0 1247 100 1459 200 675 300 543 400
293 0 5 58 0 540 100 787 200 340 300 863 400
294 0 5 1250 0 613 100 1300 200 186 300 102 400
295 0 5 1277 0 379 100 1280 200 488 300 771 400
296 0 5 1227 0 1055 100 1035 200 511 300 618 400
297 0 5 455 0 622 100 1276 200 894 300 927 400
298 0 5 433 0 1423 100 606 200 249 300 490 400
299 0 5 963 0 475 100 824 200 447 300 1132 400
300 0 5 485 0 85 100 923 200 949 300 1100 400
301 0 5 964 0 33 100 403 200 584 300 129 400
302 0 5 1105 0 46 100 414 200 392 300 1264 400
303 0 5 713 0 147 100 1201 200 1319 300 1462 400
304 0 5 659 0 1303 100 284 200 1425 300 837 400
305 0 5 309 0 821 100 64 200 1072 300 571 400
306 0 5 984 0 196 100 886 200 503 300 27 400
307 0 5 1265 0 1048 100 1258 200 444 300 61 400
308 0 5 808 0 367 100 1142 200 685 300 1472 400
309 0 5 305 0 926 100 821 200 1030 300 1473 400
310 0 5 826 0 566 100 1115 200 897 300 1296 400
311 0 5 468 0 1314 100 954 200 1475 300 135 400
312 0 5 896 0 886 100 1057 200 35 300 827 400
313 0 5 818 0 128 100 882 200 22 300 1238 400
314 0 5 380 0 1051 100 1452 200 621 300 482 400
315 0 5 1212 0 1292 100 895 200 1059 300 1238 400
316 0 5 739 0 1455 100 350 200 1189 300 679 400
317 0 5 1317 0 231 100 686 200 403 300 964 400
318 0 5 341 0 925 100 678 200 1229 300 8 400
319 0 5 164 0 1371 100 1217 200 1234 300 1197 400
320 0 5 1326 0 938 100 775 200 577 300 1111 400
321 0 5 1165 0 1063 100 790 200 1275 300 658 400
322 0 5 15 0 973 100 358 200 143 300 544 400
323 0 5 1000 0 1409 100 160 200 127 300 1073 400
324 0 5 1246 0 1160 100 1023 200 1458 300 563 400
325 0 5 282 0 426 100 1496 200 893 300 286 400
326 0 5 1125 0 1426 100 720 200 799 300 1341 400
327 0 5 1216 0 1503 100 1504 200 440 300 1306 400
328 0 5 109 0 591 100 149 200 707 300 115 400
329 0 5 1127 0 63 100 1455 200 1189 300 316 400
330 0 5 1288 0 1255 100 227 200 549 300 849 400
331 0 5 467 0 1436 100 561 200 1233 300 387 400
332 0 5 776 0 741 100 458 200 860 300 750 400
333 0 5 1391 0 131 100 449 200 1397 300 121 400
334 0 5 973 0 122 100 101 200 496 300 873 400
335 0 5 449 0 1076 100 714 200 477 300 1009 400
336 0 5 692 0 1051 100 932 200 1360 300 917 400
337 0 5 944 0 381 100 174 200 257 300 727 400
338 0 5 133 0 1123 100 1281 200 754 300 123 400
339 0 5 537 0 410 100 1413 200 1017 300 600 400
340 0 5 58 0 415 100 293 200 1222 300 1179 400
341 0 5 318 0 869 100 925 200 383 300 668 400
342 0 5 345 0 1346 100 531 200 114 300 1181 400
343 0 5 249 0 1435 100 1266 200 433 300 830 400
344 0 5 546 0 100 100 1273 200 638 300 84 400
345 0 5 342 0 859 100 1346 200 114 300 550 400
346 0 5 958 0 208 100 1347 200 637 300 61 400
347 0 5 1270 0 690 100 1110 200 919 300 1033 400
348 0 5 1293 0 126 100 1078 200 452 300 1192 400
349 0 5 1005 0 567 100 1449 200 279 300 1001 400
350 0 5 679 0 254 100 739 200 316 300 1318 400
351 0 5 386 0 1434 100 1139 200 1257 300 1085 400
352 0 5 1129 0 1128 100 170 200 1106 300 190 400
353 0 5 221 0 599 100 1448 200 1045 300 49 400
354 0 5 14 0 1196 100 1259 200 362 300 1188 400
355 0 5 1147 0 1204 100 1408 200 168 300 852 400
356 0 5 820 0 723 100 258 200 76 300 281 400
357 0 5 413 0 1275 100 1235 200 262 300 729 400
358 0 5 602 0 1349 100 960 200 15 300 322 400
359 0 5 104 0 1230 100 212 200 217 300 161 400
360 0 5 1331 0 1414 100 103 200 800 300 1389 400
361 0 5 720 0 1446 100 67 200 558 300 135 400
362 0 5 1103 0 1196 100 564 200 1188 300 1259 400
363 0 5 1069 0 150 100 839 200 193 300 1252 400
364 0 5 1228 0 806 100 1183 200 283 300 1149 400
365 0 5 1102 0 578 100 970 200 828 300 224 400
366 0 5 229 0 972 100 470 200 479 300 794 400
367 0 5 685 0 308 100 808 200 892 300 902 400
368 0 5 1091 0 192 100 509 200 553 300 1135 400
369 0 5 1226 0 442 100 572 200 44 300 734 400
370 0 5 992 0 50 100 211 200 86 300 226 400
371 0 5 1003 0 601 100 428 200 1190 300 1209 400
372 0 5 1463 0 209 100 390 200 1008 300 551 400
373 0 5 406 0 1448 100 204 200 1203 300 678 400
374 0 5 906 0 1388 100 953 200 778 300 922 400
375 0 5 909 0 1375 100 735 200 102 300 408 400
376 0 5 24 0 436 100 195 200 1101 300 399 400
377 0 5 142 0 812 100 602 200 270 300 214 400
378 0 5 1248 0 1107 100 1283 200 833 300 84 400
379 0 5 488 0 295 100 32 200 833 300 1280 400
380 0 5 574 0 1305 100 621 200 314 300 136 400
381 0 5 337 0 257 100 944 200 174 300 727 400
382 0 5 105 0 829 100 813 200 1029 300 710 400
383 0 5 817 0 869 100 1471 200 341 300 34 400
384 0 5 38 0 929 100 162 200 864 300 111 400
385 0 5 587 0 1474 100 439 200 613 300 1306 400
386 0 5 351 0 1257 100 1107 200 378 300 1434 400
387 0 5 198 0 1436 100 1130 200 225 300 561 400
388 0 5 625 0 37 100 397 200 1143 300 825 400
389 0 5 532 0 623 100 39 200 888 300 499 400
390 0 5 1008 0 1463 100 372 200 1163 300 1260 400
391 0 5 200 0 1091 100 719 200 12 300 509 400
392 0 5 272 0 1264 100 302 200 46 300 94 400
393 0 5 113 0 252 100 260 200 870 300 726 400
394 0 5 446 0 1299 100 461 200 1494 300 918 400
395 0 5 737 0 1352 100 788 200 670 300 52 400
396 0 5 1174 0 1442 100 1480 200 172 300 287 400
397 0 5 163 0 388 100 1287 200 37 300 270 400
398 0 5 1285 0 250 100 704 200 244 300 1450 400
399 0 5 96 0 47 100 195 200 1146 300 1101 400
400 0 5 1193 0 52 100 688 200 1058 300 737 400
401 0 5 1412 0 1370 100 1161 200 506 300 1176 400
402 0 5 828 0 124 100 578 200 252 300 1444 400
403 0 5 219 0 611 100 33 200 301 300 1074 400
404 0 5 1034 0 1017 100 811 200 1413 300 1418 400
405 0 5 573 0 1139 100 1394 200 949 300 1199 400
406 0 5 373 0 1203 100 1045 200 678 300 1448 400
407 0 5 1416 0 108 100 744 200 760 300 1004 400
408 0 5 1375 0 102 100 735 200 375 300 1092 400
409 0 5 1279 0 910 100 1108 200 1010 300 10 400
410 0 5 537 0 339 100 940 200 1413 300 670 400
411 0 5 988 0 514 100 942 200 486 300 853 400
412 0 5 1499 0 1016 100 815 200 917 300 336 400
413 0 5 357 0 262 100 432 200 1456 300 1235 400
414 0 5 1264 0 130 100 302 200 1105 300 986 400
415 0 5 340 0 1267 100 1222 200 1152 300 995 400
416 0 5 1372 0 889 100 1026 200 1260 300 799 400
417 0 5 769 0 1396 100 1320 200 424 300 792 400
418 0 5 1061 0 585 100 650 200 473 300 1076 400
419 0 5 976 0 924 100 1274 200 666 300 486 400
420 0 5 1263 0 914 100 1323 200 609 300 1024 400
421 0 5 1297 0 152 100 1433 200 83 300 574 400
422 0 5 71 0 970 100 1102 200 365 300 578 400
423 0 5 1031 0 883 100 767 200 595 300 525 400
424 0 5 1006 0 769 100 1396 200 417 300 1330 400
425 0 5 170 0 1382 100 1159 200 178 300 435 400
426 0 5 325 0 893 100 34 200 1496 300 179 400
427 0 5 616 0 19 100 657 200 671 300 1220 400
428 0 5 1152 0 1267 100 371 200 1003 300 716 400
429 0 5 1414 0 778 100 880 200 502 300 631 400
430 0 5 446 0 1449 100 9 200 211 300 226 400
431 0 5 980 0 483 100 592 200 272 300 1308 400
432 0 5 255 0 1456 100 413 200 262 300 1235 400
433 0 5 298 0 830 100 249 200 1423 300 606 400
434 0 5 1317 0 659 100 1022 200 231 300 686 400
435 0 5 245 0 1243 100 1382 200 170 300 148 400
436 0 5 376 0 24 100 1144 200 1101 300 445 400
437 0 5 513 0 1404 100 698 200 474 300 1169 400
438 0 5 274 0 683 100 605 200 158 300 784 400
439 0 5 809 0 613 100 1137 200 1474 300 483 400
440 0 5 1503 0 1502 100 1037 200 327 300 797 400
441 0 5 655 0 239 100 696 200 967 300 200 400
442 0 5 369 0 1177 100 734 200 44 300 443 400
443 0 5 1177 0 253 100 28 200 1173 300 442 400
444 0 5 1328 0 1048 100 307 200 1429 300 669 400
445 0 5 842 0 811 100 485 200 436 300 755 400
446 0 5 394 0 430 100 461 200 992 300 211 400
447 0 5 824 0 45 100 963 200 299 300 1132 400
448 0 5 1253 0 484 100 1464 200 682 300 1196 400
449 0 5 131 0 335 100 1076 200 477 300 1517 400
450 0 5 44 0 1162 100 264 200 1290 300 1215 400
451 0 5 651 0 460 100 916 200 1501 300 706 400
452 0 5 738 0 126 100 1293 200 348 300 1060 400
453 0 5 275 0 488 100 771 200 1039 300 1043 400
454 0 5 241 0 957 100 1075 200 1461 300 1182 400
455 0 5 297 0 621 100 1433 200 1305 300 1077 400
456 0 5 145 0 562 100 694 200 1363 300 1121 400
457 0 5 29 0 795 100 796 200 11 300 524 400
458 0 5 1205 0 560 100 750 200 332 300 772 400
459 0 5 990 0 681 100 156 200 51 300 699 400
460 0 5 706 0 451 100 651 200 538 300 916 400
461 0 5 175 0 598 100 446 200 1367 300 918 400
462 0 5 1014 0 904 100 517 200 1137 300 612 400
463 0 5 194 0 1469 100 46 200 499 300 1483 400
464 0 5 3 0 636 100 682 200 23 300 1298 400
465 0 5 644 0 1286 100 808 200 1142 300 180 400
466 0 5 634 0 1272 100 1206 200 1225 300 1251 400
467 0 5 1254 0 331 100 1233 200 1436 300 157 400
468 0 5 311 0 1314 100 135 200 680 300 469 400
469 0 5 858 0 529 100 666 200 680 300 1475 400
470 0 5 547 0 1246 100 690 200 366 300 229 400
471 0 5 760 0 59 100 13 200 1004 300 407 400
472 0 5 1136 0 1353 100 1410 200 709 300 1340 400
473 0 5 675 0 1186 100 731 200 1459 300 650 400
474 0 5 1169 0 147 100 437 200 1319 300 698 400
475 0 5 1236 0 540 100 299 200 995 300 181 400
476 0 5 1276 0 936 100 838 200 622 300 205 400
477 0 5 1474 0 449 100 335 200 714 300 131 400
478 0 5 1240 0 1140 100 1514 200 1515 300 539 400
479 0 5 972 0 366 100 1245 200 588 300 1447 400
480 0 5 248 0 777 100 751 200 941 300 618 400
481 0 5 862 0 1155 100 1364 200 580 300 735 400
482 0 5 1051 0 1422 100 927 200 314 300 815 400
483 0 5 431 0 592 100 493 200 439 300 1308 400
484 0 5 448 0 1464 100 993 200 1231 300 682 400
485 0 5 300 0 755 100 445 200 811 300 923 400
486 0 5 988 0 924 100 411 200 419 300 1245 400
487 0 5 1116 0 501 100 1014 200 57 300 1137 400
488 0 5 453 0 379 100 295 200 275 300 771 400
489 0 5 1046 0 95 100 289 200 1192 300 88 400
490 0 5 703 0 230 100 852 200 1423 300 606 400
491 0 5 879 0 1140 100 53 200 1482 300 169 400
492 0 5 607 0 143 100 1316 200 973 300 538 400
493 0 5 501 0 483 100 1137 200 592 300 1014 400
494 0 5 1394 0 203 100 721 200 498 300 1486 400
495 0 5 725 0 866 100 1430 200 1322 300 1312 400
496 0 5 519 0 122 100 69 200 1221 300 334 400
497 0 5 172 0 931 100 155 200 840 300 199 400
498 0 5 875 0 1342 100 494 200 1394 300 979 400
499 0 5 623 0 597 100 39 200 389 300 1384 400
500 0 5 638 0 7 100 974 200 548 300 1249 400
501 0 5 493 0 487 100 1195 200 1014 300 592 400
502 0 5 922 0 778 100 429 200 554 300 906 400
503 0 5 27 0 218 100 779 200 1006 300 1330 400
504 0 5 1100 0 1465 100 1434 200 1139 300 300 400
505 0 5 282 0 57 100 612 200 893 300 517 400
506 0 5 165 0 898 100 1176 200 1490 300 856 400
507 0 5 810 0 45 100 883 200 767 300 447 400
508 0 5 961 0 254 100 803 200 679 300 350 400
509 0 5 553 0 1091 100 368 200 4 300 12 400
510 0 5 850 0 1431 100 1282 200 1296 300 633 400
511 0 5 777 0 618 100 1513 200 1514 300 748 400
512 0 5 1154 0 747 100 824 200 646 300 45 400
513 0 5 437 0 1404 100 1054 200 1307 300 443 400
514 0 5 853 0 411 100 1072 200 988 300 1030 400
515 0 5 937 0 593 100 579 200 581 300 251 400
516 0 5 708 0 637 100 608 200 958 300 1365 400
517 0 5 612 0 57 100 462 200 1014 300 505 400
518 0 5 1283 0 84 100 1272 200 855 300 1206 400
519 0 5 69 0 496 100 1118 200 122 300 1221 400
520 0 5 15 0 651 100 538 200 607 300 1379 400
521 0 5 139 0 110 100 184 200 1234 300 225 400
522 0 5 1150 0 257 100 534 200 763 300 930 400
523 0 5 642 0 1154 100 646 200 277 300 181 400
524 0 5 1206 0 796 100 855 200 1251 300 795 400
525 0 5 1315 0 689 100 595 200 1031 300 901 400
526 0 5 42 0 1403 100 609 200 140 300 751 400
527 0 5 1071 0 534 100 763 200 1369 300 1080 400
528 0 5 1310 0 966 100 159 200 1068 300 213 400
529 0 5 30 0 680 100 469 200 1013 300 858 400
530 0 5 1402 0 561 100 137 200 1233 300 614 400
531 0 5 342 0 114 100 1479 200 1181 300 934 400
532 0 5 39 0 389 100 888 200 817 300 1064 400
533 0 5 134 0 1295 100 1068 200 917 300 159 400
534 0 5 763 0 527 100 522 200 1071 300 930 400
535 0 5 190 0 1129 100 632 200 950 300 352 400
536 0 5 1476 0 643 100 216 200 663 300 1377 400
537 0 5 410 0 339 100 1017 200 940 300 600 400
538 0 5 651 0 607 100 520 200 460 300 492 400
539 0 5 1506 0 1507 100 1240 200 478 300 121 400
540 0 5 293 0 787 100 475 200 1236 300 995 400
541 0 5 23 0 952 100 1356 200 783 300 736 400
542 0 5 594 0 273 100 677 200 1297 300 136 400
543 0 5 1247 0 861 100 673 200 292 300 675 400
544 0 5 1108 0 910 100 1170 200 1221 300 409 400
545 0 5 1041 0 1363 100 1141 200 1121 300 854 400
546 0 5 344 0 638 100 1481 200 1273 300 84 400
547 0 5 470 0 690 100 563 200 118 300 1246 400
548 0 5 795 0 167 100 500 200 638 300 457 400
549 0 5 1021 0 227 100 849 200 330 300 1261 400
550 0 5 1237 0 859 100 1346 200 50 300 345 400
551 0 5 1008 0 1260 100 390 200 372 300 889 400
552 0 5 1053 0 6 100 1074 200 1211 300 1488 400
553 0 5 509 0 4 100 12 200 1091 300 192 400
554 0 5 950 0 220 100 502 200 1414 300 922 400
555 0 5 1379 0 1070 100 1194 200 214 300 786 400
556 0 5 565 0 246 100 804 200 939 300 729 400
557 0 5 1182 0 1237 100 1011 200 259 300 1075 400
558 0 5 289 0 1446 100 135 200 730 300 1192 400
559 0 5 1395 0 1117 100 1007 200 1155 300 481 400
560 0 5 943 0 458 100 772 200 1361 300 750 400
561 0 5 530 0 1436 100 998 200 387 300 137 400
562 0 5 819 0 652 100 456 200 145 300 1378 400
563 0 5 1246 0 1415 100 324 200 547 300 470 400
564 0 5 1188 0 362 100 1103 200 146 300 1123 400
565 0 5 556 0 729 100 804 200 1134 300 806 400
566 0 5 310 0 1115 100 1167 200 702 300 897 400
567 0 5 1005 0 349 100 1240 200 845 300 132 400
568 0 5 885 0 1437 100 1262 200 652 300 1066 400
569 0 5 662 0 1144 100 1148 200 842 300 768 400
570 0 5 951 0 1315 100 901 200 987 300 525 400
571 0 5 712 0 877 100 189 200 305 300 1458 400
572 0 5 734 0 1226 100 369 200 80 300 1290 400
573 0 5 405 0 1199 100 1394 200 1139 300 713 400
574 0 5 380 0 136 100 1305 200 1433 300 421 400
575 0 5 213 0 1485 100 749 200 528 300 238 400
576 0 5 905 0 912 100 99 200 1153 300 761 400
577 0 5 775 0 188 100 320 200 1111 300 927 400
578 0 5 828 0 365 100 402 200 224 300 1444 400
579 0 5 1497 0 515 100 707 200 789 300 1343 400
580 0 5 92 0 862 100 481 200 1364 300 54 400
581 0 5 251 0 593 100 515 200 1032 300 1189 400
582 0 5 1344 0 1163 100 13 200 1004 300 62 400
583 0 5 742 0 868 100 906 200 1020 300 1232 400
584 0 5 81 0 1390 100 1303 200 822 300 301 400
585 0 5 1210 0 1076 100 1009 200 418 300 823 400
586 0 5 884 0 97 100 692 200 1360 300 336 400
587 0 5 385 0 1474 100 449 200 131 300 477 400
588 0 5 1447 0 924 100 479 200 794 300 1301 400
589 0 5 821 0 834 100 1473 200 926 300 309 400
590 0 5 876 0 182 100 1302 200 104 300 1230 400
591 0 5 1153 0 115 100 328 200 961 300 1120 400
592 0 5 130 0 483 100 493 200 431 300 1081 400
593 0 5 1189 0 1032 100 515 200 1127 300 581 400
594 0 5 542 0 798 100 83 200 1297 300 677 400
595 0 5 767 0 689 100 1031 200 525 300 747 400
596 0 5 8 0 269 100 925 200 49 300 599 400
597 0 5 1469 0 499 100 39 200 724 300 1384 400
598 0 5 175 0 640 100 461 200 1035 300 271 400
599 0 5 1208 0 353 100 596 200 49 300 1369 400
600 0 5 212 0 1017 100 339 200 359 300 537 400
601 0 5 1470 0 371 100 285 200 428 300 716 400
602 0 5 1349 0 270 100 358 200 377 300 1380 400
603 0 5 1424 0 88 100 1046 200 1359 300 489 400
604 0 5 1327 0 73 100 977 200 1224 300 1347 400
605 0 5 683 0 784 100 438 200 802 300 891 400
606 0 5 1266 0 249 100 298 200 433 300 490 400
607 0 5 492 0 538 100 520 200 143 300 15 400
608 0 5 1036 0 1365 100 694 200 708 300 516 400
609 0 5 914 0 248 100 42 200 140 300 420 400
610 0 5 1030 0 13 100 59 200 926 300 471 400
611 0 5 219 0 736 100 686 200 403 300 78 400
612 0 5 1213 0 517 100 505 200 57 300 462 400
613 0 5 1300 0 294 100 439 200 385 300 1250 400
614 0 5 998 0 1402 100 137 200 530 300 561 400
615 0 5 1214 0 1132 100 285 200 299 300 447 400
616 0 5 187 0 427 100 629 200 1220 300 19 400
617 0 5 955 0 1336 100 1277 200 138 300 47 400
618 0 5 511 0 665 100 941 200 648 300 777 400
619 0 5 1484 0 733 100 959 200 1175 300 1374 400
620 0 5 1150 0 920 100 1339 200 623 300 880 400
621 0 5 380 0 455 100 1305 200 314 300 136 400
622 0 5 1276 0 838 100 297 200 894 300 476 400
623 0 5 499 0 389 100 888 200 620 300 39 400
624 0 5 956 0 1397 100 1432 200 1140 300 333 400
625 0 5 388 0 825 100 1082 200 1143 300 1083 400
626 0 5 1271 0 797 100 1037 200 1466 300 440 400
627 0 5 724 0 179 100 1471 200 986 300 1195 400
628 0 5 887 0 268 100 916 200 1415 300 210 400
629 0 5 770 0 187 100 1345 200 697 300 616 400
630 0 5 1289 0 141 100 1122 200 1197 300 1217 400
631 0 5 880 0 920 100 103 200 1414 300 1038 400
632 0 5 782 0 950 100 190 200 800 300 535 400
633 0 5 1468 0 850 100 1431 200 510 300 1296 400
634 0 5 466 0 1206 100 1479 200 1251 300 851 400
635 0 5 72 0 25 100 236 200 1171 300 290 400
636 0 5 865 0 464 100 23 200 975 300 1298 400
637 0 5 516 0 958 100 346 200 708 300 1365 400
638 0 5 500 0 7 100 546 200 855 300 84 400
639 0 5 1191 0 1135 100 935 200 741 300 1291 400
640 0 5 598 0 271 100 918 200 1494 300 1001 400
641 0 5 1185 0 180 100 1501 200 234 300 465 400
642 0 5 523 0 181 100 1411 200 277 300 689 400
643 0 5 1042 0 536 100 216 200 765 300 1377 400
644 0 5 808 0 465 100 1286 200 367 300 902 400
645 0 5 709 0 653 100 845 200 37 300 1143 400
646 0 5 747 0 277 100 523 200 1154 300 512 400
647 0 5 753 0 1298 100 969 200 1455 300 265 400
648 0 5 1333 0 941 100 618 200 1024 300 248 400
649 0 5 1134 0 283 100 1228 200 1243 300 1457 400
650 0 5 1061 0 1186 100 418 200 473 300 1210 400
651 0 5 538 0 451 100 520 200 460 300 706 400
652 0 5 1437 0 562 100 1010 200 1417 300 568 400
653 0 5 1340 0 645 100 709 200 37 300 388 400
654 0 5 1294 0 664 100 237 200 1440 300 1399 400
655 0 5 967 0 441 100 200 200 696 300 12 400
656 0 5 728 0 1114 100 35 200 896 300 1400 400
657 0 5 19 0 82 100 427 200 770 300 1492 400
658 0 5 663 0 1165 100 321 200 948 300 1377 400
659 0 5 304 0 434 100 1022 200 1303 300 81 400
660 0 5 156 0 1220 100 1345 200 699 300 51 400
661 0 5 912 0 1040 100 1151 200 1090 300 1153 400
662 0 5 569 0 1148 100 768 200 1058 300 1418 400
663 0 5 658 0 216 100 536 200 1377 300 948 400
664 0 5 1399 0 654 100 1042 200 1440 300 89 400
665 0 5 618 0 251 100 941 200 1227 300 648 400
666 0 5 858 0 1475 100 469 200 1274 300 419 400
667 0 5 1483 0 857 100 46 200 722 300 1247 400
668 0 5 269 0 925 100 869 200 341 300 596 400
669 0 5 1429 0 779 100 1328 200 196 300 1400 400
670 0 5 940 0 788 100 997 200 395 300 1352 400
671 0 5 1492 0 699 100 1220 200 427 300 98 400
672 0 5 18 0 728 100 1288 200 849 300 908 400
673 0 5 861 0 857 100 1210 200 543 300 823 400
674 0 5 1168 0 1079 100 727 200 1086 300 1112 400
675 0 5 473 0 1459 100 292 200 543 300 1334 400
676 0 5 1500 0 280 100 677 200 746 300 1149 400
677 0 5 1159 0 798 100 676 200 542 300 280 400
678 0 5 34 0 1203 100 1229 200 406 300 318 400
679 0 5 1189 0 350 100 316 200 254 300 593 400
680 0 5 529 0 30 100 1426 200 135 300 469 400
681 0 5 459 0 51 100 148 200 352 300 156 400
682 0 5 999 0 1231 100 993 200 1281 300 1464 400
683 0 5 605 0 438 100 1000 200 784 300 274 400
684 0 5 151 0 1309 100 843 200 965 300 1080 400
685 0 5 892 0 367 100 308 200 1282 300 1472 400
686 0 5 231 0 611 100 736 200 317 300 865 400
687 0 5 1467 0 91 100 1495 200 1244 300 1329 400
688 0 5 1058 0 400 100 52 200 1193 300 788 400
689 0 5 525 0 277 100 901 200 595 300 1411 400
690 0 5 118 0 347 100 547 200 470 300 1270 400
691 0 5 114 0 913 100 50 200 1420 300 11 400
692 0 5 336 0 586 100 97 200 159 300 134 400
693 0 5 804 0 1134 100 1457 200 565 300 649 400
694 0 5 1036 0 1365 100 1093 200 608 300 1363 400
695 0 5 17 0 256 100 1098 200 1435 300 113 400
696 0 5 967 0 996 100 441 200 239 300 655 400
697 0 5 770 0 1056 100 1086 200 629 300 82 400
698 0 5 1319 0 437 100 1404 200 474 300 18 400
699 0 5 671 0 1220 100 990 200 173 300 1492 400
700 0 5 1145 0 1443 100 240 200 958 300 608 400
701 0 5 1304 0 138 100 1427 200 16 300 617 400
702 0 5 897 0 1167 100 566 200 53 300 1140 400
703 0 5 1119 0 1498 100 490 200 230 300 945 400
704 0 5 1497 0 1343 100 244 200 116 300 109 400
705 0 5 1007 0 814 100 871 200 1117 300 1395 400
706 0 5 210 0 460 100 916 200 451 300 1316 400
707 0 5 109 0 1497 100 579 200 328 300 704 400
708 0 5 516 0 1365 100 61 200 608 300 1093 400
709 0 5 1207 0 1136 100 645 200 653 300 1240 400
710 0 5 847 0 1126 100 985 200 829 300 382 400
711 0 5 166 0 844 100 1453 200 243 300 111 400
712 0 5 1160 0 1087 100 571 200 1458 300 189 400
713 0 5 303 0 1342 100 147 200 1394 300 498 400
714 0 5 1076 0 185 100 1009 200 335 300 477 400
715 0 5 1302 0 1460 100 112 200 68 300 182 400
716 0 5 995 0 1407 100 1222 200 428 300 285 400
717 0 5 281 0 76 100 1358 200 356 300 1377 400
718 0 5 1203 0 1278 100 678 200 1138 300 406 400
719 0 5 1291 0 791 100 1441 200 391 300 935 400
720 0 5 1125 0 361 100 67 200 326 300 680 400
721 0 5 203 0 1394 100 494 200 573 300 498 400
722 0 5 1247 0 1388 100 1384 200 667 300 953 400
723 0 5 356 0 258 100 820 200 1362 300 911 400
724 0 5 986 0 1471 100 627 200 302 300 597 400
725 0 5 1312 0 495 100 810 200 1341 300 1430 400
726 0 5 959 0 996 100 733 200 393 300 696 400
727 0 5 1112 0 944 100 674 200 1079 300 1099 400
728 0 5 35 0 656 100 672 200 1114 300 849 400
729 0 5 565 0 206 100 1386 200 556 300 262 400
730 0 5 1166 0 1078 100 1192 200 348 300 1322 400
731 0 5 1186 0 936 100 1062 200 1366 300 473 400
732 0 5 1095 0 870 100 260 200 1435 300 752 400
733 0 5 959 0 619 100 996 200 726 300 696 400
734 0 5 1177 0 572 100 442 200 369 300 119 400
735 0 5 1155 0 1375 100 375 200 408 300 862 400
736 0 5 1356 0 611 100 686 200 865 300 636 400
737 0 5 395 0 1352 100 788 200 52 300 670 400
738 0 5 452 0 1060 100 126 200 160 300 75 400
739 0 5 316 0 1318 100 350 200 903 300 183 400
740 0 5 1069 0 234 100 193 200 150 300 363 400
741 0 5 1438 0 332 100 639 200 776 300 750 400
742 0 5 583 0 868 100 1232 200 906 300 1020 400
743 0 5 1269 0 1276 100 1077 200 205 300 476 400
744 0 5 1004 0 1202 100 407 200 108 300 1416 400
745 0 5 164 0 125 100 1130 200 1373 300 848 400
746 0 5 280 0 1360 100 676 200 884 300 1149 400
747 0 5 512 0 646 100 1154 200 595 300 277 400
748 0 5 1509 0 1403 100 751 200 1508 300 777 400
749 0 5 288 0 1485 100 575 200 213 300 238 400
750 0 5 1392 0 772 100 1135 200 943 300 458 400
751 0 5 777 0 748 100 1512 200 1511 300 480 400
752 0 5 89 0 1401 100 1095 200 911 300 258 400
753 0 5 647 0 183 100 123 200 1298 300 903 400
754 0 5 146 0 1123 100 881 200 338 300 564 400
755 0 5 485 0 1486 100 1034 200 811 300 445 400
756 0 5 246 0 939 100 1067 200 556 300 729 400
757 0 5 1500 0 1149 100 1243 200 283 300 677 400
758 0 5 247 0 1462 100 907 200 1201 300 1199 400
759 0 5 854 0 987 100 1223 200 951 300 119 400
760 0 5 471 0 407 100 1416 200 1004 300 66 400
761 0 5 99 0 1398 100 905 200 576 300 890 400
762 0 5 1481 0 899 100 1043 200 107 300 994 400
763 0 5 534 0 527 100 1080 200 1133 300 843 400
764 0 5 291 0 197 100 662 200 1148 300 1418 400
765 0 5 1377 0 1042 100 76 200 643 300 216 400
766 0 5 1242 0 1508 100 1507 200 1001 300 539 400
767 0 5 595 0 1031 100 883 200 45 300 423 400
768 0 5 1146 0 138 100 662 200 569 300 24 400
769 0 5 417 0 424 100 1396 200 1330 300 1006 400
770 0 5 697 0 629 100 187 200 82 300 657 400
771 0 5 1097 0 453 100 1039 200 488 300 1043 400
772 0 5 4 0 750 100 943 200 1392 300 560 400
773 0 5 1284 0 886 100 934 200 1057 300 218 400
774 0 5 1086 0 1389 100 1112 200 1056 300 944 400
775 0 5 577 0 1104 100 320 200 894 300 1015 400
776 0 5 332 0 1135 100 750 200 639 300 741 400
777 0 5 480 0 511 100 751 200 748 300 618 400
778 0 5 429 0 502 100 1388 200 922 300 374 400
779 0 5 1330 0 984 100 669 200 503 300 1328 400
780 0 5 64 0 821 100 834 200 967 300 696 400
781 0 5 286 0 171 100 1195 200 1116 300 1496 400
782 0 5 1056 0 632 100 800 200 1106 300 93 400
783 0 5 1231 0 3 100 23 200 952 300 484 400
784 0 5 802 0 605 100 891 200 1301 300 683 400
785 0 5 79 0 119 100 947 200 1173 300 1177 400
786 0 5 902 0 1194 100 555 200 1286 300 367 400
787 0 5 540 0 947 100 293 200 863 300 1236 400
788 0 5 670 0 395 100 737 200 1311 300 688 400
789 0 5 937 0 1055 100 251 200 579 300 515 400
790 0 5 1063 0 321 100 243 200 864 300 1358 400
791 0 5 1441 0 719 100 87 200 935 300 1291 400
792 0 5 971 0 417 100 805 200 1320 300 769 400
793 0 5 163 0 270 100 1082 200 812 300 397 400
794 0 5 1447 0 1376 100 1270 200 366 300 479 400
795 0 5 548 0 457 100 167 200 524 300 11 400
796 0 5 524 0 11 100 913 200 1251 300 457 400
797 0 5 626 0 1513 100 1512 200 1037 300 1350 400
798 0 5 83 0 594 100 1159 200 677 300 178 400
799 0 5 1109 0 1426 100 1372 200 30 300 928 400
800 0 5 1331 0 1389 100 360 200 782 300 1056 400
801 0 5 914 0 1303 100 420 200 304 300 584 400
802 0 5 784 0 891 100 605 200 683 300 1301 400
803 0 5 881 0 961 100 254 200 508 300 591 400
804 0 5 693 0 939 100 556 200 1457 300 565 400
805 0 5 1113 0 1083 100 1224 200 971 300 792 400
806 0 5 1065 0 364 100 1228 200 255 300 1134 400
807 0 5 1158 0 158 100 1066 200 242 300 120 400
808 0 5 644 0 308 100 367 200 1286 300 465 400
809 0 5 1308 0 1081 100 1474 200 439 300 185 400
810 0 5 507 0 883 100 725 200 447 300 495 400
811 0 5 1034 0 445 100 404 200 755 300 842 400
812 0 5 377 0 142 100 163 200 270 300 214 400
813 0 5 261 0 105 100 128 200 1350 300 382 400
814 0 5 1393 0 705 100 871 200 1117 300 1216 400
815 0 5 412 0 1016 100 1422 200 1472 300 1368 400
816 0 5 1422 0 1368 100 188 200 815 300 927 400
817 0 5 383 0 1471 100 869 200 532 300 724 400
818 0 5 22 0 313 100 128 200 1254 300 387 400
819 0 5 1378 0 562 100 1355 200 1094 300 145 400
820 0 5 356 0 723 100 1362 200 76 300 258 400
821 0 5 589 0 305 100 309 200 780 300 64 400
822 0 5 81 0 964 100 584 200 1317 300 1303 400
823 0 5 1210 0 857 100 94 200 585 300 673 400
824 0 5 447 0 512 100 299 200 1154 300 45 400
825 0 5 625 0 1113 100 1083 200 1224 300 971 400
826 0 5 310 0 1296 100 1115 200 320 300 566 400
827 0 5 1261 0 851 100 1225 200 1181 300 1021 400
828 0 5 578 0 402 100 1444 200 1096 300 365 400
829 0 5 382 0 1029 100 710 200 1126 300 157 400
830 0 5 256 0 433 100 1098 200 343 300 1435 400
831 0 5 1405 0 199 100 1289 200 931 300 1211 400
832 0 5 965 0 1099 100 151 200 843 300 727 400
833 0 5 32 0 100 100 1273 200 379 300 1280 400
834 0 5 62 0 589 100 87 200 1473 300 1441 400
835 0 5 1023 0 1374 100 1484 200 841 300 222 400
836 0 5 983 0 1047 100 1142 200 1499 300 1016 400
837 0 5 1156 0 1425 100 284 200 1323 300 304 400
838 0 5 622 0 1015 100 894 200 921 300 476 400
839 0 5 168 0 193 100 363 200 1351 300 1204 400
840 0 5 65 0 931 100 199 200 497 300 155 400
841 0 5 189 0 1374 100 1087 200 835 300 1023 400
842 0 5 1144 0 445 100 436 200 811 300 569 400
843 0 5 1133 0 1208 100 151 200 965 300 763 400
844 0 5 852 0 166 100 1453 200 711 300 36 400
845 0 5 132 0 1005 100 645 200 215 300 567 400
846 0 5 962 0 1454 100 1477 200 900 300 878 400
847 0 5 40 0 710 100 985 200 1126 300 157 400
848 0 5 1234 0 164 100 1373 200 745 300 319 400
849 0 5 35 0 549 100 330 200 1288 300 672 400
850 0 5 510 0 1296 100 633 200 1431 300 1282 400
851 0 5 1181 0 827 100 1225 200 1479 300 1218 400
852 0 5 844 0 1408 100 490 200 1147 300 36 400
853 0 5 514 0 59 100 1030 200 942 300 411 400
854 0 5 1121 0 759 100 1041 200 1050 300 987 400
855 0 5 84 0 1272 100 1206 200 638 300 518 400
856 0 5 1219 0 978 100 506 200 1490 300 223 400
857 0 5 667 0 673 100 94 200 823 300 1210 400
858 0 5 666 0 469 100 942 200 529 300 1475 400
859 0 5 345 0 550 100 50 200 114 300 531 400
860 0 5 1406 0 1438 100 332 200 750 300 639 400
861 0 5 673 0 543 100 1210 200 722 300 1247 400
862 0 5 481 0 54 100 580 200 1241 300 735 400
863 0 5 1332 0 1329 100 787 200 2 300 293 400
864 0 5 1456 0 384 100 1063 200 929 300 790 400
865 0 5 1022 0 636 100 686 200 975 300 434 400
866 0 5 1430 0 1322 100 495 200 1335 300 1078 400
867 0 5 1380 0 1327 100 240 200 10 300 409 400
868 0 5 583 0 742 100 1020 200 922 300 220 400
869 0 5 341 0 383 100 817 200 668 300 930 400
870 0 5 260 0 732 100 1435 200 252 300 1095 400
871 0 5 1131 0 915 100 814 200 705 300 1393 400
872 0 5 82 0 1168 100 1079 200 770 300 727 400
873 0 5 1316 0 101 100 118 200 706 300 334 400
874 0 5 1282 0 1421 100 982 200 1187 300 1472 400
875 0 5 1049 0 498 100 1342 200 979 300 494 400
876 0 5 1439 0 590 100 1302 200 1088 300 182 400
877 0 5 1072 0 1245 100 1268 200 571 300 972 400
878 0 5 1122 0 1217 100 1454 200 164 300 846 400
879 0 5 491 0 1044 100 266 200 566 300 1157 400
880 0 5 631 0 1384 100 429 200 620 300 623 400
881 0 5 803 0 754 100 890 200 146 300 1153 400
882 0 5 313 0 22 100 125 200 1292 300 895 400
883 0 5 423 0 810 100 767 200 1031 300 507 400
884 0 5 586 0 1360 100 97 200 746 300 1489 400
885 0 5 568 0 1262 100 274 200 991 300 158 400
886 0 5 312 0 896 100 773 200 1057 300 196 400
887 0 5 1415 0 628 100 268 200 1491 300 1027 400
888 0 5 1064 0 532 100 623 200 389 300 1180 400
889 0 5 416 0 1260 100 1202 200 1026 300 1163 400
890 0 5 99 0 146 100 881 200 576 300 1153 400
891 0 5 802 0 784 100 1073 200 954 300 605 400
892 0 5 685 0 56 100 367 200 1282 300 808 400
893 0 5 176 0 426 100 34 200 325 300 505 400
894 0 5 838 0 1015 100 927 200 622 300 297 400
895 0 5 1212 0 1238 100 1403 200 882 300 315 400
896 0 5 312 0 1400 100 886 200 35 300 656 400
897 0 5 702 0 566 100 1167 200 1296 300 310 400
898 0 5 1490 0 1176 100 506 200 144 300 1161 400
899 0 5 1481 0 762 100 107 200 994 300 500 400
900 0 5 1477 0 60 100 1454 200 77 300 846 400
901 0 5 1411 0 570 100 689 200 1315 300 525 400
902 0 5 1286 0 786 100 367 200 808 300 644 400
903 0 5 123 0 183 100 753 200 1318 300 254 400
904 0 5 1325 0 462 100 1137 200 1213 300 1250 400
905 0 5 576 0 761 100 1398 200 223 300 1090 400
906 0 5 374 0 922 100 742 200 502 300 1232 400
907 0 5 1201 0 1288 100 758 200 303 300 330 400
908 0 5 18 0 1404 100 1054 200 1114 300 28 400
909 0 5 1213 0 375 100 1325 200 294 300 102 400
910 0 5 1279 0 544 100 1108 200 409 300 1221 400
911 0 5 1362 0 1440 100 89 200 237 300 752 400
912 0 5 661 0 1151 100 1153 200 576 300 1090 400
913 0 5 1420 0 207 100 11 200 691 300 796 400
914 0 5 801 0 420 100 609 200 140 300 1178 400
915 0 5 1466 0 871 100 1385 200 1393 300 1131 400
916 0 5 1027 0 451 100 706 200 628 300 1501 400
917 0 5 134 0 1499 100 159 200 412 300 336 400
918 0 5 461 0 640 100 992 200 394 300 1367 400
919 0 5 242 0 1033 100 347 200 1110 300 120 400
920 0 5 1339 0 631 100 620 200 880 300 1038 400
921 0 5 1432 0 838 100 622 200 1015 300 894 400
922 0 5 502 0 906 100 778 200 868 300 1020 400
923 0 5 1100 0 949 100 300 200 85 300 1337 400
924 0 5 486 0 588 100 419 200 976 300 988 400
925 0 5 668 0 318 100 596 200 341 300 8 400
926 0 5 1344 0 1473 100 309 200 13 300 589 400
927 0 5 188 0 894 100 297 200 1422 300 622 400
928 0 5 228 0 1109 100 799 200 66 300 30 400
929 0 5 384 0 162 100 864 200 966 300 528 400
930 0 5 1180 0 1071 100 869 200 532 300 534 400
931 0 5 497 0 840 100 1405 200 831 300 199 400
932 0 5 1452 0 1360 100 336 200 1051 300 586 400
933 0 5 263 0 1300 100 54 200 580 300 385 400
934 0 5 1057 0 1284 100 773 200 1181 300 531 400
935 0 5 209 0 1291 100 1191 200 639 300 791 400
936 0 5 476 0 731 100 838 200 1062 300 1366 400
937 0 5 789 0 515 100 251 200 579 300 1055 400
938 0 5 1111 0 320 100 1012 200 1326 300 982 400
939 0 5 756 0 804 100 246 200 556 300 98 400
940 0 5 670 0 410 100 997 200 217 300 537 400
941 0 5 648 0 248 100 1024 200 618 300 480 400
942 0 5 1013 0 411 100 853 200 858 300 469 400
943 0 5 560 0 71 100 772 200 750 300 4 400
944 0 5 337 0 727 100 1112 200 174 300 381 400
945 0 5 1119 0 1147 100 1171 200 1498 300 703 400
946 0 5 74 0 161 100 1244 200 1256 300 1342 400
947 0 5 787 0 79 100 785 200 1002 300 1332 400
948 0 5 1476 0 1357 100 1381 200 663 300 1165 400
949 0 5 203 0 923 100 300 200 85 300 755 400
950 0 5 554 0 1331 100 632 200 535 300 360 400
951 0 5 570 0 987 100 1223 200 1428 300 901 400
952 0 5 541 0 78 100 1356 200 783 300 23 400
953 0 5 292 0 1388 100 722 200 374 300 1247 400
954 0 5 1314 0 1073 100 891 200 311 300 468 400
955 0 5 617 0 1101 100 1336 200 1337 300 1465 400
956 0 5 624 0 1432 100 1157 200 1397 300 1482 400
957 0 5 454 0 1461 100 241 200 1164 300 1320 400
958 0 5 637 0 346 100 1347 200 208 300 700 400
959 0 5 726 0 733 100 619 200 1175 300 996 400
960 0 5 1170 0 1349 100 358 200 90 300 1380 400
961 0 5 508 0 803 100 591 200 1153 300 328 400
962 0 5 846 0 1488 100 1211 200 33 300 1122 400
963 0 5 1132 0 299 100 447 200 824 300 615 400
964 0 5 822 0 301 100 81 200 1317 300 317 400
965 0 5 832 0 151 100 843 200 727 300 1133 400
966 0 5 162 0 238 100 528 200 929 300 1485 400
967 0 5 655 0 696 100 441 200 200 300 996 400
968 0 5 1162 0 1258 100 61 200 1265 300 450 400
969 0 5 284 0 265 100 647 200 1425 300 304 400
970 0 5 1321 0 422 100 365 200 1102 300 1096 400
971 0 5 1113 0 805 100 792 200 825 300 1083 400
972 0 5 1268 0 479 100 1245 200 366 300 229 400
973 0 5 1316 0 143 100 334 200 322 300 492 400
974 0 5 994 0 1249 100 500 200 899 300 638 400
975 0 5 265 0 1022 100 1298 200 636 300 865 400
976 0 5 419 0 1274 100 1475 200 924 300 666 400
977 0 5 73 0 604 100 1082 200 1380 300 867 400
978 0 5 856 0 144 100 1124 200 223 300 1490 400
979 0 5 1486 0 1049 100 494 200 498 300 875 400
980 0 5 431 0 1308 100 1081 200 483 300 592 400
981 0 5 141 0 1197 100 31 200 1289 300 1122 400
982 0 5 1187 0 874 100 1012 200 1472 300 1111 400
983 0 5 836 0 1142 100 1047 200 180 300 1185 400
984 0 5 306 0 27 100 779 200 196 300 503 400
985 0 5 847 0 710 100 40 200 1271 300 1126 400
986 0 5 724 0 1184 100 1105 200 627 300 302 400
987 0 5 1223 0 951 100 759 200 901 300 570 400
988 0 5 486 0 411 100 514 200 924 300 942 400
989 0 5 223 0 1398 100 905 200 978 300 856 400
990 0 5 459 0 699 100 173 200 156 300 148 400
991 0 5 1262 0 274 100 1355 200 885 300 438 400
992 0 5 370 0 446 100 50 200 211 300 461 400
993 0 5 1464 0 1231 100 682 200 484 300 464 400
994 0 5 974 0 1249 100 107 200 899 300 500 400
995 0 5 716 0 1222 100 1407 200 475 300 540 400
996 0 5 726 0 696 100 733 200 959 300 967 400
997 0 5 112 0 217 100 670 200 940 300 68 400
998 0 5 614 0 184 100 561 200 137 300 1233 400
999 0 5 1200 0 682 100 133 200 1281 300 753 400
1000 0 5 323 0 127 100 683 200 438 300 1409 400
1001 0 5 1494 0 1242 100 640 200 766 300 1299 400
1002 0 5 253 0 1307 100 1173 200 79 300 947 400
1003 0 5 1190 0 371 100 428 200 1152 300 1313 400
1004 0 5 744 0 13 100 582 200 407 300 760 400
1005 0 5 845 0 349 100 567 200 215 300 645 400
1006 0 5 424 0 1330 100 503 200 779 300 769 400
1007 0 5 1395 0 705 100 1155 200 559 300 1117 400
1008 0 5 551 0 390 100 1260 200 372 300 209 400
1009 0 5 714 0 94 100 585 200 185 300 1076 400
1010 0 5 1417 0 409 100 867 200 10 300 1279 400
1011 0 5 1075 0 279 100 9 200 86 300 1237 400
1012 0 5 1111 0 1187 100 982 200 938 300 874 400
1013 0 5 942 0 66 100 760 200 471 300 529 400
1014 0 5 462 0 57 100 1137 200 487 300 517 400
1015 0 5 1157 0 838 100 894 200 1104 300 921 400
1016 0 5 1499 0 412 100 815 200 1047 300 836 400
1017 0 5 600 0 404 100 339 200 1413 300 755 400
1018 0 5 1039 0 232 100 1161 200 1124 300 1090 400
1019 0 5 77 0 125 100 1292 200 315 300 55 400
1020 0 5 868 0 220 100 152 200 1232 300 922 400
1021 0 5 549 0 1261 100 330 200 827 300 1225 400
1022 0 5 865 0 975 100 434 200 659 300 304 400
1023 0 5 835 0 324 100 1087 200 1374 300 841 400
1024 0 5 941 0 1263 100 1333 200 248 300 648 400
1025 0 5 207 0 1367 100 1450 200 201 300 1420 400
1026 0 5 1202 0 1372 100 416 200 108 300 889 400
1027 0 5 916 0 234 100 1501 200 1491 300 451 400
1028 0 5 1106 0 190 100 352 200 93 300 632 400
1029 0 5 829 0 1254 100 1233 200 382 300 157 400
1030 0 5 610 0 853 100 59 200 309 300 514 400
1031 0 5 423 0 767 100 595 200 883 300 525 400
1032 0 5 593 0 1324 100 581 200 1333 300 1455 400
1033 0 5 919 0 1110 100 347 200 1348 300 120 400
1034 0 5 404 0 811 100 755 200 1017 300 445 400
1035 0 5 271 0 296 100 598 200 640 300 175 400
1036 0 5 694 0 608 100 1417 200 10 300 1365 400
1037 0 5 626 0 1466 100 440 200 1505 300 1506 400
1038 0 5 174 0 103 100 1339 200 631 300 920 400
1039 0 5 1018 0 1161 100 771 200 1097 300 453 400
1040 0 5 661 0 107 100 1249 200 1090 300 1151 400
1041 0 5 545 0 1121 100 854 200 1141 300 1363 400
1042 0 5 643 0 765 100 664 200 216 300 1377 400
1043 0 5 275 0 762 100 1481 200 771 300 232 400
1044 0 5 879 0 266 100 1115 200 566 300 1104 400
1045 0 5 49 0 1448 100 406 200 1229 300 353 400
1046 0 5 489 0 289 100 135 200 603 300 95 400
1047 0 5 836 0 983 100 1142 200 1016 300 1472 400
1048 0 5 444 0 307 100 61 200 1265 300 1258 400
1049 0 5 875 0 979 100 498 200 1342 300 212 400
1050 0 5 233 0 21 100 854 200 1428 300 1493 400
1051 0 5 482 0 1452 100 314 200 336 300 932 400
1052 0 5 41 0 206 100 278 200 1381 300 1357 400
1053 0 5 552 0 117 100 1211 200 1488 300 6 400
1054 0 5 28 0 1404 100 908 200 513 300 1114 400
1055 0 5 789 0 251 100 296 200 1035 300 1227 400
1056 0 5 782 0 697 100 1389 200 800 300 774 400
1057 0 5 934 0 773 100 886 200 827 300 312 400
1058 0 5 688 0 1418 100 662 200 400 300 52 400
1059 0 5 140 0 42 100 1212 200 315 300 609 400
1060 0 5 160 0 738 100 126 200 452 300 1359 400
1061 0 5 650 0 418 100 1366 200 1186 300 473 400
1062 0 5 731 0 1366 100 936 200 1432 300 476 400
1063 0 5 790 0 321 100 864 200 1275 300 1235 400
1064 0 5 1180 0 888 100 532 200 930 300 389 400
1065 0 5 806 0 255 100 262 200 432 300 565 400
1066 0 5 1158 0 120 100 807 200 568 300 242 400
1067 0 5 98 0 177 100 246 200 756 300 939 400
1068 0 5 213 0 1295 100 528 200 533 300 159 400
1069 0 5 363 0 740 100 193 200 150 300 1252 400
1070 0 5 555 0 26 100 1194 200 1379 300 142 400
1071 0 5 527 0 930 100 869 200 534 300 763 400
1072 0 5 877 0 305 100 514 200 1245 300 571 400
1073 0 5 954 0 1409 100 891 200 1314 300 1424 400
1074 0 5 20 0 6 100 219 200 552 300 403 400
1075 0 5 1011 0 241 100 454 200 279 300 1182 400
1076 0 5 714 0 449 100 335 200 585 300 1009 400
1077 0 5 1269 0 1433 100 455 200 743 300 136 400
1078 0 5 1293 0 730 100 348 200 1430 300 1322 400
1079 0 5 1099 0 674 100 727 200 82 300 872 400
1080 0 5 1369 0 1133 100 763 200 843 300 527 400
1081 0 5 1308 0 809 100 1084 200 980 300 1474 400
1082 0 5 977 0 793 100 625 200 825 300 1224 400
1083 0 5 1224 0 805 100 1113 200 825 300 73 400
1084 0 5 185 0 272 100 1081 200 94 300 392 400
1085 0 5 1336 0 1277 100 1280 200 1434 300 955 400
1086 0 5 774 0 1112 100 697 200 674 300 1056 400
1087 0 5 1160 0 712 100 189 200 841 300 1023 400
1088 0 5 1487 0 1209 100 1439 200 876 300 590 400
1089 0 5 1114 0 28 100 1429 200 442 300 1054 400
1090 0 5 232 0 905 100 912 200 223 300 1124 400
1091 0 5 368 0 391 100 509 200 12 300 553 400
1092 0 5 102 0 186 100 862 200 735 300 408 400
1093 0 5 1141 0 1365 100 1215 200 1363 300 694 400
1094 0 5 1355 0 127 100 1378 200 819 300 1493 400
1095 0 5 732 0 1401 100 752 200 252 300 870 400
1096 0 5 1321 0 1444 100 828 200 578 300 402 400
1097 0 5 1427 0 771 100 1039 200 1412 300 1161 400
1098 0 5 256 0 222 100 695 200 830 300 1478 400
1099 0 5 1079 0 832 100 727 200 843 300 965 400
1100 0 5 504 0 923 100 85 200 300 300 1337 400
1101 0 5 955 0 96 100 1337 200 436 300 85 400
1102 0 5 365 0 71 100 422 200 970 300 578 400
1103 0 5 1281 0 362 100 564 200 354 300 1196 400
1104 0 5 266 0 775 100 1326 200 1115 300 1015 400
1105 0 5 1184 0 302 100 986 200 414 300 130 400
1106 0 5 1028 0 93 100 352 200 190 300 1128 400
1107 0 5 1257 0 1248 100 378 200 386 300 833 400
1108 0 5 90 0 1170 100 544 200 910 300 409 400
1109 0 5 799 0 928 100 30 200 66 300 228 400
1110 0 5 1348 0 1033 100 347 200 101 300 919 400
1111 0 5 938 0 1012 100 320 200 1187 300 577 400
1112 0 5 1086 0 727 100 774 200 944 300 674 400
1113 0 5 805 0 971 100 825 200 1083 300 1320 400
1114 0 5 1089 0 908 100 28 200 656 300 728 400
1115 0 5 566 0 826 100 310 200 1326 300 1104 400
1116 0 5 171 0 487 100 57 200 1195 300 781 400
1117 0 5 559 0 1364 100 705 200 1395 300 481 400
1118 0 5 69 0 1348 100 120 200 519 300 496 400
1119 0 5 945 0 703 100 1498 200 490 300 1147 400
1120 0 5 1151 0 115 100 591 200 116 300 1153 400
1121 0 5 1041 0 854 100 545 200 145 300 1363 400
1122 0 5 878 0 1217 100 630 200 1197 300 981 400
1123 0 5 338 0 1281 100 754 200 564 300 146 400
1124 0 5 144 0 978 100 223 200 1161 300 1090 400
1125 0 5 326 0 720 100 1426 200 67 300 680 400
1126 0 5 157 0 710 100 847 200 829 300 1029 400
1127 0 5 329 0 1324 100 63 200 593 300 1189 400
1128 0 5 51 0 93 100 352 200 1106 300 1345 400
1129 0 5 352 0 535 100 170 200 178 300 190 400
1130 0 5 22 0 387 100 745 200 1373 300 198 400
1131 0 5 1354 0 871 100 915 200 1271 300 626 400
1132 0 5 963 0 615 100 299 200 447 300 1214 400
1133 0 5 843 0 1080 100 763 200 151 300 1309 400
1134 0 5 649 0 693 100 1228 200 565 300 806 400
1135 0 5 776 0 192 100 639 200 750 300 1392 400
1136 0 5 472 0 709 100 1353 200 897 300 645 400
1137 0 5 1014 0 493 100 904 200 439 300 462 400
1138 0 5 1278 0 176 100 718 200 34 300 678 400
1139 0 5 405 0 1199 100 1434 200 351 300 1257 400
1140 0 5 491 0 121 100 478 200 53 300 956 400
1141 0 5 1363 0 1093 100 545 200 1215 300 1041 400
1142 0 5 983 0 308 100 836 200 1047 300 465 400
1143 0 5 37 0 132 100 645 200 388 300 1340 400
1144 0 5 842 0 569 100 436 200 445 300 1148 400
1145 0 5 700 0 1443 100 10 200 240 300 409 400
1146 0 5 768 0 47 100 138 200 195 300 24 400
1147 0 5 355 0 945 100 1408 200 1204 300 852 400
1148 0 5 197 0 662 100 569 200 842 300 1144 400
1149 0 5 757 0 283 100 1183 200 746 300 1500 400
1150 0 5 522 0 620 100 1339 200 257 300 1180 400
1151 0 5 1120 0 1153 100 912 200 661 300 591 400
1152 0 5 1313 0 428 100 1267 200 1003 300 415 400
1153 0 5 1151 0 591 100 912 200 576 300 1120 400
1154 0 5 512 0 523 100 646 200 747 300 824 400
1155 0 5 735 0 1007 100 481 200 559 300 862 400
1156 0 5 837 0 1323 100 420 200 1263 300 969 400
1157 0 5 1015 0 1432 100 169 200 879 300 1104 400
1158 0 5 807 0 1066 100 242 200 120 300 919 400
1159 0 5 677 0 1382 100 178 200 798 300 1243 400
1160 0 5 712 0 1087 100 1458 200 324 300 1246 400
1161 0 5 1039 0 401 100 1412 200 1176 300 1018 400
1162 0 5 968 0 450 100 44 200 1258 300 264 400
1163 0 5 62 0 582 100 1463 200 87 300 1260 400
1164 0 5 1396 0 1461 100 1320 200 957 300 218 400
1165 0 5 658 0 321 100 1386 200 1381 300 948 400
1166 0 5 730 0 1341 100 1322 200 1446 300 1335 400
1167 0 5 53 0 702 100 566 200 897 300 1140 400
1168 0 5 674 0 872 100 727 200 1086 300 1079 400
1169 0 5 474 0 1495 100 1244 200 147 300 437 400
1170 0 5 960 0 1108 100 544 200 90 300 358 400
1171 0 5 150 0 72 100 236 200 635 300 945 400
1172 0 5 1419 0 1487 100 1256 200 74 300 1230 400
1173 0 5 79 0 253 100 1177 200 1002 300 443 400
1174 0 5 287 0 396 100 1442 200 153 300 172 400
1175 0 5 1478 0 1484 100 619 200 959 300 695 400
1176 0 5 48 0 898 100 506 200 1161 300 1370 400
1177 0 5 734 0 442 100 443 200 1173 300 253 400
1178 0 5 1390 0 140 100 914 200 609 300 420 400
1179 0 5 1313 0 2 100 1172 200 415 300 340 400
1180 0 5 1064 0 930 100 888 200 1150 300 620 400
1181 0 5 851 0 1479 100 531 200 934 300 827 400
1182 0 5 557 0 454 100 259 200 1075 300 1011 400
1183 0 5 1489 0 255 100 364 200 1149 300 806 400
1184 0 5 1105 0 986 100 1195 200 627 300 130 400
1185 0 5 234 0 180 100 641 200 1501 300 983 400
1186 0 5 650 0 731 100 473 200 1366 300 1061 400
1187 0 5 1472 0 1012 100 982 200 874 300 1368 400
1188 0 5 564 0 1259 100 362 200 354 300 146 400
1189 0 5 679 0 593 100 316 200 329 300 1455 400
1190 0 5 1003 0 1209 100 371 200 1152 300 1088 400
1191 0 5 639 0 1291 100 935 200 209 300 719 400
1192 0 5 1359 0 95 100 730 200 348 300 126 400
1193 0 5 400 0 106 100 688 200 52 300 1058 400
1194 0 5 786 0 26 100 1070 200 555 300 1468 400
1195 0 5 286 0 1496 100 627 200 1184 300 501 400
1196 0 5 1253 0 354 100 362 200 1103 300 1259 400
1197 0 5 1371 0 981 100 1217 200 31 300 319 400
1198 0 5 244 0 29 100 11 200 704 300 1285 400
1199 0 5 1462 0 573 100 1139 200 303 300 758 400
1200 0 5 1298 0 999 100 753 200 682 300 464 400
1201 0 5 907 0 1319 100 303 200 758 300 1462 400
1202 0 5 744 0 1026 100 108 200 889 300 1004 400
1203 0 5 718 0 406 100 678 200 373 300 204 400
1204 0 5 168 0 355 100 839 200 238 300 1147 400
1205 0 5 1361 0 458 100 560 200 332 300 639 400
1206 0 5 524 0 634 100 1251 200 855 300 466 400
1207 0 5 709 0 1240 100 478 200 645 300 702 400
1208 0 5 1309 0 599 100 843 200 1080 300 1369 400
1209 0 5 1439 0 1190 100 1088 200 1302 300 371 400
1210 0 5 823 0 585 100 673 200 857 300 861 400
1211 0 5 1488 0 962 100 117 200 6 300 1053 400
1212 0 5 895 0 315 100 1059 200 1403 300 1292 400
1213 0 5 909 0 612 100 904 200 517 300 1325 400
1214 0 5 615 0 267 100 285 200 1132 300 299 400
1215 0 5 1290 0 1093 100 1141 200 450 300 1162 400
1216 0 5 1364 0 92 100 580 200 481 300 814 400
1217 0 5 1122 0 878 100 319 200 1197 300 164 400
1218 0 5 1283 0 1225 100 70 200 549 300 1272 400
1219 0 5 1259 0 856 100 506 200 1398 300 978 400
1220 0 5 660 0 699 100 1345 200 1492 300 671 400
1221 0 5 122 0 544 100 1279 200 496 300 910 400
1222 0 5 716 0 995 100 415 200 1267 300 475 400
1223 0 5 1428 0 987 100 951 200 233 300 759 400
1224 0 5 73 0 1083 100 805 200 825 300 604 400
1225 0 5 1218 0 1261 100 851 200 827 300 1272 400
1226 0 5 369 0 80 100 572 200 264 300 44 400
1227 0 5 296 0 1055 100 511 200 618 300 665 400
1228 0 5 364 0 283 100 1134 200 649 300 806 400
1229 0 5 8 0 49 100 678 200 1045 300 318 400
1230 0 5 1256 0 104 100 359 200 590 300 1172 400
1231 0 5 783 0 993 100 682 200 3 300 484 400
1232 0 5 1459 0 742 100 1020 200 906 300 374 400
1233 0 5 137 0 157 100 1029 200 561 300 467 400
1234 0 5 848 0 1371 100 1373 200 521 300 110 400
1235 0 5 1456 0 357 100 1275 200 1063 300 413 400
1236 0 5 181 0 475 100 540 200 787 300 947 400
1237 0 5 550 0 557 100 86 200 1284 300 1011 400
1238 0 5 895 0 1387 100 313 200 1212 300 1403 400
1239 0 5 5 0 235 100 1338 200 191 300 52 400
1240 0 5 478 0 1207 100 539 200 709 300 567 400
1241 0 5 186 0 54 100 862 200 1300 300 933 400
1242 0 5 766 0 1001 100 349 200 539 300 1494 400
1243 0 5 435 0 1382 100 649 200 1159 300 757 400
1244 0 5 946 0 1169 100 74 200 147 300 1495 400
1245 0 5 1268 0 877 100 972 200 479 300 1072 400
1246 0 5 563 0 324 100 470 200 1458 300 229 400
1247 0 5 543 0 722 100 292 200 953 300 667 400
1248 0 5 276 0 378 100 1107 200 70 300 833 400
1249 0 5 974 0 994 100 1040 200 500 300 107 400
1250 0 5 294 0 1325 100 1137 200 613 300 439 400
1251 0 5 1206 0 634 100 796 200 1479 300 1272 400
1252 0 5 1445 0 1491 100 150 200 363 300 1069 400
1253 0 5 448 0 1196 100 1464 200 354 300 362 400
1254 0 5 467 0 1029 100 818 200 157 300 1233 400
1255 0 5 247 0 330 100 227 200 1288 300 549 400
1256 0 5 161 0 1230 100 74 200 1172 300 946 400
1257 0 5 1107 0 386 100 1139 200 351 300 378 400
1258 0 5 1265 0 61 100 968 200 307 300 1162 400
1259 0 5 1219 0 1188 100 362 200 354 300 506 400
1260 0 5 551 0 889 100 1008 200 1163 300 416 400
1261 0 5 827 0 1225 100 1021 200 549 300 851 400
1262 0 5 991 0 885 100 274 200 568 300 438 400
1263 0 5 420 0 1333 100 1024 200 1323 300 609 400
1264 0 5 414 0 392 100 302 200 272 300 130 400
1265 0 5 1258 0 307 100 1048 200 968 300 61 400
1266 0 5 606 0 36 100 249 200 343 300 1435 400
1267 0 5 1152 0 428 100 415 200 1222 300 716 400
1268 0 5 1245 0 972 100 877 200 1458 300 479 400
1269 0 5 1077 0 743 100 455 200 1276 300 297 400
1270 0 5 347 0 1376 100 794 200 366 300 1447 400
1271 0 5 626 0 985 100 1350 200 797 300 105 400
1272 0 5 466 0 855 100 518 200 1206 300 1225 400
1273 0 5 32 0 100 100 833 200 344 300 546 400
1274 0 5 1475 0 976 100 419 200 666 300 924 400
1275 0 5 357 0 1386 100 1235 200 321 300 1063 400
1276 0 5 476 0 622 100 743 200 297 300 1269 400
1277 0 5 295 0 1085 100 1280 200 617 300 1336 400
1278 0 5 718 0 1138 100 1203 200 176 300 678 400
1279 0 5 910 0 409 100 1221 200 1010 300 544 400
1280 0 5 295 0 1277 100 1085 200 833 300 379 400
1281 0 5 1103 0 1123 100 682 200 338 300 999 400
1282 0 5 1431 0 874 100 56 200 510 300 685 400
1283 0 5 518 0 1218 100 70 200 378 300 1248 400
1284 0 5 1346 0 773 100 934 200 1237 300 218 400
1285 0 5 398 0 11 100 244 200 29 300 250 400
1286 0 5 902 0 465 100 644 200 808 300 786 400
1287 0 5 1353 0 26 100 397 200 1410 300 472 400
1288 0 5 330 0 907 100 672 200 1255 300 849 400
1289 0 5 630 0 141 100 831 200 199 300 1405 400
1290 0 5 1215 0 80 100 450 200 1226 300 264 400
1291 0 5 719 0 1191 100 935 200 639 300 791 400
1292 0 5 315 0 125 100 1019 200 882 300 1212 400
1293 0 5 348 0 1078 100 452 200 126 300 1430 400
1294 0 5 654 0 202 100 237 200 89 300 911 400
1295 0 5 533 0 1068 100 159 200 134 300 917 400
1296 0 5 850 0 826 100 510 200 566 300 633 400
1297 0 5 421 0 152 100 83 200 273 300 594 400
1298 0 5 1200 0 647 100 975 200 265 300 753 400
1299 0 5 1494 0 394 100 211 200 430 300 446 400
1300 0 5 613 0 933 100 1241 200 294 300 186 400
1301 0 5 158 0 784 100 1447 200 807 300 1376 400
1302 0 5 715 0 112 100 590 200 68 300 876 400
1303 0 5 801 0 584 100 304 200 81 300 659 400
1304 0 5 16 0 701 100 138 200 1427 300 768 400
1305 0 5 1433 0 380 100 574 200 621 300 455 400
1306 0 5 263 0 385 100 327 200 131 300 449 400
1307 0 5 1495 0 1002 100 513 200 1467 300 437 400
1308 0 5 980 0 1081 100 809 200 439 300 1474 400
1309 0 5 1208 0 684 100 843 200 1080 300 1133 400
1310 0 5 528 0 159 100 97 200 1489 300 1183 400
1311 0 5 1413 0 788 100 1418 200 404 300 688 400
1312 0 5 725 0 1335 100 495 200 1341 300 810 400
1313 0 5 1179 0 1152 100 1172 200 2 300 415 400
1314 0 5 954 0 311 100 468 200 1073 300 891 400
1315 0 5 525 0 570 100 901 200 951 300 689 400
1316 0 5 973 0 873 100 492 200 143 300 706 400
1317 0 5 317 0 434 100 964 200 231 300 659 400
1318 0 5 183 0 739 100 316 200 903 300 350 400
1319 0 5 698 0 1201 100 303 200 147 300 474 400
1320 0 5 1451 0 417 100 1164 200 1113 300 1396 400
1321 0 5 970 0 1096 100 1444 200 578 300 1102 400
1322 0 5 866 0 1430 100 1078 200 1166 300 495 400
1323 0 5 1156 0 1263 100 420 200 837 300 1333 400
1324 0 5 1127 0 63 100 1032 200 593 300 515 400
1325 0 5 904 0 1250 100 909 200 1213 300 294 400
1326 0 5 320 0 1104 100 1115 200 938 300 266 400
1327 0 5 604 0 240 100 1347 200 867 300 1380 400
1328 0 5 444 0 669 100 779 200 208 300 1048 400
1329 0 5 2 0 863 100 91 200 1332 300 1244 400
1330 0 5 1006 0 779 100 208 200 503 300 1347 400
1331 0 5 360 0 800 100 950 200 1414 300 554 400
1332 0 5 863 0 91 100 1329 200 947 300 787 400
1333 0 5 648 0 1263 100 1024 200 941 300 1032 400
1334 0 5 205 0 1459 100 1232 200 473 300 675 400
1335 0 5 1341 0 1312 100 1322 200 495 300 866 400
1336 0 5 1085 0 617 100 1277 200 955 300 1280 400
1337 0 5 85 0 1101 100 1465 200 955 300 923 400
1338 0 5 191 0 1460 100 1239 200 235 300 112 400
1339 0 5 920 0 174 100 620 200 1150 300 1038 400
1340 0 5 37 0 653 100 709 200 472 300 645 400
1341 0 5 1335 0 1166 100 1312 200 725 300 495 400
1342 0 5 713 0 498 100 875 200 1049 300 147 400
1343 0 5 704 0 579 100 201 200 1497 300 398 400
1344 0 5 926 0 1473 100 582 200 62 300 13 400
1345 0 5 156 0 93 100 1220 200 629 300 51 400
1346 0 5 342 0 1284 100 550 200 345 300 1237 400
1347 0 5 208 0 1327 100 958 200 346 300 1330 400
1348 0 5 1110 0 101 100 1118 200 1033 300 69 400
1349 0 5 960 0 602 100 358 200 1170 300 1380 400
1350 0 5 105 0 261 100 1271 200 797 300 813 400
1351 0 5 288 0 168 100 839 200 193 300 1485 400
1352 0 5 737 0 52 100 395 200 235 300 670 400
1353 0 5 472 0 1287 100 26 200 1410 300 1136 400
1354 0 5 1131 0 40 100 871 200 915 300 1271 400
1355 0 5 1094 0 991 100 819 200 1378 300 127 400
1356 0 5 736 0 952 100 23 200 78 300 541 400
1357 0 5 154 0 948 100 41 200 1476 300 1052 400
1358 0 5 243 0 281 100 790 200 717 300 111 400
1359 0 5 1192 0 1424 100 126 200 88 300 603 400
1360 0 5 932 0 884 100 746 200 586 300 336 400
1361 0 5 1205 0 1406 100 639 200 560 300 1438 400
1362 0 5 911 0 258 100 723 200 820 300 76 400
1363 0 5 1141 0 545 100 1093 200 694 300 1041 400
1364 0 5 1216 0 1117 100 481 200 92 300 580 400
1365 0 5 694 0 708 100 1093 200 608 300 1036 400
1366 0 5 1391 0 1061 100 731 200 1062 300 1186 400
1367 0 5 175 0 201 100 1025 200 461 300 1450 400
1368 0 5 816 0 188 100 1472 200 1187 300 815 400
1369 0 5 1080 0 269 100 596 200 527 300 763 400
1370 0 5 48 0 401 100 1412 200 1161 300 1176 400
1371 0 5 1197 0 1234 100 319 200 139 300 1217 400
1372 0 5 416 0 1026 100 799 200 889 300 108 400
1373 0 5 848 0 1234 100 198 200 745 300 1130 400
1374 0 5 841 0 835 100 1484 200 189 300 619 400
1375 0 5 408 0 735 100 375 200 102 300 1092 400
1376 0 5 1447 0 794 100 1270 200 242 300 1301 400
1377 0 5 216 0 765 100 76 200 663 300 321 400
1378 0 5 819 0 1094 100 145 200 1355 300 562 400
1379 0 5 214 0 555 100 142 200 520 300 1070 400
1380 0 5 90 0 867 100 977 200 960 300 1327 400
1381 0 5 1386 0 278 100 948 200 1052 300 1165 400
1382 0 5 425 0 170 100 1159 200 1243 300 435 400
1383 0 5 1541 0 1 100 131 200 449 300 327 400
1384 0 5 880 0 722 100 1483 200 623 300 499 400
1385 0 5 1466 0 1393 100 915 200 1037 300 440 400
1386 0 5 1381 0 1275 100 729 200 278 300 1165 400
1387 0 5 1 0 1502 100 1238 200 748 300 1403 400
1388 0 5 953 0 374 100 778 200 722 300 1247 400
1389 0 5 774 0 800 100 174 200 103 300 1056 400
1390 0 5 1178 0 584 100 77 200 1303 300 1019 400
1391 0 5 1366 0 333 100 1432 200 131 300 1076 400
1392 0 5 750 0 192 100 772 200 4 300 553 400
1393 0 5 814 0 1385 100 915 200 871 300 1466 400
1394 0 5 494 0 721 100 498 200 713 300 573 400
1395 0 5 1007 0 559 100 1117 200 705 300 1364 400
1396 0 5 1164 0 424 100 417 200 769 300 218 400
1397 0 5 1432 0 956 100 624 200 333 300 131 400
1398 0 5 989 0 761 100 905 200 1219 300 1188 400
1399 0 5 1440 0 664 100 654 200 237 300 76 400
1400 0 5 196 0 896 100 1429 200 656 300 35 400
1401 0 5 1095 0 752 100 252 200 202 300 124 400
1402 0 5 614 0 530 100 137 200 561 300 1233 400
1403 0 5 748 0 526 100 1511 200 1510 300 895 400
1404 0 5 1054 0 437 100 513 200 908 300 18 400
1405 0 5 831 0 117 100 931 200 1289 300 199 400
1406 0 5 860 0 1361 100 332 200 458 300 750 400
1407 0 5 285 0 716 100 995 200 475 300 299 400
1408 0 5 355 0 852 100 1147 200 844 300 238 400
1409 0 5 1073 0 323 100 1424 200 891 300 605 400
1410 0 5 1353 0 472 100 1287 200 709 300 645 400
1411 0 5 901 0 277 100 642 200 689 300 523 400
1412 0 5 401 0 16 100 1161 200 1370 300 1427 400
1413 0 5 1311 0 339 100 1017 200 404 300 410 400
1414 0 5 429 0 360 100 631 200 1331 300 103 400
1415 0 5 887 0 563 100 1491 200 628 300 1445 400
1416 0 5 108 0 407 100 66 200 228 300 760 400
1417 0 5 10 0 1010 100 1036 200 652 300 1145 400
1418 0 5 291 0 1058 100 1311 200 404 300 688 400
1419 0 5 1172 0 1487 100 1230 200 1088 300 1209 400
1420 0 5 913 0 207 100 1025 200 691 300 992 400
1421 0 5 874 0 1472 100 1187 200 982 300 1282 400
1422 0 5 816 0 482 100 188 200 815 300 927 400
1423 0 5 230 0 298 100 433 200 490 300 290 400
1424 0 5 603 0 88 100 1359 200 1409 300 1073 400
1425 0 5 284 0 837 100 304 200 969 300 1156 400
1426 0 5 326 0 799 100 680 200 30 300 1125 400
1427 0 5 1097 0 16 100 1412 200 701 300 1039 400
1428 0 5 1223 0 233 100 21 200 951 300 1050 400
1429 0 5 669 0 1400 100 1089 200 444 300 196 400
1430 0 5 866 0 1322 100 1078 200 495 300 1293 400
1431 0 5 510 0 1282 100 56 200 850 300 633 400
1432 0 5 956 0 1157 100 1397 200 921 300 624 400
1433 0 5 1305 0 1077 100 574 200 455 300 421 400
1434 0 5 1465 0 351 100 1139 200 504 300 386 400
1435 0 5 343 0 260 100 695 200 17 300 256 400
1436 0 5 331 0 561 100 387 200 467 300 225 400
1437 0 5 652 0 568 100 120 200 885 300 69 400
1438 0 5 741 0 860 100 639 200 332 300 1361 400
1439 0 5 876 0 1209 100 1088 200 1302 300 590 400
1440 0 5 1399 0 237 100 911 200 654 300 1362 400
1441 0 5 791 0 87 100 719 200 834 300 391 400
1442 0 5 396 0 1480 100 1197 200 1371 300 287 400
1443 0 5 700 0 240 100 1145 200 1327 300 867 400
1444 0 5 1096 0 202 100 828 200 124 300 578 400
1445 0 5 1252 0 150 100 1491 200 72 300 1171 400
1446 0 5 361 0 558 100 67 200 1166 300 135 400
1447 0 5 588 0 794 100 1376 200 479 300 1301 400
1448 0 5 204 0 373 100 1045 200 353 300 49 400
1449 0 5 279 0 430 100 9 200 1299 300 1011 400
1450 0 5 201 0 250 100 1025 200 1367 300 207 400
1451 0 5 1320 0 215 100 957 200 1113 300 971 400
1452 0 5 932 0 1051 100 314 200 1360 300 586 400
1453 0 5 36 0 844 100 711 200 166 300 852 400
1454 0 5 55 0 846 100 60 200 900 300 878 400
1455 0 5 329 0 316 100 63 200 647 300 1189 400
1456 0 5 1235 0 864 100 432 200 413 300 1063 400
1457 0 5 693 0 245 100 43 200 148 300 804 400
1458 0 5 1160 0 712 100 229 200 324 300 571 400
1459 0 5 675 0 1232 100 292 200 473 300 1334 400
1460 0 5 715 0 1338 100 112 200 1302 300 68 400
1461 0 5 957 0 259 100 1164 200 454 300 241 400
1462 0 5 1199 0 758 100 1201 200 303 300 907 400
1463 0 5 372 0 390 100 1163 200 87 300 209 400
1464 0 5 993 0 484 100 682 200 1253 300 1281 400
1465 0 5 1434 0 504 100 1337 200 955 300 1101 400
1466 0 5 1385 0 915 100 1037 200 440 300 626 400
1467 0 5 687 0 1495 100 1307 200 1244 300 1169 400
1468 0 5 56 0 633 100 26 200 1194 300 1353 400
1469 0 5 597 0 463 100 194 200 46 300 499 400
1470 0 5 601 0 267 100 285 200 371 300 716 400
1471 0 5 383 0 724 100 817 200 627 300 34 400
1472 0 5 1187 0 1421 100 1368 200 815 300 308 400
1473 0 5 926 0 1344 100 62 200 834 300 589 400
1474 0 5 477 0 809 100 385 200 439 300 587 400
1475 0 5 1274 0 666 100 976 200 469 300 311 400
1476 0 5 948 0 536 100 1357 200 663 300 216 400
1477 0 5 129 0 900 100 846 200 301 300 33 400
1478 0 5 1175 0 222 100 1098 200 835 300 1484 400
1479 0 5 531 0 634 100 114 200 1251 300 1181 400
1480 0 5 1442 0 139 100 396 200 1371 300 1197 400
1481 0 5 762 0 899 100 1043 200 546 300 1273 400
1482 0 5 169 0 1157 100 956 200 491 300 1140 400
1483 0 5 667 0 194 100 1384 200 46 300 722 400
1484 0 5 619 0 1175 100 1374 200 835 300 959 400
1485 0 5 575 0 238 100 749 200 213 300 528 400
1486 0 5 979 0 755 100 212 200 494 300 600 400
1487 0 5 1419 0 1088 100 1172 200 1209 300 1439 400
1488 0 5 1211 0 962 100 33 200 6 300 1053 400
1489 0 5 1183 0 97 100 884 200 746 300 1149 400
1490 0 5 898 0 144 100 506 200 856 300 978 400
1491 0 5 1252 0 1445 100 1027 200 234 300 887 400
1492 0 5 671 0 19 100 1220 200 699 300 427 400
1493 0 5 21 0 75 100 127 200 1094 300 1050 400
1494 0 5 1299 0 1001 100 640 200 394 300 430 400
1495 0 5 1467 0 1307 100 1169 200 1244 300 687 400
1496 0 5 179 0 1195 100 286 200 325 300 426 400
1497 0 5 579 0 707 100 704 200 1343 300 109 400
1498 0 5 236 0 703 100 1119 200 230 300 290 400
1499 0 5 412 0 1016 100 917 200 134 300 336 400
1500 0 5 757 0 676 100 677 200 1149 300 280 400
1501 0 5 641 0 1027 100 451 200 1185 300 234 400
1502 0 5 1387 0 440 100 1482 200 624 300 477 400
1503 0 5 440 0 327 100 1482 200 624 300 477 400
1504 0 5 121 0 327 100 1482 200 624 300 477 400
1505 0 5 121 0 1037 100 1482 200 624 300 477 400
1506 0 5 539 0 1037 100 1482 200 624 300 477 400
1507 0 5 539 0 766 100 1482 200 624 300 477 400
1508 0 5 766 0 748 100 1482 200 624 300 477 400
1509 0 5 748 0 131 100 1482 200 624 300 477 400
1510 0 5 131 0 1403 100 1482 200 624 300 477 400
1511 0 5 1403 0 751 100 1482 200 624 300 477 400
1512 0 5 797 0 751 100 1482 200 624 300 477 400
1513 0 5 797 0 511 100 1482 200 624 300 477 400
1514 0 5 478 0 511 100 1482 200 624 300 477 400
1515 0 5 478 0 1238 100 1482 200 624 300 477 400
1516 0 5 1238 0 449 100 1482 200 624 300 477 400
1517 0 5 449 0 626 100 1482 200 624 300 477 400
1518 0 5 271 0 626 100 1482 200 624 300 477 400
1519 0 5 271 0 777 100 1482 200 624 300 477 400
1520 0 5 1242 0 777 100 1482 200 624 300 477 400
1521 0 5 1242 0 1466 100 1482 200 624 300 477 400
1522 0 5 1385 0 1466 100 1482 200 624 300 477 400
1523 0 5 333 0 1385 100 1482 200 624 300 477 400
1524 0 5 333 0 640 100 1482 200 624 300 477 400
1525 0 5 640 0 895 100 1482 200 624 300 477 400
1526 0 5 895 0 1140 100 1482 200 624 300 477 400
1527 0 5 1306 0 1140 100 624 200 1482 300 477 400
1528 0 5 1306 0 1350 100 624 200 1482 300 477 400
1529 0 5 1350 0 261 100 624 200 1482 300 477 400
1530 0 5 1001 0 261 100 624 200 1482 300 477 400
1531 0 5 1001 0 624 100 1482 200 477 300 1271 400
1532 0 5 1397 0 624 100 1482 200 1271 300 477 400
1533 0 5 1397 0 624 100 915 200 1482 300 477 400
1534 0 5 128 0 624 100 915 200 1482 300 477 400
1535 0 5 128 0 624 100 1482 200 477 300 313 400
1536 0 5 624 0 1482 100 477 200 313 300 1035 400
1537 0 5 587 0 624 100 1482 200 477 300 313 400
1538 0 5 587 0 1240 100 624 200 1482 300 477 400
1539 0 5 1240 0 624 100 1482 200 477 300 313 400
1540 0 5 624 0 1216 100 1482 200 477 300 526 400
1541 0 5 1383 0 624 100 1482 200 1216 300 477 400
-1
EOF
