1540
1 0 5 383 0 435 100 1035 200 146 300 350 400
2 0 5 386 0 1185 100 1218 200 845 300 100 400
3 0 5 894 0 451 100 1311 200 1250 300 1130 400
4 0 5 843 0 1260 100 568 200 560 300 86 400
5 0 5 1123 0 1472 100 848 200 1358 300 526 400
6 0 5 481 0 258 100 625 200 1426 300 234 400
7 0 5 740 0 775 100 1422 200 411 300 1395 400
8 0 5 114 0 918 100 752 200 655 300 769 400
9 0 5 1305 0 1114 100 96 200 927 300 92 400
10 0 5 725 0 616 100 945 200 436 300 1086 400
11 0 5 388 0 992 100 1379 200 449 300 1432 400
12 0 5 853 0 1425 100 885 200 371 300 458 400
13 0 5 789 0 1253 100 229 200 695 300 1252 400
14 0 5 979 0 405 100 539 200 199 300 1041 400
15 0 5 372 0 538 100 760 200 482 300 656 400
16 0 5 1151 0 869 100 182 200 207 300 1122 400
17 0 5 1039 0 1243 100 718 200 306 300 1333 400
18 0 5 898 0 1451 100 1447 200 62 300 329 400
19 0 5 250 0 1166 100 1466 200 178 300 1179 400
20 0 5 203 0 1398 100 597 200 1359 300 1112 400
21 0 5 101 0 1273 100 187 200 607 300 769 400
22 0 5 1474 0 438 100 1253 200 891 300 561 400
23 0 5 1319 0 1446 100 1116 200 785 300 103 400
24 0 5 1498 0 484 100 214 200 1044 300 902 400
25 0 5 1040 0 1293 100 773 200 949 300 41 400
26 0 5 765 0 934 100 223 200 32 300 627 400
27 0 5 1246 0 878 100 380 200 986 300 77 400
28 0 5 1113 0 240 100 349 200 1068 300 575 400
29 0 5 507 0 817 100 261 200 1406 300 631 400
30 0 5 1353 0 743 100 619 200 980 300 748 400
31 0 5 664 0 49 100 1133 200 868 300 1156 400
32 0 5 965 0 1220 100 397 200 26 300 559 400
33 0 5 1308 0 1255 100 662 200 862 300 79 400
34 0 5 430 0 199 100 785 200 1170 300 14 400
35 0 5 1107 0 699 100 574 200 955 300 1476 400
36 0 5 121 0 770 100 46 200 1049 300 198 400
37 0 5 1292 0 464 100 1419 200 311 300 1043 400
38 0 5 996 0 1076 100 599 200 119 300 696 400
39 0 5 245 0 1241 100 436 200 1086 300 616 400
40 0 5 1090 0 1272 100 1439 200 1271 300 78 400
41 0 5 1270 0 810 100 1040 200 25 300 1293 400
42 0 5 313 0 893 100 517 200 1257 300 1324 400
43 0 5 1132 0 177 100 1389 200 529 300 643 400
44 0 5 140 0 1459 100 833 200 1382 300 795 400
45 0 5 1161 0 55 100 91 200 1195 300 1391 400
46 0 5 219 0 770 100 36 200 201 300 121 400
47 0 5 247 0 590 100 1368 200 354 300 151 400
48 0 5 1123 0 1472 100 706 200 757 300 1358 400
49 0 5 1178 0 31 100 477 200 253 300 1047 400
50 0 5 554 0 1240 100 591 200 751 300 325 400
51 0 5 1197 0 429 100 57 200 427 300 1227 400
52 0 5 228 0 143 100 1107 200 1286 300 1421 400
53 0 5 198 0 346 100 563 200 284 300 668 400
54 0 5 783 0 960 100 1484 200 232 300 43 400
55 0 5 45 0 1391 100 91 200 1189 300 610 400
56 0 5 453 0 1475 100 780 200 260 300 881 400
57 0 5 429 0 427 100 51 200 817 300 1406 400
58 0 5 107 0 495 100 1053 200 261 300 1171 400
59 0 5 1018 0 1238 100 144 200 1418 300 796 400
60 0 5 1014 0 1412 100 495 200 1350 300 1096 400
61 0 5 344 0 1160 100 571 200 1327 300 1064 400
62 0 5 898 0 841 100 76 200 1339 300 835 400
63 0 5 1270 0 1040 100 949 200 773 300 1293 400
64 0 5 817 0 1474 100 891 200 1253 300 22 400
65 0 5 1414 0 1200 100 878 200 77 300 458 400
66 0 5 1408 0 361 100 286 200 1514 300 1515 400
67 0 5 1026 0 268 100 161 200 246 300 1030 400
68 0 5 932 0 1150 100 280 200 212 300 645 400
69 0 5 1032 0 1366 100 1490 200 1056 300 72 400
70 0 5 1050 0 1325 100 1431 200 519 300 722 400
71 0 5 1070 0 694 100 127 200 373 300 1209 400
72 0 5 667 0 1478 100 444 200 1327 300 69 400
73 0 5 333 0 192 100 1139 200 984 300 378 400
74 0 5 1049 0 410 100 335 200 1375 300 115 400
75 0 5 440 0 505 100 532 200 1431 300 218 400
76 0 5 1092 0 209 100 917 200 1339 300 62 400
77 0 5 1246 0 1414 100 27 200 65 300 1362 400
78 0 5 1090 0 326 100 40 200 93 300 1382 400
79 0 5 1136 0 1308 100 1465 200 33 300 1300 400
80 0 5 625 0 613 100 1414 200 888 300 234 400
81 0 5 344 0 1110 100 1327 200 444 300 1352 400
82 0 5 968 0 362 100 1019 200 1001 300 131 400
83 0 5 906 0 364 100 412 200 539 300 642 400
84 0 5 109 0 1207 100 241 200 935 300 828 400
85 0 5 1466 0 471 100 1251 200 1411 300 178 400
86 0 5 669 0 568 100 1260 200 560 300 1398 400
87 0 5 676 0 387 100 843 200 1408 300 66 400
88 0 5 351 0 865 100 482 200 1009 300 902 400
89 0 5 499 0 550 100 426 200 394 300 737 400
90 0 5 155 0 1218 100 1073 200 966 300 2 400
91 0 5 1304 0 55 100 610 200 45 300 627 400
92 0 5 188 0 1114 100 927 200 9 300 276 400
93 0 5 1271 0 1294 100 120 200 502 300 1382 400
94 0 5 1125 0 1303 100 262 200 1468 300 1237 400
95 0 5 1091 0 1025 100 1491 200 1439 300 1129 400
96 0 5 927 0 618 100 9 200 997 300 629 400
97 0 5 768 0 370 100 981 200 701 300 1155 400
98 0 5 490 0 377 100 141 200 391 300 589 400
99 0 5 452 0 1490 100 1366 200 1139 300 590 400
100 0 5 1218 0 1203 100 2 200 1185 300 386 400
101 0 5 607 0 21 100 187 200 328 300 918 400
102 0 5 1299 0 980 100 332 200 619 300 1477 400
103 0 5 809 0 866 100 785 200 1267 300 430 400
104 0 5 678 0 877 100 336 200 1417 300 896 400
105 0 5 1509 0 1508 100 282 200 352 300 931 400
106 0 5 641 0 750 100 1043 200 1292 300 135 400
107 0 5 58 0 1053 100 1171 200 261 300 293 400
108 0 5 666 0 1263 100 752 200 1367 300 1370 400
109 0 5 1402 0 84 100 343 200 1207 300 514 400
110 0 5 1412 0 1456 100 1033 200 290 300 835 400
111 0 5 336 0 1007 100 459 200 1258 300 1154 400
112 0 5 1312 0 1176 100 606 200 1094 300 114 400
113 0 5 1184 0 724 100 1187 200 747 300 1013 400
114 0 5 8 0 1314 100 112 200 1094 300 1284 400
115 0 5 410 0 622 100 335 200 1211 300 74 400
116 0 5 1066 0 1045 100 675 200 1102 300 197 400
117 0 5 434 0 806 100 431 200 953 300 657 400
118 0 5 1272 0 710 100 1091 200 1439 300 929 400
119 0 5 1153 0 996 100 1142 200 38 300 661 400
120 0 5 833 0 1382 100 502 200 93 300 1021 400
121 0 5 1049 0 36 100 46 200 770 300 74 400
122 0 5 798 0 1266 100 920 200 734 300 565 400
123 0 5 1149 0 645 100 736 200 166 300 212 400
124 0 5 1491 0 549 100 1063 200 1445 300 95 400
125 0 5 976 0 1503 100 1502 200 217 300 275 400
126 0 5 1226 0 468 100 1045 200 116 300 1066 400
127 0 5 890 0 373 100 71 200 1070 300 1295 400
128 0 5 767 0 920 100 947 200 472 300 937 400
129 0 5 384 0 153 100 881 200 1062 300 583 400
130 0 5 151 0 378 100 1384 200 354 300 333 400
131 0 5 318 0 910 100 874 200 1198 300 82 400
132 0 5 1159 0 1214 100 715 200 873 300 688 400
133 0 5 1002 0 966 100 919 200 312 300 1313 400
134 0 5 196 0 1228 100 1114 200 249 300 1122 400
135 0 5 641 0 1393 100 289 200 106 300 1108 400
136 0 5 1289 0 327 100 1385 200 1250 300 706 400
137 0 5 210 0 263 100 185 200 273 300 1333 400
138 0 5 624 0 682 100 1115 200 401 300 632 400
139 0 5 634 0 1005 100 173 200 185 300 1206 400
140 0 5 44 0 795 100 833 200 1459 300 1382 400
141 0 5 506 0 98 100 490 200 407 300 1119 400
142 0 5 1341 0 1420 100 193 200 1392 300 589 400
143 0 5 1128 0 52 100 651 200 1421 300 1471 400
144 0 5 305 0 265 100 1238 200 59 300 797 400
145 0 5 1127 0 534 100 532 200 526 300 1472 400
146 0 5 1301 0 595 100 1142 200 1153 300 931 400
147 0 5 715 0 1187 100 688 200 976 300 588 400
148 0 5 157 0 781 100 1380 200 881 300 1062 400
149 0 5 736 0 1347 100 699 200 674 300 955 400
150 0 5 730 0 1118 100 1210 200 1399 300 233 400
151 0 5 130 0 354 100 590 200 378 300 1384 400
152 0 5 301 0 1418 100 731 200 1019 300 472 400
153 0 5 1062 0 805 100 129 200 384 300 157 400
154 0 5 1443 0 1424 100 1141 200 924 300 493 400
155 0 5 90 0 966 100 1073 200 248 300 919 400
156 0 5 1124 0 1154 100 1438 200 170 300 1258 400
157 0 5 148 0 1062 100 805 200 153 300 781 400
158 0 5 167 0 842 100 1002 200 304 300 966 400
159 0 5 1137 0 1009 100 899 200 1011 300 482 400
160 0 5 680 0 1316 100 208 200 1000 300 892 400
161 0 5 268 0 67 100 776 200 1076 300 967 400
162 0 5 218 0 600 100 532 200 1442 300 440 400
163 0 5 1415 0 720 100 322 200 603 300 1409 400
164 0 5 368 0 1120 100 1023 200 446 300 342 400
165 0 5 297 0 1202 100 1346 200 181 300 586 400
166 0 5 1180 0 1150 100 685 200 123 300 736 400
167 0 5 158 0 304 100 1002 200 919 300 842 400
168 0 5 821 0 227 100 619 200 1299 300 102 400
169 0 5 860 0 950 100 280 200 1163 300 315 400
170 0 5 622 0 1071 100 1154 200 336 300 156 400
171 0 5 863 0 1242 100 684 200 846 300 257 400
172 0 5 297 0 974 100 165 200 830 300 227 400
173 0 5 246 0 1005 100 300 200 139 300 264 400
174 0 5 1082 0 1324 100 450 200 1109 300 820 400
175 0 5 1458 0 649 100 1152 200 543 300 646 400
176 0 5 1306 0 1190 100 1097 200 1092 300 241 400
177 0 5 756 0 43 100 954 200 633 300 643 400
178 0 5 790 0 608 100 19 200 85 300 314 400
179 0 5 889 0 383 100 516 200 592 300 286 400
180 0 5 859 0 726 100 1247 200 334 300 242 400
181 0 5 1182 0 1364 100 759 200 195 300 1387 400
182 0 5 1259 0 231 100 16 200 772 300 1151 400
183 0 5 448 0 1369 100 655 200 1263 300 1088 400
184 0 5 938 0 1044 100 541 200 1019 300 1321 400
185 0 5 922 0 555 100 137 200 1206 300 139 400
186 0 5 355 0 392 100 1114 200 443 300 276 400
187 0 5 762 0 21 100 101 200 420 300 328 400
188 0 5 970 0 92 100 276 200 1136 300 1114 400
189 0 5 475 0 269 100 1230 200 515 300 831 400
190 0 5 369 0 1204 100 1235 200 399 300 1085 400
191 0 5 402 0 487 100 529 200 445 300 221 400
192 0 5 73 0 1139 100 590 200 333 300 452 400
193 0 5 1392 0 142 100 277 200 1054 300 965 400
194 0 5 1479 0 1302 100 621 200 687 300 921 400
195 0 5 1280 0 1182 100 181 200 773 300 1387 400
196 0 5 134 0 249 100 1122 200 207 300 869 400
197 0 5 1102 0 764 100 422 200 1066 300 1052 400
198 0 5 53 0 668 100 346 200 36 300 1427 400
199 0 5 34 0 1170 100 598 200 14 300 785 400
200 0 5 442 0 902 100 865 200 1044 300 484 400
201 0 5 754 0 46 100 224 200 219 300 1049 400
202 0 5 815 0 523 100 861 200 1323 300 710 400
203 0 5 20 0 478 100 597 200 1359 300 1112 400
204 0 5 825 0 1099 100 1043 200 289 300 226 400
205 0 5 659 0 244 100 1174 200 931 300 1436 400
206 0 5 1462 0 737 100 426 200 505 300 1371 400
207 0 5 869 0 1122 100 249 200 196 300 1098 400
208 0 5 1205 0 680 100 160 200 892 300 1134 400
209 0 5 913 0 76 100 1092 200 917 300 513 400
210 0 5 137 0 1333 100 273 200 306 300 17 400
211 0 5 876 0 418 100 486 200 542 300 384 400
212 0 5 1149 0 1150 100 68 200 166 300 685 400
213 0 5 758 0 732 100 799 200 169 300 1164 400
214 0 5 973 0 321 100 1498 200 24 300 1103 400
215 0 5 445 0 537 100 915 200 944 300 1287 400
216 0 5 504 0 615 100 473 200 414 300 1031 400
217 0 5 822 0 620 100 125 200 1199 300 524 400
218 0 5 162 0 1442 100 1386 200 600 300 1011 400
219 0 5 46 0 941 100 770 200 201 300 224 400
220 0 5 944 0 700 100 487 200 537 300 643 400
221 0 5 1132 0 529 100 487 200 643 300 191 400
222 0 5 292 0 736 100 685 200 674 300 1180 400
223 0 5 792 0 26 100 993 200 485 300 934 400
224 0 5 755 0 929 100 201 200 230 300 219 400
225 0 5 272 0 454 100 466 200 1240 300 1450 400
226 0 5 825 0 289 100 237 200 1245 300 135 400
227 0 5 168 0 830 100 974 200 994 300 1342 400
228 0 5 52 0 1286 100 1421 200 1279 300 1107 400
229 0 5 695 0 789 100 1252 200 1253 300 13 400
230 0 5 356 0 714 100 1183 200 896 300 818 400
231 0 5 182 0 1283 100 1256 200 772 300 1131 400
232 0 5 960 0 808 100 1264 200 983 300 54 400
233 0 5 1328 0 1399 100 1057 200 1275 300 618 400
234 0 5 1426 0 613 100 625 200 6 300 80 400
235 0 5 508 0 673 100 302 200 500 300 470 400
236 0 5 595 0 462 100 1310 200 1035 300 1301 400
237 0 5 1217 0 289 100 226 200 1245 300 1175 400
238 0 5 820 0 520 100 1257 200 1388 300 17 400
239 0 5 1302 0 939 100 1006 200 991 300 1416 400
240 0 5 1113 0 831 100 28 200 1253 300 229 400
241 0 5 1097 0 1190 100 935 200 84 300 176 400
242 0 5 1247 0 295 100 180 200 726 300 812 400
243 0 5 1440 0 972 100 768 200 1323 300 929 400
244 0 5 786 0 205 100 596 200 1497 300 1436 400
245 0 5 39 0 1086 100 984 200 1056 300 1241 400
246 0 5 268 0 173 100 67 200 1026 300 264 400
247 0 5 47 0 323 100 1169 200 590 300 1368 400
248 0 5 919 0 1073 100 1281 200 155 300 1224 400
249 0 5 196 0 1482 100 207 200 134 300 1114 400
250 0 5 1179 0 19 100 923 200 905 300 1166 400
251 0 5 650 0 1488 100 738 200 998 300 494 400
252 0 5 826 0 530 100 1492 200 997 300 381 400
253 0 5 1144 0 926 100 995 200 1178 300 49 400
254 0 5 714 0 692 100 754 200 1049 300 201 400
255 0 5 587 0 668 100 711 200 716 300 1084 400
256 0 5 528 0 263 100 1233 200 306 300 545 400
257 0 5 1290 0 1265 100 684 200 846 300 686 400
258 0 5 6 0 625 100 481 200 1410 300 605 400
259 0 5 447 0 489 100 1434 200 1168 300 564 400
260 0 5 1383 0 832 100 56 200 1356 300 1008 400
261 0 5 540 0 1053 100 29 200 107 300 1171 400
262 0 5 705 0 1125 100 94 200 1357 300 679 400
263 0 5 1027 0 137 100 256 200 545 300 634 400
264 0 5 967 0 1172 100 173 200 300 300 1330 400
265 0 5 1060 0 305 100 144 200 1238 300 1018 400
266 0 5 1397 0 693 100 834 200 1077 300 458 400
267 0 5 1118 0 1399 100 1275 200 339 300 1228 400
268 0 5 161 0 246 100 1026 200 67 300 967 400
269 0 5 1020 0 189 100 1230 200 305 300 561 400
270 0 5 851 0 288 100 1189 200 501 300 849 400
271 0 5 510 0 1116 100 1193 200 1319 300 790 400
272 0 5 225 0 466 100 454 200 511 300 481 400
273 0 5 555 0 1433 100 210 200 137 300 922 400
274 0 5 848 0 865 100 442 200 200 300 1196 400
275 0 5 1199 0 1340 100 398 200 822 300 524 400
276 0 5 1232 0 1136 100 188 200 186 300 1114 400
277 0 5 721 0 193 100 965 200 298 300 32 400
278 0 5 1444 0 593 100 982 200 1349 300 604 400
279 0 5 414 0 1467 100 516 200 1359 300 572 400
280 0 5 932 0 169 100 68 200 860 300 1150 400
281 0 5 1477 0 536 100 1208 200 581 300 1234 400
282 0 5 552 0 105 100 702 200 352 300 556 400
283 0 5 1348 0 573 100 332 200 951 300 748 400
284 0 5 346 0 1234 100 563 200 53 300 581 400
285 0 5 363 0 512 100 782 200 1431 300 1205 400
286 0 5 1408 0 560 100 66 200 179 300 383 400
287 0 5 1008 0 1121 100 408 200 432 300 1292 400
288 0 5 270 0 849 100 1273 200 533 300 1391 400
289 0 5 237 0 226 100 135 200 1108 300 1217 400
290 0 5 936 0 917 100 1412 200 110 300 671 400
291 0 5 1261 0 434 100 689 200 582 300 657 400
292 0 5 222 0 1054 100 611 200 674 300 721 400
293 0 5 1053 0 1252 100 107 200 695 300 261 400
294 0 5 1191 0 1475 100 553 200 881 300 56 400
295 0 5 242 0 845 100 812 200 386 300 1247 400
296 0 5 586 0 1202 100 1387 200 1197 300 1227 400
297 0 5 172 0 165 100 1202 200 1101 300 974 400
298 0 5 1400 0 1087 100 315 200 611 300 277 400
299 0 5 309 0 1016 100 251 200 1485 300 738 400
300 0 5 855 0 173 100 1396 200 264 300 1172 400
301 0 5 472 0 152 100 920 200 1418 300 959 400
302 0 5 339 0 235 100 1210 200 508 300 673 400
303 0 5 471 0 1251 100 837 200 85 300 1411 400
304 0 5 1313 0 167 100 842 200 1453 300 1229 400
305 0 5 144 0 265 100 1020 200 438 300 269 400
306 0 5 1333 0 1233 100 256 200 1243 300 17 400
307 0 5 547 0 389 100 1431 200 393 300 70 400
308 0 5 1409 0 802 100 1415 200 854 300 989 400
309 0 5 299 0 1143 100 1063 200 364 300 251 400
310 0 5 656 0 393 100 1365 200 1137 300 899 400
311 0 5 1043 0 1292 100 37 200 1419 300 106 400
312 0 5 1229 0 744 100 1313 200 919 300 1002 400
313 0 5 42 0 517 100 1257 200 1243 300 820 400
314 0 5 608 0 1201 100 178 200 735 300 870 400
315 0 5 1087 0 950 100 611 200 298 300 169 400
316 0 5 1248 0 525 100 1131 200 1104 300 1283 400
317 0 5 601 0 959 100 797 200 1418 300 1351 400
318 0 5 131 0 910 100 469 200 968 300 864 400
319 0 5 689 0 1064 100 387 200 571 300 667 400
320 0 5 1470 0 1481 100 886 200 639 300 1141 400
321 0 5 733 0 214 100 973 200 1498 300 961 400
322 0 5 603 0 163 100 720 200 456 300 1415 400
323 0 5 1169 0 247 100 590 200 1352 300 47 400
324 0 5 704 0 1388 100 1499 200 708 300 1362 400
325 0 5 591 0 1317 100 570 200 50 300 498 400
326 0 5 78 0 1382 100 857 200 544 300 1090 400
327 0 5 136 0 1250 100 839 200 894 300 1385 400
328 0 5 607 0 665 100 420 200 101 300 187 400
329 0 5 986 0 1451 100 359 200 1109 300 27 400
330 0 5 437 0 1372 100 639 200 1042 300 428 400
331 0 5 1209 0 1000 100 694 200 717 300 680 400
332 0 5 903 0 102 100 1299 200 691 300 573 400
333 0 5 73 0 378 100 192 200 151 300 130 400
334 0 5 1140 0 859 100 651 200 180 300 728 400
335 0 5 1211 0 74 100 115 200 455 300 410 400
336 0 5 111 0 522 100 104 200 170 300 1007 400
337 0 5 605 0 1093 100 708 200 1410 300 751 400
338 0 5 1450 0 1213 100 595 200 498 300 454 400
339 0 5 302 0 1210 100 1118 200 267 300 150 400
340 0 5 480 0 1468 100 854 200 1415 300 850 400
341 0 5 1004 0 1379 100 449 200 1012 300 1037 400
342 0 5 1413 0 368 100 1158 200 549 300 742 400
343 0 5 399 0 1402 100 1204 200 514 300 109 400
344 0 5 81 0 61 100 571 200 1064 300 1110 400
345 0 5 890 0 1287 100 1295 200 71 300 373 400
346 0 5 284 0 53 100 198 200 563 300 1318 400
347 0 5 403 0 514 100 565 200 1402 300 343 400
348 0 5 749 0 642 100 1143 200 364 300 1435 400
349 0 5 535 0 1068 100 575 200 28 300 913 400
350 0 5 632 0 1199 100 576 200 661 300 275 400
351 0 5 88 0 741 100 876 200 486 300 1219 400
352 0 5 105 0 282 100 435 200 702 300 931 400
353 0 5 416 0 1014 100 495 200 1360 300 1171 400
354 0 5 1368 0 151 100 1401 200 47 300 1384 400
355 0 5 1098 0 186 100 443 200 392 300 1012 400
356 0 5 788 0 230 100 1183 200 755 300 779 400
357 0 5 436 0 616 100 1241 200 657 300 847 400
358 0 5 1188 0 548 100 1444 200 278 300 1404 400
359 0 5 958 0 329 100 835 200 823 300 1451 400
360 0 5 928 0 1500 100 665 200 1421 300 1279 400
361 0 5 66 0 1504 100 1503 200 676 300 1061 400
362 0 5 1019 0 82 100 968 200 184 300 131 400
363 0 5 512 0 285 100 892 200 1431 300 1205 400
364 0 5 642 0 83 100 309 200 348 300 1143 400
365 0 5 1279 0 1286 100 1119 200 141 300 665 400
366 0 5 1422 0 1073 100 904 200 1281 300 1218 400
367 0 5 1405 0 504 100 1058 200 1031 300 216 400
368 0 5 164 0 342 100 1120 200 815 300 1486 400
369 0 5 190 0 1235 100 450 200 1324 300 707 400
370 0 5 1038 0 97 100 1155 200 761 300 981 400
371 0 5 885 0 853 100 716 200 1437 300 12 400
372 0 5 698 0 15 100 760 200 538 300 656 400
373 0 5 1070 0 127 100 497 200 71 300 764 400
374 0 5 874 0 1198 100 731 200 910 300 131 400
375 0 5 411 0 1395 100 1281 200 1089 300 774 400
376 0 5 814 0 424 100 778 200 1356 300 832 400
377 0 5 1501 0 98 100 1343 200 762 300 1392 400
378 0 5 333 0 130 100 151 200 939 300 991 400
379 0 5 1449 0 433 100 1255 200 872 300 1003 400
380 0 5 496 0 27 100 823 200 878 300 329 400
381 0 5 521 0 1492 100 530 200 1225 300 252 400
382 0 5 643 0 633 100 1453 200 177 300 954 400
383 0 5 1 0 1502 100 688 200 361 300 66 400
384 0 5 418 0 129 100 971 200 153 300 211 400
385 0 5 524 0 1312 100 1495 200 875 300 624 400
386 0 5 1247 0 2 100 1185 200 295 300 845 400
387 0 5 571 0 87 100 843 200 319 300 1061 400
388 0 5 11 0 880 100 1374 200 449 300 1489 400
389 0 5 547 0 1365 100 307 200 393 300 310 400
390 0 5 610 0 1354 100 1189 200 483 300 55 400
391 0 5 490 0 589 100 1119 200 141 300 98 400
392 0 5 186 0 1300 100 1012 200 355 300 1232 400
393 0 5 1365 0 990 100 310 200 1050 300 389 400
394 0 5 1463 0 1371 100 836 200 89 300 499 400
395 0 5 1455 0 1029 100 1088 200 448 300 812 400
396 0 5 1215 0 1364 100 759 200 619 300 181 400
397 0 5 1400 0 648 100 32 200 277 300 1087 400
398 0 5 1028 0 1340 100 275 200 822 300 524 400
399 0 5 1204 0 343 100 190 200 565 300 514 400
400 0 5 1297 0 1481 100 1419 200 464 300 886 400
401 0 5 908 0 609 100 646 200 1065 300 723 400
402 0 5 191 0 884 100 1287 200 445 300 529 400
403 0 5 347 0 739 100 514 200 565 300 798 400
404 0 5 1106 0 804 100 719 200 417 300 914 400
405 0 5 858 0 1016 100 1041 200 14 300 1485 400
406 0 5 962 0 1058 100 653 200 879 300 993 400
407 0 5 762 0 506 100 420 200 141 300 187 400
408 0 5 987 0 1121 100 432 200 930 300 801 400
409 0 5 663 0 647 100 1050 200 424 300 990 400
410 0 5 115 0 1375 100 74 200 335 300 622 400
411 0 5 375 0 7 100 1089 200 1395 300 1048 400
412 0 5 557 0 906 100 83 200 530 300 642 400
413 0 5 941 0 701 100 1084 200 770 300 219 400
414 0 5 279 0 473 100 1359 200 1138 300 615 400
415 0 5 633 0 744 100 1089 200 774 300 330 400
416 0 5 1171 0 353 100 883 200 107 300 58 400
417 0 5 777 0 914 100 1106 200 404 300 1401 400
418 0 5 384 0 211 100 660 200 542 300 876 400
419 0 5 1167 0 654 100 1371 200 567 300 1332 400
420 0 5 328 0 665 100 407 200 187 300 762 400
421 0 5 909 0 1280 100 773 200 181 300 195 400
422 0 5 1052 0 197 100 1269 200 764 300 1102 400
423 0 5 1268 0 1277 100 892 200 1074 300 1316 400
424 0 5 376 0 553 100 647 200 827 300 778 400
425 0 5 1034 0 1138 100 873 200 479 300 602 400
426 0 5 737 0 206 100 1311 200 499 300 89 400
427 0 5 57 0 1406 100 429 200 817 300 507 400
428 0 5 1376 0 1372 100 330 200 1048 300 415 400
429 0 5 57 0 51 100 427 200 817 300 1197 400
430 0 5 34 0 539 100 785 200 199 300 14 400
431 0 5 953 0 117 100 657 200 847 300 806 400
432 0 5 491 0 408 100 1121 200 930 300 911 400
433 0 5 1083 0 379 100 862 200 578 300 872 400
434 0 5 117 0 291 100 806 200 689 300 657 400
435 0 5 1540 0 1 100 352 200 105 300 1153 400
436 0 5 357 0 735 100 870 200 847 300 1241 400
437 0 5 330 0 964 100 639 200 1372 300 1378 400
438 0 5 891 0 22 100 305 200 1020 300 561 400
439 0 5 441 0 1206 100 570 200 922 300 591 400
440 0 5 75 0 532 100 162 200 505 300 839 400
441 0 5 670 0 439 100 1317 200 1026 300 246 400
442 0 5 200 0 1044 100 274 200 848 300 5 400
443 0 5 1482 0 1098 100 355 200 186 300 1114 400
444 0 5 1352 0 1478 100 72 200 1327 300 81 400
445 0 5 215 0 944 100 402 200 487 300 191 400
446 0 5 1023 0 981 100 164 200 861 300 1120 400
447 0 5 259 0 1111 100 489 200 1168 300 1434 400
448 0 5 1274 0 1088 100 183 200 395 300 1029 400
449 0 5 992 0 1374 100 1379 200 11 300 341 400
450 0 5 1235 0 1324 100 369 200 174 300 1085 400
451 0 5 1130 0 3 100 894 200 1311 300 838 400
452 0 5 99 0 1139 100 590 200 192 300 1366 400
453 0 5 56 0 780 100 1383 200 1473 300 1475 400
454 0 5 511 0 225 100 272 200 1450 300 466 400
455 0 5 563 0 581 100 335 200 284 300 691 400
456 0 5 761 0 322 100 603 200 370 300 672 400
457 0 5 1233 0 1380 100 900 200 1243 300 306 400
458 0 5 1200 0 885 100 693 200 1437 300 1077 400
459 0 5 1126 0 1007 100 111 200 522 300 489 400
460 0 5 1127 0 988 100 811 200 1385 300 145 400
461 0 5 1381 0 829 100 799 200 1148 300 1058 400
462 0 5 236 0 1310 100 1497 200 205 300 511 400
463 0 5 1083 0 1489 100 1374 200 1037 300 578 400
464 0 5 801 0 37 100 566 200 400 300 1297 400
465 0 5 816 0 1334 100 880 200 871 300 844 400
466 0 5 1410 0 272 100 225 200 481 300 1093 400
467 0 5 945 0 1003 100 1416 200 1086 300 984 400
468 0 5 126 0 675 100 1226 200 1066 300 116 400
469 0 5 864 0 318 100 796 200 910 300 968 400
470 0 5 1144 0 673 100 235 200 508 300 1015 400
471 0 5 303 0 837 100 85 200 1251 300 1466 400
472 0 5 301 0 920 100 128 200 152 300 937 400
473 0 5 1031 0 414 100 1138 200 216 300 615 400
474 0 5 580 0 758 100 645 200 732 300 1078 400
475 0 5 189 0 515 100 1113 200 1068 300 1230 400
476 0 5 985 0 1330 100 987 200 925 300 1147 400
477 0 5 1081 0 1373 100 49 200 1271 300 926 400
478 0 5 203 0 753 100 1359 200 597 300 568 400
479 0 5 485 0 873 100 425 200 527 300 1138 400
480 0 5 1468 0 1117 100 340 200 854 300 1357 400
481 0 5 6 0 1410 100 258 200 466 300 1262 400
482 0 5 1137 0 741 100 159 200 656 300 1009 400
483 0 5 1354 0 1461 100 390 200 747 300 1189 400
484 0 5 902 0 24 100 1498 200 200 300 865 400
485 0 5 479 0 879 100 223 200 792 300 527 400
486 0 5 1069 0 876 100 492 200 211 300 351 400
487 0 5 191 0 944 100 220 200 221 300 445 400
488 0 5 1172 0 911 100 930 200 300 300 967 400
489 0 5 564 0 259 100 447 200 1126 300 1434 400
490 0 5 391 0 98 100 141 200 589 300 1119 400
491 0 5 1075 0 911 100 432 200 1473 300 930 400
492 0 5 604 0 1069 100 486 200 982 300 973 400
493 0 5 684 0 1424 100 1322 200 863 300 924 400
494 0 5 998 0 1488 100 251 200 729 300 650 400
495 0 5 58 0 1014 100 1412 200 60 300 353 400
496 0 5 380 0 823 100 630 200 1397 300 27 400
497 0 5 764 0 1269 100 373 200 1070 300 422 400
498 0 5 1067 0 658 100 1173 200 1317 300 325 400
499 0 5 89 0 550 100 1130 200 1311 300 426 400
500 0 5 508 0 509 100 235 200 1355 300 470 400
501 0 5 952 0 1189 100 1461 200 1276 300 1184 400
502 0 5 1021 0 995 100 120 200 93 300 1294 400
503 0 5 1239 0 1403 100 1108 200 856 300 1393 400
504 0 5 216 0 367 100 753 200 615 300 1381 400
505 0 5 1462 0 1371 100 1332 200 75 300 440 400
506 0 5 141 0 407 100 420 200 762 300 1343 400
507 0 5 1406 0 29 100 817 200 427 300 631 400
508 0 5 500 0 235 100 302 200 509 300 470 400
509 0 5 500 0 1355 100 1216 200 508 300 235 400
510 0 5 271 0 608 100 790 200 1116 300 725 400
511 0 5 454 0 1450 100 1213 200 272 300 225 400
512 0 5 363 0 285 100 892 200 1205 300 1431 400
513 0 5 671 0 575 100 209 200 535 300 913 400
514 0 5 347 0 1402 100 343 200 403 300 565 400
515 0 5 475 0 1230 100 1068 200 189 300 1306 400
516 0 5 889 0 1467 100 279 200 179 300 592 400
517 0 5 313 0 42 100 893 200 1243 300 1444 400
518 0 5 852 0 1236 100 779 200 522 300 793 400
519 0 5 1325 0 940 100 722 200 892 300 70 400
520 0 5 718 0 238 100 17 200 1480 300 1388 400
521 0 5 381 0 569 100 1429 200 1225 300 557 400
522 0 5 1417 0 1236 100 336 200 518 300 852 400
523 0 5 710 0 202 100 815 200 1323 300 1091 400
524 0 5 385 0 822 100 1340 200 1028 300 398 400
525 0 5 316 0 1131 100 803 200 636 300 1256 400
526 0 5 577 0 1196 100 848 200 5 300 534 400
527 0 5 792 0 1377 100 873 200 223 300 479 400
528 0 5 256 0 781 100 545 200 1380 300 912 400
529 0 5 221 0 884 100 43 200 191 300 487 400
530 0 5 1435 0 252 100 749 200 381 300 664 400
531 0 5 1284 0 787 100 1307 200 1495 300 1314 400
532 0 5 440 0 1385 100 162 200 145 300 534 400
533 0 5 620 0 606 100 1273 200 288 300 385 400
534 0 5 600 0 145 100 526 200 532 300 1196 400
535 0 5 349 0 913 100 575 200 209 300 513 400
536 0 5 1477 0 581 100 281 200 903 300 691 400
537 0 5 915 0 215 100 700 200 944 300 220 400
538 0 5 660 0 15 100 542 200 760 300 372 400
539 0 5 906 0 430 100 83 200 785 300 866 400
540 0 5 631 0 1046 100 261 200 994 300 1171 400
541 0 5 1103 0 938 100 184 200 1019 300 937 400
542 0 5 1219 0 660 100 538 200 876 300 741 400
543 0 5 1458 0 1029 100 175 200 1100 300 649 400
544 0 5 1272 0 1090 100 929 200 326 300 857 400
545 0 5 1231 0 1396 100 528 200 263 300 855 400
546 0 5 956 0 807 100 752 200 1367 300 8 400
547 0 5 389 0 307 100 1386 200 1365 300 218 400
548 0 5 1404 0 358 100 1188 200 805 300 971 400
549 0 5 742 0 124 100 1486 200 342 300 738 400
550 0 5 838 0 89 100 499 200 1186 300 426 400
551 0 5 1470 0 1245 100 623 200 1419 300 400 400
552 0 5 282 0 702 100 556 200 105 300 1174 400
553 0 5 1191 0 424 100 583 200 827 300 294 400
554 0 5 1433 0 50 100 922 200 591 300 751 400
555 0 5 273 0 185 100 922 200 570 300 210 400
556 0 5 702 0 552 100 1105 200 1174 300 1288 400
557 0 5 1429 0 412 100 569 200 906 300 866 400
558 0 5 1093 0 1494 100 751 200 1480 300 1433 400
559 0 5 1220 0 627 100 32 200 965 300 1304 400
560 0 5 669 0 286 100 1408 200 843 300 86 400
561 0 5 1020 0 626 100 269 200 22 300 1253 400
562 0 5 1186 0 1045 100 838 200 1226 300 126 400
563 0 5 455 0 284 100 53 200 346 300 335 400
564 0 5 1258 0 489 100 1126 200 1434 300 259 400
565 0 5 727 0 347 100 403 200 514 300 399 400
566 0 5 978 0 801 100 1297 200 464 300 1221 400
567 0 5 677 0 654 100 1167 200 419 300 1134 400
568 0 5 86 0 592 100 1260 200 1398 300 669 400
569 0 5 1429 0 521 100 1267 200 1335 300 557 400
570 0 5 591 0 922 100 439 200 325 300 555 400
571 0 5 387 0 1064 100 1160 200 319 300 843 400
572 0 5 597 0 1112 100 1467 200 1359 300 279 400
573 0 5 283 0 980 100 748 200 332 300 951 400
574 0 5 1107 0 1119 100 955 200 1286 300 35 400
575 0 5 513 0 695 100 349 200 535 300 28 400
576 0 5 1115 0 632 100 350 200 1242 300 599 400
577 0 5 1472 0 526 100 5 200 848 300 48 400
578 0 5 1165 0 1489 100 784 200 1006 300 433 400
579 0 5 1265 0 1448 100 609 200 686 300 257 400
580 0 5 474 0 758 100 1163 200 1078 300 169 400
581 0 5 536 0 455 100 903 200 284 300 1234 400
582 0 5 689 0 1177 100 806 200 291 300 434 400
583 0 5 827 0 760 100 553 200 1191 300 129 400
584 0 5 840 0 1018 100 144 200 1060 300 265 400
585 0 5 709 0 1168 100 1336 200 1111 300 1434 400
586 0 5 1387 0 1202 100 296 200 165 300 1227 400
587 0 5 255 0 1084 100 1469 200 1038 300 1155 400
588 0 5 1377 0 1135 100 1187 200 747 300 873 400
589 0 5 1420 0 391 100 1119 200 98 300 490 400
590 0 5 47 0 192 100 452 200 151 300 323 400
591 0 5 325 0 570 100 50 200 922 300 439 400
592 0 5 1112 0 568 100 179 200 1467 300 516 400
593 0 5 1349 0 1331 100 1222 200 278 300 893 400
594 0 5 1151 0 612 100 897 200 1098 300 1432 400
595 0 5 236 0 1301 100 1213 200 681 300 658 400
596 0 5 1436 0 802 100 933 200 244 300 786 400
597 0 5 1359 0 572 100 203 200 1112 300 478 400
598 0 5 905 0 923 100 1170 200 785 300 199 400
599 0 5 1076 0 38 100 996 200 696 300 661 400
600 0 5 534 0 162 100 1442 200 532 300 218 400
601 0 5 317 0 1418 100 797 200 1238 300 796 400
602 0 5 1034 0 889 100 1159 200 873 300 1138 400
603 0 5 672 0 322 100 720 200 456 300 163 400
604 0 5 982 0 492 100 961 200 278 300 763 400
605 0 5 337 0 708 100 1362 200 258 300 1093 400
606 0 5 533 0 1312 100 112 200 385 300 1273 400
607 0 5 101 0 328 100 956 200 807 300 769 400
608 0 5 314 0 178 100 510 200 725 300 790 400
609 0 5 401 0 646 100 1448 200 579 300 1265 400
610 0 5 390 0 627 100 635 200 55 300 1354 400
611 0 5 721 0 315 100 292 200 1054 300 685 400
612 0 5 594 0 897 100 1432 200 1379 300 1004 400
613 0 5 80 0 234 100 625 200 888 300 1303 400
614 0 5 1510 0 1411 100 1509 200 1201 300 1251 400
615 0 5 753 0 216 100 1359 200 504 300 414 400
616 0 5 1241 0 357 100 10 200 436 300 39 400
617 0 5 794 0 1249 100 687 200 844 300 1441 400
618 0 5 1328 0 96 100 1275 200 629 300 997 400
619 0 5 1353 0 1215 100 168 200 30 300 743 400
620 0 5 533 0 822 100 217 200 724 300 606 400
621 0 5 1441 0 719 100 1479 200 921 300 194 400
622 0 5 170 0 115 100 1211 200 410 300 1071 400
623 0 5 1099 0 1419 100 551 200 1043 300 1245 400
624 0 5 682 0 1028 100 138 200 875 300 385 400
625 0 5 80 0 258 100 234 200 613 300 6 400
626 0 5 831 0 561 100 240 200 1253 300 189 400
627 0 5 635 0 559 100 610 200 26 300 91 400
628 0 5 712 0 1254 100 756 200 1483 300 1245 400
629 0 5 826 0 1156 100 997 200 1057 300 1047 400
630 0 5 1397 0 496 100 823 200 1077 300 834 400
631 0 5 867 0 540 100 29 200 261 300 1046 400
632 0 5 576 0 350 100 138 200 1115 300 1028 400
633 0 5 382 0 954 100 415 200 1042 300 177 400
634 0 5 1027 0 139 100 1005 200 263 300 300 400
635 0 5 627 0 1354 100 610 200 792 300 390 400
636 0 5 652 0 804 100 525 200 794 300 745 400
637 0 5 963 0 1033 100 1456 200 957 300 823 400
638 0 5 1423 0 858 100 1041 200 1055 300 405 400
639 0 5 690 0 964 100 330 200 437 300 320 400
640 0 5 1059 0 1200 100 888 200 1425 300 12 400
641 0 5 135 0 106 100 750 200 1356 300 1393 400
642 0 5 364 0 348 100 1143 200 412 300 749 400
643 0 5 382 0 1132 100 700 200 221 300 43 400
644 0 5 690 0 1254 100 1042 200 954 300 1245 400
645 0 5 1078 0 123 100 474 200 68 300 1163 400
646 0 5 609 0 649 100 686 200 401 300 1100 400
647 0 5 663 0 409 100 827 200 424 300 760 400
648 0 5 397 0 975 100 1164 200 765 300 1087 400
649 0 5 1100 0 175 100 646 200 543 300 1458 400
650 0 5 1485 0 251 100 933 200 1288 300 998 400
651 0 5 1017 0 1471 100 334 200 1421 300 1140 400
652 0 5 794 0 636 100 804 200 617 300 1441 400
653 0 5 1058 0 1031 100 406 200 879 300 993 400
654 0 5 1332 0 567 100 419 200 782 300 677 400
655 0 5 787 0 183 100 752 200 1263 300 8 400
656 0 5 310 0 698 100 990 200 482 300 1137 400
657 0 5 1056 0 431 100 357 200 1261 300 434 400
658 0 5 498 0 1173 100 681 200 595 300 325 400
659 0 5 205 0 931 100 702 200 1174 300 236 400
660 0 5 538 0 542 100 418 200 760 300 1219 400
661 0 5 996 0 599 100 119 200 350 300 1153 400
662 0 5 1465 0 946 100 33 200 1308 300 771 400
663 0 5 409 0 647 100 1050 200 990 300 424 400
664 0 5 31 0 1133 100 1435 200 530 300 252 400
665 0 5 928 0 420 100 328 200 360 300 365 400
666 0 5 108 0 1370 100 1263 200 916 300 713 400
667 0 5 1261 0 72 100 1032 200 1327 300 1056 400
668 0 5 198 0 255 100 711 200 770 300 36 400
669 0 5 86 0 560 100 568 200 592 300 286 400
670 0 5 441 0 1317 100 1026 200 942 300 1067 400
671 0 5 936 0 513 100 917 200 209 300 290 400
672 0 5 981 0 603 100 720 200 97 300 322 400
673 0 5 470 0 235 100 1015 200 302 300 1144 400
674 0 5 1347 0 149 100 222 200 1054 300 1341 400
675 0 5 468 0 1066 100 116 200 1226 300 1052 400
676 0 5 87 0 1061 100 361 200 66 300 1517 400
677 0 5 567 0 1167 100 1134 200 943 300 654 400
678 0 5 104 0 1236 100 1417 200 877 300 518 400
679 0 5 1157 0 705 100 262 200 1497 300 1357 400
680 0 5 160 0 208 100 694 200 1205 300 1070 400
681 0 5 658 0 595 100 1301 200 325 300 498 400
682 0 5 624 0 1244 100 875 200 138 300 908 400
683 0 5 1496 0 949 100 1079 200 1145 300 1430 400
684 0 5 493 0 257 100 1290 200 171 300 1424 400
685 0 5 1180 0 222 100 1150 200 611 300 166 400
686 0 5 1265 0 1296 100 646 200 579 300 257 400
687 0 5 1441 0 617 100 804 200 1479 300 816 400
688 0 5 1214 0 147 100 1159 200 383 300 132 400
689 0 5 319 0 582 100 291 200 434 300 387 400
690 0 5 644 0 639 100 551 200 1470 300 1042 400
691 0 5 1080 0 1051 100 903 200 332 300 335 400
692 0 5 254 0 1375 100 714 200 818 300 1049 400
693 0 5 1437 0 266 100 834 200 458 300 711 400
694 0 5 71 0 331 100 1209 200 680 300 1070 400
695 0 5 229 0 575 100 1252 200 293 300 789 400
696 0 5 599 0 985 100 1181 200 1147 300 38 400
697 0 5 1036 0 1320 100 1010 200 1336 300 1430 400
698 0 5 372 0 990 100 656 200 760 300 15 400
699 0 5 1476 0 35 100 149 200 955 300 736 400
700 0 5 220 0 1453 100 915 200 537 300 643 400
701 0 5 413 0 972 100 97 200 768 300 1084 400
702 0 5 552 0 556 100 282 200 1174 300 352 400
703 0 5 1165 0 784 100 816 200 880 300 578 400
704 0 5 324 0 1362 100 708 200 605 300 1326 400
705 0 5 262 0 679 100 1493 200 1125 300 94 400
706 0 5 757 0 48 100 1289 200 988 300 1385 400
707 0 5 1331 0 893 100 369 200 42 300 593 400
708 0 5 1362 0 605 100 704 200 324 300 337 400
709 0 5 1111 0 585 100 1168 200 1336 300 447 400
710 0 5 523 0 118 100 1323 200 1091 300 1440 400
711 0 5 1452 0 668 100 255 200 716 300 834 400
712 0 5 628 0 1389 100 756 200 1483 300 1254 400
713 0 5 1370 0 1285 100 1095 200 1367 300 666 400
714 0 5 254 0 230 100 754 200 692 300 818 400
715 0 5 1135 0 147 100 132 200 1187 300 688 400
716 0 5 1437 0 371 100 885 200 711 300 12 400
717 0 5 1209 0 1484 100 824 200 1000 300 331 400
718 0 5 520 0 1480 100 17 200 1039 300 1494 400
719 0 5 621 0 914 100 921 200 404 300 1441 400
720 0 5 163 0 322 100 603 200 672 300 1413 400
721 0 5 277 0 611 100 1054 200 193 300 292 400
722 0 5 1325 0 1431 100 519 200 892 300 70 400
723 0 5 1152 0 1065 100 1307 200 1369 300 401 400
724 0 5 1013 0 113 100 620 200 1184 300 822 400
725 0 5 945 0 10 100 608 200 616 300 510 400
726 0 5 1464 0 180 100 1285 200 859 300 1162 400
727 0 5 1266 0 565 100 1222 200 122 300 399 400
728 0 5 1140 0 1128 100 334 200 651 300 1471 400
729 0 5 1158 0 989 100 494 200 998 300 738 400
730 0 5 150 0 1210 100 1118 200 1399 300 339 400
731 0 5 874 0 374 100 152 200 1418 300 1019 400
732 0 5 213 0 829 100 474 200 799 300 1058 400
733 0 5 321 0 961 100 973 200 763 300 1069 400
734 0 5 1351 0 959 100 798 200 122 300 813 400
735 0 5 870 0 1511 100 1510 200 436 300 847 400
736 0 5 149 0 222 100 1347 200 123 300 166 400
737 0 5 426 0 206 100 1462 200 505 300 1463 400
738 0 5 742 0 1488 100 251 200 549 300 299 400
739 0 5 798 0 403 100 813 200 1306 300 1190 400
740 0 5 7 0 1455 100 395 200 775 300 1100 400
741 0 5 1219 0 351 100 482 200 542 300 15 400
742 0 5 549 0 738 100 342 200 1158 300 1486 400
743 0 5 30 0 980 100 619 200 1353 300 102 400
744 0 5 774 0 312 100 415 200 1229 300 1224 400
745 0 5 882 0 1106 100 636 200 404 300 804 400
746 0 5 1264 0 1277 100 1223 200 1074 300 1484 400
747 0 5 1461 0 1377 100 113 200 1354 300 588 400
748 0 5 1010 0 573 100 1353 200 1036 300 619 400
749 0 5 348 0 1435 100 1329 200 530 300 1143 400
750 0 5 106 0 1356 100 641 200 1008 300 1292 400
751 0 5 1093 0 1240 100 558 200 1433 300 50 400
752 0 5 1263 0 546 100 108 200 655 300 1367 400
753 0 5 615 0 478 100 504 200 1359 300 597 400
754 0 5 201 0 254 100 714 200 692 300 1049 400
755 0 5 224 0 788 100 857 200 929 300 779 400
756 0 5 177 0 1389 100 712 200 954 300 628 400
757 0 5 706 0 811 100 48 200 1472 300 988 400
758 0 5 213 0 580 100 474 200 732 300 169 400
759 0 5 1145 0 181 100 396 200 1320 300 1364 400
760 0 5 583 0 372 100 538 200 15 300 827 400
761 0 5 456 0 1425 100 370 200 853 300 322 400
762 0 5 407 0 187 100 377 200 1343 300 420 400
763 0 5 961 0 1349 100 895 200 1222 300 733 400
764 0 5 497 0 197 100 1269 200 422 300 373 400
765 0 5 26 0 975 100 934 200 648 300 32 400
766 0 5 907 0 793 100 1459 200 779 300 852 400
767 0 5 128 0 895 100 947 200 1266 300 122 400
768 0 5 97 0 972 100 243 200 981 300 1323 400
769 0 5 807 0 918 100 8 200 607 300 21 400
770 0 5 36 0 46 100 219 200 1084 300 668 400
771 0 5 1465 0 1335 100 946 200 970 300 1225 400
772 0 5 1256 0 231 100 1249 200 871 300 1283 400
773 0 5 1293 0 25 100 1182 200 421 300 1280 400
774 0 5 744 0 1089 100 1224 200 415 300 1376 400
775 0 5 845 0 7 100 812 200 395 300 1422 400
776 0 5 1282 0 800 100 1181 200 1076 300 1330 400
777 0 5 417 0 1401 100 1384 200 151 300 1454 400
778 0 5 1239 0 1393 100 376 200 940 300 424 400
779 0 5 857 0 793 100 518 200 788 300 755 400
780 0 5 1315 0 453 100 1473 200 56 300 1475 400
781 0 5 148 0 528 100 1022 200 1380 300 912 400
782 0 5 1332 0 285 100 1431 200 654 300 1205 400
783 0 5 824 0 54 100 1484 200 884 300 529 400
784 0 5 703 0 880 100 1165 200 1489 300 578 400
785 0 5 103 0 430 100 598 200 866 300 34 400
786 0 5 244 0 854 100 308 200 596 300 1497 400
787 0 5 531 0 655 100 1284 200 183 300 1307 400
788 0 5 356 0 1183 100 779 200 755 300 230 400
789 0 5 13 0 1252 100 229 200 695 300 1253 400
790 0 5 1319 0 178 100 510 200 608 300 271 400
791 0 5 821 0 1346 100 1364 200 168 300 165 400
792 0 5 527 0 223 100 635 200 485 300 1377 400
793 0 5 766 0 1459 100 779 200 857 300 518 400
794 0 5 652 0 617 100 1249 200 636 300 1256 400
795 0 5 140 0 1216 100 833 200 44 300 1382 400
796 0 5 840 0 1418 100 469 200 864 300 1018 400
797 0 5 1238 0 1351 100 601 200 1394 300 144 400
798 0 5 122 0 734 100 739 200 813 300 1351 400
799 0 5 1148 0 829 100 461 200 962 300 1381 400
800 0 5 1076 0 776 100 1181 200 38 300 1282 400
801 0 5 464 0 566 100 925 200 408 300 1121 400
802 0 5 308 0 933 100 596 200 989 300 1436 400
803 0 5 882 0 1104 100 525 200 316 300 636 400
804 0 5 636 0 404 100 687 200 1441 300 652 400
805 0 5 153 0 1404 100 971 200 157 300 1062 400
806 0 5 117 0 953 100 434 200 1177 300 582 400
807 0 5 769 0 546 100 956 200 607 300 752 400
808 0 5 960 0 1175 100 232 200 1483 300 54 400
809 0 5 1267 0 103 100 866 200 785 300 521 400
810 0 5 1079 0 41 100 1270 200 949 300 977 400
811 0 5 757 0 988 100 1472 200 534 300 145 400
812 0 5 916 0 295 100 1095 200 845 300 775 400
813 0 5 1394 0 1351 100 798 200 739 300 734 400
814 0 5 376 0 832 100 1475 200 424 300 1356 400
815 0 5 202 0 1486 100 861 200 1023 300 368 400
816 0 5 465 0 703 100 687 200 1479 300 1165 400
817 0 5 64 0 29 100 507 200 427 300 1406 400
818 0 5 1071 0 896 100 877 200 1375 300 230 400
819 0 5 1001 0 1337 100 1321 200 1358 300 968 400
820 0 5 238 0 1257 100 1324 200 313 300 174 400
821 0 5 791 0 168 100 1346 200 227 300 1364 400
822 0 5 1340 0 620 100 217 200 398 300 524 400
823 0 5 957 0 496 100 958 200 963 300 630 400
824 0 5 783 0 1484 100 717 200 1390 300 1209 400
825 0 5 226 0 204 100 1099 200 1245 300 289 400
826 0 5 629 0 252 100 997 200 1156 300 664 400
827 0 5 647 0 583 100 553 200 424 300 760 400
828 0 5 1207 0 1085 100 1447 200 84 300 898 400
829 0 5 732 0 461 100 799 200 1058 300 962 400
830 0 5 1342 0 974 100 867 200 227 300 631 400
831 0 5 626 0 240 100 189 200 1253 300 1113 400
832 0 5 260 0 814 100 1356 200 376 300 56 400
833 0 5 120 0 1382 100 1216 200 1021 300 502 400
834 0 5 1452 0 1344 100 266 200 693 300 1291 400
835 0 5 841 0 958 100 1339 200 62 300 359 400
836 0 5 943 0 1407 100 1226 200 1167 300 394 400
837 0 5 471 0 1055 100 948 200 1466 300 303 400
838 0 5 550 0 1186 100 1130 200 1045 300 562 400
839 0 5 1250 0 1385 100 327 200 532 300 440 400
840 0 5 796 0 584 100 1018 200 144 300 59 400
841 0 5 1339 0 835 100 62 200 917 300 898 400
842 0 5 158 0 915 100 304 200 1453 300 700 400
843 0 5 4 0 87 100 387 200 560 300 571 400
844 0 5 871 0 1249 100 687 200 617 300 465 400
845 0 5 775 0 295 100 2 200 812 300 386 400
846 0 5 1448 0 1242 100 257 200 171 300 579 400
847 0 5 870 0 953 100 431 200 436 300 1513 400
848 0 5 274 0 5 100 526 200 1196 300 442 400
849 0 5 1391 0 1273 100 288 200 1189 300 533 400
850 0 5 1468 0 1298 100 1303 200 94 300 340 400
851 0 5 1276 0 270 100 288 200 952 300 533 400
852 0 5 907 0 518 100 522 200 1459 300 1236 400
853 0 5 371 0 885 100 1425 200 12 300 716 400
854 0 5 340 0 480 100 1415 200 308 300 802 400
855 0 5 300 0 1396 100 545 200 173 300 488 400
856 0 5 1403 0 1223 100 1361 200 503 300 940 400
857 0 5 779 0 326 100 793 200 755 300 1382 400
858 0 5 405 0 1041 100 638 200 1105 300 1288 400
859 0 5 180 0 334 100 726 200 1017 300 651 400
860 0 5 169 0 950 100 280 200 315 300 611 400
861 0 5 1323 0 1023 100 202 200 815 300 446 400
862 0 5 872 0 1037 100 433 200 33 300 1083 400
863 0 5 1322 0 1221 100 171 200 493 300 985 400
864 0 5 469 0 1198 100 796 200 1418 300 731 400
865 0 5 274 0 88 100 902 200 200 300 848 400
866 0 5 103 0 809 100 1267 200 785 300 906 400
867 0 5 631 0 1101 100 974 200 830 300 1227 400
868 0 5 1129 0 1445 100 31 200 1081 300 1133 400
869 0 5 207 0 16 100 196 200 1098 300 249 400
870 0 5 847 0 735 100 1512 200 436 300 953 400
871 0 5 844 0 1432 100 1249 200 772 300 1259 400
872 0 5 862 0 1255 100 379 200 433 300 33 400
873 0 5 1214 0 479 100 1135 200 527 300 132 400
874 0 5 374 0 731 100 1019 200 131 300 910 400
875 0 5 1192 0 682 100 624 200 1244 300 385 400
876 0 5 211 0 542 100 486 200 351 300 1219 400
877 0 5 104 0 896 100 818 200 1071 300 336 400
878 0 5 1072 0 27 100 1077 200 380 300 1246 400
879 0 5 993 0 1138 100 485 200 653 300 406 400
880 0 5 1334 0 388 100 784 200 465 300 703 400
881 0 5 1194 0 129 100 56 200 294 300 1475 400
882 0 5 803 0 745 100 1106 200 1104 300 636 400
883 0 5 994 0 1278 100 1171 200 416 300 353 400
884 0 5 1390 0 402 100 529 200 783 300 824 400
885 0 5 371 0 853 100 12 200 716 300 1437 400
886 0 5 1141 0 1481 100 320 200 400 300 1378 400
887 0 5 1464 0 1212 100 928 200 956 300 328 400
888 0 5 1059 0 1200 100 1237 200 640 300 1303 400
889 0 5 516 0 179 100 602 200 1159 300 279 400
890 0 5 127 0 345 100 1295 200 71 300 1070 400
891 0 5 438 0 1060 100 22 200 1474 300 64 400
892 0 5 363 0 512 100 423 200 722 300 519 400
893 0 5 707 0 42 100 1331 200 517 300 1444 400
894 0 5 3 0 1250 100 451 200 327 300 706 400
895 0 5 767 0 947 100 763 200 1222 300 1349 400
896 0 5 1183 0 877 100 818 200 230 300 518 400
897 0 5 1004 0 612 100 1098 200 1012 300 594 400
898 0 5 62 0 18 100 935 200 1451 300 828 400
899 0 5 1386 0 1137 100 159 200 1011 300 1365 400
900 0 5 1188 0 1380 100 457 200 1243 300 1233 400
901 0 5 1296 0 1048 100 1100 200 646 300 686 400
902 0 5 484 0 200 100 865 200 24 300 88 400
903 0 5 332 0 1477 100 691 200 581 300 536 400
904 0 5 1395 0 1281 100 366 200 1422 300 1073 400
905 0 5 598 0 1179 100 923 200 250 300 785 400
906 0 5 539 0 83 100 412 200 866 300 557 400
907 0 5 766 0 852 100 518 200 793 300 1459 400
908 0 5 1244 0 401 100 1065 200 682 300 138 400
909 0 5 977 0 421 100 181 200 773 300 949 400
910 0 5 131 0 318 100 1198 200 374 300 874 400
911 0 5 491 0 488 100 930 200 1396 300 1473 400
912 0 5 1231 0 1022 100 1315 200 528 300 781 400
913 0 5 535 0 209 100 1092 200 1306 300 349 400
914 0 5 1309 0 719 100 417 200 1454 300 404 400
915 0 5 537 0 842 100 215 200 700 300 1453 400
916 0 5 1274 0 812 100 1370 200 666 300 1095 400
917 0 5 1339 0 290 100 76 200 209 300 936 400
918 0 5 1094 0 769 100 8 200 101 300 546 400
919 0 5 248 0 1224 100 966 200 155 300 312 400
920 0 5 472 0 128 100 301 200 122 300 152 400
921 0 5 939 0 1309 100 719 200 621 300 1454 400
922 0 5 185 0 570 100 555 200 439 300 1206 400
923 0 5 598 0 905 100 1179 200 250 300 1170 400
924 0 5 978 0 1322 100 400 200 1297 300 493 400
925 0 5 801 0 476 100 985 200 1221 300 1322 400
926 0 5 1487 0 1373 100 253 200 995 300 477 400
927 0 5 96 0 92 100 9 200 997 300 970 400
928 0 5 360 0 665 100 1464 200 1500 300 328 400
929 0 5 544 0 224 100 755 200 118 300 1272 400
930 0 5 1172 0 408 100 911 200 488 300 1330 400
931 0 5 659 0 105 100 702 200 205 300 282 400
932 0 5 280 0 68 100 645 200 169 300 1150 400
933 0 5 802 0 989 100 1436 200 650 300 596 400
934 0 5 993 0 26 100 765 200 975 300 223 400
935 0 5 1097 0 241 100 898 200 1092 300 76 400
936 0 5 671 0 290 100 1412 200 917 300 209 400
937 0 5 1103 0 947 100 1019 200 128 300 152 400
938 0 5 184 0 541 100 1019 200 1103 300 362 400
939 0 5 921 0 239 100 991 200 378 300 1416 400
940 0 5 1403 0 519 100 423 200 778 300 856 400
941 0 5 413 0 219 100 770 200 46 300 201 400
942 0 5 1030 0 1026 100 1067 200 1317 300 670 400
943 0 5 836 0 1407 100 1134 200 1167 300 677 400
944 0 5 220 0 445 100 487 200 537 300 215 400
945 0 5 467 0 725 100 1003 200 1193 300 10 400
946 0 5 662 0 1335 100 771 200 1255 300 1465 400
947 0 5 937 0 895 100 128 200 767 300 1103 400
948 0 5 1166 0 1055 100 979 200 837 300 1041 400
949 0 5 1079 0 977 100 683 200 810 300 1428 400
950 0 5 860 0 315 100 169 200 611 300 1087 400
951 0 5 1345 0 1438 100 573 200 283 300 1348 400
952 0 5 501 0 1184 100 1276 200 851 300 1461 400
953 0 5 806 0 431 100 847 200 1513 300 1512 400
954 0 5 1042 0 633 100 177 200 756 300 644 400
955 0 5 1476 0 574 100 1341 200 699 300 149 400
956 0 5 546 0 1367 100 1212 200 807 300 607 400
957 0 5 963 0 823 100 1456 200 958 300 637 400
958 0 5 359 0 957 100 823 200 835 300 963 400
959 0 5 317 0 1351 100 734 200 797 300 301 400
960 0 5 808 0 232 100 54 200 1389 300 43 400
961 0 5 763 0 733 100 604 200 973 300 1069 400
962 0 5 406 0 1164 100 1148 200 799 300 1058 400
963 0 5 637 0 957 100 823 200 1456 300 958 400
964 0 5 1378 0 437 100 639 200 1372 300 320 400
965 0 5 32 0 1392 100 277 200 1220 300 193 400
966 0 5 133 0 155 100 919 200 1073 300 90 400
967 0 5 264 0 776 100 488 200 1282 300 246 400
968 0 5 82 0 1001 100 318 200 362 300 131 400
969 0 5 1262 0 1125 100 1426 200 1493 300 234 400
970 0 5 188 0 1465 100 771 200 1225 300 927 400
971 0 5 1404 0 805 100 384 200 153 300 418 400
972 0 5 243 0 701 100 768 200 1155 300 97 400
973 0 5 214 0 1069 100 733 200 321 300 961 400
974 0 5 172 0 830 100 867 200 227 300 297 400
975 0 5 765 0 648 100 1164 200 934 300 993 400
976 0 5 1013 0 125 100 147 200 383 300 113 400
977 0 5 909 0 949 100 773 200 181 300 683 400
978 0 5 566 0 924 100 1322 200 1297 300 1221 400
979 0 5 14 0 948 100 1041 200 1166 300 405 400
980 0 5 743 0 573 100 102 200 1299 300 30 400
981 0 5 672 0 446 100 97 200 768 300 164 400
982 0 5 604 0 278 100 492 200 961 300 763 400
983 0 5 999 0 232 100 1264 200 1223 300 1108 400
984 0 5 991 0 1086 100 245 200 1139 300 467 400
985 0 5 1147 0 476 100 696 200 925 300 863 400
986 0 5 329 0 27 100 1082 200 1246 300 1109 400
987 0 5 408 0 476 100 1330 200 930 300 432 400
988 0 5 811 0 460 100 706 200 757 300 1385 400
989 0 5 729 0 933 100 802 200 998 300 1158 400
990 0 5 698 0 393 100 1050 200 656 300 760 400
991 0 5 984 0 939 100 1416 200 239 300 1006 400
992 0 5 11 0 449 100 1379 200 341 300 1432 400
993 0 5 934 0 879 100 223 200 406 300 485 400
994 0 5 883 0 1046 100 1278 200 1171 300 1342 400
995 0 5 1294 0 253 100 502 200 1487 300 926 400
996 0 5 38 0 119 100 661 200 599 300 1153 400
997 0 5 1492 0 629 100 826 200 252 300 927 400
998 0 5 494 0 989 100 251 200 933 300 650 400
999 0 5 983 0 1217 100 1175 200 232 300 289 400
1000 0 5 331 0 717 100 1484 200 1074 300 160 400
1001 0 5 819 0 968 100 1337 200 184 300 82 400
1002 0 5 133 0 1313 100 167 200 312 300 919 400
1003 0 5 467 0 1193 100 433 200 945 300 1416 400
1004 0 5 897 0 341 100 1379 200 612 300 1012 400
1005 0 5 139 0 173 100 300 200 634 300 185 400
1006 0 5 1302 0 1416 100 239 200 578 300 1165 400
1007 0 5 459 0 1126 100 111 200 1258 300 336 400
1008 0 5 287 0 1146 100 1292 200 1356 300 750 400
1009 0 5 1196 0 159 100 482 200 88 300 1011 400
1010 0 5 748 0 1036 100 1320 200 1215 300 697 400
1011 0 5 1442 0 1386 100 159 200 1196 300 899 400
1012 0 5 1037 0 392 100 1098 200 341 300 897 400
1013 0 5 724 0 976 100 113 200 1184 300 147 400
1014 0 5 60 0 353 100 495 200 1360 300 58 400
1015 0 5 1057 0 1178 100 673 200 1144 300 1047 400
1016 0 5 405 0 1485 100 299 200 858 300 650 400
1017 0 5 651 0 1471 100 1162 200 726 300 334 400
1018 0 5 59 0 584 100 840 200 144 300 796 400
1019 0 5 362 0 184 100 938 200 82 300 937 400
1020 0 5 561 0 269 100 305 200 438 300 22 400
1021 0 5 502 0 1355 100 120 200 1216 300 833 400
1022 0 5 912 0 1194 100 1315 200 781 300 881 400
1023 0 5 861 0 446 100 164 200 815 300 368 400
1024 0 5 1304 0 1501 100 1343 200 1220 300 377 400
1025 0 5 1486 0 95 100 1491 200 815 300 549 400
1026 0 5 670 0 942 100 67 200 268 300 1206 400
1027 0 5 263 0 634 100 139 200 256 300 185 400
1028 0 5 398 0 624 100 524 200 385 300 632 400
1029 0 5 543 0 1458 100 395 200 1088 300 1152 400
1030 0 5 942 0 1173 100 1067 200 67 300 498 400
1031 0 5 473 0 653 100 879 200 1138 300 367 400
1032 0 5 69 0 1056 100 667 200 1261 300 72 400
1033 0 5 637 0 1456 100 110 200 1412 300 963 400
1034 0 5 425 0 602 100 1138 200 873 300 414 400
1035 0 5 236 0 1310 100 1301 200 931 300 105 400
1036 0 5 697 0 1010 100 1320 200 748 300 573 400
1037 0 5 1012 0 1374 100 463 200 341 300 1308 400
1038 0 5 1155 0 370 100 587 200 1469 300 255 400
1039 0 5 17 0 718 100 1480 200 273 300 1093 400
1040 0 5 63 0 25 100 41 200 949 300 1293 400
1041 0 5 858 0 638 100 405 200 1055 300 948 400
1042 0 5 954 0 644 100 330 200 633 300 415 400
1043 0 5 311 0 106 100 1099 200 204 300 623 400
1044 0 5 442 0 1358 100 184 200 200 300 24 400
1045 0 5 562 0 116 100 838 200 126 300 1226 400
1046 0 5 1342 0 540 100 994 200 261 300 1171 400
1047 0 5 1156 0 1057 100 629 200 49 300 1178 400
1048 0 5 1372 0 901 100 1296 200 428 300 411 400
1049 0 5 121 0 74 100 1375 200 36 300 692 400
1050 0 5 70 0 990 100 393 200 409 300 663 400
1051 0 5 1080 0 691 100 1348 200 335 300 1211 400
1052 0 5 422 0 1102 100 1269 200 1226 300 197 400
1053 0 5 293 0 107 100 261 200 58 300 1252 400
1054 0 5 292 0 721 100 611 200 674 300 193 400
1055 0 5 837 0 638 100 948 200 1041 300 1423 400
1056 0 5 657 0 1032 100 1241 200 69 300 667 400
1057 0 5 1015 0 1047 100 629 200 233 300 150 400
1058 0 5 653 0 406 100 367 200 1405 300 1148 400
1059 0 5 640 0 888 100 1237 200 1298 300 1303 400
1060 0 5 265 0 891 100 305 200 584 300 796 400
1061 0 5 676 0 1506 100 1505 200 361 300 1177 400
1062 0 5 153 0 157 100 129 200 805 300 148 400
1063 0 5 1445 0 1329 100 1143 200 309 300 124 400
1064 0 5 1160 0 571 100 319 200 1327 300 444 400
1065 0 5 1192 0 723 100 1307 200 908 300 1244 400
1066 0 5 116 0 675 100 1102 200 197 300 468 400
1067 0 5 498 0 1317 100 942 200 1173 300 1030 400
1068 0 5 349 0 515 100 1306 200 28 300 475 400
1069 0 5 973 0 486 100 492 200 1498 300 733 400
1070 0 5 373 0 71 100 680 200 497 300 127 400
1071 0 5 818 0 170 100 877 200 622 300 336 400
1072 0 5 1077 0 878 100 1397 200 266 300 630 400
1073 0 5 248 0 366 100 90 200 155 300 1218 400
1074 0 5 1277 0 1268 100 1000 200 423 300 746 400
1075 0 5 491 0 1473 100 1146 200 432 300 1383 400
1076 0 5 800 0 599 100 38 200 1181 300 776 400
1077 0 5 1072 0 1397 100 266 200 458 300 878 400
1078 0 5 1163 0 645 100 580 200 474 300 169 400
1079 0 5 810 0 949 100 683 200 977 300 1428 400
1080 0 5 1051 0 691 100 1348 200 283 300 1211 400
1081 0 5 477 0 1129 100 868 200 31 300 49 400
1082 0 5 1499 0 1388 100 174 200 986 300 1109 400
1083 0 5 463 0 433 100 862 200 578 300 1489 400
1084 0 5 1469 0 587 100 770 200 413 300 1155 400
1085 0 5 1235 0 828 100 190 200 1204 300 450 400
1086 0 5 984 0 245 100 39 200 467 300 991 400
1087 0 5 315 0 298 100 1164 200 648 300 975 400
1088 0 5 448 0 1369 100 1029 200 395 300 183 400
1089 0 5 1376 0 774 100 415 200 375 300 1281 400
1090 0 5 78 0 544 100 40 200 1272 300 326 400
1091 0 5 1439 0 95 100 118 200 1025 300 710 400
1092 0 5 76 0 913 100 209 200 935 300 1097 400
1093 0 5 751 0 558 100 337 200 1410 300 605 400
1094 0 5 918 0 112 100 114 200 1273 300 8 400
1095 0 5 1285 0 713 100 1370 200 812 300 916 400
1096 0 5 1350 0 1427 100 1291 200 1318 300 60 400
1097 0 5 241 0 1190 100 935 200 1092 300 176 400
1098 0 5 355 0 443 100 1012 200 897 300 392 400
1099 0 5 623 0 204 100 1043 200 825 300 1245 400
1100 0 5 649 0 901 100 646 200 1296 300 175 400
1101 0 5 1227 0 867 100 1202 200 1197 300 165 400
1102 0 5 197 0 1052 100 1066 200 422 300 116 400
1103 0 5 541 0 937 100 1019 200 938 300 214 400
1104 0 5 1248 0 803 100 316 200 882 300 1106 400
1105 0 5 1288 0 1174 100 556 200 858 300 638 400
1106 0 5 745 0 404 100 417 200 882 300 636 400
1107 0 5 35 0 574 100 52 200 228 300 1286 400
1108 0 5 1393 0 1361 100 503 200 289 300 983 400
1109 0 5 1447 0 1082 100 986 200 174 300 329 400
1110 0 5 1327 0 81 100 1478 200 444 300 72 400
1111 0 5 709 0 447 100 1430 200 1428 300 1336 400
1112 0 5 592 0 1467 100 572 200 597 300 1398 400
1113 0 5 28 0 240 100 475 200 1068 300 189 400
1114 0 5 92 0 9 100 1275 200 186 300 134 400
1115 0 5 576 0 1242 100 138 200 632 300 624 400
1116 0 5 1446 0 271 100 510 200 1319 300 1449 400
1117 0 5 480 0 1357 100 1468 200 262 300 340 400
1118 0 5 267 0 150 100 339 200 1399 300 730 400
1119 0 5 574 0 365 100 391 200 1341 300 955 400
1120 0 5 1413 0 164 100 368 200 446 300 342 400
1121 0 5 287 0 408 100 432 200 464 300 801 400
1122 0 5 1228 0 207 100 196 200 134 300 869 400
1123 0 5 48 0 5 100 1472 200 577 300 526 400
1124 0 5 156 0 1438 100 170 200 622 300 1154 400
1125 0 5 1303 0 94 100 262 200 969 300 1426 400
1126 0 5 459 0 1007 100 489 200 564 300 1258 400
1127 0 5 460 0 145 100 534 200 532 300 988 400
1128 0 5 143 0 728 100 1421 200 651 300 1471 400
1129 0 5 868 0 1081 100 95 200 1491 300 477 400
1130 0 5 451 0 1311 100 499 200 838 300 3 400
1131 0 5 1283 0 525 100 316 200 1248 300 1256 400
1132 0 5 221 0 43 100 643 200 529 300 177 400
1133 0 5 1445 0 664 100 31 200 1435 300 868 400
1134 0 5 677 0 943 100 1205 200 1407 300 1167 400
1135 0 5 715 0 588 100 1187 200 873 300 1214 400
1136 0 5 79 0 276 100 1300 200 1232 300 188 400
1137 0 5 159 0 482 100 899 200 310 300 656 400
1138 0 5 425 0 879 100 1034 200 473 300 479 400
1139 0 5 452 0 192 100 73 200 590 300 984 400
1140 0 5 728 0 334 100 651 200 1017 300 1471 400
1141 0 5 886 0 1443 100 154 200 924 300 320 400
1142 0 5 119 0 1153 100 1457 200 681 300 1301 400
1143 0 5 1329 0 642 100 309 200 1063 300 749 400
1144 0 5 470 0 253 100 1015 200 1178 300 673 400
1145 0 5 759 0 1430 100 1320 200 683 300 1428 400
1146 0 5 1383 0 1473 100 1008 200 1075 300 260 400
1147 0 5 985 0 1282 100 1181 200 476 300 696 400
1148 0 5 799 0 1164 100 962 200 461 300 1058 400
1149 0 5 123 0 212 100 68 200 645 300 166 400
1150 0 5 166 0 212 100 68 200 685 300 1180 400
1151 0 5 594 0 16 100 1432 200 612 300 1098 400
1152 0 5 723 0 175 100 1369 200 1029 300 1088 400
1153 0 5 119 0 1518 100 1517 200 996 300 1142 400
1154 0 5 156 0 1258 100 170 200 336 300 1007 400
1155 0 5 1038 0 1469 100 370 200 587 300 972 400
1156 0 5 1047 0 629 100 31 200 826 300 49 400
1157 0 5 1497 0 679 100 705 200 1262 300 462 400
1158 0 5 729 0 1409 100 342 200 1413 300 989 400
1159 0 5 132 0 688 100 602 200 889 300 179 400
1160 0 5 61 0 1064 100 571 200 1327 300 319 400
1161 0 5 45 0 1195 100 55 200 1363 300 91 400
1162 0 5 1500 0 1421 100 1017 200 726 300 1471 400
1163 0 5 1078 0 580 100 169 200 645 300 860 400
1164 0 5 1148 0 975 100 962 200 648 300 1087 400
1165 0 5 703 0 578 100 784 200 1006 300 1479 400
1166 0 5 1466 0 19 100 948 200 250 300 85 400
1167 0 5 677 0 419 100 943 200 567 300 836 400
1168 0 5 585 0 1434 100 1336 200 259 300 709 400
1169 0 5 323 0 1460 100 247 200 1352 300 590 400
1170 0 5 199 0 598 100 923 200 34 300 905 400
1171 0 5 416 0 883 100 107 200 261 300 994 400
1172 0 5 930 0 264 100 488 200 1330 300 300 400
1173 0 5 1030 0 498 100 658 200 1067 300 595 400
1174 0 5 1436 0 1105 100 702 200 556 300 205 400
1175 0 5 1483 0 808 100 232 200 1245 300 1217 400
1176 0 5 1314 0 112 100 1495 200 1284 300 1312 400
1177 0 5 582 0 806 100 1507 200 1508 300 953 400
1178 0 5 49 0 1015 100 253 200 1144 300 1156 400
1179 0 5 250 0 905 100 923 200 19 300 598 400
1180 0 5 685 0 166 100 222 200 1150 300 736 400
1181 0 5 1282 0 776 100 800 200 1147 300 1076 400
1182 0 5 195 0 1387 100 181 200 773 300 1202 400
1183 0 5 896 0 788 100 356 200 230 300 518 400
1184 0 5 113 0 952 100 1276 200 501 300 724 400
1185 0 5 1203 0 386 100 2 200 1247 300 180 400
1186 0 5 562 0 838 100 1226 200 550 300 126 400
1187 0 5 1135 0 588 100 147 200 715 300 113 400
1188 0 5 358 0 900 100 1380 200 548 300 1444 400
1189 0 5 501 0 270 100 390 200 849 300 1391 400
1190 0 5 241 0 1097 100 176 200 1092 300 1306 400
1191 0 5 294 0 553 100 583 200 1475 300 827 400
1192 0 5 875 0 1065 100 1244 200 1307 300 1176 400
1193 0 5 1003 0 271 100 945 200 467 300 1116 400
1194 0 5 881 0 1022 100 56 200 1315 300 780 400
1195 0 5 1363 0 1161 100 1343 200 45 300 1304 400
1196 0 5 1009 0 526 100 848 200 1011 300 534 400
1197 0 5 51 0 1227 100 296 200 429 300 1101 400
1198 0 5 374 0 864 100 910 200 731 300 131 400
1199 0 5 1505 0 275 100 1504 200 350 300 822 400
1200 0 5 65 0 640 100 888 200 458 300 1425 400
1201 0 5 1506 0 1507 100 1411 200 614 300 1251 400
1202 0 5 165 0 586 100 296 200 1227 300 1101 400
1203 0 5 1185 0 100 100 1218 200 90 300 966 400
1204 0 5 399 0 190 100 343 200 1085 300 514 400
1205 0 5 208 0 1134 100 680 200 512 300 892 400
1206 0 5 439 0 922 100 1026 200 185 300 173 400
1207 0 5 84 0 828 100 109 200 935 300 241 400
1208 0 5 1338 0 1278 100 227 200 1299 300 281 400
1209 0 5 331 0 717 100 694 200 824 300 71 400
1210 0 5 730 0 339 100 302 200 150 300 235 400
1211 0 5 1345 0 335 100 115 200 622 300 1051 400
1212 0 5 887 0 1367 100 956 200 1464 300 1285 400
1213 0 5 595 0 511 100 1450 200 236 300 338 400
1214 0 5 873 0 688 100 132 200 527 300 1135 400
1215 0 5 396 0 619 100 1353 200 759 300 1320 400
1216 0 5 795 0 833 100 1355 200 509 300 1021 400
1217 0 5 237 0 999 100 289 200 1175 300 1108 400
1218 0 5 100 0 90 100 2 200 1203 300 1073 400
1219 0 5 741 0 542 100 876 200 538 300 351 400
1220 0 5 559 0 32 100 1024 200 965 300 1501 400
1221 0 5 863 0 1322 100 925 200 978 300 924 400
1222 0 5 1349 0 593 100 895 200 763 300 727 400
1223 0 5 1361 0 856 100 746 200 983 300 1264 400
1224 0 5 919 0 1281 100 774 200 248 300 312 400
1225 0 5 1492 0 1335 100 771 200 970 300 381 400
1226 0 5 126 0 1269 100 836 200 1407 300 1052 400
1227 0 5 1101 0 1197 100 296 200 1202 300 867 400
1228 0 5 1122 0 134 100 1275 200 196 300 267 400
1229 0 5 312 0 1453 100 744 200 1313 300 415 400
1230 0 5 515 0 1394 100 189 200 269 300 1068 400
1231 0 5 912 0 545 100 1396 200 1315 300 1022 400
1232 0 5 276 0 1300 100 1136 200 392 300 186 400
1233 0 5 457 0 256 100 306 200 1380 300 528 400
1234 0 5 1318 0 284 100 581 200 1350 300 281 400
1235 0 5 450 0 1085 100 190 200 369 300 1324 400
1236 0 5 522 0 678 100 1417 200 518 300 852 400
1237 0 5 1298 0 1303 100 1059 200 888 300 613 400
1238 0 5 59 0 797 100 144 200 601 300 1418 400
1239 0 5 503 0 778 100 1393 200 1403 300 1108 400
1240 0 5 751 0 50 100 1450 200 225 300 1093 400
1241 0 5 616 0 39 100 357 200 1056 300 436 400
1242 0 5 846 0 1115 100 171 200 576 300 1448 400
1243 0 5 17 0 306 100 457 200 313 300 900 400
1244 0 5 908 0 682 100 1192 200 875 300 1065 400
1245 0 5 551 0 1254 100 1483 200 623 300 1099 400
1246 0 5 77 0 27 100 1326 200 986 300 878 400
1247 0 5 242 0 386 100 1185 200 180 300 295 400
1248 0 5 316 0 1104 100 1131 200 1283 300 1106 400
1249 0 5 844 0 617 100 871 200 772 300 794 400
1250 0 5 839 0 327 100 894 200 3 300 1311 400
1251 0 5 1411 0 303 100 471 200 85 300 1201 400
1252 0 5 789 0 293 100 229 200 695 300 1053 400
1253 0 5 13 0 22 100 229 200 240 300 831 400
1254 0 5 628 0 644 100 1245 200 1483 300 690 400
1255 0 5 872 0 379 100 33 200 1449 300 1446 400
1256 0 5 772 0 1283 100 231 200 1131 300 525 400
1257 0 5 820 0 238 100 313 200 42 300 1324 400
1258 0 5 564 0 1154 100 1007 200 1126 300 156 400
1259 0 5 1432 0 182 100 871 200 612 300 1379 400
1260 0 5 4 0 1398 100 568 200 86 300 592 400
1261 0 5 291 0 667 100 1032 200 657 300 1056 400
1262 0 5 969 0 1493 100 1426 200 481 300 1125 400
1263 0 5 108 0 752 100 666 200 183 300 655 400
1264 0 5 746 0 232 100 983 200 1223 300 54 400
1265 0 5 579 0 686 100 257 200 1448 300 609 400
1266 0 5 727 0 122 100 767 200 565 300 798 400
1267 0 5 809 0 866 100 1335 200 103 300 569 400
1268 0 5 1316 0 423 100 1074 200 1000 300 160 400
1269 0 5 497 0 1407 100 422 200 764 300 1226 400
1270 0 5 41 0 63 100 810 200 949 300 1293 400
1271 0 5 93 0 1439 100 40 200 477 300 1294 400
1272 0 5 118 0 544 100 40 200 1439 300 929 400
1273 0 5 849 0 21 100 1391 200 1094 300 533 400
1274 0 5 916 0 448 100 1263 200 183 300 666 400
1275 0 5 1305 0 1114 100 1328 200 267 300 618 400
1276 0 5 851 0 952 100 1184 200 501 300 620 400
1277 0 5 1074 0 423 100 746 200 1223 300 940 400
1278 0 5 883 0 1360 100 1338 200 1208 300 994 400
1279 0 5 365 0 1286 100 228 200 360 300 1421 400
1280 0 5 195 0 421 100 773 200 181 300 1182 400
1281 0 5 1224 0 904 100 248 200 1395 300 375 400
1282 0 5 1147 0 1181 100 776 200 1330 300 967 400
1283 0 5 1131 0 1256 100 231 200 316 300 772 400
1284 0 5 531 0 1314 100 1495 200 1176 300 787 400
1285 0 5 1095 0 713 100 726 200 1212 300 1370 400
1286 0 5 1279 0 228 100 365 200 574 300 52 400
1287 0 5 345 0 1295 100 402 200 215 300 445 400
1288 0 5 1105 0 1485 100 650 200 858 300 556 400
1289 0 5 136 0 1385 100 706 200 1250 300 839 400
1290 0 5 257 0 684 100 1296 200 154 300 1424 400
1291 0 5 1427 0 1344 100 834 200 1096 300 630 400
1292 0 5 37 0 311 100 1008 200 1419 300 106 400
1293 0 5 773 0 25 100 1387 200 296 300 1182 400
1294 0 5 995 0 1487 100 93 200 502 300 1271 400
1295 0 5 1390 0 1287 100 824 200 345 300 884 400
1296 0 5 686 0 901 100 1290 200 1048 300 646 400
1297 0 5 566 0 400 100 978 200 464 300 924 400
1298 0 5 850 0 1237 100 1303 200 1059 300 888 400
1299 0 5 102 0 1477 100 332 200 980 300 168 400
1300 0 5 1232 0 392 100 1136 200 1308 300 79 400
1301 0 5 595 0 1173 100 658 200 146 300 681 400
1302 0 5 194 0 1479 100 1006 200 239 300 921 400
1303 0 5 1237 0 1125 100 94 200 1298 300 888 400
1304 0 5 1024 0 91 100 1220 200 559 300 1343 400
1305 0 5 1275 0 9 100 1328 200 1114 300 618 400
1306 0 5 176 0 1068 100 913 200 1230 300 515 400
1307 0 5 1369 0 1065 100 723 200 531 300 1284 400
1308 0 5 79 0 33 100 662 200 1300 300 1037 400
1309 0 5 1454 0 914 100 921 200 719 300 404 400
1310 0 5 462 0 236 100 1035 200 931 300 659 400
1311 0 5 1130 0 3 100 426 200 451 300 499 400
1312 0 5 112 0 385 100 606 200 1176 300 533 400
1313 0 5 304 0 1002 100 312 200 1229 300 919 400
1314 0 5 1176 0 1284 100 114 200 531 300 1094 400
1315 0 5 780 0 1473 100 1022 200 912 300 1231 400
1316 0 5 1268 0 160 100 423 200 1000 300 892 400
1317 0 5 670 0 325 100 1067 200 942 300 441 400
1318 0 5 1234 0 1427 100 1350 200 1096 300 346 400
1319 0 5 790 0 23 100 1116 200 178 300 271 400
1320 0 5 697 0 1145 100 759 200 1336 300 1010 400
1321 0 5 1337 0 1358 100 819 200 184 300 1044 400
1322 0 5 924 0 863 100 978 200 493 300 1221 400
1323 0 5 861 0 1440 100 202 200 710 300 768 400
1324 0 5 450 0 174 100 820 200 369 300 1257 400
1325 0 5 722 0 519 100 70 200 1050 300 1431 400
1326 0 5 1246 0 1362 100 324 200 986 300 77 400
1327 0 5 1110 0 1478 100 81 200 72 300 1064 400
1328 0 5 233 0 618 100 1275 200 9 300 1057 400
1329 0 5 1143 0 749 100 1063 200 1435 300 642 400
1330 0 5 476 0 987 100 1172 200 930 300 776 400
1331 0 5 707 0 593 100 893 200 1222 300 369 400
1332 0 5 782 0 654 100 505 200 419 300 567 400
1333 0 5 306 0 210 100 17 200 137 300 1243 400
1334 0 5 880 0 465 100 784 200 1432 300 388 400
1335 0 5 771 0 1267 100 946 200 1225 300 569 400
1336 0 5 1434 0 1168 100 585 200 1430 300 1320 400
1337 0 5 1321 0 819 100 1001 200 184 300 82 400
1338 0 5 1360 0 1208 100 1278 200 281 300 1350 400
1339 0 5 841 0 917 100 76 200 62 300 835 400
1340 0 5 275 0 822 100 398 200 524 300 1199 400
1341 0 5 142 0 1420 100 955 200 1119 300 1054 400
1342 0 5 830 0 1046 100 994 200 227 300 540 400
1343 0 5 1363 0 1024 100 377 200 1195 300 762 400
1344 0 5 1452 0 834 100 1291 200 1427 300 668 400
1345 0 5 951 0 1211 100 1438 200 622 300 1348 400
1346 0 5 791 0 1364 100 165 200 821 300 181 400
1347 0 5 674 0 149 100 736 200 222 300 1341 400
1348 0 5 283 0 1051 100 1080 200 332 300 691 400
1349 0 5 1222 0 593 100 763 200 278 300 961 400
1350 0 5 1096 0 1360 100 60 200 1318 300 1234 400
1351 0 5 734 0 813 100 959 200 797 300 1394 400
1352 0 5 1460 0 444 100 72 200 1366 300 81 400
1353 0 5 30 0 619 100 748 200 1215 300 743 400
1354 0 5 483 0 390 100 635 200 1461 300 747 400
1355 0 5 509 0 1021 100 1216 200 502 300 833 400
1356 0 5 750 0 832 100 1008 200 376 300 260 400
1357 0 5 1117 0 262 100 480 200 1468 300 94 400
1358 0 5 1321 0 1044 100 5 200 48 300 442 400
1359 0 5 597 0 572 100 478 200 615 300 753 400
1360 0 5 1338 0 1278 100 1350 200 1014 300 353 400
1361 0 5 1223 0 856 100 1108 200 983 300 503 400
1362 0 5 708 0 1326 100 704 200 605 300 324 400
1363 0 5 1195 0 1343 100 762 200 187 300 1161 400
1364 0 5 1346 0 396 100 181 200 759 300 165 400
1365 0 5 389 0 393 100 310 200 547 300 899 400
1366 0 5 1490 0 69 100 99 200 1352 300 72 400
1367 0 5 1212 0 956 100 713 200 108 300 546 400
1368 0 5 1401 0 354 100 47 200 590 300 151 400
1369 0 5 1307 0 183 100 1088 200 1152 300 723 400
1370 0 5 713 0 666 100 1095 200 916 300 1285 400
1371 0 5 394 0 1463 100 419 200 505 300 1167 400
1372 0 5 1048 0 330 100 428 200 437 300 1378 400
1373 0 5 1487 0 926 100 477 200 1271 300 995 400
1374 0 5 1489 0 449 100 463 200 388 300 1037 400
1375 0 5 692 0 410 100 74 200 818 300 1049 400
1376 0 5 1089 0 428 100 330 200 415 300 774 400
1377 0 5 588 0 527 100 747 200 792 300 1187 400
1378 0 5 964 0 1443 100 1372 200 886 300 639 400
1379 0 5 341 0 992 100 449 200 11 300 1004 400
1380 0 5 457 0 900 100 1188 200 528 300 1233 400
1381 0 5 461 0 1405 100 799 200 504 300 1058 400
1382 0 5 833 0 326 100 120 200 1459 300 857 400
1383 0 5 1146 0 260 100 453 200 1473 300 56 400
1384 0 5 1454 0 1401 100 130 200 777 300 151 400
1385 0 5 1289 0 532 100 839 200 706 300 327 400
1386 0 5 899 0 547 100 1011 200 218 300 600 400
1387 0 5 586 0 1182 100 296 200 773 300 181 400
1388 0 5 1499 0 324 100 1082 200 238 300 174 400
1389 0 5 712 0 756 100 43 200 1483 300 960 400
1390 0 5 1295 0 884 100 824 200 783 300 402 400
1391 0 5 849 0 55 100 1273 200 288 300 1189 400
1392 0 5 193 0 965 100 1501 200 1220 300 142 400
1393 0 5 1108 0 1239 100 135 200 778 300 940 400
1394 0 5 813 0 1230 100 797 200 1351 300 269 400
1395 0 5 375 0 904 100 1422 200 1281 300 7 400
1396 0 5 855 0 545 100 911 200 300 300 1231 400
1397 0 5 266 0 630 100 1072 200 1077 300 496 400
1398 0 5 20 0 1260 100 568 200 1112 300 86 400
1399 0 5 233 0 267 100 150 200 1118 300 1275 400
1400 0 5 298 0 397 100 1087 200 648 300 975 400
1401 0 5 1368 0 777 100 1384 200 354 300 417 400
1402 0 5 109 0 514 100 343 200 347 300 403 400
1403 0 5 503 0 856 100 940 200 1239 300 1361 400
1404 0 5 548 0 805 100 971 200 358 300 384 400
1405 0 5 367 0 1381 100 1058 200 799 300 461 400
1406 0 5 507 0 427 100 29 200 817 300 51 400
1407 0 5 943 0 836 100 1269 200 1134 300 1226 400
1408 0 5 66 0 286 100 560 200 843 300 676 400
1409 0 5 308 0 1415 100 1158 200 720 300 989 400
1410 0 5 466 0 481 100 258 200 1093 300 337 400
1411 0 5 1251 0 614 100 1201 200 85 300 303 400
1412 0 5 110 0 495 100 290 200 60 300 936 400
1413 0 5 1120 0 342 100 720 200 164 300 368 400
1414 0 5 65 0 80 100 77 200 613 300 234 400
1415 0 5 163 0 1409 100 322 200 308 300 720 400
1416 0 5 1006 0 991 100 467 200 239 300 1086 400
1417 0 5 522 0 1236 100 678 200 336 300 104 400
1418 0 5 601 0 152 100 796 200 731 300 864 400
1419 0 5 623 0 400 100 551 200 37 300 1292 400
1420 0 5 589 0 142 100 1341 200 1119 300 391 400
1421 0 5 1471 0 1162 100 228 200 651 300 360 400
1422 0 5 366 0 904 100 1395 200 7 300 775 400
1423 0 5 638 0 405 100 556 200 858 300 1041 400
1424 0 5 154 0 493 100 684 200 924 300 1141 400
1425 0 5 853 0 12 100 761 200 640 300 1200 400
1426 0 5 234 0 969 100 6 200 1262 300 1125 400
1427 0 5 1291 0 1096 100 1318 200 1344 300 346 400
1428 0 5 1496 0 1430 100 683 200 1145 300 977 400
1429 0 5 557 0 569 100 521 200 412 300 866 400
1430 0 5 1428 0 1145 100 683 200 1336 300 1320 400
1431 0 5 722 0 307 100 782 200 363 300 70 400
1432 0 5 1259 0 871 100 1379 200 11 300 612 400
1433 0 5 554 0 273 100 751 200 558 300 1494 400
1434 0 5 1168 0 1336 100 259 200 564 300 489 400
1435 0 5 749 0 530 100 1445 200 664 300 1133 400
1436 0 5 1174 0 596 100 933 200 802 300 244 400
1437 0 5 716 0 693 100 885 200 371 300 458 400
1438 0 5 1124 0 951 100 156 200 1345 300 622 400
1439 0 5 1091 0 40 100 1271 200 95 300 118 400
1440 0 5 243 0 1323 100 710 200 446 300 768 400
1441 0 5 621 0 687 100 804 200 404 300 719 400
1442 0 5 1011 0 218 100 600 200 162 300 1196 400
1443 0 5 154 0 1141 100 1378 200 639 300 886 400
1444 0 5 278 0 358 100 517 200 1188 300 893 400
1445 0 5 1133 0 1063 100 868 200 1435 300 124 400
1446 0 5 1449 0 1116 100 23 200 1255 300 1003 400
1447 0 5 1109 0 1451 100 18 200 828 300 898 400
1448 0 5 846 0 579 100 609 200 1265 300 257 400
1449 0 5 1446 0 379 100 1255 200 1116 300 1003 400
1450 0 5 338 0 511 100 1213 200 1240 300 454 400
1451 0 5 1447 0 18 100 329 200 898 300 1109 400
1452 0 5 1344 0 834 100 711 200 716 300 668 400
1453 0 5 1229 0 700 100 382 200 842 300 1313 400
1454 0 5 1309 0 1384 100 914 200 417 300 921 400
1455 0 5 740 0 395 100 1029 200 775 300 1088 400
1456 0 5 110 0 1033 100 957 200 637 300 963 400
1457 0 5 119 0 67 100 1142 200 1153 300 800 400
1458 0 5 543 0 175 100 1029 200 1152 300 1100 400
1459 0 5 44 0 793 100 1382 200 766 300 857 400
1460 0 5 1169 0 1352 100 81 200 444 300 323 400
1461 0 5 483 0 747 100 501 200 1354 300 1184 400
1462 0 5 206 0 505 100 737 200 426 300 1371 400
1463 0 5 394 0 1371 100 737 200 89 300 426 400
1464 0 5 887 0 726 100 1500 200 1212 300 928 400
1465 0 5 662 0 771 100 970 200 79 300 1308 400
1466 0 5 85 0 1166 100 19 200 837 300 948 400
1467 0 5 516 0 1112 100 572 200 279 300 592 400
1468 0 5 850 0 480 100 340 200 94 300 1117 400
1469 0 5 1084 0 1155 100 587 200 1038 300 770 400
1470 0 5 320 0 551 100 1481 200 1419 300 639 400
1471 0 5 1421 0 651 100 1017 200 1162 300 1128 400
1472 0 5 577 0 48 100 5 200 526 300 1123 400
1473 0 5 1146 0 1075 100 1315 200 780 300 491 400
1474 0 5 64 0 22 100 891 200 438 300 1253 400
1475 0 5 294 0 56 100 814 200 553 300 1191 400
1476 0 5 699 0 955 100 149 200 574 300 35 400
1477 0 5 536 0 281 100 903 200 1299 300 102 400
1478 0 5 1327 0 72 100 444 200 1110 300 1064 400
1479 0 5 194 0 1302 100 687 200 816 300 1165 400
1480 0 5 1494 0 718 100 1039 200 558 300 520 400
1481 0 5 320 0 886 100 400 200 1470 300 1419 400
1482 0 5 443 0 249 100 1114 200 1098 300 355 400
1483 0 5 1175 0 808 100 712 200 1389 300 1245 400
1484 0 5 824 0 717 100 1000 200 54 300 783 400
1485 0 5 1016 0 650 100 1288 200 251 300 405 400
1486 0 5 1025 0 1491 100 549 200 815 300 368 400
1487 0 5 926 0 1373 100 1294 200 995 300 1271 400
1488 0 5 738 0 251 100 494 200 650 300 998 400
1489 0 5 1374 0 463 100 784 200 578 300 388 400
1490 0 5 99 0 1366 100 69 200 1139 300 245 400
1491 0 5 124 0 1486 100 95 200 1025 300 549 400
1492 0 5 997 0 1225 100 252 200 381 300 826 400
1493 0 5 1262 0 969 100 1125 200 1426 300 705 400
1494 0 5 1480 0 558 100 751 200 1093 300 1433 400
1495 0 5 1176 0 385 100 1284 200 531 300 114 400
1496 0 5 683 0 1428 100 1079 200 949 300 1430 400
1497 0 5 1157 0 205 100 679 200 244 300 786 400
1498 0 5 24 0 214 100 484 200 1069 300 973 400
1499 0 5 1082 0 1388 100 324 200 1362 300 986 400
1500 0 5 1162 0 360 100 1464 200 928 300 726 400
1501 0 5 1024 0 377 100 1392 200 1220 300 1343 400
1502 0 5 125 0 383 100 1035 200 146 300 350 400
1503 0 5 125 0 361 100 1035 200 146 300 350 400
1504 0 5 1199 0 361 100 1035 200 146 300 350 400
1505 0 5 1199 0 1061 100 1035 200 146 300 350 400
1506 0 5 1201 0 1061 100 1035 200 146 300 350 400
1507 0 5 1201 0 1177 100 1035 200 146 300 350 400
1508 0 5 105 0 1177 100 1035 200 146 300 350 400
1509 0 5 105 0 614 100 1035 200 146 300 350 400
1510 0 5 614 0 735 100 1035 200 146 300 350 400
1511 0 5 735 0 870 100 1035 200 146 300 350 400
1512 0 5 870 0 953 100 1035 200 146 300 350 400
1513 0 5 953 0 847 100 1035 200 146 300 350 400
1514 0 5 847 0 66 100 1035 200 146 300 350 400
1515 0 5 66 0 806 100 1035 200 146 300 350 400
1516 0 5 806 0 676 100 1035 200 350 300 146 400
1517 0 5 1153 0 676 100 1035 200 146 300 350 400
1518 0 5 1153 0 582 100 1035 200 146 300 147 400
1519 0 5 1411 0 582 100 1035 200 146 300 350 400
1520 0 5 1411 0 431 100 1035 200 146 300 350 400
1521 0 5 688 0 431 100 1035 200 146 300 350 400
1522 0 5 688 0 976 100 1035 200 147 300 146 400
1523 0 5 976 0 1035 100 146 200 350 300 147 400
1524 0 5 1251 0 1035 100 146 200 350 300 147 400
1525 0 5 1251 0 1035 100 146 200 350 300 147 400
1526 0 5 1408 0 1035 100 146 200 350 300 147 400
1527 0 5 217 0 1408 100 1035 200 146 300 350 400
1528 0 5 217 0 286 100 1035 200 350 300 146 400
1529 0 5 179 0 286 100 1035 200 350 300 146 400
1530 0 5 352 0 179 100 1035 200 146 300 350 400
1531 0 5 352 0 1159 100 1035 200 350 300 146 400
1532 0 5 1159 0 275 100 1035 200 350 300 146 400
1533 0 5 282 0 275 100 1035 200 350 300 146 400
1534 0 5 282 0 303 100 1035 200 350 300 146 400
1535 0 5 303 0 1340 100 350 200 1035 300 146 400
1536 0 5 1340 0 350 100 1035 200 689 300 146 400
1537 0 5 350 0 1035 100 146 200 147 300 689 400
1538 0 5 119 0 1035 100 350 200 146 300 147 400
1539 0 5 119 0 314 100 350 200 1035 300 146 400
1540 0 5 435 0 314 100 350 200 1035 300 146 400
-1
EOF
