1539
1 0 5 132 0 437 100 1070 200 862 300 1180 400
2 0 5 1513 0 1512 100 953 200 813 300 884 400
3 0 5 449 0 1380 100 162 200 1208 300 1145 400
4 0 5 233 0 888 100 640 200 1196 300 164 400
5 0 5 899 0 58 100 926 200 204 300 1084 400
6 0 5 883 0 1183 100 425 200 993 300 1193 400
7 0 5 62 0 1186 100 1276 200 830 300 257 400
8 0 5 358 0 1281 100 724 200 1117 300 785 400
9 0 5 1145 0 234 100 1160 200 449 300 1380 400
10 0 5 368 0 1157 100 1296 200 225 300 430 400
11 0 5 1268 0 835 100 1446 200 1116 300 759 400
12 0 5 295 0 892 100 458 200 304 300 1138 400
13 0 5 688 0 135 100 1246 200 202 300 1101 400
14 0 5 375 0 1447 100 1003 200 33 300 1117 400
15 0 5 1137 0 194 100 258 200 1478 300 382 400
16 0 5 1460 0 1110 100 910 200 386 300 654 400
17 0 5 1409 0 1484 100 448 200 804 300 100 400
18 0 5 527 0 1262 100 655 200 692 300 1306 400
19 0 5 1060 0 113 100 262 200 1352 300 720 400
20 0 5 1107 0 796 100 1019 200 1300 300 1335 400
21 0 5 91 0 638 100 982 200 1461 300 292 400
22 0 5 473 0 485 100 1494 200 23 300 717 400
23 0 5 485 0 1046 100 1494 200 395 300 468 400
24 0 5 913 0 1416 100 61 200 460 300 330 400
25 0 5 1144 0 884 100 1482 200 953 300 455 400
26 0 5 169 0 327 100 1138 200 163 300 1115 400
27 0 5 114 0 976 100 165 200 1168 300 398 400
28 0 5 783 0 147 100 133 200 242 300 1287 400
29 0 5 38 0 359 100 143 200 807 300 490 400
30 0 5 1456 0 832 100 938 200 627 300 67 400
31 0 5 299 0 311 100 539 200 1199 300 867 400
32 0 5 250 0 1044 100 322 200 1056 300 1136 400
33 0 5 838 0 1447 100 546 200 14 300 1003 400
34 0 5 319 0 835 100 1268 200 302 300 255 400
35 0 5 1064 0 155 100 1047 200 1479 300 1214 400
36 0 5 333 0 128 100 1424 200 604 300 528 400
37 0 5 1503 0 1502 100 121 200 132 300 1106 400
38 0 5 29 0 47 100 342 200 212 300 1443 400
39 0 5 1188 0 1509 100 1510 200 437 300 1379 400
40 0 5 994 0 1232 100 1165 200 897 300 1098 400
41 0 5 105 0 370 100 1143 200 601 300 1071 400
42 0 5 1450 0 156 100 490 200 1366 300 1335 400
43 0 5 722 0 280 100 359 200 1004 300 1200 400
44 0 5 1312 0 1049 100 843 200 174 300 607 400
45 0 5 1229 0 793 100 962 200 725 300 1050 400
46 0 5 789 0 1020 100 1012 200 82 300 1308 400
47 0 5 38 0 1443 100 342 200 1401 300 1014 400
48 0 5 274 0 1164 100 665 200 1114 300 1394 400
49 0 5 1252 0 1382 100 1352 200 757 300 1283 400
50 0 5 829 0 396 100 228 200 68 300 1095 400
51 0 5 968 0 824 100 201 200 299 300 979 400
52 0 5 481 0 1508 100 1507 200 600 300 1127 400
53 0 5 995 0 394 100 199 200 570 300 1152 400
54 0 5 629 0 612 100 706 200 460 300 1213 400
55 0 5 1008 0 277 100 243 200 1328 300 213 400
56 0 5 918 0 103 100 148 200 415 300 1384 400
57 0 5 777 0 941 100 1112 200 731 300 1120 400
58 0 5 204 0 5 100 926 200 541 300 628 400
59 0 5 1023 0 1015 100 108 200 787 300 1018 400
60 0 5 1390 0 1186 100 954 200 868 300 1406 400
61 0 5 1416 0 24 100 460 200 913 300 1213 400
62 0 5 7 0 404 100 1186 200 830 300 1406 400
63 0 5 182 0 1227 100 384 200 1226 300 799 400
64 0 5 1159 0 740 100 1021 200 602 300 676 400
65 0 5 1195 0 345 100 977 200 699 300 1072 400
66 0 5 1052 0 348 100 1055 200 509 300 1305 400
67 0 5 466 0 1456 100 564 200 756 300 30 400
68 0 5 1095 0 50 100 278 200 396 300 819 400
69 0 5 737 0 150 100 556 200 522 300 734 400
70 0 5 1061 0 537 100 1343 200 822 300 743 400
71 0 5 1234 0 677 100 1434 200 1190 300 1216 400
72 0 5 73 0 564 100 1072 200 1467 300 756 400
73 0 5 72 0 756 100 1218 200 65 300 699 400
74 0 5 464 0 1471 100 1006 200 1351 300 193 400
75 0 5 924 0 806 100 909 200 574 300 1033 400
76 0 5 281 0 405 100 1364 200 1483 300 780 400
77 0 5 1435 0 1462 100 885 200 1303 300 1055 400
78 0 5 943 0 1178 100 1248 200 946 300 256 400
79 0 5 762 0 1077 100 295 200 1002 300 1501 400
80 0 5 1050 0 1057 100 85 200 1184 300 45 400
81 0 5 773 0 161 100 663 200 931 300 1316 400
82 0 5 99 0 789 100 149 200 454 300 551 400
83 0 5 994 0 576 100 427 200 613 300 275 400
84 0 5 1085 0 1267 100 601 200 1029 300 1071 400
85 0 5 1050 0 80 100 180 200 864 300 725 400
86 0 5 1451 0 1057 100 1081 200 352 300 1198 400
87 0 5 1467 0 529 100 1387 200 1332 300 1045 400
88 0 5 861 0 963 100 1239 200 134 300 1413 400
89 0 5 349 0 1027 100 604 200 769 300 1000 400
90 0 5 1431 0 286 100 1253 200 343 300 909 400
91 0 5 21 0 1461 100 770 200 304 300 1033 400
92 0 5 350 0 1103 100 967 200 550 300 678 400
93 0 5 1052 0 1336 100 885 200 1462 300 594 400
94 0 5 109 0 181 100 1175 200 1048 300 1172 400
95 0 5 218 0 615 100 907 200 580 300 1466 400
96 0 5 710 0 1297 100 912 200 1342 300 1383 400
97 0 5 923 0 921 100 820 200 619 300 283 400
98 0 5 645 0 430 100 424 200 1256 300 795 400
99 0 5 454 0 82 100 551 200 1231 300 279 400
100 0 5 839 0 448 100 17 200 804 300 1484 400
101 0 5 689 0 1351 100 1454 200 1323 300 869 400
102 0 5 848 0 898 100 285 200 116 300 1251 400
103 0 5 1472 0 56 100 918 200 1384 300 947 400
104 0 5 1331 0 666 100 761 200 578 300 416 400
105 0 5 41 0 504 100 642 200 370 300 601 400
106 0 5 1452 0 1391 100 205 200 413 300 307 400
107 0 5 1414 0 672 100 854 200 1371 300 1361 400
108 0 5 787 0 59 100 1023 200 1211 300 647 400
109 0 5 94 0 855 100 1175 200 181 300 1172 400
110 0 5 1449 0 497 100 893 200 816 300 1233 400
111 0 5 507 0 1475 100 406 200 1133 300 331 400
112 0 5 258 0 1478 100 412 200 579 300 125 400
113 0 5 262 0 19 100 1060 200 586 300 1252 400
114 0 5 165 0 27 100 1122 200 267 300 1385 400
115 0 5 1092 0 266 100 257 200 470 300 954 400
116 0 5 898 0 1284 100 668 200 911 300 1370 400
117 0 5 217 0 1357 100 137 200 360 300 1413 400
118 0 5 708 0 1287 100 937 200 147 300 232 400
119 0 5 1318 0 837 100 1180 200 1305 300 510 400
120 0 5 256 0 731 100 1236 200 1388 300 186 400
121 0 5 1515 0 1514 100 218 200 862 300 1106 400
122 0 5 1061 0 822 100 1199 200 326 300 979 400
123 0 5 738 0 361 100 1194 200 372 300 146 400
124 0 5 914 0 602 100 356 200 252 300 768 400
125 0 5 412 0 866 100 258 200 605 300 112 400
126 0 5 1347 0 1095 100 1174 200 1086 300 829 400
127 0 5 558 0 210 100 746 200 1132 300 1176 400
128 0 5 208 0 695 100 36 200 733 300 1424 400
129 0 5 948 0 1342 100 772 200 1334 300 191 400
130 0 5 387 0 1213 100 1425 200 223 300 1191 400
131 0 5 773 0 663 100 1000 200 346 300 769 400
132 0 5 1539 0 776 100 1 200 813 300 1106 400
133 0 5 538 0 242 100 28 200 783 300 1162 400
134 0 5 505 0 963 100 861 200 88 300 1413 400
135 0 5 846 0 13 100 688 200 1101 300 477 400
136 0 5 1042 0 413 100 958 200 985 300 1131 400
137 0 5 291 0 360 100 117 200 1357 300 692 400
138 0 5 624 0 1395 100 725 200 836 300 786 400
139 0 5 168 0 883 100 1129 200 574 300 909 400
140 0 5 754 0 1459 100 357 200 407 300 408 400
141 0 5 1174 0 1273 100 451 200 1086 300 1260 400
142 0 5 227 0 265 100 445 200 1242 300 1330 400
143 0 5 807 0 29 100 342 200 900 300 789 400
144 0 5 1354 0 551 100 314 200 279 300 201 400
145 0 5 224 0 1420 100 409 200 334 300 315 400
146 0 5 361 0 1130 100 194 200 382 300 1201 400
147 0 5 28 0 937 100 1287 200 363 300 118 400
148 0 5 1141 0 918 100 947 200 56 300 103 400
149 0 5 354 0 82 100 667 200 1024 300 551 400
150 0 5 69 0 737 100 679 200 1365 300 1344 400
151 0 5 575 0 828 100 156 200 1123 300 1366 400
152 0 5 1204 0 806 100 812 200 1434 300 385 400
153 0 5 1297 0 1383 100 1317 200 240 300 948 400
154 0 5 1293 0 289 100 1291 200 1481 300 1269 400
155 0 5 595 0 35 100 1047 200 436 300 836 400
156 0 5 42 0 151 100 1335 200 724 300 8 400
157 0 5 987 0 1348 100 423 200 1051 300 653 400
158 0 5 540 0 1476 100 1378 200 320 300 1469 400
159 0 5 1142 0 623 100 1463 200 871 300 1167 400
160 0 5 1291 0 707 100 561 200 559 300 259 400
161 0 5 1316 0 81 100 318 200 346 300 663 400
162 0 5 432 0 3 100 289 200 578 300 1481 400
163 0 5 880 0 327 100 1325 200 1393 300 365 400
164 0 5 1196 0 864 100 4 200 913 300 238 400
165 0 5 114 0 976 100 27 200 1385 300 267 400
166 0 5 1294 0 330 100 753 200 888 300 1340 400
167 0 5 484 0 1381 100 801 200 1035 300 1155 400
168 0 5 1129 0 139 100 883 200 1431 300 909 400
169 0 5 26 0 1480 100 1501 200 295 300 327 400
170 0 5 799 0 434 100 905 200 1398 300 384 400
171 0 5 597 0 888 100 1338 200 233 300 367 400
172 0 5 1240 0 611 100 338 200 1080 300 1216 400
173 0 5 1367 0 1202 100 646 200 366 300 1135 400
174 0 5 1312 0 1049 100 44 200 526 300 477 400
175 0 5 790 0 1066 100 271 200 1486 300 1091 400
176 0 5 590 0 1410 100 1066 200 1105 300 940 400
177 0 5 300 0 815 100 1423 200 1312 300 44 400
178 0 5 1043 0 1493 100 1210 200 248 300 1059 400
179 0 5 1387 0 743 100 537 200 679 300 737 400
180 0 5 949 0 856 100 864 200 85 300 1001 400
181 0 5 1215 0 94 100 855 200 1172 300 109 400
182 0 5 63 0 1264 100 1226 200 384 300 1227 400
183 0 5 229 0 1136 100 955 200 193 300 592 400
184 0 5 1289 0 916 100 986 200 369 300 431 400
185 0 5 734 0 1223 100 529 200 1387 300 69 400
186 0 5 533 0 989 100 1058 200 456 300 1388 400
187 0 5 208 0 219 100 1313 200 128 300 1088 400
188 0 5 1005 0 615 100 1278 200 610 300 1083 400
189 0 5 1462 0 885 100 1285 200 1055 300 309 400
190 0 5 1245 0 441 100 200 200 324 300 237 400
191 0 5 939 0 648 100 1334 200 129 300 631 400
192 0 5 836 0 786 100 294 200 1196 300 595 400
193 0 5 1006 0 1031 100 74 200 1406 300 183 400
194 0 5 15 0 1130 100 146 200 382 300 258 400
195 0 5 625 0 747 100 755 200 820 300 727 400
196 0 5 1134 0 1018 100 1374 200 371 300 419 400
197 0 5 970 0 705 100 1035 200 484 300 167 400
198 0 5 790 0 1290 100 1066 200 175 300 590 400
199 0 5 952 0 53 100 444 200 394 300 995 400
200 0 5 237 0 190 100 740 200 441 300 1021 400
201 0 5 51 0 824 100 551 200 968 300 1354 400
202 0 5 1324 0 980 100 320 200 1399 300 1049 400
203 0 5 1149 0 475 100 374 200 489 300 828 400
204 0 5 253 0 58 100 628 200 541 300 429 400
205 0 5 243 0 1328 100 213 200 965 300 106 400
206 0 5 830 0 1405 100 403 200 1276 300 1094 400
207 0 5 443 0 1321 100 1207 200 470 300 310 400
208 0 5 187 0 128 100 1088 200 1313 300 1187 400
209 0 5 1362 0 851 100 853 200 228 300 697 400
210 0 5 558 0 127 100 746 200 1374 300 419 400
211 0 5 1477 0 542 100 410 200 326 300 1344 400
212 0 5 461 0 502 100 490 200 603 300 969 400
213 0 5 243 0 704 100 965 200 205 300 55 400
214 0 5 696 0 1329 100 739 200 1017 300 1010 400
215 0 5 1086 0 1260 100 390 200 984 300 141 400
216 0 5 1154 0 1251 100 1255 200 1126 300 848 400
217 0 5 117 0 1357 100 560 200 366 300 861 400
218 0 5 95 0 1005 100 121 200 615 300 1106 400
219 0 5 733 0 187 100 999 200 401 300 208 400
220 0 5 433 0 999 100 733 200 1375 300 447 400
221 0 5 642 0 583 100 703 200 1089 300 504 400
222 0 5 1301 0 423 100 987 200 1237 300 971 400
223 0 5 1425 0 1213 100 130 200 387 300 1176 400
224 0 5 145 0 334 100 1420 200 919 300 315 400
225 0 5 1296 0 821 100 917 200 368 300 662 400
226 0 5 511 0 251 100 736 200 781 300 844 400
227 0 5 142 0 620 100 1242 200 525 300 1330 400
228 0 5 396 0 853 100 50 200 209 300 1489 400
229 0 5 592 0 183 100 1136 200 1013 300 1044 400
230 0 5 620 0 525 100 1030 200 1292 300 1065 400
231 0 5 1446 0 1116 100 496 200 11 300 759 400
232 0 5 617 0 1448 100 939 200 118 300 1146 400
233 0 5 4 0 888 100 640 200 171 300 1196 400
234 0 5 1380 0 9 100 1026 200 432 300 1169 400
235 0 5 1427 0 722 100 264 200 439 300 1445 400
236 0 5 1311 0 255 100 11 200 835 300 319 400
237 0 5 200 0 654 100 702 200 190 300 1245 400
238 0 5 1087 0 971 100 1230 200 164 300 1001 400
239 0 5 496 0 351 100 1177 200 576 300 427 400
240 0 5 381 0 948 100 1114 200 153 300 1317 400
241 0 5 1100 0 244 100 881 200 887 300 1490 400
242 0 5 380 0 133 100 783 200 1392 300 934 400
243 0 5 213 0 205 100 1328 200 55 300 965 400
244 0 5 241 0 1079 100 881 200 523 300 673 400
245 0 5 1238 0 528 100 972 200 1126 300 36 400
246 0 5 1479 0 676 100 441 200 1326 300 436 400
247 0 5 1271 0 1181 100 1414 200 425 300 515 400
248 0 5 1030 0 525 100 1043 200 1065 300 178 400
249 0 5 877 0 1479 100 1214 200 1064 300 35 400
250 0 5 32 0 1373 100 592 200 1044 300 450 400
251 0 5 226 0 1445 100 736 200 781 300 511 400
252 0 5 1460 0 1159 100 602 200 16 300 654 400
253 0 5 204 0 429 100 628 200 541 300 58 400
254 0 5 684 0 370 100 902 200 41 300 512 400
255 0 5 236 0 835 100 319 200 11 300 34 400
256 0 5 120 0 731 100 78 200 1248 300 943 400
257 0 5 1276 0 282 100 310 200 115 300 7 400
258 0 5 112 0 1137 100 125 200 866 300 412 400
259 0 5 561 0 1121 100 928 200 373 300 609 400
260 0 5 874 0 646 100 290 200 440 300 366 400
261 0 5 1011 0 701 100 1489 200 853 300 1420 400
262 0 5 438 0 113 100 19 200 586 300 960 400
263 0 5 1304 0 292 100 720 200 1421 300 982 400
264 0 5 439 0 475 100 489 200 235 300 1366 400
265 0 5 142 0 752 100 445 200 849 300 1330 400
266 0 5 944 0 1092 100 115 200 1099 300 1128 400
267 0 5 1358 0 500 100 1385 200 114 300 1212 400
268 0 5 760 0 1400 100 1343 200 991 300 1061 400
269 0 5 808 0 757 100 1283 200 622 300 1115 400
270 0 5 957 0 1404 100 683 200 993 300 1041 400
271 0 5 1438 0 1484 100 175 200 17 300 1091 400
272 0 5 572 0 1310 100 577 200 309 300 1076 400
273 0 5 890 0 844 100 870 200 452 300 631 400
274 0 5 1394 0 48 100 1398 200 665 300 530 400
275 0 5 388 0 613 100 83 200 994 300 40 400
276 0 5 331 0 474 100 719 200 1062 300 771 400
277 0 5 296 0 795 100 55 200 818 300 1008 400
278 0 5 1489 0 465 100 68 200 819 300 396 400
279 0 5 551 0 1231 100 99 200 669 300 144 400
280 0 5 681 0 1004 100 43 200 722 300 1200 400
281 0 5 76 0 882 100 405 200 1191 300 562 400
282 0 5 310 0 257 100 470 200 1307 300 1276 400
283 0 5 841 0 747 100 1499 200 842 300 97 400
284 0 5 1179 0 1106 100 1083 200 132 300 1005 400
285 0 5 911 0 1255 100 102 200 1251 300 668 400
286 0 5 90 0 1271 100 515 200 343 300 425 400
287 0 5 700 0 321 100 658 200 535 300 1247 400
288 0 5 903 0 1313 100 1000 200 1397 300 694 400
289 0 5 154 0 1481 100 162 200 1293 300 1291 400
290 0 5 440 0 732 100 260 200 517 300 646 400
291 0 5 137 0 360 100 1423 200 1262 300 692 400
292 0 5 1304 0 263 100 982 200 1033 300 638 400
293 0 5 483 0 1122 100 990 200 1404 300 1412 400
294 0 5 446 0 836 100 1302 200 1395 300 155 400
295 0 5 12 0 1002 100 892 200 458 300 1077 400
296 0 5 277 0 818 100 795 200 1157 300 645 400
297 0 5 481 0 510 100 1127 200 1070 300 52 400
298 0 5 744 0 755 100 1295 200 656 300 1464 400
299 0 5 31 0 1109 100 1199 200 51 300 867 400
300 0 5 177 0 607 100 815 200 1423 300 44 400
301 0 5 873 0 964 100 1197 200 1188 300 745 400
302 0 5 1359 0 319 100 34 200 1217 300 599 400
303 0 5 1082 0 1032 100 573 200 992 300 393 400
304 0 5 892 0 458 100 808 200 91 300 1138 400
305 0 5 1094 0 639 100 1321 200 310 300 207 400
306 0 5 1494 0 930 100 1222 200 713 300 1498 400
307 0 5 378 0 413 100 1131 200 1034 300 106 400
308 0 5 585 0 875 100 1360 200 428 300 951 400
309 0 5 837 0 697 100 851 200 272 300 1362 400
310 0 5 470 0 282 100 257 200 305 300 207 400
311 0 5 31 0 326 100 1199 200 539 300 410 400
312 0 5 1147 0 1075 100 487 200 1113 300 435 400
313 0 5 992 0 730 100 1370 200 1284 300 365 400
314 0 5 1275 0 1455 100 144 200 1354 300 1036 400
315 0 5 334 0 940 100 383 200 919 300 908 400
316 0 5 1192 0 426 100 657 200 798 300 696 400
317 0 5 1292 0 779 100 670 200 958 300 1034 400
318 0 5 1316 0 1128 100 161 200 865 300 1468 400
319 0 5 34 0 302 100 255 200 835 300 1359 400
320 0 5 1399 0 1378 100 202 200 1476 300 1324 400
321 0 5 287 0 658 100 535 200 492 300 675 400
322 0 5 1315 0 1056 100 1044 200 355 300 32 400
323 0 5 998 0 501 100 1265 200 1323 300 1390 400
324 0 5 634 0 1245 100 398 200 190 300 392 400
325 0 5 691 0 877 100 1214 200 1064 300 190 400
326 0 5 311 0 410 100 122 200 822 300 211 400
327 0 5 365 0 163 100 26 200 992 300 1393 400
328 0 5 1464 0 356 100 656 200 872 300 386 400
329 0 5 587 0 803 100 618 200 1143 300 1164 400
330 0 5 913 0 166 100 753 200 460 300 24 400
331 0 5 276 0 1241 100 685 200 719 300 111 400
332 0 5 1065 0 1043 100 718 200 857 300 1256 400
333 0 5 36 0 604 100 528 200 1034 300 245 400
334 0 5 315 0 224 100 1410 200 940 300 919 400
335 0 5 1054 0 1161 100 938 200 710 300 751 400
336 0 5 819 0 451 100 950 200 1078 300 68 400
337 0 5 1041 0 683 100 1224 200 270 300 569 400
338 0 5 1333 0 611 100 612 200 172 300 1234 400
339 0 5 401 0 784 100 598 200 694 300 1250 400
340 0 5 1482 0 719 100 1160 200 1145 300 9 400
341 0 5 1236 0 1090 100 1263 200 1375 300 687 400
342 0 5 1014 0 789 100 47 200 143 300 38 400
343 0 5 893 0 1253 100 90 200 286 300 677 400
344 0 5 832 0 627 100 890 200 844 300 30 400
345 0 5 713 0 977 100 65 200 1195 300 1419 400
346 0 5 769 0 663 100 543 200 161 300 131 400
347 0 5 1466 0 603 100 461 200 486 300 907 400
348 0 5 1055 0 66 100 509 200 1305 300 1052 400
349 0 5 670 0 89 100 604 200 769 300 543 400
350 0 5 967 0 1341 100 92 200 509 300 1298 400
351 0 5 239 0 981 100 1093 200 576 300 1379 400
352 0 5 1198 0 1451 100 1184 200 86 300 1081 400
353 0 5 1319 0 666 100 961 200 578 300 1219 400
354 0 5 667 0 149 100 824 200 1024 300 991 400
355 0 5 955 0 1025 100 1315 200 322 300 1044 400
356 0 5 328 0 386 100 914 200 656 300 124 400
357 0 5 1407 0 814 100 754 200 723 300 140 400
358 0 5 8 0 1281 100 724 200 673 300 1003 400
359 0 5 29 0 1200 100 807 200 43 300 490 400
360 0 5 974 0 137 100 291 200 1413 300 117 400
361 0 5 146 0 123 100 738 200 926 300 1194 400
362 0 5 1013 0 860 100 782 200 594 300 1031 400
363 0 5 937 0 1334 100 939 200 191 300 147 400
364 0 5 933 0 1069 100 1072 200 1309 300 1223 400
365 0 5 327 0 992 100 163 200 393 300 313 400
366 0 5 1357 0 1202 100 1135 200 217 300 709 400
367 0 5 597 0 1338 100 816 200 171 300 1396 400
368 0 5 10 0 821 100 225 200 430 300 1296 400
369 0 5 792 0 431 100 986 200 1212 300 399 400
370 0 5 254 0 1143 100 41 200 902 300 105 400
371 0 5 1023 0 1018 100 196 200 1430 300 1134 400
372 0 5 805 0 906 100 1194 200 123 300 544 400
373 0 5 609 0 928 100 776 200 259 300 680 400
374 0 5 375 0 203 100 708 200 1149 300 118 400
375 0 5 1287 0 14 100 374 200 1447 300 1003 400
376 0 5 1187 0 1000 100 1027 200 131 300 1088 400
377 0 5 788 0 1081 100 1173 200 1163 300 1089 400
378 0 5 307 0 528 100 1034 200 1238 300 1131 400
379 0 5 874 0 709 100 1239 200 732 300 366 400
380 0 5 1485 0 242 100 783 200 934 300 133 400
381 0 5 240 0 384 100 1114 200 1264 300 182 400
382 0 5 1201 0 866 100 1130 200 1422 300 258 400
383 0 5 908 0 919 100 940 200 950 300 315 400
384 0 5 381 0 905 100 434 200 1114 300 182 400
385 0 5 812 0 400 100 1204 200 488 300 1080 400
386 0 5 1220 0 356 100 328 200 16 300 1460 400
387 0 5 130 0 1213 100 1425 200 223 300 1444 400
388 0 5 275 0 427 100 613 200 83 300 994 400
389 0 5 1152 0 729 100 1499 200 570 300 1163 400
390 0 5 644 0 774 100 966 200 403 300 1402 400
391 0 5 802 0 780 100 758 200 1108 300 1028 400
392 0 5 399 0 1245 100 1385 200 398 300 369 400
393 0 5 1032 0 1063 100 365 200 992 300 726 400
394 0 5 444 0 53 100 1499 200 199 300 842 400
395 0 5 468 0 765 100 1046 200 713 300 23 400
396 0 5 228 0 50 100 68 200 853 300 278 400
397 0 5 1248 0 1382 100 457 200 1252 300 1060 400
398 0 5 672 0 324 100 634 200 392 300 1245 400
399 0 5 392 0 1385 100 369 200 1212 300 1245 400
400 0 5 488 0 385 100 1204 200 1080 300 812 400
401 0 5 339 0 999 100 598 200 220 300 687 400
402 0 5 404 0 1303 100 1435 200 1406 300 1402 400
403 0 5 644 0 1405 100 390 200 206 300 774 400
404 0 5 402 0 1406 100 868 200 62 300 830 400
405 0 5 76 0 516 100 281 200 649 300 882 400
406 0 5 1308 0 1012 100 1475 200 111 300 1133 400
407 0 5 1054 0 408 100 585 200 754 300 140 400
408 0 5 1459 0 407 100 1054 200 140 300 335 400
409 0 5 145 0 1420 100 1368 200 1175 300 1011 400
410 0 5 555 0 326 100 539 200 211 300 542 400
411 0 5 1100 0 519 100 1490 200 1356 300 826 400
412 0 5 605 0 125 100 112 200 258 300 1299 400
413 0 5 1131 0 136 100 307 200 106 300 958 400
414 0 5 571 0 1442 100 637 200 1051 300 1465 400
415 0 5 918 0 1062 100 771 200 455 300 610 400
416 0 5 1331 0 1367 100 686 200 104 300 692 400
417 0 5 421 0 765 100 591 200 1189 300 395 400
418 0 5 420 0 946 100 1403 200 1158 300 1018 400
419 0 5 1134 0 1374 100 1167 200 196 300 558 400
420 0 5 1258 0 418 100 943 200 946 300 78 400
421 0 5 417 0 1189 100 591 200 1360 300 765 400
422 0 5 718 0 1259 100 1042 200 136 300 1256 400
423 0 5 987 0 222 100 157 200 1237 300 1301 400
424 0 5 1256 0 889 100 430 200 98 300 520 400
425 0 5 6 0 518 100 852 200 1181 300 800 400
426 0 5 714 0 316 100 1192 200 799 300 657 400
427 0 5 388 0 1177 100 83 200 576 300 239 400
428 0 5 951 0 585 100 308 200 938 300 1068 400
429 0 5 253 0 628 100 878 200 204 300 503 400
430 0 5 935 0 98 100 889 200 424 300 368 400
431 0 5 916 0 369 100 1212 200 500 300 184 400
432 0 5 1169 0 162 100 1380 200 234 300 1228 400
433 0 5 220 0 726 100 447 200 1393 300 999 400
434 0 5 905 0 170 100 384 200 1398 300 63 400
435 0 5 825 0 1075 100 487 200 312 300 626 400
436 0 5 1326 0 693 100 246 200 155 300 1479 400
437 0 5 1502 0 1 100 1098 200 1093 300 39 400
438 0 5 262 0 960 100 586 200 871 300 457 400
439 0 5 264 0 1146 100 1427 200 1149 300 235 400
440 0 5 290 0 524 100 260 200 646 300 1241 400
441 0 5 691 0 190 100 246 200 200 300 877 400
442 0 5 1339 0 1028 100 887 200 241 300 563 400
443 0 5 207 0 878 100 1099 200 470 300 628 400
444 0 5 394 0 842 100 199 200 841 300 1499 400
445 0 5 915 0 265 100 847 200 1468 300 849 400
446 0 5 294 0 693 100 1302 200 836 300 436 400
447 0 5 1063 0 726 100 733 200 433 300 220 400
448 0 5 1484 0 100 100 17 200 1091 300 271 400
449 0 5 1145 0 3 100 9 200 1380 300 234 400
450 0 5 675 0 1166 100 250 200 1373 300 1013 400
451 0 5 879 0 336 100 141 200 1078 300 1174 400
452 0 5 736 0 844 100 870 200 273 300 1429 400
453 0 5 671 0 1016 100 661 200 801 300 614 400
454 0 5 1012 0 99 100 82 200 789 300 1231 400
455 0 5 1433 0 1062 100 610 200 415 300 1144 400
456 0 5 1058 0 989 100 467 200 186 300 584 400
457 0 5 904 0 586 100 1178 200 397 300 1142 400
458 0 5 304 0 1138 100 12 200 295 300 892 400
459 0 5 616 0 606 100 1355 200 891 300 1498 400
460 0 5 61 0 24 100 330 200 1416 300 913 400
461 0 5 603 0 212 100 347 200 969 300 486 400
462 0 5 1205 0 1458 100 851 200 855 300 1288 400
463 0 5 745 0 834 100 831 200 873 300 1487 400
464 0 5 859 0 74 100 1351 200 1323 300 1471 400
465 0 5 819 0 278 100 919 200 701 300 336 400
466 0 5 67 0 1467 100 564 200 1045 300 87 400
467 0 5 1327 0 1432 100 456 200 635 300 689 400
468 0 5 1046 0 395 100 1189 200 925 300 23 400
469 0 5 1069 0 1195 100 996 200 1419 300 364 400
470 0 5 310 0 1307 100 282 200 207 300 115 400
471 0 5 494 0 643 100 1147 200 1113 300 750 400
472 0 5 1233 0 1234 100 1340 200 1333 300 497 400
473 0 5 22 0 717 100 1494 200 485 300 23 400
474 0 5 276 0 719 100 1144 200 340 300 455 400
475 0 5 1123 0 203 100 264 200 489 300 828 400
476 0 5 1122 0 1412 100 1168 200 518 300 800 400
477 0 5 1365 0 688 100 1049 200 556 300 1344 400
478 0 5 945 0 1496 100 700 200 1470 300 1111 400
479 0 5 678 0 1166 100 535 200 1103 300 967 400
480 0 5 695 0 1424 100 128 200 573 300 972 400
481 0 5 297 0 52 100 1518 200 600 300 1127 400
482 0 5 1272 0 1067 100 1348 200 1417 300 1356 400
483 0 5 293 0 990 100 1404 200 518 300 1122 400
484 0 5 167 0 970 100 1155 200 1035 300 801 400
485 0 5 23 0 22 100 1494 200 473 300 395 400
486 0 5 969 0 461 100 347 200 1466 300 603 400
487 0 5 741 0 750 100 1075 200 435 300 825 400
488 0 5 1080 0 400 100 385 200 172 300 812 400
489 0 5 1366 0 828 100 264 200 475 300 203 400
490 0 5 212 0 1450 100 42 200 359 300 29 400
491 0 5 1353 0 506 100 557 200 742 300 741 400
492 0 5 1185 0 321 100 1120 200 675 300 700 400
493 0 5 554 0 616 100 876 200 540 300 1376 400
494 0 5 750 0 471 100 652 200 742 300 1277 400
495 0 5 1422 0 866 100 752 200 503 300 1330 400
496 0 5 759 0 239 100 1446 200 231 300 11 400
497 0 5 1233 0 110 100 893 200 472 300 343 400
498 0 5 690 0 1058 100 1263 200 1250 300 784 400
499 0 5 794 0 1244 100 920 200 1396 300 367 400
500 0 5 1212 0 267 100 916 200 1346 300 1385 400
501 0 5 859 0 323 100 1323 200 1265 300 464 400
502 0 5 212 0 1401 100 603 200 1443 300 47 400
503 0 5 849 0 752 100 847 200 495 300 265 400
504 0 5 642 0 105 100 1173 200 1089 300 1163 400
505 0 5 134 0 1413 100 861 200 360 300 117 400
506 0 5 742 0 741 100 491 200 652 300 1386 400
507 0 5 771 0 111 100 1475 200 406 300 1472 400
508 0 5 1019 0 523 100 673 200 1107 300 724 400
509 0 5 1298 0 66 100 348 200 678 300 350 400
510 0 5 1318 0 297 100 1127 200 1180 300 481 400
511 0 5 226 0 844 100 627 200 736 300 251 400
512 0 5 902 0 803 100 684 200 370 300 41 400
513 0 5 1488 0 945 100 975 200 478 300 1022 400
514 0 5 843 0 1453 100 1378 200 320 300 1399 400
515 0 5 1361 0 1271 100 107 200 1414 300 286 400
516 0 5 649 0 1286 100 405 200 810 300 780 400
517 0 5 1241 0 732 100 1274 200 290 300 524 400
518 0 5 990 0 800 100 425 200 852 300 1168 400
519 0 5 411 0 1073 100 1356 200 244 300 838 400
520 0 5 1282 0 935 100 889 200 1043 300 1256 400
521 0 5 826 0 1364 100 1272 200 1348 300 482 400
522 0 5 734 0 1309 100 69 200 556 300 737 400
523 0 5 508 0 673 100 724 200 244 300 1019 400
524 0 5 440 0 1145 100 1241 200 340 300 9 400
525 0 5 230 0 1030 100 248 200 620 300 227 400
526 0 5 974 0 1312 100 174 200 1413 300 1320 400
527 0 5 1306 0 18 100 655 200 1209 300 1262 400
528 0 5 245 0 378 100 333 200 1034 300 1238 400
529 0 5 185 0 1223 100 87 200 1387 300 1467 400
530 0 5 978 0 932 100 1398 200 1394 300 665 400
531 0 5 1206 0 921 100 1302 200 619 300 728 400
532 0 5 1036 0 1455 100 1500 200 867 300 539 400
533 0 5 1263 0 186 100 1058 200 456 300 989 400
534 0 5 934 0 735 100 1073 200 1392 300 838 400
535 0 5 1103 0 321 100 658 200 479 300 678 400
536 0 5 1286 0 1430 100 1444 200 1425 300 647 400
537 0 5 70 0 1343 100 743 200 179 300 87 400
538 0 5 133 0 803 100 1162 200 637 300 242 400
539 0 5 867 0 31 100 410 200 311 300 532 400
540 0 5 158 0 876 100 493 200 554 300 548 400
541 0 5 1436 0 628 100 926 200 1495 300 738 400
542 0 5 827 0 211 100 410 200 555 300 963 400
543 0 5 779 0 769 100 346 200 349 300 1292 400
544 0 5 805 0 1104 100 636 200 641 300 372 400
545 0 5 1342 0 751 100 648 200 912 300 890 400
546 0 5 748 0 33 100 838 200 244 300 1079 400
547 0 5 1118 0 925 100 814 200 1225 300 754 400
548 0 5 554 0 876 100 1376 200 1246 300 1476 400
549 0 5 1407 0 1280 100 1171 200 973 300 1377 400
550 0 5 600 0 557 100 1353 200 92 300 121 400
551 0 5 279 0 1275 100 144 200 99 300 82 400
552 0 5 727 0 1203 100 823 200 739 300 696 400
553 0 5 563 0 582 100 513 200 1022 300 975 400
554 0 5 493 0 548 100 1376 200 876 300 540 400
555 0 5 1500 0 410 100 963 200 1320 300 542 400
556 0 5 846 0 69 100 522 200 477 300 1365 400
557 0 5 550 0 1235 100 491 200 506 300 1341 400
558 0 5 127 0 210 100 1374 200 746 300 419 400
559 0 5 561 0 1228 100 1125 200 259 300 1121 400
560 0 5 861 0 709 100 217 200 1239 300 1413 400
561 0 5 559 0 259 100 707 200 1291 300 1228 400
562 0 5 653 0 1191 100 281 200 882 300 1230 400
563 0 5 1254 0 582 100 553 200 809 300 1339 400
564 0 5 72 0 1467 100 1072 200 466 300 67 400
565 0 5 929 0 728 100 768 200 656 300 914 400
566 0 5 1101 0 1222 100 749 200 1376 300 581 400
567 0 5 689 0 1454 100 1327 200 869 300 101 400
568 0 5 1345 0 1260 100 1221 200 1273 300 984 400
569 0 5 1224 0 1041 100 1457 200 1002 300 957 400
570 0 5 995 0 1152 100 53 200 389 300 1499 400
571 0 5 414 0 703 100 583 200 1465 300 637 400
572 0 5 272 0 1462 100 577 200 1285 300 1310 400
573 0 5 1082 0 695 100 668 200 480 300 303 400
574 0 5 1033 0 909 100 1129 200 75 300 139 400
575 0 5 785 0 151 100 1123 200 828 300 1117 400
576 0 5 1177 0 1232 100 83 200 427 300 351 400
577 0 5 966 0 774 100 272 200 1076 300 572 400
578 0 5 104 0 162 100 666 200 1208 300 961 400
579 0 5 1478 0 712 100 112 200 225 300 605 400
580 0 5 825 0 615 100 1372 200 1270 300 95 400
581 0 5 749 0 1419 100 996 200 566 300 1222 400
582 0 5 1108 0 1339 100 563 200 553 300 758 400
583 0 5 221 0 703 100 1089 200 642 300 504 400
584 0 5 1250 0 1058 100 1454 200 456 300 1327 400
585 0 5 308 0 428 100 407 200 875 300 754 400
586 0 5 457 0 1142 100 438 200 960 300 262 400
587 0 5 618 0 1164 100 329 200 1389 300 1114 400
588 0 5 1208 0 956 100 3 200 524 300 961 400
589 0 5 659 0 1150 100 959 200 764 300 341 400
590 0 5 1148 0 176 100 1066 200 1105 300 1140 400
591 0 5 977 0 417 100 1360 200 421 300 765 400
592 0 5 229 0 1373 100 1013 200 250 300 183 400
593 0 5 1258 0 1015 100 777 200 936 300 59 400
594 0 5 782 0 651 100 93 200 1336 300 1055 400
595 0 5 155 0 1047 100 894 200 836 300 35 400
596 0 5 818 0 1296 100 1157 200 225 300 10 400
597 0 5 367 0 816 100 171 200 888 300 1338 400
598 0 5 687 0 1263 100 339 200 401 300 784 400
599 0 5 766 0 1217 100 302 200 831 300 1268 400
600 0 5 550 0 52 100 481 200 121 300 297 400
601 0 5 1267 0 1071 100 41 200 84 300 105 400
602 0 5 124 0 1159 100 914 200 252 300 64 400
603 0 5 347 0 461 100 212 200 1466 300 502 400
604 0 5 1034 0 333 100 670 200 349 300 89 400
605 0 5 412 0 1053 100 1059 200 125 300 1299 400
606 0 5 1279 0 459 100 1494 200 1498 300 1355 400
607 0 5 1469 0 300 100 44 200 843 300 1423 400
608 0 5 717 0 1279 100 459 200 1494 300 616 400
609 0 5 680 0 373 100 259 200 776 300 40 400
610 0 5 1179 0 1141 100 1083 200 455 300 1005 400
611 0 5 1216 0 338 100 172 200 1234 300 612 400
612 0 5 338 0 54 100 1440 200 629 300 172 400
613 0 5 275 0 707 100 388 200 83 300 994 400
614 0 5 1040 0 801 100 671 200 1381 300 1110 400
615 0 5 188 0 1278 100 1005 200 580 300 95 400
616 0 5 459 0 891 100 493 200 1355 300 1376 400
617 0 5 232 0 1448 100 1429 200 1146 300 939 400
618 0 5 587 0 763 100 1162 200 329 300 1389 400
619 0 5 921 0 1395 100 1229 200 725 300 531 400
620 0 5 227 0 230 100 1242 200 525 300 1468 400
621 0 5 1268 0 1426 100 964 200 11 300 599 400
622 0 5 1283 0 1115 100 764 200 269 300 1138 400
623 0 5 871 0 159 100 1463 200 633 300 1142 400
624 0 5 138 0 1395 100 1302 200 294 300 1206 400
625 0 5 195 0 755 100 1464 200 298 300 727 400
626 0 5 1270 0 1182 100 1075 200 435 300 825 400
627 0 5 844 0 344 100 30 200 511 300 1045 400
628 0 5 429 0 1207 100 1495 200 541 300 253 400
629 0 5 54 0 706 100 1440 200 1176 300 612 400
630 0 5 796 0 775 100 20 200 1182 300 1300 400
631 0 5 870 0 1448 100 648 200 191 300 545 400
632 0 5 1437 0 1078 100 650 200 1439 300 908 400
633 0 5 1132 0 871 100 623 200 127 300 746 400
634 0 5 324 0 1441 100 398 200 716 300 190 400
635 0 5 1388 0 989 100 1432 200 467 300 186 400
636 0 5 1104 0 641 100 544 200 1408 300 845 400
637 0 5 1417 0 1392 100 414 200 703 300 538 400
638 0 5 21 0 982 100 292 200 91 300 1461 400
639 0 5 1345 0 305 100 1094 200 1321 300 984 400
640 0 5 894 0 1196 100 233 200 4 300 171 400
641 0 5 997 0 636 100 1439 200 845 300 544 400
642 0 5 221 0 504 100 105 200 1173 300 583 400
643 0 5 471 0 1277 100 494 200 652 300 750 400
644 0 5 390 0 1405 100 403 200 966 300 984 400
645 0 5 1008 0 98 100 795 200 430 300 277 400
646 0 5 260 0 173 100 863 200 1367 300 290 400
647 0 5 1430 0 108 100 1023 200 536 300 833 400
648 0 5 191 0 1342 100 545 200 631 300 129 400
649 0 5 1286 0 516 100 810 200 882 300 405 400
650 0 5 1322 0 1261 100 632 200 1078 300 1437 400
651 0 5 782 0 1031 100 594 200 193 300 1406 400
652 0 5 742 0 1277 100 494 200 506 300 1156 400
653 0 5 562 0 1230 100 1087 200 157 300 1191 400
654 0 5 1473 0 237 100 740 200 1159 300 16 400
655 0 5 1314 0 1262 100 18 200 527 300 1306 400
656 0 5 929 0 328 100 820 200 356 300 744 400
657 0 5 798 0 711 100 316 200 714 300 426 400
658 0 5 321 0 535 100 287 200 1103 300 492 400
659 0 5 589 0 1150 100 1236 200 341 300 1382 400
660 0 5 778 0 1074 100 1495 200 1321 300 1207 400
661 0 5 801 0 1037 100 1016 200 671 300 453 400
662 0 5 917 0 821 100 225 200 430 300 1299 400
663 0 5 773 0 131 100 346 200 81 300 161 400
664 0 5 1021 0 676 100 246 200 740 300 64 400
665 0 5 932 0 1143 100 48 200 1164 300 530 400
666 0 5 761 0 353 100 104 200 578 300 863 400
667 0 5 354 0 1024 100 991 200 824 300 760 400
668 0 5 1284 0 1251 100 911 200 116 300 573 400
669 0 5 1231 0 685 100 1275 200 551 300 279 400
670 0 5 349 0 317 100 604 200 1034 300 958 400
671 0 5 453 0 1040 100 614 200 1016 300 661 400
672 0 5 1414 0 398 100 107 200 1441 300 515 400
673 0 5 1079 0 523 100 724 200 358 300 244 400
674 0 5 840 0 702 100 986 200 1350 300 1035 400
675 0 5 450 0 1185 100 1120 200 492 300 321 400
676 0 5 664 0 1326 100 246 200 1021 300 64 400
677 0 5 1190 0 71 100 1434 200 343 300 1253 400
678 0 5 860 0 1103 100 1166 200 479 300 509 400
679 0 5 1477 0 1344 100 150 200 743 300 179 400
680 0 5 1363 0 609 100 40 200 1098 300 373 400
681 0 5 280 0 900 100 1004 200 1007 300 722 400
682 0 5 1007 0 781 100 1445 200 235 300 900 400
683 0 5 337 0 957 100 270 200 1224 300 569 400
684 0 5 254 0 902 100 512 200 370 300 803 400
685 0 5 1231 0 1475 100 669 200 331 300 406 400
686 0 5 1306 0 416 100 692 200 1331 300 18 400
687 0 5 598 0 1375 100 1090 200 1263 300 341 400
688 0 5 13 0 1049 100 135 200 477 300 846 400
689 0 5 567 0 101 100 1327 200 467 300 1432 400
690 0 5 784 0 498 100 1250 200 694 300 1263 400
691 0 5 441 0 325 100 877 200 190 300 1479 400
692 0 5 18 0 1135 100 1262 200 291 300 1306 400
693 0 5 446 0 436 100 1326 200 728 300 1302 400
694 0 5 1250 0 1313 100 339 200 690 300 584 400
695 0 5 480 0 573 100 128 200 1424 300 1082 400
696 0 5 214 0 1192 100 739 200 316 300 1329 400
697 0 5 1076 0 309 100 209 200 272 300 829 400
698 0 5 1215 0 1487 100 791 200 1048 300 834 400
699 0 5 1218 0 1170 100 65 200 977 300 1068 400
700 0 5 287 0 1496 100 492 200 1185 300 478 400
701 0 5 261 0 465 100 919 200 1489 300 1420 400
702 0 5 1350 0 674 100 840 200 1245 300 237 400
703 0 5 571 0 583 100 221 200 637 300 1089 400
704 0 5 965 0 213 100 1151 200 1266 300 1126 400
705 0 5 1155 0 197 100 970 200 484 300 1497 400
706 0 5 1176 0 629 100 54 200 1440 300 127 400
707 0 5 160 0 613 100 609 200 561 300 373 400
708 0 5 118 0 1149 100 374 200 1146 300 439 400
709 0 5 379 0 560 100 1239 200 366 300 217 400
710 0 5 96 0 912 100 335 200 751 300 1161 400
711 0 5 1153 0 798 100 657 200 1226 300 714 400
712 0 5 579 0 1299 100 917 200 225 300 662 400
713 0 5 765 0 930 100 345 200 395 300 1419 400
714 0 5 426 0 1227 100 799 200 657 300 798 400
715 0 5 942 0 1464 100 872 200 328 300 1220 400
716 0 5 1441 0 1371 100 634 200 854 300 190 400
717 0 5 473 0 608 100 1494 200 22 300 1498 400
718 0 5 422 0 1256 100 332 200 1259 300 857 400
719 0 5 1241 0 340 100 474 200 331 300 276 400
720 0 5 263 0 19 100 982 200 1421 300 1304 400
721 0 5 727 0 886 100 842 200 952 300 444 400
722 0 5 43 0 280 100 235 200 264 300 681 400
723 0 5 814 0 1243 100 357 200 547 300 754 400
724 0 5 358 0 673 100 1335 200 523 300 156 400
725 0 5 1229 0 138 100 45 200 619 300 1050 400
726 0 5 433 0 447 100 1063 200 1393 300 393 400
727 0 5 721 0 552 100 886 200 842 300 952 400
728 0 5 768 0 565 100 923 200 693 300 921 400
729 0 5 389 0 1163 100 1152 200 788 300 1499 400
730 0 5 1370 0 313 100 116 200 1284 300 992 400
731 0 5 1112 0 120 100 943 200 1388 300 256 400
732 0 5 290 0 517 100 1274 200 1239 300 379 400
733 0 5 219 0 220 100 447 200 128 300 999 400
734 0 5 185 0 522 100 1223 200 1309 300 69 400
735 0 5 534 0 838 100 1119 200 1447 300 1073 400
736 0 5 452 0 251 100 511 200 226 300 1445 400
737 0 5 69 0 150 100 522 200 679 300 734 400
738 0 5 123 0 1194 100 361 200 926 300 541 400
739 0 5 1329 0 1010 100 214 200 696 300 1017 400
740 0 5 1021 0 64 100 654 200 200 300 237 400
741 0 5 1386 0 506 100 487 200 742 300 750 400
742 0 5 506 0 750 100 652 200 741 300 494 400
743 0 5 179 0 822 100 537 200 679 300 70 400
744 0 5 298 0 1295 100 820 200 656 300 328 400
745 0 5 463 0 831 100 873 200 834 300 301 400
746 0 5 1463 0 127 100 1132 200 210 300 558 400
747 0 5 283 0 195 100 841 200 842 300 755 400
748 0 5 1079 0 546 100 244 200 33 300 673 400
749 0 5 581 0 1222 100 566 200 996 300 930 400
750 0 5 494 0 487 100 742 200 741 300 471 400
751 0 5 890 0 988 100 545 200 912 300 832 400
752 0 5 503 0 1330 100 265 200 849 300 495 400
753 0 5 1340 0 1474 100 166 200 330 300 1333 400
754 0 5 140 0 357 100 814 200 875 300 407 400
755 0 5 625 0 298 100 195 200 747 300 820 400
756 0 5 73 0 1218 100 1456 200 938 300 1068 400
757 0 5 269 0 808 100 1421 200 982 300 49 400
758 0 5 391 0 1108 100 833 200 810 300 780 400
759 0 5 496 0 1446 100 11 200 1268 300 239 400
760 0 5 1400 0 268 100 991 200 1024 300 667 400
761 0 5 863 0 666 100 104 200 578 300 961 400
762 0 5 79 0 1501 100 295 200 1041 300 1002 400
763 0 5 1162 0 618 100 1334 200 1389 300 772 400
764 0 5 1283 0 880 100 622 200 959 300 1325 400
765 0 5 395 0 713 100 417 200 591 300 345 400
766 0 5 831 0 599 100 1487 200 1217 300 463 400
767 0 5 931 0 1397 100 865 200 797 300 1000 400
768 0 5 728 0 565 100 914 200 602 300 356 400
769 0 5 346 0 543 100 89 200 131 300 349 400
770 0 5 1461 0 1193 100 91 200 1033 300 883 400
771 0 5 507 0 1062 100 918 200 1472 300 111 400
772 0 5 1389 0 129 100 948 200 1334 300 763 400
773 0 5 663 0 81 100 131 200 161 300 1000 400
774 0 5 390 0 966 100 577 200 403 300 1402 400
775 0 5 1182 0 630 100 796 200 969 300 461 400
776 0 5 132 0 373 100 928 200 1026 300 813 400
777 0 5 57 0 943 100 593 200 1258 300 78 400
778 0 5 1207 0 660 100 1321 200 1495 300 628 400
779 0 5 1292 0 543 100 317 200 670 300 230 400
780 0 5 391 0 802 100 516 200 810 300 1483 400
781 0 5 682 0 1445 100 1400 200 251 300 1024 400
782 0 5 1336 0 651 100 594 200 362 300 1435 400
783 0 5 28 0 380 100 242 200 1485 300 133 400
784 0 5 690 0 339 100 598 200 498 300 694 400
785 0 5 575 0 1117 100 1123 200 8 300 1281 400
786 0 5 192 0 864 100 1196 200 138 300 836 400
787 0 5 108 0 1111 100 59 200 1211 300 936 400
788 0 5 377 0 1163 100 1081 200 729 300 1173 400
789 0 5 46 0 342 100 82 200 454 300 1012 400
790 0 5 198 0 1486 100 175 200 1066 300 271 400
791 0 5 1215 0 834 100 698 200 858 300 1487 400
792 0 5 369 0 840 100 1245 200 986 300 702 400
793 0 5 962 0 1198 100 1499 200 45 300 1057 400
794 0 5 499 0 854 100 1214 200 1244 300 1064 400
795 0 5 1157 0 277 100 296 200 645 300 98 400
796 0 5 630 0 20 100 1300 200 969 300 775 400
797 0 5 954 0 865 100 931 200 767 300 1316 400
798 0 5 657 0 711 100 714 200 316 300 426 400
799 0 5 170 0 1227 100 714 200 1398 300 63 400
800 0 5 1168 0 518 100 852 200 425 300 27 400
801 0 5 661 0 614 100 167 200 1497 300 1016 400
802 0 5 391 0 780 100 896 200 1028 300 516 400
803 0 5 512 0 538 100 329 200 1162 300 637 400
804 0 5 1369 0 1486 100 839 200 17 300 100 400
805 0 5 372 0 544 100 906 200 1104 300 1074 400
806 0 5 924 0 75 100 152 200 1434 300 1190 400
807 0 5 1200 0 143 100 29 200 359 300 900 400
808 0 5 269 0 757 100 1138 200 304 300 1115 400
809 0 5 1254 0 1113 100 563 200 1339 300 442 400
810 0 5 1286 0 516 100 649 200 780 300 758 400
811 0 5 1349 0 1193 100 1183 200 993 300 1457 400
812 0 5 385 0 1204 100 152 200 400 300 1216 400
813 0 5 1509 0 1508 100 817 200 776 300 132 400
814 0 5 723 0 357 100 547 200 754 300 1225 400
815 0 5 1209 0 177 100 300 200 1423 300 1262 400
816 0 5 597 0 367 100 888 200 171 300 920 400
817 0 5 813 0 1026 100 884 200 2 300 953 400
818 0 5 596 0 296 100 1157 200 277 300 795 400
819 0 5 336 0 465 100 950 200 919 300 278 400
820 0 5 1295 0 923 100 656 200 744 300 97 400
821 0 5 662 0 368 100 225 200 430 300 917 400
822 0 5 122 0 743 100 326 200 70 300 1061 400
823 0 5 1203 0 1249 100 552 200 1029 300 1085 400
824 0 5 979 0 51 100 201 200 667 300 991 400
825 0 5 580 0 435 100 1372 200 487 300 626 400
826 0 5 521 0 1490 100 1356 200 411 300 887 400
827 0 5 1320 0 542 100 555 200 410 300 1413 400
828 0 5 489 0 151 100 1366 200 1123 300 475 400
829 0 5 50 0 1362 100 1076 200 209 300 697 400
830 0 5 206 0 1276 100 7 200 1094 300 62 400
831 0 5 766 0 745 100 463 200 599 300 1487 400
832 0 5 344 0 30 100 988 200 751 300 890 400
833 0 5 758 0 1108 100 391 200 108 300 647 400
834 0 5 463 0 791 100 858 200 1487 300 873 400
835 0 5 34 0 255 100 11 200 319 300 1268 400
836 0 5 192 0 294 100 595 200 155 300 138 400
837 0 5 851 0 309 100 119 200 1288 300 1180 400
838 0 5 735 0 33 100 1447 200 546 300 1073 400
839 0 5 100 0 1091 100 804 200 1486 300 448 400
840 0 5 674 0 792 100 702 200 986 300 1350 400
841 0 5 842 0 283 100 747 200 444 300 1499 400
842 0 5 841 0 444 100 394 200 747 300 721 400
843 0 5 514 0 1049 100 1378 200 44 300 1453 400
844 0 5 452 0 627 100 511 200 273 300 344 400
845 0 5 901 0 997 100 641 200 1408 300 636 400
846 0 5 135 0 556 100 13 200 688 300 477 400
847 0 5 1337 0 849 100 503 200 445 300 265 400
848 0 5 1255 0 102 100 216 200 285 300 762 400
849 0 5 503 0 847 100 752 200 265 300 445 400
850 0 5 1022 0 1211 100 975 200 927 300 108 400
851 0 5 837 0 209 100 1362 200 309 300 1288 400
852 0 5 1181 0 800 100 425 200 518 300 27 400
853 0 5 1489 0 228 100 209 200 396 300 261 400
854 0 5 794 0 1361 100 107 200 1371 300 920 400
855 0 5 109 0 1506 100 1507 200 181 300 1205 400
856 0 5 1001 0 949 100 180 200 971 300 85 400
857 0 5 1065 0 1491 100 332 200 958 300 718 400
858 0 5 834 0 1513 100 791 200 1514 300 983 400
859 0 5 501 0 464 100 1323 200 74 300 1390 400
860 0 5 678 0 1166 100 1373 200 1013 300 362 400
861 0 5 560 0 88 100 134 200 505 300 217 400
862 0 5 121 0 218 100 37 200 600 300 1106 400
863 0 5 961 0 761 100 646 200 956 300 666 400
864 0 5 180 0 1196 100 786 200 164 300 85 400
865 0 5 797 0 1316 100 1128 200 931 300 767 400
866 0 5 125 0 382 100 495 200 258 300 1422 400
867 0 5 539 0 1109 100 1036 200 31 300 299 400
868 0 5 1186 0 1406 100 404 200 60 300 193 400
869 0 5 1454 0 1265 100 1323 200 903 300 584 400
870 0 5 631 0 1448 100 452 200 1429 300 273 400
871 0 5 623 0 159 100 633 200 960 300 1142 400
872 0 5 942 0 1040 100 715 200 328 300 671 400
873 0 5 1197 0 301 100 745 200 834 300 463 400
874 0 5 379 0 260 100 732 200 290 300 646 400
875 0 5 1225 0 308 100 754 200 585 300 407 400
876 0 5 540 0 548 100 493 200 1246 300 554 400
877 0 5 249 0 325 100 691 200 1479 300 1214 400
878 0 5 1411 0 443 100 1099 200 429 300 1337 400
879 0 5 451 0 1078 100 1273 200 1408 300 1096 400
880 0 5 163 0 1325 100 764 200 327 300 1115 400
881 0 5 241 0 244 100 1100 200 523 300 411 400
882 0 5 1286 0 281 100 1444 200 649 300 1191 400
883 0 5 6 0 139 100 1183 200 425 300 168 400
884 0 5 953 0 25 100 1026 200 1433 300 2 400
885 0 5 1462 0 1336 100 77 200 93 300 1055 400
886 0 5 952 0 721 100 727 200 199 300 53 400
887 0 5 1490 0 1028 100 241 200 896 300 442 400
888 0 5 1294 0 171 100 233 200 4 300 816 400
889 0 5 424 0 935 100 430 200 520 300 1256 400
890 0 5 273 0 751 100 988 200 344 300 545 400
891 0 5 1355 0 616 100 459 200 1376 300 1498 400
892 0 5 304 0 12 100 295 200 458 300 770 400
893 0 5 497 0 110 100 343 200 1361 300 1449 400
894 0 5 640 0 1047 100 595 200 171 300 1196 400
895 0 5 1377 0 1383 100 1171 200 1317 300 153 400
896 0 5 1483 0 802 100 1028 200 887 300 1490 400
897 0 5 1098 0 1165 100 40 200 1232 300 1093 400
898 0 5 116 0 102 100 911 200 668 300 1284 400
899 0 5 5 0 926 100 1084 200 1422 300 1201 400
900 0 5 1007 0 681 100 143 200 807 300 1024 400
901 0 5 845 0 1439 100 997 200 1078 300 879 400
902 0 5 684 0 512 100 254 200 370 300 803 400
903 0 5 288 0 1397 100 869 200 998 300 1265 400
904 0 5 1178 0 457 100 1124 200 946 300 1463 400
905 0 5 434 0 384 100 170 200 1398 300 63 400
906 0 5 1436 0 372 100 805 200 1194 300 1104 400
907 0 5 1466 0 1372 100 95 200 347 300 580 400
908 0 5 383 0 940 100 1261 200 1105 300 950 400
909 0 5 75 0 574 100 1129 200 1190 300 1253 400
910 0 5 1381 0 1110 100 16 200 614 300 1350 400
911 0 5 285 0 1251 100 668 200 116 300 898 400
912 0 5 710 0 1342 100 751 200 545 300 96 400
913 0 5 1416 0 330 100 24 200 164 300 61 400
914 0 5 124 0 356 100 602 200 768 300 565 400
915 0 5 944 0 445 100 1468 200 847 300 142 400
916 0 5 431 0 184 100 1289 200 500 300 1212 400
917 0 5 662 0 1299 100 225 200 712 300 605 400
918 0 5 56 0 148 100 1062 200 415 300 103 400
919 0 5 383 0 465 100 950 200 819 300 701 400
920 0 5 1449 0 499 100 854 200 1361 300 816 400
921 0 5 619 0 531 100 97 200 923 300 728 400
922 0 5 1293 0 1219 100 578 200 289 300 1319 400
923 0 5 97 0 820 100 728 200 921 300 929 400
924 0 5 75 0 806 100 909 200 1190 300 574 400
925 0 5 547 0 1225 100 1360 200 1118 300 468 400
926 0 5 5 0 899 100 58 200 541 300 738 400
927 0 5 1428 0 1022 100 1108 200 850 300 833 400
928 0 5 1121 0 373 100 776 200 259 300 1026 400
929 0 5 656 0 565 100 820 200 923 300 356 400
930 0 5 306 0 713 100 1222 200 749 300 1419 400
931 0 5 767 0 865 100 1316 200 81 300 161 400
932 0 5 530 0 665 100 1143 200 978 300 1017 400
933 0 5 1223 0 364 100 1072 200 529 300 185 400
934 0 5 534 0 1392 100 242 200 380 300 1417 400
935 0 5 889 0 430 100 1282 200 520 300 1210 400
936 0 5 1015 0 1111 100 1120 200 108 300 593 400
937 0 5 363 0 939 100 147 200 118 300 1334 400
938 0 5 1161 0 335 100 1068 200 1456 300 30 400
939 0 5 191 0 937 100 1448 200 232 300 363 400
940 0 5 315 0 1410 100 908 200 383 300 176 400
941 0 5 57 0 1112 100 1120 200 1056 300 731 400
942 0 5 872 0 715 100 328 200 1220 300 1464 400
943 0 5 78 0 777 100 420 200 731 300 256 400
944 0 5 915 0 266 100 1128 200 1092 300 1099 400
945 0 5 478 0 975 100 513 200 1470 300 1111 400
946 0 5 1124 0 1178 100 1018 200 78 300 904 400
947 0 5 1278 0 1020 100 148 200 1384 300 1141 400
948 0 5 129 0 240 100 1297 200 772 300 1389 400
949 0 5 180 0 856 100 1001 200 971 300 864 400
950 0 5 1322 0 919 100 383 200 819 300 908 400
951 0 5 428 0 1170 100 1068 200 1360 300 308 400
952 0 5 886 0 199 100 721 200 444 300 53 400
953 0 5 884 0 1038 100 1433 200 2 300 813 400
954 0 5 797 0 1390 100 60 200 115 300 865 400
955 0 5 355 0 1025 100 1136 200 1044 300 183 400
956 0 5 588 0 1208 100 961 200 863 300 524 400
957 0 5 270 0 683 100 1224 200 993 300 1404 400
958 0 5 1131 0 136 100 1491 200 857 300 317 400
959 0 5 1150 0 1090 100 764 200 1382 300 1283 400
960 0 5 438 0 871 100 586 200 262 300 1142 400
961 0 5 863 0 956 100 578 200 353 300 1208 400
962 0 5 1184 0 793 100 1198 200 45 300 1057 400
963 0 5 88 0 134 100 555 200 1320 300 861 400
964 0 5 1426 0 301 100 1188 200 621 300 1268 400
965 0 5 1151 0 704 100 213 200 205 300 1328 400
966 0 5 774 0 577 100 390 200 403 300 644 400
967 0 5 350 0 1103 100 92 200 509 300 535 400
968 0 5 1354 0 51 100 1109 200 314 300 299 400
969 0 5 1450 0 461 100 1300 200 486 300 796 400
970 0 5 197 0 484 100 705 200 167 300 1035 400
971 0 5 1001 0 1301 100 856 200 238 300 949 400
972 0 5 1424 0 1126 100 245 200 480 300 36 400
973 0 5 1280 0 1171 100 1377 200 1459 300 1407 400
974 0 5 526 0 360 100 1413 200 1312 300 1320 400
975 0 5 945 0 513 100 1022 200 850 300 1211 400
976 0 5 165 0 1385 100 27 200 392 300 114 400
977 0 5 591 0 345 100 65 200 699 300 765 400
978 0 5 530 0 1017 100 1010 200 1398 300 932 400
979 0 5 824 0 1199 100 991 200 51 300 122 400
980 0 5 1324 0 202 100 1246 200 1476 300 13 400
981 0 5 1379 0 351 100 1093 200 1188 300 437 400
982 0 5 638 0 1421 100 292 200 1304 300 757 400
983 0 5 1197 0 1504 100 1503 200 858 300 39 400
984 0 5 1260 0 1345 100 1405 200 639 300 1094 400
985 0 5 1042 0 1452 100 1391 200 136 300 413 400
986 0 5 369 0 674 100 184 200 840 300 1289 400
987 0 5 423 0 157 100 222 200 1301 300 1348 400
988 0 5 1161 0 751 100 832 200 890 300 273 400
989 0 5 1388 0 635 100 186 200 456 300 1327 400
990 0 5 518 0 483 100 425 200 1404 300 293 400
991 0 5 979 0 760 100 667 200 1024 300 824 400
992 0 5 313 0 365 100 1032 200 327 300 730 400
993 0 5 1404 0 1457 100 1183 200 270 300 811 400
994 0 5 40 0 83 100 613 200 275 300 388 400
995 0 5 53 0 570 100 199 200 394 300 1152 400
996 0 5 1419 0 581 100 1309 200 469 300 749 400
997 0 5 641 0 845 100 901 200 1439 300 1078 400
998 0 5 323 0 1265 100 1397 200 903 300 954 400
999 0 5 401 0 220 100 219 200 733 300 1375 400
1000 0 5 131 0 376 100 1027 200 288 300 1397 400
1001 0 5 856 0 971 100 949 200 180 300 1301 400
1002 0 5 1077 0 569 100 295 200 1041 300 1457 400
1003 0 5 1281 0 1117 100 14 200 33 300 1447 400
1004 0 5 1200 0 280 100 681 200 807 300 43 400
1005 0 5 188 0 1083 100 615 200 610 300 218 400
1006 0 5 1471 0 193 100 74 200 183 300 1351 400
1007 0 5 900 0 682 100 681 200 722 300 781 400
1008 0 5 55 0 645 100 277 200 795 300 98 400
1009 0 5 1039 0 1257 100 804 200 1487 300 1369 400
1010 0 5 1017 0 1329 100 739 200 978 300 932 400
1011 0 5 1458 0 261 100 1420 200 409 300 1368 400
1012 0 5 454 0 406 100 1308 200 99 300 789 400
1013 0 5 362 0 1373 100 592 200 860 300 651 400
1014 0 5 342 0 1443 100 1020 200 47 300 789 400
1015 0 5 936 0 593 100 59 200 1258 300 418 400
1016 0 5 453 0 1037 100 661 200 671 300 801 400
1017 0 5 1010 0 978 100 739 200 1329 300 214 400
1018 0 5 1158 0 371 100 946 200 196 300 1134 400
1019 0 5 508 0 1107 100 20 200 523 300 796 400
1020 0 5 947 0 1443 100 1014 200 1384 300 46 400
1021 0 5 664 0 740 100 64 200 676 300 246 400
1022 0 5 850 0 927 100 1428 200 975 300 1108 400
1023 0 5 371 0 59 100 1102 200 1015 300 1018 400
1024 0 5 667 0 760 100 1400 200 991 300 781 400
1025 0 5 355 0 1315 100 955 200 1432 300 322 400
1026 0 5 1125 0 1121 100 776 200 813 300 234 400
1027 0 5 89 0 1187 100 376 200 604 300 1000 400
1028 0 5 442 0 887 100 896 200 802 300 391 400
1029 0 5 1085 0 1249 100 823 200 84 300 739 400
1030 0 5 248 0 1065 100 525 200 230 300 857 400
1031 0 5 193 0 651 100 362 200 1013 300 592 400
1032 0 5 393 0 303 100 992 200 1063 300 1082 400
1033 0 5 1461 0 574 100 292 200 770 300 91 400
1034 0 5 378 0 604 100 670 200 307 300 333 400
1035 0 5 1097 0 197 100 986 200 167 300 1381 400
1036 0 5 532 0 1109 100 867 200 1455 300 314 400
1037 0 5 1497 0 1016 100 661 200 671 300 801 400
1038 0 5 953 0 1517 100 1516 200 1433 300 2 400
1039 0 5 1369 0 1009 100 1359 200 1217 300 1487 400
1040 0 5 614 0 671 100 872 200 1220 300 1110 400
1041 0 5 337 0 1224 100 569 200 1002 300 762 400
1042 0 5 985 0 136 100 422 200 1259 300 1391 400
1043 0 5 178 0 332 100 520 200 248 300 1210 400
1044 0 5 1136 0 322 100 32 200 955 300 355 400
1045 0 5 1332 0 466 100 1467 200 87 300 67 400
1046 0 5 468 0 23 100 395 200 1189 300 765 400
1047 0 5 595 0 35 100 894 200 155 300 1064 400
1048 0 5 1409 0 698 100 181 200 94 300 1215 400
1049 0 5 688 0 44 100 174 200 843 300 477 400
1050 0 5 80 0 85 100 725 200 45 300 1184 400
1051 0 5 1465 0 1442 100 414 200 1348 300 157 400
1052 0 5 66 0 93 100 1055 200 1305 300 594 400
1053 0 5 1493 0 605 100 1059 200 1210 300 178 400
1054 0 5 335 0 407 100 408 200 938 300 1161 400
1055 0 5 348 0 66 100 1052 200 885 300 1462 400
1056 0 5 322 0 1315 100 941 200 1112 300 32 400
1057 0 5 1184 0 80 100 86 200 1050 300 45 400
1058 0 5 498 0 533 100 456 200 584 300 186 400
1059 0 5 1330 0 1053 100 605 200 525 300 178 400
1060 0 5 1352 0 19 100 1421 200 113 300 397 400
1061 0 5 70 0 122 100 822 200 268 300 1199 400
1062 0 5 455 0 771 100 918 200 415 300 276 400
1063 0 5 447 0 393 100 726 200 1032 300 303 400
1064 0 5 1214 0 35 100 249 200 1479 300 325 400
1065 0 5 857 0 332 100 1030 200 248 300 525 400
1066 0 5 175 0 198 100 590 200 176 300 1290 400
1067 0 5 1442 0 1417 100 482 200 414 300 1348 400
1068 0 5 1170 0 951 100 938 200 756 300 699 400
1069 0 5 469 0 1309 100 364 200 996 300 522 400
1070 0 5 297 0 481 100 52 200 1318 300 1127 400
1071 0 5 1267 0 601 100 41 200 1163 300 84 400
1072 0 5 933 0 564 100 72 200 364 300 65 400
1073 0 5 519 0 534 100 1272 200 735 300 838 400
1074 0 5 1408 0 660 100 1495 200 1104 300 1096 400
1075 0 5 1418 0 487 100 435 200 626 300 312 400
1076 0 5 697 0 577 100 272 200 829 300 309 400
1077 0 5 79 0 1002 100 295 200 1501 300 762 400
1078 0 5 632 0 1439 100 879 200 650 300 451 400
1079 0 5 748 0 673 100 244 200 546 300 724 400
1080 0 5 488 0 400 100 385 200 172 300 812 400
1081 0 5 377 0 788 100 1451 200 1173 300 86 400
1082 0 5 573 0 303 100 1032 200 695 300 128 400
1083 0 5 1005 0 1179 100 284 200 610 300 1106 400
1084 0 5 1201 0 899 100 1422 200 5 300 146 400
1085 0 5 1029 0 84 100 1249 200 739 300 1267 400
1086 0 5 215 0 1347 100 1174 200 141 300 126 400
1087 0 5 1230 0 238 100 1301 200 653 300 971 400
1088 0 5 1313 0 208 100 1187 200 288 300 1000 400
1089 0 5 1173 0 583 100 504 200 377 300 221 400
1090 0 5 341 0 687 100 1375 200 959 300 1492 400
1091 0 5 1486 0 839 100 1484 200 175 300 448 400
1092 0 5 266 0 1128 100 115 200 944 300 318 400
1093 0 5 1098 0 981 100 437 200 1232 300 351 400
1094 0 5 305 0 639 100 1405 200 1276 300 830 400
1095 0 5 68 0 126 100 50 200 1347 300 1174 400
1096 0 5 1221 0 1408 100 879 200 1074 300 845 400
1097 0 5 1346 0 1035 100 986 200 197 300 500 400
1098 0 5 897 0 1093 100 437 200 40 300 680 400
1099 0 5 1307 0 878 100 1411 200 443 300 266 400
1100 0 5 411 0 241 100 1490 200 881 300 1356 400
1101 0 5 566 0 1246 100 135 200 13 300 1376 400
1102 0 5 1403 0 1023 100 1018 200 1158 300 418 400
1103 0 5 967 0 535 100 678 200 658 300 479 400
1104 0 5 636 0 544 100 1074 200 1194 300 1408 400
1105 0 5 1140 0 1261 100 908 200 1148 300 176 400
1106 0 5 284 0 1510 100 1511 200 1083 300 121 400
1107 0 5 1019 0 20 100 1335 200 724 300 673 400
1108 0 5 758 0 582 100 833 200 1339 300 391 400
1109 0 5 867 0 1036 100 299 200 968 300 314 400
1110 0 5 910 0 1220 100 16 200 1040 300 614 400
1111 0 5 936 0 787 100 1496 200 1185 300 1211 400
1112 0 5 731 0 941 100 57 200 1056 300 1388 400
1113 0 5 1147 0 809 100 1418 200 312 300 471 400
1114 0 5 1389 0 240 100 384 200 48 300 381 400
1115 0 5 622 0 1138 100 808 200 26 300 269 400
1116 0 5 1311 0 231 100 11 200 1446 300 759 400
1117 0 5 1281 0 785 100 1003 200 8 300 1123 400
1118 0 5 1243 0 547 100 925 200 468 300 723 400
1119 0 5 1447 0 735 100 1485 200 375 300 380 400
1120 0 5 1185 0 941 100 675 200 936 300 492 400
1121 0 5 928 0 1026 100 259 200 1125 300 776 400
1122 0 5 476 0 293 100 1412 200 114 300 27 400
1123 0 5 475 0 785 100 828 200 1117 300 151 400
1124 0 5 946 0 904 100 1463 200 1178 300 1142 400
1125 0 5 1169 0 1026 100 1121 200 559 300 432 400
1126 0 5 1154 0 972 100 245 200 216 300 480 400
1127 0 5 510 0 1180 100 1288 200 1205 300 52 400
1128 0 5 1092 0 318 100 865 200 944 300 954 400
1129 0 5 168 0 574 100 1431 200 909 300 139 400
1130 0 5 146 0 194 100 382 200 258 300 866 400
1131 0 5 413 0 958 100 307 200 136 300 1034 400
1132 0 5 633 0 127 100 746 200 871 300 623 400
1133 0 5 1472 0 1308 100 406 200 111 300 103 400
1134 0 5 419 0 196 100 1167 200 1374 300 1018 400
1135 0 5 1202 0 1357 100 692 200 366 300 173 400
1136 0 5 183 0 1044 100 955 200 229 300 355 400
1137 0 5 15 0 258 100 1478 200 112 300 194 400
1138 0 5 458 0 1115 100 808 200 26 300 304 400
1139 0 5 1423 0 1314 100 1209 200 1262 300 291 400
1140 0 5 1148 0 1290 100 1105 200 590 300 1066 400
1141 0 5 148 0 610 100 1278 200 947 300 918 400
1142 0 5 159 0 586 100 1463 200 623 300 457 400
1143 0 5 665 0 370 100 41 200 329 300 932 400
1144 0 5 25 0 1482 100 474 200 455 300 340 400
1145 0 5 9 0 449 100 524 200 340 300 3 400
1146 0 5 1427 0 439 100 617 200 708 300 264 400
1147 0 5 1113 0 1418 100 312 200 471 300 1075 400
1148 0 5 1140 0 590 100 1105 200 1066 300 1290 400
1149 0 5 203 0 708 100 439 200 489 300 374 400
1150 0 5 959 0 589 100 659 200 1382 300 1090 400
1151 0 5 1266 0 965 100 704 200 1238 300 213 400
1152 0 5 389 0 570 100 729 200 1163 300 53 400
1153 0 5 1226 0 711 100 182 200 63 300 1227 400
1154 0 5 216 0 1126 100 1251 200 480 300 668 400
1155 0 5 1497 0 705 100 484 200 167 300 970 400
1156 0 5 1247 0 742 100 652 200 1470 300 1341 400
1157 0 5 795 0 10 100 596 200 1296 300 818 400
1158 0 5 1403 0 1018 100 1102 200 418 300 946 400
1159 0 5 252 0 64 100 602 200 654 300 740 400
1160 0 5 1482 0 340 100 9 200 25 300 1144 400
1161 0 5 988 0 938 100 335 200 832 300 1054 400
1162 0 5 763 0 618 100 538 200 329 300 28 400
1163 0 5 788 0 729 100 377 200 1081 300 1152 400
1164 0 5 587 0 48 100 665 200 329 300 1114 400
1165 0 5 897 0 1232 100 40 200 1093 300 1098 400
1166 0 5 1373 0 678 100 479 200 860 300 450 400
1167 0 5 1134 0 1463 100 419 200 1018 300 159 400
1168 0 5 1412 0 800 100 27 200 518 300 476 400
1169 0 5 1125 0 432 100 162 200 1228 300 234 400
1170 0 5 1068 0 951 100 699 200 1218 300 428 400
1171 0 5 1377 0 973 100 1415 200 549 300 182 400
1172 0 5 1505 0 1504 100 181 200 858 300 109 400
1173 0 5 1089 0 377 100 504 200 1081 300 642 400
1174 0 5 141 0 126 100 1086 200 451 300 1095 400
1175 0 5 1368 0 94 100 109 200 409 300 1438 400
1176 0 5 706 0 127 100 629 200 633 300 223 400
1177 0 5 576 0 427 100 83 200 239 300 1232 400
1178 0 5 904 0 946 100 78 200 457 300 1124 400
1179 0 5 284 0 610 100 1083 200 1433 300 1005 400
1180 0 5 1127 0 119 100 510 200 1318 300 837 400
1181 0 5 852 0 247 100 425 200 1414 300 1271 400
1182 0 5 775 0 1270 100 626 200 1418 300 1466 400
1183 0 5 1193 0 811 100 6 200 993 300 883 400
1184 0 5 962 0 1057 100 80 200 1050 300 1198 400
1185 0 5 1496 0 492 100 1120 200 675 300 1111 400
1186 0 5 868 0 60 100 7 200 62 300 1406 400
1187 0 5 376 0 1027 100 208 200 1088 300 604 400
1188 0 5 39 0 1379 100 1197 200 301 300 964 400
1189 0 5 1360 0 421 100 417 200 468 300 925 400
1190 0 5 1434 0 677 100 909 200 806 300 1253 400
1191 0 5 562 0 281 100 882 200 1444 300 130 400
1192 0 5 316 0 696 100 426 200 714 300 799 400
1193 0 5 811 0 1183 100 770 200 1349 300 883 400
1194 0 5 123 0 738 100 372 200 1436 300 906 400
1195 0 5 469 0 65 100 1419 200 345 300 364 400
1196 0 5 864 0 164 100 640 200 786 300 4 400
1197 0 5 873 0 983 100 301 200 1188 300 858 400
1198 0 5 352 0 793 100 962 200 1184 300 1451 400
1199 0 5 979 0 122 100 299 200 31 300 311 400
1200 0 5 1004 0 807 100 359 200 43 300 29 400
1201 0 5 1084 0 382 100 1422 200 899 300 146 400
1202 0 5 1135 0 173 100 366 200 1367 300 646 400
1203 0 5 823 0 552 100 1249 200 1029 300 739 400
1204 0 5 152 0 400 100 812 200 385 300 806 400
1205 0 5 462 0 1512 100 1511 200 1288 300 855 400
1206 0 5 531 0 1302 100 1395 200 619 300 624 400
1207 0 5 778 0 628 100 1495 200 207 300 660 400
1208 0 5 588 0 956 100 3 200 578 300 961 400
1209 0 5 815 0 1423 100 1314 200 1139 300 1262 400
1210 0 5 1282 0 1493 100 178 200 605 300 935 400
1211 0 5 108 0 787 100 1111 200 850 300 975 400
1212 0 5 500 0 431 100 1385 200 369 300 399 400
1213 0 5 387 0 130 100 223 200 1425 300 629 400
1214 0 5 1064 0 249 100 794 200 325 300 35 400
1215 0 5 698 0 791 100 181 200 858 300 1048 400
1216 0 5 611 0 172 100 1234 200 812 300 71 400
1217 0 5 1359 0 599 100 302 200 1487 300 766 400
1218 0 5 699 0 756 100 73 200 1170 300 1072 400
1219 0 5 1319 0 922 100 578 200 353 300 289 400
1220 0 5 386 0 1110 100 1040 200 328 300 614 400
1221 0 5 1273 0 1096 100 568 200 1074 300 879 400
1222 0 5 749 0 566 100 930 200 1498 300 1494 400
1223 0 5 933 0 185 100 529 200 364 300 734 400
1224 0 5 569 0 1041 100 337 200 957 300 683 400
1225 0 5 875 0 925 100 308 200 547 300 814 400
1226 0 5 1153 0 1227 100 182 200 714 300 63 400
1227 0 5 63 0 799 100 1226 200 714 300 182 400
1228 0 5 1269 0 559 100 1291 200 432 300 1169 400
1229 0 5 45 0 725 100 619 200 1499 300 921 400
1230 0 5 1087 0 653 100 238 200 562 300 1301 400
1231 0 5 685 0 669 100 279 200 99 300 1475 400
1232 0 5 1165 0 576 100 40 200 1093 300 83 400
1233 0 5 497 0 472 100 1340 200 893 300 110 400
1234 0 5 71 0 472 100 611 200 1216 300 1333 400
1235 0 5 1341 0 557 100 350 200 506 300 550 400
1236 0 5 341 0 120 100 186 200 659 300 1090 400
1237 0 5 1465 0 423 100 222 200 1089 300 86 400
1238 0 5 245 0 1266 100 528 200 378 300 1034 400
1239 0 5 709 0 379 100 732 200 88 300 560 400
1240 0 5 172 0 1440 100 612 200 629 300 960 400
1241 0 5 719 0 517 100 331 200 524 300 340 400
1242 0 5 1468 0 620 100 227 200 142 300 346 400
1243 0 5 1118 0 723 100 357 200 1407 300 547 400
1244 0 5 1396 0 499 100 1338 200 794 300 367 400
1245 0 5 324 0 190 100 392 200 702 300 792 400
1246 0 5 980 0 1101 100 1476 200 13 300 1376 400
1247 0 5 1156 0 1470 100 1277 200 287 300 658 400
1248 0 5 397 0 78 100 256 200 1178 300 457 400
1249 0 5 1029 0 823 100 1203 200 1085 300 739 400
1250 0 5 584 0 694 100 498 200 1058 300 690 400
1251 0 5 216 0 668 100 911 200 1154 300 1126 400
1252 0 5 49 0 1382 100 1352 200 397 300 113 400
1253 0 5 1431 0 343 100 90 200 677 300 909 400
1254 0 5 563 0 809 100 1113 200 1339 300 442 400
1255 0 5 848 0 285 100 216 200 1251 300 102 400
1256 0 5 424 0 718 100 520 200 332 300 98 400
1257 0 5 1487 0 1009 100 17 200 698 300 1048 400
1258 0 5 420 0 593 100 418 200 1015 300 777 400
1259 0 5 1491 0 422 100 718 200 136 300 1042 400
1260 0 5 215 0 984 100 568 200 1345 300 1273 400
1261 0 5 1437 0 1105 100 650 200 908 300 1439 400
1262 0 5 18 0 655 100 692 200 291 300 1139 400
1263 0 5 533 0 598 100 498 200 1058 300 341 400
1264 0 5 1415 0 1317 100 182 200 381 300 240 400
1265 0 5 998 0 1323 100 323 200 869 300 903 400
1266 0 5 1151 0 1238 100 704 200 307 300 528 400
1267 0 5 1071 0 84 100 601 200 1085 300 1163 400
1268 0 5 621 0 11 100 34 200 599 300 302 400
1269 0 5 1228 0 1481 100 1291 200 289 300 162 400
1270 0 5 1182 0 1372 100 626 200 580 300 907 400
1271 0 5 247 0 515 100 286 200 1414 300 1181 400
1272 0 5 482 0 521 100 1356 200 1073 300 826 400
1273 0 5 1221 0 141 100 879 200 451 300 1260 400
1274 0 5 1500 0 1455 100 732 200 517 300 1239 400
1275 0 5 314 0 669 100 551 200 279 300 144 400
1276 0 5 257 0 830 100 7 200 1094 300 403 400
1277 0 5 1488 0 652 100 1470 200 1247 300 494 400
1278 0 5 947 0 615 100 188 200 1141 300 610 400
1279 0 5 606 0 608 100 459 200 1494 300 1498 400
1280 0 5 973 0 549 100 1407 200 1459 300 1171 400
1281 0 5 1117 0 8 100 358 200 1003 300 14 400
1282 0 5 1210 0 520 100 935 200 1043 300 178 400
1283 0 5 622 0 764 100 269 200 49 300 959 400
1284 0 5 1370 0 668 100 116 200 313 300 911 400
1285 0 5 1310 0 572 100 272 200 189 300 1055 400
1286 0 5 649 0 810 100 516 200 882 300 1425 400
1287 0 5 375 0 118 100 147 200 1485 300 708 400
1288 0 5 837 0 1205 100 1127 200 1180 300 510 400
1289 0 5 184 0 916 100 986 200 369 300 431 400
1290 0 5 1140 0 198 100 1066 200 1148 300 790 400
1291 0 5 160 0 154 100 1269 200 1481 300 1228 400
1292 0 5 317 0 779 100 230 200 857 300 958 400
1293 0 5 154 0 922 100 289 200 1319 300 578 400
1294 0 5 888 0 166 100 816 200 330 300 171 400
1295 0 5 744 0 820 100 298 200 656 300 755 400
1296 0 5 596 0 225 100 10 200 1157 300 368 400
1297 0 5 153 0 96 100 948 200 129 300 1383 400
1298 0 5 509 0 550 100 678 200 350 300 1305 400
1299 0 5 712 0 917 100 605 200 662 300 225 400
1300 0 5 1335 0 796 100 969 200 20 300 724 400
1301 0 5 222 0 971 100 1087 200 987 300 423 400
1302 0 5 1206 0 531 100 1395 200 446 300 294 400
1303 0 5 402 0 1435 100 77 200 1402 300 1406 400
1304 0 5 292 0 263 100 982 200 1033 300 720 400
1305 0 5 348 0 66 100 1052 200 1055 300 509 400
1306 0 5 527 0 686 100 18 200 692 300 655 400
1307 0 5 1099 0 470 100 282 200 115 300 443 400
1308 0 5 1133 0 406 100 1012 200 1472 300 1384 400
1309 0 5 1069 0 996 100 522 200 364 300 734 400
1310 0 5 272 0 1285 100 572 200 577 300 309 400
1311 0 5 236 0 1116 100 11 200 835 300 255 400
1312 0 5 44 0 526 100 174 200 360 300 974 400
1313 0 5 1088 0 208 100 187 200 288 300 694 400
1314 0 5 655 0 1139 100 1209 200 1262 300 291 400
1315 0 5 322 0 355 100 1025 200 1432 300 1056 400
1316 0 5 161 0 318 100 865 200 931 300 81 400
1317 0 5 153 0 1415 100 1264 200 1383 300 240 400
1318 0 5 510 0 119 100 1180 200 1305 300 297 400
1319 0 5 353 0 1219 100 1293 200 922 300 289 400
1320 0 5 827 0 1413 100 526 200 555 300 963 400
1321 0 5 305 0 207 100 1345 200 639 300 660 400
1322 0 5 650 0 950 100 908 200 1078 300 383 400
1323 0 5 1265 0 501 100 323 200 869 300 101 400
1324 0 5 980 0 202 100 1476 200 320 300 1399 400
1325 0 5 1393 0 880 100 163 200 1492 300 1090 400
1326 0 5 436 0 676 100 246 200 693 300 664 400
1327 0 5 467 0 567 100 689 200 584 300 456 400
1328 0 5 205 0 1391 100 243 200 55 300 106 400
1329 0 5 739 0 214 100 1010 200 1017 300 696 400
1330 0 5 1059 0 752 100 265 200 495 300 525 400
1331 0 5 416 0 104 100 1367 200 686 300 761 400
1332 0 5 1045 0 1343 100 87 200 1467 300 537 400
1333 0 5 338 0 1474 100 1234 200 472 300 753 400
1334 0 5 363 0 191 100 763 200 937 300 939 400
1335 0 5 1300 0 156 100 1107 200 724 300 20 400
1336 0 5 782 0 93 100 885 200 594 300 1055 400
1337 0 5 847 0 1411 100 1099 200 878 300 265 400
1338 0 5 1396 0 367 100 1244 200 171 300 597 400
1339 0 5 442 0 582 100 1108 200 563 300 1028 400
1340 0 5 753 0 1474 100 472 200 1233 300 110 400
1341 0 5 350 0 1235 100 557 200 1156 300 92 400
1342 0 5 912 0 545 100 129 200 648 300 96 400
1343 0 5 70 0 1332 100 537 200 268 300 991 400
1344 0 5 1365 0 679 100 150 200 477 300 211 400
1345 0 5 639 0 568 100 1321 200 984 300 1260 400
1346 0 5 1097 0 1358 100 500 200 986 300 916 400
1347 0 5 126 0 1086 100 1095 200 829 300 1174 400
1348 0 5 521 0 1364 100 157 200 482 300 1051 400
1349 0 5 1457 0 811 100 1193 200 1183 300 993 400
1350 0 5 1473 0 702 100 674 200 1035 300 910 400
1351 0 5 1471 0 101 100 464 200 74 300 1323 400
1352 0 5 1060 0 1421 100 49 200 1252 300 19 400
1353 0 5 491 0 550 100 1386 200 506 300 557 400
1354 0 5 144 0 968 100 314 200 201 300 299 400
1355 0 5 891 0 1498 100 459 200 616 300 1376 400
1356 0 5 411 0 1272 100 519 200 826 300 482 400
1357 0 5 1135 0 217 100 117 200 366 300 692 400
1358 0 5 267 0 1346 100 500 200 1385 300 1212 400
1359 0 5 1217 0 302 100 1039 200 255 300 319 400
1360 0 5 1189 0 308 100 591 200 951 300 925 400
1361 0 5 515 0 854 100 107 200 920 300 893 400
1362 0 5 209 0 851 100 829 200 309 300 697 400
1363 0 5 680 0 1506 100 1505 200 437 300 776 400
1364 0 5 521 0 1348 100 76 200 1483 300 281 400
1365 0 5 477 0 1344 100 150 200 556 300 174 400
1366 0 5 489 0 42 100 264 200 828 300 151 400
1367 0 5 173 0 416 100 1202 200 646 300 1331 400
1368 0 5 1175 0 409 100 1011 200 1458 300 94 400
1369 0 5 804 0 1039 100 1009 200 17 300 1487 400
1370 0 5 730 0 1284 100 313 200 116 300 898 400
1371 0 5 716 0 1441 100 854 200 107 300 634 400
1372 0 5 1466 0 580 100 825 200 1270 300 907 400
1373 0 5 1013 0 592 100 250 200 1166 300 860 400
1374 0 5 419 0 558 100 1134 200 196 300 1430 400
1375 0 5 1492 0 687 100 1090 200 999 300 220 400
1376 0 5 548 0 1498 100 554 200 566 300 1246 400
1377 0 5 895 0 1171 100 973 200 1459 300 1383 400
1378 0 5 1469 0 320 100 514 200 843 300 158 400
1379 0 5 981 0 1188 100 39 200 1520 300 351 400
1380 0 5 3 0 432 100 234 200 9 300 449 400
1381 0 5 910 0 167 100 614 200 1035 300 484 400
1382 0 5 1252 0 49 100 397 200 959 300 1150 400
1383 0 5 895 0 153 100 1317 200 1297 300 96 400
1384 0 5 46 0 103 100 1012 200 1020 300 947 400
1385 0 5 976 0 399 100 267 200 1212 300 392 400
1386 0 5 741 0 1353 100 506 200 557 300 491 400
1387 0 5 179 0 529 100 87 200 185 300 737 400
1388 0 5 989 0 635 100 120 200 186 300 731 400
1389 0 5 772 0 1114 100 587 200 763 300 618 400
1390 0 5 60 0 954 100 323 200 859 300 998 400
1391 0 5 1328 0 106 100 1452 200 985 300 1042 400
1392 0 5 1417 0 242 100 934 200 637 300 534 400
1393 0 5 1492 0 1325 100 163 200 726 300 327 400
1394 0 5 1398 0 274 100 530 200 48 300 665 400
1395 0 5 624 0 138 100 619 200 1302 300 1206 400
1396 0 5 1244 0 1338 100 367 200 499 300 171 400
1397 0 5 903 0 767 100 998 200 1000 300 288 400
1398 0 5 1394 0 530 100 274 200 905 300 170 400
1399 0 5 1453 0 320 100 202 200 1378 300 514 400
1400 0 5 760 0 268 100 1024 200 781 300 991 400
1401 0 5 502 0 490 100 47 200 212 300 1443 400
1402 0 5 774 0 390 100 402 200 830 300 1435 400
1403 0 5 1158 0 1102 100 418 200 1018 300 946 400
1404 0 5 993 0 270 100 990 200 957 300 483 400
1405 0 5 644 0 206 100 403 200 1094 300 984 400
1406 0 5 404 0 868 100 651 200 1186 300 402 400
1407 0 5 549 0 357 100 1280 200 140 300 973 400
1408 0 5 1096 0 1074 100 845 200 879 300 636 400
1409 0 5 17 0 1048 100 1257 200 1484 300 804 400
1410 0 5 176 0 940 100 334 200 1066 300 1105 400
1411 0 5 1337 0 878 100 1099 200 1307 300 847 400
1412 0 5 476 0 1168 100 1122 200 27 300 800 400
1413 0 5 505 0 974 100 360 200 1320 300 526 400
1414 0 5 672 0 107 100 515 200 247 300 1181 400
1415 0 5 1264 0 1317 100 1171 200 182 300 1383 400
1416 0 5 61 0 913 100 24 200 460 300 330 400
1417 0 5 1392 0 1067 100 637 200 482 300 934 400
1418 0 5 1075 0 1147 100 1182 200 1113 300 312 400
1419 0 5 996 0 581 100 1195 200 713 300 345 400
1420 0 5 145 0 409 100 1011 200 224 300 701 400
1421 0 5 1352 0 982 100 1060 200 757 300 263 400
1422 0 5 495 0 1084 100 1201 200 382 300 866 400
1423 0 5 1139 0 1209 100 291 200 177 300 300 400
1424 0 5 972 0 480 100 36 200 128 300 333 400
1425 0 5 223 0 130 100 1444 200 882 300 1213 400
1426 0 5 964 0 621 100 351 200 1188 300 301 400
1427 0 5 235 0 1146 100 439 200 1445 300 722 400
1428 0 5 927 0 1022 100 1108 200 513 300 850 400
1429 0 5 1448 0 870 100 617 200 631 300 736 400
1430 0 5 1374 0 647 100 371 200 196 300 536 400
1431 0 5 90 0 1253 100 1129 200 168 300 909 400
1432 0 5 1025 0 467 100 1315 200 635 300 689 400
1433 0 5 455 0 953 100 1038 200 884 300 610 400
1434 0 5 1190 0 71 100 677 200 152 300 806 400
1435 0 5 77 0 402 100 1303 200 782 300 1462 400
1436 0 5 906 0 541 100 1495 200 1194 300 1074 400
1437 0 5 1261 0 632 100 650 200 1439 300 908 400
1438 0 5 271 0 94 100 1175 200 409 300 1048 400
1439 0 5 901 0 1078 100 632 200 997 300 641 400
1440 0 5 1240 0 629 100 612 200 172 300 706 400
1441 0 5 716 0 634 100 1371 200 398 300 672 400
1442 0 5 1067 0 1051 100 414 200 1348 300 482 400
1443 0 5 1020 0 1014 100 47 200 502 300 1401 400
1444 0 5 1425 0 882 100 1191 200 1286 300 281 400
1445 0 5 251 0 781 100 682 200 1427 300 235 400
1446 0 5 231 0 759 100 11 200 496 300 1116 400
1447 0 5 1119 0 33 100 14 200 838 300 735 400
1448 0 5 1429 0 617 100 631 200 870 300 939 400
1449 0 5 110 0 920 100 893 200 1361 300 854 400
1450 0 5 42 0 969 100 490 200 212 300 156 400
1451 0 5 352 0 86 100 1081 200 1057 300 1198 400
1452 0 5 106 0 985 100 1391 200 136 300 413 400
1453 0 5 1399 0 514 100 843 200 202 300 1378 400
1454 0 5 567 0 869 100 584 200 101 300 1327 400
1455 0 5 532 0 1500 100 1274 200 314 300 1036 400
1456 0 5 67 0 30 100 756 200 938 300 1068 400
1457 0 5 1349 0 569 100 993 200 811 300 1002 400
1458 0 5 1011 0 462 100 261 200 1368 300 109 400
1459 0 5 408 0 140 100 973 200 1377 300 407 400
1460 0 5 252 0 16 100 386 200 1110 300 356 400
1461 0 5 770 0 1033 100 91 200 292 300 21 400
1462 0 5 885 0 572 100 77 200 189 300 1055 400
1463 0 5 746 0 1124 100 159 200 623 300 1142 400
1464 0 5 715 0 328 100 625 200 656 300 298 400
1465 0 5 1051 0 1237 100 414 200 571 300 1442 400
1466 0 5 1372 0 347 100 907 200 603 300 486 400
1467 0 5 466 0 564 100 87 200 1045 300 529 400
1468 0 5 1242 0 445 100 318 200 915 300 227 400
1469 0 5 1378 0 607 100 300 200 158 300 815 400
1470 0 5 1488 0 1247 100 1277 200 478 300 1156 400
1471 0 5 1006 0 74 100 1351 200 464 300 101 400
1472 0 5 1133 0 103 100 771 200 1384 300 1308 400
1473 0 5 1350 0 654 100 702 200 237 300 16 400
1474 0 5 1340 0 753 100 1333 200 472 300 338 400
1475 0 5 111 0 685 100 406 200 1231 300 507 400
1476 0 5 158 0 1246 100 1324 200 320 300 980 400
1477 0 5 679 0 211 100 822 200 1344 300 542 400
1478 0 5 579 0 1137 100 112 200 258 300 866 400
1479 0 5 249 0 246 100 877 200 35 300 1064 400
1480 0 5 1501 0 169 100 26 200 295 300 1077 400
1481 0 5 1269 0 289 100 1291 200 162 300 154 400
1482 0 5 1144 0 340 100 1160 200 25 300 9 400
1483 0 5 896 0 516 100 780 200 76 300 405 400
1484 0 5 448 0 17 100 271 200 1091 300 175 400
1485 0 5 380 0 783 100 1287 200 1119 300 133 400
1486 0 5 1091 0 790 100 804 200 175 300 839 400
1487 0 5 1257 0 698 100 834 200 1217 300 1009 400
1488 0 5 513 0 1470 100 1277 200 1247 300 945 400
1489 0 5 853 0 278 100 701 200 261 300 228 400
1490 0 5 887 0 1100 100 411 200 826 300 241 400
1491 0 5 1259 0 857 100 958 200 136 300 332 400
1492 0 5 1375 0 1393 100 1325 200 1090 300 687 400
1493 0 5 1053 0 1210 100 178 200 605 300 1059 400
1494 0 5 306 0 606 100 1498 200 1222 300 23 400
1495 0 5 660 0 1074 100 628 200 1436 300 1207 400
1496 0 5 700 0 1185 100 478 200 1111 300 492 400
1497 0 5 1155 0 1037 100 801 200 705 300 167 400
1498 0 5 1355 0 1376 100 1222 200 1494 300 459 400
1499 0 5 793 0 394 100 389 200 283 300 1229 400
1500 0 5 555 0 1274 100 1455 200 532 300 410 400
1501 0 5 1480 0 762 100 169 200 1077 300 1002 400
1502 0 5 437 0 37 100 1070 200 862 300 1180 400
1503 0 5 983 0 37 100 1070 200 862 300 1180 400
1504 0 5 983 0 1172 100 1070 200 862 300 1180 400
1505 0 5 1172 0 1363 100 1070 200 862 300 1180 400
1506 0 5 855 0 1363 100 1070 200 862 300 1180 400
1507 0 5 855 0 52 100 1070 200 862 300 1433 400
1508 0 5 52 0 813 100 1070 200 862 300 1433 400
1509 0 5 813 0 39 100 1070 200 862 300 1180 400
1510 0 5 1106 0 39 100 1070 200 862 300 1180 400
1511 0 5 1205 0 1106 100 1070 200 862 300 1180 400
1512 0 5 1205 0 2 100 1070 200 862 300 1180 400
1513 0 5 2 0 858 100 1070 200 862 300 1180 400
1514 0 5 858 0 121 100 1070 200 862 300 1180 400
1515 0 5 121 0 1188 100 1070 200 862 300 1180 400
1516 0 5 1038 0 1188 100 1070 200 862 300 1180 400
1517 0 5 1038 0 1197 100 1070 200 862 300 1180 400
1518 0 5 481 0 1197 100 1070 200 862 300 1433 400
1519 0 5 284 0 481 100 862 200 1070 300 1433 400
1520 0 5 284 0 1379 100 862 200 1070 300 1433 400
1521 0 5 776 0 1379 100 1070 200 862 300 1180 400
1522 0 5 1288 0 776 100 1070 200 862 300 1180 400
1523 0 5 1288 0 1127 100 862 200 1070 300 1180 400
1524 0 5 1127 0 680 100 1070 200 862 300 1180 400
1525 0 5 680 0 1070 100 862 200 981 300 1180 400
1526 0 5 181 0 1070 100 862 200 981 300 1180 400
1527 0 5 109 0 181 100 1070 200 862 300 1180 400
1528 0 5 817 0 109 100 1070 200 862 300 1180 400
1529 0 5 817 0 1093 100 1070 200 862 300 1180 400
1530 0 5 1093 0 1098 100 1070 200 862 300 1180 400
1531 0 5 94 0 1098 100 1070 200 862 300 1180 400
1532 0 5 94 0 1179 100 1070 200 862 300 1180 400
1533 0 5 1083 0 1179 100 1070 200 862 300 1180 400
1534 0 5 1083 0 1070 100 862 200 1180 300 1433 400
1535 0 5 297 0 1070 100 862 200 1180 300 1433 400
1536 0 5 297 0 953 100 1070 200 862 300 1180 400
1537 0 5 600 0 953 100 1070 200 862 300 1180 400
1538 0 5 600 0 1070 100 862 200 1180 300 1433 400
1539 0 5 132 0 1070 100 862 200 1180 300 1433 400
-1
EOF
