1541
1 0 5 822 0 1115 100 878 200 521 300 1365 400
2 0 5 1324 0 210 100 1501 200 158 300 910 400
3 0 5 462 0 1445 100 580 200 343 300 1139 400
4 0 5 1279 0 1101 100 545 200 147 300 103 400
5 0 5 175 0 1429 100 12 200 125 300 786 400
6 0 5 1386 0 200 100 1294 200 75 300 1199 400
7 0 5 420 0 1348 100 579 200 1370 300 1146 400
8 0 5 187 0 160 100 323 200 512 300 722 400
9 0 5 237 0 1002 100 466 200 1480 300 1086 400
10 0 5 192 0 720 100 887 200 787 300 344 400
11 0 5 1222 0 307 100 215 200 968 300 146 400
12 0 5 129 0 1429 100 5 200 1016 300 468 400
13 0 5 1198 0 825 100 141 200 1321 300 1142 400
14 0 5 704 0 1278 100 988 200 239 300 275 400
15 0 5 337 0 144 100 629 200 1167 300 740 400
16 0 5 230 0 261 100 279 200 1302 300 226 400
17 0 5 1423 0 295 100 815 200 1149 300 282 400
18 0 5 355 0 1344 100 594 200 1227 300 632 400
19 0 5 751 0 775 100 1276 200 358 300 397 400
20 0 5 612 0 453 100 770 200 542 300 595 400
21 0 5 635 0 351 100 189 200 367 300 1207 400
22 0 5 463 0 942 100 1357 200 926 300 1415 400
23 0 5 681 0 1268 100 532 200 678 300 324 400
24 0 5 34 0 965 100 870 200 515 300 852 400
25 0 5 691 0 300 100 1144 200 454 300 989 400
26 0 5 698 0 1021 100 507 200 576 300 813 400
27 0 5 408 0 1020 100 1201 200 1451 300 903 400
28 0 5 1114 0 78 100 1022 200 967 300 412 400
29 0 5 1245 0 1327 100 784 200 669 300 1270 400
30 0 5 1463 0 1217 100 288 200 606 300 287 400
31 0 5 908 0 910 100 1421 200 1233 300 741 400
32 0 5 796 0 1211 100 627 200 1296 300 1240 400
33 0 5 1443 0 478 100 440 200 1273 300 209 400
34 0 5 24 0 1374 100 870 200 990 300 852 400
35 0 5 1215 0 820 100 605 200 781 300 1063 400
36 0 5 1155 0 291 100 212 200 299 300 643 400
37 0 5 1152 0 1029 100 1058 200 666 300 1242 400
38 0 5 1448 0 1461 100 869 200 112 300 1223 400
39 0 5 1230 0 695 100 436 200 1259 300 1218 400
40 0 5 410 0 623 100 1015 200 1341 300 655 400
41 0 5 1001 0 1292 100 778 200 553 300 538 400
42 0 5 433 0 1095 100 92 200 384 300 476 400
43 0 5 1413 0 1104 100 847 200 840 300 1221 400
44 0 5 1496 0 131 100 866 200 1077 300 567 400
45 0 5 163 0 803 100 1049 200 1305 300 438 400
46 0 5 506 0 668 100 242 200 1484 300 752 400
47 0 5 616 0 670 100 922 200 912 300 944 400
48 0 5 1135 0 546 100 769 200 554 300 57 400
49 0 5 1312 0 1188 100 260 200 321 300 94 400
50 0 5 1248 0 999 100 294 200 347 300 96 400
51 0 5 1464 0 898 100 1085 200 995 300 1226 400
52 0 5 1460 0 1440 100 1296 200 298 300 1211 400
53 0 5 499 0 797 100 529 200 1447 300 252 400
54 0 5 417 0 869 100 190 200 1076 300 112 400
55 0 5 608 0 974 100 402 200 1036 300 658 400
56 0 5 191 0 1047 100 118 200 833 300 1261 400
57 0 5 133 0 642 100 1388 200 48 300 554 400
58 0 5 161 0 1361 100 130 200 1366 300 960 400
59 0 5 1462 0 625 100 737 200 139 300 945 400
60 0 5 188 0 540 100 198 200 687 300 548 400
61 0 5 88 0 1216 100 806 200 296 300 875 400
62 0 5 232 0 1156 100 630 200 238 300 635 400
63 0 5 119 0 692 100 273 200 1084 300 1100 400
64 0 5 444 0 1103 100 769 200 1425 300 1050 400
65 0 5 794 0 998 100 1261 200 266 300 554 400
66 0 5 938 0 1153 100 760 200 876 300 1228 400
67 0 5 486 0 109 100 1397 200 254 300 511 400
68 0 5 103 0 1233 100 164 200 1455 300 873 400
69 0 5 1466 0 1138 100 114 200 1353 300 1159 400
70 0 5 842 0 791 100 1113 200 1351 300 315 400
71 0 5 432 0 1239 100 725 200 1380 300 1323 400
72 0 5 243 0 1387 100 1304 200 281 300 250 400
73 0 5 177 0 213 100 1187 200 402 300 608 400
74 0 5 762 0 404 100 916 200 1216 300 296 400
75 0 5 1395 0 200 100 6 200 129 300 1016 400
76 0 5 1490 0 1097 100 216 200 1397 300 389 400
77 0 5 542 0 453 100 1220 200 20 300 954 400
78 0 5 28 0 1022 100 819 200 412 300 857 400
79 0 5 708 0 1474 100 679 200 582 300 1363 400
80 0 5 962 0 1437 100 1334 200 534 300 1495 400
81 0 5 1389 0 1122 100 526 200 84 300 145 400
82 0 5 610 0 317 100 907 200 1086 300 102 400
83 0 5 1488 0 691 100 989 200 490 300 502 400
84 0 5 702 0 1389 100 1122 200 81 300 1497 400
85 0 5 973 0 807 100 856 200 690 300 1446 400
86 0 5 1302 0 241 100 1160 200 818 300 533 400
87 0 5 1355 0 278 100 101 200 537 300 1306 400
88 0 5 61 0 1216 100 296 200 348 300 1474 400
89 0 5 1418 0 566 100 1068 200 1178 300 394 400
90 0 5 895 0 443 100 1128 200 785 300 237 400
91 0 5 755 0 718 100 124 200 399 300 901 400
92 0 5 1095 0 42 100 433 200 877 300 1289 400
93 0 5 152 0 927 100 1267 200 1367 300 777 400
94 0 5 1188 0 365 100 1011 200 234 300 321 400
95 0 5 494 0 1010 100 87 200 1330 300 105 400
96 0 5 1157 0 1248 100 294 200 50 300 1269 400
97 0 5 1362 0 1276 100 204 200 19 300 775 400
98 0 5 474 0 1360 100 229 200 1083 300 997 400
99 0 5 575 0 1299 100 675 200 1064 300 1016 400
100 0 5 970 0 613 100 664 200 1272 300 245 400
101 0 5 673 0 537 100 475 200 87 300 278 400
102 0 5 753 0 656 100 82 200 263 300 907 400
103 0 5 545 0 68 100 937 200 1279 300 4 400
104 0 5 1082 0 741 100 837 200 210 300 910 400
105 0 5 1384 0 1306 100 1094 200 722 300 189 400
106 0 5 1408 0 1396 100 333 200 799 300 981 400
107 0 5 834 0 1051 100 418 200 1378 300 990 400
108 0 5 149 0 1073 100 759 200 633 300 1249 400
109 0 5 67 0 1078 100 1389 200 1500 300 702 400
110 0 5 900 0 1161 100 371 200 1214 300 1325 400
111 0 5 955 0 1053 100 888 200 1028 300 275 400
112 0 5 1448 0 257 100 38 200 272 300 1461 400
113 0 5 766 0 631 100 1346 200 866 300 1342 400
114 0 5 1466 0 1353 100 69 200 410 300 971 400
115 0 5 742 0 792 100 594 200 632 300 600 400
116 0 5 839 0 406 100 1128 200 134 300 1485 400
117 0 5 651 0 1038 100 1196 200 451 300 387 400
118 0 5 833 0 577 100 372 200 56 300 191 400
119 0 5 1084 0 63 100 1442 200 807 300 690 400
120 0 5 833 0 694 100 259 200 56 300 1047 400
121 0 5 1019 0 556 100 1176 200 1029 300 666 400
122 0 5 1397 0 413 100 1078 200 526 300 389 400
123 0 5 391 0 390 100 1379 200 795 300 1063 400
124 0 5 1003 0 91 100 544 200 755 300 399 400
125 0 5 5 0 1033 100 1412 200 289 300 287 400
126 0 5 601 0 1141 100 1042 200 1336 300 199 400
127 0 5 264 0 266 100 1006 200 593 300 1422 400
128 0 5 1206 0 1473 100 166 200 1139 300 1258 400
129 0 5 12 0 1395 100 75 200 176 300 1016 400
130 0 5 500 0 1007 100 789 200 58 300 161 400
131 0 5 866 0 44 100 274 200 113 300 426 400
132 0 5 342 0 1337 100 1244 200 1225 300 206 400
133 0 5 57 0 1388 100 642 200 1076 300 48 400
134 0 5 449 0 116 100 406 200 1219 300 1098 400
135 0 5 808 0 1523 100 1522 200 1310 300 707 400
136 0 5 1517 0 1516 100 414 200 1303 300 510 400
137 0 5 484 0 503 100 518 200 1500 300 1023 400
138 0 5 183 0 871 100 117 200 451 300 1038 400
139 0 5 1462 0 737 100 480 200 625 300 1371 400
140 0 5 1313 0 1257 100 997 200 719 300 683 400
141 0 5 13 0 733 100 1321 200 825 300 1198 400
142 0 5 1129 0 285 100 1286 200 930 300 1106 400
143 0 5 1284 0 1111 100 1367 200 946 300 152 400
144 0 5 15 0 629 100 1167 200 340 300 893 400
145 0 5 526 0 557 100 946 200 1111 300 81 400
146 0 5 968 0 686 100 215 200 865 300 1060 400
147 0 5 932 0 1101 100 4 200 1455 300 855 400
148 0 5 491 0 696 100 1478 200 1048 300 1138 400
149 0 5 108 0 305 100 1249 200 1073 300 759 400
150 0 5 1067 0 1495 100 1410 200 890 300 693 400
151 0 5 271 0 1420 100 729 200 1079 300 1000 400
152 0 5 93 0 1314 100 1367 200 777 300 843 400
153 0 5 469 0 915 100 813 200 26 300 1021 400
154 0 5 1424 0 1325 100 706 200 783 300 1161 400
155 0 5 179 0 320 100 1332 200 208 300 1046 400
156 0 5 975 0 1050 100 1135 200 794 300 554 400
157 0 5 934 0 322 100 867 200 1035 300 1328 400
158 0 5 976 0 1324 100 1501 200 904 300 1417 400
159 0 5 1464 0 1226 100 995 200 643 300 1085 400
160 0 5 722 0 8 100 1165 200 231 300 323 400
161 0 5 1366 0 58 100 244 200 1024 300 224 400
162 0 5 982 0 1203 100 1099 200 1014 300 750 400
163 0 5 45 0 1139 100 1258 200 1133 300 848 400
164 0 5 873 0 1233 100 68 200 1455 300 1501 400
165 0 5 1164 0 1394 100 411 200 1256 300 346 400
166 0 5 1468 0 1473 100 128 200 585 300 1452 400
167 0 5 334 0 1026 100 928 200 939 300 672 400
168 0 5 1091 0 586 100 1499 200 641 300 952 400
169 0 5 773 0 1482 100 1043 200 859 300 1334 400
170 0 5 361 0 1288 100 498 200 948 300 615 400
171 0 5 645 0 966 100 897 200 823 300 868 400
172 0 5 1061 0 732 100 758 200 1285 300 662 400
173 0 5 1318 0 1365 100 446 200 1032 300 412 400
174 0 5 530 0 1150 100 996 200 1081 300 878 400
175 0 5 176 0 5 100 1412 200 129 300 125 400
176 0 5 175 0 1412 100 1395 200 129 300 200 400
177 0 5 73 0 213 100 624 200 402 300 608 400
178 0 5 517 0 595 100 1375 200 453 300 954 400
179 0 5 155 0 208 100 320 200 1420 300 992 400
180 0 5 1413 0 364 100 1221 200 926 300 43 400
181 0 5 1196 0 387 100 1141 200 1460 300 601 400
182 0 5 268 0 306 100 377 200 239 300 880 400
183 0 5 138 0 451 100 1089 200 871 300 1038 400
184 0 5 857 0 1110 100 1377 200 1022 300 481 400
185 0 5 1031 0 787 100 1080 200 192 300 720 400
186 0 5 442 0 258 100 277 200 1324 300 573 400
187 0 5 8 0 1438 100 836 200 323 300 1023 400
188 0 5 60 0 1179 100 396 200 687 300 1200 400
189 0 5 367 0 1207 100 1094 200 351 300 21 400
190 0 5 54 0 1311 100 637 200 588 300 1223 400
191 0 5 56 0 975 100 118 200 794 300 1261 400
192 0 5 787 0 10 100 720 200 185 300 890 400
193 0 5 304 0 800 100 576 200 603 300 640 400
194 0 5 427 0 1369 100 1056 200 570 300 959 400
195 0 5 1404 0 727 100 1385 200 815 300 1174 400
196 0 5 1467 0 825 100 958 200 733 300 13 400
197 0 5 628 0 211 100 513 200 527 300 1291 400
198 0 5 540 0 1246 100 60 200 989 300 1179 400
199 0 5 993 0 1336 100 471 200 1133 300 126 400
200 0 5 6 0 75 100 1395 200 1294 300 1386 400
201 0 5 369 0 899 100 1295 200 1449 300 883 400
202 0 5 325 0 414 100 1264 200 951 300 709 400
203 0 5 1229 0 384 100 476 200 452 300 617 400
204 0 5 898 0 97 100 1362 200 775 300 1085 400
205 0 5 1276 0 828 100 583 200 97 300 397 400
206 0 5 248 0 342 100 880 200 132 300 268 400
207 0 5 1123 0 1219 100 615 200 1323 300 256 400
208 0 5 271 0 179 100 155 200 320 300 151 400
209 0 5 1316 0 478 100 366 200 374 300 947 400
210 0 5 1324 0 2 100 1082 200 910 300 442 400
211 0 5 527 0 881 100 197 200 778 300 1001 400
212 0 5 291 0 1155 100 36 200 643 300 299 400
213 0 5 624 0 177 100 73 200 1425 300 1187 400
214 0 5 818 0 1121 100 1493 200 1302 300 86 400
215 0 5 686 0 307 100 146 200 622 300 11 400
216 0 5 254 0 1490 100 1397 200 76 300 67 400
217 0 5 419 0 1522 100 1298 200 496 300 1441 400
218 0 5 1425 0 657 100 624 200 524 300 1400 400
219 0 5 225 0 1173 100 1204 200 1092 300 1177 400
220 0 5 1088 0 693 100 1067 200 710 300 1252 400
221 0 5 546 0 415 100 1045 200 284 300 434 400
222 0 5 836 0 646 100 821 200 1438 300 1044 400
223 0 5 1193 0 226 100 730 200 267 300 804 400
224 0 5 562 0 382 100 431 200 1281 300 161 400
225 0 5 219 0 782 100 1177 200 1125 300 1173 400
226 0 5 267 0 1109 100 223 200 529 300 804 400
227 0 5 1506 0 1507 100 919 200 996 300 1118 400
228 0 5 1007 0 236 100 265 200 244 300 382 400
229 0 5 233 0 1083 100 599 200 98 300 997 400
230 0 5 16 0 1057 100 261 200 226 300 804 400
231 0 5 323 0 1165 100 160 200 8 300 1306 400
232 0 5 62 0 635 100 189 200 1207 300 249 400
233 0 5 829 0 229 100 599 200 474 300 98 400
234 0 5 321 0 1108 100 1011 200 1352 300 94 400
235 0 5 468 0 757 100 652 200 786 300 513 400
236 0 5 470 0 508 100 228 200 265 300 382 400
237 0 5 9 0 466 100 895 200 1128 300 406 400
238 0 5 630 0 1156 100 639 200 852 300 1447 400
239 0 5 988 0 377 100 306 200 1340 300 182 400
240 0 5 1368 0 1483 100 194 200 1477 300 980 400
241 0 5 1477 0 818 100 86 200 1410 300 547 400
242 0 5 331 0 788 100 46 200 457 300 668 400
243 0 5 72 0 535 100 1304 200 281 300 1387 400
244 0 5 382 0 1366 100 1321 200 228 300 161 400
245 0 5 984 0 1272 100 437 200 100 300 1201 400
246 0 5 1186 0 1322 100 518 200 765 300 537 400
247 0 5 349 0 1400 100 885 200 1304 300 624 400
248 0 5 206 0 342 100 880 200 1472 300 132 400
249 0 5 1384 0 1297 100 351 200 635 300 21 400
250 0 5 591 0 846 100 281 200 1304 300 72 400
251 0 5 714 0 428 100 340 200 316 300 774 400
252 0 5 1121 0 1435 100 590 200 802 300 797 400
253 0 5 947 0 1342 100 1316 200 631 300 766 400
254 0 5 216 0 511 100 1490 200 67 300 486 400
255 0 5 1049 0 1147 100 756 200 1232 300 713 400
256 0 5 1219 0 604 100 948 200 479 300 615 400
257 0 5 936 0 112 100 1391 200 272 300 1448 400
258 0 5 1087 0 186 100 341 200 1237 300 277 400
259 0 5 1375 0 1047 100 120 200 833 300 595 400
260 0 5 1028 0 1312 100 49 200 721 300 831 400
261 0 5 230 0 1160 100 16 200 832 300 1057 400
262 0 5 293 0 391 100 1274 200 596 300 1090 400
263 0 5 1075 0 753 100 1459 200 656 300 102 400
264 0 5 998 0 127 100 266 200 65 300 1261 400
265 0 5 356 0 854 100 236 200 228 300 1007 400
266 0 5 1422 0 127 100 264 200 65 300 270 400
267 0 5 1109 0 226 100 804 200 223 300 230 400
268 0 5 182 0 880 100 707 200 377 300 206 400
269 0 5 1032 0 953 100 446 200 740 300 1035 400
270 0 5 1422 0 855 100 554 200 1006 300 266 400
271 0 5 208 0 151 100 1420 200 320 300 992 400
272 0 5 1210 0 1391 100 1045 200 112 300 257 400
273 0 5 1084 0 63 100 1151 200 692 300 1069 400
274 0 5 1346 0 426 100 131 200 113 300 661 400
275 0 5 955 0 704 100 111 200 14 300 988 400
276 0 5 958 0 370 100 809 200 1481 300 196 400
277 0 5 573 0 357 100 186 200 596 300 1471 400
278 0 5 1023 0 484 100 87 200 518 300 475 400
279 0 5 1282 0 448 100 16 200 529 300 1302 400
280 0 5 328 0 581 100 1176 200 1416 300 1246 400
281 0 5 1304 0 885 100 250 200 535 300 243 400
282 0 5 1218 0 1423 100 383 200 295 300 614 400
283 0 5 760 0 450 100 604 200 416 300 938 400
284 0 5 417 0 415 100 1076 200 1045 300 221 400
285 0 5 1106 0 142 100 1286 200 1301 300 1390 400
286 0 5 1343 0 781 100 751 200 933 300 1215 400
287 0 5 606 0 289 100 288 200 677 300 30 400
288 0 5 677 0 1294 100 30 200 287 300 606 400
289 0 5 763 0 287 100 1033 200 606 300 963 400
290 0 5 721 0 790 100 1028 200 703 300 1494 400
291 0 5 212 0 36 100 643 200 754 300 159 400
292 0 5 909 0 1354 100 570 200 1369 300 1026 400
293 0 5 1274 0 262 100 1453 200 391 300 79 400
294 0 5 347 0 1132 100 50 200 876 300 96 400
295 0 5 1149 0 17 100 282 200 703 300 1423 400
296 0 5 1216 0 88 100 665 200 61 300 916 400
297 0 5 639 0 852 100 1447 200 965 300 1374 400
298 0 5 1440 0 1296 100 1137 200 52 300 728 400
299 0 5 1118 0 1345 100 1155 200 1520 300 1521 400
300 0 5 1005 0 25 100 454 200 987 300 569 400
301 0 5 477 0 891 100 1056 200 1493 300 1483 400
302 0 5 472 0 1120 100 806 200 986 300 1474 400
303 0 5 1252 0 1437 100 1495 200 858 300 1195 400
304 0 5 193 0 576 100 405 200 26 300 640 400
305 0 5 149 0 952 100 759 200 1499 300 1249 400
306 0 5 1498 0 182 100 1244 200 239 300 377 400
307 0 5 11 0 215 100 622 200 353 300 1392 400
308 0 5 725 0 712 100 985 200 71 300 1463 400
309 0 5 1491 0 445 100 567 200 618 300 44 400
310 0 5 359 0 1476 100 462 200 1234 300 1145 400
311 0 5 1444 0 327 100 781 200 1379 300 1063 400
312 0 5 378 0 812 100 1180 200 1260 300 1172 400
313 0 5 358 0 397 100 759 200 663 300 701 400
314 0 5 1145 0 1398 100 1234 200 422 300 1476 400
315 0 5 1040 0 1113 100 723 200 70 300 1352 400
316 0 5 1167 0 456 100 1017 200 1117 300 428 400
317 0 5 656 0 82 100 410 200 610 300 1086 400
318 0 5 603 0 461 100 1127 200 640 300 800 400
319 0 5 1415 0 1241 100 1270 200 1163 300 1357 400
320 0 5 386 0 155 100 1046 200 992 300 179 400
321 0 5 234 0 991 100 831 200 49 300 1352 400
322 0 5 1017 0 157 100 934 200 1117 300 316 400
323 0 5 231 0 1023 100 1165 200 8 300 278 400
324 0 5 532 0 485 100 1268 200 23 300 681 400
325 0 5 709 0 202 100 882 200 1406 300 1068 400
326 0 5 560 0 363 100 1380 200 1098 300 725 400
327 0 5 311 0 1444 100 1063 200 781 300 820 400
328 0 5 280 0 1416 100 1246 200 1179 300 581 400
329 0 5 1331 0 648 100 738 200 431 300 994 400
330 0 5 551 0 746 100 969 200 699 300 559 400
331 0 5 457 0 242 100 788 200 983 300 1226 400
332 0 5 1046 0 1074 100 445 200 567 300 388 400
333 0 5 773 0 106 100 1396 200 981 300 799 400
334 0 5 1026 0 167 100 1354 200 939 300 292 400
335 0 5 887 0 1368 100 1358 200 561 300 240 400
336 0 5 1142 0 562 100 431 200 523 300 1321 400
337 0 5 15 0 740 100 1035 200 629 300 1167 400
338 0 5 1393 0 1158 100 420 200 826 300 830 400
339 0 5 1454 0 593 100 724 200 638 300 430 400
340 0 5 906 0 251 100 144 200 1014 300 423 400
341 0 5 1350 0 954 100 258 200 1237 300 879 400
342 0 5 132 0 206 100 248 200 1472 300 1225 400
343 0 5 1452 0 1473 100 3 200 1445 300 1139 400
344 0 5 547 0 720 100 890 200 1410 300 887 400
345 0 5 764 0 539 100 1434 200 360 300 709 400
346 0 5 411 0 1224 100 674 200 683 300 1394 400
347 0 5 1148 0 294 100 409 200 50 300 999 400
348 0 5 582 0 1363 100 665 200 88 300 1277 400
349 0 5 247 0 1304 100 1400 200 535 300 885 400
350 0 5 531 0 536 100 458 200 405 300 447 400
351 0 5 21 0 367 100 189 200 1297 300 249 400
352 0 5 459 0 1127 100 385 200 1143 300 800 400
353 0 5 1009 0 816 100 622 200 1392 300 1315 400
354 0 5 1170 0 867 100 1340 200 1027 300 239 400
355 0 5 18 0 594 100 632 200 1255 300 1227 400
356 0 5 854 0 265 100 1465 200 1195 300 1007 400
357 0 5 1471 0 277 100 1090 200 573 300 957 400
358 0 5 313 0 397 100 19 200 751 300 663 400
359 0 5 310 0 1305 100 1301 200 756 300 1476 400
360 0 5 1485 0 764 100 408 200 539 300 363 400
361 0 5 170 0 1153 100 1288 200 948 300 1228 400
362 0 5 871 0 768 100 1336 200 1038 300 1089 400
363 0 5 929 0 560 100 326 200 1485 300 764 400
364 0 5 180 0 747 100 1221 200 1255 300 926 400
365 0 5 393 0 94 100 1188 200 1011 300 609 400
366 0 5 1443 0 1273 100 209 200 947 300 253 400
367 0 5 1297 0 189 100 351 200 1384 300 1094 400
368 0 5 517 0 638 100 954 200 430 300 1350 400
369 0 5 1251 0 201 100 899 200 1295 300 1449 400
370 0 5 1126 0 276 100 958 200 809 300 1479 400
371 0 5 649 0 1039 100 110 200 425 300 375 400
372 0 5 577 0 940 100 118 200 935 300 444 400
373 0 5 403 0 1104 100 817 200 678 300 217 400
374 0 5 1402 0 1326 100 1191 200 209 300 416 400
375 0 5 1039 0 1009 100 931 200 649 300 371 400
376 0 5 1449 0 619 100 883 200 1174 300 899 400
377 0 5 239 0 182 100 268 200 1170 300 306 400
378 0 5 312 0 1180 100 812 200 435 300 761 400
379 0 5 860 0 699 100 1205 200 830 300 1382 400
380 0 5 681 0 1511 100 1512 200 572 300 398 400
381 0 5 784 0 1497 100 516 200 1475 300 913 400
382 0 5 224 0 244 100 562 200 1321 300 236 400
383 0 5 1218 0 614 100 282 200 436 300 703 400
384 0 5 476 0 203 100 877 200 42 300 433 400
385 0 5 1339 0 1263 100 352 200 1143 300 1021 400
386 0 5 320 0 1169 100 1046 200 992 300 332 400
387 0 5 905 0 181 100 1196 200 601 300 1038 400
388 0 5 1077 0 1169 100 567 200 805 300 332 400
389 0 5 1097 0 1397 100 413 200 402 300 122 400
390 0 5 123 0 1379 100 1444 200 1063 300 311 400
391 0 5 123 0 795 100 1453 200 262 300 1407 400
392 0 5 1409 0 1272 100 1119 200 970 300 1171 400
393 0 5 609 0 365 100 1136 200 1188 300 94 400
394 0 5 739 0 489 100 566 200 89 300 1105 400
395 0 5 1042 0 527 100 1291 200 628 300 1141 400
396 0 5 1373 0 188 100 1200 200 687 300 1143 400
397 0 5 358 0 313 100 828 200 19 300 205 400
398 0 5 798 0 681 100 1059 200 572 300 1349 400
399 0 5 916 0 718 100 1003 200 91 300 124 400
400 0 5 648 0 780 100 738 200 1250 300 523 400
401 0 5 557 0 946 100 1210 200 1280 300 460 400
402 0 5 460 0 608 100 413 200 389 300 73 400
403 0 5 373 0 1513 100 1514 200 380 300 681 400
404 0 5 1162 0 74 100 916 200 762 300 718 400
405 0 5 636 0 698 100 447 200 350 300 304 400
406 0 5 917 0 116 100 134 200 237 300 1480 400
407 0 5 1347 0 1373 100 459 200 1127 300 396 400
408 0 5 27 0 1020 100 1451 200 785 300 360 400
409 0 5 779 0 347 100 684 200 1148 300 1208 400
410 0 5 40 0 317 100 114 200 610 300 971 400
411 0 5 346 0 165 100 1256 200 1394 300 811 400
412 0 5 552 0 819 100 78 200 28 300 1129 400
413 0 5 460 0 122 100 526 200 402 300 389 400
414 0 5 202 0 1264 100 136 200 501 300 1303 400
415 0 5 284 0 1388 100 221 200 546 300 1045 400
416 0 5 1191 0 450 100 283 200 631 300 374 400
417 0 5 284 0 54 100 1076 200 1045 300 272 400
418 0 5 424 0 834 100 107 200 1056 300 726 400
419 0 5 217 0 840 100 1298 200 373 300 1441 400
420 0 5 7 0 1370 100 826 200 338 300 1158 400
421 0 5 507 0 636 100 698 200 26 300 447 400
422 0 5 1140 0 1398 100 1290 200 314 300 897 400
423 0 5 906 0 1351 100 1192 200 340 300 70 400
424 0 5 418 0 726 100 1056 200 1369 300 834 400
425 0 5 892 0 783 100 371 200 1253 300 816 400
426 0 5 618 0 274 100 1346 200 429 300 131 400
427 0 5 1056 0 194 100 1369 200 424 300 570 400
428 0 5 456 0 251 100 714 200 316 300 340 400
429 0 5 618 0 661 100 426 200 918 300 309 400
430 0 5 1454 0 1375 100 638 200 368 300 1047 400
431 0 5 738 0 562 100 224 200 1281 300 336 400
432 0 5 71 0 1329 100 615 200 1323 300 498 400
433 0 5 42 0 877 100 92 200 384 300 476 400
434 0 5 769 0 1036 100 658 200 1045 300 546 400
435 0 5 1180 0 903 100 602 200 812 300 1434 400
436 0 5 695 0 39 100 1218 200 1312 300 49 400
437 0 5 1201 0 903 100 245 200 1272 300 1409 400
438 0 5 827 0 473 100 1042 200 163 300 803 400
439 0 5 1317 0 758 100 492 200 1237 300 1220 400
440 0 5 1436 0 1273 100 33 200 1175 300 478 400
441 0 5 510 0 793 100 1292 200 538 300 553 400
442 0 5 889 0 1082 100 186 200 210 300 1324 400
443 0 5 90 0 682 100 1262 200 785 300 1128 400
444 0 5 940 0 64 100 1103 200 372 300 771 400
445 0 5 567 0 309 100 332 200 1491 300 1074 400
446 0 5 173 0 1365 100 1032 200 269 300 1318 400
447 0 5 458 0 824 100 619 200 405 300 350 400
448 0 5 1282 0 607 100 279 200 529 300 1302 400
449 0 5 917 0 134 100 479 200 1219 300 406 400
450 0 5 938 0 416 100 283 200 760 300 113 400
451 0 5 651 0 183 100 1440 200 117 300 1460 400
452 0 5 964 0 1168 100 569 200 203 300 1229 400
453 0 5 77 0 20 100 1220 200 954 300 595 400
454 0 5 1085 0 691 100 300 200 995 300 25 400
455 0 5 767 0 682 100 1262 200 731 300 984 400
456 0 5 1117 0 428 100 316 200 1017 300 961 400
457 0 5 331 0 983 100 242 200 668 300 788 400
458 0 5 447 0 1356 100 536 200 824 300 350 400
459 0 5 352 0 1143 100 1127 200 396 300 1373 400
460 0 5 402 0 413 100 557 200 401 300 122 400
461 0 5 318 0 1127 100 800 200 193 300 603 400
462 0 5 3 0 580 100 310 200 1139 300 1476 400
463 0 5 22 0 926 100 942 200 1357 300 1403 400
464 0 5 1065 0 586 100 1102 200 1041 300 701 400
465 0 5 597 0 671 100 743 200 1263 300 385 400
466 0 5 895 0 237 100 1086 200 9 300 1002 400
467 0 5 1190 0 1519 100 1518 200 1155 300 248 400
468 0 5 786 0 235 100 652 200 862 300 12 400
469 0 5 153 0 813 100 915 200 1021 300 1339 400
470 0 5 236 0 733 100 1467 200 508 300 196 400
471 0 5 827 0 1133 100 199 200 993 300 473 400
472 0 5 302 0 1120 100 806 200 1474 300 79 400
473 0 5 438 0 803 100 886 200 163 300 1042 400
474 0 5 98 0 1166 100 1360 200 229 300 233 400
475 0 5 673 0 1186 100 101 200 278 300 537 400
476 0 5 384 0 617 100 203 200 42 300 1283 400
477 0 5 891 0 301 100 1493 200 1309 300 1483 400
478 0 5 1175 0 33 100 209 200 440 300 1112 400
479 0 5 1480 0 1154 100 449 200 917 300 1271 400
480 0 5 1371 0 1383 100 139 200 1259 300 695 400
481 0 5 1110 0 713 100 558 200 1450 300 495 400
482 0 5 653 0 1105 100 882 200 739 300 963 400
483 0 5 1212 0 796 100 1299 200 565 300 676 400
484 0 5 137 0 1023 100 278 200 518 300 1500 400
485 0 5 588 0 1268 100 324 200 1227 300 532 400
486 0 5 1427 0 67 100 511 200 254 300 109 400
487 0 5 1320 0 535 100 1338 200 935 300 524 400
488 0 5 1116 0 837 100 514 200 589 300 1189 400
489 0 5 985 0 394 100 289 200 566 300 763 400
490 0 5 989 0 1246 100 581 200 83 300 502 400
491 0 5 148 0 1478 100 528 200 696 300 1492 400
492 0 5 1237 0 1285 100 758 200 1087 300 1317 400
493 0 5 505 0 578 100 1408 200 1222 300 730 400
494 0 5 95 0 537 100 87 200 101 300 1355 400
495 0 5 1147 0 558 100 713 200 1054 300 1110 400
496 0 5 840 0 1298 100 217 200 419 300 373 400
497 0 5 1178 0 560 100 1418 200 326 300 764 400
498 0 5 615 0 1329 100 948 200 170 300 432 400
499 0 5 1447 0 53 100 529 200 802 300 252 400
500 0 5 130 0 789 100 1007 200 858 300 228 400
501 0 5 1264 0 963 100 951 200 1033 300 763 400
502 0 5 1058 0 1488 100 490 200 83 300 995 400
503 0 5 137 0 1500 100 972 200 1023 300 659 400
504 0 5 915 0 924 100 894 200 1030 300 1266 400
505 0 5 730 0 493 100 1193 200 1408 300 223 400
506 0 5 46 0 752 100 690 200 788 300 1484 400
507 0 5 421 0 1225 100 26 200 636 300 698 400
508 0 5 236 0 1171 100 1181 200 1213 300 470 400
509 0 5 1498 0 949 100 1184 200 1209 300 239 400
510 0 5 793 0 1519 100 1520 200 441 300 835 400
511 0 5 254 0 486 100 1456 200 1427 300 1490 400
512 0 5 735 0 722 100 8 200 644 300 160 400
513 0 5 628 0 862 100 565 200 197 300 235 400
514 0 5 741 0 488 100 837 200 1116 300 908 400
515 0 5 965 0 870 100 1364 200 24 300 1378 400
516 0 5 1475 0 688 100 1497 200 381 300 659 400
517 0 5 178 0 368 100 1375 200 954 300 638 400
518 0 5 1322 0 484 100 278 200 137 300 246 400
519 0 5 1093 0 1504 100 1115 200 1503 300 819 400
520 0 5 841 0 1394 100 674 200 1329 300 498 400
521 0 5 809 0 761 100 1172 200 1479 300 1180 400
522 0 5 1439 0 1385 100 1430 200 849 300 1231 400
523 0 5 1142 0 1250 100 1198 200 13 300 336 400
524 0 5 1320 0 1338 100 657 200 218 300 487 400
525 0 5 1203 0 1405 100 1146 200 1099 300 162 400
526 0 5 145 0 413 100 81 200 122 300 1078 400
527 0 5 211 0 395 100 1291 200 197 300 1042 400
528 0 5 1492 0 491 100 1478 200 366 300 1307 400
529 0 5 607 0 1435 100 797 200 226 300 1282 400
530 0 5 174 0 996 100 1150 200 878 300 1081 400
531 0 5 1071 0 350 100 640 200 536 300 458 400
532 0 5 324 0 23 100 681 200 1349 300 485 400
533 0 5 1414 0 1043 100 86 200 1160 300 241 400
534 0 5 1195 0 1437 100 303 200 80 300 858 400
535 0 5 243 0 487 100 1304 200 281 300 524 400
536 0 5 350 0 1356 100 458 200 640 300 1071 400
537 0 5 494 0 101 100 87 200 278 300 1186 400
538 0 5 778 0 41 100 553 200 793 300 441 400
539 0 5 345 0 1434 100 1020 200 654 300 764 400
540 0 5 198 0 60 100 1144 200 950 300 548 400
541 0 5 1083 0 1257 100 1224 200 997 300 1243 400
542 0 5 77 0 1220 100 612 200 20 300 453 400
543 0 5 1251 0 614 100 1423 200 17 300 282 400
544 0 5 755 0 901 100 124 200 1003 300 550 400
545 0 5 103 0 1372 100 937 200 4 300 1101 400
546 0 5 221 0 1388 100 415 200 48 300 769 400
547 0 5 1477 0 344 100 1410 200 241 300 890 400
548 0 5 1070 0 950 100 1428 200 60 300 540 400
549 0 5 994 0 685 100 942 200 1357 300 620 400
550 0 5 1249 0 1003 100 633 200 124 300 399 400
551 0 5 330 0 969 100 1096 200 1040 300 315 400
552 0 5 1486 0 412 100 1318 200 967 300 1129 400
553 0 5 793 0 1292 100 41 200 538 300 1001 400
554 0 5 642 0 1135 100 48 200 57 300 65 400
555 0 5 1008 0 1015 100 706 200 1424 300 154 400
556 0 5 743 0 121 100 1242 200 1029 300 1263 400
557 0 5 401 0 145 100 946 200 460 300 413 400
558 0 5 495 0 481 100 1110 200 713 300 778 400
559 0 5 1204 0 1096 100 1011 200 551 300 330 400
560 0 5 497 0 326 100 363 200 1178 300 764 400
561 0 5 1358 0 672 100 928 200 1368 300 335 400
562 0 5 224 0 336 100 431 200 1321 300 382 400
563 0 5 715 0 591 100 920 200 1469 300 765 400
564 0 5 650 0 637 100 190 200 1311 300 869 400
565 0 5 862 0 676 100 1016 200 513 300 1299 400
566 0 5 1068 0 89 100 394 200 489 300 1105 400
567 0 5 445 0 1496 100 388 200 309 300 1077 400
568 0 5 1359 0 1025 100 1403 200 1255 300 777 400
569 0 5 864 0 1229 100 452 200 583 300 911 400
570 0 5 959 0 1369 100 292 200 1026 300 194 400
571 0 5 662 0 1120 100 472 200 302 300 732 400
572 0 5 1509 0 1510 100 398 200 380 300 734 400
573 0 5 596 0 277 100 357 200 1090 300 186 400
574 0 5 1124 0 1240 100 1166 200 1360 300 627 400
575 0 5 99 0 1016 100 1299 200 565 300 75 400
576 0 5 1021 0 304 100 26 200 193 300 800 400
577 0 5 776 0 372 100 118 200 940 300 935 400
578 0 5 493 0 748 100 1426 200 931 300 1408 400
579 0 5 1146 0 1192 100 1405 200 1370 300 7 400
580 0 5 1234 0 462 100 3 200 1445 300 310 400
581 0 5 280 0 1176 100 490 200 1246 300 328 400
582 0 5 348 0 1277 100 1363 200 79 300 391 400
583 0 5 911 0 1005 100 569 200 987 300 205 400
584 0 5 1119 0 809 100 958 200 761 300 1409 400
585 0 5 705 0 1468 100 166 200 1452 300 1473 400
586 0 5 1041 0 464 100 168 200 701 300 1168 400
587 0 5 660 0 991 100 934 200 831 300 1278 400
588 0 5 1223 0 485 100 896 200 1227 300 1461 400
589 0 5 922 0 1189 100 488 200 944 300 1052 400
590 0 5 1435 0 797 100 252 200 529 300 53 400
591 0 5 563 0 250 100 846 200 281 300 920 400
592 0 5 1345 0 788 100 299 200 643 300 212 400
593 0 5 339 0 724 100 1006 200 1417 300 127 400
594 0 5 355 0 115 100 632 200 1431 300 792 400
595 0 5 1265 0 178 100 1375 200 453 300 259 400
596 0 5 573 0 708 100 262 200 277 300 186 400
597 0 5 671 0 1200 100 465 200 1179 300 1263 400
598 0 5 972 0 659 100 688 200 1438 300 1023 400
599 0 5 1243 0 1202 100 229 200 999 300 1083 400
600 0 5 742 0 632 100 115 200 594 300 1025 400
601 0 5 126 0 1336 100 181 200 387 300 905 400
602 0 5 1434 0 812 100 435 200 903 300 654 400
603 0 5 318 0 800 100 640 200 193 300 1071 400
604 0 5 283 0 256 100 1402 200 1271 300 416 400
605 0 5 902 0 35 100 1082 200 889 300 837 400
606 0 5 287 0 1463 100 289 200 30 300 985 400
607 0 5 448 0 529 100 1435 200 252 300 1121 400
608 0 5 55 0 658 100 402 200 73 300 177 400
609 0 5 393 0 1136 100 695 200 1188 300 365 400
610 0 5 82 0 1086 100 317 200 623 300 410 400
611 0 5 832 0 981 100 1396 200 261 300 1193 400
612 0 5 20 0 758 100 1220 200 542 300 770 400
613 0 5 100 0 1181 100 647 200 664 300 970 400
614 0 5 543 0 383 100 282 200 1423 300 1230 400
615 0 5 498 0 432 100 948 200 1329 300 1219 400
616 0 5 47 0 775 100 933 200 670 300 912 400
617 0 5 1130 0 476 100 1095 200 203 300 42 400
618 0 5 429 0 426 100 309 200 44 300 567 400
619 0 5 727 0 1287 100 376 200 447 300 824 400
620 0 5 1072 0 1293 100 685 200 549 300 814 400
621 0 5 1185 0 1295 100 1356 200 1432 300 824 400
622 0 5 1392 0 307 100 353 200 215 300 1315 400
623 0 5 40 0 1262 100 610 200 410 300 1341 400
624 0 5 213 0 1400 100 177 200 218 300 1425 400
625 0 5 59 0 1470 100 737 200 945 300 1125 400
626 0 5 923 0 1433 100 945 200 921 300 1037 400
627 0 5 675 0 32 100 853 200 1240 300 1211 400
628 0 5 513 0 197 100 1291 200 676 300 565 400
629 0 5 1167 0 144 100 15 200 337 300 316 400
630 0 5 238 0 639 100 852 200 297 300 965 400
631 0 5 1191 0 113 100 766 200 253 300 416 400
632 0 5 600 0 355 100 594 200 742 300 115 400
633 0 5 1073 0 1249 100 108 200 550 300 296 400
634 0 5 719 0 1064 100 675 200 683 300 1313 400
635 0 5 21 0 232 100 351 200 249 300 189 400
636 0 5 405 0 421 100 698 200 507 300 447 400
637 0 5 1076 0 564 100 650 200 190 300 54 400
638 0 5 1454 0 368 100 724 200 430 300 976 400
639 0 5 297 0 630 100 238 200 852 300 1447 400
640 0 5 1071 0 603 100 536 200 531 300 304 400
641 0 5 901 0 1499 100 168 200 1003 300 952 400
642 0 5 554 0 57 100 133 200 48 300 270 400
643 0 5 1226 0 291 100 159 200 212 300 592 400
644 0 5 735 0 1094 100 749 200 512 300 8 400
645 0 5 826 0 171 100 420 200 823 300 7 400
646 0 5 222 0 821 100 836 200 1044 300 909 400
647 0 5 1182 0 664 100 613 200 731 300 1341 400
648 0 5 400 0 329 100 926 200 738 300 364 400
649 0 5 371 0 1465 100 1039 200 375 300 931 400
650 0 5 564 0 932 100 637 200 1101 300 745 400
651 0 5 117 0 451 100 1038 200 1196 300 1460 400
652 0 5 786 0 468 100 861 200 235 300 757 400
653 0 5 482 0 963 100 763 200 739 300 951 400
654 0 5 874 0 1434 100 539 200 602 300 1020 400
655 0 5 1341 0 1182 100 1015 200 40 300 1424 400
656 0 5 317 0 102 100 263 200 82 300 753 400
657 0 5 1338 0 218 100 524 200 771 300 1425 400
658 0 5 1187 0 608 100 434 200 769 300 1036 400
659 0 5 972 0 598 100 702 200 688 300 1475 400
660 0 5 587 0 934 100 1278 200 704 300 991 400
661 0 5 918 0 429 100 1346 200 426 300 274 400
662 0 5 571 0 732 100 172 200 79 300 1474 400
663 0 5 1134 0 1013 100 313 200 1379 300 358 400
664 0 5 647 0 100 100 731 200 613 300 1341 400
665 0 5 1407 0 1073 100 348 200 296 300 391 400
666 0 5 1019 0 1029 100 37 200 1058 300 121 400
667 0 5 986 0 875 100 806 200 61 300 1216 400
668 0 5 1484 0 1189 100 46 200 457 300 242 400
669 0 5 1327 0 784 100 913 200 29 300 1270 400
670 0 5 944 0 47 100 983 200 616 300 775 400
671 0 5 597 0 465 100 743 200 1416 300 1179 400
672 0 5 959 0 561 100 928 200 167 300 1026 400
673 0 5 475 0 101 100 278 200 1186 300 537 400
674 0 5 1208 0 841 100 346 200 1394 300 520 400
675 0 5 627 0 634 100 1064 200 99 300 1299 400
676 0 5 1291 0 1212 100 1141 200 565 300 483 400
677 0 5 288 0 1294 100 287 200 1412 300 200 400
678 0 5 817 0 373 100 1344 200 403 300 1268 400
679 0 5 1285 0 1061 100 79 200 708 300 732 400
680 0 5 1278 0 1328 100 157 200 1340 300 14 400
681 0 5 23 0 380 100 398 200 532 300 1349 400
682 0 5 1262 0 455 100 443 200 767 300 785 400
683 0 5 811 0 1224 100 1313 200 346 300 541 400
684 0 5 1148 0 409 100 1224 200 1243 300 999 400
685 0 5 549 0 620 100 994 200 1270 300 1293 400
686 0 5 215 0 146 100 865 200 1048 300 689 400
687 0 5 1411 0 1095 100 396 200 60 300 188 400
688 0 5 516 0 598 100 659 200 1475 300 909 400
689 0 5 1183 0 1048 100 1159 200 1315 300 686 400
690 0 5 807 0 85 100 506 200 1151 300 1247 400
691 0 5 25 0 83 100 454 200 1488 300 995 400
692 0 5 63 0 1069 100 1100 200 273 300 745 400
693 0 5 220 0 1067 100 890 200 1080 300 1088 400
694 0 5 979 0 120 100 1265 200 259 300 833 400
695 0 5 436 0 39 100 872 200 1383 300 1230 400
696 0 5 148 0 1048 100 1478 200 865 300 1138 400
697 0 5 1289 0 864 100 1428 200 877 300 384 400
698 0 5 26 0 405 100 636 200 421 300 507 400
699 0 5 379 0 1205 100 330 200 923 300 1092 400
700 0 5 919 0 1238 100 752 200 1247 300 996 400
701 0 5 952 0 586 100 977 200 1168 300 464 400
702 0 5 84 0 659 100 109 200 1475 300 1500 400
703 0 5 721 0 790 100 290 200 1218 300 282 400
704 0 5 14 0 275 100 1278 200 660 300 1430 400
705 0 5 585 0 823 100 1452 200 171 300 166 400
706 0 5 783 0 154 100 1424 200 555 300 1253 400
707 0 5 268 0 1310 100 1170 200 135 300 1027 400
708 0 5 596 0 79 100 1087 200 1285 300 679 400
709 0 5 882 0 325 100 1068 200 1406 300 202 400
710 0 5 1252 0 1088 100 220 200 858 300 960 400
711 0 5 1254 0 1404 100 1149 200 1494 300 790 400
712 0 5 308 0 985 100 725 200 326 300 489 400
713 0 5 481 0 495 100 1232 200 1450 300 558 400
714 0 5 774 0 251 100 428 200 842 300 340 400
715 0 5 563 0 1469 100 537 200 920 300 591 400
716 0 5 992 0 805 100 1420 200 1079 300 1169 400
717 0 5 1194 0 1286 100 1489 200 1301 300 967 400
718 0 5 1381 0 399 100 91 200 941 300 916 400
719 0 5 634 0 1313 100 997 200 140 300 1360 400
720 0 5 10 0 344 100 192 200 890 300 887 400
721 0 5 703 0 290 100 260 200 1028 300 790 400
722 0 5 160 0 512 100 1306 200 8 300 1094 400
723 0 5 845 0 1352 100 315 200 1108 300 1011 400
724 0 5 638 0 339 100 593 200 1417 300 1006 400
725 0 5 308 0 1380 100 71 200 712 300 326 400
726 0 5 1044 0 424 100 1056 200 1369 300 418 400
727 0 5 619 0 195 100 1287 200 1385 300 1231 400
728 0 5 1137 0 853 100 298 200 1166 300 1240 400
729 0 5 1000 0 1420 100 151 200 1079 300 1202 400
730 0 5 505 0 1193 100 223 200 493 300 832 400
731 0 5 984 0 664 100 1341 200 455 300 647 400
732 0 5 662 0 172 100 1061 200 79 300 679 400
733 0 5 470 0 196 100 825 200 1467 300 141 400
734 0 5 572 0 996 100 798 200 398 300 878 400
735 0 5 644 0 512 100 1094 200 8 300 722 400
736 0 5 1197 0 1479 100 1172 200 1126 300 1441 400
737 0 5 1125 0 139 100 625 200 1470 300 1383 400
738 0 5 431 0 400 100 329 200 1142 300 1250 400
739 0 5 394 0 1105 100 653 200 763 300 482 400
740 0 5 1032 0 337 100 1035 200 269 300 15 400
741 0 5 910 0 514 100 104 200 908 300 837 400
742 0 5 115 0 600 100 1359 200 632 300 594 400
743 0 5 556 0 465 100 671 200 1263 300 1176 400
744 0 5 1401 0 1326 100 1112 200 209 300 1175 400
745 0 5 1100 0 1101 100 1372 200 545 300 119 400
746 0 5 1092 0 330 100 1204 200 551 300 1096 400
747 0 5 1255 0 364 100 1221 200 1025 300 568 400
748 0 5 1426 0 578 100 931 200 353 300 493 400
749 0 5 914 0 1051 100 644 200 1094 300 1364 400
750 0 5 1014 0 893 100 162 200 340 300 906 400
751 0 5 775 0 19 100 286 200 933 300 358 400
752 0 5 1238 0 506 100 700 200 788 300 690 400
753 0 5 102 0 263 100 1459 200 656 300 1436 400
754 0 5 1152 0 1419 100 1333 200 291 300 37 400
755 0 5 91 0 544 100 124 200 901 300 399 400
756 0 5 1232 0 1305 100 255 200 1049 300 359 400
757 0 5 1062 0 235 100 197 200 652 300 211 400
758 0 5 439 0 612 100 492 200 172 300 1285 400
759 0 5 1134 0 305 100 108 200 952 300 313 400
760 0 5 1228 0 283 100 66 200 938 300 604 400
761 0 5 1180 0 809 100 1399 200 521 300 584 400
762 0 5 74 0 875 100 404 200 1216 300 916 400
763 0 5 289 0 963 100 653 200 951 300 739 400
764 0 5 345 0 363 100 360 200 560 300 539 400
765 0 5 920 0 1427 100 1322 200 246 300 1456 400
766 0 5 113 0 1342 100 631 200 253 300 1346 400
767 0 5 455 0 1451 100 682 200 1201 300 984 400
768 0 5 362 0 1089 100 1336 200 1038 300 199 400
769 0 5 434 0 48 100 64 200 546 300 658 400
770 0 5 979 0 1265 100 20 200 612 300 453 400
771 0 5 935 0 1103 100 1338 200 657 300 940 400
772 0 5 1159 0 1253 100 1353 200 1183 300 971 400
773 0 5 169 0 333 100 1482 200 1396 300 981 400
774 0 5 842 0 714 100 251 200 70 300 315 400
775 0 5 616 0 751 100 19 200 97 300 204 400
776 0 5 1107 0 577 100 935 200 487 300 771 400
777 0 5 1359 0 1314 100 152 200 93 300 1163 400
778 0 5 881 0 538 100 41 200 211 300 1054 400
779 0 5 409 0 1208 100 841 200 347 300 684 400
780 0 5 400 0 844 100 1055 200 1441 300 217 400
781 0 5 286 0 327 100 1063 200 311 300 1215 400
782 0 5 1470 0 225 100 1177 200 921 300 1125 400
783 0 5 706 0 425 100 1214 200 154 300 892 400
784 0 5 381 0 669 100 29 200 913 300 1497 400
785 0 5 408 0 443 100 1451 200 1128 300 90 400
786 0 5 1429 0 468 100 652 200 235 300 5 400
787 0 5 192 0 185 100 10 200 720 300 1031 400
788 0 5 242 0 592 100 331 200 1226 300 291 400
789 0 5 858 0 500 100 130 200 710 300 1007 400
790 0 5 1494 0 703 100 290 200 1053 300 721 400
791 0 5 70 0 1113 100 1351 200 943 300 956 400
792 0 5 1267 0 115 100 927 200 594 300 1131 400
793 0 5 553 0 510 100 1292 200 441 300 538 400
794 0 5 65 0 1261 100 975 200 191 300 56 400
795 0 5 1407 0 391 100 1013 200 1018 300 123 400
796 0 5 32 0 1299 100 483 200 627 300 1211 400
797 0 5 53 0 590 100 529 200 252 300 1435 400
798 0 5 398 0 1059 100 1069 200 572 300 734 400
799 0 5 1408 0 931 100 106 200 333 300 1334 400
800 0 5 193 0 603 100 1127 200 352 300 461 400
801 0 5 1307 0 863 100 1075 200 1273 300 1492 400
802 0 5 1012 0 891 100 990 200 252 300 1121 400
803 0 5 886 0 45 100 473 200 1049 300 438 400
804 0 5 1057 0 1109 100 267 200 226 300 223 400
805 0 5 716 0 1157 100 388 200 1077 300 1269 400
806 0 5 986 0 472 100 302 200 667 300 61 400
807 0 5 690 0 85 100 1442 200 856 300 119 400
808 0 5 135 0 1035 100 1170 200 1027 300 707 400
809 0 5 521 0 761 100 1126 200 958 300 584 400
810 0 5 1330 0 1306 100 105 200 87 300 1010 400
811 0 5 1199 0 683 100 411 200 1256 300 1064 400
812 0 5 602 0 378 100 435 200 1180 300 312 400
813 0 5 469 0 1339 100 1021 200 153 300 385 400
814 0 5 978 0 1300 100 1072 200 1270 300 620 400
815 0 5 883 0 1174 100 1404 200 195 300 17 400
816 0 5 353 0 1315 100 1009 200 425 300 1392 400
817 0 5 1344 0 678 100 373 200 1104 300 1268 400
818 0 5 214 0 241 100 1477 200 86 300 1493 400
819 0 5 412 0 78 100 1093 200 519 300 1022 400
820 0 5 1004 0 957 100 35 200 1063 300 605 400
821 0 5 909 0 646 100 1044 200 222 300 836 400
822 0 5 1 0 1502 100 1172 200 1441 300 736 400
823 0 5 705 0 826 100 171 200 645 300 1452 400
824 0 5 447 0 1295 100 1432 200 458 300 1356 400
825 0 5 13 0 196 100 1198 200 733 300 141 400
826 0 5 645 0 823 100 420 200 338 300 1158 400
827 0 5 438 0 471 100 1133 200 1042 300 473 400
828 0 5 977 0 205 100 397 200 1168 300 701 400
829 0 5 1000 0 233 100 1202 200 599 300 1079 400
830 0 5 1382 0 956 100 1376 200 1393 300 1158 400
831 0 5 991 0 1028 100 321 200 587 300 660 400
832 0 5 611 0 1057 100 1193 200 261 300 223 400
833 0 5 120 0 118 100 259 200 56 300 1047 400
834 0 5 107 0 418 100 1051 200 424 300 1378 400
835 0 5 1110 0 510 100 538 200 184 300 1115 400
836 0 5 222 0 1438 100 646 200 187 300 821 400
837 0 5 488 0 104 100 514 200 741 300 1116 400
838 0 5 1269 0 1079 100 1202 200 716 300 1420 400
839 0 5 116 0 929 100 1098 200 134 300 1485 400
840 0 5 496 0 419 100 847 200 43 300 180 400
841 0 5 520 0 674 100 1288 200 1153 300 779 400
842 0 5 70 0 774 100 714 200 251 300 340 400
843 0 5 1314 0 1163 100 1284 200 1367 300 152 400
844 0 5 1250 0 1055 100 1441 200 780 300 1198 400
845 0 5 1096 0 723 100 1011 200 1108 300 1352 400
846 0 5 1387 0 250 100 591 200 535 300 487 400
847 0 5 496 0 1221 100 43 200 840 300 1104 400
848 0 5 1089 0 1258 100 993 200 1206 300 163 400
849 0 5 888 0 1430 100 1385 200 522 300 111 400
850 0 5 1347 0 1411 100 1373 200 687 300 396 400
851 0 5 1308 0 1293 100 1024 200 1361 300 1031 400
852 0 5 297 0 1447 100 1374 200 1012 300 965 400
853 0 5 728 0 1240 100 627 200 298 300 1211 400
854 0 5 356 0 1465 100 265 200 649 300 371 400
855 0 5 270 0 932 100 147 200 1455 300 1279 400
856 0 5 1446 0 85 100 1442 200 807 300 1319 400
857 0 5 1022 0 1377 100 184 200 78 300 519 400
858 0 5 789 0 1195 100 710 200 303 300 500 400
859 0 5 1495 0 1043 100 1410 200 169 300 1334 400
860 0 5 379 0 1037 100 923 200 1205 300 1382 400
861 0 5 652 0 125 100 1033 200 1264 300 1292 400
862 0 5 565 0 1016 100 513 200 1429 300 235 400
863 0 5 1459 0 801 100 1273 200 1075 300 1436 400
864 0 5 569 0 1229 100 697 200 1428 300 950 400
865 0 5 1060 0 686 100 696 200 1048 300 146 400
866 0 5 131 0 1132 100 44 200 113 300 876 400
867 0 5 1027 0 1340 100 354 200 1328 300 157 400
868 0 5 1140 0 1235 100 966 200 897 300 1290 400
869 0 5 1311 0 54 100 38 200 1223 300 1461 400
870 0 5 515 0 1378 100 990 200 24 300 34 400
871 0 5 138 0 362 100 1038 200 183 300 768 400
872 0 5 1383 0 1458 100 695 200 1204 300 1457 400
873 0 5 164 0 1275 100 1455 200 68 300 1501 400
874 0 5 654 0 1020 100 539 200 27 300 1434 400
875 0 5 762 0 667 100 1216 200 61 300 296 400
876 0 5 1487 0 938 100 66 200 294 300 866 400
877 0 5 433 0 1289 100 697 200 384 300 92 400
878 0 5 530 0 1150 100 174 200 734 300 1081 400
879 0 5 904 0 1350 100 341 200 976 300 368 400
880 0 5 268 0 248 100 206 200 1310 300 182 400
881 0 5 1054 0 778 100 211 200 538 300 1062 400
882 0 5 709 0 482 100 1068 200 1105 300 325 400
883 0 5 1174 0 815 100 376 200 195 300 1449 400
884 0 5 1352 0 961 100 1117 200 456 300 1108 400
885 0 5 1456 0 281 100 1304 200 247 300 765 400
886 0 5 1054 0 803 100 473 200 1049 300 527 400
887 0 5 335 0 10 100 344 200 1358 300 720 400
888 0 5 849 0 1385 100 111 200 1404 300 1053 400
889 0 5 902 0 442 100 1082 200 605 300 186 400
890 0 5 693 0 344 100 1410 200 720 300 150 400
891 0 5 477 0 301 100 990 200 802 300 1493 400
892 0 5 1214 0 425 100 783 200 1161 300 371 400
893 0 5 750 0 144 100 340 200 1167 300 1014 400
894 0 5 1263 0 1030 100 1242 200 504 300 924 400
895 0 5 466 0 90 100 237 200 443 300 1086 400
896 0 5 1227 0 588 100 1461 200 1223 300 1131 400
897 0 5 966 0 171 100 1140 200 868 300 1290 400
898 0 5 51 0 204 100 1085 200 1226 300 1464 400
899 0 5 201 0 1449 100 376 200 195 300 883 400
900 0 5 110 0 1325 100 1161 200 371 300 265 400
901 0 5 641 0 544 100 755 200 1003 300 1249 400
902 0 5 889 0 957 100 605 200 442 300 820 400
903 0 5 1201 0 435 100 437 200 602 300 27 400
904 0 5 879 0 976 100 158 200 1324 300 2 400
905 0 5 387 0 1038 100 601 200 1196 300 1336 400
906 0 5 423 0 340 100 1405 200 1014 300 1192 400
907 0 5 1112 0 1002 100 82 200 925 300 1086 400
908 0 5 1421 0 31 100 741 200 910 300 514 400
909 0 5 292 0 821 100 1354 200 1044 300 1369 400
910 0 5 741 0 31 100 210 200 908 300 104 400
911 0 5 964 0 583 100 569 200 452 300 205 400
912 0 5 922 0 933 100 1343 200 1215 300 47 400
913 0 5 939 0 669 100 1358 200 928 300 784 400
914 0 5 749 0 1378 100 1051 200 1364 300 1094 400
915 0 5 504 0 153 100 469 200 26 300 1021 400
916 0 5 399 0 74 100 404 200 1162 300 296 400
917 0 5 449 0 1480 100 406 200 479 300 134 400
918 0 5 661 0 1342 100 253 200 429 300 426 400
919 0 5 227 0 700 100 1118 200 1518 300 996 400
920 0 5 1469 0 765 100 563 200 1186 300 281 400
921 0 5 1177 0 945 100 923 200 782 300 626 400
922 0 5 912 0 589 100 47 200 944 300 1215 400
923 0 5 626 0 921 100 860 200 699 300 945 400
924 0 5 1030 0 504 100 1266 200 894 300 1225 400
925 0 5 1401 0 1154 100 1112 200 1002 300 1480 400
926 0 5 463 0 1403 100 364 200 22 300 747 400
927 0 5 1267 0 936 100 93 200 792 300 152 400
928 0 5 1358 0 167 100 561 200 672 300 939 400
929 0 5 839 0 363 100 1485 200 1098 300 326 400
930 0 5 982 0 1106 100 142 200 1099 300 1129 400
931 0 5 799 0 1009 100 1039 200 1408 300 375 400
932 0 5 147 0 650 100 855 200 1101 300 637 400
933 0 5 1343 0 912 100 616 200 286 300 751 400
934 0 5 157 0 660 100 322 200 1278 300 587 400
935 0 5 1107 0 771 100 776 200 372 300 487 400
936 0 5 927 0 1280 100 257 200 792 300 1391 400
937 0 5 1372 0 103 100 545 200 68 300 1446 400
938 0 5 450 0 66 100 876 200 283 300 760 400
939 0 5 913 0 167 100 928 200 334 300 1354 400
940 0 5 444 0 1103 100 372 200 771 300 935 400
941 0 5 1381 0 1162 100 718 200 399 300 404 400
942 0 5 1357 0 1331 100 22 200 994 300 549 400
943 0 5 1113 0 969 100 791 200 956 300 1040 400
944 0 5 1052 0 670 100 589 200 983 300 47 400
945 0 5 1433 0 921 100 626 200 625 300 1462 400
946 0 5 1367 0 401 100 557 200 143 300 1111 400
947 0 5 253 0 1316 100 366 200 209 300 33 400
948 0 5 1228 0 256 100 615 200 498 300 170 400
949 0 5 1034 0 509 100 1184 200 1209 300 1231 400
950 0 5 1144 0 548 100 540 200 864 300 989 400
951 0 5 963 0 501 100 763 200 653 300 202 400
952 0 5 701 0 305 100 1499 200 759 300 168 400
953 0 5 1505 0 1506 100 519 200 819 300 1093 400
954 0 5 1350 0 341 100 368 200 1317 300 453 400
955 0 5 111 0 275 100 1028 200 831 300 1053 400
956 0 5 1376 0 830 100 1205 200 943 300 1158 400
957 0 5 902 0 820 100 1004 200 1471 300 1090 400
958 0 5 276 0 809 100 1481 200 196 300 584 400
959 0 5 570 0 672 100 1026 200 1369 300 194 400
960 0 5 1361 0 1080 100 1088 200 710 300 1031 400
961 0 5 1117 0 884 100 1017 200 934 300 428 400
962 0 5 80 0 1334 100 1437 200 799 300 1482 400
963 0 5 951 0 653 100 501 200 763 300 289 400
964 0 5 452 0 911 100 1168 200 569 300 205 400
965 0 5 515 0 1364 100 24 200 852 300 1207 400
966 0 5 897 0 171 100 868 200 1235 300 1140 400
967 0 5 1114 0 1489 100 28 200 717 300 1486 400
968 0 5 1060 0 146 100 11 200 865 300 696 400
969 0 5 943 0 1040 100 551 200 330 300 1113 400
970 0 5 100 0 1171 100 392 200 1272 300 613 400
971 0 5 1353 0 1008 100 1253 200 410 300 114 400
972 0 5 598 0 659 100 503 200 1023 300 1500 400
973 0 5 85 0 1446 100 1319 200 1421 300 1484 400
974 0 5 55 0 1036 100 608 200 1210 300 434 400
975 0 5 156 0 191 100 794 200 1135 300 118 400
976 0 5 158 0 904 100 724 200 1417 300 1501 400
977 0 5 1168 0 828 100 701 200 397 300 464 400
978 0 5 1300 0 814 100 669 200 787 300 10 400
979 0 5 770 0 694 100 1265 200 120 300 259 400
980 0 5 1309 0 1483 100 1493 200 1477 300 240 400
981 0 5 1396 0 611 100 333 200 106 300 1408 400
982 0 5 930 0 162 100 1099 200 142 300 1129 400
983 0 5 457 0 1052 100 670 200 944 300 1189 400
984 0 5 731 0 245 100 664 200 100 300 767 400
985 0 5 489 0 712 100 606 200 308 300 394 400
986 0 5 667 0 806 100 302 200 472 300 61 400
987 0 5 1362 0 1005 100 583 200 300 300 1276 400
988 0 5 1430 0 239 100 14 200 1439 300 275 400
989 0 5 1144 0 490 100 83 200 1246 300 540 400
990 0 5 891 0 1012 100 802 200 1374 300 870 400
991 0 5 831 0 321 100 587 200 660 300 1028 400
992 0 5 716 0 1169 100 1420 200 386 300 320 400
993 0 5 199 0 1133 100 848 200 1089 300 471 400
994 0 5 549 0 1331 100 942 200 329 300 685 400
995 0 5 159 0 1085 100 1488 200 1464 300 51 400
996 0 5 530 0 919 100 1247 200 174 300 1150 400
997 0 5 1360 0 1257 100 140 200 719 300 541 400
998 0 5 264 0 65 100 1261 200 266 300 794 400
999 0 5 50 0 1148 100 1248 200 1269 300 1243 400
1000 0 5 829 0 729 100 1079 200 1202 300 151 400
1001 0 5 41 0 1062 100 553 200 211 300 538 400
1002 0 5 9 0 907 100 1480 200 1086 300 466 400
1003 0 5 550 0 124 100 399 200 544 300 641 400
1004 0 5 1090 0 820 100 957 200 1063 300 605 400
1005 0 5 300 0 987 100 583 200 454 300 569 400
1006 0 5 1335 0 1417 100 593 200 724 300 1275 400
1007 0 5 228 0 500 100 130 200 265 300 356 400
1008 0 5 555 0 971 100 1253 200 706 300 1015 400
1009 0 5 353 0 375 100 931 200 1039 300 816 400
1010 0 5 1330 0 95 100 87 200 1355 300 810 400
1011 0 5 1108 0 234 100 94 200 845 300 559 400
1012 0 5 1374 0 802 100 990 200 852 300 891 400
1013 0 5 1018 0 1134 100 795 200 663 300 1407 400
1014 0 5 750 0 1203 100 906 200 162 300 340 400
1015 0 5 555 0 1424 100 655 200 40 300 1341 400
1016 0 5 575 0 862 100 565 200 129 300 12 400
1017 0 5 322 0 316 100 1117 200 961 300 456 400
1018 0 5 1013 0 1379 100 795 200 391 300 663 400
1019 0 5 121 0 666 100 1029 200 1176 300 556 400
1020 0 5 874 0 408 100 27 200 539 300 654 400
1021 0 5 576 0 26 100 813 200 385 300 469 400
1022 0 5 857 0 78 100 28 200 184 300 1450 400
1023 0 5 484 0 278 100 323 200 1438 300 972 400
1024 0 5 1308 0 1281 100 851 200 161 300 58 400
1025 0 5 1255 0 1403 100 568 200 747 300 600 400
1026 0 5 334 0 167 100 570 200 672 300 959 400
1027 0 5 1170 0 867 100 354 200 808 300 707 400
1028 0 5 260 0 290 100 831 200 111 300 955 400
1029 0 5 666 0 1242 100 37 200 1333 300 1019 400
1030 0 5 924 0 894 100 1266 200 1333 300 504 400
1031 0 5 185 0 1072 100 851 200 1361 300 1293 400
1032 0 5 740 0 1035 100 269 200 446 300 173 400
1033 0 5 125 0 289 100 861 200 501 300 963 400
1034 0 5 949 0 1287 100 1209 200 1231 300 1244 400
1035 0 5 1032 0 808 100 157 200 740 300 337 400
1036 0 5 974 0 1045 100 434 200 1210 300 658 400
1037 0 5 1433 0 860 100 1382 200 923 300 830 400
1038 0 5 905 0 117 100 1336 200 387 300 601 400
1039 0 5 375 0 649 100 931 200 1009 300 371 400
1040 0 5 315 0 969 100 1113 200 551 300 943 400
1041 0 5 1091 0 586 100 464 200 1065 300 1283 400
1042 0 5 395 0 1141 100 126 200 1291 300 527 400
1043 0 5 533 0 859 100 1414 200 169 300 1410 400
1044 0 5 726 0 1369 100 821 200 646 300 909 400
1045 0 5 1036 0 272 100 221 200 1210 300 434 400
1046 0 5 332 0 320 100 386 200 1074 300 445 400
1047 0 5 56 0 259 100 1261 200 1375 300 430 400
1048 0 5 1138 0 696 100 689 200 686 300 1183 400
1049 0 5 255 0 1305 100 1147 200 803 300 756 400
1050 0 5 156 0 1135 100 64 200 48 300 975 400
1051 0 5 107 0 749 100 1378 200 914 300 834 400
1052 0 5 944 0 1189 100 983 200 589 300 668 400
1053 0 5 1494 0 111 100 1028 200 1404 300 888 400
1054 0 5 886 0 881 100 778 200 211 300 1147 400
1055 0 5 1441 0 844 100 1198 200 1197 300 780 400
1056 0 5 427 0 424 100 194 200 726 300 301 400
1057 0 5 804 0 230 100 832 200 261 300 16 400
1058 0 5 502 0 37 100 666 200 490 300 643 400
1059 0 5 398 0 798 100 1069 200 681 300 1349 400
1060 0 5 968 0 865 100 146 200 11 300 696 400
1061 0 5 172 0 679 100 732 200 1285 300 79 400
1062 0 5 757 0 1001 100 41 200 1292 300 881 400
1063 0 5 327 0 390 100 820 200 781 300 1444 400
1064 0 5 634 0 675 100 99 200 1199 300 683 400
1065 0 5 1102 0 464 100 1283 200 1041 300 586 400
1066 0 5 1390 0 1476 100 1145 200 1106 300 1301 400
1067 0 5 150 0 693 100 220 200 1252 300 1495 400
1068 0 5 566 0 882 100 89 200 1105 300 709 400
1069 0 5 692 0 1150 100 798 200 1059 300 273 400
1070 0 5 1428 0 548 100 1289 200 60 300 697 400
1071 0 5 531 0 640 100 536 200 1356 300 603 400
1072 0 5 1293 0 620 100 814 200 1031 300 1300 400
1073 0 5 633 0 665 100 108 200 1407 300 149 400
1074 0 5 1332 0 332 100 1046 200 445 300 320 400
1075 0 5 263 0 1459 100 801 200 863 300 1307 400
1076 0 5 637 0 417 100 54 200 1388 300 284 400
1077 0 5 388 0 1496 100 567 200 805 300 44 400
1078 0 5 1397 0 122 100 109 200 1389 300 526 400
1079 0 5 838 0 1202 100 729 200 1420 300 716 400
1080 0 5 1088 0 960 100 185 200 693 300 220 400
1081 0 5 1150 0 1151 100 1247 200 174 300 996 400
1082 0 5 104 0 442 100 605 200 889 300 210 400
1083 0 5 541 0 229 100 1243 200 599 300 997 400
1084 0 5 119 0 273 100 1151 200 63 300 1442 400
1085 0 5 454 0 898 100 995 200 51 300 1488 400
1086 0 5 610 0 82 100 466 200 443 300 1002 400
1087 0 5 258 0 1237 100 492 200 708 300 1285 400
1088 0 5 220 0 1080 100 710 200 960 300 693 400
1089 0 5 848 0 768 100 1206 200 183 300 993 400
1090 0 5 1004 0 1471 100 357 200 573 300 262 400
1091 0 5 1041 0 168 100 586 200 1499 300 952 400
1092 0 5 746 0 1173 100 219 200 1204 300 699 400
1093 0 5 519 0 819 100 1514 200 1515 300 1115 400
1094 0 5 1207 0 189 100 644 200 105 300 749 400
1095 0 5 92 0 42 100 687 200 617 300 384 400
1096 0 5 845 0 559 100 551 200 1011 300 723 400
1097 0 5 389 0 76 100 1397 200 216 300 1400 400
1098 0 5 929 0 839 100 1239 200 326 300 134 400
1099 0 5 1290 0 162 100 525 200 930 300 982 400
1100 0 5 745 0 692 100 1101 200 63 300 1069 400
1101 0 5 745 0 4 100 147 200 545 300 932 400
1102 0 5 1065 0 1283 100 464 200 452 300 1168 400
1103 0 5 940 0 771 100 64 200 444 300 657 400
1104 0 5 43 0 373 100 1221 200 817 300 1413 400
1105 0 5 482 0 739 100 1068 200 882 300 653 400
1106 0 5 285 0 930 100 1390 200 142 300 1145 400
1107 0 5 776 0 935 100 771 200 487 300 940 400
1108 0 5 1011 0 234 100 1352 200 723 300 845 400
1109 0 5 267 0 804 100 226 200 223 300 230 400
1110 0 5 481 0 184 100 558 200 793 300 495 400
1111 0 5 143 0 1122 100 946 200 1367 300 145 400
1112 0 5 907 0 1175 100 925 200 744 300 1401 400
1113 0 5 943 0 791 100 1040 200 315 300 70 400
1114 0 5 967 0 28 100 1450 200 78 300 1194 400
1115 0 5 1541 0 1 100 519 200 1377 300 1093 400
1116 0 5 1484 0 488 100 514 200 1189 300 837 400
1117 0 5 456 0 961 100 1017 200 316 300 884 400
1118 0 5 299 0 1508 100 1507 200 919 300 227 400
1119 0 5 584 0 1409 100 392 200 1481 300 958 400
1120 0 5 571 0 472 100 302 200 1474 300 79 400
1121 0 5 252 0 214 100 1493 200 1302 300 802 400
1122 0 5 81 0 1111 100 84 200 1497 300 702 400
1123 0 5 207 0 1323 100 1219 200 1098 300 432 400
1124 0 5 574 0 1240 100 1166 200 1360 300 627 400
1125 0 5 737 0 1470 100 1383 200 225 300 1204 400
1126 0 5 370 0 1479 100 1172 200 809 300 736 400
1127 0 5 461 0 352 100 800 200 459 300 318 400
1128 0 5 1485 0 116 100 90 200 785 300 443 400
1129 0 5 142 0 1486 100 1489 200 1286 300 1318 400
1130 0 5 617 0 1283 100 1095 200 203 300 476 400
1131 0 5 1431 0 792 100 896 200 1461 300 1227 400
1132 0 5 1487 0 294 100 866 200 1157 300 805 400
1133 0 5 993 0 471 100 199 200 163 300 848 400
1134 0 5 663 0 759 100 1013 200 313 300 1073 400
1135 0 5 1050 0 48 100 554 200 156 300 975 400
1136 0 5 1457 0 609 100 1458 200 393 300 1204 400
1137 0 5 1440 0 728 100 298 200 853 300 52 400
1138 0 5 69 0 1048 100 1466 200 696 300 1478 400
1139 0 5 1258 0 163 100 128 200 1206 300 3 400
1140 0 5 422 0 868 100 897 200 1290 300 966 400
1141 0 5 126 0 1042 100 676 200 181 300 1212 400
1142 0 5 336 0 523 100 738 200 13 300 562 400
1143 0 5 459 0 1200 100 352 200 385 300 396 400
1144 0 5 950 0 989 100 540 200 25 300 490 400
1145 0 5 314 0 1476 100 1066 200 1106 300 1290 400
1146 0 5 579 0 1405 100 1348 200 525 300 1235 400
1147 0 5 495 0 255 100 1232 200 1049 300 713 400
1148 0 5 347 0 684 100 999 200 409 300 50 400
1149 0 5 1254 0 295 100 711 200 17 300 1404 400
1150 0 5 1081 0 174 100 530 200 1069 300 878 400
1151 0 5 1247 0 273 100 1081 200 690 300 1084 400
1152 0 5 37 0 754 100 1419 200 1029 300 1333 400
1153 0 5 361 0 66 100 841 200 1228 300 1288 400
1154 0 5 1271 0 479 100 925 200 1480 300 1401 400
1155 0 5 212 0 36 100 299 200 1345 300 467 400
1156 0 5 62 0 238 100 189 200 630 300 852 400
1157 0 5 96 0 805 100 1269 200 1132 300 294 400
1158 0 5 1370 0 338 100 420 200 830 300 956 400
1159 0 5 772 0 1183 100 1353 200 689 300 1315 400
1160 0 5 1302 0 261 100 1414 200 86 300 533 400
1161 0 5 110 0 1214 100 154 200 900 300 892 400
1162 0 5 404 0 941 100 916 200 718 300 399 400
1163 0 5 843 0 1241 100 1284 200 1314 300 777 400
1164 0 5 165 0 1256 100 1217 200 411 300 30 400
1165 0 5 231 0 1355 100 323 200 160 300 1306 400
1166 0 5 474 0 1124 100 574 200 1240 300 1360 400
1167 0 5 629 0 316 100 144 200 15 300 1017 400
1168 0 5 977 0 452 100 828 200 701 300 464 400
1169 0 5 388 0 386 100 992 200 805 300 716 400
1170 0 5 1027 0 354 100 808 200 867 300 707 400
1171 0 5 1213 0 1272 100 970 200 508 300 392 400
1172 0 5 1479 0 1126 100 1510 200 1511 300 736 400
1173 0 5 1092 0 1177 100 219 200 225 300 1204 400
1174 0 5 883 0 815 100 195 200 376 300 619 400
1175 0 5 478 0 1112 100 440 200 1436 300 33 400
1176 0 5 581 0 121 100 1416 200 280 300 490 400
1177 0 5 921 0 1173 100 225 200 782 300 1470 400
1178 0 5 497 0 1418 100 560 200 89 300 764 400
1179 0 5 1416 0 188 100 328 200 1200 300 671 400
1180 0 5 761 0 435 100 378 200 812 300 312 400
1181 0 5 1325 0 613 100 508 200 970 300 100 400
1182 0 5 647 0 1424 100 1341 200 655 300 154 400
1183 0 5 689 0 1159 100 1048 200 1315 300 686 400
1184 0 5 1231 0 949 100 509 200 239 300 1439 400
1185 0 5 621 0 1432 100 1295 200 1356 300 824 400
1186 0 5 246 0 475 100 278 200 1322 300 765 400
1187 0 5 658 0 1425 100 73 200 769 300 64 400
1188 0 5 94 0 49 100 365 200 1312 300 321 400
1189 0 5 1052 0 668 100 589 200 1484 300 983 400
1190 0 5 467 0 1508 100 1509 200 1310 300 1118 400
1191 0 5 631 0 416 100 374 200 604 300 283 400
1192 0 5 1351 0 579 100 423 200 1370 300 906 400
1193 0 5 223 0 730 100 832 200 505 300 611 400
1194 0 5 717 0 1450 100 1301 200 1232 300 967 400
1195 0 5 534 0 858 100 1465 200 356 300 303 400
1196 0 5 181 0 117 100 1460 200 387 300 905 400
1197 0 5 736 0 1516 100 1515 200 1441 300 1172 400
1198 0 5 13 0 1250 100 1055 200 825 300 523 400
1199 0 5 811 0 1386 100 1064 200 1294 300 200 400
1200 0 5 597 0 1143 100 396 200 1179 300 188 400
1201 0 5 437 0 1451 100 27 200 903 300 767 400
1202 0 5 599 0 1079 100 1269 200 829 300 999 400
1203 0 5 525 0 162 100 1014 200 1405 300 1099 400
1204 0 5 559 0 219 100 746 200 1092 300 1173 400
1205 0 5 1376 0 699 100 379 200 956 300 330 400
1206 0 5 128 0 1258 100 848 200 1139 300 1089 400
1207 0 5 189 0 1094 100 1364 200 351 300 367 400
1208 0 5 674 0 779 100 409 200 841 300 684 400
1209 0 5 1337 0 1225 100 949 200 509 300 1034 400
1210 0 5 272 0 1391 100 1045 200 401 300 1036 400
1211 0 5 1296 0 32 100 853 200 298 300 627 400
1212 0 5 483 0 676 100 1141 200 565 300 1291 400
1213 0 5 1481 0 1171 100 508 200 392 300 1272 400
1214 0 5 892 0 1161 100 783 200 425 300 154 400
1215 0 5 35 0 912 100 781 200 837 300 286 400
1216 0 5 296 0 61 100 88 200 875 300 74 400
1217 0 5 1463 0 30 100 1256 200 1164 300 725 400
1218 0 5 383 0 282 100 436 200 703 300 790 400
1219 0 5 207 0 256 100 134 200 615 300 449 400
1220 0 5 542 0 1317 100 453 200 612 300 954 400
1221 0 5 747 0 568 100 364 200 1104 300 180 400
1222 0 5 11 0 1426 100 493 200 968 300 748 400
1223 0 5 588 0 1311 100 1461 200 896 300 869 400
1224 0 5 346 0 683 100 541 200 684 300 1243 400
1225 0 5 507 0 1209 100 132 200 342 300 1337 400
1226 0 5 643 0 159 100 1464 200 788 300 51 400
1227 0 5 1344 0 896 100 1268 200 1431 300 485 400
1228 0 5 948 0 760 100 1153 200 66 300 256 400
1229 0 5 203 0 864 100 569 200 452 300 384 400
1230 0 5 1259 0 39 100 695 200 614 300 1383 400
1231 0 5 1184 0 1439 100 949 200 727 300 1034 400
1232 0 5 756 0 1450 100 713 200 1194 300 1147 400
1233 0 5 164 0 68 100 1319 200 1501 300 31 400
1234 0 5 580 0 314 100 1476 200 310 300 1145 400
1235 0 5 1348 0 868 100 1146 200 966 300 1290 400
1236 0 5 1472 0 1266 100 1333 200 248 300 206 400
1237 0 5 492 0 1087 100 258 200 1317 300 341 400
1238 0 5 752 0 700 100 1247 200 299 300 1345 400
1239 0 5 1323 0 1380 100 71 200 1098 300 725 400
1240 0 5 574 0 1124 100 853 200 1166 300 627 400
1241 0 5 319 0 1163 100 1270 200 1245 300 1284 400
1242 0 5 1333 0 1029 100 894 200 556 300 37 400
1243 0 5 599 0 1083 100 999 200 684 300 1224 400
1244 0 5 1337 0 132 100 306 200 1209 300 1034 400
1245 0 5 29 0 1270 100 1241 200 1327 300 1111 400
1246 0 5 198 0 328 100 490 200 989 300 581 400
1247 0 5 1151 0 1081 100 996 200 690 300 1150 400
1248 0 5 50 0 96 100 999 200 1269 300 294 400
1249 0 5 550 0 633 100 149 200 108 300 1499 400
1250 0 5 844 0 1198 100 523 200 738 300 400 400
1251 0 5 543 0 369 100 1423 200 1295 300 201 400
1252 0 5 710 0 303 100 1067 200 220 300 1495 400
1253 0 5 772 0 1008 100 706 200 971 300 425 400
1254 0 5 711 0 1149 100 1404 200 790 300 295 400
1255 0 5 1025 0 747 100 364 200 1221 300 568 400
1256 0 5 1164 0 1217 100 411 200 811 300 30 400
1257 0 5 140 0 541 100 997 200 1224 300 1313 400
1258 0 5 1139 0 1206 100 848 200 163 300 128 400
1259 0 5 1371 0 1230 100 39 200 1383 300 695 400
1260 0 5 1303 0 312 100 812 200 378 300 414 400
1261 0 5 794 0 1047 100 998 200 56 300 65 400
1262 0 5 682 0 455 100 623 200 443 300 1341 400
1263 0 5 894 0 1339 100 385 200 1242 300 465 400
1264 0 5 501 0 414 100 136 200 202 300 861 400
1265 0 5 595 0 770 100 694 200 259 300 979 400
1266 0 5 1472 0 1030 100 924 200 1236 300 342 400
1267 0 5 927 0 792 100 93 200 115 300 594 400
1268 0 5 23 0 485 100 1344 200 678 300 1227 400
1269 0 5 838 0 1202 100 999 200 1157 300 805 400
1270 0 5 1241 0 1245 100 1327 200 319 300 685 400
1271 0 5 1154 0 1402 100 604 200 1401 300 1326 400
1272 0 5 392 0 1171 100 245 200 437 300 100 400
1273 0 5 440 0 863 100 1436 200 366 300 801 400
1274 0 5 293 0 1453 100 262 200 1277 300 391 400
1275 0 5 1335 0 873 100 1417 200 1455 300 1501 400
1276 0 5 205 0 97 100 19 200 987 300 1362 400
1277 0 5 1453 0 582 100 1274 200 348 300 79 400
1278 0 5 680 0 14 100 704 200 934 300 660 400
1279 0 5 1455 0 4 100 147 200 103 300 545 400
1280 0 5 1391 0 936 100 257 200 792 300 1210 400
1281 0 5 1024 0 1308 100 431 200 224 300 161 400
1282 0 5 279 0 448 100 529 200 607 300 16 400
1283 0 5 1130 0 1102 100 1065 200 203 300 476 400
1284 0 5 143 0 1367 100 1163 200 843 300 152 400
1285 0 5 679 0 492 100 708 200 1061 300 1087 400
1286 0 5 1489 0 717 100 285 200 142 300 1301 400
1287 0 5 619 0 1034 100 727 200 949 300 1231 400
1288 0 5 361 0 170 100 841 200 1153 300 520 400
1289 0 5 697 0 1428 100 877 200 1070 300 60 400
1290 0 5 1099 0 422 100 1140 200 1398 300 868 400
1291 0 5 676 0 395 100 527 200 628 300 1141 400
1292 0 5 41 0 553 100 793 200 441 300 1062 400
1293 0 5 1072 0 620 100 851 200 1031 300 685 400
1294 0 5 1386 0 6 100 677 200 288 300 200 400
1295 0 5 621 0 1432 100 824 200 1449 300 619 400
1296 0 5 1211 0 298 100 1460 200 52 300 853 400
1297 0 5 249 0 367 100 351 200 189 300 1384 400
1298 0 5 1503 0 1502 100 217 200 496 300 419 400
1299 0 5 99 0 796 100 575 200 483 300 565 400
1300 0 5 978 0 814 100 1072 200 787 300 1270 400
1301 0 5 1390 0 717 100 1194 200 1286 300 285 400
1302 0 5 86 0 1160 100 16 200 1121 300 214 400
1303 0 5 1260 0 414 100 136 200 312 300 812 400
1304 0 5 349 0 281 100 535 200 885 300 243 400
1305 0 5 359 0 756 100 1049 200 45 300 255 400
1306 0 5 810 0 105 100 87 200 1165 300 722 400
1307 0 5 801 0 1492 100 1075 200 528 300 1478 400
1308 0 5 1024 0 851 100 1281 200 1293 300 161 400
1309 0 5 1493 0 980 100 1483 200 477 300 301 400
1310 0 5 1505 0 1504 100 707 200 880 300 135 400
1311 0 5 869 0 1223 100 190 200 54 300 564 400
1312 0 5 49 0 260 100 436 200 1188 300 321 400
1313 0 5 140 0 719 100 683 200 1257 300 634 400
1314 0 5 843 0 777 100 152 200 1163 300 93 400
1315 0 5 1392 0 816 100 689 200 622 300 353 400
1316 0 5 209 0 947 100 253 200 374 300 631 400
1317 0 5 439 0 1220 100 1237 200 954 300 492 400
1318 0 5 173 0 552 100 1129 200 1365 300 412 400
1319 0 5 1446 0 1421 100 973 200 1233 300 856 400
1320 0 5 487 0 524 100 1338 200 535 300 657 400
1321 0 5 562 0 13 100 244 200 382 300 141 400
1322 0 5 518 0 246 100 765 200 1186 300 1427 400
1323 0 5 1123 0 1239 100 1098 200 71 300 432 400
1324 0 5 2 0 210 100 158 200 442 300 186 400
1325 0 5 1181 0 154 100 900 200 1161 300 1424 400
1326 0 5 744 0 374 100 1402 200 1401 300 1271 400
1327 0 5 669 0 29 100 1270 200 1245 300 784 400
1328 0 5 680 0 1340 100 867 200 1278 300 157 400
1329 0 5 498 0 432 100 615 200 520 300 1394 400
1330 0 5 1010 0 810 100 105 200 95 300 87 400
1331 0 5 329 0 942 100 994 200 549 300 738 400
1332 0 5 1491 0 1074 100 155 200 445 300 1046 400
1333 0 5 1242 0 1029 100 1419 200 754 300 1236 400
1334 0 5 962 0 1482 100 80 200 799 300 859 400
1335 0 5 1275 0 1006 100 1417 200 855 300 593 400
1336 0 5 601 0 1038 100 199 200 768 300 126 400
1337 0 5 1209 0 1244 100 132 200 342 300 1225 400
1338 0 5 657 0 524 100 771 200 487 300 1320 400
1339 0 5 385 0 813 100 1263 200 469 300 1021 400
1340 0 5 1328 0 867 100 354 200 239 300 14 400
1341 0 5 655 0 1182 100 40 200 1262 300 1015 400
1342 0 5 918 0 766 100 253 200 113 300 1346 400
1343 0 5 933 0 286 100 912 200 781 300 1215 400
1344 0 5 1227 0 817 100 1268 200 678 300 18 400
1345 0 5 299 0 592 100 1155 200 212 300 919 400
1346 0 5 274 0 426 100 661 200 113 300 1342 400
1347 0 5 407 0 850 100 1411 200 1373 300 1127 400
1348 0 5 1235 0 7 100 1146 200 579 300 1290 400
1349 0 5 398 0 681 100 532 200 1059 300 1069 400
1350 0 5 879 0 341 100 954 200 368 300 976 400
1351 0 5 1192 0 423 100 791 200 70 300 906 400
1352 0 5 884 0 1108 100 723 200 234 300 321 400
1353 0 5 971 0 114 100 772 200 1159 300 1253 400
1354 0 5 292 0 334 100 909 200 1026 300 939 400
1355 0 5 87 0 1165 100 1306 200 278 300 231 400
1356 0 5 621 0 458 100 536 200 824 300 447 400
1357 0 5 1415 0 942 100 22 200 549 300 319 400
1358 0 5 928 0 561 100 335 200 913 300 887 400
1359 0 5 777 0 568 100 742 200 1267 300 93 400
1360 0 5 98 0 997 100 474 200 1124 300 719 400
1361 0 5 960 0 58 100 851 200 1031 300 1080 400
1362 0 5 987 0 97 100 204 200 1276 300 454 400
1363 0 5 1474 0 348 100 582 200 79 300 88 400
1364 0 5 965 0 1207 100 515 200 914 300 1378 400
1365 0 5 173 0 446 100 1318 200 1093 300 412 400
1366 0 5 161 0 244 100 382 200 58 300 224 400
1367 0 5 946 0 1284 100 152 200 843 300 143 400
1368 0 5 335 0 240 100 561 200 1358 300 887 400
1369 0 5 570 0 194 100 1044 200 292 300 959 400
1370 0 5 1158 0 420 100 1192 200 579 300 7 400
1371 0 5 480 0 1259 100 139 200 1383 300 872 400
1372 0 5 937 0 545 100 1442 200 1446 300 745 400
1373 0 5 407 0 396 100 850 200 459 300 1411 400
1374 0 5 1012 0 34 100 852 200 990 300 870 400
1375 0 5 259 0 430 100 1047 200 595 300 178 400
1376 0 5 956 0 1205 100 830 200 379 300 699 400
1377 0 5 857 0 184 100 1115 200 519 300 1110 400
1378 0 5 914 0 870 100 1051 200 107 300 1364 400
1379 0 5 1018 0 390 100 1444 200 123 300 663 400
1380 0 5 1239 0 725 100 326 200 71 300 1098 400
1381 0 5 941 0 718 100 916 200 399 300 1162 400
1382 0 5 1393 0 830 100 1037 200 379 300 860 400
1383 0 5 872 0 480 100 1125 200 695 300 1458 400
1384 0 5 249 0 105 100 189 200 1297 300 367 400
1385 0 5 522 0 888 100 849 200 195 300 727 400
1386 0 5 6 0 1199 100 1294 200 200 300 75 400
1387 0 5 846 0 72 100 250 200 535 300 243 400
1388 0 5 415 0 133 100 57 200 546 300 1076 400
1389 0 5 81 0 84 100 109 200 1078 300 702 400
1390 0 5 1066 0 1301 100 1106 200 285 300 1286 400
1391 0 5 1280 0 272 100 257 200 1210 300 936 400
1392 0 5 622 0 1315 100 353 200 816 300 215 400
1393 0 5 1382 0 338 100 830 200 1158 300 1037 400
1394 0 5 165 0 520 100 346 200 411 300 674 400
1395 0 5 75 0 129 100 1412 200 176 300 200 400
1396 0 5 981 0 106 100 333 200 1408 300 611 400
1397 0 5 122 0 1078 100 389 200 216 300 109 400
1398 0 5 422 0 314 100 1445 200 1290 300 1234 400
1399 0 5 1409 0 761 100 584 200 809 300 392 400
1400 0 5 247 0 624 100 349 200 885 300 218 400
1401 0 5 744 0 925 100 1326 200 1271 300 1154 400
1402 0 5 374 0 1271 100 1326 200 604 300 744 400
1403 0 5 1025 0 926 100 568 200 1221 300 747 400
1404 0 5 711 0 195 100 888 200 815 300 1053 400
1405 0 5 1146 0 525 100 906 200 579 300 1203 400
1406 0 5 1434 0 345 100 539 200 325 300 602 400
1407 0 5 795 0 665 100 391 200 1013 300 1073 400
1408 0 5 106 0 799 100 1396 200 931 300 493 400
1409 0 5 392 0 1119 100 1399 200 1272 300 437 400
1410 0 5 547 0 241 100 859 200 890 300 150 400
1411 0 5 687 0 850 100 396 200 1373 300 1347 400
1412 0 5 176 0 175 100 1395 200 677 300 125 400
1413 0 5 180 0 43 100 1104 200 364 300 1221 400
1414 0 5 533 0 1043 100 1160 200 86 300 261 400
1415 0 5 1357 0 319 100 22 200 1241 300 942 400
1416 0 5 1179 0 328 100 1176 200 671 300 743 400
1417 0 5 1501 0 1006 100 724 200 1275 300 1335 400
1418 0 5 89 0 1178 100 497 200 326 300 1068 400
1419 0 5 754 0 467 100 1333 200 291 300 1236 400
1420 0 5 151 0 729 100 992 200 1079 300 716 400
1421 0 5 908 0 31 100 1319 200 973 300 1446 400
1422 0 5 270 0 266 100 127 200 554 300 65 400
1423 0 5 17 0 282 100 815 200 614 300 295 400
1424 0 5 154 0 1182 100 1015 200 706 300 555 400
1425 0 5 218 0 1187 100 64 200 624 300 657 400
1426 0 5 748 0 1222 100 578 200 493 300 931 400
1427 0 5 486 0 765 100 511 200 1456 300 1500 400
1428 0 5 1070 0 1289 100 548 200 697 300 864 400
1429 0 5 786 0 5 100 12 200 862 300 468 400
1430 0 5 849 0 988 100 14 200 1439 300 704 400
1431 0 5 1131 0 594 100 1227 200 792 300 1344 400
1432 0 5 1185 0 1295 100 824 200 1356 300 621 400
1433 0 5 945 0 1037 100 626 200 921 300 860 400
1434 0 5 654 0 539 100 1406 200 602 300 345 400
1435 0 5 590 0 252 100 529 200 607 300 797 400
1436 0 5 440 0 1273 100 1459 200 863 300 1175 400
1437 0 5 80 0 534 100 303 200 962 300 1195 400
1438 0 5 187 0 836 100 1023 200 8 300 323 400
1439 0 5 522 0 1231 100 988 200 1430 300 1385 400
1440 0 5 1137 0 298 100 52 200 451 300 1196 400
1441 0 5 1055 0 1197 100 844 200 736 300 217 400
1442 0 5 119 0 807 100 1372 200 856 300 85 400
1443 0 5 366 0 33 100 1273 200 440 300 478 400
1444 0 5 311 0 327 100 390 200 1379 300 1063 400
1445 0 5 1452 0 3 100 1398 200 580 300 343 400
1446 0 5 856 0 1319 100 973 200 1372 300 85 400
1447 0 5 499 0 852 100 297 200 529 300 1012 400
1448 0 5 38 0 112 100 1461 200 257 300 272 400
1449 0 5 376 0 899 100 1295 200 619 300 883 400
1450 0 5 1194 0 1232 100 481 200 713 300 1114 400
1451 0 5 767 0 1201 100 408 200 785 300 27 400
1452 0 5 1445 0 343 100 585 200 166 300 1473 400
1453 0 5 1277 0 1274 100 391 200 293 300 123 400
1454 0 5 339 0 638 100 430 200 724 300 368 400
1455 0 5 1279 0 873 100 68 200 147 300 164 400
1456 0 5 885 0 511 100 1427 200 1490 300 765 400
1457 0 5 1458 0 1136 100 1204 200 872 300 609 400
1458 0 5 1457 0 872 100 1136 200 1383 300 1204 400
1459 0 5 863 0 1075 100 753 200 263 300 1436 400
1460 0 5 52 0 1196 100 1296 200 181 300 1211 400
1461 0 5 38 0 1223 100 1448 200 588 300 1131 400
1462 0 5 59 0 139 100 945 200 625 300 737 400
1463 0 5 1217 0 30 100 606 200 725 300 287 400
1464 0 5 51 0 159 100 1226 200 995 300 643 400
1465 0 5 649 0 854 100 1195 200 356 300 931 400
1466 0 5 69 0 114 100 1138 200 1478 300 1353 400
1467 0 5 196 0 1481 100 733 200 470 300 508 400
1468 0 5 166 0 585 100 1473 200 1452 300 128 400
1469 0 5 920 0 715 100 563 200 765 300 537 400
1470 0 5 782 0 1125 100 625 200 1177 300 225 400
1471 0 5 357 0 1090 100 957 200 277 300 186 400
1472 0 5 1266 0 1236 100 342 200 248 300 206 400
1473 0 5 343 0 166 100 128 200 1468 300 585 400
1474 0 5 1363 0 79 100 472 200 1120 300 806 400
1475 0 5 1497 0 516 100 659 200 688 300 702 400
1476 0 5 1066 0 310 100 1145 200 1234 300 359 400
1477 0 5 547 0 241 100 818 200 1483 300 240 400
1478 0 5 491 0 148 100 696 200 528 300 1048 400
1479 0 5 1172 0 1126 100 736 200 1512 300 1513 400
1480 0 5 917 0 479 100 1154 200 1002 300 9 400
1481 0 5 1213 0 1467 100 958 200 276 300 196 400
1482 0 5 1334 0 169 100 773 200 333 300 859 400
1483 0 5 980 0 240 100 1309 200 1477 300 477 400
1484 0 5 1116 0 668 100 1189 200 46 300 488 400
1485 0 5 360 0 929 100 363 200 1128 300 839 400
1486 0 5 552 0 1489 100 1129 200 967 300 1286 400
1487 0 5 1132 0 876 100 294 200 66 300 938 400
1488 0 5 83 0 502 100 995 200 691 300 1085 400
1489 0 5 1286 0 1486 100 967 200 717 300 1129 400
1490 0 5 76 0 216 100 1456 200 254 300 511 400
1491 0 5 309 0 1332 100 445 200 567 300 1074 400
1492 0 5 528 0 1307 100 801 200 366 300 1478 400
1493 0 5 1309 0 477 100 214 200 1121 300 980 400
1494 0 5 1053 0 790 100 290 200 711 300 295 400
1495 0 5 859 0 150 100 303 200 1067 300 80 400
1496 0 5 44 0 567 100 1077 200 309 300 131 400
1497 0 5 1475 0 381 100 516 200 1122 300 702 400
1498 0 5 306 0 509 100 1184 200 949 300 182 400
1499 0 5 641 0 952 100 168 200 305 300 1249 400
1500 0 5 503 0 137 100 109 200 1427 300 702 400
1501 0 5 1417 0 1233 100 158 200 2 300 873 400
1502 0 5 822 0 1298 100 521 200 878 300 1365 400
1503 0 5 1298 0 519 100 878 200 521 300 1365 400
1504 0 5 1310 0 519 100 878 200 521 300 1365 400
1505 0 5 1310 0 953 100 878 200 521 300 1365 400
1506 0 5 227 0 953 100 878 200 521 300 1365 400
1507 0 5 227 0 1118 100 878 200 521 300 1365 400
1508 0 5 1118 0 1190 100 878 200 521 300 1365 400
1509 0 5 572 0 1190 100 878 200 521 300 1365 400
1510 0 5 572 0 1172 100 878 200 521 300 780 400
1511 0 5 380 0 1172 100 878 200 521 300 780 400
1512 0 5 380 0 1479 100 878 200 521 300 780 400
1513 0 5 403 0 1479 100 521 200 878 300 780 400
1514 0 5 403 0 1093 100 878 200 521 300 1365 400
1515 0 5 1197 0 1093 100 878 200 521 300 1365 400
1516 0 5 136 0 1197 100 878 200 521 300 1365 400
1517 0 5 136 0 919 100 878 200 521 300 1365 400
1518 0 5 919 0 467 100 878 200 521 300 1365 400
1519 0 5 510 0 467 100 878 200 521 300 1365 400
1520 0 5 510 0 299 100 878 200 521 300 1365 400
1521 0 5 217 0 299 100 878 200 521 300 780 400
1522 0 5 217 0 135 100 878 200 521 300 780 400
1523 0 5 135 0 419 100 878 200 521 300 780 400
1524 0 5 734 0 419 100 521 200 878 300 780 400
1525 0 5 496 0 734 100 521 200 878 300 780 400
1526 0 5 1303 0 496 100 521 200 878 300 780 400
1527 0 5 1303 0 736 100 878 200 521 300 780 400
1528 0 5 1377 0 736 100 878 200 521 300 1365 400
1529 0 5 441 0 1377 100 878 200 521 300 1365 400
1530 0 5 1260 0 441 100 521 200 878 300 1365 400
1531 0 5 1260 0 880 100 878 200 521 300 1365 400
1532 0 5 835 0 880 100 878 200 521 300 1365 400
1533 0 5 835 0 878 100 521 200 1441 300 1365 400
1534 0 5 707 0 1441 100 878 200 521 300 1365 400
1535 0 5 707 0 878 100 521 200 1365 300 269 400
1536 0 5 878 0 521 100 1365 200 269 300 780 400
1537 0 5 798 0 878 100 521 200 1365 300 269 400
1538 0 5 798 0 878 100 521 200 1365 300 398 400
1539 0 5 878 0 521 100 1365 200 398 300 269 400
1540 0 5 878 0 521 100 1365 200 269 300 780 400
1541 0 5 1115 0 878 100 521 200 1365 300 312 400
-1
EOF
