1539
1 0 5 512 0 501 100 1464 200 458 300 1479 400
2 0 5 119 0 188 100 552 200 496 300 975 400
3 0 5 132 0 948 100 723 200 759 300 1194 400
4 0 5 1489 0 1304 100 1285 200 1182 300 967 400
5 0 5 437 0 1100 100 1467 200 400 300 1427 400
6 0 5 474 0 281 100 37 200 1032 300 403 400
7 0 5 816 0 245 100 522 200 230 300 1211 400
8 0 5 390 0 545 100 707 200 1013 300 765 400
9 0 5 105 0 927 100 1367 200 1282 300 1490 400
10 0 5 1473 0 1046 100 152 200 237 300 313 400
11 0 5 861 0 900 100 857 200 1154 300 468 400
12 0 5 1227 0 241 100 114 200 1104 300 1165 400
13 0 5 464 0 610 100 649 200 455 300 762 400
14 0 5 1444 0 1202 100 311 200 1483 300 332 400
15 0 5 759 0 938 100 1474 200 614 300 302 400
16 0 5 1358 0 335 100 987 200 1047 300 906 400
17 0 5 704 0 1027 100 355 200 840 300 687 400
18 0 5 205 0 975 100 752 200 119 300 533 400
19 0 5 38 0 275 100 1161 200 505 300 1247 400
20 0 5 57 0 1462 100 1048 200 467 300 1390 400
21 0 5 1173 0 608 100 1501 200 192 300 1021 400
22 0 5 1481 0 504 100 110 200 1303 300 131 400
23 0 5 1235 0 1263 100 1234 200 708 300 531 400
24 0 5 31 0 253 100 74 200 1122 300 341 400
25 0 5 1183 0 149 100 565 200 1487 300 524 400
26 0 5 727 0 1053 100 931 200 469 300 56 400
27 0 5 1486 0 125 100 1105 200 478 300 410 400
28 0 5 639 0 482 100 477 200 326 300 1077 400
29 0 5 760 0 270 100 1398 200 968 300 329 400
30 0 5 753 0 694 100 1403 200 664 300 633 400
31 0 5 341 0 24 100 822 200 888 300 253 400
32 0 5 902 0 1200 100 92 200 892 300 1436 400
33 0 5 1321 0 321 100 138 200 198 300 1348 400
34 0 5 678 0 85 100 142 200 544 300 774 400
35 0 5 1427 0 1516 100 1517 200 1006 300 36 400
36 0 5 1006 0 1479 100 848 200 1427 300 35 400
37 0 5 281 0 196 100 312 200 403 300 1032 400
38 0 5 1442 0 1247 100 19 200 505 300 1119 400
39 0 5 780 0 1493 100 585 200 1314 300 1017 400
40 0 5 613 0 273 100 1222 200 533 300 1265 400
41 0 5 858 0 1138 100 1177 200 404 300 1433 400
42 0 5 430 0 1079 100 1394 200 1230 300 973 400
43 0 5 541 0 322 100 883 200 645 300 1194 400
44 0 5 598 0 1345 100 361 200 830 300 1155 400
45 0 5 167 0 662 100 105 200 1035 300 673 400
46 0 5 330 0 432 100 123 200 222 300 624 400
47 0 5 409 0 1354 100 293 200 739 300 761 400
48 0 5 534 0 443 100 1363 200 396 300 1410 400
49 0 5 1498 0 380 100 943 200 429 300 971 400
50 0 5 216 0 431 100 766 200 494 300 999 400
51 0 5 561 0 138 100 599 200 1146 300 679 400
52 0 5 104 0 404 100 562 200 424 300 1475 400
53 0 5 374 0 1301 100 417 200 1254 300 93 400
54 0 5 1469 0 1144 100 890 200 172 300 1488 400
55 0 5 428 0 857 100 1341 200 1154 300 77 400
56 0 5 1053 0 931 100 26 200 1359 300 670 400
57 0 5 1390 0 20 100 1048 200 167 300 1462 400
58 0 5 1379 0 1453 100 970 200 457 300 654 400
59 0 5 344 0 596 100 454 200 1319 300 650 400
60 0 5 1121 0 473 100 911 200 1424 300 1136 400
61 0 5 463 0 1266 100 881 200 955 300 517 400
62 0 5 1445 0 775 100 148 200 1357 300 387 400
63 0 5 615 0 540 100 992 200 367 300 1169 400
64 0 5 143 0 530 100 1252 200 928 300 614 400
65 0 5 242 0 638 100 1012 200 810 300 1382 400
66 0 5 396 0 732 100 366 200 943 300 534 400
67 0 5 126 0 1370 100 1309 200 591 300 1384 400
68 0 5 849 0 465 100 1421 200 1162 300 1114 400
69 0 5 1118 0 829 100 1116 200 1237 300 690 400
70 0 5 901 0 122 100 1172 200 520 300 1260 400
71 0 5 1189 0 97 100 716 200 1240 300 800 400
72 0 5 991 0 229 100 443 200 48 300 805 400
73 0 5 1433 0 97 100 214 200 1184 300 71 400
74 0 5 448 0 1122 100 579 200 24 300 253 400
75 0 5 179 0 749 100 175 200 487 300 623 400
76 0 5 210 0 1153 100 576 200 1212 300 700 400
77 0 5 428 0 857 100 1192 200 55 300 1233 400
78 0 5 841 0 1023 100 108 200 90 300 1463 400
79 0 5 1320 0 1043 100 805 200 191 300 1090 400
80 0 5 1063 0 1353 100 821 200 455 300 383 400
81 0 5 333 0 1022 100 878 200 232 300 874 400
82 0 5 321 0 826 100 138 200 1151 300 33 400
83 0 5 1024 0 84 100 1318 200 1084 300 479 400
84 0 5 83 0 1003 100 1084 200 469 300 1053 400
85 0 5 566 0 34 100 142 200 1130 300 637 400
86 0 5 1191 0 124 100 866 200 383 300 546 400
87 0 5 693 0 1034 100 402 200 506 300 407 400
88 0 5 995 0 606 100 170 200 190 300 806 400
89 0 5 1324 0 701 100 1026 200 671 300 91 400
90 0 5 1023 0 425 100 78 200 781 300 750 400
91 0 5 595 0 331 100 224 200 1068 300 89 400
92 0 5 892 0 32 100 441 200 603 300 1200 400
93 0 5 1301 0 1134 100 53 200 198 300 1254 400
94 0 5 486 0 305 100 731 200 1036 300 1142 400
95 0 5 179 0 116 100 623 200 1029 300 688 400
96 0 5 259 0 706 100 659 200 209 300 1126 400
97 0 5 73 0 71 100 1433 200 647 300 1189 400
98 0 5 144 0 322 100 55 200 1341 300 514 400
99 0 5 1354 0 1016 100 761 200 47 300 845 400
100 0 5 515 0 867 100 548 200 117 300 796 400
101 0 5 1174 0 1447 100 940 200 1464 300 672 400
102 0 5 1319 0 1232 100 454 200 354 300 596 400
103 0 5 585 0 583 100 519 200 1493 300 850 400
104 0 5 1475 0 52 100 1379 200 1453 300 457 400
105 0 5 9 0 662 100 45 200 1282 300 673 400
106 0 5 249 0 1066 100 1385 200 985 300 792 400
107 0 5 1330 0 289 100 1441 200 562 300 457 400
108 0 5 1097 0 1023 100 78 200 1150 300 122 400
109 0 5 1504 0 1505 100 1166 200 1269 300 735 400
110 0 5 1075 0 22 100 131 200 1474 300 1041 400
111 0 5 395 0 1097 100 608 200 1329 300 851 400
112 0 5 1140 0 1407 100 207 200 674 300 199 400
113 0 5 293 0 1499 100 182 200 736 300 1386 400
114 0 5 668 0 1237 100 1165 200 12 300 241 400
115 0 5 1350 0 509 100 1142 200 980 300 1323 400
116 0 5 977 0 459 100 1255 200 95 300 688 400
117 0 5 1275 0 867 100 515 200 1256 300 100 400
118 0 5 634 0 532 100 611 200 1117 300 55 400
119 0 5 975 0 752 100 18 200 2 300 205 400
120 0 5 1389 0 768 100 175 200 420 300 337 400
121 0 5 695 0 1302 100 1151 200 1007 300 1086 400
122 0 5 70 0 520 100 1023 200 108 300 901 400
123 0 5 309 0 330 100 1139 200 620 300 164 400
124 0 5 86 0 1297 100 866 200 546 300 832 400
125 0 5 127 0 376 100 180 200 453 300 27 400
126 0 5 67 0 1309 100 1357 200 591 300 1251 400
127 0 5 180 0 125 100 453 200 376 300 186 400
128 0 5 570 0 1198 100 256 200 802 300 352 400
129 0 5 844 0 962 100 438 200 450 300 1242 400
130 0 5 1046 0 174 100 696 200 313 300 1438 400
131 0 5 1303 0 879 100 110 200 22 300 1075 400
132 0 5 759 0 3 100 226 200 723 300 948 400
133 0 5 1410 0 756 100 601 200 423 300 713 400
134 0 5 804 0 1284 100 183 200 297 300 932 400
135 0 5 824 0 1229 100 1013 200 1209 300 467 400
136 0 5 1071 0 1374 100 1287 200 670 300 786 400
137 0 5 843 0 945 100 1039 200 593 300 406 400
138 0 5 33 0 1348 100 321 200 358 300 82 400
139 0 5 310 0 919 100 1129 200 1163 300 243 400
140 0 5 1158 0 519 100 885 200 915 300 582 400
141 0 5 580 0 287 100 485 200 667 300 606 400
142 0 5 920 0 34 100 678 200 592 300 85 400
143 0 5 1412 0 64 100 614 200 530 300 914 400
144 0 5 1176 0 98 100 322 200 514 300 1157 400
145 0 5 1211 0 816 100 248 200 426 300 1422 400
146 0 5 1142 0 1002 100 478 200 887 300 410 400
147 0 5 1111 0 368 100 559 200 888 300 357 400
148 0 5 62 0 342 100 1445 200 387 300 572 400
149 0 5 25 0 565 100 1458 200 362 300 1164 400
150 0 5 230 0 924 100 1201 200 1346 300 245 400
151 0 5 316 0 1064 100 169 200 1246 300 308 400
152 0 5 564 0 906 100 1473 200 10 300 223 400
153 0 5 1137 0 726 100 848 200 930 300 1364 400
154 0 5 202 0 282 100 1457 200 297 300 359 400
155 0 5 266 0 704 100 687 200 840 300 254 400
156 0 5 1213 0 201 100 360 200 1048 300 167 400
157 0 5 227 0 835 100 956 200 574 300 842 400
158 0 5 415 0 556 100 521 200 1153 300 264 400
159 0 5 423 0 386 100 484 200 133 300 1280 400
160 0 5 1378 0 1272 100 1333 200 1383 300 1400 400
161 0 5 397 0 263 100 915 200 1337 300 860 400
162 0 5 1397 0 779 100 569 200 1491 300 981 400
163 0 5 1087 0 652 100 815 200 452 300 1084 400
164 0 5 743 0 1139 100 123 200 620 300 292 400
165 0 5 676 0 672 100 1108 200 663 300 1174 400
166 0 5 1396 0 720 100 186 200 669 300 769 400
167 0 5 1048 0 45 100 662 200 156 300 1282 400
168 0 5 954 0 1320 100 1464 200 185 300 1437 400
169 0 5 1400 0 1064 100 151 200 394 300 1246 400
170 0 5 606 0 1249 100 88 200 995 300 535 400
171 0 5 660 0 819 100 686 200 209 300 1480 400
172 0 5 1144 0 1488 100 681 200 54 300 1307 400
173 0 5 891 0 748 100 261 200 306 300 227 400
174 0 5 348 0 130 100 1438 200 1349 300 696 400
175 0 5 749 0 1389 100 120 200 75 300 487 400
176 0 5 385 0 295 100 1228 200 500 300 215 400
177 0 5 960 0 1008 100 1096 200 1289 300 365 400
178 0 5 640 0 1244 100 1477 200 1179 300 1329 400
179 0 5 75 0 95 100 623 200 1112 300 1338 400
180 0 5 127 0 1372 100 125 200 887 300 186 400
181 0 5 592 0 1460 100 1496 200 513 300 1415 400
182 0 5 739 0 293 100 1374 200 1354 300 113 400
183 0 5 1088 0 134 100 284 200 1284 300 1390 400
184 0 5 939 0 1360 100 339 200 1388 300 1428 400
185 0 5 1447 0 168 100 459 200 101 300 699 400
186 0 5 669 0 166 100 1372 200 720 300 127 400
187 0 5 444 0 1190 100 922 200 1401 300 1072 400
188 0 5 496 0 926 100 2 200 1254 300 552 400
189 0 5 205 0 823 100 1326 200 1492 300 975 400
190 0 5 806 0 995 100 606 200 287 300 88 400
191 0 5 507 0 79 100 683 200 1043 300 1090 400
192 0 5 315 0 389 100 339 200 21 300 1501 400
193 0 5 712 0 893 100 1081 200 811 300 807 400
194 0 5 901 0 1150 100 619 200 1377 300 1260 400
195 0 5 622 0 765 100 788 200 1340 300 785 400
196 0 5 1450 0 37 100 281 200 1078 300 312 400
197 0 5 1020 0 1217 100 951 200 1417 300 1289 400
198 0 5 1321 0 447 100 33 200 1134 300 1210 400
199 0 5 1145 0 1304 100 1182 200 112 300 1285 400
200 0 5 987 0 564 100 906 200 1257 300 223 400
201 0 5 360 0 156 100 1213 200 1229 300 1360 400
202 0 5 1110 0 1457 100 154 200 282 300 949 400
203 0 5 830 0 411 100 656 200 1155 300 1082 400
204 0 5 932 0 737 100 1288 200 1310 300 1088 400
205 0 5 18 0 189 100 975 200 823 300 119 400
206 0 5 1381 0 522 100 669 200 1027 300 1396 400
207 0 5 1407 0 1182 100 112 200 1140 300 278 400
208 0 5 839 0 261 100 1054 200 393 300 1476 400
209 0 5 706 0 819 100 1480 200 171 300 96 400
210 0 5 76 0 834 100 700 200 1133 300 1153 400
211 0 5 787 0 1376 100 542 200 681 300 258 400
212 0 5 679 0 526 100 691 200 1206 300 124 400
213 0 5 974 0 746 100 851 200 1150 300 814 400
214 0 5 1220 0 1184 100 1433 200 1177 300 1441 400
215 0 5 1376 0 500 100 811 200 176 300 295 400
216 0 5 50 0 999 100 494 200 1226 300 419 400
217 0 5 324 0 1090 100 1059 200 1214 300 229 400
218 0 5 1380 0 1052 100 752 200 944 300 925 400
219 0 5 886 0 563 100 978 200 347 300 1393 400
220 0 5 1294 0 665 100 1172 200 1365 300 630 400
221 0 5 538 0 1147 100 1392 200 1365 300 252 400
222 0 5 895 0 1139 100 364 200 46 300 330 400
223 0 5 1180 0 1405 100 1466 200 906 300 1473 400
224 0 5 671 0 91 100 982 200 1026 300 89 400
225 0 5 510 0 361 100 1104 200 241 300 598 400
226 0 5 280 0 767 100 583 200 132 300 1028 400
227 0 5 442 0 157 100 748 200 842 300 828 400
228 0 5 702 0 715 100 685 200 766 300 1275 400
229 0 5 72 0 1214 100 217 200 991 300 805 400
230 0 5 150 0 355 100 687 200 245 300 924 400
231 0 5 743 0 1205 100 257 200 292 300 164 400
232 0 5 333 0 797 100 908 200 705 300 81 400
233 0 5 1384 0 591 100 859 200 1370 300 1102 400
234 0 5 1119 0 588 100 1274 200 604 300 1215 400
235 0 5 742 0 754 100 836 200 327 300 1291 400
236 0 5 1438 0 696 100 1323 200 1349 300 984 400
237 0 5 372 0 392 100 1466 200 1347 300 1473 400
238 0 5 803 0 382 100 1356 200 466 300 690 400
239 0 5 1243 0 1315 100 908 200 884 300 705 400
240 0 5 903 0 1508 100 1509 200 1115 300 1057 400
241 0 5 12 0 1065 100 225 200 1116 300 114 400
242 0 5 65 0 638 100 810 200 1012 300 1064 400
243 0 5 646 0 350 100 1204 200 1163 300 139 400
244 0 5 700 0 630 100 959 200 1212 300 210 400
245 0 5 7 0 924 100 230 200 816 300 1435 400
246 0 5 1113 0 609 100 292 200 692 300 929 400
247 0 5 793 0 1216 100 558 200 1387 300 388 400
248 0 5 1262 0 1422 100 145 200 263 300 860 400
249 0 5 106 0 792 100 1190 200 922 300 187 400
250 0 5 446 0 845 100 553 200 605 300 761 400
251 0 5 364 0 855 100 862 200 1002 300 895 400
252 0 5 953 0 1392 100 1419 200 1292 300 763 400
253 0 5 1468 0 579 100 24 200 341 300 74 400
254 0 5 937 0 636 100 266 200 687 300 1201 400
255 0 5 1102 0 1408 100 1384 200 1454 300 869 400
256 0 5 790 0 802 100 128 200 1198 300 570 400
257 0 5 1205 0 1129 100 231 200 1163 300 1478 400
258 0 5 542 0 787 100 211 200 353 300 745 400
259 0 5 96 0 659 100 990 200 1185 300 363 400
260 0 5 992 0 1270 100 779 200 868 300 1203 400
261 0 5 208 0 393 100 1054 200 306 300 891 400
262 0 5 838 0 378 100 1041 200 813 300 511 400
263 0 5 1262 0 161 100 915 200 860 300 248 400
264 0 5 1371 0 644 100 521 200 728 300 464 400
265 0 5 1186 0 1003 100 849 200 26 300 727 400
266 0 5 155 0 350 100 1204 200 254 300 704 400
267 0 5 568 0 371 100 491 200 468 300 783 400
268 0 5 871 0 301 100 413 200 287 300 933 400
269 0 5 853 0 607 100 421 200 1206 300 1125 400
270 0 5 445 0 1181 100 29 200 877 300 760 400
271 0 5 1355 0 1130 100 637 200 1095 300 566 400
272 0 5 604 0 511 100 505 200 234 300 298 400
273 0 5 1265 0 1222 100 506 200 40 300 533 400
274 0 5 1407 0 381 100 554 200 889 300 1055 400
275 0 5 772 0 1049 100 19 200 1128 300 452 400
276 0 5 1255 0 711 100 1269 200 458 300 116 400
277 0 5 627 0 1386 100 1199 200 1207 300 1499 400
278 0 5 493 0 967 100 1182 200 820 300 1407 400
279 0 5 1036 0 499 100 946 200 450 300 731 400
280 0 5 226 0 1028 100 583 200 850 300 767 400
281 0 5 37 0 6 100 196 200 1032 300 403 400
282 0 5 1110 0 842 100 154 200 202 300 1223 400
283 0 5 1185 0 1126 100 659 200 560 300 259 400
284 0 5 1284 0 1390 100 183 200 1035 300 1457 400
285 0 5 406 0 571 100 1184 200 784 300 1495 400
286 0 5 1188 0 544 100 1030 200 678 300 34 400
287 0 5 485 0 141 100 268 200 190 300 606 400
288 0 5 1219 0 1226 100 419 200 494 300 1347 400
289 0 5 562 0 107 100 1475 200 404 300 457 400
290 0 5 1157 0 1171 100 1045 200 981 300 569 400
291 0 5 1366 0 354 100 801 200 373 300 1363 400
292 0 5 246 0 164 100 231 200 743 300 1163 400
293 0 5 182 0 113 100 739 200 47 300 1499 400
294 0 5 981 0 1117 100 1491 200 532 300 569 400
295 0 5 856 0 176 100 1376 200 681 300 385 400
296 0 5 684 0 1361 100 1091 200 1224 300 67 400
297 0 5 804 0 359 100 932 200 154 300 1454 400
298 0 5 511 0 1044 100 505 200 427 300 272 400
299 0 5 971 0 429 100 1395 200 584 300 744 400
300 0 5 682 0 1167 100 1074 200 1101 300 1062 400
301 0 5 1423 0 871 100 268 200 577 300 806 400
302 0 5 371 0 1239 100 1303 200 1474 300 504 400
303 0 5 812 0 873 100 1093 200 943 300 653 400
304 0 5 1243 0 343 100 1458 200 837 300 1456 400
305 0 5 509 0 94 100 1036 200 115 300 1142 400
306 0 5 589 0 891 100 828 200 393 300 261 400
307 0 5 951 0 1217 100 573 200 764 300 1300 400
308 0 5 935 0 488 100 1246 200 798 300 151 400
309 0 5 123 0 620 100 330 200 164 300 1308 400
310 0 5 139 0 919 100 1134 200 607 300 1125 400
311 0 5 1444 0 1202 100 14 200 498 300 963 400
312 0 5 1078 0 403 100 580 200 37 300 667 400
313 0 5 696 0 372 100 714 200 1323 300 1473 400
314 0 5 957 0 1208 100 1378 200 1400 300 1333 400
315 0 5 192 0 339 100 1051 200 1501 300 346 400
316 0 5 151 0 810 100 1012 200 65 300 308 400
317 0 5 1336 0 1000 100 720 200 508 300 769 400
318 0 5 574 0 547 100 1160 200 477 300 326 400
319 0 5 1091 0 852 100 738 200 1209 300 1081 400
320 0 5 942 0 1478 100 725 200 1308 300 631 400
321 0 5 82 0 33 100 826 200 138 300 1321 400
322 0 5 98 0 43 100 144 200 1341 300 541 400
323 0 5 1500 0 586 100 751 200 429 300 463 400
324 0 5 217 0 524 100 1059 200 1487 300 229 400
325 0 5 757 0 643 100 1375 200 434 300 1156 400
326 0 5 477 0 947 100 28 200 639 300 835 400
327 0 5 836 0 1291 100 1160 200 235 300 369 400
328 0 5 955 0 418 100 751 200 517 300 323 400
329 0 5 1277 0 983 100 1398 200 760 300 29 400
330 0 5 46 0 123 100 1139 200 309 300 222 400
331 0 5 1009 0 91 100 1367 200 595 300 1143 400
332 0 5 1483 0 632 100 14 200 1373 300 1444 400
333 0 5 232 0 81 100 1022 200 705 300 1202 400
334 0 5 550 0 635 100 1418 200 449 300 599 400
335 0 5 1047 0 16 100 1358 200 999 300 796 400
336 0 5 1049 0 505 100 275 200 730 300 19 400
337 0 5 768 0 1273 100 120 200 1369 300 420 400
338 0 5 875 0 976 100 1443 200 1127 300 1219 400
339 0 5 315 0 1428 100 192 200 184 300 1051 400
340 0 5 923 0 439 100 1415 200 917 300 1112 400
341 0 5 31 0 253 100 24 200 888 300 822 400
342 0 5 960 0 148 100 1445 200 1004 300 387 400
343 0 5 1458 0 304 100 497 200 565 300 149 400
344 0 5 59 0 650 100 1319 200 596 300 1106 400
345 0 5 1425 0 966 100 788 200 1261 300 633 400
346 0 5 1388 0 841 100 1051 200 339 300 315 400
347 0 5 1393 0 822 100 1431 200 1456 300 888 400
348 0 5 174 0 984 100 1040 200 1349 300 1438 400
349 0 5 1335 0 707 100 753 200 30 300 898 400
350 0 5 266 0 243 100 1204 200 646 300 636 400
351 0 5 612 0 729 100 1283 200 817 300 1175 400
352 0 5 829 0 600 100 1420 200 128 300 1198 400
353 0 5 1137 0 1364 100 1008 200 387 300 960 400
354 0 5 454 0 291 100 1363 200 1232 300 596 400
355 0 5 704 0 17 100 687 200 230 300 1027 400
356 0 5 616 0 1459 100 1190 200 1401 300 448 400
357 0 5 368 0 1468 100 724 200 603 300 147 400
358 0 5 1253 0 561 100 138 200 826 300 33 400
359 0 5 1058 0 297 100 1454 200 154 300 1218 400
360 0 5 201 0 1229 100 156 200 1048 300 135 400
361 0 5 225 0 598 100 44 200 1345 300 370 400
362 0 5 492 0 1280 100 1060 200 1267 300 979 400
363 0 5 1103 0 1391 100 660 200 587 300 990 400
364 0 5 251 0 895 100 855 200 222 300 862 400
365 0 5 416 0 400 100 1096 200 764 300 1467 400
366 0 5 732 0 66 100 629 200 873 300 1325 400
367 0 5 502 0 1343 100 615 200 1169 300 539 400
368 0 5 147 0 357 100 1468 200 888 300 559 400
369 0 5 916 0 1300 100 742 200 327 300 1467 400
370 0 5 1391 0 1103 100 361 200 1345 300 363 400
371 0 5 302 0 1239 100 267 200 468 300 491 400
372 0 5 237 0 714 100 313 200 1334 300 1347 400
373 0 5 1056 0 1366 100 291 200 518 300 1187 400
374 0 5 53 0 636 100 1201 200 417 300 646 400
375 0 5 1507 0 1506 100 35 200 1427 300 1006 400
376 0 5 453 0 125 100 961 200 379 300 127 400
377 0 5 1292 0 1240 100 800 200 777 300 1419 400
378 0 5 1041 0 262 100 838 200 813 300 1075 400
379 0 5 961 0 1305 100 1443 200 376 300 483 400
380 0 5 49 0 1055 100 943 200 747 300 941 400
381 0 5 1406 0 889 100 1055 200 274 300 380 400
382 0 5 466 0 238 100 1178 200 968 300 827 400
383 0 5 866 0 546 100 821 200 455 300 657 400
384 0 5 1422 0 1211 100 476 200 530 300 248 400
385 0 5 176 0 412 100 1339 200 934 300 295 400
386 0 5 484 0 159 100 904 200 1426 300 423 400
387 0 5 572 0 148 100 1251 200 62 300 1445 400
388 0 5 558 0 1147 100 1260 200 1387 300 1365 400
389 0 5 1225 0 192 100 698 200 339 300 1428 400
390 0 5 8 0 545 100 707 200 1261 300 1013 400
391 0 5 721 0 1455 100 435 200 1031 300 880 400
392 0 5 1347 0 1180 100 1466 200 237 300 1334 400
393 0 5 261 0 589 100 306 200 828 300 671 400
394 0 5 460 0 597 100 169 200 1246 300 957 400
395 0 5 111 0 814 100 851 200 1097 300 746 400
396 0 5 66 0 801 100 443 200 518 300 48 400
397 0 5 161 0 575 100 666 200 1175 300 915 400
398 0 5 1191 0 647 100 1136 200 821 300 800 400
399 0 5 794 0 741 100 934 200 412 300 1418 400
400 0 5 365 0 1100 100 1427 200 5 300 437 400
401 0 5 474 0 1440 100 1032 200 1259 300 208 400
402 0 5 1074 0 1034 100 87 200 628 300 1265 400
403 0 5 1032 0 913 100 312 200 1249 300 37 400
404 0 5 424 0 52 100 858 200 1177 300 562 400
405 0 5 1319 0 809 100 1437 200 1402 300 344 400
406 0 5 285 0 1039 100 571 200 1495 300 1184 400
407 0 5 506 0 969 100 273 200 944 300 87 400
408 0 5 552 0 925 100 1254 200 374 300 2 400
409 0 5 47 0 1168 100 605 200 761 300 1016 400
410 0 5 1486 0 478 100 1105 200 146 300 27 400
411 0 5 203 0 656 100 1203 200 600 300 830 400
412 0 5 385 0 934 100 1339 200 794 300 434 400
413 0 5 909 0 782 100 268 200 689 300 485 400
414 0 5 1005 0 1216 100 424 200 1387 300 388 400
415 0 5 158 0 1193 100 521 200 1153 300 556 400
416 0 5 365 0 1289 100 1417 200 764 300 1096 400
417 0 5 1254 0 53 100 374 200 1086 300 93 400
418 0 5 744 0 751 100 1395 200 328 300 323 400
419 0 5 1226 0 1257 100 288 200 216 300 999 400
420 0 5 120 0 627 100 337 200 1273 300 175 400
421 0 5 853 0 269 100 1264 200 919 300 607 400
422 0 5 854 0 632 100 774 200 1483 300 566 400
423 0 5 159 0 1426 100 756 200 386 300 133 400
424 0 5 404 0 793 100 52 200 414 300 1216 400
425 0 5 781 0 90 100 520 200 630 300 959 400
426 0 5 860 0 145 100 522 200 816 300 1337 400
427 0 5 1429 0 1044 100 533 200 298 300 40 400
428 0 5 77 0 55 100 611 200 634 300 857 400
429 0 5 299 0 323 100 586 200 751 300 49 400
430 0 5 42 0 1394 100 1230 200 973 300 1098 400
431 0 5 548 0 50 100 999 200 216 300 515 400
432 0 5 46 0 946 100 499 200 450 300 624 400
433 0 5 1356 0 896 100 1409 200 1237 300 690 400
434 0 5 757 0 385 100 295 200 412 300 325 400
435 0 5 1031 0 1455 100 391 200 721 300 925 400
436 0 5 1019 0 1349 100 984 200 1040 300 348 400
437 0 5 5 0 1427 100 1467 200 400 300 1100 400
438 0 5 962 0 593 100 844 200 1482 300 1039 400
439 0 5 340 0 459 100 917 200 1415 300 923 400
440 0 5 1089 0 972 100 1371 200 176 300 1279 400
441 0 5 1200 0 1126 100 92 200 659 300 96 400
442 0 5 227 0 748 100 828 200 157 300 842 400
443 0 5 991 0 48 100 1363 200 1232 300 396 400
444 0 5 187 0 1401 100 1241 200 668 300 896 400
445 0 5 270 0 877 100 968 200 899 300 29 400
446 0 5 250 0 845 100 695 200 1016 300 553 400
447 0 5 1210 0 198 100 1125 200 1134 300 1348 400
448 0 5 74 0 808 100 792 200 462 300 1459 400
449 0 5 599 0 1299 100 1076 200 1296 300 1245 400
450 0 5 499 0 1242 100 279 200 1036 300 432 400
451 0 5 1248 0 1037 100 899 200 1011 300 877 400
452 0 5 952 0 894 100 1152 200 652 300 531 400
453 0 5 376 0 127 100 961 200 125 300 379 400
454 0 5 354 0 596 100 59 200 102 300 1363 400
455 0 5 1063 0 728 100 383 200 649 300 657 400
456 0 5 677 0 1336 100 1305 200 1430 300 715 400
457 0 5 818 0 1379 100 970 200 1475 300 784 400
458 0 5 1029 0 1067 100 116 200 276 300 1255 400
459 0 5 923 0 439 100 116 200 1447 300 688 400
460 0 5 394 0 957 100 539 200 1203 300 169 400
461 0 5 750 0 959 100 1340 200 195 300 1212 400
462 0 5 1122 0 1123 100 448 200 985 300 792 400
463 0 5 1266 0 61 100 955 200 1500 300 323 400
464 0 5 13 0 728 100 455 200 264 300 1063 400
465 0 5 68 0 1421 100 1162 200 797 300 1385 400
466 0 5 382 0 1178 100 1356 200 238 300 968 400
467 0 5 1224 0 824 100 852 200 20 300 1462 400
468 0 5 1154 0 861 100 783 200 267 300 568 400
469 0 5 1053 0 26 100 84 200 931 300 776 400
470 0 5 1019 0 1484 100 1040 200 1438 300 1349 400
471 0 5 928 0 614 100 1131 200 938 300 64 400
472 0 5 738 0 1209 100 1013 200 625 300 1335 400
473 0 5 60 0 725 100 1136 200 1121 300 1264 400
474 0 5 6 0 401 100 1032 200 1259 300 1440 400
475 0 5 1197 0 740 100 964 200 1418 300 1375 400
476 0 5 1001 0 1101 100 1306 200 384 300 993 400
477 0 5 326 0 547 100 28 200 831 300 318 400
478 0 5 410 0 887 100 146 200 1486 300 27 400
479 0 5 1084 0 1114 100 1141 200 1161 300 815 400
480 0 5 558 0 1452 100 1147 200 252 300 763 400
481 0 5 910 0 1128 100 952 200 275 300 791 400
482 0 5 573 0 28 100 1300 200 1077 300 477 400
483 0 5 1451 0 1443 100 677 200 379 300 1430 400
484 0 5 386 0 1312 100 159 200 1472 300 423 400
485 0 5 287 0 141 100 909 200 580 300 1368 400
486 0 5 731 0 94 100 946 200 305 300 146 400
487 0 5 655 0 175 100 75 200 675 300 1271 400
488 0 5 798 0 308 100 935 200 502 300 1343 400
489 0 5 1241 0 773 100 1072 200 1385 300 1421 400
490 0 5 1276 0 1054 100 1286 200 261 300 535 400
491 0 5 1194 0 723 100 568 200 267 300 371 400
492 0 5 1060 0 979 100 362 200 713 300 1267 400
493 0 5 278 0 820 100 602 200 717 300 967 400
494 0 5 529 0 1226 100 1219 200 216 300 50 400
495 0 5 1198 0 1413 100 770 200 802 300 128 400
496 0 5 188 0 926 100 1254 200 1086 300 2 400
497 0 5 1472 0 1280 100 343 200 362 300 1393 400
498 0 5 1202 0 705 100 1022 200 311 300 837 400
499 0 5 450 0 279 100 946 200 1036 300 432 400
500 0 5 215 0 811 100 176 200 1228 300 1376 400
501 0 5 1539 0 1 100 954 200 735 300 809 400
502 0 5 367 0 798 100 615 200 1343 300 488 400
503 0 5 827 0 790 100 570 200 968 300 899 400
504 0 5 1481 0 22 100 1474 200 110 300 302 400
505 0 5 38 0 336 100 19 200 272 300 298 400
506 0 5 407 0 1265 100 273 200 1034 300 1222 400
507 0 5 191 0 79 100 1090 200 683 300 217 400
508 0 5 1471 0 1080 100 666 200 317 300 1336 400
509 0 5 305 0 980 100 115 200 1036 300 1242 400
510 0 5 225 0 997 100 1104 200 1103 300 361 400
511 0 5 298 0 272 100 604 200 262 300 505 400
512 0 5 1502 0 1 100 954 200 809 300 405 400
513 0 5 1108 0 181 100 1496 200 676 300 165 400
514 0 5 1176 0 1157 100 98 200 322 300 144 400
515 0 5 100 0 548 100 117 200 431 300 1275 400
516 0 5 577 0 1250 100 1009 200 710 300 927 400
517 0 5 1327 0 328 100 881 200 955 300 551 400
518 0 5 1498 0 1366 100 1187 200 373 300 396 400
519 0 5 1311 0 140 100 1258 200 103 300 1158 400
520 0 5 122 0 1172 100 630 200 1023 300 70 400
521 0 5 728 0 415 100 264 200 158 300 556 400
522 0 5 1381 0 206 100 426 200 816 300 1027 400
523 0 5 1132 0 997 100 616 200 686 300 510 400
524 0 5 324 0 1487 100 1059 200 1183 300 25 400
525 0 5 905 0 902 100 618 200 1313 300 1200 400
526 0 5 691 0 212 100 1206 200 269 300 607 400
527 0 5 551 0 1057 100 1327 200 1115 300 903 400
528 0 5 1138 0 716 100 953 200 1419 300 1433 400
529 0 5 1451 0 494 100 1219 200 1430 300 766 400
530 0 5 914 0 64 100 143 200 384 300 582 400
531 0 5 708 0 680 100 452 200 952 300 1263 400
532 0 5 118 0 1117 100 634 200 611 300 294 400
533 0 5 273 0 40 100 18 200 427 300 613 400
534 0 5 48 0 1410 100 629 200 66 300 366 400
535 0 5 1268 0 1286 100 995 200 1259 300 1276 400
536 0 5 1313 0 674 100 1436 200 618 300 581 400
537 0 5 733 0 600 100 1420 200 830 300 411 400
538 0 5 1392 0 221 100 1365 200 665 300 1147 400
539 0 5 1169 0 1446 100 1203 200 460 300 394 400
540 0 5 63 0 992 100 615 200 1203 300 1061 400
541 0 5 43 0 1341 100 883 200 322 300 645 400
542 0 5 787 0 258 100 211 200 1144 300 353 400
543 0 5 758 0 935 100 65 200 308 300 488 400
544 0 5 1030 0 774 100 286 200 34 300 678 400
545 0 5 390 0 8 100 1261 200 788 300 1425 400
546 0 5 866 0 383 100 1296 200 1245 300 1297 400
547 0 5 831 0 318 100 1160 200 477 300 574 400
548 0 5 431 0 515 100 999 200 100 300 796 400
549 0 5 846 0 929 100 1113 200 1372 300 1109 400
550 0 5 334 0 1025 100 825 200 1418 300 599 400
551 0 5 527 0 1115 100 1327 200 517 300 903 400
552 0 5 408 0 2 100 1254 200 496 300 188 400
553 0 5 1146 0 605 100 51 200 825 300 250 400
554 0 5 889 0 820 100 602 200 717 300 274 400
555 0 5 1170 0 641 100 919 200 1264 300 1478 400
556 0 5 158 0 1153 100 1014 200 1353 300 415 400
557 0 5 912 0 588 100 1274 200 1192 300 1470 400
558 0 5 480 0 388 100 793 200 1147 300 1387 400
559 0 5 642 0 1111 100 147 200 1431 300 888 400
560 0 5 1322 0 1185 100 1331 200 283 300 958 400
561 0 5 51 0 358 100 138 200 1253 300 553 400
562 0 5 289 0 1475 100 52 200 107 300 404 400
563 0 5 907 0 219 100 978 200 648 300 886 400
564 0 5 152 0 200 100 906 200 223 300 987 400
565 0 5 149 0 25 100 343 200 1267 300 1458 400
566 0 5 85 0 1130 100 637 200 271 300 142 400
567 0 5 952 0 872 100 791 200 918 300 910 400
568 0 5 267 0 645 100 491 200 783 300 1194 400
569 0 5 1491 0 1397 100 981 200 162 300 294 400
570 0 5 128 0 803 100 827 200 790 300 503 400
571 0 5 285 0 784 100 1482 200 406 300 989 400
572 0 5 387 0 1251 100 1342 200 62 300 148 400
573 0 5 482 0 951 100 1300 200 307 300 28 400
574 0 5 835 0 318 100 157 200 477 300 1160 400
575 0 5 397 0 885 100 1175 200 915 300 161 400
576 0 5 1212 0 785 100 719 200 76 300 1153 400
577 0 5 516 0 933 100 710 200 301 300 1009 400
578 0 5 1399 0 1231 100 1302 200 926 300 695 400
579 0 5 253 0 74 100 1468 200 24 300 808 400
580 0 5 667 0 141 100 312 200 485 300 913 400
581 0 5 618 0 674 100 536 200 1145 300 525 400
582 0 5 1158 0 914 100 915 200 140 300 530 400
583 0 5 850 0 103 100 280 200 226 300 767 400
584 0 5 941 0 744 100 971 200 299 300 747 400
585 0 5 103 0 1493 100 780 200 39 300 885 400
586 0 5 1500 0 323 100 751 200 650 300 1056 400
587 0 5 1331 0 870 100 363 200 160 300 1272 400
588 0 5 557 0 234 100 1274 200 879 300 1215 400
589 0 5 306 0 393 100 1328 200 982 300 828 400
590 0 5 1127 0 1334 100 875 200 714 300 1347 400
591 0 5 233 0 1357 100 859 200 775 300 126 400
592 0 5 181 0 920 100 142 200 1460 300 1449 400
593 0 5 945 0 438 100 962 200 1039 300 137 400
594 0 5 813 0 1167 100 838 200 402 300 40 400
595 0 5 91 0 1143 100 1367 200 1068 300 331 400
596 0 5 59 0 454 100 344 200 354 300 102 400
597 0 5 1246 0 394 100 1343 200 169 300 1169 400
598 0 5 44 0 361 100 1065 200 225 300 830 400
599 0 5 1076 0 679 100 449 200 51 300 825 400
600 0 5 352 0 537 100 1420 200 411 300 733 400
601 0 5 713 0 1410 100 133 200 534 300 1487 400
602 0 5 820 0 554 100 717 200 493 300 1434 400
603 0 5 892 0 706 100 1111 200 92 300 357 400
604 0 5 272 0 1215 100 511 200 876 300 234 400
605 0 5 553 0 1025 100 409 200 1168 300 250 400
606 0 5 88 0 170 100 190 200 1249 300 287 400
607 0 5 1125 0 269 100 853 200 1134 300 421 400
608 0 5 1501 0 21 100 1097 200 111 300 1094 400
609 0 5 692 0 246 100 1113 200 929 300 840 400
610 0 5 649 0 13 100 762 200 455 300 657 400
611 0 5 634 0 802 100 1413 200 428 300 118 400
612 0 5 351 0 1175 100 729 200 1283 300 1080 400
613 0 5 40 0 1265 100 1222 200 273 300 533 400
614 0 5 471 0 938 100 15 200 143 300 64 400
615 0 5 63 0 1169 100 540 200 367 300 1061 400
616 0 5 356 0 523 100 997 200 1401 300 1165 400
617 0 5 1092 0 755 100 1107 200 817 300 1439 400
618 0 5 581 0 1313 100 525 200 536 300 905 400
619 0 5 1377 0 1120 100 194 200 974 300 1260 400
620 0 5 309 0 123 100 743 200 164 300 1205 400
621 0 5 1211 0 1435 100 993 200 1085 300 693 400
622 0 5 195 0 1340 100 765 200 1463 300 1388 400
623 0 5 749 0 179 100 95 200 175 300 75 400
624 0 5 1316 0 843 100 1308 200 432 300 46 400
625 0 5 893 0 898 100 1335 200 1081 300 472 400
626 0 5 1352 0 1293 100 1073 200 1148 300 1095 400
627 0 5 277 0 420 100 1207 200 1386 300 1149 400
628 0 5 1085 0 1074 100 693 200 993 300 402 400
629 0 5 1325 0 366 100 873 200 534 300 732 400
630 0 5 244 0 520 100 665 200 220 300 425 400
631 0 5 725 0 1308 100 1316 200 942 300 320 400
632 0 5 854 0 422 100 1483 200 332 300 14 400
633 0 5 719 0 1403 100 966 200 345 300 1425 400
634 0 5 118 0 611 100 532 200 55 300 428 400
635 0 5 936 0 334 100 1299 200 1418 300 1245 400
636 0 5 937 0 254 100 1201 200 374 300 1301 400
637 0 5 1130 0 1449 100 566 200 271 300 920 400
638 0 5 242 0 1383 100 65 200 1064 300 810 400
639 0 5 1077 0 28 100 326 200 482 300 996 400
640 0 5 178 0 1477 100 1173 200 608 300 689 400
641 0 5 1478 0 1170 100 555 200 320 300 257 400
642 0 5 1431 0 559 100 888 200 347 300 886 400
643 0 5 325 0 1375 100 736 200 964 300 757 400
644 0 5 1193 0 664 100 264 200 694 300 719 400
645 0 5 783 0 883 100 568 200 43 300 1341 400
646 0 5 243 0 1301 100 1134 200 350 300 374 400
647 0 5 1189 0 398 100 97 200 911 300 821 400
648 0 5 978 0 986 100 1285 200 563 300 1436 400
649 0 5 610 0 657 100 13 200 455 300 762 400
650 0 5 1056 0 344 100 1500 200 586 300 1187 400
651 0 5 1020 0 1042 100 921 200 1124 300 1004 400
652 0 5 1152 0 163 100 452 200 815 300 19 400
653 0 5 1050 0 812 100 1434 200 889 300 1055 400
654 0 5 1453 0 1079 100 970 200 989 300 1230 400
655 0 5 487 0 1271 100 675 200 1207 300 627 400
656 0 5 411 0 1203 100 1082 200 203 300 1155 400
657 0 5 1010 0 649 100 383 200 1245 300 455 400
658 0 5 712 0 1251 100 1342 200 807 300 193 400
659 0 5 1126 0 259 100 96 200 283 300 441 400
660 0 5 171 0 1103 100 363 200 209 300 686 400
661 0 5 908 0 778 100 897 200 884 300 1122 400
662 0 5 105 0 45 100 1282 200 167 300 156 400
663 0 5 1043 0 676 100 683 200 165 300 1174 400
664 0 5 694 0 1403 100 644 200 30 300 719 400
665 0 5 1133 0 220 100 1392 200 1365 300 630 400
666 0 5 769 0 508 100 1337 200 397 300 1175 400
667 0 5 580 0 913 100 141 200 1249 300 312 400
668 0 5 114 0 1401 100 896 200 444 300 616 400
669 0 5 186 0 1381 100 1396 200 206 300 1372 400
670 0 5 1359 0 931 100 965 200 1083 300 1290 400
671 0 5 224 0 1026 100 982 200 89 300 393 400
672 0 5 165 0 917 100 1174 200 1108 300 101 400
673 0 5 1411 0 949 100 1038 200 45 300 1035 400
674 0 5 1145 0 581 100 536 200 112 300 618 400
675 0 5 655 0 1199 100 487 200 627 300 277 400
676 0 5 165 0 663 100 1108 200 683 300 513 400
677 0 5 1305 0 456 100 1430 200 483 300 379 400
678 0 5 34 0 142 100 286 200 544 300 85 400
679 0 5 212 0 599 100 1076 200 832 300 1348 400
680 0 5 531 0 918 100 1018 200 708 300 952 400
681 0 5 1376 0 856 100 1307 200 172 300 211 400
682 0 5 300 0 1062 100 1167 200 1238 300 1306 400
683 0 5 1236 0 663 100 676 200 191 300 507 400
684 0 5 296 0 1310 100 1224 200 1462 300 1361 400
685 0 5 1283 0 715 100 1256 200 228 300 1080 400
686 0 5 1132 0 171 100 1103 200 819 300 660 400
687 0 5 355 0 704 100 155 200 230 300 254 400
688 0 5 459 0 977 100 923 200 116 300 95 400
689 0 5 1173 0 782 100 1021 200 413 300 640 400
690 0 5 1118 0 1237 100 803 200 433 300 69 400
691 0 5 526 0 1264 100 212 200 124 300 1206 400
692 0 5 609 0 840 100 1027 200 246 300 1113 400
693 0 5 87 0 628 100 1031 200 1085 300 435 400
694 0 5 664 0 30 100 753 200 1403 300 644 400
695 0 5 121 0 1302 100 446 200 1007 300 1151 400
696 0 5 313 0 236 100 1323 200 1438 300 130 400
697 0 5 1201 0 925 100 880 200 1346 300 391 400
698 0 5 1225 0 988 100 389 200 1196 300 710 400
699 0 5 185 0 512 100 276 200 977 300 809 400
700 0 5 244 0 1212 100 959 200 210 300 76 400
701 0 5 1026 0 89 100 1324 200 535 300 1423 400
702 0 5 1256 0 228 100 1275 200 685 300 715 400
703 0 5 1058 0 709 100 864 200 842 300 1448 400
704 0 5 17 0 355 100 155 200 687 300 840 400
705 0 5 498 0 908 100 333 200 239 300 232 400
706 0 5 603 0 96 100 209 200 1480 300 724 400
707 0 5 349 0 390 100 1013 200 8 300 1335 400
708 0 5 1263 0 531 100 23 200 452 300 1087 400
709 0 5 703 0 1448 100 1218 200 864 300 1058 400
710 0 5 1021 0 577 100 795 200 933 300 1461 400
711 0 5 276 0 1269 100 116 200 458 300 688 400
712 0 5 193 0 807 100 811 200 893 300 658 400
713 0 5 601 0 979 100 1267 200 492 300 133 400
714 0 5 994 0 372 100 1334 200 313 300 950 400
715 0 5 1080 0 228 100 685 200 1430 300 456 400
716 0 5 528 0 1419 100 71 200 953 300 1240 400
717 0 5 1434 0 602 100 493 200 653 300 554 400
718 0 5 863 0 1353 100 1014 200 821 300 556 400
719 0 5 633 0 966 100 785 200 576 300 1403 400
720 0 5 317 0 1336 100 166 200 1000 300 186 400
721 0 5 391 0 925 100 435 200 1455 300 1031 400
722 0 5 762 0 657 100 610 200 649 300 1010 400
723 0 5 948 0 491 100 1194 200 3 300 759 400
724 0 5 1480 0 357 100 1468 200 706 300 603 400
725 0 5 631 0 473 100 320 200 60 300 1170 400
726 0 5 1067 0 1404 100 1029 200 153 300 1166 400
727 0 5 26 0 776 100 931 200 1053 300 469 400
728 0 5 521 0 464 100 455 200 264 300 1063 400
729 0 5 1439 0 351 100 771 200 612 300 1175 400
730 0 5 1044 0 1049 100 910 200 336 300 275 400
731 0 5 486 0 946 100 94 200 855 300 146 400
732 0 5 366 0 873 100 66 200 629 300 303 400
733 0 5 537 0 830 100 1420 200 600 300 411 400
734 0 5 1448 0 996 100 1099 200 1218 300 709 400
735 0 5 1269 0 1504 100 1503 200 1166 300 501 400
736 0 5 643 0 1375 100 740 200 1197 300 475 400
737 0 5 204 0 1088 100 1310 200 1462 300 183 400
738 0 5 472 0 1081 100 852 200 1209 300 319 400
739 0 5 182 0 1354 100 293 200 47 300 761 400
740 0 5 1197 0 475 100 1025 200 1418 300 605 400
741 0 5 1339 0 794 100 972 200 934 300 399 400
742 0 5 1100 0 235 100 916 200 1467 300 369 400
743 0 5 231 0 164 100 1205 200 620 300 292 400
744 0 5 418 0 1395 100 584 200 299 300 328 400
745 0 5 1404 0 1469 100 890 200 258 300 726 400
746 0 5 814 0 213 100 395 200 851 300 1150 400
747 0 5 971 0 941 100 380 200 584 300 429 400
748 0 5 173 0 442 100 227 200 891 300 828 400
749 0 5 175 0 623 100 75 200 1271 300 1207 400
750 0 5 781 0 461 100 959 200 1340 300 78 400
751 0 5 1395 0 418 100 323 200 328 300 429 400
752 0 5 1052 0 119 100 18 200 944 300 218 400
753 0 5 898 0 30 100 349 200 694 300 1335 400
754 0 5 836 0 235 100 742 200 327 300 1100 400
755 0 5 617 0 1439 100 1092 200 729 300 1107 400
756 0 5 1426 0 1325 100 423 200 133 300 629 400
757 0 5 434 0 325 100 1156 200 1273 300 1149 400
758 0 5 543 0 1382 100 65 200 1012 300 935 400
759 0 5 132 0 15 100 3 200 723 300 491 400
760 0 5 29 0 1414 100 329 200 983 300 1421 400
761 0 5 409 0 1016 100 1354 200 99 300 47 400
762 0 5 722 0 610 100 649 200 657 300 455 400
763 0 5 1452 0 953 100 252 200 480 300 1138 400
764 0 5 1217 0 365 100 400 200 416 300 307 400
765 0 5 788 0 622 100 195 200 1463 300 8 400
766 0 5 1430 0 1275 100 50 200 228 300 529 400
767 0 5 850 0 1258 100 226 200 1432 300 280 400
768 0 5 1488 0 1307 100 120 200 1389 300 337 400
769 0 5 1000 0 666 100 317 200 720 300 508 400
770 0 5 868 0 1413 100 1117 200 495 300 1198 400
771 0 5 1314 0 1017 100 729 200 1439 300 847 400
772 0 5 894 0 1152 100 275 200 1128 300 452 400
773 0 5 1385 0 1072 100 489 200 1162 300 922 400
774 0 5 1030 0 544 100 854 200 422 300 34 400
775 0 5 1357 0 62 100 591 200 1004 300 1445 400
776 0 5 727 0 878 100 1362 200 1485 300 1186 400
777 0 5 863 0 834 100 252 200 377 300 1292 400
778 0 5 661 0 1122 100 897 200 24 300 31 400
779 0 5 1270 0 162 100 992 200 260 300 1491 400
780 0 5 39 0 1314 100 585 200 771 300 1493 400
781 0 5 425 0 750 100 959 200 90 300 461 400
782 0 5 909 0 689 100 413 200 1477 300 268 400
783 0 5 645 0 568 100 883 200 468 300 1154 400
784 0 5 818 0 571 100 457 200 285 300 1441 400
785 0 5 966 0 576 100 719 200 195 300 788 400
786 0 5 1018 0 1287 100 1016 200 1354 300 136 400
787 0 5 542 0 1497 100 211 200 258 300 681 400
788 0 5 765 0 195 100 345 200 1261 300 545 400
789 0 5 1238 0 1252 100 1131 200 1001 300 928 400
790 0 5 256 0 503 100 570 200 827 300 128 400
791 0 5 910 0 1492 100 567 200 872 300 823 400
792 0 5 249 0 448 100 808 200 106 300 1190 400
793 0 5 247 0 424 100 1216 200 558 300 388 400
794 0 5 741 0 399 100 934 200 412 300 1339 400
795 0 5 933 0 871 100 1021 200 710 300 268 400
796 0 5 1047 0 999 100 548 200 431 300 216 400
797 0 5 232 0 1162 100 705 200 465 300 1281 400
798 0 5 488 0 502 100 308 200 1343 300 1246 400
799 0 5 1106 0 1195 100 903 200 1278 300 881 400
800 0 5 1240 0 821 100 377 200 71 300 1189 400
801 0 5 396 0 1366 100 291 200 518 300 443 400
802 0 5 256 0 611 100 1413 200 128 300 1198 400
803 0 5 238 0 570 100 690 200 827 300 128 400
804 0 5 134 0 297 100 1284 200 1457 300 154 400
805 0 5 1214 0 1232 100 79 200 1090 300 229 400
806 0 5 190 0 1268 100 995 200 301 300 1423 400
807 0 5 712 0 1497 100 811 200 193 300 658 400
808 0 5 1459 0 448 100 792 200 1190 300 462 400
809 0 5 1503 0 1502 100 405 200 954 300 1402 400
810 0 5 316 0 1012 100 65 200 1064 300 242 400
811 0 5 500 0 215 100 1228 200 712 300 807 400
812 0 5 1434 0 303 100 653 200 873 300 717 400
813 0 5 838 0 594 100 1167 200 262 300 378 400
814 0 5 746 0 395 100 851 200 213 300 974 400
815 0 5 1161 0 163 100 652 200 1084 300 19 400
816 0 5 7 0 145 100 1211 200 522 300 245 400
817 0 5 1107 0 1283 100 351 200 612 300 729 400
818 0 5 784 0 457 100 970 200 571 300 1379 400
819 0 5 171 0 1480 100 209 200 686 300 660 400
820 0 5 554 0 602 100 493 200 278 300 1407 400
821 0 5 1191 0 800 100 718 200 383 300 80 400
822 0 5 888 0 347 100 1456 200 31 300 341 400
823 0 5 1492 0 189 100 205 200 791 300 533 400
824 0 5 1229 0 135 100 467 200 20 300 1224 400
825 0 5 1146 0 550 100 599 200 51 300 553 400
826 0 5 82 0 1151 100 321 200 1253 300 1007 400
827 0 5 503 0 570 100 968 200 803 300 382 400
828 0 5 891 0 1328 100 442 200 306 300 1110 400
829 0 5 352 0 1420 100 69 200 1116 300 1118 400
830 0 5 203 0 733 100 1155 200 44 300 537 400
831 0 5 547 0 1291 100 1160 200 477 300 1300 400
832 0 5 1297 0 1296 100 1076 200 679 300 124 400
833 0 5 865 0 851 100 1329 200 974 300 814 400
834 0 5 1133 0 210 100 777 200 1153 300 1014 400
835 0 5 956 0 574 100 157 200 947 300 326 400
836 0 5 327 0 754 100 235 200 1291 300 369 400
837 0 5 1295 0 1458 100 304 200 1070 300 498 400
838 0 5 813 0 262 100 378 200 594 300 1041 400
839 0 5 1476 0 208 100 1054 200 1276 300 1259 400
840 0 5 692 0 1027 100 704 200 17 300 155 400
841 0 5 78 0 346 100 1463 200 1388 300 1051 400
842 0 5 956 0 282 100 947 200 157 300 864 400
843 0 5 137 0 624 100 1316 200 945 300 60 400
844 0 5 129 0 1482 100 438 200 962 300 1221 400
845 0 5 446 0 250 100 1016 200 761 300 605 400
846 0 5 1372 0 549 100 929 200 180 300 1109 400
847 0 5 1017 0 1175 100 771 200 729 300 1314 400
848 0 5 1479 0 930 100 153 200 1364 300 36 400
849 0 5 68 0 1421 100 1003 200 1186 300 265 400
850 0 5 583 0 767 100 1258 200 226 300 103 400
851 0 5 833 0 814 100 395 200 1329 300 746 400
852 0 5 319 0 738 100 1224 200 1091 300 467 400
853 0 5 421 0 269 100 607 200 1125 300 1206 400
854 0 5 632 0 422 100 774 200 1236 300 1069 400
855 0 5 946 0 251 100 895 200 364 300 731 400
856 0 5 1307 0 295 100 681 200 1273 300 1376 400
857 0 5 1192 0 77 100 55 200 11 300 1154 400
858 0 5 41 0 404 100 1177 200 1138 300 793 400
859 0 5 1102 0 1099 100 591 200 233 300 775 400
860 0 5 426 0 1337 100 263 200 1262 300 161 400
861 0 5 11 0 1154 100 468 200 857 300 900 400
862 0 5 1109 0 251 100 1002 200 887 300 364 400
863 0 5 777 0 718 100 1014 200 821 300 834 400
864 0 5 947 0 1448 100 709 200 842 300 703 400
865 0 5 833 0 1179 100 1329 200 974 300 213 400
866 0 5 546 0 124 100 383 200 86 300 1191 400
867 0 5 100 0 117 100 1256 200 515 300 1092 400
868 0 5 770 0 1117 100 1270 200 1491 300 1413 400
869 0 5 1408 0 1288 100 1384 200 1454 300 255 400
870 0 5 990 0 587 100 1331 200 1185 300 363 400
871 0 5 268 0 301 100 795 200 933 300 577 400
872 0 5 918 0 567 100 791 200 1492 300 823 400
873 0 5 732 0 303 100 629 200 812 300 366 400
874 0 5 1148 0 1022 100 878 200 1485 300 81 400
875 0 5 338 0 1127 100 1219 200 590 300 494 400
876 0 5 1215 0 1075 100 604 200 588 300 272 400
877 0 5 445 0 899 100 270 200 1181 300 968 400
878 0 5 81 0 1485 100 874 200 1022 300 776 400
879 0 5 131 0 1303 100 900 200 588 300 1075 400
880 0 5 1435 0 1346 100 391 200 1031 300 1455 400
881 0 5 61 0 1106 100 1266 200 517 300 463 400
882 0 5 1405 0 1257 100 419 200 1347 300 906 400
883 0 5 645 0 1341 100 783 200 43 300 541 400
884 0 5 897 0 1315 100 661 200 239 300 908 400
885 0 5 1493 0 575 100 140 200 1175 300 915 400
886 0 5 219 0 978 100 1431 200 642 300 347 400
887 0 5 1002 0 478 100 862 200 146 300 27 400
888 0 5 822 0 642 100 147 200 31 300 341 400
889 0 5 554 0 381 100 1055 200 653 300 717 400
890 0 5 1369 0 54 100 745 200 1389 300 1469 400
891 0 5 173 0 306 100 828 200 748 300 1328 400
892 0 5 92 0 603 100 32 200 1436 300 706 400
893 0 5 193 0 625 100 1081 200 712 300 1335 400
894 0 5 772 0 1152 100 1128 200 452 300 952 400
895 0 5 364 0 222 100 855 200 251 300 946 400
896 0 5 1409 0 433 100 1241 200 668 300 444 400
897 0 5 884 0 661 100 778 200 1315 300 1122 400
898 0 5 753 0 625 100 1335 200 349 300 694 400
899 0 5 1248 0 877 100 968 200 445 300 451 400
900 0 5 11 0 879 100 1303 200 1239 300 861 400
901 0 5 70 0 194 100 122 200 1150 300 1260 400
902 0 5 32 0 525 100 905 200 1200 300 1436 400
903 0 5 1115 0 240 100 799 200 1195 300 551 400
904 0 5 1426 0 386 100 1416 200 493 300 1312 400
905 0 5 525 0 1313 100 902 200 618 300 536 400
906 0 5 152 0 1257 100 223 200 1473 300 200 400
907 0 5 1312 0 563 100 1393 200 1472 300 648 400
908 0 5 661 0 705 100 239 200 232 300 884 400
909 0 5 413 0 782 100 485 200 1477 300 689 400
910 0 5 481 0 1128 100 791 200 952 300 730 400
911 0 5 60 0 1121 100 1424 200 647 300 1136 400
912 0 5 1233 0 557 100 1192 200 1470 300 1248 400
913 0 5 1249 0 403 100 667 200 312 300 580 400
914 0 5 530 0 582 100 1158 200 1494 300 1412 400
915 0 5 161 0 263 100 575 200 885 300 1262 400
916 0 5 369 0 742 100 1467 200 764 300 1217 400
917 0 5 672 0 340 100 439 200 1496 300 1447 400
918 0 5 872 0 567 100 680 200 1492 300 952 400
919 0 5 555 0 310 100 139 200 421 300 257 400
920 0 5 142 0 592 100 637 200 1449 300 1130 400
921 0 5 1124 0 1042 100 651 200 1099 300 996 400
922 0 5 1072 0 1190 100 187 200 1401 300 249 400
923 0 5 340 0 459 100 439 200 688 300 1415 400
924 0 5 1346 0 1435 100 245 200 150 300 230 400
925 0 5 721 0 408 100 391 200 1380 300 697 400
926 0 5 188 0 496 100 1302 200 1086 300 578 400
927 0 5 1367 0 9 100 1250 200 1461 300 1490 400
928 0 5 471 0 1252 100 1131 200 64 300 614 400
929 0 5 1113 0 549 100 609 200 246 300 846 400
930 0 5 1008 0 848 100 1364 200 153 300 1479 400
931 0 5 56 0 26 100 670 200 1362 300 1359 400
932 0 5 204 0 1454 100 297 200 1288 300 1088 400
933 0 5 795 0 871 100 577 200 268 300 710 400
934 0 5 1339 0 412 100 741 200 385 300 794 400
935 0 5 308 0 543 100 488 200 1382 300 65 400
936 0 5 635 0 1418 100 1299 200 722 300 399 400
937 0 5 636 0 254 100 1201 200 350 300 374 400
938 0 5 1474 0 614 100 15 200 471 300 110 400
939 0 5 1428 0 1360 100 184 200 1213 300 1388 400
940 0 5 101 0 1320 100 1464 200 1043 300 79 400
941 0 5 1332 0 747 100 584 200 380 300 429 400
942 0 5 1308 0 320 100 631 200 620 300 1478 400
943 0 5 1093 0 380 100 303 200 66 300 812 400
944 0 5 969 0 1380 100 1052 200 752 300 407 400
945 0 5 593 0 1039 100 137 200 1495 300 843 400
946 0 5 855 0 731 100 279 200 432 300 499 400
947 0 5 326 0 864 100 996 200 835 300 842 400
948 0 5 723 0 3 100 1028 200 1194 300 132 400
949 0 5 673 0 1035 100 1457 200 202 300 1411 400
950 0 5 994 0 976 100 1127 200 714 300 1323 400
951 0 5 307 0 197 100 573 200 1217 300 1042 400
952 0 5 567 0 452 100 910 200 1128 300 894 400
953 0 5 763 0 252 100 528 200 1138 300 1419 400
954 0 5 168 0 512 100 809 200 1437 300 405 400
955 0 5 463 0 328 100 517 200 1266 300 751 400
956 0 5 835 0 842 100 157 200 947 300 574 400
957 0 5 314 0 460 100 1082 200 1208 300 394 400
958 0 5 1351 0 1272 100 1322 200 560 300 1185 400
959 0 5 461 0 700 100 750 200 244 300 1212 400
960 0 5 342 0 177 100 1008 200 353 300 1020 400
961 0 5 379 0 1443 100 376 200 453 300 483 400
962 0 5 129 0 438 100 593 200 844 300 1039 400
963 0 5 1070 0 1444 100 1373 200 311 300 25 400
964 0 5 1375 0 1197 100 475 200 643 300 740 400
965 0 5 670 0 931 100 1083 200 1235 300 1234 400
966 0 5 785 0 719 100 633 200 345 300 788 400
967 0 5 278 0 1416 100 1182 200 493 300 1304 400
968 0 5 899 0 827 100 382 200 445 300 1178 400
969 0 5 944 0 407 100 273 200 1380 300 506 400
970 0 5 58 0 457 100 654 200 1379 300 1453 400
971 0 5 747 0 299 100 584 200 49 300 429 400
972 0 5 741 0 440 100 1371 200 1339 300 412 400
973 0 5 1098 0 1040 100 430 200 1344 300 1394 400
974 0 5 213 0 1150 100 619 200 851 300 865 400
975 0 5 18 0 119 100 205 200 189 300 2 400
976 0 5 1465 0 950 100 1127 200 338 300 1105 400
977 0 5 1255 0 116 100 688 200 459 300 458 400
978 0 5 648 0 886 100 563 200 219 300 1431 400
979 0 5 492 0 1267 100 713 200 362 300 1487 400
980 0 5 1484 0 509 100 115 200 1344 300 1242 400
981 0 5 294 0 569 100 1491 200 1045 300 290 400
982 0 5 1328 0 1223 100 589 200 671 300 224 400
983 0 5 1421 0 1277 100 329 200 760 300 1414 400
984 0 5 348 0 1349 100 1438 200 436 300 1040 400
985 0 5 1281 0 1066 100 1162 200 106 300 462 400
986 0 5 1285 0 648 100 1436 200 536 300 1304 400
987 0 5 200 0 1358 100 16 200 564 300 906 400
988 0 5 698 0 1196 100 1490 200 1461 300 1225 400
989 0 5 1230 0 1221 100 970 200 1482 300 571 400
990 0 5 870 0 259 100 1185 200 363 300 659 400
991 0 5 72 0 443 100 229 200 48 300 354 400
992 0 5 260 0 540 100 63 200 779 300 1203 400
993 0 5 1085 0 1101 100 628 200 621 300 476 400
994 0 5 950 0 714 100 313 200 1127 300 1323 400
995 0 5 88 0 190 100 1268 200 535 300 806 400
996 0 5 1077 0 734 100 947 200 1448 300 864 400
997 0 5 523 0 510 100 616 200 1165 300 1103 400
998 0 5 1135 0 1391 100 363 200 1345 300 1208 400
999 0 5 796 0 216 100 548 200 431 300 50 400
1000 0 5 769 0 317 100 720 200 666 300 508 400
1001 0 5 1238 0 1306 100 476 200 789 300 1101 400
1002 0 5 887 0 146 100 251 200 862 300 855 400
1003 0 5 265 0 84 100 849 200 1084 300 1186 400
1004 0 5 1124 0 1445 100 775 200 651 300 859 400
1005 0 5 1387 0 414 100 424 200 1216 300 1260 400
1006 0 5 1427 0 36 100 1511 200 1510 300 35 400
1007 0 5 1253 0 1151 100 121 200 695 300 826 400
1008 0 5 930 0 1137 100 1364 200 960 300 177 400
1009 0 5 331 0 1250 100 516 200 577 300 1324 400
1010 0 5 657 0 1245 100 383 200 546 300 1299 400
1011 0 5 1037 0 1470 100 1442 200 1181 300 451 400
1012 0 5 1382 0 810 100 65 200 316 300 242 400
1013 0 5 707 0 1209 100 8 200 135 300 472 400
1014 0 5 718 0 556 100 863 200 1353 300 777 400
1015 0 5 1159 0 1432 100 1311 200 1494 300 914 400
1016 0 5 446 0 1354 100 99 200 845 300 1399 400
1017 0 5 847 0 771 100 1314 200 1175 300 39 400
1018 0 5 680 0 1287 100 786 200 670 300 1399 400
1019 0 5 470 0 436 100 1349 200 1040 300 1438 400
1020 0 5 651 0 197 100 1417 200 960 300 1289 400
1021 0 5 710 0 795 100 689 200 21 300 933 400
1022 0 5 874 0 81 100 333 200 498 300 1202 400
1023 0 5 90 0 78 100 108 200 122 300 520 400
1024 0 5 1318 0 83 100 1087 200 815 300 23 400
1025 0 5 740 0 550 100 605 200 1418 300 553 400
1026 0 5 701 0 671 100 89 200 224 300 1286 400
1027 0 5 17 0 840 100 692 200 355 300 704 400
1028 0 5 1194 0 280 100 948 200 226 300 132 400
1029 0 5 1067 0 458 100 726 200 95 300 116 400
1030 0 5 774 0 544 100 286 200 34 300 854 400
1031 0 5 435 0 1455 100 391 200 880 300 721 400
1032 0 5 1259 0 403 100 37 200 401 300 535 400
1033 0 5 1317 0 1260 100 194 200 1120 300 619 400
1034 0 5 1265 0 506 100 402 200 87 300 1222 400
1035 0 5 949 0 1457 100 45 200 284 300 1390 400
1036 0 5 279 0 305 100 509 200 94 300 499 400
1037 0 5 451 0 1011 100 1248 200 1470 300 877 400
1038 0 5 1411 0 1143 100 1068 200 673 300 595 400
1039 0 5 406 0 945 100 593 200 438 300 571 400
1040 0 5 1394 0 973 100 470 200 436 300 1019 400
1041 0 5 378 0 1075 100 110 200 262 300 1062 400
1042 0 5 921 0 651 100 1099 200 951 300 1124 400
1043 0 5 663 0 1174 100 79 200 940 300 683 400
1044 0 5 730 0 298 100 1429 200 427 300 505 400
1045 0 5 1171 0 290 100 1397 200 981 300 569 400
1046 0 5 130 0 10 100 1473 200 313 300 237 400
1047 0 5 796 0 335 100 1358 200 999 300 16 400
1048 0 5 167 0 156 100 20 200 57 300 1390 400
1049 0 5 336 0 275 100 730 200 452 300 952 400
1050 0 5 653 0 1055 100 1093 200 380 300 889 400
1051 0 5 1094 0 315 100 346 200 339 300 841 400
1052 0 5 752 0 1380 100 218 200 944 300 119 400
1053 0 5 26 0 56 100 469 200 931 300 1234 400
1054 0 5 490 0 1276 100 208 200 261 300 839 400
1055 0 5 1050 0 381 100 380 200 889 300 653 400
1056 0 5 650 0 373 100 1187 200 354 300 586 400
1057 0 5 527 0 1115 100 240 200 551 300 1526 400
1058 0 5 703 0 359 100 709 200 154 300 1218 400
1059 0 5 324 0 524 100 1183 200 1373 300 217 400
1060 0 5 1280 0 492 100 362 200 1472 300 497 400
1061 0 5 1446 0 1169 100 1203 200 615 300 539 400
1062 0 5 1131 0 682 100 110 200 928 300 1041 400
1063 0 5 80 0 455 100 383 200 1353 300 728 400
1064 0 5 169 0 151 100 1383 200 638 300 810 400
1065 0 5 1116 0 241 100 598 200 1420 300 733 400
1066 0 5 106 0 985 100 1385 200 1162 300 773 400
1067 0 5 726 0 1029 100 1166 200 458 300 848 400
1068 0 5 1411 0 1038 100 91 200 1143 300 982 400
1069 0 5 1236 0 1188 100 332 200 854 300 1373 400
1070 0 5 963 0 1164 100 837 200 1295 300 149 400
1071 0 5 1374 0 136 100 1199 200 1287 300 1083 400
1072 0 5 922 0 773 100 489 200 187 300 1190 400
1073 0 5 1148 0 1485 100 626 200 874 300 1483 400
1074 0 5 402 0 628 100 1167 200 300 300 1085 400
1075 0 5 1041 0 876 100 110 200 879 300 262 400
1076 0 5 1296 0 599 100 679 200 832 300 449 400
1077 0 5 996 0 639 100 482 200 28 300 326 400
1078 0 5 312 0 1368 100 196 200 1450 300 37 400
1079 0 5 1230 0 654 100 42 200 1453 300 430 400
1080 0 5 1471 0 715 100 508 200 685 300 612 400
1081 0 5 738 0 893 100 193 200 625 300 472 400
1082 0 5 656 0 1208 100 1155 200 957 300 1203 400
1083 0 5 1290 0 1359 100 670 200 965 300 931 400
1084 0 5 479 0 815 100 1003 200 83 300 163 400
1085 0 5 993 0 628 100 1101 200 621 300 1074 400
1086 0 5 1254 0 1302 100 926 200 496 300 188 400
1087 0 5 163 0 1318 100 1263 200 708 300 815 400
1088 0 5 183 0 737 100 1462 200 204 300 1310 400
1089 0 5 440 0 1279 100 176 200 1339 300 972 400
1090 0 5 217 0 1214 100 79 200 507 300 1059 400
1091 0 5 319 0 1342 100 1309 200 852 300 296 400
1092 0 5 617 0 1107 100 1256 200 867 300 755 400
1093 0 5 943 0 303 100 1050 200 1055 300 653 400
1094 0 5 1051 0 1501 100 608 200 108 300 1097 400
1095 0 5 1362 0 1290 100 1359 200 1355 300 931 400
1096 0 5 1289 0 365 100 177 200 416 300 1417 400
1097 0 5 111 0 108 100 608 200 395 300 1094 400
1098 0 5 973 0 1344 100 1221 200 430 300 1484 400
1099 0 5 859 0 921 100 1124 200 734 300 1218 400
1100 0 5 742 0 5 100 400 200 1467 300 437 400
1101 0 5 1306 0 993 100 476 200 1085 300 682 400
1102 0 5 255 0 1408 100 859 200 1384 300 1218 400
1103 0 5 660 0 363 100 370 200 686 300 997 400
1104 0 5 1227 0 1165 100 225 200 510 300 997 400
1105 0 5 1465 0 1142 100 410 200 1486 300 27 400
1106 0 5 799 0 881 100 1278 200 650 300 344 400
1107 0 5 1092 0 817 100 617 200 1256 300 685 400
1108 0 5 513 0 676 100 165 200 672 300 1496 400
1109 0 5 862 0 549 100 251 200 1139 300 246 400
1110 0 5 1223 0 202 100 282 200 828 300 154 400
1111 0 5 147 0 1436 100 559 200 603 300 648 400
1112 0 5 1338 0 340 100 179 200 688 300 1415 400
1113 0 5 929 0 246 100 609 200 549 300 692 400
1114 0 5 1414 0 479 100 1141 200 1003 300 760 400
1115 0 5 903 0 551 100 1057 200 240 300 1518 400
1116 0 5 1065 0 1420 100 69 200 829 300 1237 400
1117 0 5 294 0 532 100 868 200 1491 300 770 400
1118 0 5 69 0 690 100 1237 200 829 300 1116 400
1119 0 5 1274 0 234 100 1442 200 505 300 38 400
1120 0 5 1317 0 1377 100 619 200 974 300 1033 400
1121 0 5 60 0 1136 100 911 200 473 300 398 400
1122 0 5 74 0 778 100 462 200 24 300 1123 400
1123 0 5 462 0 1281 100 1122 200 661 300 792 400
1124 0 5 921 0 1004 100 651 200 1099 300 859 400
1125 0 5 607 0 1134 100 447 200 1206 300 269 400
1126 0 5 283 0 659 100 441 200 525 300 96 400
1127 0 5 590 0 875 100 950 200 976 300 1334 400
1128 0 5 481 0 910 100 894 200 772 300 275 400
1129 0 5 1163 0 257 100 139 200 1204 300 231 400
1130 0 5 637 0 566 100 1449 200 85 300 142 400
1131 0 5 1252 0 1062 100 789 200 928 300 1238 400
1132 0 5 523 0 686 100 1103 200 997 300 616 400
1133 0 5 665 0 834 100 210 200 252 300 777 400
1134 0 5 1125 0 447 100 93 200 646 300 310 400
1135 0 5 998 0 1208 100 1378 200 363 300 314 400
1136 0 5 1121 0 1264 100 473 200 398 300 60 400
1137 0 5 1008 0 1404 100 153 200 1364 300 353 400
1138 0 5 528 0 41 100 858 200 953 300 1177 400
1139 0 5 164 0 222 100 123 200 330 300 46 400
1140 0 5 1182 0 112 100 207 200 1407 300 199 400
1141 0 5 1298 0 1114 100 479 200 1414 300 1181 400
1142 0 5 146 0 1105 100 115 200 1350 300 410 400
1143 0 5 595 0 1038 100 1068 200 1367 300 331 400
1144 0 5 172 0 54 100 542 200 1469 300 681 400
1145 0 5 199 0 674 100 112 200 536 300 1182 400
1146 0 5 825 0 553 100 51 200 561 300 599 400
1147 0 5 388 0 221 100 1365 200 558 300 480 400
1148 0 5 874 0 1073 100 1202 200 1485 300 1022 400
1149 0 5 1273 0 1156 100 757 200 420 300 337 400
1150 0 5 194 0 974 100 108 200 213 300 746 400
1151 0 5 826 0 1253 100 1007 200 121 300 82 400
1152 0 5 772 0 894 100 652 200 452 300 275 400
1153 0 5 76 0 556 100 834 200 576 300 158 400
1154 0 5 468 0 861 100 783 200 857 300 55 400
1155 0 5 1345 0 1082 100 203 200 830 300 656 400
1156 0 5 1149 0 757 100 325 200 643 300 420 400
1157 0 5 514 0 290 100 532 200 98 300 1341 400
1158 0 5 140 0 582 100 914 200 519 300 915 400
1159 0 5 1015 0 1494 100 1412 200 1311 300 1432 400
1160 0 5 1291 0 547 100 831 200 318 300 327 400
1161 0 5 815 0 19 100 479 200 1298 300 1141 400
1162 0 5 1385 0 985 100 465 200 1066 300 1281 400
1163 0 5 1129 0 1204 100 257 200 292 300 231 400
1164 0 5 1295 0 1070 100 149 200 837 300 25 400
1165 0 5 1227 0 1104 100 114 200 997 300 616 400
1166 0 5 1269 0 1067 100 109 200 726 300 1479 400
1167 0 5 300 0 594 100 1074 200 682 300 813 400
1168 0 5 409 0 605 100 47 200 250 300 553 400
1169 0 5 1446 0 539 100 1061 200 615 300 367 400
1170 0 5 555 0 641 100 1478 200 320 300 725 400
1171 0 5 1045 0 290 100 1397 200 162 300 569 400
1172 0 5 1294 0 520 100 70 200 220 300 122 400
1173 0 5 21 0 689 100 640 200 1021 300 608 400
1174 0 5 101 0 672 100 1043 200 663 300 940 400
1175 0 5 612 0 575 100 847 200 885 300 397 400
1176 0 5 514 0 144 100 322 200 290 300 1157 400
1177 0 5 1220 0 1441 100 1330 200 858 300 41 400
1178 0 5 1398 0 466 100 382 200 968 300 1356 400
1179 0 5 1477 0 865 100 1329 200 178 300 640 400
1180 0 5 223 0 392 100 1466 200 1347 300 237 400
1181 0 5 270 0 1298 100 1247 200 1011 300 877 400
1182 0 5 1140 0 207 100 278 200 967 300 1304 400
1183 0 5 25 0 524 100 1059 200 1487 300 1373 400
1184 0 5 214 0 1495 100 285 200 1433 300 406 400
1185 0 5 283 0 560 100 990 200 259 300 870 400
1186 0 5 265 0 1003 100 878 200 849 300 776 400
1187 0 5 1056 0 1498 100 518 200 373 300 650 400
1188 0 5 286 0 1069 100 181 200 592 300 142 400
1189 0 5 71 0 647 100 800 200 97 300 398 400
1190 0 5 187 0 922 100 1459 200 1401 300 356 400
1191 0 5 86 0 398 100 821 200 383 300 866 400
1192 0 5 1233 0 857 100 77 200 912 300 557 400
1193 0 5 644 0 415 100 719 200 521 300 264 400
1194 0 5 1028 0 491 100 723 200 568 300 948 400
1195 0 5 799 0 1508 100 1507 200 1278 300 903 400
1196 0 5 1282 0 988 100 1490 200 1225 300 389 400
1197 0 5 964 0 475 100 740 200 1375 300 1418 400
1198 0 5 495 0 128 100 802 200 352 300 1413 400
1199 0 5 675 0 277 100 1207 200 1071 300 1374 400
1200 0 5 441 0 32 100 902 200 92 300 525 400
1201 0 5 697 0 636 100 150 200 374 300 254 400
1202 0 5 498 0 14 100 311 200 1022 300 1148 400
1203 0 5 656 0 539 100 540 200 1061 300 460 400
1204 0 5 1163 0 350 100 243 200 266 300 1129 400
1205 0 5 257 0 231 100 1478 200 620 300 743 400
1206 0 5 1210 0 1125 100 269 200 526 300 1348 400
1207 0 5 627 0 1271 100 175 200 655 300 277 400
1208 0 5 1135 0 1082 100 314 200 957 300 1378 400
1209 0 5 472 0 1013 100 738 200 852 300 135 400
1210 0 5 1206 0 447 100 1348 200 1125 300 198 400
1211 0 5 145 0 1422 100 621 200 384 300 816 400
1212 0 5 700 0 576 100 959 200 244 300 785 400
1213 0 5 1360 0 156 100 201 200 939 300 1282 400
1214 0 5 805 0 1090 100 229 200 217 300 79 400
1215 0 5 876 0 604 100 234 200 588 300 272 400
1216 0 5 414 0 247 100 1387 200 793 300 424 400
1217 0 5 197 0 764 100 951 200 307 300 1417 400
1218 0 5 1448 0 709 100 1099 200 1408 300 734 400
1219 0 5 288 0 494 100 875 200 529 300 1226 400
1220 0 5 214 0 1177 100 1441 200 1330 300 784 400
1221 0 5 989 0 1482 100 1344 200 1242 300 1098 400
1222 0 5 1265 0 273 100 613 200 40 300 506 400
1223 0 5 1110 0 1328 100 982 200 828 300 282 400
1224 0 5 467 0 684 100 852 200 1462 300 296 400
1225 0 5 698 0 389 100 1196 200 1428 300 988 400
1226 0 5 419 0 288 100 494 200 216 300 1219 400
1227 0 5 12 0 1104 100 1165 200 114 300 241 400
1228 0 5 1279 0 811 100 176 200 500 300 385 400
1229 0 5 824 0 360 100 135 200 201 300 467 400
1230 0 5 1079 0 989 100 430 200 42 300 654 400
1231 0 5 578 0 1302 100 926 200 1086 300 188 400
1232 0 5 102 0 805 100 354 200 79 300 1319 400
1233 0 5 912 0 1192 100 1248 200 1470 300 557 400
1234 0 5 23 0 1235 100 931 200 1053 300 1263 400
1235 0 5 23 0 1234 100 1263 200 531 300 708 400
1236 0 5 1069 0 683 100 854 200 332 300 632 400
1237 0 5 114 0 690 100 1118 200 433 300 1116 400
1238 0 5 789 0 1001 100 1306 200 682 300 1131 400
1239 0 5 371 0 1303 100 302 200 900 300 468 400
1240 0 5 377 0 800 100 1419 200 1292 300 71 400
1241 0 5 489 0 1409 100 896 200 444 300 1277 400
1242 0 5 1344 0 1221 100 450 200 509 300 1036 400
1243 0 5 304 0 239 100 1456 200 1315 300 884 400
1244 0 5 1329 0 178 100 640 200 1179 300 111 400
1245 0 5 1010 0 1299 100 657 200 546 300 1076 400
1246 0 5 1343 0 597 100 308 200 169 300 151 400
1247 0 5 1298 0 38 100 1442 200 1181 300 19 400
1248 0 5 451 0 899 100 1037 200 1233 300 1470 400
1249 0 5 913 0 170 100 606 200 667 300 403 400
1250 0 5 516 0 1009 100 927 200 1461 300 710 400
1251 0 5 1342 0 572 100 387 200 1497 300 1309 400
1252 0 5 928 0 789 100 1131 200 64 300 471 400
1253 0 5 1007 0 358 100 1151 200 826 300 138 400
1254 0 5 417 0 496 100 1086 200 53 300 188 400
1255 0 5 276 0 977 100 116 200 458 300 459 400
1256 0 5 702 0 1275 100 685 200 867 300 117 400
1257 0 5 882 0 906 100 419 200 223 300 1405 400
1258 0 5 767 0 1432 100 1311 200 519 300 850 400
1259 0 5 1032 0 1276 100 535 200 1286 300 1440 400
1260 0 5 1033 0 388 100 1387 200 194 300 901 400
1261 0 5 545 0 1425 100 788 200 345 300 390 400
1262 0 5 263 0 248 100 915 200 860 300 161 400
1263 0 5 708 0 23 100 1087 200 531 300 1318 400
1264 0 5 421 0 691 100 1136 200 473 300 555 400
1265 0 5 1222 0 273 100 1034 200 506 300 613 400
1266 0 5 463 0 61 100 881 200 955 300 517 400
1267 0 5 979 0 1487 100 362 200 713 300 565 400
1268 0 5 535 0 806 100 995 200 1423 300 1286 400
1269 0 5 735 0 1166 100 711 200 109 300 276 400
1270 0 5 779 0 260 100 868 200 1491 300 411 400
1271 0 5 655 0 1207 100 749 200 175 300 627 400
1272 0 5 1322 0 958 100 160 200 1331 300 560 400
1273 0 5 1149 0 337 100 1307 200 420 300 757 400
1274 0 5 1119 0 1470 100 234 200 557 300 588 400
1275 0 5 117 0 1256 100 766 200 228 300 50 400
1276 0 5 490 0 1259 100 1054 200 1286 300 535 400
1277 0 5 329 0 983 100 1398 200 1356 300 1241 400
1278 0 5 1106 0 344 100 1195 200 799 300 405 400
1279 0 5 1228 0 1089 100 385 200 440 300 1339 400
1280 0 5 1060 0 497 100 362 200 1472 300 159 400
1281 0 5 985 0 1123 100 1162 200 908 300 661 400
1282 0 5 1196 0 662 100 1490 200 9 300 1213 400
1283 0 5 817 0 685 100 351 200 612 300 1107 400
1284 0 5 134 0 284 100 804 200 183 300 1457 400
1285 0 5 986 0 648 100 4 200 1304 300 1312 400
1286 0 5 490 0 1276 100 535 200 1259 300 701 400
1287 0 5 1018 0 136 100 786 200 670 300 1071 400
1288 0 5 869 0 1454 100 1361 200 204 300 932 400
1289 0 5 1096 0 1417 100 416 200 177 300 197 400
1290 0 5 1083 0 1095 100 1355 200 1359 300 670 400
1291 0 5 327 0 1160 100 831 200 836 300 477 400
1292 0 5 377 0 1419 100 252 200 1240 300 777 400
1293 0 5 626 0 1485 100 1352 200 1148 300 1073 400
1294 0 5 220 0 1172 100 1365 200 665 300 630 400
1295 0 5 837 0 1164 100 1070 200 1458 300 149 400
1296 0 5 1076 0 832 100 546 200 1297 300 449 400
1297 0 5 832 0 124 100 1296 200 546 300 866 400
1298 0 5 1247 0 1141 100 1181 200 1414 300 1161 400
1299 0 5 1245 0 449 100 635 200 1076 300 936 400
1300 0 5 369 0 573 100 482 200 831 300 477 400
1301 0 5 93 0 53 100 646 200 1134 300 636 400
1302 0 5 121 0 926 100 1086 200 695 300 1151 400
1303 0 5 131 0 879 100 1239 200 900 300 22 400
1304 0 5 199 0 4 100 1182 200 1285 300 967 400
1305 0 5 677 0 379 100 456 200 453 300 961 400
1306 0 5 1101 0 1001 100 1238 200 476 300 682 400
1307 0 5 856 0 768 100 681 200 1273 300 1488 400
1308 0 5 942 0 1316 100 631 200 320 300 624 400
1309 0 5 126 0 1342 100 1091 200 1251 300 67 400
1310 0 5 737 0 684 100 1462 200 1361 300 204 400
1311 0 5 519 0 1432 100 1258 200 1015 300 1494 400
1312 0 5 907 0 484 100 1472 200 1285 300 386 400
1313 0 5 905 0 618 100 536 200 1436 300 525 400
1314 0 5 771 0 780 100 1017 200 39 300 847 400
1315 0 5 884 0 239 100 1243 200 897 300 778 400
1316 0 5 1308 0 624 100 631 200 843 300 942 400
1317 0 5 1120 0 1033 100 1260 200 1377 300 619 400
1318 0 5 1024 0 1087 100 83 200 815 300 1263 400
1319 0 5 102 0 405 100 344 200 59 300 596 400
1320 0 5 168 0 940 100 79 200 1464 300 1043 400
1321 0 5 198 0 33 100 447 200 321 300 138 400
1322 0 5 560 0 1272 100 958 200 1331 300 1185 400
1323 0 5 1350 0 313 100 696 200 115 300 950 400
1324 0 5 1423 0 89 100 701 200 1009 300 301 400
1325 0 5 629 0 756 100 873 200 366 300 1426 400
1326 0 5 189 0 1492 100 975 200 205 300 823 400
1327 0 5 517 0 527 100 551 200 1057 300 903 400
1328 0 5 982 0 828 100 1223 200 589 300 306 400
1329 0 5 1244 0 1179 100 865 200 111 300 851 400
1330 0 5 1441 0 107 100 1177 200 1220 300 404 400
1331 0 5 587 0 870 100 1272 200 1322 300 560 400
1332 0 5 941 0 1406 100 380 200 584 300 381 400
1333 0 5 1400 0 1378 100 160 200 314 300 169 400
1334 0 5 590 0 1347 100 714 200 372 300 1127 400
1335 0 5 349 0 625 100 472 200 898 300 707 400
1336 0 5 317 0 720 100 456 200 508 300 1305 400
1337 0 5 860 0 666 100 161 200 1396 300 263 400
1338 0 5 1112 0 1460 100 179 200 1415 300 75 400
1339 0 5 934 0 741 100 385 200 972 300 412 400
1340 0 5 622 0 1463 100 195 200 461 300 750 400
1341 0 5 541 0 883 100 55 200 1154 300 322 400
1342 0 5 1251 0 1091 100 1309 200 572 300 658 400
1343 0 5 367 0 1246 100 597 200 502 300 308 400
1344 0 5 1098 0 1242 100 1221 200 1484 300 980 400
1345 0 5 44 0 1155 100 361 200 370 300 998 400
1346 0 5 880 0 924 100 1435 200 150 300 697 400
1347 0 5 392 0 1334 100 237 200 1405 300 1180 400
1348 0 5 1210 0 138 100 33 200 679 300 51 400
1349 0 5 436 0 984 100 1438 200 470 300 1019 400
1350 0 5 1323 0 115 100 1142 200 509 300 1465 400
1351 0 5 958 0 1383 100 160 200 1272 300 638 400
1352 0 5 626 0 1293 100 422 200 566 300 1073 400
1353 0 5 718 0 80 100 556 200 1014 300 1063 400
1354 0 5 99 0 739 100 47 200 1016 300 761 400
1355 0 5 271 0 1095 100 1290 200 1362 300 1083 400
1356 0 5 433 0 238 100 466 200 1398 300 1277 400
1357 0 5 775 0 591 100 126 200 62 300 859 400
1358 0 5 16 0 987 100 335 200 1047 300 152 400
1359 0 5 670 0 1362 100 931 200 1083 300 1095 400
1360 0 5 1213 0 939 100 184 200 201 300 1229 400
1361 0 5 1370 0 296 100 1288 200 1310 300 684 400
1362 0 5 1095 0 1359 100 931 200 776 300 1290 400
1363 0 5 354 0 443 100 454 200 291 300 48 400
1364 0 5 1008 0 1137 100 353 200 930 300 848 400
1365 0 5 1147 0 538 100 221 200 1392 300 665 400
1366 0 5 291 0 518 100 801 200 373 300 354 400
1367 0 5 927 0 331 100 9 200 1143 300 595 400
1368 0 5 1450 0 1078 100 485 200 196 300 580 400
1369 0 5 1389 0 890 100 337 200 120 300 768 400
1370 0 5 67 0 1361 100 1384 200 1288 300 233 400
1371 0 5 264 0 521 100 415 200 644 300 728 400
1372 0 5 846 0 180 100 186 200 127 300 669 400
1373 0 5 1059 0 963 100 1444 200 332 300 1183 400
1374 0 5 1071 0 182 100 136 200 1354 300 293 400
1375 0 5 964 0 643 100 325 200 1197 300 736 400
1376 0 5 215 0 681 100 211 200 1497 300 295 400
1377 0 5 619 0 1120 100 194 200 1260 300 1150 400
1378 0 5 160 0 1333 100 314 200 1208 300 1135 400
1379 0 5 58 0 457 100 970 200 1453 300 104 400
1380 0 5 218 0 944 100 1052 200 752 300 925 400
1381 0 5 206 0 522 100 669 200 1396 300 1337 400
1382 0 5 758 0 1012 100 65 200 242 300 638 400
1383 0 5 1351 0 638 100 1064 200 160 300 169 400
1384 0 5 233 0 1370 100 1102 200 869 300 255 400
1385 0 5 773 0 1162 100 1066 200 106 300 489 400
1386 0 5 1499 0 277 100 627 200 113 300 643 400
1387 0 5 1005 0 1216 100 388 200 1260 300 558 400
1388 0 5 346 0 1428 100 184 200 1463 300 841 400
1389 0 5 120 0 1369 100 175 200 768 300 1488 400
1390 0 5 57 0 284 100 20 200 1035 300 183 400
1391 0 5 998 0 370 100 363 200 1103 300 1345 400
1392 0 5 538 0 221 100 665 200 252 300 1365 400
1393 0 5 1472 0 347 100 1456 200 497 300 907 400
1394 0 5 1040 0 430 100 42 200 1230 300 973 400
1395 0 5 751 0 744 100 418 200 299 300 429 400
1396 0 5 166 0 669 100 1381 200 1337 300 186 400
1397 0 5 162 0 569 100 1171 200 1045 300 981 400
1398 0 5 1178 0 329 100 1277 200 1356 300 29 400
1399 0 5 578 0 1016 100 1018 200 1302 300 1231 400
1400 0 5 1333 0 169 100 314 200 1383 300 160 400
1401 0 5 444 0 668 100 1190 200 616 300 356 400
1402 0 5 1505 0 1506 100 405 200 344 300 809 400
1403 0 5 633 0 664 100 30 200 719 300 694 400
1404 0 5 745 0 726 100 1137 200 1067 300 153 400
1405 0 5 882 0 223 100 1347 200 419 300 906 400
1406 0 5 381 0 1332 100 380 200 584 300 1055 400
1407 0 5 207 0 274 100 112 200 278 300 820 400
1408 0 5 255 0 869 100 1102 200 1218 300 1454 400
1409 0 5 896 0 1241 100 433 200 1277 300 1356 400
1410 0 5 534 0 601 100 133 200 629 300 48 400
1411 0 5 1038 0 673 100 1068 200 949 300 1457 400
1412 0 5 143 0 1494 100 1159 200 914 300 64 400
1413 0 5 495 0 770 100 611 200 1117 300 868 400
1414 0 5 1114 0 760 100 1421 200 1298 300 1141 400
1415 0 5 1460 0 340 100 439 200 917 300 923 400
1416 0 5 1489 0 967 100 904 200 493 300 278 400
1417 0 5 1289 0 1217 100 416 200 197 300 1020 400
1418 0 5 936 0 740 100 550 200 334 300 635 400
1419 0 5 716 0 1292 100 1240 200 252 300 953 400
1420 0 5 829 0 1116 100 733 200 352 300 600 400
1421 0 5 983 0 465 100 68 200 1414 300 849 400
1422 0 5 384 0 248 100 1211 200 145 300 582 400
1423 0 5 1324 0 301 100 806 200 1268 300 701 400
1424 0 5 1495 0 60 100 911 200 1184 300 843 400
1425 0 5 345 0 1261 100 545 200 633 300 30 400
1426 0 5 756 0 423 100 904 200 386 300 493 400
1427 0 5 1006 0 35 100 400 200 437 300 36 400
1428 0 5 939 0 1388 100 339 200 389 300 1225 400
1429 0 5 427 0 1044 100 533 200 730 300 910 400
1430 0 5 766 0 677 100 715 200 456 300 529 400
1431 0 5 642 0 886 100 347 200 978 300 559 400
1432 0 5 1015 0 1258 100 1311 200 767 300 226 400
1433 0 5 73 0 214 100 97 200 1177 300 1184 400
1434 0 5 717 0 812 100 653 200 602 300 493 400
1435 0 5 880 0 924 100 1346 200 621 300 245 400
1436 0 5 1111 0 986 100 536 200 1313 300 648 400
1437 0 5 405 0 168 100 954 200 1320 300 1319 400
1438 0 5 236 0 1349 100 174 200 984 300 696 400
1439 0 5 755 0 729 100 771 200 351 300 612 400
1440 0 5 401 0 1476 100 1259 200 1032 300 1276 400
1441 0 5 1330 0 1177 100 1220 200 107 300 784 400
1442 0 5 38 0 1011 100 1119 200 1247 300 1470 400
1443 0 5 961 0 483 100 379 200 376 300 338 400
1444 0 5 963 0 14 100 311 200 1373 300 332 400
1445 0 5 62 0 148 100 1004 200 342 300 775 400
1446 0 5 1061 0 1169 100 539 200 1203 300 540 400
1447 0 5 185 0 101 100 459 200 917 300 672 400
1448 0 5 734 0 1218 100 709 200 864 300 996 400
1449 0 5 637 0 1130 100 1460 200 592 300 142 400
1450 0 5 1368 0 196 100 1078 200 312 300 281 400
1451 0 5 483 0 529 100 1430 200 338 300 1443 400
1452 0 5 763 0 480 100 252 200 953 300 558 400
1453 0 5 654 0 58 100 970 200 1379 300 1079 400
1454 0 5 932 0 1288 100 869 200 359 300 255 400
1455 0 5 1031 0 435 100 391 200 721 300 880 400
1456 0 5 822 0 1393 100 347 200 1243 300 304 400
1457 0 5 202 0 949 100 154 200 1035 300 1284 400
1458 0 5 343 0 837 100 149 200 304 300 565 400
1459 0 5 808 0 356 100 1190 200 448 300 462 400
1460 0 5 181 0 1415 100 1496 200 592 300 1449 400
1461 0 5 1490 0 1250 100 988 200 927 300 710 400
1462 0 5 20 0 1310 100 684 200 467 300 737 400
1463 0 5 1340 0 841 100 622 200 1388 300 78 400
1464 0 5 168 0 940 100 1320 200 101 300 1447 400
1465 0 5 1105 0 976 100 1142 200 950 300 1486 400
1466 0 5 392 0 1180 100 1473 200 223 300 237 400
1467 0 5 916 0 742 100 5 200 437 300 764 400
1468 0 5 253 0 357 100 368 200 579 300 724 400
1469 0 5 745 0 54 100 890 200 1144 300 542 400
1470 0 5 1011 0 1274 100 912 200 1037 300 557 400
1471 0 5 508 0 1080 100 715 200 1336 300 666 400
1472 0 5 497 0 1393 100 1280 200 1312 300 347 400
1473 0 5 10 0 1466 100 1046 200 152 300 237 400
1474 0 5 938 0 15 100 110 200 504 300 22 400
1475 0 5 104 0 562 100 289 200 457 300 52 400
1476 0 5 1440 0 839 100 1259 200 1276 300 208 400
1477 0 5 1179 0 640 100 782 200 178 300 689 400
1478 0 5 641 0 320 100 1205 200 1170 300 942 400
1479 0 5 848 0 36 100 930 200 1364 300 1166 400
1480 0 5 724 0 819 100 209 200 706 300 171 400
1481 0 5 504 0 22 100 110 200 1474 300 302 400
1482 0 5 844 0 1221 100 571 200 438 300 989 400
1483 0 5 332 0 632 100 14 200 1444 300 1236 400
1484 0 5 980 0 470 100 1344 200 1438 300 1349 400
1485 0 5 878 0 874 100 1073 200 1293 300 1148 400
1486 0 5 410 0 27 100 1105 200 478 300 1465 400
1487 0 5 524 0 1267 100 324 200 1183 300 713 400
1488 0 5 768 0 172 100 54 200 1307 300 681 400
1489 0 5 1416 0 4 100 904 200 1285 300 1182 400
1490 0 5 1461 0 1196 100 988 200 1282 300 927 400
1491 0 5 569 0 1117 100 981 200 294 300 162 400
1492 0 5 823 0 189 100 791 200 1326 300 872 400
1493 0 5 39 0 585 100 885 200 103 300 1314 400
1494 0 5 1412 0 1159 100 1311 200 1015 300 914 400
1495 0 5 1424 0 1184 100 406 200 945 300 285 400
1496 0 5 181 0 1108 100 513 200 1460 300 917 400
1497 0 5 787 0 807 100 1376 200 1251 300 681 400
1498 0 5 518 0 49 100 1187 200 429 300 396 400
1499 0 5 1386 0 113 100 293 200 182 300 277 400
1500 0 5 586 0 323 100 650 200 463 300 881 400
1501 0 5 1094 0 608 100 21 200 315 300 192 400
1502 0 5 512 0 809 100 1464 200 1479 300 458 400
1503 0 5 809 0 735 100 1464 200 1479 300 458 400
1504 0 5 735 0 109 100 1464 200 1479 300 458 400
1505 0 5 1402 0 109 100 1464 200 1479 300 458 400
1506 0 5 1402 0 375 100 1464 200 1479 300 458 400
1507 0 5 1195 0 375 100 1464 200 1479 300 1500 400
1508 0 5 1195 0 240 100 1464 200 1479 300 688 400
1509 0 5 1278 0 240 100 1464 200 1479 300 458 400
1510 0 5 1278 0 1006 100 1464 200 1479 300 458 400
1511 0 5 1006 0 799 100 1464 200 1479 300 458 400
1512 0 5 699 0 799 100 1464 200 458 300 1479 400
1513 0 5 699 0 903 100 1464 200 458 300 688 400
1514 0 5 903 0 1106 100 1464 200 1479 300 458 400
1515 0 5 1269 0 1106 100 1464 200 458 300 1479 400
1516 0 5 35 0 1269 100 1464 200 458 300 1479 400
1517 0 5 35 0 954 100 1464 200 458 300 1479 400
1518 0 5 954 0 1464 100 1115 200 458 300 1479 400
1519 0 5 405 0 1464 100 1115 200 458 300 1479 400
1520 0 5 1437 0 405 100 1464 200 458 300 688 400
1521 0 5 1437 0 36 100 1464 200 458 300 688 400
1522 0 5 344 0 36 100 1464 200 458 300 688 400
1523 0 5 344 0 168 100 1464 200 458 300 688 400
1524 0 5 168 0 1464 100 458 200 688 300 1479 400
1525 0 5 1464 0 458 100 1479 200 688 300 596 400
1526 0 5 1464 0 458 100 1479 200 688 300 596 400
1527 0 5 1166 0 1464 100 458 200 688 300 1479 400
1528 0 5 59 0 1166 100 1464 200 458 300 688 400
1529 0 5 59 0 711 100 1464 200 458 300 1500 400
1530 0 5 711 0 1464 100 458 200 688 300 1479 400
1531 0 5 276 0 1464 100 458 200 688 300 596 400
1532 0 5 276 0 1464 100 458 200 688 300 1500 400
1533 0 5 1464 0 458 100 688 200 1500 300 596 400
1534 0 5 1255 0 1464 100 881 200 458 300 1500 400
1535 0 5 1255 0 977 100 1464 200 458 300 1500 400
1536 0 5 650 0 977 100 1464 200 458 300 596 400
1537 0 5 650 0 458 100 1464 200 596 300 688 400
1538 0 5 1464 0 458 100 596 200 1500 300 688 400
1539 0 5 501 0 1464 100 458 200 688 300 596 400
-1
EOF
