1540
1 0 5 1068 0 37 100 1276 200 1209 300 1084 400
2 0 5 191 0 461 100 657 200 237 300 255 400
3 0 5 224 0 98 100 688 200 24 300 720 400
4 0 5 144 0 560 100 855 200 1340 300 113 400
5 0 5 269 0 294 100 1277 200 266 300 184 400
6 0 5 1280 0 1370 100 226 200 189 300 88 400
7 0 5 29 0 776 100 1147 200 421 300 1002 400
8 0 5 151 0 987 100 437 200 1367 300 319 400
9 0 5 377 0 263 100 210 200 559 300 522 400
10 0 5 1440 0 1000 100 165 200 244 300 1021 400
11 0 5 865 0 417 100 1406 200 267 300 351 400
12 0 5 254 0 182 100 477 200 985 300 1329 400
13 0 5 50 0 274 100 1384 200 76 300 1278 400
14 0 5 284 0 764 100 80 200 454 300 366 400
15 0 5 1115 0 1462 100 1404 200 1427 300 530 400
16 0 5 1238 0 1014 100 1364 200 156 300 979 400
17 0 5 831 0 763 100 1071 200 26 300 1046 400
18 0 5 776 0 421 100 1231 200 864 300 1019 400
19 0 5 1075 0 114 100 918 200 273 300 549 400
20 0 5 1102 0 1257 100 172 200 212 300 56 400
21 0 5 1363 0 1439 100 917 200 1494 300 1184 400
22 0 5 1354 0 1469 100 1270 200 327 300 935 400
23 0 5 500 0 1133 100 630 200 1342 300 352 400
24 0 5 820 0 664 100 107 200 3 300 1220 400
25 0 5 1187 0 1487 100 613 200 184 300 99 400
26 0 5 1046 0 1071 100 250 200 17 300 995 400
27 0 5 905 0 1140 100 1309 200 869 300 850 400
28 0 5 393 0 218 100 494 200 413 300 408 400
29 0 5 7 0 1147 100 239 200 591 300 656 400
30 0 5 491 0 86 100 777 200 647 300 209 400
31 0 5 178 0 206 100 416 200 102 300 845 400
32 0 5 1213 0 1351 100 274 200 1278 300 1094 400
33 0 5 732 0 273 100 1006 200 1362 300 1093 400
34 0 5 700 0 569 100 255 200 653 300 521 400
35 0 5 1196 0 762 100 1490 200 329 300 1081 400
36 0 5 783 0 421 100 990 200 1002 300 18 400
37 0 5 1502 0 1 100 836 200 1352 300 1194 400
38 0 5 786 0 46 100 964 200 485 300 1151 400
39 0 5 312 0 78 100 1197 200 1358 300 1190 400
40 0 5 1080 0 582 100 344 200 867 300 1239 400
41 0 5 339 0 692 100 1481 200 482 300 447 400
42 0 5 170 0 1045 100 288 200 264 300 886 400
43 0 5 201 0 848 100 166 200 1281 300 1451 400
44 0 5 1064 0 145 100 407 200 492 300 1247 400
45 0 5 780 0 1475 100 56 200 1466 300 1308 400
46 0 5 177 0 38 100 1222 200 522 300 485 400
47 0 5 894 0 553 100 932 200 945 300 557 400
48 0 5 279 0 165 100 1000 200 51 300 157 400
49 0 5 932 0 539 100 1368 200 557 300 1004 400
50 0 5 1356 0 13 100 1040 200 1278 300 1125 400
51 0 5 1245 0 157 100 526 200 1122 300 593 400
52 0 5 489 0 1317 100 883 200 1433 300 340 400
53 0 5 1288 0 357 100 148 200 1092 300 512 400
54 0 5 1471 0 705 100 406 200 726 300 243 400
55 0 5 429 0 756 100 242 200 920 300 923 400
56 0 5 1475 0 45 100 1257 200 1308 300 1022 400
57 0 5 412 0 187 100 759 200 768 300 842 400
58 0 5 1242 0 671 100 769 200 1161 300 114 400
59 0 5 561 0 1396 100 140 200 1438 300 1302 400
60 0 5 1318 0 277 100 530 200 1130 300 1115 400
61 0 5 974 0 621 100 915 200 919 300 712 400
62 0 5 1148 0 361 100 1143 200 332 300 356 400
63 0 5 728 0 1439 100 1184 200 1155 300 256 400
64 0 5 1103 0 1151 100 342 200 609 300 964 400
65 0 5 733 0 859 100 387 200 153 300 249 400
66 0 5 726 0 1500 100 1471 200 474 300 683 400
67 0 5 753 0 382 100 903 200 1010 300 1319 400
68 0 5 1107 0 1455 100 388 200 450 300 586 400
69 0 5 473 0 357 100 1470 200 512 300 1288 400
70 0 5 623 0 548 100 307 200 1421 300 242 400
71 0 5 490 0 996 100 1279 200 872 300 372 400
72 0 5 489 0 574 100 611 200 679 300 1188 400
73 0 5 994 0 83 100 1111 200 648 300 829 400
74 0 5 794 0 211 100 667 200 562 300 1285 400
75 0 5 1424 0 1012 100 545 200 680 300 519 400
76 0 5 245 0 938 100 531 200 1384 300 13 400
77 0 5 824 0 1096 100 817 200 1286 300 875 400
78 0 5 499 0 202 100 471 200 39 300 849 400
79 0 5 306 0 645 100 633 200 717 300 719 400
80 0 5 284 0 579 100 975 200 764 300 14 400
81 0 5 830 0 1121 100 999 200 207 300 1199 400
82 0 5 1505 0 1504 100 1009 200 817 300 1096 400
83 0 5 73 0 1111 100 265 200 1493 300 1038 400
84 0 5 1429 0 1227 100 117 200 986 300 214 400
85 0 5 284 0 410 100 851 200 14 300 902 400
86 0 5 208 0 30 100 777 200 227 300 647 400
87 0 5 1058 0 1271 100 1146 200 667 300 1285 400
88 0 5 1280 0 1103 100 1182 200 289 300 1486 400
89 0 5 253 0 291 100 684 200 167 300 1443 400
90 0 5 915 0 464 100 950 200 612 300 636 400
91 0 5 860 0 166 100 864 200 841 300 43 400
92 0 5 942 0 852 100 827 200 1311 300 1407 400
93 0 5 1085 0 1073 100 331 200 161 300 679 400
94 0 5 138 0 787 100 1382 200 770 300 1278 400
95 0 5 1301 0 452 100 547 200 1019 300 1205 400
96 0 5 1013 0 450 100 567 200 890 300 388 400
97 0 5 876 0 751 100 418 200 1392 300 590 400
98 0 5 688 0 3 100 807 200 224 300 1465 400
99 0 5 413 0 1487 100 171 200 218 300 394 400
100 0 5 1012 0 603 100 1424 200 488 300 983 400
101 0 5 886 0 670 100 767 200 1443 300 929 400
102 0 5 416 0 748 100 31 200 206 300 232 400
103 0 5 534 0 1078 100 1171 200 383 300 311 400
104 0 5 327 0 1162 100 977 200 554 300 1469 400
105 0 5 480 0 175 100 614 200 594 300 703 400
106 0 5 167 0 684 100 782 200 291 300 89 400
107 0 5 1229 0 24 100 664 200 692 300 280 400
108 0 5 650 0 929 100 984 200 970 300 814 400
109 0 5 1305 0 1024 100 1460 200 1410 300 304 400
110 0 5 126 0 517 100 1119 200 988 300 1344 400
111 0 5 675 0 958 100 1418 200 835 300 1374 400
112 0 5 1173 0 260 100 1387 200 398 300 1054 400
113 0 5 855 0 1342 100 4 200 126 300 560 400
114 0 5 1161 0 538 100 273 200 19 300 671 400
115 0 5 992 0 1025 100 765 200 1061 300 1104 400
116 0 5 431 0 182 100 1459 200 524 300 1160 400
117 0 5 986 0 1316 100 84 200 1429 300 973 400
118 0 5 887 0 891 100 1247 200 897 300 1154 400
119 0 5 1069 0 257 100 727 200 779 300 1264 400
120 0 5 852 0 827 100 352 200 1407 300 92 400
121 0 5 220 0 729 100 289 200 422 300 742 400
122 0 5 603 0 983 100 1424 200 961 300 604 400
123 0 5 305 0 535 100 430 200 337 300 509 400
124 0 5 660 0 320 100 433 200 565 300 1314 400
125 0 5 128 0 599 100 307 200 714 300 460 400
126 0 5 110 0 517 100 1342 200 113 300 1119 400
127 0 5 721 0 1383 100 577 200 740 300 1450 400
128 0 5 125 0 1481 100 152 200 41 300 339 400
129 0 5 410 0 1269 100 158 200 610 300 660 400
130 0 5 1251 0 813 100 963 200 743 300 847 400
131 0 5 1138 0 666 100 388 200 1455 300 68 400
132 0 5 837 0 418 100 590 200 350 300 551 400
133 0 5 134 0 1292 100 1287 200 611 300 676 400
134 0 5 133 0 676 100 1203 200 806 300 281 400
135 0 5 634 0 965 100 448 200 1011 300 696 400
136 0 5 737 0 353 100 1344 200 896 300 988 400
137 0 5 1050 0 1117 100 1260 200 681 300 411 400
138 0 5 94 0 1388 100 770 200 1278 300 345 400
139 0 5 536 0 928 100 169 200 282 300 283 400
140 0 5 972 0 561 100 1302 200 1480 300 321 400
141 0 5 686 0 176 100 438 200 1397 300 1008 400
142 0 5 1345 0 298 100 532 200 927 300 1464 400
143 0 5 354 0 508 100 1430 200 659 300 606 400
144 0 5 4 0 1340 100 560 200 715 300 1193 400
145 0 5 44 0 556 100 1064 200 1059 300 1420 400
146 0 5 578 0 640 100 678 200 925 300 1221 400
147 0 5 164 0 481 100 505 200 379 300 316 400
148 0 5 1112 0 1092 100 53 200 1407 300 357 400
149 0 5 196 0 1322 100 405 200 851 300 343 400
150 0 5 192 0 1498 100 580 200 832 300 572 400
151 0 5 672 0 8 100 437 200 898 300 1367 400
152 0 5 537 0 128 100 1481 200 1331 300 599 400
153 0 5 249 0 807 100 238 200 65 300 754 400
154 0 5 921 0 723 100 501 200 341 300 540 400
155 0 5 978 0 706 100 506 200 119 300 1264 400
156 0 5 1030 0 1014 100 1364 200 16 300 1238 400
157 0 5 593 0 279 100 51 200 1122 300 395 400
158 0 5 425 0 1269 100 129 200 290 300 1217 400
159 0 5 963 0 1466 100 130 200 780 300 1232 400
160 0 5 528 0 1365 100 1077 200 749 300 578 400
161 0 5 1156 0 1073 100 427 200 93 300 1352 400
162 0 5 1186 0 888 100 589 200 1259 300 1204 400
163 0 5 403 0 754 100 249 200 153 300 482 400
164 0 5 147 0 1350 100 316 200 505 300 944 400
165 0 5 48 0 1000 100 10 200 1021 300 279 400
166 0 5 91 0 841 100 43 200 848 300 860 400
167 0 5 684 0 106 100 89 200 840 300 291 400
168 0 5 426 0 374 100 459 200 1014 300 1058 400
169 0 5 536 0 359 100 139 200 283 300 666 400
170 0 5 42 0 288 100 264 200 1045 300 782 400
171 0 5 394 0 355 100 605 200 218 300 408 400
172 0 5 1102 0 20 100 212 200 1108 300 909 400
173 0 5 1141 0 1287 100 1052 200 676 300 52 400
174 0 5 215 0 197 100 568 200 1210 300 549 400
175 0 5 1131 0 105 100 480 200 614 300 703 400
176 0 5 141 0 931 100 1255 200 438 300 455 400
177 0 5 587 0 46 100 1222 200 964 300 38 400
178 0 5 31 0 845 100 206 200 602 300 1110 400
179 0 5 1178 0 790 100 781 200 752 300 1389 400
180 0 5 1167 0 444 100 1458 200 976 300 306 400
181 0 5 943 0 360 100 654 200 766 300 1300 400
182 0 5 477 0 12 100 254 200 116 300 1160 400
183 0 5 475 0 228 100 843 200 910 300 803 400
184 0 5 203 0 613 100 1487 200 25 300 5 400
185 0 5 309 0 466 100 404 200 1033 300 1304 400
186 0 5 1301 0 440 100 956 200 885 300 1223 400
187 0 5 1163 0 57 100 997 200 412 300 759 400
188 0 5 1260 0 411 100 681 200 414 300 219 400
189 0 5 1320 0 1016 100 226 200 658 300 804 400
190 0 5 1029 0 453 100 235 200 793 300 332 400
191 0 5 2 0 1450 100 461 200 657 300 237 400
192 0 5 150 0 1498 100 580 200 1298 300 832 400
193 0 5 1041 0 1089 100 665 200 934 300 1284 400
194 0 5 333 0 1091 100 857 200 875 300 1086 400
195 0 5 1188 0 574 100 1150 200 883 300 467 400
196 0 5 343 0 149 100 851 200 1322 300 405 400
197 0 5 1210 0 174 100 215 200 961 300 545 400
198 0 5 1208 0 514 100 644 200 210 300 506 400
199 0 5 600 0 213 100 484 200 1454 300 1316 400
200 0 5 1284 0 439 100 1465 200 733 300 297 400
201 0 5 43 0 1281 100 1195 200 473 300 860 400
202 0 5 471 0 78 100 499 200 229 300 1326 400
203 0 5 954 0 184 100 1487 200 566 300 1123 400
204 0 5 934 0 1390 100 1118 200 576 300 687 400
205 0 5 363 0 1183 100 973 200 268 300 986 400
206 0 5 31 0 602 100 178 200 102 300 416 400
207 0 5 1199 0 999 100 830 200 282 300 552 400
208 0 5 584 0 86 100 322 200 227 300 1360 400
209 0 5 491 0 1216 100 445 200 30 300 1191 400
210 0 5 9 0 1208 100 506 200 559 300 903 400
211 0 5 667 0 74 100 459 200 426 300 1058 400
212 0 5 1108 0 639 100 20 200 172 300 1084 400
213 0 5 1316 0 199 100 600 200 926 300 1454 400
214 0 5 1429 0 1454 100 966 200 84 300 1380 400
215 0 5 174 0 545 100 568 200 197 300 1210 400
216 0 5 950 0 698 100 1201 200 1166 300 464 400
217 0 5 705 0 1350 100 243 200 406 300 1446 400
218 0 5 408 0 28 100 171 200 413 300 99 400
219 0 5 414 0 1476 100 188 200 681 300 411 400
220 0 5 121 0 742 100 257 200 422 300 592 400
221 0 5 914 0 340 100 467 200 883 300 600 400
222 0 5 1097 0 424 100 281 200 1052 300 469 400
223 0 5 1150 0 225 100 679 200 427 300 1085 400
224 0 5 1233 0 3 100 98 200 1220 300 1492 400
225 0 5 223 0 427 100 633 200 1431 300 1085 400
226 0 5 189 0 6 100 1016 200 592 300 727 400
227 0 5 1303 0 647 100 86 200 208 300 99 400
228 0 5 338 0 475 100 910 200 615 300 183 400
229 0 5 1326 0 471 100 1076 200 661 300 202 400
230 0 5 702 0 828 100 1050 200 647 300 1303 400
231 0 5 721 0 495 100 628 200 127 300 1383 400
232 0 5 788 0 748 100 102 200 543 300 1111 400
233 0 5 1231 0 362 100 1147 200 864 300 18 400
234 0 5 783 0 1205 100 452 200 36 300 18 400
235 0 5 1422 0 311 100 951 200 383 300 453 400
236 0 5 399 0 420 100 404 200 588 300 185 400
237 0 5 657 0 334 100 949 200 2 300 191 400
238 0 5 807 0 153 100 688 200 3 300 98 400
239 0 5 1067 0 1002 100 29 200 884 300 1319 400
240 0 5 581 0 570 100 1272 200 1314 300 651 400
241 0 5 1414 0 1400 100 1165 200 507 300 354 400
242 0 5 756 0 623 100 70 200 1331 300 55 400
243 0 5 406 0 474 100 1361 200 217 300 1471 400
244 0 5 1440 0 819 100 1127 200 10 300 1021 400
245 0 5 76 0 375 100 1384 200 562 300 13 400
246 0 5 681 0 295 100 1117 200 833 300 643 400
247 0 5 1405 0 1201 100 960 200 1334 300 57 400
248 0 5 1045 0 419 100 604 200 1362 300 732 400
249 0 5 153 0 649 100 387 200 65 300 1178 400
250 0 5 1046 0 995 100 26 200 1038 300 1333 400
251 0 5 258 0 506 100 789 200 514 300 305 400
252 0 5 314 0 762 100 1490 200 35 300 441 400
253 0 5 89 0 673 100 840 200 814 300 1373 400
254 0 5 12 0 1074 100 182 200 483 300 985 400
255 0 5 653 0 461 100 700 200 34 300 521 400
256 0 5 1324 0 770 100 345 200 1155 300 1439 400
257 0 5 978 0 220 100 119 200 358 300 727 400
258 0 5 251 0 1399 100 706 200 506 300 305 400
259 0 5 871 0 1289 100 1015 200 1427 300 546 400
260 0 5 398 0 1173 100 112 200 286 300 1104 400
261 0 5 1336 0 937 100 1356 200 465 300 1040 400
262 0 5 299 0 1214 100 812 200 1341 300 1218 400
263 0 5 522 0 9 100 377 200 382 300 744 400
264 0 5 1419 0 288 100 1477 200 782 300 637 400
265 0 5 968 0 1391 100 920 200 616 300 83 400
266 0 5 677 0 1100 100 269 200 800 300 935 400
267 0 5 569 0 865 100 1406 200 11 300 892 400
268 0 5 1183 0 811 100 959 200 973 300 205 400
269 0 5 5 0 1330 100 266 200 800 300 1180 400
270 0 5 842 0 1275 100 659 200 1166 300 380 400
271 0 5 824 0 875 100 757 200 449 300 625 400
272 0 5 899 0 877 100 904 200 1258 300 696 400
273 0 5 33 0 114 100 872 200 1093 300 19 400
274 0 5 13 0 1094 100 1278 200 32 300 1307 400
275 0 5 1309 0 1132 100 1412 200 550 300 1057 400
276 0 5 347 0 351 100 434 200 417 300 1290 400
277 0 5 479 0 1130 100 60 200 1462 300 1473 400
278 0 5 971 0 318 100 1144 200 303 300 394 400
279 0 5 48 0 157 100 1021 200 1211 300 593 400
280 0 5 447 0 664 100 1229 200 107 300 692 400
281 0 5 676 0 1052 100 1203 200 469 300 222 400
282 0 5 738 0 1199 100 928 200 704 300 139 400
283 0 5 359 0 1121 100 666 200 1070 300 1199 400
284 0 5 14 0 80 100 902 200 85 300 975 400
285 0 5 821 0 716 100 1255 200 931 300 597 400
286 0 5 1173 0 335 100 1104 200 503 300 260 400
287 0 5 538 0 490 100 872 200 1161 300 273 400
288 0 5 170 0 782 100 264 200 1443 300 42 400
289 0 5 422 0 121 100 729 200 1103 300 88 400
290 0 5 158 0 1312 100 799 200 1217 300 1269 400
291 0 5 1328 0 89 100 929 200 106 300 1443 400
292 0 5 1171 0 324 100 887 200 1428 300 1198 400
293 0 5 1306 0 859 100 733 200 65 300 1284 400
294 0 5 5 0 867 100 825 200 613 300 1277 400
295 0 5 643 0 1177 100 246 200 1225 300 1413 400
296 0 5 1253 0 1463 100 1184 200 115 300 554 400
297 0 5 439 0 1492 100 1276 200 1465 300 200 400
298 0 5 555 0 142 100 628 200 1345 300 785 400
299 0 5 1341 0 262 100 1098 200 1137 300 1214 400
300 0 5 1267 0 820 100 877 200 1258 300 1209 400
301 0 5 775 0 1066 100 765 200 917 300 1494 400
302 0 5 1452 0 851 100 454 200 543 300 366 400
303 0 5 828 0 1144 100 278 200 1303 300 230 400
304 0 5 578 0 1365 100 1024 200 678 300 109 400
305 0 5 337 0 1436 100 123 200 789 300 258 400
306 0 5 717 0 79 100 180 200 719 300 645 400
307 0 5 460 0 70 100 125 200 623 300 599 400
308 0 5 1028 0 544 100 1485 200 617 300 1409 400
309 0 5 185 0 1042 100 404 200 466 300 1033 400
310 0 5 1274 0 1177 100 1230 200 833 300 295 400
311 0 5 1078 0 235 100 383 200 1134 300 103 400
312 0 5 499 0 39 100 693 200 78 300 202 400
313 0 5 708 0 1116 100 502 200 526 300 376 400
314 0 5 252 0 736 100 762 200 1179 300 1079 400
315 0 5 879 0 380 100 846 200 1299 300 412 400
316 0 5 618 0 689 100 164 200 596 300 505 400
317 0 5 867 0 1360 100 584 200 825 300 613 400
318 0 5 971 0 1144 100 278 200 355 300 303 400
319 0 5 1126 0 437 100 1048 200 8 300 619 400
320 0 5 433 0 565 100 124 200 1438 300 1314 400
321 0 5 1066 0 1236 100 335 200 140 300 503 400
322 0 5 1187 0 584 100 208 200 227 300 613 400
323 0 5 379 0 822 100 456 200 1395 300 1245 400
324 0 5 1081 0 718 100 292 200 329 300 1428 400
325 0 5 549 0 918 100 1157 200 695 300 19 400
326 0 5 483 0 622 100 407 200 1346 300 445 400
327 0 5 1295 0 977 100 104 200 1469 300 22 400
328 0 5 378 0 740 100 577 200 1001 300 1435 400
329 0 5 1081 0 533 100 324 200 1196 300 35 400
330 0 5 548 0 735 100 958 200 675 300 1421 400
331 0 5 711 0 93 100 1085 200 1073 300 1156 400
332 0 5 1130 0 793 100 361 200 62 300 1148 400
333 0 5 1086 0 194 100 1091 200 953 300 857 400
334 0 5 1001 0 949 100 237 200 657 300 740 400
335 0 5 286 0 503 100 1104 200 1066 300 321 400
336 0 5 1098 0 1322 100 405 200 1065 300 1341 400
337 0 5 430 0 305 100 755 200 1436 300 123 400
338 0 5 1026 0 228 100 615 200 475 300 801 400
339 0 5 714 0 41 100 482 200 1323 300 734 400
340 0 5 1188 0 221 100 883 200 467 300 195 400
341 0 5 1431 0 493 100 717 200 154 300 79 400
342 0 5 609 0 964 100 64 200 572 300 940 400
343 0 5 196 0 1272 100 1322 200 149 300 851 400
344 0 5 898 0 1367 100 1359 200 40 300 516 400
345 0 5 1388 0 1155 100 256 200 770 300 1278 400
346 0 5 683 0 1453 100 1315 200 1194 300 806 400
347 0 5 276 0 1149 100 1142 200 521 300 351 400
348 0 5 475 0 889 100 843 200 1077 300 228 400
349 0 5 1195 0 544 100 617 200 691 300 868 400
350 0 5 876 0 590 100 418 200 132 300 1392 400
351 0 5 892 0 276 100 865 200 417 300 510 400
352 0 5 500 0 120 100 23 200 1407 300 1007 400
353 0 5 737 0 136 100 512 200 1344 300 53 400
354 0 5 1366 0 1423 100 1165 200 143 300 1082 400
355 0 5 605 0 971 100 171 200 394 300 278 400
356 0 5 1143 0 1135 100 365 200 361 300 793 400
357 0 5 1288 0 69 100 53 200 148 300 1407 400
358 0 5 559 0 978 100 257 200 506 300 377 400
359 0 5 283 0 169 100 139 200 536 300 928 400
360 0 5 181 0 1095 100 1300 200 1449 300 497 400
361 0 5 62 0 332 100 1143 200 356 300 793 400
362 0 5 233 0 656 100 1147 200 1243 300 1231 400
363 0 5 205 0 986 100 973 200 853 300 589 400
364 0 5 1441 0 779 100 1397 200 597 300 455 400
365 0 5 946 0 453 100 1490 200 356 300 793 400
366 0 5 764 0 994 100 454 200 14 300 975 400
367 0 5 768 0 1069 100 779 200 1334 300 1235 400
368 0 5 482 0 1323 100 790 200 781 300 1489 400
369 0 5 629 0 1442 100 682 200 1035 300 1096 400
370 0 5 638 0 877 100 882 200 899 300 1372 400
371 0 5 701 0 1348 100 1432 200 1031 300 1099 400
372 0 5 624 0 1037 100 507 200 1313 300 1242 400
373 0 5 1108 0 1102 100 1036 200 1297 300 441 400
374 0 5 979 0 168 100 459 200 626 300 1238 400
375 0 5 245 0 562 100 1384 200 1385 300 1307 400
376 0 5 998 0 710 100 502 200 1116 300 1086 400
377 0 5 9 0 263 100 559 200 210 300 358 400
378 0 5 328 0 397 100 1001 200 1435 300 577 400
379 0 5 323 0 1395 100 147 200 481 300 164 400
380 0 5 315 0 846 100 1275 200 842 300 270 400
381 0 5 1480 0 1164 100 952 200 900 300 704 400
382 0 5 753 0 744 100 67 200 263 300 903 400
383 0 5 1134 0 1078 100 311 200 1413 300 1059 400
384 0 5 1218 0 1153 100 586 200 1214 300 812 400
385 0 5 1134 0 893 100 235 200 311 300 383 400
386 0 5 680 0 519 100 568 200 75 300 545 400
387 0 5 1337 0 1501 100 249 200 859 300 65 400
388 0 5 1455 0 450 100 68 200 567 300 131 400
389 0 5 1212 0 919 100 916 200 685 300 1304 400
390 0 5 1371 0 1492 100 595 200 439 300 224 400
391 0 5 938 0 465 100 1364 200 1030 300 156 400
392 0 5 815 0 1326 100 1495 200 989 300 229 400
393 0 5 494 0 28 100 409 200 408 300 413 400
394 0 5 1303 0 171 100 355 200 99 300 278 400
395 0 5 1211 0 1215 100 1021 200 871 300 1404 400
396 0 5 981 0 873 100 1221 200 619 300 678 400
397 0 5 378 0 1001 100 1072 200 328 300 890 400
398 0 5 260 0 1381 100 1387 200 112 300 1173 400
399 0 5 236 0 404 100 420 200 1037 300 588 400
400 0 5 912 0 619 100 627 200 1126 300 870 400
401 0 5 669 0 925 100 1459 200 640 300 894 400
402 0 5 1082 0 1313 100 420 200 612 300 1414 400
403 0 5 163 0 1178 100 781 200 482 300 179 400
404 0 5 185 0 236 100 399 200 588 300 309 400
405 0 5 336 0 1322 100 149 200 1065 300 1098 400
406 0 5 243 0 1471 100 474 200 217 300 705 400
407 0 5 492 0 1346 100 326 200 44 300 483 400
408 0 5 605 0 218 100 393 200 28 300 171 400
409 0 5 494 0 1105 100 393 200 408 300 605 400
410 0 5 1434 0 129 100 85 200 902 300 158 400
411 0 5 1260 0 188 100 1491 200 414 300 564 400
412 0 5 57 0 879 100 187 200 380 300 315 400
413 0 5 99 0 955 100 218 200 28 300 494 400
414 0 5 219 0 564 100 411 200 188 300 1476 400
415 0 5 1499 0 588 100 1075 200 834 300 1234 400
416 0 5 102 0 31 100 543 200 149 300 206 400
417 0 5 930 0 11 100 865 200 434 300 351 400
418 0 5 132 0 551 100 350 200 787 300 590 400
419 0 5 1158 0 732 100 248 200 913 300 1093 400
420 0 5 1313 0 236 100 399 200 402 300 1037 400
421 0 5 36 0 18 100 776 200 1002 300 990 400
422 0 5 289 0 742 100 121 200 592 300 220 400
423 0 5 487 0 1312 100 1343 200 641 300 799 400
424 0 5 222 0 745 100 1052 200 970 300 906 400
425 0 5 1217 0 158 100 1269 200 129 300 1343 400
426 0 5 168 0 459 100 211 200 667 300 1014 400
427 0 5 225 0 161 100 1156 200 1073 300 223 400
428 0 5 695 0 668 100 772 200 1348 300 701 400
429 0 5 55 0 923 100 766 200 756 300 920 400
430 0 5 337 0 535 100 123 200 509 300 755 400
431 0 5 116 0 524 100 945 200 932 300 1459 400
432 0 5 1152 0 478 100 1088 200 1012 300 75 400
433 0 5 1314 0 320 100 124 200 1438 300 652 400
434 0 5 930 0 1472 100 457 200 276 300 417 400
435 0 5 758 0 591 100 1310 200 884 300 1067 400
436 0 5 1233 0 1068 100 1220 200 501 300 1379 400
437 0 5 1335 0 319 100 8 200 151 300 1048 400
438 0 5 674 0 141 100 1416 200 1034 300 790 400
439 0 5 200 0 297 100 1492 200 1465 300 1284 400
440 0 5 1223 0 186 100 885 200 547 300 520 400
441 0 5 1135 0 713 100 373 200 1490 300 252 400
442 0 5 1457 0 881 100 1402 200 552 300 590 400
443 0 5 1146 0 541 100 1445 200 1228 300 1271 400
444 0 5 723 0 180 100 595 200 1458 300 306 400
445 0 5 1175 0 622 100 1216 200 209 300 947 400
446 0 5 1293 0 1433 100 1373 200 673 300 1176 400
447 0 5 1481 0 1376 100 692 200 280 300 152 400
448 0 5 965 0 796 100 135 200 634 300 1011 400
449 0 5 1170 0 1425 100 1254 200 1479 300 271 400
450 0 5 96 0 388 100 68 200 567 300 1013 400
451 0 5 1473 0 479 100 1036 200 713 300 1297 400
452 0 5 1019 0 95 100 1205 200 547 300 1301 400
453 0 5 190 0 365 100 946 200 1196 300 35 400
454 0 5 1452 0 366 100 14 200 302 300 994 400
455 0 5 597 0 1255 100 1441 200 176 300 1264 400
456 0 5 1395 0 1245 100 323 200 51 300 901 400
457 0 5 550 0 930 100 1485 200 434 300 1472 400
458 0 5 815 0 1185 100 989 200 532 300 392 400
459 0 5 426 0 667 100 211 200 1058 300 374 400
460 0 5 714 0 307 100 734 200 548 300 70 400
461 0 5 2 0 255 100 191 200 1450 300 653 400
462 0 5 1008 0 646 100 752 200 686 300 1265 400
463 0 5 983 0 488 100 771 200 122 300 1012 400
464 0 5 90 0 1166 100 659 200 950 300 636 400
465 0 5 391 0 531 100 1125 200 1336 300 76 400
466 0 5 1033 0 185 100 309 200 1304 300 404 400
467 0 5 525 0 1188 100 221 200 600 300 195 400
468 0 5 962 0 606 100 1118 200 1128 300 1023 400
469 0 5 1203 0 694 100 281 200 676 300 222 400
470 0 5 1370 0 1246 100 1320 200 960 300 189 400
471 0 5 202 0 1326 100 229 200 78 300 1076 400
472 0 5 1391 0 796 100 697 200 968 300 265 400
473 0 5 1470 0 69 100 860 200 1195 300 201 400
474 0 5 1361 0 243 100 406 200 1453 300 66 400
475 0 5 348 0 803 100 228 200 183 300 338 400
476 0 5 977 0 1106 100 620 200 1155 300 1295 400
477 0 5 182 0 12 100 985 200 1160 300 116 400
478 0 5 1113 0 432 100 1152 200 519 300 1088 400
479 0 5 451 0 277 100 1148 200 1473 300 713 400
480 0 5 105 0 1174 100 594 200 1332 300 1349 400
481 0 5 822 0 147 100 505 200 379 300 316 400
482 0 5 368 0 1323 100 41 200 339 300 403 400
483 0 5 326 0 1346 100 407 200 1074 300 254 400
484 0 5 1454 0 645 100 966 200 199 300 863 400
485 0 5 786 0 1151 100 38 200 522 300 729 400
486 0 5 991 0 809 100 854 200 1421 300 878 400
487 0 5 1349 0 423 100 641 200 594 300 1343 400
488 0 5 463 0 670 100 771 200 1012 300 100 400
489 0 5 52 0 72 100 883 200 1188 300 1317 400
490 0 5 71 0 1242 100 287 200 1161 300 372 400
491 0 5 209 0 30 100 564 200 647 300 1216 400
492 0 5 797 0 407 100 44 200 1346 300 145 400
493 0 5 341 0 921 100 1431 200 1352 300 717 400
494 0 5 409 0 393 100 28 200 413 300 955 400
495 0 5 598 0 231 100 1172 200 1043 300 721 400
496 0 5 575 0 893 100 1230 200 1413 300 383 400
497 0 5 778 0 1136 100 1095 200 1202 300 661 400
498 0 5 1479 0 1170 100 529 200 632 300 449 400
499 0 5 312 0 78 100 202 200 471 300 39 400
500 0 5 352 0 23 100 1007 200 120 300 1133 400
501 0 5 540 0 1510 100 1511 200 154 300 921 400
502 0 5 708 0 722 100 1015 200 313 300 527 400
503 0 5 335 0 1054 100 286 200 1312 300 1173 400
504 0 5 627 0 816 100 1054 200 870 300 400 400
505 0 5 953 0 147 100 596 200 164 300 316 400
506 0 5 210 0 251 100 358 200 155 300 706 400
507 0 5 792 0 1414 100 624 200 372 300 1400 400
508 0 5 725 0 606 100 143 200 659 300 1299 400
509 0 5 1484 0 430 100 755 200 337 300 1338 400
510 0 5 892 0 1393 100 521 200 351 300 569 400
511 0 5 942 0 1311 100 1243 200 1407 300 362 400
512 0 5 353 0 1190 100 737 200 693 300 69 400
513 0 5 1338 0 1444 100 755 200 922 300 1484 400
514 0 5 198 0 789 100 644 200 251 300 506 400
515 0 5 1142 0 1358 100 795 200 1226 300 1290 400
516 0 5 582 0 924 100 344 200 40 300 1359 400
517 0 5 988 0 110 100 126 200 1119 300 542 400
518 0 5 553 0 774 100 1051 200 987 300 873 400
519 0 5 386 0 1152 100 75 200 1113 300 478 400
520 0 5 547 0 841 100 440 200 1223 300 166 400
521 0 5 1393 0 510 100 653 200 1450 300 1149 400
522 0 5 744 0 263 100 1222 200 485 300 46 400
523 0 5 1377 0 1262 100 1342 200 922 300 855 400
524 0 5 945 0 431 100 1459 200 894 300 116 400
525 0 5 467 0 633 100 1150 200 574 300 874 400
526 0 5 1122 0 51 100 1116 200 313 300 708 400
527 0 5 1015 0 1289 100 856 200 502 300 757 400
528 0 5 749 0 160 100 1447 200 578 300 1365 400
529 0 5 980 0 498 100 1353 200 639 300 1084 400
530 0 5 1115 0 1468 100 60 200 908 300 1404 400
531 0 5 1125 0 465 100 76 200 50 300 13 400
532 0 5 927 0 815 100 142 200 458 300 1185 400
533 0 5 951 0 1196 100 329 200 762 300 1422 400
534 0 5 103 0 1059 100 1171 200 383 300 1078 400
535 0 5 123 0 430 100 716 200 933 300 305 400
536 0 5 169 0 139 100 1138 200 928 300 666 400
537 0 5 696 0 152 100 1011 200 1331 300 448 400
538 0 5 287 0 1161 100 114 200 273 300 872 400
539 0 5 557 0 1368 100 49 200 1051 300 932 400
540 0 5 1371 0 501 100 154 200 723 300 1492 400
541 0 5 1445 0 443 100 566 200 1478 300 826 400
542 0 5 823 0 805 100 1296 200 517 300 896 400
543 0 5 748 0 302 100 416 200 851 300 895 400
544 0 5 308 0 617 100 349 200 1028 300 1195 400
545 0 5 680 0 215 100 75 200 961 300 568 400
546 0 5 1206 0 1353 100 980 200 259 300 1427 400
547 0 5 520 0 95 100 1019 200 440 300 452 400
548 0 5 330 0 70 100 734 200 460 300 307 400
549 0 5 325 0 1006 100 918 200 19 300 1210 400
550 0 5 1403 0 1159 100 457 200 275 300 1412 400
551 0 5 418 0 770 100 787 200 132 300 94 400
552 0 5 952 0 1457 100 738 200 1199 300 442 400
553 0 5 518 0 47 100 873 200 1051 300 557 400
554 0 5 728 0 104 100 1184 200 977 300 476 400
555 0 5 298 0 628 100 1153 200 142 300 1345 400
556 0 5 1420 0 145 100 797 200 1059 300 1225 400
557 0 5 539 0 1051 100 932 200 47 300 49 400
558 0 5 1200 0 709 100 567 200 1070 300 1072 400
559 0 5 358 0 377 100 210 200 9 300 506 400
560 0 5 4 0 1139 100 855 200 144 300 1296 400
561 0 5 59 0 1396 100 1480 200 140 300 381 400
562 0 5 794 0 375 100 1385 200 74 300 938 400
563 0 5 1224 0 1432 100 1348 200 967 300 1099 400
564 0 5 1491 0 414 100 491 200 411 300 1191 400
565 0 5 1302 0 320 100 1236 200 1438 300 124 400
566 0 5 1445 0 1123 100 1478 200 541 300 826 400
567 0 5 1200 0 1072 100 388 200 890 300 450 400
568 0 5 1375 0 174 100 215 200 1113 300 545 400
569 0 5 34 0 267 100 892 200 510 300 865 400
570 0 5 240 0 1314 100 907 200 651 300 581 400
571 0 5 731 0 759 100 646 200 1250 300 1252 400
572 0 5 940 0 832 100 342 200 580 300 609 400
573 0 5 1219 0 704 100 928 200 900 300 812 400
574 0 5 1150 0 679 100 72 200 195 300 611 400
575 0 5 1230 0 496 100 1413 200 383 300 1177 400
576 0 5 1339 0 934 100 665 200 1128 300 1284 400
577 0 5 740 0 1435 100 127 200 328 300 1020 400
578 0 5 304 0 146 100 1365 200 925 300 678 400
579 0 5 1321 0 1039 100 80 200 902 300 1174 400
580 0 5 832 0 150 100 192 200 1298 300 1437 400
581 0 5 240 0 652 100 1314 200 1272 300 570 400
582 0 5 516 0 40 100 924 200 1360 300 1049 400
583 0 5 602 0 989 100 1110 200 1185 300 1325 400
584 0 5 208 0 322 100 317 200 1360 300 613 400
585 0 5 1282 0 1105 100 1146 200 1478 300 955 400
586 0 5 1107 0 1153 100 384 200 68 300 812 400
587 0 5 964 0 177 100 342 200 572 300 46 400
588 0 5 834 0 415 100 404 200 399 300 1075 400
589 0 5 853 0 1419 100 162 200 1259 300 1186 400
590 0 5 1392 0 350 100 132 200 1496 300 837 400
591 0 5 435 0 827 100 29 200 1147 300 239 400
592 0 5 742 0 727 100 226 200 422 300 257 400
593 0 5 157 0 1122 100 51 200 1021 300 279 400
594 0 5 1349 0 911 100 614 200 480 300 487 400
595 0 5 1458 0 390 100 444 200 1041 300 1371 400
596 0 5 618 0 798 100 316 200 505 300 1086 400
597 0 5 1441 0 455 100 1255 200 364 300 716 400
598 0 5 1043 0 495 100 741 200 1120 300 1172 400
599 0 5 1331 0 623 100 125 200 307 300 152 400
600 0 5 199 0 221 100 467 200 213 300 525 400
601 0 5 808 0 1192 100 1319 200 753 300 67 400
602 0 5 583 0 206 100 1325 200 178 300 989 400
603 0 5 122 0 100 100 1424 200 983 300 1012 400
604 0 5 1362 0 983 100 961 200 248 300 771 400
605 0 5 408 0 355 100 171 200 393 300 218 400
606 0 5 1023 0 468 100 508 200 725 300 699 400
607 0 5 1241 0 1172 100 1005 200 495 300 1383 400
608 0 5 838 0 1402 100 1496 200 917 300 1164 400
609 0 5 1486 0 342 100 64 200 940 300 1103 400
610 0 5 1044 0 660 100 129 200 1269 300 410 400
611 0 5 1287 0 1292 100 72 200 574 300 133 400
612 0 5 636 0 712 100 1082 200 402 300 90 400
613 0 5 825 0 184 100 25 200 294 300 322 400
614 0 5 594 0 105 100 1349 200 911 300 739 400
615 0 5 228 0 910 100 801 200 338 300 1026 400
616 0 5 730 0 265 100 920 200 1391 300 943 400
617 0 5 544 0 1028 100 349 200 1195 300 1281 400
618 0 5 596 0 316 100 689 200 798 300 505 400
619 0 5 1126 0 400 100 912 200 981 300 319 400
620 0 5 1295 0 1106 100 935 200 476 300 1100 400
621 0 5 61 0 1347 100 915 200 950 300 1408 400
622 0 5 326 0 445 100 1175 200 936 300 483 400
623 0 5 599 0 70 100 242 200 307 300 125 400
624 0 5 372 0 996 100 507 200 71 300 792 400
625 0 5 857 0 1286 100 875 200 271 300 1096 400
626 0 5 1014 0 1237 100 16 200 1238 300 374 400
627 0 5 504 0 400 100 870 200 912 300 1410 400
628 0 5 1169 0 555 100 298 200 1153 300 231 400
629 0 5 369 0 798 100 682 200 1035 300 1442 400
630 0 5 1133 0 23 100 1342 200 126 300 1119 400
631 0 5 1087 0 868 100 1190 200 691 300 512 400
632 0 5 1479 0 939 100 639 200 449 300 498 400
633 0 5 1431 0 874 100 79 200 525 300 225 400
634 0 5 899 0 135 100 696 200 448 300 26 400
635 0 5 1488 0 724 100 682 200 1453 300 474 400
636 0 5 1366 0 612 100 1082 200 464 300 90 400
637 0 5 1259 0 1419 100 684 200 1186 300 264 400
638 0 5 866 0 370 100 889 200 300 300 1267 400
639 0 5 1084 0 212 100 632 200 939 300 1108 400
640 0 5 146 0 669 100 678 200 401 300 925 400
641 0 5 1321 0 487 100 1343 200 1174 300 423 400
642 0 5 1101 0 1500 100 1203 200 806 300 683 400
643 0 5 1225 0 295 100 246 200 681 300 1177 400
644 0 5 1310 0 198 100 1268 200 1208 300 514 400
645 0 5 79 0 484 100 306 200 874 300 966 400
646 0 5 1265 0 462 100 571 200 731 300 1252 400
647 0 5 1491 0 227 100 30 200 491 300 702 400
648 0 5 829 0 839 100 1038 200 73 300 83 400
649 0 5 1386 0 249 100 1178 200 752 300 387 400
650 0 5 984 0 108 100 814 200 291 300 89 400
651 0 5 1083 0 1219 100 812 200 570 300 240 400
652 0 5 1044 0 581 100 1314 200 433 300 570 400
653 0 5 255 0 700 100 521 200 34 300 461 400
654 0 5 766 0 1300 100 181 200 429 300 923 400
655 0 5 1467 0 1403 100 1132 200 1159 300 267 400
656 0 5 1243 0 362 100 1311 200 1147 300 29 400
657 0 5 237 0 949 100 740 200 1450 300 2 400
658 0 5 1334 0 1235 100 750 200 804 300 810 400
659 0 5 1275 0 464 100 725 200 1299 300 270 400
660 0 5 1269 0 124 100 610 200 129 300 290 400
661 0 5 778 0 229 100 1076 200 497 300 896 400
662 0 5 743 0 1053 100 1022 200 1475 300 1154 400
663 0 5 1504 0 1503 100 1047 200 1077 300 1068 400
664 0 5 24 0 107 100 820 200 280 300 1114 400
665 0 5 1089 0 1128 100 193 200 576 300 1380 400
666 0 5 1070 0 1138 100 131 200 283 300 536 400
667 0 5 211 0 74 100 459 200 1058 300 87 400
668 0 5 1456 0 428 100 701 200 1348 300 695 400
669 0 5 401 0 894 100 640 200 678 300 524 400
670 0 5 488 0 101 100 767 200 929 300 771 400
671 0 5 769 0 834 100 58 200 1075 300 19 400
672 0 5 151 0 898 100 1469 200 22 300 8 400
673 0 5 1373 0 253 100 1176 200 446 300 1433 400
674 0 5 781 0 438 100 1034 200 179 300 790 400
675 0 5 111 0 1416 100 958 200 330 300 734 400
676 0 5 1141 0 281 100 134 200 173 300 1203 400
677 0 5 266 0 1277 100 1270 200 5 300 269 400
678 0 5 1221 0 146 100 304 200 669 300 578 400
679 0 5 574 0 1085 100 1292 200 223 300 72 400
680 0 5 386 0 545 100 75 200 961 300 519 400
681 0 5 246 0 188 100 1260 200 1117 300 137 400
682 0 5 1035 0 724 100 635 200 629 300 1361 400
683 0 5 346 0 806 100 1101 200 1453 300 1500 400
684 0 5 167 0 106 100 637 200 89 300 840 400
685 0 5 916 0 1417 100 389 200 1124 300 1357 400
686 0 5 1008 0 141 100 731 200 462 300 1252 400
687 0 5 1339 0 997 100 859 200 204 300 1306 400
688 0 5 98 0 807 100 3 200 238 300 720 400
689 0 5 944 0 316 100 618 200 798 300 164 400
690 0 5 763 0 1131 100 910 200 1332 300 1071 400
691 0 5 1197 0 1087 100 349 200 631 300 868 400
692 0 5 1229 0 41 100 447 200 107 300 482 400
693 0 5 1190 0 1076 100 312 200 512 300 1197 400
694 0 5 726 0 469 100 1500 200 1203 300 66 400
695 0 5 428 0 1031 100 772 200 325 300 549 400
696 0 5 537 0 634 100 904 200 899 300 448 400
697 0 5 968 0 1333 100 472 200 796 300 965 400
698 0 5 1408 0 216 100 1201 200 960 300 950 400
699 0 5 1380 0 1430 100 1273 200 84 300 1227 400
700 0 5 34 0 653 100 255 200 521 300 892 400
701 0 5 1456 0 371 100 1348 200 668 300 1031 400
702 0 5 230 0 1050 100 647 200 1491 300 137 400
703 0 5 911 0 739 100 1145 200 1461 300 105 400
704 0 5 738 0 573 100 928 200 900 300 381 400
705 0 5 54 0 217 100 406 200 1350 300 1471 400
706 0 5 155 0 1264 100 506 200 1399 300 258 400
707 0 5 1149 0 795 100 1241 200 1142 300 1383 400
708 0 5 313 0 502 100 526 200 722 300 1215 400
709 0 5 558 0 1070 100 283 200 666 300 567 400
710 0 5 901 0 376 100 505 200 1116 300 953 400
711 0 5 1519 0 331 100 1518 200 836 300 37 400
712 0 5 1304 0 915 100 612 200 919 300 974 400
713 0 5 441 0 1036 100 1135 200 479 300 373 400
714 0 5 460 0 339 100 125 200 307 300 734 400
715 0 5 1449 0 1340 100 144 200 1136 300 560 400
716 0 5 285 0 821 100 535 200 1399 300 597 400
717 0 5 306 0 341 100 79 200 493 300 154 400
718 0 5 1428 0 324 100 1081 200 762 300 1179 400
719 0 5 863 0 306 100 79 200 966 300 444 400
720 0 5 688 0 3 100 107 200 238 300 1229 400
721 0 5 231 0 127 100 1383 200 495 300 577 400
722 0 5 1215 0 1015 100 502 200 708 300 527 400
723 0 5 154 0 444 100 921 200 717 300 540 400
724 0 5 635 0 682 100 1453 200 1378 300 474 400
725 0 5 508 0 659 100 1299 200 606 300 1023 400
726 0 5 66 0 694 100 1471 200 1500 300 474 400
727 0 5 592 0 1069 100 119 200 1016 300 226 400
728 0 5 554 0 63 100 1155 200 1184 300 256 400
729 0 5 121 0 1151 100 289 200 1103 300 485 400
730 0 5 616 0 1493 100 943 200 265 300 788 400
731 0 5 571 0 1252 100 686 200 646 300 462 400
732 0 5 33 0 419 100 1158 200 248 300 1362 400
733 0 5 65 0 1465 100 1284 200 293 300 200 400
734 0 5 460 0 548 100 675 200 1323 300 339 400
735 0 5 330 0 958 100 835 200 991 300 111 400
736 0 5 314 0 1079 100 1102 200 1179 300 373 400
737 0 5 136 0 353 100 512 200 1344 300 693 400
738 0 5 282 0 704 100 928 200 552 300 1199 400
739 0 5 993 0 703 100 1461 200 1145 300 1263 400
740 0 5 577 0 328 100 127 200 657 300 949 400
741 0 5 1120 0 598 100 849 200 1326 300 1043 400
742 0 5 592 0 422 100 220 200 121 300 257 400
743 0 5 662 0 1154 100 130 200 891 300 1466 400
744 0 5 522 0 1222 100 382 200 263 300 1192 400
745 0 5 1293 0 906 100 424 200 970 300 446 400
746 0 5 819 0 1468 100 1181 200 908 300 530 400
747 0 5 982 0 1117 100 1144 200 833 300 137 400
748 0 5 543 0 232 100 102 200 788 300 895 400
749 0 5 528 0 1447 100 578 200 160 300 1365 400
750 0 5 810 0 1235 100 658 200 1016 300 1069 400
751 0 5 97 0 773 100 1392 200 590 300 418 400
752 0 5 1265 0 179 100 462 200 1386 300 1178 400
753 0 5 67 0 382 100 601 200 1192 300 744 400
754 0 5 163 0 153 100 781 200 692 300 179 400
755 0 5 1338 0 337 100 1436 200 513 300 509 400
756 0 5 242 0 55 100 923 200 429 300 920 400
757 0 5 998 0 875 100 271 200 1254 300 856 400
758 0 5 435 0 884 100 1067 200 1310 300 239 400
759 0 5 768 0 571 100 1250 200 187 300 1163 400
760 0 5 1385 0 1285 100 1415 200 1283 300 1180 400
761 0 5 1489 0 1034 100 1416 200 675 300 734 400
762 0 5 252 0 35 100 1179 200 718 300 1490 400
763 0 5 690 0 831 100 17 200 1332 300 1071 400
764 0 5 366 0 975 100 14 200 80 300 994 400
765 0 5 1066 0 115 100 1104 200 301 300 1463 400
766 0 5 654 0 429 100 923 200 943 300 920 400
767 0 5 771 0 101 100 670 200 886 300 248 400
768 0 5 367 0 759 100 779 200 1334 300 1069 400
769 0 5 671 0 1037 100 58 200 834 300 399 400
770 0 5 1324 0 256 100 787 200 551 300 345 400
771 0 5 767 0 488 100 670 200 463 300 983 400
772 0 5 1088 0 1375 100 695 200 428 300 568 400
773 0 5 1017 0 751 100 1483 200 937 300 1497 400
774 0 5 518 0 987 100 873 200 981 300 619 400
775 0 5 972 0 301 100 917 200 140 300 1494 400
776 0 5 18 0 7 100 421 200 1147 300 1002 400
777 0 5 1049 0 1360 100 86 200 30 300 582 400
778 0 5 497 0 661 100 805 200 1202 300 896 400
779 0 5 364 0 367 100 1252 200 1069 300 1397 400
780 0 5 45 0 1411 100 1513 200 1308 300 1512 400
781 0 5 179 0 674 100 790 200 403 300 1178 400
782 0 5 106 0 288 100 264 200 1443 300 89 400
783 0 5 234 0 36 100 421 200 18 300 990 400
784 0 5 1004 0 948 100 844 200 1368 300 1049 400
785 0 5 927 0 1043 100 142 200 532 300 598 400
786 0 5 38 0 485 100 1151 200 64 300 964 400
787 0 5 1382 0 94 100 770 200 551 300 418 400
788 0 5 232 0 895 100 1493 200 748 300 730 400
789 0 5 514 0 251 100 1007 200 305 300 1436 400
790 0 5 1389 0 179 100 781 200 368 300 674 400
791 0 5 1294 0 1267 100 1379 200 1068 300 866 400
792 0 5 507 0 862 100 1279 200 996 300 811 400
793 0 5 1029 0 332 100 365 200 361 300 356 400
794 0 5 74 0 562 100 1385 200 1285 300 667 400
795 0 5 707 0 1005 100 515 200 1241 300 1149 400
796 0 5 448 0 472 100 965 200 1333 300 1331 400
797 0 5 492 0 947 100 556 200 1420 300 1225 400
798 0 5 629 0 596 100 689 200 618 300 944 400
799 0 5 1217 0 1343 100 1312 200 290 300 423 400
800 0 5 1415 0 1330 100 266 200 1180 300 269 400
801 0 5 1263 0 1026 100 615 200 739 300 1018 400
802 0 5 1369 0 1228 100 1123 200 1445 300 1285 400
803 0 5 475 0 1372 100 889 200 183 300 370 400
804 0 5 1320 0 1405 100 658 200 189 300 960 400
805 0 5 1296 0 1202 100 542 200 778 300 823 400
806 0 5 1101 0 683 100 1203 200 134 300 1453 400
807 0 5 688 0 153 100 1465 200 98 300 238 400
808 0 5 601 0 1256 100 1192 200 1319 300 1327 400
809 0 5 1421 0 486 100 923 200 854 300 242 400
810 0 5 750 0 1016 100 658 200 1235 300 804 400
811 0 5 1279 0 268 100 862 200 973 300 792 400
812 0 5 651 0 384 100 262 200 1219 300 573 400
813 0 5 847 0 1074 100 891 200 1247 300 1346 400
814 0 5 1355 0 984 100 650 200 89 300 291 400
815 0 5 458 0 392 100 532 200 989 300 1326 400
816 0 5 1387 0 504 100 112 200 627 300 319 400
817 0 5 939 0 1009 100 82 200 77 300 1425 400
818 0 5 1453 0 1315 100 1194 200 941 300 1378 400
819 0 5 746 0 1127 100 244 200 1468 300 1181 400
820 0 5 24 0 300 100 664 200 1114 300 1258 400
821 0 5 285 0 931 100 1255 200 716 300 933 400
822 0 5 323 0 481 100 505 200 379 300 147 400
823 0 5 542 0 896 100 805 200 517 300 778 400
824 0 5 271 0 77 100 449 200 1425 300 875 400
825 0 5 867 0 613 100 294 200 317 300 584 400
826 0 5 1478 0 955 100 566 200 1282 300 541 400
827 0 5 852 0 120 100 92 200 591 300 942 400
828 0 5 303 0 230 100 1144 200 647 300 702 400
829 0 5 648 0 839 100 1039 200 975 300 73 400
830 0 5 81 0 1392 100 999 200 590 300 1121 400
831 0 5 17 0 763 100 1332 200 1071 300 175 400
832 0 5 580 0 572 100 192 200 150 300 1437 400
833 0 5 982 0 1274 100 1117 200 246 300 747 400
834 0 5 588 0 671 100 769 200 415 300 1075 400
835 0 5 1484 0 735 100 991 200 1418 300 111 400
836 0 5 1194 0 1519 100 1520 200 1062 300 1315 400
837 0 5 1496 0 132 100 590 200 1402 300 418 400
838 0 5 608 0 1363 100 917 200 21 300 1496 400
839 0 5 648 0 1038 100 829 200 1332 300 250 400
840 0 5 888 0 1204 100 253 200 673 300 1373 400
841 0 5 520 0 166 100 864 200 547 300 1019 400
842 0 5 270 0 1166 100 380 200 247 300 1201 400
843 0 5 889 0 348 100 1077 200 183 300 228 400
844 0 5 1368 0 880 100 784 200 924 300 1004 400
845 0 5 1110 0 178 100 1065 200 31 300 602 400
846 0 5 1275 0 380 100 315 200 1299 300 659 400
847 0 5 1251 0 813 100 1074 200 891 300 130 400
848 0 5 1451 0 43 100 1129 200 166 300 1223 400
849 0 5 1063 0 1120 100 741 200 1326 300 78 400
850 0 5 869 0 1309 100 1132 200 655 300 1140 400
851 0 5 302 0 1452 100 149 200 196 300 343 400
852 0 5 827 0 120 100 92 200 942 300 591 400
853 0 5 926 0 589 100 363 200 986 300 1419 400
854 0 5 878 0 486 100 922 200 1426 300 1340 400
855 0 5 113 0 560 100 4 200 1342 300 144 400
856 0 5 1289 0 1254 100 527 200 1170 300 529 400
857 0 5 625 0 1091 100 194 200 1286 300 875 400
858 0 5 1261 0 1145 100 1460 200 1461 300 703 400
859 0 5 1337 0 293 100 65 200 1306 300 387 400
860 0 5 91 0 473 100 166 200 201 300 69 400
861 0 5 1409 0 1056 100 1290 200 434 300 276 400
862 0 5 792 0 973 100 811 200 507 300 996 400
863 0 5 719 0 1167 100 966 200 1380 300 484 400
864 0 5 1231 0 841 100 91 200 1019 300 18 400
865 0 5 11 0 267 100 351 200 892 300 417 400
866 0 5 638 0 1512 100 1511 200 791 300 1068 400
867 0 5 825 0 317 100 294 200 40 300 1360 400
868 0 5 1087 0 631 100 1470 200 1195 300 349 400
869 0 5 1032 0 850 100 1140 200 1132 300 27 400
870 0 5 627 0 912 100 1410 200 981 300 1460 400
871 0 5 1404 0 259 100 1427 200 1015 300 395 400
872 0 5 959 0 287 100 273 200 71 300 1093 400
873 0 5 1221 0 396 100 553 200 518 300 981 400
874 0 5 633 0 1431 100 645 200 79 300 341 400
875 0 5 271 0 757 100 194 200 625 300 1286 400
876 0 5 97 0 350 100 590 200 418 300 1392 400
877 0 5 370 0 272 100 300 200 899 300 1258 400
878 0 5 922 0 1444 100 854 200 486 300 991 400
879 0 5 315 0 1299 100 1390 200 412 300 846 400
880 0 5 844 0 1474 100 924 200 1051 300 1359 400
881 0 5 442 0 1164 100 952 200 1457 300 1402 400
882 0 5 370 0 1372 100 1071 200 135 300 899 400
883 0 5 1433 0 340 100 52 200 1373 300 221 400
884 0 5 758 0 1067 100 239 200 1010 300 1310 400
885 0 5 1223 0 956 100 186 200 440 300 1129 400
886 0 5 101 0 1045 100 1443 200 767 300 248 400
887 0 5 118 0 1198 100 292 200 1428 300 1060 400
888 0 5 162 0 840 100 1204 200 589 300 926 400
889 0 5 348 0 843 100 1077 200 866 300 803 400
890 0 5 1013 0 1072 100 567 200 397 300 96 400
891 0 5 897 0 118 100 813 200 1247 300 847 400
892 0 5 510 0 351 100 865 200 569 300 267 400
893 0 5 385 0 496 100 1413 200 383 300 1078 400
894 0 5 47 0 669 100 945 200 524 300 401 400
895 0 5 788 0 1111 100 994 200 1493 300 748 400
896 0 5 823 0 1076 100 136 200 805 300 542 400
897 0 5 1154 0 891 100 1060 200 118 300 887 400
898 0 5 344 0 672 100 151 200 1367 300 1469 400
899 0 5 634 0 272 100 877 200 370 300 696 400
900 0 5 1482 0 704 100 381 200 573 300 1083 400
901 0 5 1116 0 710 100 526 200 1245 300 376 400
902 0 5 1434 0 80 100 284 200 579 300 410 400
903 0 5 1268 0 67 100 1010 200 382 300 1208 400
904 0 5 1258 0 272 100 1376 200 696 300 820 400
905 0 5 27 0 1032 100 1140 200 655 300 869 400
906 0 5 957 0 745 100 1293 200 446 300 424 400
907 0 5 1482 0 570 100 1314 200 900 300 1438 400
908 0 5 1181 0 1404 100 530 200 746 300 1021 400
909 0 5 1448 0 1207 100 1102 200 20 300 1079 400
910 0 5 1131 0 228 100 615 200 1263 300 1026 400
911 0 5 703 0 594 100 1261 200 1461 300 614 400
912 0 5 400 0 981 100 870 200 619 300 627 400
913 0 5 1240 0 1093 100 419 200 1158 300 872 400
914 0 5 1204 0 221 100 1373 200 467 300 525 400
915 0 5 90 0 712 100 621 200 61 300 950 400
916 0 5 685 0 1437 100 389 200 1124 300 1189 400
917 0 5 1480 0 1363 100 775 200 21 300 1494 400
918 0 5 325 0 1157 100 549 200 19 300 1499 400
919 0 5 974 0 389 100 712 200 1304 300 915 400
920 0 5 265 0 616 100 796 200 1391 300 55 400
921 0 5 154 0 1506 100 1507 200 493 300 501 400
922 0 5 878 0 1377 100 1426 200 1444 300 513 400
923 0 5 429 0 766 100 1300 200 55 300 809 400
924 0 5 516 0 880 100 948 200 582 300 844 400
925 0 5 1447 0 401 100 1329 200 578 300 640 400
926 0 5 853 0 1316 100 986 200 1204 300 589 400
927 0 5 785 0 532 100 142 200 1043 300 815 400
928 0 5 139 0 704 100 738 200 282 300 573 400
929 0 5 108 0 1328 100 670 200 291 300 101 400
930 0 5 434 0 417 100 457 200 1406 300 1472 400
931 0 5 821 0 933 100 176 200 1255 300 285 400
932 0 5 945 0 49 100 47 200 557 300 431 400
933 0 5 1003 0 931 100 176 200 535 300 1374 400
934 0 5 576 0 1284 100 193 200 1339 300 687 400
935 0 5 1354 0 620 100 1100 200 1295 300 266 400
936 0 5 1191 0 947 100 1476 200 564 300 622 400
937 0 5 261 0 1356 100 1483 200 1040 300 773 400
938 0 5 391 0 1030 100 76 200 562 300 1364 400
939 0 5 632 0 817 100 1084 200 639 300 449 400
940 0 5 572 0 1486 100 1182 200 609 300 342 400
941 0 5 1062 0 1378 100 818 200 1315 300 836 400
942 0 5 511 0 92 100 1311 200 1407 300 827 400
943 0 5 730 0 181 100 766 200 616 300 788 400
944 0 5 689 0 1446 100 1350 200 164 300 798 400
945 0 5 524 0 932 100 894 200 47 300 431 400
946 0 5 365 0 1490 100 453 200 35 300 1196 400
947 0 5 936 0 797 100 407 200 445 300 492 400
948 0 5 784 0 1049 100 924 200 844 300 1004 400
949 0 5 334 0 657 100 237 200 740 300 328 400
950 0 5 216 0 90 100 1166 200 464 300 621 400
951 0 5 533 0 1422 100 235 200 453 300 1196 400
952 0 5 552 0 1164 100 1457 200 381 300 881 400
953 0 5 505 0 1086 100 710 200 596 300 798 400
954 0 5 1123 0 203 100 566 200 802 300 184 400
955 0 5 826 0 413 100 1282 200 1105 300 1487 400
956 0 5 885 0 1168 100 1129 200 186 300 848 400
957 0 5 906 0 1317 100 1052 200 424 300 52 400
958 0 5 111 0 675 100 330 200 735 300 734 400
959 0 5 872 0 268 100 1183 200 1477 300 71 400
960 0 5 1408 0 1405 100 698 200 1201 300 247 400
961 0 5 1362 0 604 100 545 200 122 300 1006 400
962 0 5 1118 0 468 100 1390 200 1299 300 606 400
963 0 5 1466 0 159 100 130 200 1251 300 1232 400
964 0 5 587 0 342 100 38 200 64 300 1151 400
965 0 5 995 0 448 100 796 200 135 300 1333 400
966 0 5 214 0 484 100 863 200 1454 300 719 400
967 0 5 1027 0 1437 100 1224 200 1498 300 1033 400
968 0 5 265 0 697 100 1333 200 1391 300 472 400
969 0 5 1090 0 1357 100 1417 200 1246 300 1124 400
970 0 5 1097 0 1176 100 424 200 745 300 1355 400
971 0 5 318 0 278 100 355 200 171 300 394 400
972 0 5 140 0 775 100 1480 200 321 300 301 400
973 0 5 986 0 205 100 862 200 811 300 268 400
974 0 5 61 0 919 100 712 200 915 300 389 400
975 0 5 764 0 80 100 829 200 1039 300 73 400
976 0 5 1167 0 1089 100 1041 200 1458 300 180 400
977 0 5 476 0 327 100 1295 200 104 300 1155 400
978 0 5 155 0 257 100 358 200 119 300 506 400
979 0 5 374 0 1237 100 1238 200 16 300 1014 400
980 0 5 1353 0 529 100 546 200 1473 300 1297 400
981 0 5 396 0 912 100 870 200 873 300 619 400
982 0 5 747 0 833 100 1117 200 246 300 1274 400
983 0 5 463 0 604 100 122 200 771 300 961 400
984 0 5 650 0 814 100 1355 200 108 300 970 400
985 0 5 1329 0 477 100 1160 200 12 300 1232 400
986 0 5 117 0 973 100 363 200 84 300 1227 400
987 0 5 774 0 1474 100 1051 200 518 300 8 400
988 0 5 517 0 1344 100 1119 200 110 300 136 400
989 0 5 1185 0 1495 100 458 200 583 300 815 400
990 0 5 1109 0 1002 100 36 200 421 300 1248 400
991 0 5 486 0 835 100 735 200 878 300 1444 400
992 0 5 1253 0 1061 100 115 200 1025 300 1335 400
993 0 5 1018 0 1145 100 739 200 703 300 1024 400
994 0 5 366 0 895 100 73 200 1111 300 764 400
995 0 5 250 0 965 100 1333 200 1038 300 26 400
996 0 5 1279 0 624 100 792 200 71 300 507 400
997 0 5 1337 0 687 100 1390 200 187 300 1163 400
998 0 5 376 0 757 100 875 200 527 300 502 400
999 0 5 207 0 1121 100 81 200 830 300 1199 400
1000 0 5 10 0 165 100 48 200 1440 300 1021 400
1001 0 5 397 0 334 100 328 200 378 300 740 400
1002 0 5 990 0 239 100 1319 200 421 300 1109 400
1003 0 5 933 0 1374 100 1418 200 176 300 931 400
1004 0 5 784 0 1216 100 1368 200 1175 300 844 400
1005 0 5 795 0 1172 100 1120 200 1241 300 1063 400
1006 0 5 1210 0 549 100 33 200 961 300 273 400
1007 0 5 789 0 500 100 1262 200 1436 300 514 400
1008 0 5 686 0 462 100 141 200 731 300 438 400
1009 0 5 817 0 82 100 1425 200 1514 300 1513 400
1010 0 5 1319 0 1310 100 67 200 903 300 884 400
1011 0 5 1331 0 537 100 448 200 135 300 796 400
1012 0 5 100 0 1424 100 75 200 488 300 463 400
1013 0 5 96 0 890 100 567 200 450 300 1072 400
1014 0 5 626 0 16 100 156 200 1238 300 1030 400
1015 0 5 527 0 722 100 502 200 259 300 871 400
1016 0 5 810 0 189 100 226 200 727 300 750 400
1017 0 5 773 0 1497 100 1483 200 751 300 418 400
1018 0 5 993 0 1263 100 739 200 1024 300 801 400
1019 0 5 452 0 547 100 864 200 95 300 18 400
1020 0 5 1435 0 1169 100 577 200 721 300 127 400
1021 0 5 1211 0 279 100 165 200 908 300 395 400
1022 0 5 1475 0 1053 100 662 200 56 300 20 400
1023 0 5 606 0 1128 100 468 200 699 300 725 400
1024 0 5 304 0 109 100 1365 200 1305 300 1145 400
1025 0 5 1162 0 1335 100 1061 200 115 300 992 400
1026 0 5 338 0 801 100 615 200 910 300 1365 400
1027 0 5 967 0 1212 100 389 200 1033 300 1304 400
1028 0 5 1485 0 308 100 617 200 544 300 457 400
1029 0 5 793 0 190 100 453 200 365 300 361 400
1030 0 5 156 0 938 100 1364 200 391 300 1014 400
1031 0 5 1055 0 695 100 1234 200 371 300 1099 400
1032 0 5 869 0 905 100 655 200 850 300 1168 400
1033 0 5 1042 0 466 100 967 200 309 300 1304 400
1034 0 5 1489 0 761 100 1389 200 1416 300 674 400
1035 0 5 682 0 1378 100 724 200 369 300 629 400
1036 0 5 1297 0 713 100 451 200 373 300 1473 400
1037 0 5 1313 0 372 100 769 200 399 300 420 400
1038 0 5 1333 0 839 100 250 200 995 300 648 400
1039 0 5 829 0 579 100 975 200 80 300 1174 400
1040 0 5 1401 0 1483 100 1356 200 50 300 1278 400
1041 0 5 193 0 1458 100 976 200 1089 300 595 400
1042 0 5 1033 0 1099 100 309 200 466 300 404 400
1043 0 5 598 0 785 100 741 200 927 300 495 400
1044 0 5 610 0 652 100 581 200 660 300 570 400
1045 0 5 42 0 886 100 248 200 170 300 1443 400
1046 0 5 250 0 26 100 17 200 1038 300 1071 400
1047 0 5 1509 0 1508 100 663 200 1077 300 1411 400
1048 0 5 1381 0 319 100 1387 200 437 300 1335 400
1049 0 5 777 0 948 100 582 200 924 300 1360 400
1050 0 5 702 0 137 100 647 200 1260 300 1491 400
1051 0 5 557 0 518 100 987 200 539 300 1474 400
1052 0 5 424 0 1141 100 281 200 222 300 173 400
1053 0 5 662 0 1475 100 1022 200 1466 300 45 400
1054 0 5 1261 0 503 100 112 200 504 300 423 400
1055 0 5 1031 0 1234 100 1099 200 1499 300 415 400
1056 0 5 861 0 1290 100 1409 200 349 300 1226 400
1057 0 5 1412 0 1281 100 275 200 1168 300 1451 400
1058 0 5 87 0 1146 100 459 200 667 300 211 400
1059 0 5 534 0 1266 100 1420 200 383 300 1413 400
1060 0 5 1448 0 1079 100 897 200 909 300 887 400
1061 0 5 1162 0 992 100 1025 200 115 300 104 400
1062 0 5 941 0 1516 100 1517 200 836 300 1378 400
1063 0 5 849 0 1358 100 1120 200 1005 300 1226 400
1064 0 5 44 0 145 100 1247 200 1346 300 407 400
1065 0 5 1110 0 1137 100 845 200 405 300 1464 400
1066 0 5 321 0 301 100 765 200 1104 300 335 400
1067 0 5 239 0 884 100 758 200 1002 300 1319 400
1068 0 5 1540 0 1 100 1077 200 791 300 866 400
1069 0 5 367 0 1235 100 119 200 727 300 779 400
1070 0 5 666 0 709 100 283 200 567 300 388 400
1071 0 5 1372 0 17 100 26 200 690 300 831 400
1072 0 5 890 0 1200 100 567 200 397 300 1001 400
1073 0 5 93 0 161 100 1156 200 427 300 331 400
1074 0 5 847 0 254 100 813 200 1251 300 130 400
1075 0 5 1499 0 19 100 415 200 671 300 834 400
1076 0 5 896 0 229 100 693 200 471 300 661 400
1077 0 5 1068 0 889 100 160 200 843 300 1047 400
1078 0 5 311 0 103 100 383 200 534 300 1171 400
1079 0 5 1060 0 736 100 1179 200 909 300 1102 400
1080 0 5 1239 0 40 100 344 200 1270 300 898 400
1081 0 5 329 0 324 100 718 200 1196 300 35 400
1082 0 5 402 0 1414 100 612 200 636 300 354 400
1083 0 5 1219 0 651 100 900 200 907 300 570 400
1084 0 5 639 0 939 100 1257 200 817 300 212 400
1085 0 5 93 0 679 100 1292 200 331 300 223 400
1086 0 5 333 0 953 100 194 200 596 300 376 400
1087 0 5 631 0 868 100 691 200 1190 300 1197 400
1088 0 5 772 0 1113 100 1375 200 432 300 478 400
1089 0 5 665 0 976 100 193 200 1380 300 1041 400
1090 0 5 1124 0 969 100 1246 200 1189 300 1417 400
1091 0 5 857 0 333 100 194 200 625 300 1286 400
1092 0 5 1112 0 1119 100 148 200 53 300 1407 400
1093 0 5 913 0 1158 100 273 200 419 300 872 400
1094 0 5 1351 0 1307 100 274 200 32 300 1100 400
1095 0 5 1136 0 497 100 360 200 1449 300 661 400
1096 0 5 77 0 1286 100 1514 200 1515 300 82 400
1097 0 5 970 0 222 100 424 200 281 300 1052 400
1098 0 5 336 0 1341 100 405 200 1322 300 299 400
1099 0 5 1224 0 1042 100 309 200 1055 300 404 400
1100 0 5 1351 0 935 100 266 200 1307 300 1415 400
1101 0 5 642 0 806 100 683 200 1453 300 1500 400
1102 0 5 20 0 736 100 172 200 373 300 909 400
1103 0 5 64 0 88 100 289 200 1486 300 729 400
1104 0 5 335 0 286 100 1066 200 765 300 115 400
1105 0 5 585 0 409 100 955 200 494 300 413 400
1106 0 5 1213 0 476 100 620 200 935 300 32 400
1107 0 5 586 0 68 100 1455 200 1153 300 131 400
1108 0 5 212 0 1297 100 172 200 639 300 1102 400
1109 0 5 1248 0 990 100 1002 200 1319 300 36 400
1110 0 5 845 0 1065 100 1464 200 583 300 1185 400
1111 0 5 895 0 1493 100 994 200 73 300 83 400
1112 0 5 148 0 1092 100 1407 200 53 300 1119 400
1113 0 5 478 0 1088 100 568 200 1375 300 519 400
1114 0 5 1376 0 664 100 820 200 280 300 1258 400
1115 0 5 15 0 530 100 60 200 1468 300 1404 400
1116 0 5 901 0 313 100 526 200 710 300 502 400
1117 0 5 747 0 137 100 833 200 982 300 246 400
1118 0 5 962 0 1128 100 468 200 204 300 687 400
1119 0 5 988 0 1092 100 110 200 1344 300 517 400
1120 0 5 1172 0 741 100 849 200 1005 300 598 400
1121 0 5 999 0 81 100 283 200 830 300 359 400
1122 0 5 526 0 593 100 51 200 157 300 1245 400
1123 0 5 954 0 566 100 802 200 1228 300 1369 400
1124 0 5 1090 0 1417 100 685 200 1189 300 916 400
1125 0 5 531 0 1336 100 465 200 50 300 76 400
1126 0 5 619 0 319 100 8 200 400 300 437 400
1127 0 5 819 0 1181 100 244 200 746 300 908 400
1128 0 5 1118 0 665 100 1023 200 576 300 468 400
1129 0 5 1451 0 956 100 848 200 1168 300 1223 400
1130 0 5 332 0 277 100 60 200 479 300 1318 400
1131 0 5 175 0 910 100 690 200 763 300 1372 400
1132 0 5 1159 0 275 100 655 200 1403 300 850 400
1133 0 5 630 0 23 100 1342 200 1119 300 126 400
1134 0 5 385 0 383 100 311 200 235 300 1078 400
1135 0 5 441 0 356 100 1148 200 713 300 1143 400
1136 0 5 1449 0 497 100 1095 200 1202 300 715 400
1137 0 5 1345 0 1065 100 1341 200 1464 300 299 400
1138 0 5 131 0 666 100 536 200 928 300 139 400
1139 0 5 1296 0 560 100 1202 200 542 300 805 400
1140 0 5 27 0 1168 100 1309 200 869 300 655 400
1141 0 5 173 0 676 100 1052 200 281 300 134 400
1142 0 5 515 0 1149 100 347 200 707 300 276 400
1143 0 5 356 0 1148 100 62 200 361 300 1135 400
1144 0 5 303 0 318 100 278 200 747 300 828 400
1145 0 5 993 0 703 100 858 200 1460 300 739 400
1146 0 5 443 0 1058 100 87 200 1282 300 1478 400
1147 0 5 362 0 29 100 656 200 776 300 7 400
1148 0 5 62 0 1143 100 1135 200 479 300 713 400
1149 0 5 707 0 347 100 1142 200 521 300 1450 400
1150 0 5 223 0 574 100 525 200 195 300 467 400
1151 0 5 485 0 64 100 729 200 786 300 1103 400
1152 0 5 432 0 519 100 478 200 75 300 1012 400
1153 0 5 586 0 384 100 555 200 1218 300 628 400
1154 0 5 897 0 743 100 891 200 118 300 662 400
1155 0 5 345 0 476 100 256 200 977 300 63 400
1156 0 5 161 0 1352 100 1073 200 1520 300 1521 400
1157 0 5 1234 0 918 100 1499 200 325 300 19 400
1158 0 5 419 0 1093 100 732 200 33 300 913 400
1159 0 5 1132 0 550 100 1403 200 275 300 655 400
1160 0 5 1459 0 116 100 985 200 1329 300 477 400
1161 0 5 538 0 114 100 58 200 1242 300 287 400
1162 0 5 1061 0 1025 100 104 200 1469 300 1335 400
1163 0 5 187 0 1501 100 1250 200 997 300 1337 400
1164 0 5 881 0 952 100 381 200 1402 300 1480 400
1165 0 5 1400 0 1423 100 241 200 354 300 1082 400
1166 0 5 842 0 464 100 950 200 216 300 270 400
1167 0 5 180 0 976 100 863 200 1380 300 484 400
1168 0 5 1140 0 956 100 1129 200 1057 300 275 400
1169 0 5 628 0 1020 100 1435 200 450 300 231 400
1170 0 5 1254 0 498 100 449 200 856 300 1425 400
1171 0 5 292 0 103 100 534 200 324 300 1059 400
1172 0 5 607 0 1005 100 1120 200 1241 300 495 400
1173 0 5 112 0 286 100 260 200 503 300 1104 400
1174 0 5 480 0 641 100 579 200 1039 300 1332 400
1175 0 5 1216 0 445 100 1004 200 622 300 1368 400
1176 0 5 1355 0 970 100 673 200 446 300 1293 400
1177 0 5 295 0 310 100 1230 200 1274 300 643 400
1178 0 5 403 0 179 100 649 200 781 300 752 400
1179 0 5 1198 0 1079 100 762 200 736 300 718 400
1180 0 5 1283 0 1415 100 1330 200 1369 300 760 400
1181 0 5 908 0 1127 100 746 200 244 300 1021 400
1182 0 5 1189 0 1486 100 940 200 88 300 1280 400
1183 0 5 268 0 205 100 973 200 1477 300 959 400
1184 0 5 1494 0 1463 100 1439 200 554 300 63 400
1185 0 5 458 0 989 100 1110 200 583 300 532 400
1186 0 5 162 0 1259 100 637 200 589 300 888 400
1187 0 5 25 0 322 100 613 200 1487 300 227 400
1188 0 5 340 0 195 100 467 200 883 300 72 400
1189 0 5 1182 0 1246 100 1124 200 88 300 1280 400
1190 0 5 1197 0 631 100 693 200 512 300 1087 400
1191 0 5 1476 0 936 100 209 200 564 300 947 400
1192 0 5 1398 0 601 100 744 200 753 300 808 400
1193 0 5 1426 0 922 100 1340 200 144 300 855 400
1194 0 5 836 0 1315 100 818 200 1062 300 37 400
1195 0 5 1470 0 349 100 868 200 617 300 473 400
1196 0 5 35 0 533 100 329 200 1081 300 453 400
1197 0 5 691 0 1190 100 39 200 693 300 1087 400
1198 0 5 1179 0 1428 100 887 200 718 300 1079 400
1199 0 5 207 0 282 100 552 200 283 300 999 400
1200 0 5 558 0 567 100 1072 200 890 300 709 400
1201 0 5 247 0 216 100 698 200 960 300 1405 400
1202 0 5 805 0 778 100 497 200 1296 300 1136 400
1203 0 5 469 0 134 100 281 200 642 300 806 400
1204 0 5 914 0 840 100 888 200 926 300 1316 400
1205 0 5 234 0 452 100 1301 200 95 300 1019 400
1206 0 5 546 0 1427 100 1473 200 980 300 1462 400
1207 0 5 1448 0 909 100 20 200 1154 300 1060 400
1208 0 5 1268 0 198 100 210 200 903 300 644 400
1209 0 5 300 0 866 100 638 200 370 300 1267 400
1210 0 5 1006 0 197 100 174 200 549 300 961 400
1211 0 5 395 0 1021 100 279 200 157 300 593 400
1212 0 5 1027 0 389 100 1304 200 1033 300 919 400
1213 0 5 32 0 1106 100 476 200 1155 300 1278 400
1214 0 5 1218 0 262 100 384 200 299 300 1153 400
1215 0 5 722 0 395 100 708 200 871 300 502 400
1216 0 5 1175 0 209 100 1004 200 445 300 491 400
1217 0 5 425 0 799 100 158 200 290 300 1343 400
1218 0 5 384 0 1214 100 1153 200 262 300 586 400
1219 0 5 1083 0 573 100 651 200 812 300 900 400
1220 0 5 1379 0 224 100 1267 200 1233 300 24 400
1221 0 5 678 0 873 100 396 200 146 300 640 400
1222 0 5 1398 0 744 100 522 200 46 300 1192 400
1223 0 5 440 0 885 100 1129 200 186 300 848 400
1224 0 5 563 0 1099 100 967 200 1348 300 1432 400
1225 0 5 643 0 1413 100 295 200 1291 300 1420 400
1226 0 5 1290 0 1358 100 515 200 1056 300 39 400
1227 0 5 84 0 1273 100 986 200 699 300 214 400
1228 0 5 1271 0 802 100 1285 200 1445 300 443 400
1229 0 5 107 0 692 100 280 200 24 300 720 400
1230 0 5 575 0 310 100 1177 200 496 300 1413 400
1231 0 5 233 0 864 100 18 200 362 300 1147 400
1232 0 5 1329 0 985 100 1160 200 1459 300 401 400
1233 0 5 224 0 436 100 1220 200 1379 300 3 400
1234 0 5 1157 0 1055 100 1031 200 1499 300 415 400
1235 0 5 750 0 1069 100 658 200 810 300 727 400
1236 0 5 1302 0 565 100 321 200 124 300 1066 400
1237 0 5 979 0 626 100 1014 200 1238 300 16 400
1238 0 5 16 0 1364 100 1014 200 979 300 156 400
1239 0 5 1080 0 1270 100 1277 200 40 300 294 400
1240 0 5 913 0 1477 100 959 200 264 300 419 400
1241 0 5 607 0 1383 100 1172 200 1005 300 795 400
1242 0 5 58 0 490 100 1161 200 372 300 1037 400
1243 0 5 1311 0 656 100 362 200 511 300 1147 400
1244 0 5 1318 0 1468 100 60 200 1130 300 819 400
1245 0 5 51 0 456 100 526 200 1116 300 1122 400
1246 0 5 470 0 1189 100 1370 200 1090 300 969 400
1247 0 5 1064 0 118 100 813 200 44 300 891 400
1248 0 5 1327 0 1109 100 1256 200 990 300 36 400
1249 0 5 1497 0 1394 100 1483 200 1040 300 1382 400
1250 0 5 1265 0 1163 100 1386 200 759 300 1501 400
1251 0 5 847 0 130 100 1074 200 891 300 963 400
1252 0 5 1397 0 731 100 779 200 646 300 686 400
1253 0 5 296 0 992 100 115 200 104 300 1025 400
1254 0 5 1170 0 856 100 449 200 1425 300 757 400
1255 0 5 821 0 455 100 931 200 285 300 597 400
1256 0 5 1327 0 808 100 1248 200 1109 300 1319 400
1257 0 5 1308 0 1510 100 1509 200 56 300 1084 400
1258 0 5 904 0 272 100 300 200 877 300 820 400
1259 0 5 1186 0 637 100 589 200 1419 300 162 400
1260 0 5 411 0 188 100 137 200 1117 300 1050 400
1261 0 5 858 0 1054 100 1460 200 911 300 1461 400
1262 0 5 1436 0 523 100 1007 200 509 300 1377 400
1263 0 5 1018 0 801 100 910 200 739 300 1024 400
1264 0 5 1399 0 706 100 119 200 455 300 155 400
1265 0 5 646 0 1250 100 752 200 1386 300 462 400
1266 0 5 1291 0 1420 100 1059 200 1413 300 145 400
1267 0 5 791 0 300 100 1294 200 1379 300 1220 400
1268 0 5 1208 0 903 100 644 200 1310 300 210 400
1269 0 5 660 0 129 100 158 200 610 300 425 400
1270 0 5 1239 0 1277 100 22 200 1469 300 294 400
1271 0 5 1228 0 87 100 1285 200 1445 300 443 400
1272 0 5 343 0 240 100 581 200 1322 300 652 400
1273 0 5 1423 0 1227 100 1430 200 699 300 1400 400
1274 0 5 310 0 833 100 1177 200 295 300 246 400
1275 0 5 846 0 270 100 380 200 659 300 1299 400
1276 0 5 297 0 224 100 1233 200 1492 300 501 400
1277 0 5 677 0 1270 100 1239 200 294 300 5 400
1278 0 5 1401 0 274 100 32 200 1040 300 1388 400
1279 0 5 811 0 996 100 792 200 71 300 268 400
1280 0 5 88 0 6 100 1182 200 226 300 1189 400
1281 0 5 1412 0 1057 100 201 200 43 300 617 400
1282 0 5 585 0 1478 100 955 200 1146 300 826 400
1283 0 5 1180 0 1369 100 1330 200 1415 300 760 400
1284 0 5 200 0 934 100 733 200 576 300 1339 400
1285 0 5 760 0 1369 100 1385 200 794 300 1271 400
1286 0 5 625 0 1096 100 77 200 875 300 857 400
1287 0 5 173 0 611 100 133 200 1052 300 72 400
1288 0 5 357 0 53 100 69 200 148 300 1407 400
1289 0 5 856 0 259 100 527 200 1353 300 1015 400
1290 0 5 1226 0 1056 100 861 200 276 300 1142 400
1291 0 5 1413 0 1266 100 1420 200 1225 300 1059 400
1292 0 5 611 0 133 100 679 200 1085 300 72 400
1293 0 5 446 0 745 100 906 200 1176 300 1317 400
1294 0 5 791 0 1518 100 1517 200 1267 300 1379 400
1295 0 5 620 0 327 100 977 200 935 300 476 400
1296 0 5 1139 0 805 100 542 200 1202 300 560 400
1297 0 5 1036 0 1108 100 373 200 980 300 529 400
1298 0 5 1437 0 1498 100 192 200 832 300 967 400
1299 0 5 846 0 1390 100 879 200 725 300 659 400
1300 0 5 654 0 923 100 854 200 360 300 766 400
1301 0 5 95 0 186 100 1205 200 440 300 452 400
1302 0 5 1236 0 565 100 140 200 321 300 1438 400
1303 0 5 394 0 227 100 303 200 230 300 278 400
1304 0 5 712 0 466 100 919 200 612 300 420 400
1305 0 5 1410 0 109 100 1460 200 1024 300 396 400
1306 0 5 293 0 1339 100 859 200 687 300 733 400
1307 0 5 1094 0 1384 100 274 200 1100 300 1415 400
1308 0 5 1503 0 1502 100 1257 200 780 300 56 400
1309 0 5 275 0 850 100 1140 200 27 300 1132 400
1310 0 5 644 0 1010 100 435 200 884 300 758 400
1311 0 5 1243 0 511 100 656 200 92 300 942 400
1312 0 5 423 0 290 100 799 200 1343 300 503 400
1313 0 5 1037 0 402 100 420 200 372 300 1414 400
1314 0 5 433 0 570 100 1438 200 652 300 907 400
1315 0 5 818 0 1194 100 346 200 1453 300 836 400
1316 0 5 213 0 117 100 926 200 986 300 1429 400
1317 0 5 957 0 52 100 446 200 1052 300 1433 400
1318 0 5 1244 0 60 100 1130 200 277 300 530 400
1319 0 5 1010 0 601 100 1002 200 239 300 67 400
1320 0 5 804 0 189 100 470 200 1370 300 1016 400
1321 0 5 641 0 579 100 1343 200 1174 300 1039 400
1322 0 5 336 0 343 100 149 200 405 300 1098 400
1323 0 5 482 0 339 100 368 200 734 300 41 400
1324 0 5 256 0 770 100 1439 200 1155 300 551 400
1325 0 5 1495 0 602 100 583 200 989 300 206 400
1326 0 5 392 0 229 100 471 200 849 300 741 400
1327 0 5 1256 0 1248 100 36 200 783 300 1109 400
1328 0 5 291 0 1443 100 929 200 782 300 106 400
1329 0 5 985 0 1232 100 925 200 1160 300 1459 400
1330 0 5 269 0 800 100 1180 200 1283 300 266 400
1331 0 5 599 0 1011 100 152 200 796 300 537 400
1332 0 5 763 0 831 100 839 200 480 300 690 400
1333 0 5 697 0 1038 100 995 200 968 300 796 400
1334 0 5 658 0 247 100 1405 200 804 300 367 400
1335 0 5 437 0 1025 100 1162 200 1469 300 115 400
1336 0 5 261 0 1125 100 1356 200 465 300 50 400
1337 0 5 997 0 387 100 859 200 1501 300 687 400
1338 0 5 755 0 513 100 1436 200 509 300 337 400
1339 0 5 576 0 687 100 1306 200 1284 300 934 400
1340 0 5 144 0 715 100 4 200 854 300 1426 400
1341 0 5 299 0 1098 100 1137 200 405 300 1065 400
1342 0 5 113 0 855 100 126 200 630 300 23 400
1343 0 5 1321 0 423 100 641 200 799 300 1312 400
1344 0 5 988 0 136 100 1119 200 353 300 1092 400
1345 0 5 1464 0 1137 100 142 200 298 300 555 400
1346 0 5 407 0 813 100 483 200 1074 300 1247 400
1347 0 5 1357 0 1408 100 621 200 698 300 960 400
1348 0 5 1432 0 371 100 563 200 967 300 1456 400
1349 0 5 487 0 594 100 480 200 614 300 641 400
1350 0 5 1446 0 217 100 164 200 944 300 705 400
1351 0 5 1094 0 1100 100 32 200 274 300 935 400
1352 0 5 1156 0 1506 100 1505 200 493 300 921 400
1353 0 5 546 0 980 100 529 200 1289 300 856 400
1354 0 5 935 0 22 100 266 200 1100 300 1270 400
1355 0 5 1176 0 814 100 984 200 970 300 673 400
1356 0 5 50 0 937 100 1336 200 1040 300 1483 400
1357 0 5 1347 0 969 100 1408 200 1417 300 1246 400
1358 0 5 1063 0 1226 100 515 200 39 300 1005 400
1359 0 5 1367 0 1474 100 344 200 924 300 880 400
1360 0 5 317 0 777 100 584 200 582 300 208 400
1361 0 5 1488 0 474 100 243 200 1446 300 682 400
1362 0 5 961 0 604 100 248 200 33 300 732 400
1363 0 5 838 0 21 100 917 200 1439 300 608 400
1364 0 5 1238 0 16 100 391 200 1030 300 156 400
1365 0 5 304 0 160 100 1024 200 578 300 1026 400
1366 0 5 636 0 354 100 612 200 464 300 1165 400
1367 0 5 1359 0 344 100 1474 200 151 300 898 400
1368 0 5 844 0 539 100 49 200 1004 300 784 400
1369 0 5 802 0 1283 100 1285 200 1180 300 1123 400
1370 0 5 6 0 470 100 1246 200 189 300 226 400
1371 0 5 540 0 390 100 1492 200 595 300 224 400
1372 0 5 1071 0 803 100 882 200 910 300 370 400
1373 0 5 673 0 1433 100 446 200 883 300 914 400
1374 0 5 1003 0 1416 100 111 200 176 300 1418 400
1375 0 5 568 0 772 100 1088 200 1113 300 174 400
1376 0 5 1114 0 447 100 904 200 664 300 1481 400
1377 0 5 523 0 922 100 1262 200 1444 300 1193 400
1378 0 5 1035 0 941 100 724 200 818 300 1062 400
1379 0 5 791 0 1220 100 1267 200 1294 300 1233 400
1380 0 5 699 0 1167 100 863 200 665 300 214 400
1381 0 5 398 0 1048 100 1387 200 437 300 260 400
1382 0 5 1394 0 787 100 94 200 1249 300 770 400
1383 0 5 127 0 1241 100 721 200 1450 300 707 400
1384 0 5 1307 0 13 100 375 200 245 300 76 400
1385 0 5 760 0 794 100 562 200 1285 300 375 400
1386 0 5 1501 0 649 100 1250 200 1265 300 752 400
1387 0 5 816 0 1381 100 398 200 112 300 1048 400
1388 0 5 138 0 345 100 1278 200 770 300 1155 400
1389 0 5 790 0 1489 100 1034 200 179 300 368 400
1390 0 5 962 0 1299 100 879 200 997 300 204 400
1391 0 5 472 0 265 100 968 200 920 300 616 400
1392 0 5 590 0 830 100 751 200 350 300 876 400
1393 0 5 521 0 510 100 351 200 347 300 276 400
1394 0 5 1382 0 1249 100 94 200 787 300 1497 400
1395 0 5 456 0 379 100 51 200 323 300 1245 400
1396 0 5 59 0 1438 100 561 200 140 300 565 400
1397 0 5 1252 0 364 100 141 200 779 300 455 400
1398 0 5 1192 0 1222 100 744 200 808 300 522 400
1399 0 5 1264 0 258 100 716 200 706 300 1255 400
1400 0 5 1165 0 241 100 1423 200 507 300 792 400
1401 0 5 1040 0 1278 100 94 200 1394 300 1483 400
1402 0 5 1496 0 608 100 1164 200 881 300 442 400
1403 0 5 655 0 550 100 1159 200 1132 300 1467 400
1404 0 5 871 0 1427 100 908 200 530 300 1462 400
1405 0 5 804 0 960 100 247 200 1201 300 1334 400
1406 0 5 1467 0 11 100 267 200 865 300 417 400
1407 0 5 1112 0 1092 100 942 200 148 300 511 400
1408 0 5 698 0 960 100 1347 200 1357 300 621 400
1409 0 5 861 0 1472 100 1056 200 434 300 457 400
1410 0 5 1305 0 870 100 1460 200 109 300 627 400
1411 0 5 1508 0 1507 100 780 200 1308 300 1047 400
1412 0 5 1057 0 1281 100 275 200 550 300 1168 400
1413 0 5 1291 0 1225 100 383 200 1266 300 1230 400
1414 0 5 241 0 1082 100 507 200 402 300 1313 400
1415 0 5 800 0 1180 100 760 200 1283 300 1307 400
1416 0 5 761 0 675 100 1374 200 1034 300 438 400
1417 0 5 685 0 1124 100 969 200 1357 300 389 400
1418 0 5 111 0 835 100 1484 200 1003 300 1374 400
1419 0 5 264 0 637 100 589 200 1259 300 1183 400
1420 0 5 556 0 1266 100 1291 200 1059 300 1225 400
1421 0 5 809 0 70 100 486 200 330 300 548 400
1422 0 5 235 0 951 100 533 200 311 300 1078 400
1423 0 5 1273 0 1165 100 1400 200 354 300 1430 400
1424 0 5 75 0 1012 100 603 200 122 300 100 400
1425 0 5 449 0 1009 100 817 200 1254 300 1170 400
1426 0 5 1193 0 922 100 854 200 1340 300 144 400
1427 0 5 1462 0 1404 100 1206 200 871 300 259 400
1428 0 5 718 0 1198 100 292 200 324 300 887 400
1429 0 5 214 0 84 100 1454 200 117 300 1316 400
1430 0 5 699 0 1273 100 143 200 1423 300 1227 400
1431 0 5 633 0 341 100 493 200 874 300 225 400
1432 0 5 563 0 1348 100 371 200 1099 300 1224 400
1433 0 5 883 0 1373 100 446 200 673 300 1317 400
1434 0 5 410 0 902 100 129 200 85 300 158 400
1435 0 5 1020 0 577 100 328 200 1169 300 378 400
1436 0 5 305 0 1262 100 755 200 337 300 1338 400
1437 0 5 1298 0 916 100 967 200 832 300 580 400
1438 0 5 1396 0 1314 100 565 200 320 300 433 400
1439 0 5 63 0 21 100 1184 200 256 300 551 400
1440 0 5 244 0 10 100 1000 200 1021 300 1127 400
1441 0 5 597 0 364 100 455 200 779 300 1255 400
1442 0 5 369 0 1096 100 1062 200 629 300 77 400
1443 0 5 1328 0 886 100 101 200 782 300 288 400
1444 0 5 513 0 878 100 922 200 991 300 1377 400
1445 0 5 541 0 566 100 443 200 1228 300 1271 400
1446 0 5 944 0 1350 100 1361 200 682 300 243 400
1447 0 5 925 0 749 100 1329 200 401 300 528 400
1448 0 5 1060 0 1207 100 909 200 1079 300 1179 400
1449 0 5 715 0 1136 100 1095 200 1340 300 497 400
1450 0 5 191 0 1383 100 740 200 127 300 657 400
1451 0 5 1129 0 848 100 43 200 1057 300 1168 400
1452 0 5 302 0 454 100 851 200 543 300 14 400
1453 0 5 818 0 346 100 724 200 474 300 1315 400
1454 0 5 484 0 214 100 1429 200 966 300 199 400
1455 0 5 388 0 68 100 1107 200 131 300 586 400
1456 0 5 668 0 701 100 1348 200 428 300 1031 400
1457 0 5 442 0 552 100 952 200 881 300 1164 400
1458 0 5 595 0 1041 100 180 200 976 300 444 400
1459 0 5 1160 0 116 100 524 200 401 300 1232 400
1460 0 5 858 0 1261 100 1145 200 1410 300 109 400
1461 0 5 703 0 911 100 739 200 858 300 1145 400
1462 0 5 15 0 1427 100 1404 200 1473 300 60 400
1463 0 5 296 0 1184 100 1494 200 765 300 1253 400
1464 0 5 1345 0 1110 100 1137 200 142 300 1065 400
1465 0 5 200 0 733 100 807 200 98 300 439 400
1466 0 5 130 0 963 100 1053 200 45 300 780 400
1467 0 5 655 0 1406 100 1403 200 267 300 550 400
1468 0 5 1244 0 746 100 530 200 1115 300 819 400
1469 0 5 22 0 672 100 1162 200 327 300 104 400
1470 0 5 473 0 1195 100 868 200 69 300 631 400
1471 0 5 54 0 406 100 726 200 66 300 243 400
1472 0 5 1409 0 1485 100 434 200 457 300 861 400
1473 0 5 451 0 1206 100 980 200 479 300 1462 400
1474 0 5 1359 0 880 100 987 200 1367 300 1051 400
1475 0 5 45 0 1053 100 56 200 1022 300 780 400
1476 0 5 1191 0 219 100 936 200 414 300 947 400
1477 0 5 1240 0 264 100 1183 200 268 300 959 400
1478 0 5 826 0 1282 100 566 200 541 300 1146 400
1479 0 5 632 0 498 100 449 200 1170 300 939 400
1480 0 5 381 0 561 100 917 200 140 300 972 400
1481 0 5 447 0 128 100 41 200 152 300 1376 400
1482 0 5 900 0 907 100 381 200 704 300 1083 400
1483 0 5 1040 0 773 100 1249 200 937 300 1497 400
1484 0 5 835 0 509 100 1418 200 513 300 991 400
1485 0 5 1028 0 1472 100 308 200 457 300 434 400
1486 0 5 609 0 940 100 1182 200 1103 300 88 400
1487 0 5 25 0 99 100 203 200 184 300 955 400
1488 0 5 635 0 1361 100 474 200 682 300 724 400
1489 0 5 1389 0 1034 100 761 200 368 300 734 400
1490 0 5 946 0 252 100 365 200 35 300 762 400
1491 0 5 564 0 647 100 411 200 1050 300 702 400
1492 0 5 390 0 439 100 297 200 1371 300 224 400
1493 0 5 1111 0 730 100 788 200 895 300 265 400
1494 0 5 1184 0 1463 100 21 200 917 300 301 400
1495 0 5 1325 0 989 100 392 200 229 300 1185 400
1496 0 5 837 0 1402 100 590 200 608 300 132 400
1497 0 5 1017 0 1249 100 1483 200 1394 300 418 400
1498 0 5 1298 0 192 100 150 200 967 300 572 400
1499 0 5 415 0 1075 100 1157 200 1234 300 1055 400
1500 0 5 642 0 66 100 694 200 683 300 1203 400
1501 0 5 1386 0 1163 100 387 200 1337 300 1250 400
1502 0 5 37 0 1308 100 1276 200 1209 300 1084 400
1503 0 5 663 0 1308 100 1276 200 1209 300 1084 400
1504 0 5 663 0 82 100 1276 200 1209 300 1084 400
1505 0 5 1352 0 82 100 1276 200 1209 300 1084 400
1506 0 5 921 0 1352 100 1276 200 1209 300 1084 400
1507 0 5 921 0 1411 100 1276 200 1209 300 1084 400
1508 0 5 1411 0 1047 100 1276 200 1209 300 1084 400
1509 0 5 1047 0 1257 100 1276 200 1209 300 1084 400
1510 0 5 501 0 1257 100 1276 200 1209 300 1084 400
1511 0 5 866 0 501 100 1276 200 1209 300 1084 400
1512 0 5 866 0 780 100 1276 200 1209 300 1084 400
1513 0 5 1009 0 780 100 1276 200 1209 300 1084 400
1514 0 5 1096 0 1009 100 1276 200 1209 300 1084 400
1515 0 5 1096 0 45 100 1276 200 1209 300 1084 400
1516 0 5 1062 0 45 100 1276 200 1209 300 1084 400
1517 0 5 1294 0 1062 100 1276 200 1209 300 1084 400
1518 0 5 1294 0 711 100 1276 200 1209 300 1084 400
1519 0 5 711 0 836 100 1276 200 1209 300 1084 400
1520 0 5 836 0 1156 100 1276 200 1209 300 1084 400
1521 0 5 1156 0 154 100 1276 200 1209 300 1084 400
1522 0 5 154 0 817 100 1276 200 1209 300 1084 400
1523 0 5 56 0 817 100 1276 200 1209 300 1084 400
1524 0 5 436 0 56 100 1276 200 1209 300 1084 400
1525 0 5 436 0 941 100 1276 200 1209 300 1084 400
1526 0 5 791 0 941 100 1276 200 1209 300 1084 400
1527 0 5 791 0 1194 100 1276 200 1209 300 1084 400
1528 0 5 1077 0 1194 100 1276 200 1209 300 1084 400
1529 0 5 1077 0 493 100 1209 200 1276 300 1084 400
1530 0 5 493 0 77 100 1276 200 1209 300 1084 400
1531 0 5 1442 0 77 100 1209 200 1276 300 1084 400
1532 0 5 1442 0 1475 100 1209 200 1276 300 1084 400
1533 0 5 1425 0 1209 100 1276 200 1475 300 1084 400
1534 0 5 1425 0 638 100 1209 200 1276 300 1084 400
1535 0 5 723 0 638 100 1209 200 1276 300 1084 400
1536 0 5 723 0 1379 100 1209 200 1276 300 1084 400
1537 0 5 1379 0 889 100 1209 200 1276 300 1084 400
1538 0 5 1286 0 889 100 1209 200 1276 300 1084 400
1539 0 5 1286 0 1209 100 1084 200 1276 300 843 400
1540 0 5 1068 0 1276 100 1209 200 843 300 1084 400
-1
EOF
