1540
1 0 5 548 0 868 100 118 200 1076 300 170 400
2 0 5 923 0 657 100 1390 200 826 300 710 400
3 0 5 1016 0 163 100 478 200 346 300 1417 400
4 0 5 991 0 1303 100 974 200 1074 300 135 400
5 0 5 750 0 1444 100 387 200 804 300 91 400
6 0 5 949 0 369 100 579 200 568 300 1367 400
7 0 5 68 0 266 100 1434 200 1366 300 1417 400
8 0 5 572 0 450 100 757 200 105 300 1375 400
9 0 5 112 0 148 100 1160 200 509 300 1458 400
10 0 5 1395 0 1157 100 880 200 323 300 952 400
11 0 5 1122 0 507 100 347 200 775 300 216 400
12 0 5 1173 0 858 100 287 200 1200 300 309 400
13 0 5 1411 0 1132 100 1226 200 1425 300 233 400
14 0 5 690 0 245 100 665 200 528 300 558 400
15 0 5 1499 0 994 100 1418 200 900 300 298 400
16 0 5 771 0 1251 100 531 200 348 300 880 400
17 0 5 1311 0 1485 100 604 200 140 300 577 400
18 0 5 145 0 1412 100 306 200 615 300 813 400
19 0 5 298 0 92 100 175 200 640 300 273 400
20 0 5 1075 0 1478 100 789 200 1046 300 903 400
21 0 5 715 0 1184 100 1101 200 582 300 158 400
22 0 5 535 0 939 100 776 200 406 300 990 400
23 0 5 242 0 661 100 711 200 61 300 1304 400
24 0 5 854 0 467 100 59 200 474 300 1466 400
25 0 5 118 0 1167 100 240 200 1482 300 109 400
26 0 5 166 0 154 100 1162 200 1339 300 1415 400
27 0 5 424 0 1359 100 1133 200 1063 300 503 400
28 0 5 1492 0 211 100 139 200 1140 300 954 400
29 0 5 1039 0 938 100 270 200 1252 300 698 400
30 0 5 587 0 729 100 523 200 351 300 786 400
31 0 5 1229 0 1385 100 167 200 1374 300 974 400
32 0 5 714 0 1297 100 219 200 959 300 1183 400
33 0 5 1111 0 878 100 66 200 911 300 1258 400
34 0 5 1350 0 340 100 106 200 1036 300 1116 400
35 0 5 1119 0 428 100 1356 200 742 300 762 400
36 0 5 131 0 1156 100 744 200 512 300 1183 400
37 0 5 451 0 482 100 1238 200 1487 300 1398 400
38 0 5 505 0 1217 100 733 200 80 300 784 400
39 0 5 1215 0 779 100 647 200 1321 300 1447 400
40 0 5 723 0 634 100 930 200 632 300 823 400
41 0 5 772 0 610 100 1218 200 1003 300 1171 400
42 0 5 326 0 72 100 1257 200 618 300 808 400
43 0 5 1365 0 208 100 708 200 925 300 935 400
44 0 5 365 0 598 100 125 200 1237 300 1214 400
45 0 5 1166 0 327 100 488 200 1103 300 722 400
46 0 5 145 0 870 100 1090 200 615 300 398 400
47 0 5 300 0 141 100 1328 200 1209 300 255 400
48 0 5 590 0 562 100 60 200 302 300 222 400
49 0 5 69 0 655 100 1173 200 534 300 957 400
50 0 5 837 0 960 100 290 200 98 300 795 400
51 0 5 1181 0 613 100 892 200 1052 300 1342 400
52 0 5 388 0 1461 100 448 200 1220 300 1408 400
53 0 5 1037 0 685 100 1109 200 1071 300 1004 400
54 0 5 108 0 669 100 421 200 134 300 1088 400
55 0 5 226 0 1085 100 384 200 662 300 1279 400
56 0 5 301 0 1240 100 670 200 372 300 1443 400
57 0 5 745 0 553 100 200 200 820 300 1064 400
58 0 5 442 0 805 100 441 200 189 300 1192 400
59 0 5 1466 0 138 100 467 200 24 300 434 400
60 0 5 1043 0 590 100 146 200 48 300 562 400
61 0 5 242 0 279 100 616 200 23 300 393 400
62 0 5 907 0 1172 100 170 200 1356 300 1110 400
63 0 5 1260 0 857 100 1091 200 1037 300 989 400
64 0 5 525 0 1244 100 1251 200 348 300 1320 400
65 0 5 1204 0 205 100 256 200 953 300 624 400
66 0 5 1315 0 911 100 33 200 1258 300 1194 400
67 0 5 1179 0 998 100 1386 200 1110 300 1338 400
68 0 5 7 0 1366 100 975 200 1434 300 266 400
69 0 5 49 0 957 100 818 200 534 300 359 400
70 0 5 1421 0 371 100 1328 200 255 300 1209 400
71 0 5 198 0 171 100 648 200 1102 300 349 400
72 0 5 1243 0 42 100 157 200 1456 300 1058 400
73 0 5 544 0 1277 100 407 200 601 300 1491 400
74 0 5 1300 0 357 100 981 200 1153 300 691 400
75 0 5 1363 0 1210 100 756 200 165 300 954 400
76 0 5 663 0 536 100 1180 200 730 300 535 400
77 0 5 650 0 1407 100 1023 200 612 300 86 400
78 0 5 1067 0 1473 100 1249 200 1022 300 671 400
79 0 5 269 0 645 100 1486 200 1005 300 640 400
80 0 5 1217 0 1244 100 38 200 733 300 759 400
81 0 5 993 0 1329 100 681 200 743 300 1057 400
82 0 5 316 0 881 100 439 200 1468 300 164 400
83 0 5 299 0 531 100 447 200 1217 300 771 400
84 0 5 135 0 533 100 1303 200 974 300 393 400
85 0 5 666 0 1087 100 423 200 934 300 221 400
86 0 5 465 0 650 100 1456 200 77 300 1023 400
87 0 5 1501 0 356 100 521 200 1009 300 624 400
88 0 5 859 0 494 100 102 200 315 300 625 400
89 0 5 951 0 362 100 1490 200 260 300 799 400
90 0 5 1470 0 972 100 327 200 778 300 307 400
91 0 5 387 0 576 100 804 200 1444 300 318 400
92 0 5 19 0 175 100 1011 200 459 300 273 400
93 0 5 311 0 1160 100 1282 200 1004 300 329 400
94 0 5 1101 0 429 100 893 200 1207 300 21 400
95 0 5 144 0 1326 100 1287 200 979 300 948 400
96 0 5 1020 0 1364 100 229 200 127 300 432 400
97 0 5 542 0 1086 100 181 200 1054 300 492 400
98 0 5 837 0 1317 100 101 200 960 300 50 400
99 0 5 383 0 1459 100 1319 200 38 300 784 400
100 0 5 1141 0 1276 100 916 200 524 300 608 400
101 0 5 1320 0 1227 100 837 200 98 300 563 400
102 0 5 859 0 1327 100 88 200 1078 300 262 400
103 0 5 600 0 672 100 820 200 745 300 605 400
104 0 5 1420 0 761 100 841 200 719 300 426 400
105 0 5 472 0 1190 100 264 200 8 300 1375 400
106 0 5 995 0 1350 100 578 200 34 300 750 400
107 0 5 1008 0 850 100 956 200 1435 300 833 400
108 0 5 54 0 421 100 669 200 602 300 134 400
109 0 5 209 0 1151 100 110 200 1167 300 118 400
110 0 5 1167 0 1513 100 1514 200 664 300 1211 400
111 0 5 250 0 366 100 568 200 483 300 484 400
112 0 5 509 0 9 100 982 200 296 300 148 400
113 0 5 195 0 1261 100 248 200 257 300 274 400
114 0 5 1369 0 236 100 653 200 1336 300 970 400
115 0 5 829 0 457 100 1250 200 161 300 607 400
116 0 5 199 0 1316 100 126 200 314 300 165 400
117 0 5 1170 0 1000 100 1121 200 659 300 235 400
118 0 5 1167 0 25 100 109 200 110 300 209 400
119 0 5 471 0 1078 100 304 200 1351 300 673 400
120 0 5 1206 0 1098 100 1094 200 821 300 963 400
121 0 5 402 0 1484 100 790 200 1196 300 913 400
122 0 5 1462 0 819 100 176 200 654 300 1084 400
123 0 5 1126 0 825 100 244 200 1380 300 1293 400
124 0 5 170 0 639 100 780 200 360 300 1172 400
125 0 5 448 0 598 100 44 200 1142 300 1214 400
126 0 5 849 0 199 100 646 200 116 300 580 400
127 0 5 1033 0 1249 100 1162 200 1020 300 1364 400
128 0 5 1310 0 1483 100 1358 200 1193 300 1345 400
129 0 5 508 0 1131 100 557 200 1164 300 1491 400
130 0 5 545 0 860 100 460 200 491 300 239 400
131 0 5 744 0 36 100 1156 200 193 300 162 400
132 0 5 927 0 747 100 945 200 1001 300 1269 400
133 0 5 1080 0 297 100 817 200 622 300 1424 400
134 0 5 1088 0 622 100 817 200 1083 300 54 400
135 0 5 84 0 533 100 1303 200 974 300 4 400
136 0 5 1243 0 856 100 1058 200 635 300 72 400
137 0 5 1465 0 1357 100 1213 200 732 300 350 400
138 0 5 1296 0 59 100 538 200 536 300 1029 400
139 0 5 1492 0 419 100 943 200 28 300 954 400
140 0 5 1485 0 1085 100 983 200 1383 300 17 400
141 0 5 413 0 1209 100 47 200 417 300 300 400
142 0 5 177 0 421 100 602 200 1382 300 1372 400
143 0 5 1403 0 592 100 906 200 628 300 1481 400
144 0 5 911 0 95 100 1315 200 948 300 814 400
145 0 5 46 0 18 100 1412 200 615 300 813 400
146 0 5 1043 0 265 100 60 200 1124 300 213 400
147 0 5 973 0 563 100 525 200 1157 300 321 400
148 0 5 9 0 1160 100 986 200 93 300 329 400
149 0 5 251 0 991 100 634 200 713 300 1060 400
150 0 5 253 0 510 100 261 200 1186 300 476 400
151 0 5 482 0 758 100 303 200 254 300 554 400
152 0 5 1061 0 1425 100 832 200 1357 300 1465 400
153 0 5 447 0 771 100 716 200 985 300 83 400
154 0 5 1415 0 1335 100 26 200 1367 300 949 400
155 0 5 182 0 330 100 394 200 234 300 1521 400
156 0 5 1089 0 1233 100 499 200 159 300 1161 400
157 0 5 596 0 764 100 1355 200 72 300 389 400
158 0 5 793 0 1077 100 1344 200 582 300 21 400
159 0 5 1233 0 1358 100 1290 200 156 300 169 400
160 0 5 1391 0 617 100 1371 200 326 300 808 400
161 0 5 607 0 1304 100 680 200 115 300 1211 400
162 0 5 379 0 241 100 744 200 272 300 1475 400
163 0 5 3 0 325 100 346 200 478 300 1366 400
164 0 5 352 0 1362 100 316 200 1420 300 841 400
165 0 5 1363 0 1332 100 75 200 1210 300 335 400
166 0 5 26 0 229 100 1062 200 1162 300 127 400
167 0 5 698 0 1229 100 31 200 674 300 1385 400
168 0 5 204 0 323 100 1460 200 796 300 1159 400
169 0 5 1358 0 267 100 1290 200 1128 300 159 400
170 0 5 124 0 1172 100 62 200 907 300 1151 400
171 0 5 71 0 1052 100 198 200 715 300 648 400
172 0 5 882 0 1267 100 1486 200 273 300 1418 400
173 0 5 1032 0 1346 100 401 200 512 300 910 400
174 0 5 1341 0 197 100 1372 200 257 300 552 400
175 0 5 459 0 92 100 640 200 19 300 79 400
176 0 5 441 0 537 100 122 200 819 300 1031 400
177 0 5 142 0 425 100 375 200 139 300 602 400
178 0 5 631 0 1330 100 601 200 188 300 73 400
179 0 5 1416 0 422 100 955 200 184 300 1377 400
180 0 5 1195 0 741 100 397 200 285 300 717 400
181 0 5 571 0 1054 100 97 200 1086 300 789 400
182 0 5 155 0 642 100 394 200 1119 300 330 400
183 0 5 1256 0 217 100 695 200 827 300 942 400
184 0 5 527 0 503 100 392 200 179 300 1360 400
185 0 5 215 0 604 100 577 200 691 300 400 400
186 0 5 1292 0 709 100 515 200 1093 300 688 400
187 0 5 705 0 424 100 1423 200 27 300 953 400
188 0 5 960 0 601 100 1330 200 1199 300 50 400
189 0 5 1049 0 704 100 58 200 805 300 286 400
190 0 5 1095 0 867 100 763 200 593 300 50 400
191 0 5 638 0 1289 100 492 200 1438 300 1054 400
192 0 5 485 0 593 100 1047 200 798 300 763 400
193 0 5 1156 0 656 100 493 200 1125 300 1271 400
194 0 5 537 0 1368 100 1031 200 739 300 1333 400
195 0 5 113 0 274 100 888 200 248 300 410 400
196 0 5 845 0 1463 100 1230 200 336 300 920 400
197 0 5 552 0 1236 100 174 200 1372 300 257 400
198 0 5 633 0 71 100 1102 200 171 300 229 400
199 0 5 116 0 1316 100 126 200 646 300 332 400
200 0 5 1312 0 553 100 57 200 1064 300 1437 400
201 0 5 984 0 207 100 809 200 571 300 789 400
202 0 5 1299 0 1051 100 881 200 1129 300 558 400
203 0 5 816 0 386 100 277 200 1319 300 766 400
204 0 5 168 0 1395 100 1460 200 323 300 952 400
205 0 5 65 0 256 100 405 200 1464 300 1204 400
206 0 5 432 0 1024 100 213 200 1033 300 933 400
207 0 5 984 0 1373 100 201 200 1094 300 809 400
208 0 5 595 0 935 100 43 200 708 300 1365 400
209 0 5 109 0 360 100 240 200 1041 300 780 400
210 0 5 1400 0 1334 100 1199 200 1092 300 220 400
211 0 5 1140 0 28 100 139 200 1492 300 1372 400
212 0 5 1450 0 488 100 468 200 311 300 1349 400
213 0 5 206 0 1347 100 1024 200 349 300 582 400
214 0 5 791 0 651 100 378 200 1298 300 1288 400
215 0 5 577 0 185 100 691 200 1300 300 391 400
216 0 5 1495 0 11 100 243 200 1014 300 1246 400
217 0 5 942 0 827 100 183 200 1256 300 1409 400
218 0 5 1338 0 459 100 231 200 1273 300 1386 400
219 0 5 1122 0 347 100 32 200 300 300 714 400
220 0 5 583 0 1334 100 1199 200 684 300 210 400
221 0 5 338 0 1087 100 228 200 740 300 372 400
222 0 5 683 0 777 100 658 200 1344 300 1077 400
223 0 5 606 0 385 100 1035 200 786 300 587 400
224 0 5 944 0 1026 100 257 200 990 300 1337 400
225 0 5 1198 0 850 100 1280 200 738 300 293 400
226 0 5 55 0 1279 100 1085 200 1201 300 140 400
227 0 5 1123 0 895 100 1407 200 516 300 612 400
228 0 5 922 0 740 100 221 200 899 300 322 400
229 0 5 1062 0 166 100 1162 200 633 300 96 400
230 0 5 474 0 1182 100 854 200 1471 300 1082 400
231 0 5 1273 0 1311 100 312 200 218 300 890 400
232 0 5 1242 0 508 100 1241 200 1491 300 703 400
233 0 5 1411 0 732 100 877 200 13 300 1465 400
234 0 5 1138 0 652 100 753 200 155 300 331 400
235 0 5 1079 0 659 100 1000 200 1275 300 727 400
236 0 5 114 0 334 100 862 200 653 300 1306 400
237 0 5 773 0 1427 100 1254 200 499 300 1233 400
238 0 5 292 0 414 100 1098 200 207 300 511 400
239 0 5 435 0 427 100 936 200 860 300 475 400
240 0 5 1041 0 25 100 209 200 408 300 360 400
241 0 5 162 0 512 100 1260 200 744 300 36 400
242 0 5 23 0 61 100 661 200 616 300 279 400
243 0 5 1246 0 1014 100 216 200 755 300 417 400
244 0 5 1126 0 396 100 123 200 768 300 282 400
245 0 5 14 0 558 100 670 200 690 300 528 400
246 0 5 1042 0 1343 100 1135 200 491 300 1000 400
247 0 5 1053 0 1419 100 529 200 619 300 1146 400
248 0 5 888 0 195 100 500 200 257 300 1337 400
249 0 5 504 0 597 100 1278 200 581 300 1429 400
250 0 5 111 0 568 100 621 200 949 300 483 400
251 0 5 149 0 1060 100 774 200 991 300 310 400
252 0 5 320 0 420 100 689 200 1130 300 1040 400
253 0 5 150 0 1186 100 374 200 969 300 1107 400
254 0 5 303 0 554 100 1238 200 151 300 406 400
255 0 5 1328 0 401 100 70 200 989 300 371 400
256 0 5 624 0 1133 100 205 200 65 300 1401 400
257 0 5 1026 0 1379 100 1261 200 248 300 174 400
258 0 5 1377 0 955 100 890 200 179 300 1179 400
259 0 5 1187 0 1497 100 448 200 701 300 125 400
260 0 5 1353 0 328 100 362 200 89 300 951 400
261 0 5 463 0 476 100 510 200 1191 300 150 400
262 0 5 1327 0 271 100 874 200 859 300 315 400
263 0 5 1069 0 673 100 922 200 1396 300 322 400
264 0 5 1190 0 722 100 105 200 327 300 1103 400
265 0 5 838 0 146 100 778 200 851 300 562 400
266 0 5 278 0 1417 100 7 200 1434 300 1149 400
267 0 5 767 0 169 100 1480 200 1310 300 1128 400
268 0 5 1134 0 993 100 1108 200 1057 300 844 400
269 0 5 79 0 532 100 645 200 1273 300 640 400
270 0 5 1165 0 698 100 29 200 167 300 454 400
271 0 5 1118 0 1498 100 262 200 874 300 985 400
272 0 5 1475 0 566 100 744 200 162 300 1156 400
273 0 5 298 0 172 100 1418 200 19 300 640 400
274 0 5 410 0 195 100 1261 200 1341 300 412 400
275 0 5 1509 0 1510 100 680 200 1211 300 869 400
276 0 5 1294 0 1070 100 729 200 305 300 707 400
277 0 5 1477 0 816 100 203 200 853 300 1169 400
278 0 5 266 0 1417 100 456 200 1149 300 7 400
279 0 5 616 0 61 100 720 200 84 300 1017 400
280 0 5 701 0 578 100 750 200 387 300 5 400
281 0 5 584 0 1225 100 668 200 1208 300 368 400
282 0 5 768 0 594 100 399 200 846 300 857 400
283 0 5 996 0 676 100 1295 200 1216 300 490 400
284 0 5 375 0 970 100 602 200 1143 300 236 400
285 0 5 1195 0 717 100 810 200 873 300 1006 400
286 0 5 1117 0 686 100 189 200 805 300 58 400
287 0 5 861 0 885 100 534 200 1200 300 1173 400
288 0 5 1030 0 1384 100 728 200 391 300 980 400
289 0 5 862 0 976 100 501 200 1073 300 1019 400
290 0 5 795 0 1120 100 50 200 901 300 837 400
291 0 5 445 0 354 100 896 200 657 300 926 400
292 0 5 238 0 803 100 414 200 662 300 1098 400
293 0 5 1065 0 522 100 738 200 225 300 491 400
294 0 5 1212 0 764 100 470 200 319 300 1456 400
295 0 5 838 0 1124 100 1144 200 999 300 851 400
296 0 5 1458 0 982 100 1404 200 641 300 112 400
297 0 5 133 0 1007 100 1424 200 1080 300 817 400
298 0 5 19 0 273 100 1056 200 1418 300 175 400
299 0 5 83 0 1459 100 447 200 1319 300 1217 400
300 0 5 47 0 1072 100 417 200 219 300 141 400
301 0 5 1240 0 56 100 899 200 372 300 1443 400
302 0 5 307 0 562 100 722 200 265 300 778 400
303 0 5 254 0 554 100 1238 200 151 300 1096 400
304 0 5 1069 0 673 100 119 200 1351 300 530 400
305 0 5 731 0 729 100 1127 200 1294 300 477 400
306 0 5 782 0 615 100 931 200 395 300 18 400
307 0 5 722 0 302 100 778 200 327 300 264 400
308 0 5 404 0 887 100 1301 200 1054 300 787 400
309 0 5 876 0 561 100 585 200 1200 300 1105 400
310 0 5 774 0 1479 100 1060 200 852 300 251 400
311 0 5 468 0 93 100 1160 200 212 300 1410 400
312 0 5 890 0 1285 100 231 200 1311 300 440 400
313 0 5 519 0 679 100 773 200 1370 300 1406 400
314 0 5 1413 0 1239 100 116 200 1414 300 126 400
315 0 5 564 0 874 100 262 200 88 300 859 400
316 0 5 82 0 439 100 164 200 352 300 1468 400
317 0 5 811 0 477 100 1236 200 712 300 1266 400
318 0 5 576 0 1488 100 1472 200 1125 300 91 400
319 0 5 506 0 1212 100 1355 200 764 300 460 400
320 0 5 423 0 252 100 1130 200 689 300 420 400
321 0 5 973 0 1400 100 1467 200 147 300 377 400
322 0 5 673 0 922 100 228 200 263 300 899 400
323 0 5 1158 0 168 100 880 200 10 300 204 400
324 0 5 567 0 1482 100 547 200 1150 300 461 400
325 0 5 567 0 1146 100 1068 200 163 300 547 400
326 0 5 1391 0 42 100 160 200 72 300 808 400
327 0 5 45 0 90 100 722 200 972 300 488 400
328 0 5 362 0 917 100 260 200 1353 300 603 400
329 0 5 986 0 1282 100 93 200 685 300 148 400
330 0 5 155 0 1512 100 1511 200 331 300 182 400
331 0 5 842 0 652 100 330 200 1504 300 1503 400
332 0 5 1316 0 815 100 1147 200 646 300 864 400
333 0 5 1317 0 1467 100 563 200 98 300 101 400
334 0 5 862 0 1019 100 236 200 653 300 1306 400
335 0 5 1332 0 1113 100 165 200 815 300 1253 400
336 0 5 513 0 845 100 1448 200 196 300 1495 400
337 0 5 1354 0 1460 100 952 200 453 300 560 400
338 0 5 221 0 372 100 934 200 1087 300 899 400
339 0 5 1380 0 1091 100 399 200 63 300 244 400
340 0 5 1036 0 34 100 1247 200 1116 300 1481 400
341 0 5 1321 0 647 100 344 200 1046 300 1478 400
342 0 5 971 0 1433 100 828 200 363 300 829 400
343 0 5 1451 0 1121 100 1170 200 1371 300 659 400
344 0 5 1478 0 647 100 789 200 1322 300 929 400
345 0 5 1029 0 760 100 536 200 1180 300 538 400
346 0 5 478 0 1044 100 3 200 163 300 1417 400
347 0 5 1122 0 507 100 11 200 219 300 775 400
348 0 5 1251 0 1157 100 64 200 16 300 880 400
349 0 5 1102 0 1454 100 648 200 213 300 582 400
350 0 5 732 0 877 100 1213 200 1465 300 137 400
351 0 5 556 0 1266 100 385 200 390 300 587 400
352 0 5 164 0 1468 100 316 200 875 300 835 400
353 0 5 834 0 874 100 902 200 871 300 1118 400
354 0 5 291 0 926 100 445 200 1318 300 896 400
355 0 5 1440 0 1021 100 486 200 1182 300 570 400
356 0 5 87 0 1445 100 521 200 1501 300 1009 400
357 0 5 1452 0 551 100 496 200 74 300 1300 400
358 0 5 925 0 958 100 644 200 708 300 976 400
359 0 5 642 0 1494 100 818 200 957 300 885 400
360 0 5 209 0 780 100 109 200 124 300 1041 400
361 0 5 454 0 1219 100 411 200 1205 300 1489 400
362 0 5 328 0 89 100 1490 200 260 300 917 400
363 0 5 971 0 364 100 828 200 868 300 548 400
364 0 5 498 0 363 100 868 200 1520 300 1519 400
365 0 5 1010 0 1237 100 44 200 576 300 1214 400
366 0 5 1394 0 111 100 484 200 250 300 949 400
367 0 5 1223 0 1104 100 921 200 875 300 719 400
368 0 5 1225 0 449 100 1208 200 1040 300 420 400
369 0 5 6 0 1367 100 579 200 621 300 1335 400
370 0 5 554 0 406 100 776 200 760 300 254 400
371 0 5 1421 0 70 100 989 200 1004 300 1071 400
372 0 5 338 0 934 100 899 200 301 300 558 400
373 0 5 452 0 1149 100 1224 200 737 300 1280 400
374 0 5 253 0 1186 100 1107 200 710 300 826 400
375 0 5 284 0 602 100 425 200 1143 300 970 400
376 0 5 515 0 1333 100 1097 200 1197 300 739 400
377 0 5 1099 0 952 100 873 200 210 300 321 400
378 0 5 1048 0 1288 100 555 200 214 300 651 400
379 0 5 1474 0 162 100 846 200 1475 300 857 400
380 0 5 1263 0 1052 100 171 200 21 300 715 400
381 0 5 834 0 1159 100 902 200 1259 300 1451 400
382 0 5 965 0 735 100 736 200 727 300 1006 400
383 0 5 99 0 1319 100 386 200 784 300 38 400
384 0 5 662 0 55 100 403 200 414 300 988 400
385 0 5 390 0 223 100 351 200 1440 300 606 400
386 0 5 1169 0 816 100 383 200 203 300 784 400
387 0 5 91 0 5 100 1497 200 1237 300 750 400
388 0 5 52 0 1142 100 448 200 1408 300 1461 400
389 0 5 1355 0 1059 100 157 200 460 300 596 400
390 0 5 385 0 1045 100 351 200 1266 300 1440 400
391 0 5 604 0 288 100 1384 200 691 300 400 400
392 0 5 909 0 527 100 184 200 503 300 1106 400
393 0 5 616 0 1074 100 1303 200 279 300 61 400
394 0 5 1494 0 182 100 155 200 642 300 409 400
395 0 5 855 0 615 100 1196 200 306 300 519 400
396 0 5 768 0 244 100 594 200 282 300 1126 400
397 0 5 453 0 1189 100 180 200 741 300 1121 400
398 0 5 822 0 1449 100 1081 200 813 300 1073 400
399 0 5 857 0 339 100 282 200 1091 300 63 400
400 0 5 769 0 1384 100 983 200 185 300 391 400
401 0 5 255 0 1032 100 173 200 1346 300 910 400
402 0 5 913 0 121 100 790 200 415 300 1196 400
403 0 5 1218 0 1279 100 41 200 1201 300 384 400
404 0 5 308 0 787 100 1301 200 887 300 807 400
405 0 5 561 0 1464 100 205 200 1441 300 1200 400
406 0 5 370 0 554 100 776 200 22 300 254 400
407 0 5 1277 0 1095 100 1164 200 557 300 73 400
408 0 5 1016 0 1041 100 240 200 360 300 456 400
409 0 5 753 0 957 100 1494 200 359 300 394 400
410 0 5 274 0 412 100 565 200 195 300 756 400
411 0 5 1489 0 361 100 1114 200 454 300 270 400
412 0 5 756 0 410 100 565 200 274 300 1492 400
413 0 5 1209 0 141 100 1349 200 47 300 1450 400
414 0 5 1206 0 662 100 292 200 238 300 1098 400
415 0 5 913 0 1393 100 1090 200 790 300 1388 400
416 0 5 1500 0 1399 100 720 200 533 300 84 400
417 0 5 755 0 141 100 300 200 1246 300 47 400
418 0 5 1340 0 502 100 1352 200 1314 300 1264 400
419 0 5 629 0 943 100 139 200 1291 300 937 400
420 0 5 844 0 252 100 1040 200 689 300 449 400
421 0 5 142 0 602 100 108 200 1382 300 54 400
422 0 5 428 0 503 100 179 200 184 300 1423 400
423 0 5 320 0 1130 100 1087 200 85 300 666 400
424 0 5 27 0 705 100 953 200 187 300 503 400
425 0 5 1291 0 375 100 177 200 139 300 937 400
426 0 5 761 0 824 100 843 200 719 300 1104 400
427 0 5 435 0 900 100 239 200 994 300 936 400
428 0 5 422 0 35 100 1119 200 1423 300 179 400
429 0 5 893 0 1184 100 94 200 21 300 1207 400
430 0 5 903 0 734 100 1272 200 1075 300 20 400
431 0 5 543 0 1001 100 1437 200 1269 300 1064 400
432 0 5 933 0 206 100 1033 200 1364 300 1102 400
433 0 5 941 0 961 100 539 200 1254 300 1427 400
434 0 5 1116 0 1235 100 467 200 1481 300 1466 400
435 0 5 427 0 239 100 936 200 227 300 895 400
436 0 5 1376 0 891 100 649 200 702 300 652 400
437 0 5 1438 0 825 100 123 200 1293 300 638 400
438 0 5 871 0 942 100 1268 200 1409 300 695 400
439 0 5 881 0 316 100 82 200 1468 300 1051 400
440 0 5 890 0 1285 100 312 200 1416 300 1469 400
441 0 5 176 0 442 100 923 200 58 300 1031 400
442 0 5 58 0 441 100 923 200 445 300 805 400
443 0 5 668 0 1342 100 1208 200 843 300 584 400
444 0 5 1455 0 1139 100 1155 200 1192 300 794 400
445 0 5 291 0 354 100 923 200 442 300 657 400
446 0 5 637 0 1404 100 726 200 1496 300 1439 400
447 0 5 153 0 1319 100 299 200 83 300 1459 400
448 0 5 125 0 1142 100 52 200 259 300 388 400
449 0 5 783 0 368 100 993 200 844 300 681 400
450 0 5 8 0 572 100 748 200 757 300 105 400
451 0 5 1238 0 37 100 1096 200 482 300 303 400
452 0 5 373 0 1435 100 1280 200 1434 300 737 400
453 0 5 397 0 1189 100 337 200 1460 300 741 400
454 0 5 1252 0 361 100 1205 200 411 300 270 400
455 0 5 1258 0 865 100 471 200 1194 300 1078 400
456 0 5 1224 0 1417 100 1387 200 1149 300 1016 400
457 0 5 829 0 115 100 754 200 620 300 1433 400
458 0 5 1388 0 822 100 1393 200 1073 300 1365 400
459 0 5 1386 0 175 100 218 200 92 300 269 400
460 0 5 1343 0 545 100 319 200 389 300 1355 400
461 0 5 469 0 1150 100 616 200 324 300 279 400
462 0 5 1255 0 1493 100 670 200 1443 300 1456 400
463 0 5 1457 0 261 100 476 200 1191 300 692 400
464 0 5 1469 0 1416 100 1360 200 179 300 890 400
465 0 5 86 0 650 100 1174 200 1407 300 77 400
466 0 5 891 0 702 100 842 200 1509 300 1508 400
467 0 5 1466 0 24 100 434 200 59 300 1082 400
468 0 5 488 0 311 100 1166 200 212 300 93 400
469 0 5 461 0 997 100 634 200 713 300 1074 400
470 0 5 475 0 294 100 612 200 1023 300 319 400
471 0 5 119 0 1351 100 865 200 1078 300 455 400
472 0 5 105 0 950 100 1375 200 1305 300 1190 400
473 0 5 688 0 1324 100 1292 200 1089 300 1436 400
474 0 5 230 0 854 100 570 200 24 300 1182 400
475 0 5 470 0 936 100 612 200 1023 300 545 400
476 0 5 1457 0 463 100 261 200 374 300 150 400
477 0 5 1188 0 731 100 317 200 1127 300 811 400
478 0 5 346 0 1044 100 3 200 1417 300 163 400
479 0 5 1270 0 1011 100 806 200 1430 300 1389 400
480 0 5 792 0 1272 100 660 200 1175 300 509 400
481 0 5 798 0 1164 100 485 200 407 300 192 400
482 0 5 758 0 37 100 1487 200 151 300 451 400
483 0 5 1394 0 694 100 484 200 568 300 621 400
484 0 5 694 0 1220 100 483 200 621 300 1408 400
485 0 5 192 0 593 100 798 200 1047 300 481 400
486 0 5 1021 0 1182 100 355 200 230 300 570 400
487 0 5 785 0 1012 100 1221 200 1105 300 876 400
488 0 5 468 0 1166 100 212 200 327 300 45 400
489 0 5 935 0 627 100 1113 200 980 300 1274 400
490 0 5 751 0 996 100 676 200 1100 300 283 400
491 0 5 522 0 1476 100 1343 200 293 300 246 400
492 0 5 542 0 191 100 660 200 97 300 1438 400
493 0 5 1405 0 1488 100 586 200 193 300 884 400
494 0 5 625 0 88 100 564 200 695 300 1078 400
495 0 5 686 0 1176 100 1049 200 189 300 286 400
496 0 5 981 0 551 100 357 200 1300 300 1452 400
497 0 5 1489 0 905 100 791 200 992 300 631 400
498 0 5 649 0 364 100 702 200 1376 300 363 400
499 0 5 1427 0 1313 100 1233 200 156 300 961 400
500 0 5 1337 0 1096 100 888 200 248 300 944 400
501 0 5 289 0 526 100 937 200 976 300 1073 400
502 0 5 1193 0 418 100 1264 200 1314 300 1245 400
503 0 5 184 0 705 100 422 200 392 300 27 400
504 0 5 721 0 249 100 969 200 693 300 581 400
505 0 5 1027 0 38 100 1269 200 784 300 733 400
506 0 5 319 0 764 100 1355 200 1212 300 157 400
507 0 5 775 0 347 100 11 200 1122 300 219 400
508 0 5 129 0 232 100 1491 200 1242 300 703 400
509 0 5 112 0 982 100 1175 200 641 300 9 400
510 0 5 150 0 261 100 1191 200 1331 300 1276 400
511 0 5 1322 0 518 100 1373 200 1112 300 1177 400
512 0 5 1032 0 173 100 241 200 36 300 1072 400
513 0 5 336 0 845 100 1448 200 775 300 1495 400
514 0 5 847 0 1318 100 1066 200 926 300 354 400
515 0 5 376 0 667 100 186 200 709 300 1197 400
516 0 5 1123 0 1392 100 1215 200 612 300 227 400
517 0 5 1321 0 1046 100 1216 200 1295 300 1447 400
518 0 5 1112 0 1136 100 511 200 1322 300 929 400
519 0 5 313 0 679 100 1370 200 395 300 1406 400
520 0 5 547 0 1068 100 634 200 325 300 1146 400
521 0 5 87 0 675 100 1445 200 624 300 1501 400
522 0 5 491 0 738 100 1476 200 293 300 1065 400
523 0 5 556 0 712 100 30 200 729 300 587 400
524 0 5 916 0 1428 100 1276 200 100 300 1397 400
525 0 5 64 0 563 100 1320 200 147 300 1157 400
526 0 5 937 0 644 100 1253 200 501 300 629 400
527 0 5 184 0 799 100 1360 200 392 300 909 400
528 0 5 541 0 690 100 670 200 1002 300 14 400
529 0 5 1146 0 1053 100 247 200 163 300 325 400
530 0 5 1351 0 1057 100 878 200 33 300 263 400
531 0 5 83 0 771 100 16 200 1251 300 1217 400
532 0 5 1273 0 269 100 645 200 1311 300 218 400
533 0 5 1168 0 135 100 84 200 962 300 974 400
534 0 5 1173 0 818 100 69 200 49 300 287 400
535 0 5 939 0 22 100 663 200 730 300 76 400
536 0 5 730 0 76 100 138 200 1180 300 570 400
537 0 5 194 0 176 100 1031 200 654 300 441 400
538 0 5 1296 0 1029 100 138 200 906 300 345 400
539 0 5 941 0 897 100 746 200 961 300 433 400
540 0 5 797 0 1387 100 737 200 1430 300 1149 400
541 0 5 528 0 1002 100 670 200 1174 300 690 400
542 0 5 492 0 97 100 1086 200 660 300 1054 400
543 0 5 1437 0 431 100 1001 200 200 300 1361 400
544 0 5 73 0 1491 100 905 200 407 300 1283 400
545 0 5 130 0 460 100 1343 200 319 300 860 400
546 0 5 1245 0 667 100 1314 200 1352 300 1197 400
547 0 5 520 0 324 100 567 200 1068 300 325 400
548 0 5 1540 0 702 100 868 200 1 300 842 400
549 0 5 1137 0 1234 100 1480 200 614 300 1050 400
550 0 5 1361 0 1312 100 1437 200 543 300 945 400
551 0 5 496 0 1353 100 1452 200 981 300 357 400
552 0 5 197 0 1266 100 1236 200 317 300 174 400
553 0 5 57 0 966 100 820 200 200 300 964 400
554 0 5 370 0 406 100 254 200 303 300 776 400
555 0 5 852 0 1288 100 378 200 1048 300 1298 400
556 0 5 523 0 351 100 1266 200 712 300 317 400
557 0 5 1131 0 1164 100 129 200 407 300 544 400
558 0 5 1299 0 245 100 372 200 670 300 840 400
559 0 5 1482 0 866 100 680 200 1150 300 461 400
560 0 5 1395 0 952 100 1460 200 337 300 10 400
561 0 5 405 0 585 100 309 200 1200 300 675 400
562 0 5 48 0 302 100 265 200 60 300 590 400
563 0 5 147 0 525 100 333 200 1320 300 1467 400
564 0 5 315 0 871 100 625 200 874 300 494 400
565 0 5 1414 0 1210 100 410 200 412 300 756 400
566 0 5 586 0 272 100 1475 200 1348 300 493 400
567 0 5 325 0 324 100 547 200 163 300 1146 400
568 0 5 579 0 250 100 621 200 949 300 483 400
569 0 5 696 0 1446 100 575 200 798 300 103 400
570 0 5 630 0 1182 100 474 200 230 300 355 400
571 0 5 181 0 809 100 1054 200 789 300 201 400
572 0 5 8 0 757 100 450 200 748 300 777 400
573 0 5 1406 0 597 100 1436 200 773 300 1429 400
574 0 5 851 0 1325 100 778 200 1265 300 838 400
575 0 5 696 0 1025 100 798 200 672 300 763 400
576 0 5 318 0 91 100 1237 200 365 300 1125 400
577 0 5 215 0 1285 100 185 200 604 300 691 400
578 0 5 280 0 701 100 750 200 106 300 995 400
579 0 5 568 0 621 100 949 200 1367 300 6 400
580 0 5 646 0 978 100 849 200 126 300 678 400
581 0 5 1107 0 721 100 249 200 1222 300 504 400
582 0 5 1454 0 158 100 21 200 349 300 213 400
583 0 5 591 0 220 100 684 200 1334 300 928 400
584 0 5 281 0 1208 100 668 200 843 300 1225 400
585 0 5 675 0 561 100 309 200 1105 300 876 400
586 0 5 566 0 1348 100 493 200 884 300 1405 400
587 0 5 30 0 786 100 1021 200 1035 300 606 400
588 0 5 781 0 800 100 994 200 599 300 1056 400
589 0 5 803 0 988 100 1005 200 915 300 662 400
590 0 5 48 0 60 100 658 200 222 300 562 400
591 0 5 583 0 928 100 636 200 684 300 1092 400
592 0 5 1178 0 143 100 628 200 1348 300 1185 400
593 0 5 192 0 763 100 485 200 1047 300 1095 400
594 0 5 768 0 282 100 932 200 396 300 863 400
595 0 5 208 0 728 100 1030 200 980 300 935 400
596 0 5 618 0 157 100 1257 200 1135 300 42 400
597 0 5 573 0 1278 100 1406 200 249 300 782 400
598 0 5 1214 0 125 100 44 200 448 300 1237 400
599 0 5 1065 0 781 100 737 200 293 300 588 400
600 0 5 605 0 103 100 839 200 904 300 830 400
601 0 5 1330 0 188 100 178 200 960 300 73 400
602 0 5 421 0 375 100 1397 200 142 300 1148 400
603 0 5 1484 0 917 100 1034 200 643 300 328 400
604 0 5 185 0 1285 100 577 200 391 300 17 400
605 0 5 600 0 672 100 103 200 801 300 830 400
606 0 5 223 0 786 100 1035 200 587 300 385 400
607 0 5 161 0 869 100 1515 200 868 300 1514 400
608 0 5 749 0 916 100 847 200 692 300 706 400
609 0 5 1431 0 1049 100 918 200 912 300 704 400
610 0 5 41 0 1218 100 1171 200 1274 300 1003 400
611 0 5 1401 0 1009 100 643 200 603 300 1196 400
612 0 5 1023 0 1123 100 1392 200 77 300 470 400
613 0 5 51 0 1323 100 1181 200 1184 300 1052 400
614 0 5 1050 0 1105 100 1234 200 549 300 1012 400
615 0 5 855 0 395 100 306 200 46 300 18 400
616 0 5 393 0 279 100 61 200 461 300 242 400
617 0 5 160 0 1409 100 1371 200 827 300 1058 400
618 0 5 596 0 1257 100 42 200 1135 300 157 400
619 0 5 1419 0 247 100 723 200 1366 300 975 400
620 0 5 754 0 1017 100 457 200 115 300 720 400
621 0 5 1408 0 579 100 250 200 694 300 1461 400
622 0 5 817 0 134 100 1424 200 133 300 1088 400
623 0 5 914 0 1339 100 1335 200 1415 300 1367 400
624 0 5 256 0 1501 100 521 200 205 300 1009 400
625 0 5 494 0 695 100 564 200 1256 300 88 400
626 0 5 1114 0 1165 100 411 200 1203 300 454 400
627 0 5 489 0 894 100 708 200 935 300 1113 400
628 0 5 1348 0 884 100 592 200 143 300 1481 400
629 0 5 419 0 937 100 1253 200 1291 300 139 400
630 0 5 730 0 570 100 536 200 355 300 1182 400
631 0 5 178 0 791 100 928 200 651 300 214 400
632 0 5 634 0 930 100 40 200 823 300 149 400
633 0 5 1422 0 198 100 229 200 1062 300 1102 400
634 0 5 632 0 149 100 520 200 1068 300 469 400
635 0 5 1058 0 1402 100 827 200 856 300 72 400
636 0 5 1302 0 1092 100 591 200 1213 300 919 400
637 0 5 446 0 676 100 490 200 1496 300 283 400
638 0 5 191 0 1289 100 1438 200 492 300 1054 400
639 0 5 1389 0 1015 100 124 200 1270 300 780 400
640 0 5 175 0 19 100 273 200 79 300 269 400
641 0 5 982 0 1496 100 1404 200 296 300 509 400
642 0 5 182 0 359 100 1494 200 885 300 394 400
643 0 5 1196 0 1484 100 1401 200 611 300 603 400
644 0 5 526 0 958 100 976 200 358 300 925 400
645 0 5 1383 0 79 100 269 200 1005 300 532 400
646 0 5 126 0 580 100 332 200 1316 300 199 400
647 0 5 929 0 344 100 39 200 341 300 1321 400
648 0 5 1102 0 349 100 1454 200 71 300 171 400
649 0 5 498 0 1376 100 436 200 891 300 652 400
650 0 5 77 0 465 100 86 200 1407 300 1023 400
651 0 5 791 0 214 100 631 200 1219 300 378 400
652 0 5 234 0 331 100 1138 200 842 300 891 400
653 0 5 1336 0 114 100 236 200 334 300 1306 400
654 0 5 1462 0 1097 100 724 200 1084 300 122 400
655 0 5 49 0 876 100 12 200 1173 300 309 400
656 0 5 1125 0 193 100 1271 200 576 300 1488 400
657 0 5 896 0 2 100 1390 200 445 300 291 400
658 0 5 1344 0 222 100 683 200 793 300 590 400
659 0 5 1121 0 235 100 117 200 343 300 1275 400
660 0 5 492 0 1086 100 542 200 480 300 97 400
661 0 5 23 0 1304 100 242 200 711 300 279 400
662 0 5 384 0 414 100 803 200 292 300 988 400
663 0 5 76 0 1180 100 535 200 776 300 536 400
664 0 5 1151 0 742 100 1511 200 1510 300 762 400
665 0 5 840 0 14 100 245 200 558 300 690 400
666 0 5 85 0 1087 100 934 200 423 300 221 400
667 0 5 546 0 515 100 1264 200 709 300 1245 400
668 0 5 443 0 281 100 584 200 1208 300 1342 400
669 0 5 706 0 54 100 1088 200 108 300 134 400
670 0 5 1240 0 245 100 56 200 558 300 528 400
671 0 5 1022 0 914 100 1473 200 1067 300 1249 400
672 0 5 605 0 801 100 103 200 795 300 575 400
673 0 5 322 0 304 100 263 200 1069 300 119 400
674 0 5 698 0 1248 100 167 200 1385 300 1168 400
675 0 5 585 0 521 100 561 200 614 300 1105 400
676 0 5 283 0 637 100 490 200 996 300 1216 400
677 0 5 1158 0 1145 100 880 200 985 300 323 400
678 0 5 849 0 126 100 580 200 1228 300 1239 400
679 0 5 788 0 519 100 313 200 773 300 237 400
680 0 5 866 0 1211 100 161 200 275 300 559 400
681 0 5 783 0 743 100 449 200 81 300 1329 400
682 0 5 839 0 1064 100 745 200 733 300 103 400
683 0 5 222 0 777 100 658 200 1077 300 1344 400
684 0 5 1334 0 583 100 1092 200 591 300 220 400
685 0 5 53 0 986 100 1109 200 1282 300 329 400
686 0 5 495 0 286 100 805 200 1117 300 1049 400
687 0 5 990 0 1379 100 1026 200 1045 300 257 400
688 0 5 473 0 1292 100 709 200 1378 300 1161 400
689 0 5 1108 0 1396 100 844 200 252 300 420 400
690 0 5 14 0 528 100 245 200 665 300 541 400
691 0 5 728 0 215 100 185 200 391 300 400 400
692 0 5 1191 0 1141 100 463 200 608 300 261 400
693 0 5 697 0 1308 100 969 200 1412 300 1442 400
694 0 5 484 0 483 100 621 200 1408 300 568 400
695 0 5 625 0 1256 100 942 200 438 300 494 400
696 0 5 569 0 575 100 798 200 103 300 672 400
697 0 5 1442 0 693 100 1308 200 813 300 1081 400
698 0 5 674 0 167 100 270 200 29 300 1168 400
699 0 5 924 0 1293 100 1487 200 758 300 1398 400
700 0 5 883 0 1281 100 1446 200 947 300 820 400
701 0 5 280 0 578 100 1497 200 1187 300 259 400
702 0 5 466 0 548 100 891 200 868 300 1506 400
703 0 5 1491 0 725 100 1283 200 232 300 544 400
704 0 5 912 0 189 100 1049 200 1192 300 609 400
705 0 5 1423 0 424 100 503 200 187 300 27 400
706 0 5 669 0 1088 100 749 200 608 300 916 400
707 0 5 718 0 1070 100 879 200 1080 300 1294 400
708 0 5 925 0 935 100 627 200 358 300 208 400
709 0 5 1378 0 186 100 667 200 688 300 515 400
710 0 5 1031 0 374 100 826 200 1368 300 2 400
711 0 5 1304 0 23 100 661 200 161 300 866 400
712 0 5 1127 0 523 100 1188 200 317 300 1266 400
713 0 5 1074 0 997 100 149 200 991 300 634 400
714 0 5 32 0 1072 100 1297 200 512 300 219 400
715 0 5 1263 0 21 100 171 200 582 300 1454 400
716 0 5 1145 0 985 100 153 200 880 300 1498 400
717 0 5 285 0 810 100 1006 200 180 300 1275 400
718 0 5 707 0 879 100 1007 200 1070 300 1080 400
719 0 5 1104 0 841 100 367 200 426 300 824 400
720 0 5 1017 0 1399 100 279 200 1038 300 84 400
721 0 5 504 0 581 100 969 200 1107 300 1186 400
722 0 5 307 0 264 100 302 200 327 300 45 400
723 0 5 40 0 823 100 619 200 1053 300 1061 400
724 0 5 1197 0 1084 100 1155 200 654 300 1097 400
725 0 5 703 0 1241 100 1283 200 992 300 232 400
726 0 5 1404 0 1458 100 1410 200 446 300 1439 400
727 0 5 1275 0 382 100 736 200 235 300 1079 400
728 0 5 691 0 288 100 595 200 208 300 357 400
729 0 5 30 0 305 100 276 200 523 300 587 400
730 0 5 630 0 536 100 76 200 535 300 570 400
731 0 5 305 0 477 100 1083 200 811 300 317 400
732 0 5 877 0 350 100 1465 200 233 300 137 400
733 0 5 1269 0 904 100 38 200 505 300 759 400
734 0 5 430 0 1272 100 903 200 1496 300 1075 400
735 0 5 1226 0 1006 100 736 200 382 300 833 400
736 0 5 1008 0 735 100 382 200 727 300 1079 400
737 0 5 1149 0 452 100 373 200 540 300 1280 400
738 0 5 1198 0 522 100 1476 200 225 300 293 400
739 0 5 1453 0 1368 100 1333 200 194 300 376 400
740 0 5 1130 0 1087 100 228 200 221 300 1232 400
741 0 5 180 0 1354 100 1195 200 397 300 453 400
742 0 5 762 0 1356 100 35 200 664 300 1512 400
743 0 5 1329 0 681 100 81 200 878 300 911 400
744 0 5 131 0 272 100 36 200 162 300 1156 400
745 0 5 57 0 1064 100 682 200 103 300 839 400
746 0 5 1050 0 897 100 1137 200 539 300 1290 400
747 0 5 132 0 1269 100 1326 200 784 300 1027 400
748 0 5 777 0 757 100 572 200 450 300 921 400
749 0 5 1424 0 608 100 706 200 1088 300 847 400
750 0 5 5 0 578 100 280 200 1497 300 995 400
751 0 5 490 0 1100 100 840 200 848 300 665 400
752 0 5 1387 0 765 100 780 200 456 300 360 400
753 0 5 1138 0 409 100 234 200 394 300 182 400
754 0 5 620 0 1017 100 457 200 1433 300 1038 400
755 0 5 1246 0 417 100 216 200 300 300 243 400
756 0 5 412 0 1210 100 75 200 565 300 1492 400
757 0 5 572 0 8 100 748 200 450 300 1375 400
758 0 5 482 0 1487 100 1293 200 151 300 699 400
759 0 5 830 0 904 100 898 200 733 300 1320 400
760 0 5 345 0 776 100 1180 200 1029 300 536 400
761 0 5 426 0 104 100 1420 200 843 300 1208 400
762 0 5 742 0 1507 100 1508 200 35 300 664 400
763 0 5 867 0 593 100 190 200 795 300 1047 400
764 0 5 1212 0 506 100 157 200 1456 300 319 400
765 0 5 752 0 780 100 124 200 360 300 639 400
766 0 5 1498 0 853 100 203 200 277 300 262 400
767 0 5 1310 0 267 100 1480 200 1128 300 128 400
768 0 5 396 0 282 100 594 200 244 300 932 400
769 0 5 400 0 1384 100 983 200 1085 300 1201 400
770 0 5 1077 0 1207 100 1101 200 158 300 94 400
771 0 5 16 0 531 100 153 200 83 300 716 400
772 0 5 41 0 978 100 1147 200 646 300 1003 400
773 0 5 237 0 313 100 1089 200 679 300 573 400
774 0 5 310 0 974 100 1060 200 991 300 251 400
775 0 5 507 0 920 100 11 200 513 300 1463 400
776 0 5 406 0 1180 100 370 200 760 300 22 400
777 0 5 748 0 683 100 222 200 450 300 572 400
778 0 5 1470 0 265 100 574 200 90 300 307 400
779 0 5 39 0 1018 100 895 200 1215 300 1136 400
780 0 5 360 0 765 100 752 200 124 300 639 400
781 0 5 1056 0 588 100 599 200 806 300 800 400
782 0 5 931 0 1406 100 306 200 597 300 1370 400
783 0 5 449 0 681 100 368 200 993 300 844 400
784 0 5 1027 0 747 100 38 200 383 300 386 400
785 0 5 1221 0 487 100 1012 200 1234 300 549 400
786 0 5 1035 0 606 100 587 200 223 300 1440 400
787 0 5 1301 0 831 100 924 200 404 300 1228 400
788 0 5 679 0 1254 100 237 200 519 300 773 400
789 0 5 1075 0 20 100 1478 200 344 300 571 400
790 0 5 1353 0 121 100 415 200 402 300 1393 400
791 0 5 651 0 214 100 631 200 928 300 497 400
792 0 5 480 0 825 100 1380 200 1175 300 660 400
793 0 5 158 0 1344 100 658 200 1077 300 683 400
794 0 5 1455 0 1340 100 1155 200 444 300 1197 400
795 0 5 290 0 1120 100 867 200 672 300 50 400
796 0 5 1159 0 1259 100 168 200 1115 300 1460 400
797 0 5 540 0 1430 100 737 200 1056 300 806 400
798 0 5 481 0 1047 100 485 200 1025 300 575 400
799 0 5 1106 0 1360 100 951 200 527 300 909 400
800 0 5 994 0 588 100 1065 200 599 300 781 400
801 0 5 1120 0 672 100 830 200 605 300 795 400
802 0 5 1119 0 1506 100 1507 200 330 300 762 400
803 0 5 292 0 589 100 662 200 1005 300 988 400
804 0 5 1444 0 1472 100 91 200 5 300 1405 400
805 0 5 1117 0 58 100 442 200 686 300 189 400
806 0 5 1056 0 1011 100 1430 200 479 300 1270 400
807 0 5 1289 0 887 100 1054 200 308 300 191 400
808 0 5 1257 0 1170 100 1371 200 42 300 617 400
809 0 5 571 0 1202 100 201 200 207 300 1094 400
810 0 5 717 0 1006 100 873 200 285 300 1411 400
811 0 5 1236 0 317 100 731 200 1083 300 477 400
812 0 5 1222 0 1453 100 374 200 1429 300 581 400
813 0 5 1308 0 1442 100 1081 200 398 300 697 400
814 0 5 1194 0 1315 100 948 200 66 300 144 400
815 0 5 864 0 332 100 1147 200 335 300 1171 400
816 0 5 203 0 277 100 386 200 853 300 1169 400
817 0 5 622 0 134 100 133 200 1424 300 1088 400
818 0 5 957 0 69 100 359 200 534 300 287 400
819 0 5 1192 0 122 100 176 200 441 300 1084 400
820 0 5 1281 0 553 100 883 200 103 300 966 400
821 0 5 120 0 1152 100 963 200 978 300 772 400
822 0 5 398 0 458 100 1388 200 1449 300 1393 400
823 0 5 1061 0 723 100 832 200 40 300 930 400
824 0 5 426 0 1323 100 1104 200 843 300 719 400
825 0 5 437 0 792 100 123 200 1380 300 1126 400
826 0 5 968 0 1457 100 710 200 1284 300 2 400
827 0 5 217 0 635 100 1409 200 617 300 1058 400
828 0 5 1250 0 1433 100 829 200 363 300 971 400
829 0 5 457 0 115 100 828 200 1250 300 1433 400
830 0 5 759 0 898 100 801 200 605 300 904 400
831 0 5 886 0 787 100 924 200 1286 300 1228 400
832 0 5 1357 0 1426 100 152 200 823 300 1465 400
833 0 5 940 0 975 100 735 200 1435 300 107 400
834 0 5 353 0 381 100 902 200 1159 300 1259 400
835 0 5 987 0 1375 100 1468 200 352 300 921 400
836 0 5 1267 0 1018 100 1432 200 1112 300 882 400
837 0 5 98 0 50 100 1227 200 101 300 901 400
838 0 5 295 0 265 100 851 200 1124 300 574 400
839 0 5 682 0 904 100 600 200 103 300 745 400
840 0 5 665 0 1129 100 1299 200 558 300 751 400
841 0 5 875 0 719 100 104 200 367 300 1420 400
842 0 5 331 0 652 100 466 200 548 300 1504 400
843 0 5 1323 0 426 100 1181 200 892 300 761 400
844 0 5 420 0 993 100 689 200 449 300 1108 400
845 0 5 196 0 513 100 336 200 1463 300 775 400
846 0 5 1474 0 863 100 379 200 282 300 594 400
847 0 5 514 0 1066 100 1318 200 608 300 1457 400
848 0 5 1100 0 1305 100 950 200 1129 300 751 400
849 0 5 678 0 126 100 580 200 978 300 1228 400
850 0 5 225 0 107 100 1435 200 1198 300 1280 400
851 0 5 574 0 838 100 999 200 295 300 265 400
852 0 5 555 0 1060 100 310 200 1479 300 930 400
853 0 5 766 0 1477 100 277 200 262 300 203 400
854 0 5 24 0 474 100 230 200 1082 300 59 400
855 0 5 615 0 395 100 870 200 1196 300 1090 400
856 0 5 1402 0 136 100 1255 200 635 300 72 400
857 0 5 399 0 63 100 1260 200 282 300 241 400
858 0 5 12 0 1200 100 1028 200 861 300 1173 400
859 0 5 88 0 102 100 1327 200 262 300 315 400
860 0 5 130 0 1065 100 239 200 460 300 491 400
861 0 5 1028 0 287 100 953 200 1173 300 858 400
862 0 5 289 0 334 100 236 200 1019 300 653 400
863 0 5 932 0 846 100 1055 200 594 300 282 400
864 0 5 1003 0 815 100 1147 200 332 300 1113 400
865 0 5 455 0 1078 100 471 200 1327 300 119 400
866 0 5 680 0 559 100 1482 200 1304 300 161 400
867 0 5 190 0 763 100 795 200 50 300 290 400
868 0 5 869 0 548 100 702 200 1502 300 1 400
869 0 5 1250 0 607 100 868 200 1503 300 1502 400
870 0 5 1090 0 855 100 1196 200 46 300 395 400
871 0 5 438 0 564 100 902 200 1268 300 874 400
872 0 5 1133 0 1034 100 1063 200 1490 300 1401 400
873 0 5 1099 0 810 100 1195 200 377 300 285 400
874 0 5 315 0 353 100 271 200 1118 300 262 400
875 0 5 841 0 921 100 367 200 987 300 352 400
876 0 5 1012 0 309 100 1200 200 585 300 1105 400
877 0 5 732 0 350 100 233 200 810 300 1465 400
878 0 5 1111 0 33 100 530 200 1057 300 1258 400
879 0 5 1080 0 718 100 1007 200 707 300 297 400
880 0 5 1145 0 677 100 10 200 323 300 1157 400
881 0 5 439 0 82 100 1051 200 202 300 316 400
882 0 5 172 0 1267 100 1418 200 273 300 836 400
883 0 5 700 0 1281 100 820 200 947 300 966 400
884 0 5 1405 0 1348 100 628 200 493 300 586 400
885 0 5 953 0 287 100 642 200 861 300 359 400
886 0 5 1286 0 924 100 831 200 787 300 1228 400
887 0 5 1054 0 807 100 308 200 1289 300 404 400
888 0 5 248 0 195 100 1096 200 500 300 113 400
889 0 5 1203 0 1381 100 1241 200 1489 300 411 400
890 0 5 312 0 258 100 955 200 1377 300 440 400
891 0 5 436 0 466 100 702 200 1376 300 652 400
892 0 5 1342 0 51 100 1181 200 843 300 1323 400
893 0 5 429 0 94 100 1184 200 1207 300 21 400
894 0 5 1253 0 627 100 1113 200 708 300 644 400
895 0 5 227 0 779 100 1215 200 435 300 1018 400
896 0 5 657 0 291 100 1390 200 926 300 2 400
897 0 5 539 0 1445 100 746 200 1050 300 941 400
898 0 5 901 0 830 100 1320 200 759 300 290 400
899 0 5 301 0 372 100 228 200 322 300 338 400
900 0 5 427 0 1018 100 994 200 1499 300 895 400
901 0 5 1227 0 898 100 837 200 290 300 1320 400
902 0 5 1268 0 381 100 834 200 353 300 871 400
903 0 5 430 0 1075 100 20 200 734 300 789 400
904 0 5 759 0 733 100 839 200 600 300 830 400
905 0 5 497 0 1283 100 544 200 992 300 1489 400
906 0 5 1296 0 967 100 1185 200 143 300 538 400
907 0 5 62 0 1151 100 1356 200 1172 300 742 400
908 0 5 1307 0 1040 100 1420 200 1362 300 164 400
909 0 5 392 0 799 100 527 200 1106 300 951 400
910 0 5 1346 0 1260 100 173 200 401 300 63 400
911 0 5 144 0 66 100 1315 200 33 300 1111 400
912 0 5 918 0 704 100 1192 200 609 300 1049 400
913 0 5 402 0 1090 100 415 200 870 300 121 400
914 0 5 623 0 671 100 1339 200 1022 300 1249 400
915 0 5 988 0 1005 100 589 200 1383 300 1085 400
916 0 5 524 0 608 100 100 200 1428 300 1276 400
917 0 5 603 0 328 100 1034 200 1490 300 1009 400
918 0 5 1139 0 912 100 609 200 1431 300 704 400
919 0 5 1302 0 1298 100 928 200 1426 300 636 400
920 0 5 1463 0 775 100 196 200 1230 300 44 400
921 0 5 987 0 875 100 367 200 1223 300 1077 400
922 0 5 228 0 1232 100 322 200 263 300 1396 400
923 0 5 2 0 442 100 441 200 445 300 657 400
924 0 5 699 0 886 100 831 200 787 300 1286 400
925 0 5 358 0 708 100 958 200 644 300 1365 400
926 0 5 1318 0 354 100 896 200 1390 300 1284 400
927 0 5 132 0 945 100 1001 200 1269 300 431 400
928 0 5 591 0 919 100 1298 200 791 300 631 400
929 0 5 647 0 1136 100 344 200 1322 300 341 400
930 0 5 632 0 1060 100 40 200 634 300 852 400
931 0 5 1370 0 782 100 1406 200 306 300 519 400
932 0 5 863 0 594 100 1055 200 282 300 846 400
933 0 5 432 0 1364 100 1033 200 206 300 96 400
934 0 5 338 0 372 100 666 200 85 300 1087 400
935 0 5 489 0 980 100 708 200 627 300 208 400
936 0 5 475 0 239 100 435 200 612 300 227 400
937 0 5 526 0 1291 100 629 200 1253 300 644 400
938 0 5 1374 0 29 100 1039 200 1229 300 1479 400
939 0 5 535 0 22 100 990 200 776 300 687 400
940 0 5 1226 0 833 100 735 200 1132 300 13 400
941 0 5 433 0 539 100 897 200 961 300 1445 400
942 0 5 217 0 438 100 695 200 1256 300 1409 400
943 0 5 954 0 419 100 139 200 1492 300 211 400
944 0 5 1337 0 224 100 500 200 1026 300 248 400
945 0 5 1361 0 927 100 1001 200 132 300 1437 400
946 0 5 998 0 1172 100 1015 200 1110 300 639 400
947 0 5 964 0 1446 100 966 200 700 300 820 400
948 0 5 1231 0 979 100 1169 200 814 300 144 400
949 0 5 6 0 579 100 250 200 154 300 26 400
950 0 5 472 0 1305 100 1375 200 1309 300 105 400
951 0 5 89 0 1106 100 799 200 1153 300 981 400
952 0 5 560 0 1099 100 377 200 337 300 1354 400
953 0 5 1204 0 861 100 424 200 1028 300 65 400
954 0 5 943 0 1492 100 75 200 139 300 1332 400
955 0 5 258 0 890 100 179 200 1416 300 1377 400
956 0 5 1008 0 107 100 1198 200 965 300 850 400
957 0 5 818 0 69 100 409 200 359 300 1494 400
958 0 5 976 0 358 100 644 200 925 300 1073 400
959 0 5 1271 0 1183 100 1297 200 32 300 1013 400
960 0 5 188 0 50 100 98 200 601 300 1095 400
961 0 5 1313 0 433 100 1427 200 539 300 499 400
962 0 5 1385 0 1168 100 533 200 974 300 31 400
963 0 5 1094 0 1301 100 120 200 1098 300 1202 400
964 0 5 966 0 947 100 200 200 553 300 1361 400
965 0 5 1008 0 382 100 1079 200 956 300 727 400
966 0 5 964 0 553 100 947 200 820 300 700 400
967 0 5 1185 0 1055 100 906 200 1178 300 1296 400
968 0 5 1284 0 1390 100 826 200 1066 300 1457 400
969 0 5 693 0 721 100 1186 200 504 300 1308 400
970 0 5 1143 0 284 100 1276 200 375 300 1331 400
971 0 5 342 0 363 100 828 200 868 300 364 400
972 0 5 90 0 1470 100 1265 200 327 300 778 400
973 0 5 321 0 147 100 1467 200 563 300 377 400
974 0 5 991 0 774 100 962 200 31 300 4 400
975 0 5 833 0 68 100 1434 200 1132 300 619 400
976 0 5 958 0 289 100 644 200 501 300 358 400
977 0 5 1176 0 1431 100 918 200 1139 300 495 400
978 0 5 1152 0 580 100 772 200 646 300 849 400
979 0 5 1169 0 948 100 1287 200 95 300 1326 400
980 0 5 935 0 1030 100 1274 200 489 300 288 400
981 0 5 496 0 1153 100 951 200 551 300 74 400
982 0 5 641 0 296 100 509 200 1404 300 112 400
983 0 5 400 0 140 100 1085 200 769 300 1485 400
984 0 5 201 0 207 100 1373 200 1322 300 344 400
985 0 5 1118 0 716 100 1498 200 677 300 1158 400
986 0 5 329 0 685 100 1282 200 148 300 1175 400
987 0 5 835 0 921 100 875 200 1468 300 352 400
988 0 5 915 0 589 100 803 200 55 300 1005 400
989 0 5 1071 0 1037 100 371 200 63 300 255 400
990 0 5 687 0 1026 100 939 200 1045 300 224 400
991 0 5 4 0 974 100 149 200 774 300 713 400
992 0 5 1241 0 1283 100 725 200 497 300 905 400
993 0 5 81 0 844 100 268 200 449 300 1057 400
994 0 5 800 0 15 100 588 200 900 300 427 400
995 0 5 106 0 1350 100 750 200 1405 300 578 400
996 0 5 1295 0 283 100 490 200 676 300 1447 400
997 0 5 469 0 713 100 1074 200 634 300 461 400
998 0 5 946 0 1386 100 67 200 1015 300 1110 400
999 0 5 1014 0 1144 100 295 200 1024 300 851 400
1000 0 5 1154 0 117 100 235 200 1042 300 246 400
1001 0 5 431 0 945 100 927 200 1269 300 543 400
1002 0 5 541 0 1174 100 528 200 465 300 86 400
1003 0 5 864 0 1171 100 610 200 41 300 1113 400
1004 0 5 1071 0 1282 100 371 200 93 300 1037 400
1005 0 5 1383 0 915 100 645 200 1486 300 803 400
1006 0 5 735 0 810 100 717 200 382 300 285 400
1007 0 5 879 0 297 100 718 200 1080 300 1424 400
1008 0 5 107 0 965 100 956 200 736 300 382 400
1009 0 5 1501 0 611 100 624 200 87 300 1401 400
1010 0 5 1013 0 365 100 576 200 44 300 1237 400
1011 0 5 479 0 806 100 92 200 1270 300 1056 400
1012 0 5 876 0 487 100 1105 200 1234 300 614 400
1013 0 5 1010 0 1271 100 576 200 959 300 365 400
1014 0 5 243 0 999 100 216 200 1325 300 851 400
1015 0 5 639 0 1172 100 1386 200 998 300 946 400
1016 0 5 408 0 3 100 456 200 1041 300 240 400
1017 0 5 620 0 754 100 720 200 279 300 1038 400
1018 0 5 900 0 779 100 836 200 1432 300 1112 400
1019 0 5 1073 0 334 100 1449 200 1081 300 862 400
1020 0 5 96 0 1162 100 127 200 1364 300 229 400
1021 0 5 486 0 355 100 587 200 1440 300 786 400
1022 0 5 1473 0 671 100 914 200 1339 300 1067 400
1023 0 5 612 0 77 100 650 200 470 300 86 400
1024 0 5 206 0 1347 100 213 200 1033 300 1144 400
1025 0 5 1047 0 575 100 798 200 763 300 485 400
1026 0 5 990 0 224 100 687 200 257 300 1379 400
1027 0 5 505 0 784 100 1269 200 747 300 733 400
1028 0 5 1441 0 861 100 1464 200 858 300 1200 400
1029 0 5 345 0 538 100 138 200 1296 300 760 400
1030 0 5 288 0 980 100 1384 200 1274 300 391 400
1031 0 5 710 0 537 100 1368 200 441 300 194 400
1032 0 5 173 0 401 100 512 200 1072 300 1346 400
1033 0 5 127 0 206 100 1024 200 933 300 1364 400
1034 0 5 1490 0 872 100 917 200 603 300 1401 400
1035 0 5 786 0 1440 100 606 200 587 300 223 400
1036 0 5 340 0 1247 100 34 200 1116 300 1481 400
1037 0 5 53 0 989 100 1071 200 63 300 685 400
1038 0 5 1399 0 1433 100 720 200 1017 300 1250 400
1039 0 5 1252 0 29 100 938 200 1479 300 270 400
1040 0 5 908 0 1420 100 1208 200 420 300 368 400
1041 0 5 240 0 408 100 1016 200 360 300 3 400
1042 0 5 1476 0 246 100 1343 200 1154 300 1000 400
1043 0 5 60 0 146 100 213 200 590 300 1124 400
1044 0 5 478 0 346 100 1366 200 1417 300 1419 400
1045 0 5 390 0 1379 100 1266 200 687 300 990 400
1046 0 5 517 0 1478 100 1216 200 20 300 341 400
1047 0 5 1025 0 798 100 485 200 593 300 192 400
1048 0 5 1219 0 378 100 555 200 1205 300 214 400
1049 0 5 189 0 609 100 704 200 495 300 912 400
1050 0 5 614 0 746 100 1137 200 549 300 1105 400
1051 0 5 202 0 881 100 1129 200 439 300 1468 400
1052 0 5 380 0 171 100 613 200 21 300 51 400
1053 0 5 529 0 247 100 723 200 1068 300 40 400
1054 0 5 887 0 807 100 308 200 1202 300 571 400
1055 0 5 967 0 863 100 1185 200 932 300 906 400
1056 0 5 781 0 806 100 1430 200 1011 300 298 400
1057 0 5 1134 0 530 100 878 200 268 300 1108 400
1058 0 5 635 0 136 100 1243 200 617 300 827 400
1059 0 5 1343 0 389 100 460 200 1135 300 246 400
1060 0 5 251 0 852 100 930 200 310 300 774 400
1061 0 5 152 0 823 100 723 200 1425 300 40 400
1062 0 5 1422 0 229 100 166 200 1102 300 198 400
1063 0 5 1359 0 872 100 1133 200 27 300 1034 400
1064 0 5 682 0 745 100 1437 200 200 300 431 400
1065 0 5 599 0 293 100 860 200 800 300 522 400
1066 0 5 847 0 514 100 1318 200 1284 300 1457 400
1067 0 5 78 0 1473 100 1249 200 1022 300 671 400
1068 0 5 1146 0 325 100 520 200 40 300 547 400
1069 0 5 304 0 263 100 673 200 1351 300 530 400
1070 0 5 707 0 276 100 1294 200 718 300 729 400
1071 0 5 989 0 1004 100 1037 200 371 300 1282 400
1072 0 5 714 0 1032 100 300 200 512 300 401 400
1073 0 5 1019 0 1365 100 1449 200 289 300 822 400
1074 0 5 713 0 393 100 1303 200 997 300 4 400
1075 0 5 903 0 20 100 789 200 430 300 1478 400
1076 0 5 1262 0 1356 100 742 200 35 300 428 400
1077 0 5 770 0 158 100 793 200 1344 300 1207 400
1078 0 5 865 0 119 100 102 200 471 300 1327 400
1079 0 5 235 0 965 100 956 200 727 300 382 400
1080 0 5 879 0 133 100 297 200 1007 300 707 400
1081 0 5 1306 0 1449 100 813 200 1019 300 398 400
1082 0 5 1471 0 1116 100 1247 200 230 300 467 400
1083 0 5 1382 0 731 100 134 200 811 300 133 400
1084 0 5 1155 0 724 100 1192 200 654 300 1462 400
1085 0 5 1201 0 140 100 226 200 55 300 983 400
1086 0 5 542 0 97 100 660 200 492 300 181 400
1087 0 5 740 0 221 100 85 200 666 300 423 400
1088 0 5 134 0 706 100 669 200 1424 300 622 400
1089 0 5 156 0 1324 100 773 200 473 300 573 400
1090 0 5 913 0 870 100 415 200 46 300 1196 400
1091 0 5 1109 0 339 100 63 200 399 300 1260 400
1092 0 5 636 0 684 100 1213 200 591 300 210 400
1093 0 5 1222 0 1429 100 1436 200 1292 300 1278 400
1094 0 5 963 0 1202 100 120 200 207 300 809 400
1095 0 5 190 0 1277 100 407 200 763 300 960 400
1096 0 5 500 0 1238 100 888 200 451 300 1337 400
1097 0 5 1333 0 1197 100 654 200 724 300 376 400
1098 0 5 120 0 1206 100 414 200 238 300 292 400
1099 0 5 873 0 377 100 952 200 1354 300 877 400
1100 0 5 848 0 751 100 490 200 1305 300 665 400
1101 0 5 94 0 1207 100 770 200 21 300 158 400
1102 0 5 648 0 349 100 198 200 71 300 213 400
1103 0 5 1309 0 1166 100 45 200 1439 300 264 400
1104 0 5 719 0 1223 100 367 200 824 300 426 400
1105 0 5 614 0 1012 100 585 200 1050 300 309 400
1106 0 5 1153 0 951 100 799 200 909 300 981 400
1107 0 5 581 0 1186 100 721 200 374 300 812 400
1108 0 5 689 0 1396 100 268 200 1134 300 1057 400
1109 0 5 1091 0 685 100 53 200 1380 300 1037 400
1110 0 5 1356 0 1172 100 946 200 998 300 1076 400
1111 0 5 33 0 878 100 66 200 911 300 530 400
1112 0 5 518 0 1432 100 1018 200 511 300 1177 400
1113 0 5 894 0 335 100 627 200 489 300 1003 400
1114 0 5 626 0 1203 100 411 200 1489 300 889 400
1115 0 5 1189 0 1460 100 1259 200 796 300 1451 400
1116 0 5 434 0 1082 100 1235 200 34 300 1036 400
1117 0 5 805 0 286 100 686 200 189 300 58 400
1118 0 5 985 0 271 100 874 200 1498 300 353 400
1119 0 5 802 0 35 100 182 200 330 300 155 400
1120 0 5 801 0 290 100 795 200 672 300 50 400
1121 0 5 343 0 659 100 1451 200 117 300 1170 400
1122 0 5 347 0 11 100 219 200 507 300 216 400
1123 0 5 516 0 227 100 612 200 1215 300 1392 400
1124 0 5 1347 0 295 100 1144 200 838 300 146 400
1125 0 5 656 0 1488 100 318 200 193 300 576 400
1126 0 5 244 0 123 100 1380 200 396 300 1293 400
1127 0 5 1188 0 712 100 305 200 477 300 731 400
1128 0 5 1137 0 1290 100 169 200 267 300 1480 400
1129 0 5 1051 0 840 100 202 200 1299 300 881 400
1130 0 5 740 0 423 100 1232 200 1087 300 689 400
1131 0 5 557 0 129 100 1491 200 544 300 407 400
1132 0 5 1425 0 13 100 975 200 940 300 723 400
1133 0 5 872 0 256 100 1063 200 27 300 1359 400
1134 0 5 268 0 1057 100 1108 200 993 300 844 400
1135 0 5 596 0 246 100 1257 200 618 300 42 400
1136 0 5 929 0 518 100 779 200 511 300 647 400
1137 0 5 1128 0 549 100 1050 200 746 300 614 400
1138 0 5 753 0 234 100 652 200 1530 300 1529 400
1139 0 5 918 0 444 100 1192 200 1455 300 912 400
1140 0 5 211 0 1372 100 28 200 177 300 274 400
1141 0 5 692 0 100 100 1191 200 510 300 608 400
1142 0 5 388 0 1461 100 448 200 1408 300 125 400
1143 0 5 1148 0 970 100 375 200 1397 300 284 400
1144 0 5 1347 0 1124 100 295 200 999 300 1024 400
1145 0 5 716 0 677 100 880 200 985 300 1158 400
1146 0 5 529 0 1068 100 325 200 1053 300 163 400
1147 0 5 332 0 772 100 864 200 815 300 610 400
1148 0 5 1143 0 1397 100 602 200 375 300 970 400
1149 0 5 1224 0 737 100 373 200 456 300 266 400
1150 0 5 461 0 1482 100 324 200 559 300 469 400
1151 0 5 664 0 109 100 907 200 1356 300 110 400
1152 0 5 1228 0 978 100 580 200 821 300 963 400
1153 0 5 1106 0 951 100 981 200 799 300 551 400
1154 0 5 1000 0 1198 100 1042 200 235 300 659 400
1155 0 5 1084 0 724 100 444 200 1455 300 1197 400
1156 0 5 193 0 131 100 36 200 744 300 272 400
1157 0 5 348 0 10 100 880 200 563 300 147 400
1158 0 5 677 0 323 100 880 200 985 300 10 400
1159 0 5 796 0 381 100 168 200 1259 300 834 400
1160 0 5 148 0 1410 100 311 200 93 300 9 400
1161 0 5 1483 0 1345 100 688 200 156 300 159 400
1162 0 5 1020 0 229 100 127 200 26 300 166 400
1163 0 5 1369 0 1331 100 1276 200 970 300 114 400
1164 0 5 481 0 557 100 407 200 485 300 129 400
1165 0 5 626 0 270 100 411 200 698 300 454 400
1166 0 5 45 0 488 100 468 200 1103 300 311 400
1167 0 5 118 0 110 100 109 200 1211 300 25 400
1168 0 5 533 0 962 100 1248 200 674 300 1385 400
1169 0 5 979 0 386 100 1231 200 948 300 784 400
1170 0 5 117 0 1371 100 343 200 808 300 1121 400
1171 0 5 1003 0 610 100 1274 200 41 300 489 400
1172 0 5 946 0 62 100 170 200 1015 300 907 400
1173 0 5 534 0 12 100 49 200 861 300 287 400
1174 0 5 1002 0 465 100 86 200 650 300 541 400
1175 0 5 509 0 986 100 480 200 792 300 148 400
1176 0 5 977 0 495 100 1049 200 609 300 686 400
1177 0 5 511 0 1112 100 292 200 803 300 238 400
1178 0 5 592 0 1185 100 143 200 628 300 967 400
1179 0 5 1338 0 67 100 258 200 1386 300 218 400
1180 0 5 663 0 76 100 776 200 760 300 536 400
1181 0 5 51 0 892 100 613 200 843 300 1323 400
1182 0 5 486 0 570 100 230 200 355 300 474 400
1183 0 5 1297 0 959 100 36 200 32 300 1271 400
1184 0 5 429 0 893 100 21 200 613 300 1207 400
1185 0 5 967 0 1178 100 906 200 143 300 1055 400
1186 0 5 1107 0 253 100 374 200 969 300 721 400
1187 0 5 259 0 1497 100 701 200 387 300 1237 400
1188 0 5 477 0 1127 100 712 200 317 300 731 400
1189 0 5 453 0 1115 100 397 200 1460 300 1259 400
1190 0 5 264 0 105 100 722 200 1103 300 472 400
1191 0 5 692 0 261 100 510 200 1141 300 463 400
1192 0 5 819 0 1084 100 912 200 704 300 58 400
1193 0 5 502 0 128 100 1345 200 418 300 1378 400
1194 0 5 814 0 1258 100 66 200 1315 300 455 400
1195 0 5 285 0 180 100 741 200 873 300 1354 400
1196 0 5 643 0 870 100 855 200 395 300 1484 400
1197 0 5 724 0 1097 100 1352 200 1155 300 376 400
1198 0 5 225 0 738 100 956 200 850 300 1154 400
1199 0 5 220 0 210 100 1330 200 188 300 601 400
1200 0 5 858 0 309 100 561 200 287 300 876 400
1201 0 5 1085 0 1279 100 226 200 403 300 983 400
1202 0 5 1094 0 809 100 1054 200 963 300 571 400
1203 0 5 889 0 1114 100 1489 200 411 300 1241 400
1204 0 5 65 0 953 100 1464 200 205 300 1028 400
1205 0 5 1219 0 1479 100 454 200 361 300 1252 400
1206 0 5 120 0 414 100 1098 200 821 300 292 400
1207 0 5 770 0 1101 100 94 200 893 300 1077 400
1208 0 5 584 0 368 100 1040 200 1225 300 668 400
1209 0 5 413 0 141 100 1349 200 47 300 70 400
1210 0 5 756 0 75 100 565 200 165 300 1414 400
1211 0 5 680 0 1516 100 1167 200 1517 300 275 400
1212 0 5 294 0 764 100 319 200 506 300 1456 400
1213 0 5 1302 0 350 100 137 200 636 300 1092 400
1214 0 5 598 0 1237 100 44 200 365 300 125 400
1215 0 5 39 0 516 100 1321 200 1123 300 1447 400
1216 0 5 1295 0 1046 100 517 200 283 300 341 400
1217 0 5 80 0 38 100 1244 200 83 300 531 400
1218 0 5 403 0 41 100 610 200 772 300 1030 400
1219 0 5 1048 0 1205 100 361 200 651 300 1479 400
1220 0 5 484 0 1461 100 1408 200 621 300 1142 400
1221 0 5 1234 0 785 100 487 200 1012 300 1105 400
1222 0 5 1093 0 812 100 1429 200 581 300 1453 400
1223 0 5 367 0 1104 100 921 200 719 300 1184 400
1224 0 5 456 0 1149 100 1387 200 1417 300 278 400
1225 0 5 368 0 281 100 1208 200 584 300 1040 400
1226 0 5 940 0 735 100 13 200 1411 300 833 400
1227 0 5 901 0 837 100 101 200 1320 300 898 400
1228 0 5 1152 0 1301 100 831 200 787 300 678 400
1229 0 5 31 0 1374 100 167 200 270 300 938 400
1230 0 5 1408 0 1463 100 196 200 44 300 920 400
1231 0 5 948 0 1477 100 1169 200 277 300 814 400
1232 0 5 1396 0 922 100 1130 200 740 300 228 400
1233 0 5 159 0 156 100 499 200 1290 300 1313 400
1234 0 5 1221 0 549 100 614 200 1012 300 1105 400
1235 0 5 1481 0 1403 100 434 200 1116 300 143 400
1236 0 5 811 0 197 100 317 200 552 300 1372 400
1237 0 5 1214 0 365 100 387 200 44 300 576 400
1238 0 5 451 0 1096 100 37 200 254 300 303 400
1239 0 5 314 0 1286 100 1413 200 126 300 1398 400
1240 0 5 301 0 56 100 1443 200 670 300 1255 400
1241 0 5 992 0 725 100 1381 200 889 300 1242 400
1242 0 5 232 0 1381 100 508 200 1241 300 889 400
1243 0 5 136 0 72 100 1058 200 1391 300 42 400
1244 0 5 80 0 64 100 1217 200 1251 300 759 400
1245 0 5 546 0 1264 100 1314 200 667 300 502 400
1246 0 5 755 0 243 100 216 200 417 300 1014 400
1247 0 5 1036 0 1471 100 340 200 1082 300 1116 400
1248 0 5 1500 0 674 100 1168 200 533 300 167 400
1249 0 5 78 0 127 100 1067 200 1339 300 1473 400
1250 0 5 828 0 115 100 829 200 869 300 607 400
1251 0 5 348 0 16 100 1244 200 64 300 531 400
1252 0 5 1039 0 454 100 1479 200 1205 300 29 400
1253 0 5 894 0 526 100 629 200 937 300 419 400
1254 0 5 788 0 1427 100 237 200 433 300 499 400
1255 0 5 462 0 1443 100 856 200 1402 300 1493 400
1256 0 5 183 0 695 100 942 200 217 300 625 400
1257 0 5 618 0 596 100 808 200 42 300 1135 400
1258 0 5 455 0 1194 100 33 200 66 300 878 400
1259 0 5 796 0 1451 100 1115 200 381 300 1159 400
1260 0 5 63 0 910 100 1346 200 241 300 857 400
1261 0 5 113 0 1341 100 274 200 257 300 195 400
1262 0 5 1076 0 1377 100 179 200 955 300 258 400
1263 0 5 380 0 715 100 171 200 21 300 1052 400
1264 0 5 1245 0 502 100 1378 200 667 300 709 400
1265 0 5 1325 0 972 100 778 200 141 300 574 400
1266 0 5 351 0 1045 100 552 200 317 300 556 400
1267 0 5 172 0 836 100 882 200 1499 300 1418 400
1268 0 5 902 0 1409 100 438 200 871 300 827 400
1269 0 5 747 0 733 100 1027 200 927 300 505 400
1270 0 5 1389 0 479 100 1011 200 1387 300 639 400
1271 0 5 959 0 1013 100 656 200 193 300 1183 400
1272 0 5 734 0 1496 100 430 200 480 300 641 400
1273 0 5 231 0 532 100 1311 200 218 300 269 400
1274 0 5 980 0 1030 100 1171 200 610 300 489 400
1275 0 5 727 0 235 100 659 200 382 300 717 400
1276 0 5 1331 0 100 100 970 200 524 300 510 400
1277 0 5 73 0 407 100 1095 200 601 300 544 400
1278 0 5 1436 0 1429 100 597 200 1093 300 249 400
1279 0 5 1201 0 403 100 226 200 1085 300 1384 400
1280 0 5 225 0 452 100 373 200 850 300 1198 400
1281 0 5 883 0 700 100 820 200 103 300 1446 400
1282 0 5 329 0 1004 100 93 200 986 300 685 400
1283 0 5 905 0 992 100 725 200 703 300 544 400
1284 0 5 968 0 1390 100 1066 200 826 300 926 400
1285 0 5 312 0 577 100 604 200 440 300 185 400
1286 0 5 886 0 1398 100 924 200 831 300 1239 400
1287 0 5 1326 0 95 100 979 200 948 300 784 400
1288 0 5 378 0 1298 100 1426 200 555 300 214 400
1289 0 5 807 0 191 100 887 200 638 300 1054 400
1290 0 5 1128 0 169 100 159 200 1313 300 1483 400
1291 0 5 425 0 937 100 419 200 629 300 139 400
1292 0 5 186 0 688 100 1093 200 1436 300 473 400
1293 0 5 699 0 758 100 123 200 437 300 1126 400
1294 0 5 276 0 1070 100 305 200 731 300 729 400
1295 0 5 996 0 1216 100 283 200 517 300 1046 400
1296 0 5 538 0 906 100 138 200 59 300 1029 400
1297 0 5 1183 0 32 100 714 200 959 300 36 400
1298 0 5 1288 0 919 100 928 200 214 300 1426 400
1299 0 5 202 0 558 100 840 200 1129 300 1051 400
1300 0 5 74 0 215 100 357 200 496 300 981 400
1301 0 5 787 0 308 100 1228 200 963 300 404 400
1302 0 5 636 0 919 100 1213 200 1357 300 137 400
1303 0 5 4 0 393 100 135 200 1074 300 84 400
1304 0 5 161 0 711 100 661 200 866 300 680 400
1305 0 5 848 0 950 100 1375 200 472 300 1100 400
1306 0 5 1081 0 1336 100 653 200 334 300 1449 400
1307 0 5 1362 0 908 100 1420 200 164 300 1040 400
1308 0 5 1412 0 1442 100 813 200 693 300 697 400
1309 0 5 1439 0 1103 100 950 200 472 300 1375 400
1310 0 5 767 0 128 100 267 200 1480 300 1483 400
1311 0 5 17 0 231 100 1273 200 312 300 532 400
1312 0 5 550 0 200 100 1437 200 1361 300 543 400
1313 0 5 961 0 499 100 1427 200 1290 300 746 400
1314 0 5 1352 0 546 100 502 200 1245 300 418 400
1315 0 5 66 0 814 100 911 200 144 300 1194 400
1316 0 5 199 0 332 100 116 200 646 300 165 400
1317 0 5 333 0 98 100 101 200 960 300 1467 400
1318 0 5 926 0 514 100 1066 200 847 300 354 400
1319 0 5 1459 0 383 100 99 200 447 300 386 400
1320 0 5 101 0 898 100 525 200 1227 300 563 400
1321 0 5 517 0 341 100 1215 200 1447 300 647 400
1322 0 5 511 0 1373 100 344 200 984 300 929 400
1323 0 5 824 0 843 100 613 200 1181 300 426 400
1324 0 5 1089 0 473 100 1436 200 573 300 773 400
1325 0 5 1265 0 574 100 1014 200 851 300 972 400
1326 0 5 1287 0 95 100 747 200 979 300 784 400
1327 0 5 262 0 102 100 859 200 1078 300 865 400
1328 0 5 255 0 70 100 47 200 401 300 1072 400
1329 0 5 743 0 81 100 681 200 1057 300 993 400
1330 0 5 601 0 178 100 1199 200 188 300 631 400
1331 0 5 1163 0 1276 100 1369 200 510 300 970 400
1332 0 5 165 0 335 100 1363 200 954 300 1253 400
1333 0 5 376 0 1097 100 739 200 1368 300 194 400
1334 0 5 220 0 684 100 210 200 583 300 1092 400
1335 0 5 1367 0 154 100 1415 200 623 300 1339 400
1336 0 5 653 0 1306 100 114 200 1331 300 1369 400
1337 0 5 944 0 500 100 248 200 224 300 1096 400
1338 0 5 218 0 1179 100 67 200 231 300 1273 400
1339 0 5 1415 0 623 100 914 200 1249 300 1022 400
1340 0 5 418 0 794 100 1455 200 502 300 1155 400
1341 0 5 174 0 1261 100 274 200 1372 300 257 400
1342 0 5 892 0 443 100 668 200 51 300 843 400
1343 0 5 1059 0 246 100 460 200 1042 300 545 400
1344 0 5 658 0 793 100 158 200 1077 300 683 400
1345 0 5 1161 0 1378 100 1193 200 1483 300 128 400
1346 0 5 910 0 173 100 401 200 1260 300 1032 400
1347 0 5 1124 0 1144 100 1024 200 213 300 206 400
1348 0 5 884 0 628 100 586 200 566 300 592 400
1349 0 5 1450 0 413 100 1209 200 212 300 488 400
1350 0 5 34 0 106 100 995 200 750 300 1405 400
1351 0 5 530 0 471 100 304 200 119 300 33 400
1352 0 5 1314 0 1197 100 418 200 546 300 1155 400
1353 0 5 790 0 551 100 260 200 328 300 415 400
1354 0 5 337 0 741 100 952 200 1099 300 1195 400
1355 0 5 389 0 506 100 319 200 157 300 460 400
1356 0 5 742 0 1110 100 35 200 1076 300 907 400
1357 0 5 137 0 832 100 1426 200 1465 300 152 400
1358 0 5 169 0 159 100 128 200 1483 300 267 400
1359 0 5 27 0 1063 100 1133 200 872 300 424 400
1360 0 5 1469 0 799 100 527 200 184 300 1106 400
1361 0 5 550 0 945 100 1437 200 543 300 964 400
1362 0 5 1307 0 164 100 316 200 1420 300 908 400
1363 0 5 75 0 165 100 1332 200 335 300 954 400
1364 0 5 933 0 96 100 1033 200 432 300 127 400
1365 0 5 43 0 1073 100 208 200 925 300 458 400
1366 0 5 68 0 1044 100 7 200 1417 300 1419 400
1367 0 5 369 0 1335 100 154 200 1448 300 621 400
1368 0 5 194 0 739 100 1031 200 1453 300 1333 400
1369 0 5 1163 0 114 100 1331 200 236 300 653 400
1370 0 5 931 0 519 100 313 200 306 300 1406 400
1371 0 5 160 0 1170 100 617 200 1409 300 808 400
1372 0 5 1140 0 197 100 174 200 1341 300 1382 400
1373 0 5 207 0 984 100 511 200 1322 300 571 400
1374 0 5 938 0 1229 100 31 200 974 300 774 400
1375 0 5 950 0 835 100 472 200 1305 300 105 400
1376 0 5 436 0 649 100 702 200 891 300 498 400
1377 0 5 258 0 1262 100 179 200 890 300 422 400
1378 0 5 709 0 1345 100 1264 200 688 300 1245 400
1379 0 5 687 0 1045 100 257 200 1266 300 552 400
1380 0 5 339 0 825 100 123 200 685 300 1109 400
1381 0 5 1242 0 889 100 1241 200 1489 300 232 400
1382 0 5 1083 0 421 100 142 200 1372 300 602 400
1383 0 5 645 0 1005 100 140 200 1085 300 915 400
1384 0 5 769 0 288 100 400 200 1030 300 391 400
1385 0 5 962 0 31 100 167 200 674 300 1168 400
1386 0 5 459 0 998 100 1015 200 218 300 1179 400
1387 0 5 752 0 456 100 540 200 1149 300 1270 400
1388 0 5 458 0 1393 100 822 200 415 300 398 400
1389 0 5 639 0 1270 100 1387 200 479 300 540 400
1390 0 5 1284 0 968 100 2 200 896 300 657 400
1391 0 5 326 0 160 100 1243 200 1058 300 617 400
1392 0 5 516 0 1447 100 1407 200 612 300 77 400
1393 0 5 1388 0 415 100 1452 200 458 300 822 400
1394 0 5 366 0 483 100 484 200 111 300 1461 400
1395 0 5 560 0 10 100 204 200 1460 300 323 400
1396 0 5 1232 0 1108 100 689 200 263 300 922 400
1397 0 5 1148 0 1428 100 602 200 1143 300 421 400
1398 0 5 1487 0 1286 100 37 200 1239 300 699 400
1399 0 5 416 0 1038 100 720 200 1017 300 84 400
1400 0 5 1467 0 210 100 321 200 1199 300 377 400
1401 0 5 611 0 1133 100 1009 200 872 300 1034 400
1402 0 5 856 0 635 100 1443 200 1255 300 136 400
1403 0 5 143 0 1481 100 1235 200 906 300 434 400
1404 0 5 1458 0 726 100 296 200 446 300 982 400
1405 0 5 884 0 493 100 1444 200 1488 300 995 400
1406 0 5 573 0 782 100 931 200 597 300 313 400
1407 0 5 77 0 1392 100 465 200 650 300 1447 400
1408 0 5 1230 0 621 100 1142 200 1461 300 44 400
1409 0 5 617 0 827 100 1268 200 1371 300 942 400
1410 0 5 1458 0 1160 100 726 200 311 300 9 400
1411 0 5 13 0 233 100 1226 200 810 300 732 400
1412 0 5 1308 0 18 100 693 200 145 300 306 400
1413 0 5 1414 0 314 100 1239 200 565 300 116 400
1414 0 5 1413 0 565 100 314 200 1210 300 1239 400
1415 0 5 154 0 1339 100 1335 200 623 300 26 400
1416 0 5 464 0 179 100 955 200 184 300 1469 400
1417 0 5 266 0 278 100 1044 200 456 300 478 400
1418 0 5 1499 0 15 100 882 200 172 300 273 400
1419 0 5 619 0 247 100 1366 200 1053 300 529 400
1420 0 5 104 0 1040 100 761 200 164 300 1307 400
1421 0 5 70 0 371 100 1328 200 255 300 1004 400
1422 0 5 1062 0 633 100 198 200 171 300 166 400
1423 0 5 705 0 1119 100 187 200 428 300 503 400
1424 0 5 749 0 297 100 622 200 817 300 1088 400
1425 0 5 152 0 1132 100 13 200 1061 300 1465 400
1426 0 5 1288 0 1357 100 832 200 919 300 1298 400
1427 0 5 499 0 237 100 1313 200 961 300 1254 400
1428 0 5 524 0 1397 100 1276 200 916 300 970 400
1429 0 5 1278 0 1093 100 1222 200 249 300 812 400
1430 0 5 806 0 479 100 1056 200 1270 300 540 400
1431 0 5 977 0 609 100 918 200 1176 300 1049 400
1432 0 5 836 0 1112 100 1018 200 1267 300 511 400
1433 0 5 342 0 828 100 1038 200 754 300 457 400
1434 0 5 1435 0 7 100 452 200 266 300 975 400
1435 0 5 1434 0 452 100 107 200 850 300 833 400
1436 0 5 1278 0 1324 100 1093 200 1292 300 597 400
1437 0 5 543 0 1064 100 200 200 1361 300 431 400
1438 0 5 437 0 638 100 191 200 492 300 660 400
1439 0 5 1309 0 1103 100 446 200 726 300 1100 400
1440 0 5 1035 0 355 100 385 200 1021 300 390 400
1441 0 5 1464 0 1028 100 405 200 1200 300 561 400
1442 0 5 697 0 1308 100 693 200 813 300 1081 400
1443 0 5 1255 0 1402 100 1240 200 56 300 670 400
1444 0 5 804 0 5 100 1405 200 1472 300 91 400
1445 0 5 897 0 356 100 521 200 675 300 941 400
1446 0 5 569 0 947 100 700 200 103 300 1281 400
1447 0 5 1392 0 1321 100 1407 200 1215 300 517 400
1448 0 5 1495 0 336 100 513 200 1367 300 671 400
1449 0 5 398 0 1081 100 1019 200 1073 300 822 400
1450 0 5 1349 0 212 100 488 200 1209 300 413 400
1451 0 5 343 0 1259 100 1121 200 1115 300 1409 400
1452 0 5 551 0 1393 100 357 200 260 300 496 400
1453 0 5 739 0 812 100 1368 200 1222 300 194 400
1454 0 5 582 0 349 100 648 200 171 300 1102 400
1455 0 5 794 0 444 100 1155 200 1340 300 1139 400
1456 0 5 1493 0 86 100 764 200 72 300 294 400
1457 0 5 476 0 463 100 826 200 1066 300 847 400
1458 0 5 296 0 1404 100 1410 200 726 300 9 400
1459 0 5 299 0 1319 100 99 200 447 300 83 400
1460 0 5 337 0 1115 100 204 200 560 300 168 400
1461 0 5 1220 0 52 100 1142 200 621 300 1408 400
1462 0 5 654 0 122 100 1084 200 176 300 819 400
1463 0 5 920 0 196 100 1230 200 845 300 44 400
1464 0 5 1441 0 1028 100 405 200 1204 300 205 400
1465 0 5 137 0 732 100 1357 200 233 300 350 400
1466 0 5 467 0 59 100 434 200 24 300 138 400
1467 0 5 1400 0 333 100 563 200 321 300 147 400
1468 0 5 352 0 439 100 835 200 316 300 82 400
1469 0 5 464 0 1360 100 1416 200 799 300 184 400
1470 0 5 778 0 90 100 972 200 327 300 1265 400
1471 0 5 1082 0 1247 100 230 200 1116 300 467 400
1472 0 5 804 0 1488 100 318 200 1444 300 91 400
1473 0 5 1022 0 78 100 1067 200 671 300 1249 400
1474 0 5 379 0 846 100 1475 200 162 300 272 400
1475 0 5 272 0 566 100 162 200 1474 300 379 400
1476 0 5 1042 0 738 100 491 200 522 300 246 400
1477 0 5 277 0 853 100 1231 200 1169 300 766 400
1478 0 5 344 0 1046 100 20 200 789 300 341 400
1479 0 5 310 0 1205 100 1252 200 852 300 774 400
1480 0 5 767 0 267 100 549 200 1128 300 1310 400
1481 0 5 1235 0 1403 100 434 200 143 300 628 400
1482 0 5 1150 0 559 100 324 200 866 300 25 400
1483 0 5 1161 0 128 100 1358 200 1345 300 1290 400
1484 0 5 603 0 121 100 643 200 1196 300 870 400
1485 0 5 17 0 140 100 1085 200 983 300 1311 400
1486 0 5 172 0 79 100 1005 200 640 300 645 400
1487 0 5 1398 0 758 100 482 200 37 300 699 400
1488 0 5 318 0 1472 100 1125 200 493 300 1405 400
1489 0 5 497 0 411 100 1114 200 1203 300 361 400
1490 0 5 1034 0 89 100 917 200 362 300 872 400
1491 0 5 703 0 544 100 508 200 1131 300 407 400
1492 0 5 28 0 139 100 954 200 943 300 412 400
1493 0 5 462 0 1456 100 1255 200 86 300 136 400
1494 0 5 394 0 359 100 409 200 642 300 957 400
1495 0 5 216 0 1448 100 513 200 11 300 671 400
1496 0 5 641 0 1272 100 982 200 734 300 446 400
1497 0 5 1187 0 259 100 701 200 387 300 750 400
1498 0 5 766 0 271 100 985 200 1118 300 716 400
1499 0 5 1418 0 15 100 1267 200 900 300 1018 400
1500 0 5 1248 0 416 100 1168 200 84 300 1399 400
1501 0 5 87 0 1009 100 624 200 521 300 356 400
1502 0 5 869 0 868 100 118 200 170 300 1076 400
1503 0 5 869 0 331 100 118 200 170 300 1076 400
1504 0 5 842 0 331 100 118 200 170 300 1076 400
1505 0 5 702 0 842 100 118 200 170 300 1076 400
1506 0 5 802 0 702 100 118 200 170 300 1076 400
1507 0 5 762 0 802 100 118 200 170 300 1076 400
1508 0 5 762 0 466 100 170 200 118 300 1076 400
1509 0 5 275 0 466 100 170 200 118 300 1076 400
1510 0 5 275 0 664 100 170 200 118 300 1076 400
1511 0 5 330 0 664 100 170 200 118 300 1076 400
1512 0 5 330 0 742 100 170 200 118 300 1076 400
1513 0 5 110 0 742 100 170 200 118 300 1076 400
1514 0 5 110 0 607 100 170 200 118 300 1076 400
1515 0 5 607 0 652 100 170 200 118 300 1076 400
1516 0 5 1211 0 652 100 170 200 118 300 1110 400
1517 0 5 1211 0 1151 100 170 200 118 300 1110 400
1518 0 5 161 0 1151 100 170 200 118 300 1110 400
1519 0 5 364 0 161 100 170 200 118 300 1110 400
1520 0 5 364 0 155 100 118 200 170 300 1110 400
1521 0 5 1119 0 155 100 170 200 118 300 1076 400
1522 0 5 35 0 1119 100 170 200 118 300 1110 400
1523 0 5 35 0 234 100 170 200 118 300 1076 400
1524 0 5 234 0 170 100 118 200 1110 300 25 400
1525 0 5 182 0 170 100 118 200 1110 300 1076 400
1526 0 5 1167 0 182 100 170 200 118 300 1110 400
1527 0 5 1167 0 170 100 118 200 1110 300 1076 400
1528 0 5 680 0 170 100 118 200 1076 300 1110 400
1529 0 5 680 0 170 100 118 200 1076 300 1110 400
1530 0 5 1250 0 170 100 118 200 1110 300 25 400
1531 0 5 1250 0 1304 100 118 200 170 300 1076 400
1532 0 5 1304 0 118 100 170 200 1110 300 1076 400
1533 0 5 907 0 170 100 118 200 1110 300 1076 400
1534 0 5 394 0 907 100 170 200 118 300 1110 400
1535 0 5 394 0 115 100 118 200 170 300 1076 400
1536 0 5 828 0 115 100 118 200 170 300 1076 400
1537 0 5 828 0 1356 100 118 200 170 300 1076 400
1538 0 5 62 0 1356 100 118 200 170 300 1110 400
1539 0 5 62 0 118 100 170 200 1076 300 1110 400
1540 0 5 548 0 118 100 1076 200 170 300 1110 400
-1
EOF
