1540
1 0 5 622 0 1223 100 395 200 890 300 145 400
2 0 5 775 0 723 100 1345 200 1266 300 837 400
3 0 5 1147 0 126 100 1365 200 465 300 926 400
4 0 5 1466 0 350 100 1306 200 419 300 63 400
5 0 5 921 0 307 100 1283 200 190 300 174 400
6 0 5 1214 0 752 100 631 200 1094 300 245 400
7 0 5 758 0 394 100 801 200 861 300 576 400
8 0 5 497 0 1212 100 1282 200 439 300 298 400
9 0 5 910 0 722 100 677 200 901 300 340 400
10 0 5 1153 0 1230 100 1355 200 1118 300 30 400
11 0 5 583 0 664 100 495 200 40 300 1253 400
12 0 5 1221 0 1015 100 236 200 577 300 482 400
13 0 5 343 0 1208 100 25 200 980 300 831 400
14 0 5 956 0 534 100 1058 200 1226 300 293 400
15 0 5 1331 0 471 100 1447 200 606 300 1490 400
16 0 5 934 0 1469 100 145 200 179 300 1280 400
17 0 5 570 0 1078 100 110 200 727 300 984 400
18 0 5 1006 0 573 100 646 200 264 300 739 400
19 0 5 333 0 564 100 662 200 1164 300 855 400
20 0 5 1067 0 131 100 1325 200 1138 300 1411 400
21 0 5 418 0 1097 100 852 200 230 300 526 400
22 0 5 506 0 1272 100 328 200 1068 300 169 400
23 0 5 561 0 1117 100 134 200 317 300 1465 400
24 0 5 1287 0 1236 100 601 200 1227 300 908 400
25 0 5 77 0 13 100 343 200 609 300 894 400
26 0 5 400 0 877 100 1203 200 844 300 716 400
27 0 5 1165 0 865 100 472 200 90 300 1030 400
28 0 5 242 0 58 100 630 200 660 300 60 400
29 0 5 1396 0 36 100 991 200 61 300 1228 400
30 0 5 949 0 1272 100 506 200 1118 300 223 400
31 0 5 796 0 314 100 212 200 410 300 1264 400
32 0 5 757 0 309 100 648 200 1176 300 1376 400
33 0 5 44 0 103 100 1305 200 1123 300 1098 400
34 0 5 974 0 70 100 959 200 544 300 90 400
35 0 5 121 0 294 100 971 200 409 300 1237 400
36 0 5 681 0 29 100 503 200 1282 300 991 400
37 0 5 1035 0 502 100 460 200 163 300 895 400
38 0 5 652 0 1324 100 957 200 267 300 45 400
39 0 5 1070 0 466 100 1271 200 63 300 543 400
40 0 5 1097 0 1175 100 583 200 819 300 11 400
41 0 5 127 0 665 100 158 200 1025 300 732 400
42 0 5 1062 0 204 100 348 200 138 300 403 400
43 0 5 1399 0 683 100 764 200 413 300 1029 400
44 0 5 33 0 1478 100 103 200 892 300 106 400
45 0 5 957 0 774 100 417 200 1324 300 337 400
46 0 5 1454 0 1460 100 613 200 251 300 276 400
47 0 5 1046 0 298 100 1261 200 1119 300 57 400
48 0 5 1378 0 54 100 1202 200 226 300 327 400
49 0 5 1452 0 810 100 690 200 553 300 1164 400
50 0 5 1148 0 638 100 173 200 132 300 279 400
51 0 5 554 0 314 100 741 200 88 300 31 400
52 0 5 1066 0 929 100 709 200 318 300 110 400
53 0 5 1371 0 1146 100 80 200 117 300 199 400
54 0 5 1205 0 48 100 489 200 1378 300 1431 400
55 0 5 513 0 1051 100 855 200 649 300 662 400
56 0 5 763 0 1376 100 1017 200 1141 300 1134 400
57 0 5 616 0 1119 100 1057 200 1023 300 47 400
58 0 5 633 0 1383 100 28 200 660 300 1298 400
59 0 5 1131 0 767 100 1309 200 1497 300 1061 400
60 0 5 1090 0 284 100 28 200 784 300 242 400
61 0 5 538 0 991 100 968 200 919 300 29 400
62 0 5 98 0 667 100 287 200 671 300 1084 400
63 0 5 924 0 1466 100 4 200 1070 300 785 400
64 0 5 1471 0 1184 100 1283 200 1211 300 190 400
65 0 5 345 0 1468 100 1173 200 1498 300 292 400
66 0 5 572 0 535 100 84 200 872 300 627 400
67 0 5 854 0 1401 100 1053 200 789 300 1313 400
68 0 5 1293 0 825 100 815 200 761 300 1278 400
69 0 5 595 0 839 100 1500 200 558 300 505 400
70 0 5 959 0 34 100 264 200 573 300 27 400
71 0 5 104 0 389 100 1072 200 961 300 192 400
72 0 5 743 0 631 100 119 200 552 300 183 400
73 0 5 504 0 931 100 1314 200 1159 300 561 400
74 0 5 81 0 314 100 897 200 120 300 51 400
75 0 5 759 0 369 100 1082 200 493 300 372 400
76 0 5 1509 0 1508 100 1042 200 565 300 1461 400
77 0 5 25 0 609 100 894 200 1076 300 1001 400
78 0 5 1090 0 1222 100 797 200 733 300 284 400
79 0 5 1493 0 1148 100 173 200 1364 300 133 400
80 0 5 565 0 1146 100 53 200 787 300 523 400
81 0 5 120 0 1256 100 74 200 314 300 897 400
82 0 5 1444 0 1498 100 345 200 65 300 1468 400
83 0 5 266 0 1490 100 867 200 1274 300 15 400
84 0 5 535 0 587 100 66 200 1465 300 1472 400
85 0 5 492 0 892 100 141 200 94 300 1375 400
86 0 5 1307 0 1305 100 1297 200 491 300 881 400
87 0 5 796 0 887 100 964 200 1386 300 31 400
88 0 5 563 0 741 100 554 200 51 300 468 400
89 0 5 618 0 939 100 853 200 1237 300 891 400
90 0 5 1030 0 781 100 974 200 27 300 262 400
91 0 5 1267 0 206 100 818 200 224 300 456 400
92 0 5 1150 0 231 100 221 200 1269 300 765 400
93 0 5 1026 0 1055 100 366 200 548 300 1481 400
94 0 5 1375 0 492 100 147 200 85 300 892 400
95 0 5 1087 0 1073 100 1027 200 1484 300 817 400
96 0 5 140 0 952 100 1451 200 691 300 1300 400
97 0 5 730 0 698 100 157 200 1086 300 1112 400
98 0 5 62 0 671 100 667 200 287 300 1084 400
99 0 5 422 0 602 100 645 200 842 300 1052 400
100 0 5 322 0 1242 100 351 200 1249 300 745 400
101 0 5 454 0 847 100 253 200 1319 300 688 400
102 0 5 939 0 853 100 622 200 1520 300 1519 400
103 0 5 976 0 33 100 44 200 1478 300 1305 400
104 0 5 71 0 817 100 876 200 288 300 389 400
105 0 5 421 0 220 100 1480 200 408 300 859 400
106 0 5 892 0 423 100 1478 200 794 300 44 400
107 0 5 1101 0 509 100 561 200 1374 300 1156 400
108 0 5 1394 0 1248 100 1037 200 1304 300 1111 400
109 0 5 1041 0 1462 100 693 200 654 300 193 400
110 0 5 929 0 17 100 984 200 1078 300 52 400
111 0 5 124 0 719 100 640 200 287 300 940 400
112 0 5 1361 0 960 100 1344 200 293 300 1488 400
113 0 5 166 0 786 100 1023 200 1124 300 715 400
114 0 5 420 0 556 100 143 200 502 300 674 400
115 0 5 746 0 1359 100 1167 200 1340 300 149 400
116 0 5 1234 0 1007 100 1128 200 698 300 157 400
117 0 5 1426 0 1146 100 53 200 818 300 286 400
118 0 5 694 0 75 100 372 200 759 300 369 400
119 0 5 552 0 273 100 72 200 1179 300 752 400
120 0 5 81 0 1386 100 74 200 314 300 1256 400
121 0 5 35 0 1237 100 971 200 294 300 617 400
122 0 5 845 0 1368 100 756 200 863 300 1265 400
123 0 5 1010 0 1437 100 1143 200 1275 300 371 400
124 0 5 640 0 111 100 719 200 893 300 1379 400
125 0 5 938 0 162 100 1120 200 311 300 1387 400
126 0 5 3 0 1365 100 845 200 621 300 863 400
127 0 5 41 0 1053 100 272 200 368 300 1154 400
128 0 5 992 0 1034 100 177 200 522 300 728 400
129 0 5 1280 0 1342 100 810 200 1452 300 1469 400
130 0 5 1458 0 429 100 1317 200 696 300 1340 400
131 0 5 1325 0 20 100 1138 200 359 300 922 400
132 0 5 900 0 279 100 50 200 638 300 377 400
133 0 5 1493 0 1229 100 1148 200 244 300 714 400
134 0 5 317 0 561 100 1117 200 1465 300 23 400
135 0 5 1474 0 899 100 1102 200 182 300 541 400
136 0 5 776 0 1284 100 1450 200 278 300 925 400
137 0 5 994 0 776 100 321 200 1491 300 738 400
138 0 5 641 0 348 100 531 200 1176 300 42 400
139 0 5 1061 0 702 100 1417 200 888 300 936 400
140 0 5 1248 0 96 100 1451 200 691 300 1275 400
141 0 5 1255 0 85 100 492 200 892 300 106 400
142 0 5 501 0 809 100 830 200 1321 300 1395 400
143 0 5 556 0 171 100 114 200 674 300 1463 400
144 0 5 610 0 1032 100 1218 200 864 300 1334 400
145 0 5 16 0 934 100 335 200 703 300 799 400
146 0 5 1254 0 151 100 860 200 197 300 1151 400
147 0 5 1436 0 739 100 951 200 94 300 772 400
148 0 5 1486 0 1172 100 833 200 225 300 476 400
149 0 5 1406 0 357 100 1359 200 585 300 746 400
150 0 5 675 0 336 100 947 200 636 300 1433 400
151 0 5 146 0 860 100 1151 200 496 300 1115 400
152 0 5 348 0 811 100 1486 200 833 300 403 400
153 0 5 851 0 378 100 155 200 717 300 347 400
154 0 5 305 0 1173 100 1424 200 1410 300 345 400
155 0 5 1105 0 717 100 153 200 378 300 347 400
156 0 5 999 0 788 100 964 200 263 300 935 400
157 0 5 473 0 730 100 698 200 97 300 116 400
158 0 5 665 0 1025 100 41 200 1084 300 127 400
159 0 5 354 0 932 100 799 200 395 300 1008 400
160 0 5 619 0 724 100 510 200 515 300 816 400
161 0 5 827 0 1442 100 1495 200 53 300 1163 400
162 0 5 125 0 311 100 978 200 1233 300 1387 400
163 0 5 844 0 586 100 37 200 203 300 187 400
164 0 5 588 0 672 100 451 200 825 300 1349 400
165 0 5 1389 0 240 100 202 200 1011 300 1281 400
166 0 5 113 0 1099 100 786 200 945 300 379 400
167 0 5 1278 0 224 100 1293 200 91 300 363 400
168 0 5 392 0 254 100 836 200 262 300 291 400
169 0 5 740 0 1068 100 970 200 22 300 444 400
170 0 5 260 0 578 100 1158 200 741 300 1220 400
171 0 5 143 0 674 100 208 200 556 300 382 400
172 0 5 358 0 1024 100 834 200 1457 300 750 400
173 0 5 79 0 1364 100 1148 200 1485 300 50 400
174 0 5 1185 0 307 100 768 200 863 300 1499 400
175 0 5 599 0 1320 100 632 200 555 300 560 400
176 0 5 773 0 308 100 366 200 973 300 1106 400
177 0 5 1361 0 128 100 992 200 334 300 912 400
178 0 5 689 0 1016 100 1475 200 1044 300 680 400
179 0 5 1260 0 1249 100 1181 200 16 300 1280 400
180 0 5 252 0 1327 100 484 200 189 300 791 400
181 0 5 825 0 457 100 1349 200 815 300 363 400
182 0 5 1474 0 541 100 135 200 909 300 1102 400
183 0 5 224 0 552 100 743 200 316 300 72 400
184 0 5 353 0 518 100 302 200 600 300 760 400
185 0 5 1352 0 769 100 1075 200 751 300 990 400
186 0 5 1003 0 1206 100 523 200 1432 300 433 400
187 0 5 805 0 586 100 163 200 1210 300 1319 400
188 0 5 413 0 726 100 1399 200 321 300 764 400
189 0 5 904 0 1022 100 846 200 180 300 791 400
190 0 5 1211 0 1155 100 307 200 1471 300 1283 400
191 0 5 733 0 364 100 595 200 1500 300 390 400
192 0 5 389 0 431 100 961 200 1073 300 288 400
193 0 5 995 0 1041 100 405 200 654 300 1462 400
194 0 5 1312 0 508 100 585 200 1010 300 452 400
195 0 5 219 0 564 100 384 200 1164 300 1353 400
196 0 5 344 0 129 100 1194 200 1342 300 1260 400
197 0 5 341 0 442 100 319 200 1254 300 860 400
198 0 5 464 0 1383 100 1239 200 937 300 301 400
199 0 5 523 0 455 100 1432 200 1206 300 787 400
200 0 5 986 0 625 100 512 200 969 300 820 400
201 0 5 961 0 559 100 981 200 1294 300 1072 400
202 0 5 650 0 240 100 1011 200 386 300 1281 400
203 0 5 1197 0 460 100 1210 200 163 300 895 400
204 0 5 403 0 302 100 42 200 353 300 1062 400
205 0 5 965 0 1446 100 1397 200 596 300 576 400
206 0 5 734 0 818 100 91 200 1267 300 456 400
207 0 5 1012 0 1177 100 989 200 375 300 1014 400
208 0 5 259 0 382 100 1480 200 674 300 171 400
209 0 5 469 0 1415 100 441 200 1244 300 1136 400
210 0 5 462 0 932 100 813 200 707 300 803 400
211 0 5 1243 0 800 100 701 200 1299 300 678 400
212 0 5 1264 0 1199 100 31 200 410 300 993 400
213 0 5 362 0 655 100 376 200 554 300 1302 400
214 0 5 802 0 858 100 1081 200 607 300 1132 400
215 0 5 570 0 727 100 744 200 17 300 484 400
216 0 5 823 0 1292 100 427 200 714 300 658 400
217 0 5 300 0 782 100 620 200 661 300 920 400
218 0 5 1243 0 575 100 678 200 211 300 521 400
219 0 5 195 0 687 100 118 200 883 300 384 400
220 0 5 105 0 1480 100 1290 200 408 300 1330 400
221 0 5 1186 0 341 100 720 200 319 300 92 400
222 0 5 1485 0 427 100 258 200 1420 300 767 400
223 0 5 414 0 949 100 1153 200 931 300 30 400
224 0 5 183 0 167 100 91 200 1267 300 552 400
225 0 5 476 0 1172 100 833 200 148 300 543 400
226 0 5 489 0 988 100 48 200 966 300 356 400
227 0 5 788 0 512 100 999 200 263 300 820 400
228 0 5 884 0 281 100 256 200 365 300 1289 400
229 0 5 1157 0 467 100 475 200 1427 300 1093 400
230 0 5 852 0 1467 100 866 200 21 300 847 400
231 0 5 92 0 765 100 720 200 1269 300 221 400
232 0 5 1209 0 1385 100 710 200 1343 300 1481 400
233 0 5 494 0 801 100 435 200 753 300 1174 400
234 0 5 1145 0 1182 100 1083 200 806 300 898 400
235 0 5 1454 0 1404 100 1127 200 613 300 982 400
236 0 5 12 0 1268 100 1015 200 1221 300 482 400
237 0 5 1130 0 617 100 618 200 891 300 121 400
238 0 5 268 0 808 100 750 200 910 300 884 400
239 0 5 1393 0 364 100 1500 200 962 300 579 400
240 0 5 165 0 1011 100 202 200 1389 300 1281 400
241 0 5 1496 0 510 100 816 200 1367 300 930 400
242 0 5 928 0 28 100 1090 200 771 300 60 400
243 0 5 1109 0 843 100 777 200 1113 300 1442 400
244 0 5 319 0 373 100 133 200 221 300 1148 400
245 0 5 1094 0 1277 100 752 200 1179 300 436 400
246 0 5 669 0 888 100 593 200 841 300 477 400
247 0 5 1127 0 558 100 875 200 505 300 1440 400
248 0 5 944 0 951 100 472 200 975 300 1165 400
249 0 5 795 0 290 100 779 200 574 300 1324 400
250 0 5 337 0 434 100 997 200 774 300 45 400
251 0 5 548 0 46 100 1460 200 483 300 1026 400
252 0 5 1104 0 180 100 1327 200 1337 300 1382 400
253 0 5 688 0 1319 100 101 200 692 300 847 400
254 0 5 781 0 168 100 990 200 392 300 185 400
255 0 5 446 0 349 100 967 200 735 300 940 400
256 0 5 1216 0 281 100 438 200 795 300 1346 400
257 0 5 1335 0 615 100 1331 200 1333 300 265 400
258 0 5 1309 0 459 100 427 200 222 300 682 400
259 0 5 382 0 1480 100 208 200 1350 300 220 400
260 0 5 170 0 1019 100 468 200 88 300 578 400
261 0 5 1492 0 1413 100 1395 200 501 300 1022 400
262 0 5 1370 0 836 100 544 200 1322 300 90 400
263 0 5 1418 0 964 100 999 200 156 300 227 400
264 0 5 1116 0 739 100 70 200 944 300 18 400
265 0 5 1447 0 1233 100 1331 200 978 300 257 400
266 0 5 83 0 1332 100 867 200 1433 300 1490 400
267 0 5 1296 0 856 100 652 200 1089 300 38 400
268 0 5 499 0 238 100 910 200 438 300 365 400
269 0 5 1384 0 1447 100 606 200 828 300 824 400
270 0 5 396 0 653 100 1491 200 1180 300 478 400
271 0 5 1326 0 562 100 1224 200 667 300 507 400
272 0 5 511 0 1154 100 127 200 368 300 374 400
273 0 5 1179 0 119 100 1339 200 1033 300 1277 400
274 0 5 1449 0 438 100 1346 200 670 300 1047 400
275 0 5 367 0 707 100 803 200 813 300 1483 400
276 0 5 982 0 1454 100 1460 200 46 300 235 400
277 0 5 614 0 710 100 613 200 1026 300 838 400
278 0 5 1284 0 651 100 1450 200 136 300 1049 400
279 0 5 638 0 132 100 900 200 874 300 50 400
280 0 5 848 0 533 100 1429 200 1355 300 1198 400
281 0 5 228 0 1191 100 256 200 779 300 795 400
282 0 5 1391 0 748 100 1092 200 1441 300 430 400
283 0 5 955 0 1122 100 1232 200 875 300 1440 400
284 0 5 60 0 78 100 792 200 1090 300 687 400
285 0 5 1268 0 1105 100 983 200 717 300 453 400
286 0 5 1426 0 482 100 1054 200 1221 300 117 400
287 0 5 1379 0 62 100 671 200 98 300 111 400
288 0 5 876 0 389 100 817 200 1073 300 104 400
289 0 5 927 0 550 100 519 200 1369 300 480 400
290 0 5 574 0 339 100 249 200 1216 300 795 400
291 0 5 836 0 603 100 768 200 1322 300 481 400
292 0 5 907 0 1410 100 1310 200 893 300 1018 400
293 0 5 960 0 1226 100 534 200 112 300 1091 400
294 0 5 35 0 571 100 1467 200 409 300 121 400
295 0 5 644 0 379 100 972 200 1347 300 589 400
296 0 5 376 0 563 100 468 200 554 300 532 400
297 0 5 858 0 1132 100 1429 200 555 300 214 400
298 0 5 1119 0 47 100 520 200 8 300 1212 400
299 0 5 668 0 1113 100 453 200 1268 300 1105 400
300 0 5 217 0 1381 100 857 200 374 300 782 400
301 0 5 937 0 464 100 198 200 883 300 1298 400
302 0 5 954 0 625 100 204 200 184 300 600 400
303 0 5 491 0 1027 100 611 200 1028 300 1016 400
304 0 5 977 0 1283 100 1456 200 621 300 1368 400
305 0 5 154 0 1173 100 1410 200 747 300 1438 400
306 0 5 1019 0 489 100 988 200 468 300 966 400
307 0 5 5 0 174 100 381 200 1155 300 190 400
308 0 5 1106 0 176 100 366 200 773 300 973 400
309 0 5 32 0 736 100 391 200 663 300 1176 400
310 0 5 1031 0 520 100 1112 200 1086 300 1257 400
311 0 5 1387 0 162 100 487 200 1333 300 615 400
312 0 5 1225 0 612 100 877 200 400 300 844 400
313 0 5 1377 0 676 100 386 200 1463 300 202 400
314 0 5 74 0 31 100 51 200 897 300 741 400
315 0 5 1140 0 987 100 673 200 1217 300 1300 400
316 0 5 1293 0 406 100 224 200 183 300 167 400
317 0 5 134 0 504 100 1314 200 1465 300 561 400
318 0 5 1069 0 709 100 52 200 984 300 1038 400
319 0 5 244 0 373 100 221 200 197 300 341 400
320 0 5 802 0 903 100 627 200 1373 300 1360 400
321 0 5 726 0 923 100 137 200 738 300 994 400
322 0 5 1242 0 545 100 100 200 1249 300 351 400
323 0 5 766 0 1180 100 1450 200 776 300 1491 400
324 0 5 1391 0 383 100 327 200 996 300 1092 400
325 0 5 359 0 1188 100 1462 200 1434 300 1138 400
326 0 5 1036 0 1218 100 1430 200 1045 300 485 400
327 0 5 383 0 996 100 324 200 1202 300 1062 400
328 0 5 506 0 1108 100 22 200 949 300 30 400
329 0 5 700 0 920 100 620 200 528 300 857 400
330 0 5 1129 0 1004 100 479 200 1497 300 767 400
331 0 5 425 0 1063 100 711 200 689 300 849 400
332 0 5 901 0 1052 100 340 200 722 300 422 400
333 0 5 19 0 1338 100 1194 200 433 300 1003 400
334 0 5 912 0 763 100 1067 200 177 300 1325 400
335 0 5 1507 0 1506 100 354 200 1469 300 799 400
336 0 5 1175 0 150 100 819 200 1433 300 947 400
337 0 5 250 0 434 100 45 200 774 300 957 400
338 0 5 1043 0 1445 100 998 200 1178 300 863 400
339 0 5 517 0 290 100 1216 200 434 300 774 400
340 0 5 514 0 332 100 9 200 901 300 808 400
341 0 5 197 0 221 100 1186 200 319 300 442 400
342 0 5 948 0 880 100 943 200 1337 300 1382 400
343 0 5 13 0 1008 100 25 200 1208 300 354 400
344 0 5 1504 0 1505 100 1469 200 1342 300 196 400
345 0 5 65 0 1498 100 1173 200 82 300 1444 400
346 0 5 436 0 666 100 749 200 1015 300 355 400
347 0 5 373 0 378 100 155 200 319 300 133 400
348 0 5 152 0 138 100 403 200 42 300 811 400
349 0 5 1081 0 255 100 735 200 446 300 1132 400
350 0 5 596 0 4 100 576 200 419 300 965 400
351 0 5 1242 0 100 100 493 200 494 300 745 400
352 0 5 1274 0 686 100 947 200 1433 300 1490 400
353 0 5 184 0 1062 100 204 200 760 300 302 400
354 0 5 799 0 1514 100 1513 200 335 300 159 400
355 0 5 933 0 1270 100 983 200 666 300 749 400
356 0 5 760 0 966 100 578 200 226 300 327 400
357 0 5 498 0 149 100 746 200 585 300 1406 400
358 0 5 539 0 172 100 1024 200 834 300 1457 400
359 0 5 325 0 1411 100 1138 200 1188 300 131 400
360 0 5 941 0 970 100 1488 200 1344 300 584 400
361 0 5 448 0 408 100 1483 200 800 300 859 400
362 0 5 869 0 213 100 655 200 376 300 1302 400
363 0 5 815 0 1110 100 1278 200 456 300 1461 400
364 0 5 239 0 191 100 1500 200 962 300 943 400
365 0 5 1289 0 910 100 238 200 677 300 228 400
366 0 5 1055 0 973 100 1481 200 176 300 308 400
367 0 5 275 0 1388 100 1483 200 707 300 803 400
368 0 5 732 0 709 100 399 200 127 300 1066 400
369 0 5 1200 0 75 100 1082 200 461 300 759 400
370 0 5 1133 0 1360 100 903 200 629 300 872 400
371 0 5 591 0 870 100 1437 200 1251 300 123 400
372 0 5 553 0 759 100 384 200 75 300 1353 400
373 0 5 347 0 244 100 319 200 378 300 155 400
374 0 5 1381 0 511 100 857 200 1154 300 300 400
375 0 5 1177 0 822 100 432 200 207 300 842 400
376 0 5 296 0 554 100 468 200 213 300 532 400
377 0 5 1420 0 1285 100 1407 200 868 300 1291 400
378 0 5 347 0 851 100 153 200 319 300 155 400
379 0 5 644 0 972 100 295 200 1099 300 166 400
380 0 5 1501 0 1091 100 791 200 1162 300 584 400
381 0 5 1155 0 1322 100 481 200 307 300 603 400
382 0 5 259 0 208 100 1009 200 470 300 171 400
383 0 5 327 0 324 100 996 200 641 300 1202 400
384 0 5 553 0 1353 100 372 200 195 300 219 400
385 0 5 1102 0 1056 100 917 200 1474 300 536 400
386 0 5 742 0 1463 100 313 200 202 300 1377 400
387 0 5 1400 0 1196 100 762 200 798 300 1166 400
388 0 5 991 0 1285 100 950 200 900 300 377 400
389 0 5 192 0 71 100 288 200 104 300 961 400
390 0 5 1328 0 1222 100 706 200 898 300 1419 400
391 0 5 736 0 309 100 1141 200 540 300 32 400
392 0 5 168 0 1178 100 254 200 1185 300 990 400
393 0 5 906 0 1414 100 1021 200 471 300 588 400
394 0 5 1372 0 419 100 7 200 801 300 1306 400
395 0 5 159 0 932 100 354 200 1425 300 13 400
396 0 5 1005 0 270 100 1491 200 653 300 559 400
397 0 5 778 0 543 100 899 200 659 300 575 400
398 0 5 1352 0 1149 100 1075 200 751 300 849 400
399 0 5 732 0 1066 100 368 200 1025 300 709 400
400 0 5 26 0 1035 100 502 200 312 300 877 400
401 0 5 1204 0 1458 100 1180 200 696 300 130 400
402 0 5 920 0 620 100 505 200 1393 300 661 400
403 0 5 204 0 348 100 811 200 42 300 152 400
404 0 5 657 0 1202 100 430 200 1378 300 1489 400
405 0 5 1126 0 995 100 1041 200 193 300 1351 400
406 0 5 316 0 761 100 1293 200 775 300 837 400
407 0 5 1434 0 654 100 1138 200 131 300 325 400
408 0 5 448 0 361 100 859 200 1290 300 1350 400
409 0 5 847 0 1467 100 971 200 294 300 35 400
410 0 5 525 0 993 100 31 200 212 300 1199 400
411 0 5 526 0 617 100 571 200 237 300 294 400
412 0 5 832 0 493 100 830 200 1321 300 1473 400
413 0 5 188 0 764 100 1399 200 43 300 923 400
414 0 5 1159 0 223 100 931 200 949 300 1153 400
415 0 5 706 0 694 100 1222 200 78 300 898 400
416 0 5 1231 0 1270 100 488 200 666 300 1077 400
417 0 5 774 0 1324 100 45 200 574 300 339 400
418 0 5 21 0 721 100 852 200 526 300 1097 400
419 0 5 576 0 1306 100 394 200 4 300 350 400
420 0 5 1189 0 114 100 742 200 1463 300 386 400
421 0 5 105 0 1330 100 859 200 1425 300 1290 400
422 0 5 99 0 722 100 708 200 332 300 645 400
423 0 5 1416 0 106 100 1478 200 1276 300 773 400
424 0 5 453 0 713 100 1477 200 299 300 1105 400
425 0 5 849 0 331 100 1063 200 711 300 865 400
426 0 5 1088 0 793 100 1201 200 956 300 1321 400
427 0 5 222 0 216 100 714 200 258 300 1292 400
428 0 5 1193 0 527 100 963 200 1121 300 1431 400
429 0 5 130 0 1317 100 696 200 1340 300 746 400
430 0 5 1441 0 1489 100 404 200 657 300 748 400
431 0 5 486 0 192 100 1294 200 1073 300 389 400
432 0 5 842 0 777 100 1190 200 375 300 822 400
433 0 5 1003 0 1517 100 1516 200 186 300 333 400
434 0 5 250 0 337 100 1356 200 339 300 997 400
435 0 5 1181 0 233 100 1174 200 861 300 801 400
436 0 5 346 0 1094 100 666 200 1277 300 245 400
437 0 5 1037 0 1464 100 626 200 1248 300 108 400
438 0 5 750 0 274 100 499 200 256 300 1346 400
439 0 5 1282 0 497 100 1228 200 8 300 1171 400
440 0 5 616 0 1124 100 1023 200 1057 300 1261 400
441 0 5 1297 0 209 100 976 200 1415 300 469 400
442 0 5 1254 0 197 100 860 200 319 300 341 400
443 0 5 718 0 699 100 1470 200 626 300 1315 400
444 0 5 731 0 500 100 584 200 744 300 169 400
445 0 5 1494 0 597 100 1040 200 1407 300 1129 400
446 0 5 735 0 873 100 255 200 940 300 349 400
447 0 5 452 0 905 100 1169 200 508 300 585 400
448 0 5 408 0 361 100 1350 200 800 300 1009 400
449 0 5 930 0 1281 100 705 200 202 300 1011 400
450 0 5 605 0 1050 100 790 200 1519 300 1518 400
451 0 5 824 0 672 100 1384 200 164 300 825 400
452 0 5 447 0 508 100 585 200 1169 300 194 400
453 0 5 424 0 299 100 1477 200 1105 300 1113 400
454 0 5 101 0 1074 100 1303 200 1319 300 253 400
455 0 5 1495 0 199 100 787 200 523 300 1432 400
456 0 5 734 0 1110 100 490 200 363 300 91 400
457 0 5 181 0 1349 100 815 200 1013 300 1461 400
458 0 5 711 0 689 100 1308 200 975 300 1475 400
459 0 5 1190 0 258 100 725 200 1309 300 1131 400
460 0 5 895 0 203 100 37 200 163 300 1197 400
461 0 5 598 0 832 100 1082 200 1479 300 1083 400
462 0 5 210 0 813 100 859 200 1483 300 1425 400
463 0 5 1388 0 1446 100 205 200 1397 300 965 400
464 0 5 198 0 937 100 301 200 1239 300 1383 400
465 0 5 1365 0 926 100 845 200 863 300 122 400
466 0 5 1271 0 39 100 1160 200 63 300 1070 400
467 0 5 780 0 229 100 1427 200 475 300 867 400
468 0 5 568 0 376 100 296 200 563 300 260 400
469 0 5 209 0 1136 100 441 200 1415 300 1354 400
470 0 5 1056 0 1009 100 382 200 917 300 385 400
471 0 5 393 0 15 100 1414 200 906 300 1490 400
472 0 5 1165 0 975 100 27 200 865 300 248 400
473 0 5 1409 0 157 100 730 200 1112 300 116 400
474 0 5 1366 0 639 100 1279 200 1111 300 1252 400
475 0 5 524 0 737 100 229 200 1157 300 467 400
476 0 5 225 0 543 100 1271 200 833 300 1172 400
477 0 5 669 0 1476 100 593 200 914 300 246 400
478 0 5 1085 0 653 100 783 200 530 300 270 400
479 0 5 1129 0 330 100 767 200 1485 300 1407 400
480 0 5 1085 0 783 100 478 200 1192 300 289 400
481 0 5 1322 0 381 100 603 200 291 300 836 400
482 0 5 1221 0 879 100 286 200 668 300 1268 400
483 0 5 548 0 1460 100 1336 200 251 300 821 400
484 0 5 500 0 1000 100 180 200 1327 300 215 400
485 0 5 1036 0 1250 100 1195 200 1144 300 1045 400
486 0 5 431 0 1294 100 981 200 961 300 201 400
487 0 5 1093 0 1333 100 311 200 1311 300 615 400
488 0 5 1151 0 933 100 1215 200 416 300 666 400
489 0 5 226 0 306 100 54 200 988 300 48 400
490 0 5 734 0 818 100 456 200 1461 300 1110 400
491 0 5 303 0 1028 100 1307 200 86 300 611 400
492 0 5 85 0 94 100 1375 200 892 300 141 400
493 0 5 412 0 351 100 75 200 1321 300 1473 400
494 0 5 753 0 233 100 351 200 435 300 1174 400
495 0 5 1318 0 1253 100 11 200 40 300 1157 400
496 0 5 1115 0 860 100 717 200 151 300 1215 400
497 0 5 8 0 439 100 1137 200 1282 300 1183 400
498 0 5 357 0 591 100 585 200 194 300 149 400
499 0 5 268 0 884 100 438 200 238 300 365 400
500 0 5 444 0 484 100 1162 200 744 300 584 400
501 0 5 142 0 1413 100 1395 200 261 300 830 400
502 0 5 37 0 400 100 650 200 556 300 1035 400
503 0 5 950 0 1412 100 1396 200 1291 300 36 400
504 0 5 73 0 1314 100 317 200 561 300 931 400
505 0 5 558 0 1393 100 402 200 247 300 69 400
506 0 5 1272 0 328 100 22 200 30 300 949 400
507 0 5 1224 0 953 100 562 200 1213 300 271 400
508 0 5 452 0 194 100 1312 200 1304 300 585 400
509 0 5 963 0 107 100 1374 200 635 300 1101 400
510 0 5 241 0 160 100 619 200 816 300 1263 400
511 0 5 374 0 272 100 709 200 1154 300 368 400
512 0 5 227 0 200 100 820 200 625 300 954 400
513 0 5 55 0 1051 100 301 200 883 300 1024 400
514 0 5 340 0 1142 100 1421 200 1014 300 901 400
515 0 5 1207 0 724 100 160 200 510 300 754 400
516 0 5 882 0 850 100 1279 200 557 300 1169 400
517 0 5 339 0 997 100 915 200 1346 300 670 400
518 0 5 835 0 184 100 578 200 1220 300 760 400
519 0 5 1192 0 289 100 550 200 1439 300 1334 400
520 0 5 1257 0 310 100 298 200 1057 300 1212 400
521 0 5 659 0 1482 100 575 200 778 300 924 400
522 0 5 1405 0 728 100 128 200 1034 300 829 400
523 0 5 787 0 199 100 186 200 1432 300 1206 400
524 0 5 475 0 737 100 1318 200 664 300 1157 400
525 0 5 741 0 410 100 170 200 31 300 314 400
526 0 5 411 0 1097 100 571 200 721 300 40 400
527 0 5 1422 0 428 100 1351 200 1193 300 1121 400
528 0 5 1135 0 1048 100 700 200 979 300 329 400
529 0 5 1262 0 1410 100 1438 200 940 300 747 400
530 0 5 840 0 981 100 478 200 1343 300 1005 400
531 0 5 663 0 138 100 641 200 996 300 736 400
532 0 5 1302 0 918 100 376 200 468 300 296 400
533 0 5 1198 0 280 100 848 200 1230 300 1355 400
534 0 5 14 0 1226 100 293 200 1405 300 1058 400
535 0 5 84 0 66 100 872 200 1472 300 572 400
536 0 5 676 0 1463 100 1362 200 385 300 909 400
537 0 5 1313 0 953 100 826 200 580 300 1224 400
538 0 5 1409 0 61 100 1112 200 729 300 968 400
539 0 5 358 0 1423 100 513 200 1142 300 834 400
540 0 5 637 0 1017 100 1134 200 1188 300 693 400
541 0 5 549 0 182 100 899 200 542 300 135 400
542 0 5 969 0 643 100 541 200 567 300 512 400
543 0 5 397 0 476 100 899 200 225 300 778 400
544 0 5 1370 0 974 100 262 200 1322 300 90 400
545 0 5 690 0 322 100 1249 200 1174 300 1280 400
546 0 5 1079 0 1303 100 612 200 807 300 1074 400
547 0 5 659 0 924 100 1070 200 543 300 63 400
548 0 5 251 0 483 100 1336 200 1460 300 1026 400
549 0 5 541 0 811 100 1172 200 1486 300 543 400
550 0 5 1334 0 289 100 519 200 927 300 610 400
551 0 5 1367 0 816 100 871 200 241 300 1453 400
552 0 5 119 0 183 100 72 200 224 300 631 400
553 0 5 372 0 384 100 1353 200 49 300 759 400
554 0 5 51 0 376 100 88 200 897 300 563 400
555 0 5 1429 0 1132 100 632 200 175 300 599 400
556 0 5 114 0 143 100 171 200 502 300 674 400
557 0 5 916 0 1279 100 850 200 1252 300 1040 400
558 0 5 839 0 505 100 247 200 69 300 1059 400
559 0 5 1005 0 201 100 1065 200 1072 300 804 400
560 0 5 1320 0 1390 100 929 200 632 300 175 400
561 0 5 23 0 134 100 504 200 317 300 107 400
562 0 5 1213 0 507 100 1326 200 608 300 1006 400
563 0 5 296 0 88 100 468 200 554 300 376 400
564 0 5 19 0 1051 100 195 200 662 300 219 400
565 0 5 80 0 1146 100 1042 200 76 300 53 400
566 0 5 1402 0 761 100 1392 200 723 300 824 400
567 0 5 1246 0 643 100 1487 200 909 300 1418 400
568 0 5 918 0 468 100 306 200 1019 300 260 400
569 0 5 642 0 1038 100 984 200 1382 300 880 400
570 0 5 17 0 215 100 1078 200 727 300 1000 400
571 0 5 866 0 294 100 721 200 526 300 1467 400
572 0 5 66 0 872 100 627 200 1465 300 903 400
573 0 5 959 0 18 100 608 200 70 300 1006 400
574 0 5 290 0 1324 100 249 200 417 300 774 400
575 0 5 778 0 218 100 521 200 1243 300 397 400
576 0 5 596 0 419 100 7 200 350 300 758 400
577 0 5 1240 0 1033 100 1015 200 12 300 1221 400
578 0 5 1220 0 760 100 170 200 518 300 966 400
579 0 5 962 0 1393 100 661 200 782 300 239 400
580 0 5 826 0 646 100 772 200 537 300 953 400
581 0 5 1046 0 1183 100 718 200 885 300 497 400
582 0 5 680 0 1098 100 1316 200 1475 300 1308 400
583 0 5 1175 0 11 100 40 200 664 300 1433 400
584 0 5 1501 0 970 100 500 200 444 300 169 400
585 0 5 452 0 194 100 1406 200 357 300 149 400
586 0 5 187 0 163 100 1319 200 1039 300 805 400
587 0 5 1323 0 84 100 1465 200 1117 300 66 400
588 0 5 1435 0 164 100 393 200 1414 300 1349 400
589 0 5 1347 0 699 100 295 200 945 300 972 400
590 0 5 942 0 1443 100 1007 200 1124 300 440 400
591 0 5 498 0 371 100 357 200 429 300 149 400
592 0 5 1118 0 1060 100 1403 200 985 300 30 400
593 0 5 841 0 246 100 1289 200 477 300 669 400
594 0 5 679 0 1341 100 1156 200 1108 300 1096 400
595 0 5 69 0 839 100 1500 200 191 300 1059 400
596 0 5 965 0 350 100 576 200 205 300 701 400
597 0 5 946 0 1040 100 445 200 1291 300 868 400
598 0 5 461 0 1083 100 806 200 1082 300 830 400
599 0 5 175 0 1355 100 555 200 848 300 280 400
600 0 5 820 0 835 100 954 200 184 300 302 400
601 0 5 922 0 1236 100 24 200 1287 300 1361 400
602 0 5 645 0 99 100 842 200 422 300 822 400
603 0 5 1499 0 291 100 768 200 481 300 1322 400
604 0 5 792 0 687 100 284 200 60 300 58 400
605 0 5 686 0 450 100 1050 200 471 300 647 400
606 0 5 1414 0 269 100 1447 200 15 300 1384 400
607 0 5 1273 0 858 100 1198 200 214 300 1373 400
608 0 5 1326 0 573 100 959 200 562 300 1213 400
609 0 5 1210 0 77 100 1001 200 805 300 25 400
610 0 5 144 0 1334 100 550 200 1430 300 1032 400
611 0 5 1016 0 1027 100 303 200 1028 300 491 400
612 0 5 716 0 1203 100 312 200 546 300 1225 400
613 0 5 614 0 838 100 46 200 235 300 277 400
614 0 5 277 0 613 100 1026 200 710 300 838 400
615 0 5 1387 0 257 100 1333 200 1335 300 1233 400
616 0 5 57 0 440 100 1057 200 1023 300 1261 400
617 0 5 237 0 411 100 571 200 121 300 526 400
618 0 5 1130 0 89 100 237 200 1237 300 853 400
619 0 5 160 0 871 100 724 200 510 300 1263 400
620 0 5 920 0 329 100 402 200 217 300 782 400
621 0 5 1456 0 1368 100 845 200 122 300 304 400
622 0 5 1540 0 1 100 102 200 1008 300 1223 400
623 0 5 1258 0 1160 100 648 200 785 300 32 400
624 0 5 829 0 1348 100 1376 200 814 300 728 400
625 0 5 200 0 302 100 512 200 954 300 986 400
626 0 5 718 0 1464 100 437 200 443 300 885 400
627 0 5 1373 0 320 100 572 200 1465 300 903 400
628 0 5 1170 0 754 100 1207 200 1487 300 1080 400
629 0 5 712 0 1424 100 370 200 1133 300 1360 400
630 0 5 28 0 883 100 633 200 58 300 1298 400
631 0 5 1214 0 72 100 752 200 6 300 119 400
632 0 5 1320 0 175 100 1132 200 555 300 560 400
633 0 5 58 0 1298 100 660 200 630 300 1383 400
634 0 5 762 0 1491 100 798 200 137 300 1065 400
635 0 5 1374 0 963 100 1139 200 1121 300 509 400
636 0 5 819 0 891 100 150 200 40 300 675 400
637 0 5 693 0 540 100 1092 200 996 300 1134 400
638 0 5 279 0 50 100 874 200 133 300 1148 400
639 0 5 474 0 882 100 1304 200 1279 300 516 400
640 0 5 1379 0 124 100 111 200 287 300 719 400
641 0 5 996 0 138 100 531 200 42 300 327 400
642 0 5 984 0 569 100 1382 200 1327 300 1000 400
643 0 5 567 0 909 100 542 200 1487 300 182 400
644 0 5 379 0 295 100 683 200 1470 300 699 400
645 0 5 725 0 602 100 708 200 99 300 902 400
646 0 5 739 0 772 100 580 200 1006 300 18 400
647 0 5 1021 0 913 100 906 200 1435 300 755 400
648 0 5 757 0 623 100 32 200 1176 300 1258 400
649 0 5 855 0 1051 100 333 200 662 300 55 400
650 0 5 202 0 502 100 742 200 1011 300 386 400
651 0 5 1217 0 278 100 1284 200 925 300 870 400
652 0 5 1089 0 38 100 267 200 1359 300 1296 400
653 0 5 270 0 1085 100 478 200 1180 300 396 400
654 0 5 407 0 1434 100 1096 200 193 300 1139 400
655 0 5 1302 0 213 100 362 200 376 300 532 400
656 0 5 1092 0 1441 100 1489 200 693 300 282 400
657 0 5 404 0 748 100 430 200 1441 300 1202 400
658 0 5 713 0 823 100 1292 200 216 300 714 400
659 0 5 547 0 521 100 924 200 778 300 397 400
660 0 5 771 0 58 100 28 200 633 300 1383 400
661 0 5 579 0 782 100 402 200 1393 300 217 400
662 0 5 855 0 1051 100 333 200 19 300 564 400
663 0 5 531 0 736 100 309 200 1141 300 637 400
664 0 5 1253 0 11 100 1433 200 583 300 524 400
665 0 5 158 0 1084 100 41 200 1025 300 1428 400
666 0 5 346 0 1270 100 1100 200 436 300 355 400
667 0 5 62 0 1428 100 1084 200 98 300 271 400
668 0 5 299 0 879 100 1268 200 482 300 1113 400
669 0 5 477 0 246 100 593 200 914 300 888 400
670 0 5 1346 0 1239 100 274 200 1449 300 517 400
671 0 5 967 0 98 100 287 200 62 300 1084 400
672 0 5 1384 0 164 100 451 200 1414 300 825 400
673 0 5 952 0 691 100 1140 200 315 300 764 400
674 0 5 171 0 895 100 208 200 556 300 460 400
675 0 5 150 0 1050 100 958 200 1223 300 450 400
676 0 5 313 0 536 100 1080 200 1463 300 1487 400
677 0 5 910 0 1289 100 9 200 901 300 365 400
678 0 5 1009 0 1350 100 218 200 448 300 800 400
679 0 5 594 0 1139 100 1096 200 1341 300 1374 400
680 0 5 582 0 1098 100 1308 200 1316 300 1475 400
681 0 5 919 0 36 100 61 200 29 300 991 400
682 0 5 1109 0 1477 100 1292 200 1113 300 258 400
683 0 5 1029 0 43 100 644 200 862 300 1470 400
684 0 5 828 0 1120 100 1392 200 824 300 978 400
685 0 5 1071 0 1415 100 1301 200 1073 300 1297 400
686 0 5 605 0 947 100 352 200 1050 300 471 400
687 0 5 604 0 219 100 284 200 28 300 792 400
688 0 5 253 0 971 100 692 200 847 300 980 400
689 0 5 178 0 1475 100 458 200 711 300 331 400
690 0 5 545 0 810 100 1280 200 49 300 322 400
691 0 5 1470 0 673 100 952 200 96 300 1451 400
692 0 5 831 0 688 100 971 200 1208 300 980 400
693 0 5 637 0 1092 100 1188 200 540 300 656 400
694 0 5 1479 0 118 100 1200 200 415 300 792 400
695 0 5 1453 0 887 100 1386 200 871 300 1263 400
696 0 5 1204 0 1049 100 1458 200 429 300 130 400
697 0 5 980 0 1008 100 831 200 692 300 102 400
698 0 5 97 0 1086 100 157 200 116 300 1007 400
699 0 5 589 0 1470 100 443 200 945 300 896 400
700 0 5 329 0 979 100 528 200 1135 300 857 400
701 0 5 1482 0 1299 100 211 200 1397 300 1243 400
702 0 5 139 0 936 100 1061 200 708 300 888 400
703 0 5 934 0 707 100 1388 200 145 300 803 400
704 0 5 1123 0 1098 100 951 200 1308 300 1305 400
705 0 5 1377 0 449 100 1080 200 202 300 1011 400
706 0 5 1222 0 415 100 390 200 898 300 78 400
707 0 5 803 0 275 100 934 200 703 300 1388 400
708 0 5 936 0 902 100 645 200 422 300 1131 400
709 0 5 318 0 368 100 511 200 52 300 1066 400
710 0 5 277 0 1209 100 232 200 1026 300 614 400
711 0 5 458 0 1063 100 689 200 331 300 865 400
712 0 5 629 0 1472 100 1133 200 1498 300 1424 400
713 0 5 658 0 424 100 1477 200 453 300 1105 400
714 0 5 1229 0 427 100 216 200 133 300 658 400
715 0 5 1219 0 786 100 1023 200 1315 300 1261 400
716 0 5 612 0 877 100 26 200 1203 300 844 400
717 0 5 851 0 155 100 285 200 153 300 496 400
718 0 5 626 0 443 100 1183 200 885 300 581 400
719 0 5 893 0 907 100 111 200 940 300 124 400
720 0 5 765 0 1269 100 221 200 231 300 874 400
721 0 5 418 0 852 100 571 200 526 300 866 400
722 0 5 422 0 9 100 901 200 332 300 340 400
723 0 5 1345 0 2 100 566 200 761 300 406 400
724 0 5 515 0 160 100 1207 200 619 300 1263 400
725 0 5 902 0 645 100 459 200 1190 300 842 400
726 0 5 321 0 188 100 923 200 413 300 738 400
727 0 5 1000 0 215 100 17 200 570 300 484 400
728 0 5 522 0 128 100 624 200 829 300 1034 400
729 0 5 968 0 1357 100 1112 200 730 300 310 400
730 0 5 97 0 157 100 1112 200 1086 300 473 400
731 0 5 740 0 444 100 744 200 169 300 1002 400
732 0 5 399 0 1025 100 368 200 41 300 1066 400
733 0 5 797 0 191 100 1059 200 1222 300 78 400
734 0 5 206 0 456 100 490 200 91 300 818 400
735 0 5 1081 0 446 100 349 200 255 300 873 400
736 0 5 309 0 391 100 1141 200 663 300 540 400
737 0 5 524 0 475 100 889 200 1433 300 664 400
738 0 5 994 0 923 100 321 200 776 300 137 400
739 0 5 646 0 1116 100 264 200 147 300 944 400
740 0 5 731 0 169 100 1002 200 1288 300 744 400
741 0 5 525 0 88 100 51 200 170 300 314 400
742 0 5 1189 0 386 100 650 200 420 300 1463 400
743 0 5 72 0 837 100 183 200 631 300 406 400
744 0 5 731 0 1002 100 500 200 215 300 444 400
745 0 5 753 0 1473 100 351 200 100 300 1095 400
746 0 5 115 0 357 100 1359 200 429 300 149 400
747 0 5 1438 0 1424 100 1262 200 305 300 529 400
748 0 5 657 0 282 100 1391 200 430 300 1441 400
749 0 5 983 0 1015 100 346 200 355 300 933 400
750 0 5 834 0 438 100 1047 200 238 300 274 400
751 0 5 1445 0 769 100 398 200 990 300 185 400
752 0 5 6 0 1179 100 631 200 245 300 119 400
753 0 5 494 0 745 100 233 200 351 300 1174 400
754 0 5 1170 0 1207 100 628 200 515 300 263 400
755 0 5 913 0 790 100 1448 200 1511 300 1512 400
756 0 5 1265 0 122 100 863 200 1368 300 921 400
757 0 5 32 0 648 100 1176 200 623 300 309 400
758 0 5 861 0 7 100 576 200 801 300 1181 400
759 0 5 75 0 372 100 369 200 1082 300 553 400
760 0 5 356 0 578 100 518 200 353 300 184 400
761 0 5 1402 0 406 100 566 200 68 300 723 400
762 0 5 634 0 1247 100 798 200 1065 300 804 400
763 0 5 1067 0 334 100 56 200 912 300 1411 400
764 0 5 862 0 413 100 1399 200 673 300 1470 400
765 0 5 720 0 231 100 1269 200 221 300 874 400
766 0 5 323 0 776 100 1450 200 136 300 137 400
767 0 5 59 0 1497 100 479 200 1309 300 1485 400
768 0 5 1499 0 1185 100 174 200 291 300 603 400
769 0 5 990 0 185 100 751 200 1445 300 254 400
770 0 5 838 0 864 100 1404 200 613 300 235 400
771 0 5 660 0 1356 100 1144 200 928 300 242 400
772 0 5 1436 0 646 100 580 200 147 300 739 400
773 0 5 176 0 1136 100 973 200 1276 300 423 400
774 0 5 417 0 45 100 339 200 337 300 574 400
775 0 5 2 0 1266 100 406 200 837 300 723 400
776 0 5 136 0 766 100 137 200 1450 300 994 400
777 0 5 432 0 243 100 1109 200 375 300 1113 400
778 0 5 397 0 575 100 659 200 521 300 543 400
779 0 5 1459 0 1191 100 249 200 905 300 795 400
780 0 5 1427 0 467 100 867 200 889 300 475 400
781 0 5 1030 0 254 100 90 200 1075 300 185 400
782 0 5 661 0 579 100 217 200 402 300 1363 400
783 0 5 1385 0 480 100 478 200 840 300 1085 400
784 0 5 928 0 1090 100 1195 200 1144 300 733 400
785 0 5 1258 0 814 100 1235 200 623 300 1160 400
786 0 5 113 0 715 100 896 200 945 300 166 400
787 0 5 523 0 80 100 199 200 1003 300 186 400
788 0 5 227 0 156 100 999 200 1158 300 935 400
789 0 5 1401 0 886 100 67 200 1135 300 1255 400
790 0 5 1502 0 1503 100 755 200 1050 300 450 400
791 0 5 1162 0 1022 100 380 200 180 300 189 400
792 0 5 604 0 284 100 694 200 415 300 60 400
793 0 5 426 0 1201 100 745 200 1372 300 801 400
794 0 5 1276 0 1416 100 1478 200 106 300 441 400
795 0 5 249 0 1216 100 256 200 1191 300 779 400
796 0 5 87 0 935 100 31 200 964 300 156 400
797 0 5 733 0 78 100 1222 200 284 300 415 400
798 0 5 1196 0 634 100 762 200 1491 300 137 400
799 0 5 354 0 932 100 335 200 145 300 159 400
800 0 5 1299 0 448 100 1397 200 361 300 1483 400
801 0 5 233 0 394 100 7 200 435 300 861 400
802 0 5 320 0 214 100 1360 200 903 300 607 400
803 0 5 707 0 275 100 934 200 703 300 210 400
804 0 5 1072 0 1065 100 1247 200 762 300 559 400
805 0 5 187 0 1001 100 609 200 586 300 1039 400
806 0 5 1083 0 830 100 234 200 598 300 1395 400
807 0 5 1203 0 1079 100 163 200 586 300 844 400
808 0 5 1142 0 238 100 340 200 834 300 514 400
809 0 5 142 0 1201 100 1321 200 830 300 493 400
810 0 5 690 0 1280 100 129 200 1452 300 49 400
811 0 5 152 0 549 100 1486 200 403 300 541 400
812 0 5 1295 0 1140 100 923 200 925 300 994 400
813 0 5 462 0 1483 100 210 200 707 300 859 400
814 0 5 1258 0 1235 100 1152 200 785 300 624 400
815 0 5 1278 0 363 100 825 200 68 300 457 400
816 0 5 551 0 871 100 241 200 510 300 619 400
817 0 5 876 0 104 100 288 200 1166 300 95 400
818 0 5 206 0 1054 100 490 200 91 300 1426 400
819 0 5 636 0 336 100 40 200 1175 300 150 400
820 0 5 600 0 954 100 512 200 1220 300 625 400
821 0 5 1336 0 1048 100 483 200 1106 300 528 400
822 0 5 1052 0 375 100 1177 200 602 300 842 400
823 0 5 216 0 658 100 1292 200 1477 300 682 400
824 0 5 1392 0 451 100 1402 200 566 300 269 400
825 0 5 181 0 68 100 815 200 164 300 451 400
826 0 5 580 0 537 100 1255 200 1313 300 772 400
827 0 5 1442 0 1163 100 879 200 161 300 1426 400
828 0 5 684 0 978 100 1120 200 269 300 1392 400
829 0 5 1376 0 1034 100 624 200 728 300 56 400
830 0 5 806 0 142 100 832 200 598 300 1321 400
831 0 5 692 0 980 100 1208 200 13 300 697 400
832 0 5 412 0 461 100 830 200 1082 300 493 400
833 0 5 1486 0 1176 100 148 200 225 300 152 400
834 0 5 750 0 172 100 1024 200 358 300 1047 400
835 0 5 518 0 1220 100 600 200 184 300 820 400
836 0 5 262 0 291 100 1322 200 168 300 481 400
837 0 5 1266 0 743 100 775 200 406 300 2 400
838 0 5 770 0 613 100 1439 200 277 300 864 400
839 0 5 558 0 595 100 69 200 1059 300 1500 400
840 0 5 530 0 1343 100 783 200 478 300 1385 400
841 0 5 888 0 593 100 1289 200 246 300 1476 400
842 0 5 432 0 1190 100 602 200 725 300 645 400
843 0 5 1442 0 243 100 1113 200 879 300 1109 400
844 0 5 1035 0 163 100 1203 200 26 300 400 400
845 0 5 122 0 465 100 126 200 621 300 1368 400
846 0 5 1104 0 1408 100 189 200 1337 300 904 400
847 0 5 409 0 101 100 1467 200 688 300 230 400
848 0 5 280 0 1230 100 1355 200 533 300 1198 400
849 0 5 425 0 1149 100 865 200 1063 300 1075 400
850 0 5 516 0 1169 100 557 200 916 300 914 400
851 0 5 153 0 717 100 378 200 155 300 197 400
852 0 5 230 0 721 100 21 200 866 300 418 400
853 0 5 1237 0 102 100 939 200 89 300 618 400
854 0 5 1313 0 67 100 1103 200 1053 300 537 400
855 0 5 1051 0 662 100 649 200 55 300 513 400
856 0 5 1369 0 267 100 1089 200 1296 300 1167 400
857 0 5 1154 0 1401 100 300 200 374 300 700 400
858 0 5 297 0 607 100 214 200 1198 300 1429 400
859 0 5 462 0 408 100 361 200 421 300 1483 400
860 0 5 151 0 496 100 442 200 717 300 1254 400
861 0 5 758 0 1181 100 435 200 7 300 801 400
862 0 5 1029 0 764 100 1470 200 683 300 413 400
863 0 5 1178 0 1185 100 756 200 465 300 122 400
864 0 5 770 0 1404 100 144 200 1032 300 838 400
865 0 5 1063 0 975 100 849 200 27 300 1075 400
866 0 5 571 0 1467 100 230 200 852 300 721 400
867 0 5 889 0 1332 100 266 200 83 300 1335 400
868 0 5 1407 0 1291 100 377 200 1285 300 597 400
869 0 5 362 0 897 100 376 200 554 300 213 400
870 0 5 1217 0 371 100 651 200 278 300 1049 400
871 0 5 816 0 619 100 1263 200 1453 300 551 400
872 0 5 572 0 535 100 903 200 66 300 1472 400
873 0 5 940 0 446 100 1262 200 735 300 529 400
874 0 5 1269 0 900 100 638 200 279 300 720 400
875 0 5 1440 0 247 100 1127 200 283 300 1059 400
876 0 5 817 0 288 100 104 200 1073 300 389 400
877 0 5 716 0 26 100 312 200 400 300 612 400
878 0 5 1091 0 1088 100 1226 200 380 300 791 400
879 0 5 668 0 827 100 1442 200 482 300 843 400
880 0 5 948 0 342 100 569 200 962 300 943 400
881 0 5 1301 0 1484 100 1307 200 1027 300 86 400
882 0 5 516 0 639 100 1304 200 474 300 1279 400
883 0 5 1298 0 513 100 630 200 633 300 219 400
884 0 5 228 0 499 100 438 200 238 300 256 400
885 0 5 1183 0 1111 100 1464 200 718 300 946 400
886 0 5 1255 0 789 100 1135 200 1048 300 979 400
887 0 5 1263 0 695 100 87 200 1453 300 1386 400
888 0 5 246 0 841 100 1417 200 139 300 669 400
889 0 5 1332 0 867 100 737 200 266 300 467 400
890 0 5 1432 0 1206 100 1286 200 186 300 1455 400
891 0 5 636 0 958 100 1223 200 89 300 237 400
892 0 5 106 0 85 100 1375 200 44 300 492 400
893 0 5 907 0 719 100 292 200 124 300 111 400
894 0 5 1208 0 1076 100 1039 200 77 300 13 400
895 0 5 460 0 674 100 37 200 203 300 208 400
896 0 5 1315 0 945 100 786 200 699 300 443 400
897 0 5 869 0 74 100 554 200 314 300 51 400
898 0 5 1380 0 1145 100 390 200 234 300 706 400
899 0 5 135 0 1102 100 543 200 397 300 541 400
900 0 5 132 0 874 100 279 200 388 300 1285 400
901 0 5 332 0 722 100 9 200 340 300 422 400
902 0 5 725 0 708 100 1131 200 645 300 459 400
903 0 5 370 0 1360 100 320 200 872 300 627 400
904 0 5 189 0 1022 100 846 200 180 300 1408 400
905 0 5 447 0 1169 100 1459 200 1289 300 1020 400
906 0 5 1021 0 393 100 471 200 647 300 1414 400
907 0 5 292 0 893 100 719 200 1410 300 940 400
908 0 5 1108 0 1287 100 24 200 328 300 1168 400
909 0 5 1487 0 643 100 1474 200 182 300 536 400
910 0 5 9 0 677 100 268 200 238 300 340 400
911 0 5 1412 0 1171 100 1137 200 1228 300 503 400
912 0 5 992 0 334 100 763 200 56 300 177 400
913 0 5 647 0 755 100 1435 200 1448 300 450 400
914 0 5 916 0 477 100 1417 200 669 300 850 400
915 0 5 997 0 1238 100 517 200 1356 300 434 400
916 0 5 914 0 557 100 850 200 1279 300 516 400
917 0 5 1362 0 1056 100 385 200 470 300 382 400
918 0 5 568 0 532 100 468 200 306 300 296 400
919 0 5 681 0 968 100 61 200 1212 300 36 400
920 0 5 402 0 620 100 329 200 217 300 700 400
921 0 5 5 0 1265 100 1283 200 1368 300 756 400
922 0 5 1168 0 601 100 1325 200 131 300 1096 400
923 0 5 738 0 321 100 812 200 726 300 994 400
924 0 5 547 0 63 100 659 200 1070 300 1482 400
925 0 5 1295 0 1140 100 651 200 136 300 1217 400
926 0 5 1043 0 465 100 998 200 863 300 1259 400
927 0 5 289 0 550 100 1369 200 1334 300 267 400
928 0 5 242 0 784 100 1144 200 771 300 1090 400
929 0 5 110 0 1390 100 52 200 560 300 1078 400
930 0 5 449 0 1080 100 1367 200 1496 300 241 400
931 0 5 73 0 414 100 1156 200 949 300 223 400
932 0 5 799 0 1425 100 210 200 159 300 1330 400
933 0 5 355 0 983 100 1215 200 488 300 1270 400
934 0 5 16 0 145 100 703 200 707 300 179 400
935 0 5 1264 0 796 100 964 200 156 300 31 400
936 0 5 702 0 708 100 1417 200 888 300 902 400
937 0 5 301 0 464 100 198 200 1298 300 1383 400
938 0 5 125 0 1120 100 978 200 162 300 1392 400
939 0 5 102 0 89 100 853 200 1223 300 958 400
940 0 5 873 0 719 100 967 200 1262 300 446 400
941 0 5 360 0 1068 100 1227 200 970 300 1125 400
942 0 5 590 0 1161 100 1443 200 1128 300 1124 400
943 0 5 1328 0 948 100 342 200 1419 300 880 400
944 0 5 248 0 1116 100 264 200 951 300 739 400
945 0 5 1347 0 896 100 786 200 699 300 1099 400
946 0 5 597 0 1137 100 1111 200 885 300 1291 400
947 0 5 1433 0 686 100 352 200 150 300 336 400
948 0 5 880 0 342 100 943 200 962 300 1328 400
949 0 5 30 0 223 100 931 200 328 300 1156 400
950 0 5 503 0 1285 100 388 200 1291 300 1396 400
951 0 5 248 0 1308 100 704 200 147 300 944 400
952 0 5 673 0 96 100 691 200 1451 300 140 400
953 0 5 507 0 537 100 1224 200 1103 300 580 400
954 0 5 820 0 302 100 600 200 625 300 512 400
955 0 5 283 0 1404 100 1032 200 1122 300 235 400
956 0 5 14 0 1058 100 534 200 293 300 112 400
957 0 5 45 0 1296 100 38 200 337 300 1430 400
958 0 5 891 0 1223 100 675 200 1511 300 1510 400
959 0 5 573 0 70 100 34 200 608 300 974 400
960 0 5 293 0 1488 100 112 200 1344 300 1226 400
961 0 5 1294 0 201 100 192 200 486 300 1072 400
962 0 5 1363 0 579 100 239 200 364 300 1393 400
963 0 5 509 0 635 100 1121 200 1374 300 428 400
964 0 5 156 0 263 100 935 200 87 300 796 400
965 0 5 596 0 205 100 576 200 350 300 1446 400
966 0 5 356 0 988 100 306 200 578 300 226 400
967 0 5 671 0 255 100 940 200 111 300 287 400
968 0 5 729 0 919 100 61 200 681 300 1357 400
969 0 5 986 0 542 100 200 200 625 300 643 400
970 0 5 360 0 584 100 169 200 941 300 1068 400
971 0 5 688 0 409 100 1237 200 35 300 692 400
972 0 5 1099 0 379 100 295 200 1347 300 945 400
973 0 5 1136 0 1481 100 366 200 773 300 176 400
974 0 5 34 0 544 100 90 200 1370 300 262 400
975 0 5 472 0 1308 100 865 200 458 300 248 400
976 0 5 1297 0 103 100 441 200 1305 300 1478 400
977 0 5 304 0 1444 100 1456 200 1283 300 82 400
978 0 5 1233 0 828 100 162 200 265 300 1120 400
979 0 5 1135 0 700 100 528 200 886 300 329 400
980 0 5 697 0 831 100 971 200 13 300 692 400
981 0 5 1294 0 201 100 486 200 530 300 961 400
982 0 5 276 0 1454 100 1127 200 235 300 1460 400
983 0 5 749 0 933 100 285 200 355 300 488 400
984 0 5 642 0 110 100 17 200 569 300 318 400
985 0 5 1272 0 1288 100 22 200 1403 300 30 400
986 0 5 200 0 969 100 625 200 542 300 512 400
987 0 5 1300 0 315 100 673 200 1217 300 925 400
988 0 5 966 0 226 100 489 200 306 300 356 400
989 0 5 1012 0 1014 100 1455 200 207 300 1177 400
990 0 5 769 0 1445 100 254 200 751 300 185 400
991 0 5 388 0 1396 100 29 200 61 300 900 400
992 0 5 912 0 128 100 1034 200 177 300 728 400
993 0 5 1199 0 1158 100 410 200 170 300 212 400
994 0 5 738 0 137 100 923 200 321 300 776 400
995 0 5 193 0 405 100 1121 200 1351 300 635 400
996 0 5 641 0 327 100 383 200 324 300 531 400
997 0 5 915 0 517 100 434 200 339 300 250 400
998 0 5 1259 0 926 100 338 200 1043 300 863 400
999 0 5 156 0 788 100 227 200 263 300 512 400
1000 0 5 727 0 484 100 1327 200 215 300 1382 400
1001 0 5 805 0 1039 100 1076 200 609 300 77 400
1002 0 5 1288 0 744 100 740 200 985 300 1403 400
1003 0 5 186 0 1512 100 1513 200 433 300 787 400
1004 0 5 330 0 1497 100 1494 200 1417 300 767 400
1005 0 5 396 0 559 100 530 200 1491 300 1065 400
1006 0 5 18 0 646 100 1213 200 562 300 573 400
1007 0 5 1057 0 116 100 698 200 590 300 1124 400
1008 0 5 343 0 1508 100 1507 200 697 300 622 400
1009 0 5 470 0 1350 100 382 200 678 300 1290 400
1010 0 5 123 0 1312 100 194 200 1143 300 1304 400
1011 0 5 1281 0 240 100 202 200 705 300 650 400
1012 0 5 207 0 989 100 1014 200 1177 300 375 400
1013 0 5 1349 0 1448 100 457 200 1435 300 1042 400
1014 0 5 1455 0 989 100 1012 200 1177 300 1421 400
1015 0 5 749 0 12 100 236 200 346 300 577 400
1016 0 5 611 0 178 100 1028 200 1044 300 303 400
1017 0 5 1134 0 540 100 56 200 1411 300 1188 400
1018 0 5 1184 0 1310 100 1468 200 292 300 1471 400
1019 0 5 306 0 260 100 468 200 966 300 578 400
1020 0 5 1406 0 1459 100 905 200 149 300 1324 400
1021 0 5 906 0 647 100 393 200 913 300 1435 400
1022 0 5 1492 0 189 100 904 200 791 300 1413 400
1023 0 5 1261 0 715 100 440 200 616 300 786 400
1024 0 5 1047 0 172 100 358 200 1457 300 834 400
1025 0 5 158 0 732 100 41 200 399 300 665 400
1026 0 5 93 0 614 100 710 200 277 300 548 400
1027 0 5 303 0 611 100 881 200 1307 300 1484 400
1028 0 5 1044 0 491 100 1016 200 611 300 1316 400
1029 0 5 862 0 683 100 1470 200 43 300 1399 400
1030 0 5 90 0 781 100 27 200 1075 300 974 400
1031 0 5 310 0 1086 100 1057 200 1007 300 1112 400
1032 0 5 144 0 1218 100 955 200 864 300 1045 400
1033 0 5 1339 0 577 100 1267 200 273 300 1054 400
1034 0 5 829 0 128 100 1376 200 992 300 728 400
1035 0 5 844 0 37 100 400 200 26 300 502 400
1036 0 5 485 0 326 100 1045 200 1218 300 1195 400
1037 0 5 437 0 1464 100 108 200 1248 300 885 400
1038 0 5 1069 0 569 100 318 200 642 300 880 400
1039 0 5 1076 0 1001 100 894 200 586 300 1319 400
1040 0 5 1252 0 597 100 445 200 557 300 1111 400
1041 0 5 109 0 193 100 405 200 1462 300 995 400
1042 0 5 1461 0 1515 100 1514 200 76 300 565 400
1043 0 5 926 0 338 100 998 200 863 300 1178 400
1044 0 5 1028 0 1316 100 178 200 1475 300 1016 400
1045 0 5 1122 0 1218 100 1232 200 1036 300 326 400
1046 0 5 581 0 47 100 1261 200 1219 300 1183 400
1047 0 5 1449 0 1024 100 750 200 834 300 274 400
1048 0 5 821 0 528 100 1336 200 886 300 1135 400
1049 0 5 1450 0 1204 100 696 200 278 300 870 400
1050 0 5 450 0 675 100 790 200 1518 300 1517 400
1051 0 5 55 0 855 100 513 200 564 300 662 400
1052 0 5 822 0 332 100 340 200 722 300 99 400
1053 0 5 1103 0 854 100 1428 200 67 300 127 400
1054 0 5 1240 0 818 100 286 200 1267 300 1426 400
1055 0 5 366 0 93 100 1481 200 308 300 1026 400
1056 0 5 470 0 917 100 385 200 1009 300 1102 400
1057 0 5 1007 0 1031 100 616 200 57 300 520 400
1058 0 5 956 0 1405 100 1348 200 1329 300 534 400
1059 0 5 595 0 1195 100 839 200 247 300 1232 400
1060 0 5 1390 0 592 100 1118 200 1403 300 1078 400
1061 0 5 139 0 702 100 1497 200 1417 300 59 400
1062 0 5 42 0 353 100 204 200 327 300 641 400
1063 0 5 331 0 711 100 865 200 849 300 425 400
1064 0 5 1421 0 1432 100 1286 200 649 300 1206 400
1065 0 5 804 0 559 100 1072 200 762 300 1005 400
1066 0 5 52 0 399 100 368 200 732 300 560 400
1067 0 5 20 0 763 100 334 200 1325 300 992 400
1068 0 5 941 0 1227 100 169 200 22 300 970 400
1069 0 5 1038 0 318 100 569 200 709 300 511 400
1070 0 5 39 0 547 100 63 200 924 300 521 400
1071 0 5 685 0 1415 100 1073 200 1244 300 1301 400
1072 0 5 804 0 1247 100 1065 200 201 300 559 400
1073 0 5 95 0 1071 100 288 200 685 300 1244 400
1074 0 5 1303 0 454 100 1319 200 1079 300 807 400
1075 0 5 1149 0 398 100 185 200 865 300 781 400
1076 0 5 894 0 1039 100 1001 200 77 300 1208 400
1077 0 5 1231 0 1358 100 666 200 1270 300 416 400
1078 0 5 1390 0 1403 100 570 200 17 300 1060 400
1079 0 5 546 0 807 100 1303 200 1203 300 1074 400
1080 0 5 1496 0 930 100 676 200 705 300 628 400
1081 0 5 735 0 349 100 214 200 1132 300 255 400
1082 0 5 461 0 75 100 598 200 369 300 1083 400
1083 0 5 806 0 1479 100 1182 200 234 300 598 400
1084 0 5 665 0 667 100 158 200 98 300 1428 400
1085 0 5 653 0 480 100 478 200 783 300 270 400
1086 0 5 1031 0 698 100 1112 200 310 300 1057 400
1087 0 5 1484 0 95 100 1301 200 881 300 1027 400
1088 0 5 878 0 426 100 1226 200 1022 300 1091 400
1089 0 5 652 0 267 100 1359 200 856 300 1167 400
1090 0 5 60 0 78 100 784 200 242 300 928 400
1091 0 5 878 0 380 100 1226 200 791 300 293 400
1092 0 5 656 0 693 100 282 200 1441 300 996 400
1093 0 5 487 0 1311 100 229 200 1427 300 1333 400
1094 0 5 245 0 436 100 1100 200 666 300 1277 400
1095 0 5 1473 0 1201 100 1321 200 745 300 809 400
1096 0 5 1341 0 1168 100 679 200 654 300 1139 400
1097 0 5 21 0 40 100 526 200 495 300 11 400
1098 0 5 582 0 680 100 704 200 1316 300 1305 400
1099 0 5 972 0 166 100 379 200 945 300 1347 400
1100 0 5 1358 0 1214 100 1094 200 666 300 245 400
1101 0 5 107 0 1156 100 679 200 1374 300 509 400
1102 0 5 385 0 135 100 1474 200 899 300 182 400
1103 0 5 1428 0 1053 100 854 200 1313 300 1224 400
1104 0 5 252 0 846 100 1337 200 180 300 189 400
1105 0 5 155 0 285 100 453 200 717 300 299 400
1106 0 5 308 0 1336 100 176 200 1255 300 1055 400
1107 0 5 1504 0 1503 100 1338 200 1003 300 1194 400
1108 0 5 908 0 328 100 1341 200 1168 300 594 400
1109 0 5 243 0 682 100 1113 200 777 300 843 400
1110 0 5 1461 0 456 100 363 200 1042 300 490 400
1111 0 5 1366 0 885 100 946 200 1040 300 1252 400
1112 0 5 1357 0 729 100 730 200 310 300 1086 400
1113 0 5 1477 0 299 100 1109 200 843 300 682 400
1114 0 5 1064 0 649 100 662 200 333 300 1421 400
1115 0 5 496 0 1215 100 1151 200 717 300 860 400
1116 0 5 264 0 944 100 739 200 147 300 951 400
1117 0 5 23 0 1323 100 134 200 1465 300 587 400
1118 0 5 592 0 1060 100 10 200 1403 300 30 400
1119 0 5 57 0 298 100 47 200 1023 300 1261 400
1120 0 5 684 0 938 100 828 200 978 300 162 400
1121 0 5 1351 0 963 100 995 200 635 300 1422 400
1122 0 5 1232 0 1045 100 283 200 1218 300 955 400
1123 0 5 704 0 1375 100 33 200 94 300 892 400
1124 0 5 1161 0 440 100 1023 200 1007 300 590 400
1125 0 5 1227 0 1236 100 1344 200 941 300 1488 400
1126 0 5 1245 0 405 100 1489 200 1431 300 995 400
1127 0 5 1440 0 247 100 235 200 982 300 875 400
1128 0 5 1234 0 1241 100 116 200 1161 300 942 400
1129 0 5 330 0 479 100 1407 200 1494 300 1004 400
1130 0 5 618 0 237 100 1237 200 89 300 121 400
1131 0 5 59 0 1309 100 902 200 459 300 708 400
1132 0 5 297 0 555 100 632 200 1081 300 1429 400
1133 0 5 1472 0 370 100 712 200 629 300 872 400
1134 0 5 1141 0 1017 100 56 200 540 300 391 400
1135 0 5 979 0 528 100 700 200 886 300 789 400
1136 0 5 973 0 773 100 469 200 209 300 1276 400
1137 0 5 946 0 1171 100 1183 200 1412 300 497 400
1138 0 5 1434 0 131 100 407 200 325 300 359 400
1139 0 5 679 0 1374 100 635 200 1096 300 654 400
1140 0 5 315 0 812 100 925 200 673 300 1295 400
1141 0 5 1134 0 736 100 391 200 56 300 540 400
1142 0 5 808 0 1423 100 514 200 340 300 539 400
1143 0 5 1394 0 1304 100 123 200 1275 300 1248 400
1144 0 5 1250 0 771 100 928 200 784 300 485 400
1145 0 5 234 0 1395 100 898 200 1380 300 1182 400
1146 0 5 117 0 565 100 53 200 80 300 1042 400
1147 0 5 3 0 1259 100 1365 200 926 300 863 400
1148 0 5 50 0 79 100 173 200 133 300 638 400
1149 0 5 1075 0 849 100 398 200 865 300 185 400
1150 0 5 92 0 1186 100 231 200 341 300 1269 400
1151 0 5 488 0 1215 100 1115 200 151 300 860 400
1152 0 5 1235 0 814 100 1348 200 1329 300 624 400
1153 0 5 10 0 223 100 1230 200 414 300 30 400
1154 0 5 857 0 272 100 511 200 1401 300 67 400
1155 0 5 381 0 190 100 1211 200 307 300 1471 400
1156 0 5 1101 0 594 100 931 200 679 300 949 400
1157 0 5 1318 0 229 100 475 200 495 300 524 400
1158 0 5 993 0 1199 100 788 200 170 300 1220 400
1159 0 5 1314 0 414 100 931 200 504 300 73 400
1160 0 5 1271 0 466 100 623 200 1176 300 785 400
1161 0 5 1124 0 942 100 1128 200 1007 300 440 400
1162 0 5 791 0 500 100 380 200 1501 300 444 400
1163 0 5 1371 0 827 100 1426 200 53 300 161 400
1164 0 5 1452 0 1353 100 195 200 19 300 1342 400
1165 0 5 472 0 27 100 70 200 248 300 975 400
1166 0 5 1400 0 1187 100 817 200 1247 300 1196 400
1167 0 5 1340 0 115 100 1369 200 1089 300 856 400
1168 0 5 922 0 1341 100 1096 200 1108 300 601 400
1169 0 5 1476 0 850 100 447 200 905 300 452 400
1170 0 5 628 0 754 100 1418 200 1246 300 567 400
1171 0 5 1228 0 911 100 1137 200 439 300 503 400
1172 0 5 148 0 225 100 549 200 1486 300 543 400
1173 0 5 305 0 154 100 1410 200 345 300 65 400
1174 0 5 1181 0 435 100 1249 200 1242 300 494 400
1175 0 5 583 0 336 100 40 200 819 300 1433 400
1176 0 5 833 0 1160 100 1271 200 648 300 32 400
1177 0 5 375 0 207 100 1012 200 1014 300 822 400
1178 0 5 392 0 863 100 338 200 1185 300 1043 400
1179 0 5 273 0 752 100 119 200 245 300 1277 400
1180 0 5 323 0 1491 100 1204 200 270 300 653 400
1181 0 5 435 0 1174 100 861 200 1249 300 758 400
1182 0 5 234 0 1479 100 1083 200 1145 300 1082 400
1183 0 5 885 0 581 100 1137 200 718 300 497 400
1184 0 5 1018 0 64 100 1310 200 1471 300 1468 400
1185 0 5 174 0 768 100 863 200 1178 300 291 400
1186 0 5 1150 0 221 100 341 200 197 300 442 400
1187 0 5 1247 0 1166 100 762 200 804 300 1072 400
1188 0 5 1462 0 325 100 693 200 1411 300 540 400
1189 0 5 742 0 420 100 386 200 650 300 1463 400
1190 0 5 459 0 842 100 432 200 725 300 682 400
1191 0 5 779 0 281 100 1459 200 256 300 795 400
1192 0 5 1439 0 519 100 480 200 838 300 864 400
1193 0 5 428 0 1245 100 1431 200 527 300 1126 400
1194 0 5 1510 0 1509 100 1342 200 333 300 1469 400
1195 0 5 1232 0 485 100 1250 200 1059 300 1144 400
1196 0 5 387 0 798 100 762 200 137 300 634 400
1197 0 5 203 0 1210 100 460 200 609 300 895 400
1198 0 5 533 0 607 100 858 200 1273 300 1230 400
1199 0 5 993 0 212 100 1158 200 410 300 1264 400
1200 0 5 369 0 1479 100 461 200 694 300 1082 400
1201 0 5 1095 0 809 100 1321 200 793 300 1473 400
1202 0 5 1378 0 48 100 404 200 327 300 324 400
1203 0 5 807 0 612 100 1079 200 26 300 844 400
1204 0 5 401 0 1049 100 696 200 1180 300 323 400
1205 0 5 1431 0 54 100 48 200 1489 300 1378 400
1206 0 5 1432 0 186 100 890 200 199 300 1286 400
1207 0 5 515 0 754 100 724 200 628 300 510 400
1208 0 5 894 0 13 100 831 200 692 300 1039 400
1209 0 5 232 0 710 100 1385 200 277 300 614 400
1210 0 5 609 0 1197 100 203 200 77 300 187 400
1211 0 5 190 0 1471 100 1155 200 64 300 307 400
1212 0 5 1257 0 8 100 1357 200 298 300 919 400
1213 0 5 562 0 507 100 1006 200 608 300 1224 400
1214 0 5 6 0 631 100 1100 200 752 300 1094 400
1215 0 5 1115 0 1151 100 933 200 488 300 496 400
1216 0 5 256 0 290 100 795 200 339 300 517 400
1217 0 5 651 0 1300 100 1251 200 870 300 925 400
1218 0 5 1032 0 1045 100 1430 200 326 300 144 400
1219 0 5 715 0 1315 100 1261 200 1023 300 1046 400
1220 0 5 578 0 835 100 518 200 1158 300 170 400
1221 0 5 482 0 12 100 236 200 286 300 577 400
1222 0 5 78 0 706 100 390 200 797 300 733 400
1223 0 5 1502 0 1 100 958 200 939 300 102 400
1224 0 5 507 0 953 100 1103 200 271 300 1428 400
1225 0 5 312 0 1389 100 612 200 400 300 877 400
1226 0 5 534 0 293 100 1091 200 1088 300 960 400
1227 0 5 1125 0 1236 100 1068 200 941 300 24 400
1228 0 5 1171 0 1282 100 439 200 911 300 29 400
1229 0 5 714 0 1364 100 133 200 173 300 427 400
1230 0 5 10 0 848 100 1153 200 1355 300 1198 400
1231 0 5 416 0 1077 100 1358 200 1270 300 666 400
1232 0 5 1122 0 1195 100 1045 200 485 300 1059 400
1233 0 5 265 0 978 100 162 200 257 300 615 400
1234 0 5 116 0 1128 100 1241 200 1443 300 1007 400
1235 0 5 1466 0 814 100 1152 200 785 300 1306 400
1236 0 5 24 0 1125 100 1227 200 601 300 1344 400
1237 0 5 853 0 121 100 971 200 89 300 1130 400
1238 0 5 1239 0 915 100 1356 200 1383 300 198 400
1239 0 5 1238 0 670 100 1383 200 198 300 915 400
1240 0 5 577 0 1054 100 1267 200 1033 300 286 400
1241 0 5 1443 0 1128 100 1234 200 1007 300 116 400
1242 0 5 322 0 351 100 100 200 1174 300 1249 400
1243 0 5 211 0 218 100 575 200 701 300 521 400
1244 0 5 1398 0 1415 100 209 200 1071 300 1073 400
1245 0 5 1193 0 1126 100 428 200 1431 300 405 400
1246 0 5 1418 0 567 100 1487 200 1170 300 263 400
1247 0 5 1187 0 762 100 1072 200 804 300 1166 400
1248 0 5 140 0 108 100 437 200 1394 300 1451 400
1249 0 5 179 0 1174 100 1280 200 545 300 322 400
1250 0 5 1144 0 485 100 1195 200 1036 300 1045 400
1251 0 5 1275 0 1437 100 1217 200 1300 300 1451 400
1252 0 5 1279 0 1040 100 557 200 1111 300 474 400
1253 0 5 495 0 664 100 1318 200 11 300 1157 400
1254 0 5 442 0 146 100 860 200 197 300 319 400
1255 0 5 886 0 141 100 826 200 1106 300 176 400
1256 0 5 1386 0 81 100 1453 200 120 300 695 400
1257 0 5 520 0 1212 100 1357 200 1112 300 310 400
1258 0 5 785 0 623 100 814 200 648 300 1160 400
1259 0 5 998 0 1147 100 926 200 1043 300 1365 400
1260 0 5 179 0 1469 100 16 200 1280 300 196 400
1261 0 5 1023 0 47 100 715 200 1046 300 1219 400
1262 0 5 529 0 1438 100 747 200 940 300 873 400
1263 0 5 887 0 871 100 619 200 724 300 510 400
1264 0 5 212 0 935 100 31 200 1199 300 796 400
1265 0 5 756 0 921 100 1368 200 122 300 863 400
1266 0 5 837 0 775 100 2 200 406 300 761 400
1267 0 5 91 0 1033 100 818 200 1054 300 224 400
1268 0 5 285 0 236 100 668 200 299 300 482 400
1269 0 5 874 0 720 100 765 200 231 300 61 400
1270 0 5 416 0 355 100 666 200 933 300 488 400
1271 0 5 466 0 1160 100 476 200 39 300 1176 400
1272 0 5 506 0 985 100 30 200 22 300 1288 400
1273 0 5 607 0 1373 100 1198 200 858 300 320 400
1274 0 5 1490 0 352 100 83 200 471 300 266 400
1275 0 5 1451 0 1251 100 1437 200 123 300 1143 400
1276 0 5 794 0 1416 100 773 200 423 300 1136 400
1277 0 5 1339 0 245 100 436 200 1179 300 1094 400
1278 0 5 167 0 815 100 363 200 68 300 1293 400
1279 0 5 1252 0 557 100 516 200 850 300 474 400
1280 0 5 129 0 810 100 690 200 1249 300 179 400
1281 0 5 1011 0 1367 100 449 200 202 300 240 400
1282 0 5 439 0 1228 100 8 200 36 300 497 400
1283 0 5 304 0 921 100 64 200 5 300 1456 400
1284 0 5 278 0 651 100 136 200 1450 300 1049 400
1285 0 5 377 0 950 100 388 200 1291 300 900 400
1286 0 5 1455 0 1432 100 890 200 1206 300 1421 400
1287 0 5 908 0 24 100 601 200 1108 300 1236 400
1288 0 5 1002 0 985 100 740 200 1403 300 744 400
1289 0 5 841 0 677 100 593 200 365 300 905 400
1290 0 5 1350 0 408 100 220 200 1480 300 1330 400
1291 0 5 868 0 950 100 503 200 1285 300 1412 400
1292 0 5 823 0 216 100 658 200 682 300 1477 400
1293 0 5 316 0 68 100 167 200 406 300 761 400
1294 0 5 981 0 961 100 486 200 201 300 431 400
1295 0 5 812 0 925 100 1140 200 136 300 651 400
1296 0 5 267 0 957 100 856 200 45 300 1369 400
1297 0 5 976 0 1305 100 441 200 86 300 685 400
1298 0 5 883 0 633 100 1383 200 937 300 58 400
1299 0 5 1397 0 800 100 701 200 211 300 1482 400
1300 0 5 987 0 1217 100 1251 200 1451 300 96 400
1301 0 5 881 0 1484 100 1307 200 685 300 86 400
1302 0 5 532 0 655 100 376 200 296 300 554 400
1303 0 5 546 0 1074 100 454 200 1079 300 253 400
1304 0 5 639 0 1143 100 882 200 1312 300 508 400
1305 0 5 1316 0 1297 100 86 200 33 300 1098 400
1306 0 5 419 0 4 100 394 200 1466 300 1235 400
1307 0 5 86 0 881 100 491 200 1301 300 1027 400
1308 0 5 975 0 951 100 1475 200 458 300 680 400
1309 0 5 258 0 1131 100 767 200 459 300 59 400
1310 0 5 1468 0 1018 100 1184 200 292 300 1173 400
1311 0 5 1333 0 1093 100 1427 200 487 300 229 400
1312 0 5 194 0 1010 100 1304 200 508 300 1143 400
1313 0 5 537 0 854 100 1103 200 67 300 826 400
1314 0 5 1159 0 504 100 317 200 73 300 414 400
1315 0 5 896 0 1219 100 715 200 443 300 786 400
1316 0 5 1044 0 1305 100 582 200 1098 300 680 400
1317 0 5 429 0 1340 100 130 200 1369 300 1167 400
1318 0 5 1157 0 495 100 1253 200 524 300 664 400
1319 0 5 253 0 586 100 1074 200 1039 300 101 400
1320 0 5 632 0 560 100 175 200 599 300 555 400
1321 0 5 809 0 1201 100 830 200 493 300 142 400
1322 0 5 481 0 381 100 262 200 603 300 291 400
1323 0 5 587 0 1117 100 1465 200 134 300 84 400
1324 0 5 417 0 38 100 574 200 249 300 45 400
1325 0 5 131 0 20 100 1067 200 922 300 334 400
1326 0 5 271 0 608 100 562 200 507 300 1224 400
1327 0 5 252 0 1382 100 180 200 484 300 1337 400
1328 0 5 943 0 390 100 1419 200 1380 300 948 400
1329 0 5 1372 0 1348 100 1152 200 1058 300 1235 400
1330 0 5 421 0 1425 100 932 200 1290 300 462 400
1331 0 5 1335 0 15 100 265 200 257 300 1447 400
1332 0 5 889 0 266 100 867 200 737 300 83 400
1333 0 5 1311 0 487 100 1427 200 615 300 311 400
1334 0 5 610 0 550 100 927 200 1430 300 144 400
1335 0 5 257 0 1331 100 867 200 1333 300 615 400
1336 0 5 821 0 1106 100 483 200 548 300 1048 400
1337 0 5 1408 0 1382 100 846 200 1104 300 1327 400
1338 0 5 1506 0 1505 100 333 200 1194 300 1003 400
1339 0 5 1033 0 1277 100 273 200 1267 300 577 400
1340 0 5 1167 0 1317 100 429 200 115 300 746 400
1341 0 5 594 0 1096 100 1168 200 1108 300 679 400
1342 0 5 129 0 1194 100 344 200 1452 300 1164 400
1343 0 5 840 0 1354 100 530 200 783 300 1398 400
1344 0 5 1488 0 112 100 1125 200 1236 300 960 400
1345 0 5 723 0 1392 100 2 200 566 300 824 400
1346 0 5 670 0 274 100 438 200 256 300 1449 400
1347 0 5 589 0 945 100 295 200 972 300 1099 400
1348 0 5 1329 0 1152 100 624 200 1058 300 728 400
1349 0 5 1013 0 457 100 181 200 588 300 1448 400
1350 0 5 1009 0 448 100 1290 200 408 300 678 400
1351 0 5 1422 0 1121 100 995 200 405 300 527 400
1352 0 5 185 0 398 100 751 200 1075 300 1149 400
1353 0 5 384 0 1452 100 1164 200 553 300 195 400
1354 0 5 1398 0 1481 100 1343 200 1136 300 469 400
1355 0 5 599 0 848 100 1230 200 10 300 280 400
1356 0 5 771 0 1238 100 434 200 915 300 1144 400
1357 0 5 1112 0 729 100 1212 200 1257 300 310 400
1358 0 5 1077 0 1100 100 666 200 1231 300 1094 400
1359 0 5 115 0 149 100 1089 200 746 300 1406 400
1360 0 5 370 0 903 100 802 200 320 300 629 400
1361 0 5 112 0 177 100 601 200 1405 300 128 400
1362 0 5 1463 0 917 100 536 200 143 300 385 400
1363 0 5 962 0 782 100 880 200 579 300 943 400
1364 0 5 1493 0 173 100 1229 200 79 300 1485 400
1365 0 5 465 0 126 100 3 200 845 300 1147 400
1366 0 5 474 0 1111 100 108 200 639 300 885 400
1367 0 5 551 0 1281 100 930 200 241 300 816 400
1368 0 5 621 0 1456 100 122 200 1265 300 756 400
1369 0 5 856 0 1317 100 1167 200 927 300 1340 400
1370 0 5 544 0 262 100 1322 200 974 300 90 400
1371 0 5 1163 0 53 100 1426 200 1146 300 827 400
1372 0 5 1329 0 394 100 1058 200 793 300 1348 400
1373 0 5 1273 0 627 100 320 200 607 300 1198 400
1374 0 5 635 0 1139 100 509 200 679 300 963 400
1375 0 5 94 0 1123 100 892 200 492 300 85 400
1376 0 5 829 0 1034 100 624 200 56 300 32 400
1377 0 5 705 0 313 100 386 200 202 300 1080 400
1378 0 5 1202 0 48 100 404 200 54 300 1431 400
1379 0 5 640 0 287 100 111 200 124 300 62 400
1380 0 5 898 0 1419 100 1328 200 1145 300 943 400
1381 0 5 374 0 300 100 511 200 782 300 217 400
1382 0 5 1327 0 1337 100 642 200 569 300 1000 400
1383 0 5 58 0 1298 100 1239 200 198 300 1238 400
1384 0 5 672 0 269 100 451 200 606 300 824 400
1385 0 5 232 0 783 100 1209 200 480 300 1343 400
1386 0 5 1256 0 120 100 1453 200 695 300 87 400
1387 0 5 311 0 615 100 162 200 1333 300 257 400
1388 0 5 463 0 367 100 703 200 707 300 1446 400
1389 0 5 165 0 1225 100 240 200 202 300 400 400
1390 0 5 1060 0 1078 100 560 200 929 300 1403 400
1391 0 5 282 0 324 100 748 200 1092 300 996 400
1392 0 5 1345 0 824 100 566 200 684 300 828 400
1393 0 5 239 0 579 100 1500 200 505 300 962 400
1394 0 5 108 0 1143 100 1248 200 1304 300 1275 400
1395 0 5 501 0 1145 100 1413 200 261 300 806 400
1396 0 5 29 0 991 100 503 200 950 300 36 400
1397 0 5 1299 0 800 100 205 200 701 300 1483 400
1398 0 5 1244 0 1354 100 1343 200 209 300 469 400
1399 0 5 43 0 764 100 413 200 188 300 683 400
1400 0 5 387 0 1166 100 762 200 798 300 137 400
1401 0 5 789 0 857 100 67 200 1154 300 700 400
1402 0 5 566 0 761 100 824 200 451 300 68 400
1403 0 5 1078 0 1060 100 592 200 1288 300 985 400
1404 0 5 955 0 235 100 770 200 864 300 838 400
1405 0 5 522 0 1058 100 534 200 112 300 1361 400
1406 0 5 1020 0 149 100 585 200 1359 300 357 400
1407 0 5 868 0 377 100 1129 200 479 300 1420 400
1408 0 5 1419 0 1337 100 846 200 342 300 1382 400
1409 0 5 473 0 538 100 116 200 1112 300 61 400
1410 0 5 529 0 292 100 1173 200 305 300 907 400
1411 0 5 359 0 1188 100 1017 200 56 300 1462 400
1412 0 5 911 0 503 100 1137 200 1291 300 1396 400
1413 0 5 261 0 501 100 1492 200 1395 300 1022 400
1414 0 5 606 0 393 100 471 200 588 300 672 400
1415 0 5 685 0 1071 100 1244 200 209 300 441 400
1416 0 5 1276 0 794 100 423 200 773 300 106 400
1417 0 5 139 0 1494 100 888 200 1061 300 936 400
1418 0 5 1246 0 263 100 1487 200 1170 300 567 400
1419 0 5 1408 0 1380 100 1328 200 943 300 390 400
1420 0 5 377 0 1485 100 173 200 222 300 479 400
1421 0 5 1064 0 1423 100 514 200 1014 300 1455 400
1422 0 5 527 0 1351 100 1121 200 405 300 963 400
1423 0 5 1421 0 1142 100 539 200 514 300 358 400
1424 0 5 629 0 747 100 154 200 712 300 345 400
1425 0 5 1330 0 932 100 421 200 859 300 462 400
1426 0 5 117 0 286 100 818 200 1054 300 1163 400
1427 0 5 780 0 1333 100 1311 200 467 300 229 400
1428 0 5 1103 0 667 100 1053 200 1084 300 1224 400
1429 0 5 555 0 297 100 280 200 858 300 1132 400
1430 0 5 1218 0 326 100 957 200 1334 300 144 400
1431 0 5 1205 0 1489 100 1193 200 1126 300 48 400
1432 0 5 1206 0 1286 100 890 200 186 300 199 400
1433 0 5 947 0 336 100 664 200 737 300 1175 400
1434 0 5 407 0 1138 100 654 200 325 300 1462 400
1435 0 5 588 0 1448 100 913 200 647 300 1021 400
1436 0 5 147 0 772 100 141 200 739 300 580 400
1437 0 5 123 0 1251 100 1275 200 371 300 194 400
1438 0 5 747 0 1262 100 529 200 1410 300 305 400
1439 0 5 1192 0 838 100 519 200 480 300 864 400
1440 0 5 875 0 1127 100 247 200 283 300 235 400
1441 0 5 430 0 656 100 1092 200 1489 300 282 400
1442 0 5 827 0 843 100 879 200 161 300 243 400
1443 0 5 1241 0 590 100 942 200 1128 300 1007 400
1444 0 5 82 0 977 100 1498 200 345 300 1468 400
1445 0 5 751 0 338 100 990 200 769 300 254 400
1446 0 5 205 0 463 100 1388 200 1397 300 367 400
1447 0 5 265 0 269 100 606 200 15 300 1331 400
1448 0 5 1013 0 1435 100 1515 200 755 300 1516 400
1449 0 5 1047 0 274 100 1346 200 670 300 1383 400
1450 0 5 1049 0 323 100 766 200 278 300 136 400
1451 0 5 1275 0 140 100 96 200 1251 300 1300 400
1452 0 5 1353 0 1164 100 129 200 810 300 49 400
1453 0 5 695 0 1386 100 871 200 1256 300 887 400
1454 0 5 46 0 276 100 235 200 1460 300 982 400
1455 0 5 1286 0 1014 100 989 200 1432 300 1421 400
1456 0 5 621 0 1368 100 304 200 977 300 1283 400
1457 0 5 1024 0 172 100 1047 200 834 300 513 400
1458 0 5 130 0 401 100 696 200 1317 300 1340 400
1459 0 5 779 0 1020 100 905 200 1191 300 249 400
1460 0 5 46 0 276 100 483 200 1454 300 251 400
1461 0 5 1110 0 1042 100 363 200 490 300 76 400
1462 0 5 109 0 1188 100 325 200 1411 300 193 400
1463 0 5 1362 0 386 100 536 200 313 300 676 400
1464 0 5 1037 0 437 100 626 200 885 300 718 400
1465 0 5 1323 0 1117 100 627 200 134 300 587 400
1466 0 5 1235 0 4 100 63 200 785 300 1306 400
1467 0 5 866 0 294 100 230 200 847 300 409 400
1468 0 5 1310 0 65 100 1018 200 1184 300 292 400
1469 0 5 16 0 1260 100 344 200 335 300 129 400
1470 0 5 691 0 699 100 443 200 862 300 764 400
1471 0 5 64 0 1211 100 1184 200 190 300 1155 400
1472 0 5 712 0 1133 100 535 200 872 300 84 400
1473 0 5 1095 0 745 100 351 200 1201 300 493 400
1474 0 5 135 0 182 100 1102 200 909 300 385 400
1475 0 5 689 0 178 100 1308 200 680 300 1044 400
1476 0 5 1169 0 477 100 593 200 850 300 669 400
1477 0 5 1113 0 682 100 713 200 1292 300 453 400
1478 0 5 794 0 44 100 106 200 103 300 423 400
1479 0 5 1200 0 1083 100 1182 200 694 300 461 400
1480 0 5 220 0 259 100 208 200 1290 300 105 400
1481 0 5 973 0 1354 100 366 200 1055 300 1136 400
1482 0 5 701 0 521 100 924 200 659 300 1299 400
1483 0 5 361 0 367 100 800 200 813 300 859 400
1484 0 5 1087 0 881 100 1301 200 1027 300 1073 400
1485 0 5 222 0 1420 100 173 200 479 300 767 400
1486 0 5 148 0 833 100 811 200 1172 300 152 400
1487 0 5 909 0 567 100 643 200 1246 300 628 400
1488 0 5 1344 0 960 100 112 200 360 300 1125 400
1489 0 5 1431 0 430 100 656 200 1441 300 1126 400
1490 0 5 1274 0 83 100 471 200 15 300 266 400
1491 0 5 634 0 1180 100 270 200 396 300 137 400
1492 0 5 1022 0 261 100 1413 200 189 300 1395 400
1493 0 5 133 0 79 100 1364 200 1229 300 173 400
1494 0 5 445 0 1417 100 1129 200 1004 300 330 400
1495 0 5 455 0 161 100 199 200 53 300 1163 400
1496 0 5 1080 0 241 100 930 200 510 300 628 400
1497 0 5 1004 0 767 100 1061 200 59 300 1417 400
1498 0 5 82 0 345 100 1444 200 65 300 712 400
1499 0 5 603 0 768 100 174 200 1185 300 481 400
1500 0 5 69 0 595 100 364 200 1393 300 239 400
1501 0 5 584 0 380 100 970 200 500 300 1162 400
1502 0 5 1223 0 790 100 395 200 890 300 145 400
1503 0 5 790 0 1107 100 395 200 890 300 145 400
1504 0 5 344 0 1107 100 395 200 890 300 145 400
1505 0 5 344 0 1338 100 395 200 890 300 145 400
1506 0 5 1338 0 335 100 395 200 890 300 145 400
1507 0 5 335 0 1008 100 395 200 890 300 145 400
1508 0 5 76 0 1008 100 395 200 890 300 145 400
1509 0 5 76 0 1194 100 395 200 890 300 145 400
1510 0 5 1194 0 958 100 395 200 890 300 145 400
1511 0 5 755 0 958 100 395 200 890 300 145 400
1512 0 5 1003 0 755 100 395 200 890 300 145 400
1513 0 5 1003 0 354 100 395 200 890 300 145 400
1514 0 5 354 0 1042 100 395 200 890 300 145 400
1515 0 5 1448 0 1042 100 395 200 890 300 145 400
1516 0 5 1448 0 433 100 395 200 890 300 145 400
1517 0 5 433 0 1050 100 395 200 890 300 145 400
1518 0 5 1050 0 450 100 395 200 890 300 145 400
1519 0 5 102 0 450 100 395 200 890 300 145 400
1520 0 5 102 0 565 100 395 200 890 300 145 400
1521 0 5 565 0 80 100 395 200 890 300 145 400
1522 0 5 80 0 799 100 395 200 890 300 145 400
1523 0 5 1461 0 799 100 395 200 890 300 145 400
1524 0 5 1461 0 186 100 395 200 890 300 145 400
1525 0 5 787 0 186 100 395 200 890 300 145 400
1526 0 5 787 0 523 100 395 200 890 300 145 400
1527 0 5 1342 0 523 100 395 200 890 300 145 400
1528 0 5 159 0 1342 100 395 200 890 300 145 400
1529 0 5 159 0 199 100 145 200 890 300 395 400
1530 0 5 697 0 199 100 145 200 890 300 395 400
1531 0 5 196 0 697 100 145 200 890 300 395 400
1532 0 5 196 0 1469 100 145 200 890 300 395 400
1533 0 5 1469 0 343 100 145 200 890 300 395 400
1534 0 5 939 0 343 100 145 200 890 300 395 400
1535 0 5 1013 0 939 100 145 200 890 300 395 400
1536 0 5 333 0 1013 100 145 200 890 300 395 400
1537 0 5 333 0 145 100 13 200 890 300 395 400
1538 0 5 675 0 13 100 145 200 890 300 1206 400
1539 0 5 891 0 675 100 145 200 890 300 1206 400
1540 0 5 622 0 145 100 890 200 891 300 395 400
-1
EOF
