1540
1 0 5 1421 0 1499 100 1131 200 176 300 1462 400
2 0 5 140 0 94 100 967 200 1056 300 217 400
3 0 5 932 0 355 100 29 200 1061 300 1439 400
4 0 5 1051 0 1241 100 1061 200 311 300 3 400
5 0 5 1172 0 634 100 745 200 625 300 1083 400
6 0 5 277 0 480 100 201 200 1250 300 922 400
7 0 5 128 0 613 100 161 200 204 300 112 400
8 0 5 221 0 1183 100 26 200 1276 300 843 400
9 0 5 204 0 82 100 953 200 161 300 1079 400
10 0 5 15 0 1140 100 104 200 589 300 726 400
11 0 5 1188 0 734 100 235 200 631 300 107 400
12 0 5 1370 0 1061 100 1338 200 446 300 29 400
13 0 5 786 0 229 100 1294 200 870 300 46 400
14 0 5 1139 0 121 100 559 200 884 300 461 400
15 0 5 726 0 10 100 104 200 800 300 565 400
16 0 5 951 0 530 100 691 200 917 300 756 400
17 0 5 880 0 656 100 201 200 1277 300 982 400
18 0 5 1399 0 665 100 1002 200 507 300 791 400
19 0 5 553 0 1389 100 312 200 155 300 859 400
20 0 5 1300 0 1432 100 443 200 651 300 1282 400
21 0 5 841 0 1364 100 1199 200 454 300 824 400
22 0 5 998 0 1325 100 532 200 340 300 775 400
23 0 5 257 0 397 100 1308 200 779 300 729 400
24 0 5 1100 0 519 100 552 200 732 300 407 400
25 0 5 317 0 1034 100 849 200 1032 300 423 400
26 0 5 1183 0 316 100 8 200 843 300 230 400
27 0 5 68 0 665 100 1158 200 1430 300 791 400
28 0 5 521 0 781 100 1090 200 242 300 855 400
29 0 5 698 0 1288 100 355 200 3 300 1280 400
30 0 5 1234 0 546 100 1476 200 1347 300 319 400
31 0 5 646 0 657 100 489 200 1353 300 315 400
32 0 5 261 0 1055 100 823 200 436 300 172 400
33 0 5 730 0 1006 100 279 200 58 300 1255 400
34 0 5 391 0 171 100 475 200 924 300 426 400
35 0 5 566 0 1040 100 577 200 1028 300 1414 400
36 0 5 1292 0 1365 100 512 200 1032 300 407 400
37 0 5 1217 0 260 100 975 200 259 300 293 400
38 0 5 1483 0 280 100 873 200 371 300 179 400
39 0 5 1050 0 641 100 910 200 1110 300 862 400
40 0 5 104 0 212 100 1343 200 15 300 10 400
41 0 5 173 0 1119 100 433 200 596 300 281 400
42 0 5 1450 0 659 100 1200 200 655 300 985 400
43 0 5 1456 0 582 100 793 200 847 300 1402 400
44 0 5 246 0 56 100 773 200 409 300 991 400
45 0 5 745 0 327 100 996 200 1459 300 984 400
46 0 5 273 0 1294 100 304 200 1165 300 870 400
47 0 5 607 0 52 100 976 200 1053 300 1471 400
48 0 5 1375 0 671 100 957 200 780 300 1012 400
49 0 5 1212 0 737 100 1079 200 1128 300 401 400
50 0 5 1429 0 1376 100 790 200 323 300 900 400
51 0 5 1154 0 153 100 241 200 719 300 88 400
52 0 5 1053 0 976 100 47 200 256 300 1073 400
53 0 5 1141 0 1278 100 1265 200 1133 300 449 400
54 0 5 547 0 110 100 586 200 946 300 276 400
55 0 5 434 0 1467 100 485 200 703 300 455 400
56 0 5 1192 0 44 100 246 200 579 300 409 400
57 0 5 1264 0 1134 100 254 200 666 300 1128 400
58 0 5 1006 0 940 100 195 200 1303 300 1255 400
59 0 5 906 0 883 100 428 200 1135 300 516 400
60 0 5 1024 0 518 100 1465 200 1269 300 450 400
61 0 5 1427 0 1298 100 468 200 456 300 1052 400
62 0 5 798 0 202 100 1436 200 386 300 335 400
63 0 5 456 0 1258 100 427 200 393 300 1363 400
64 0 5 1039 0 1193 100 1268 200 733 300 206 400
65 0 5 1255 0 764 100 1045 200 906 300 1006 400
66 0 5 1158 0 880 100 656 200 415 300 247 400
67 0 5 447 0 555 100 300 200 432 300 645 400
68 0 5 27 0 791 100 415 200 251 300 1158 400
69 0 5 1474 0 1441 100 614 200 1339 300 981 400
70 0 5 154 0 302 100 545 200 1075 300 448 400
71 0 5 418 0 968 100 760 200 595 300 1334 400
72 0 5 481 0 556 100 106 200 539 300 1243 400
73 0 5 630 0 627 100 661 200 504 300 815 400
74 0 5 1071 0 1253 100 889 200 1308 300 397 400
75 0 5 715 0 199 100 1451 200 296 300 902 400
76 0 5 636 0 197 100 1449 200 81 300 1472 400
77 0 5 367 0 483 100 1403 200 1384 300 1470 400
78 0 5 687 0 1315 100 1440 200 825 300 1035 400
79 0 5 1356 0 1455 100 710 200 648 300 1240 400
80 0 5 1362 0 618 100 217 200 1386 300 1114 400
81 0 5 1097 0 116 100 987 200 197 300 76 400
82 0 5 1079 0 953 100 9 200 571 300 737 400
83 0 5 163 0 827 100 235 200 871 300 189 400
84 0 5 1496 0 101 100 979 200 676 300 740 400
85 0 5 1104 0 1440 100 836 200 569 300 1313 400
86 0 5 402 0 841 100 1498 200 321 300 1267 400
87 0 5 429 0 477 100 1406 200 709 300 1223 400
88 0 5 241 0 1213 100 719 200 1460 300 781 400
89 0 5 468 0 456 100 975 200 1427 300 1298 400
90 0 5 108 0 1322 100 414 200 955 300 509 400
91 0 5 292 0 441 100 1477 200 850 300 674 400
92 0 5 828 0 487 100 1271 200 727 300 476 400
93 0 5 1143 0 501 100 753 200 836 300 371 400
94 0 5 2 0 1493 100 217 200 968 300 967 400
95 0 5 1162 0 792 100 664 200 1177 300 1046 400
96 0 5 427 0 1363 100 1430 200 1158 300 203 400
97 0 5 1468 0 1220 100 478 200 785 300 162 400
98 0 5 814 0 740 100 101 200 467 300 343 400
99 0 5 469 0 1495 100 964 200 210 300 1229 400
100 0 5 961 0 1312 100 844 200 1029 300 265 400
101 0 5 740 0 84 100 1496 200 979 300 98 400
102 0 5 1205 0 207 100 186 200 1426 300 725 400
103 0 5 830 0 1117 100 211 200 1164 300 1252 400
104 0 5 40 0 1357 100 10 200 15 300 1343 400
105 0 5 700 0 524 100 193 200 904 300 776 400
106 0 5 1287 0 72 100 695 200 602 300 556 400
107 0 5 734 0 1004 100 1423 200 1040 300 11 400
108 0 5 509 0 90 100 958 200 955 300 1322 400
109 0 5 1165 0 1368 100 182 200 1154 300 1194 400
110 0 5 717 0 946 100 54 200 586 300 547 400
111 0 5 169 0 994 100 1347 200 392 300 1166 400
112 0 5 1359 0 161 100 613 200 563 300 808 400
113 0 5 1047 0 1167 100 382 200 495 300 1065 400
114 0 5 633 0 653 100 878 200 586 300 460 400
115 0 5 634 0 754 100 1172 200 192 300 775 400
116 0 5 1244 0 605 100 81 200 451 300 598 400
117 0 5 1037 0 1404 100 728 200 380 300 620 400
118 0 5 298 0 652 100 1091 200 1092 300 856 400
119 0 5 336 0 1117 100 876 200 1116 300 1164 400
120 0 5 167 0 1058 100 1168 200 1077 300 810 400
121 0 5 1139 0 14 100 1510 200 1509 300 559 400
122 0 5 647 0 347 100 1108 200 1113 300 218 400
123 0 5 238 0 464 100 1136 200 515 300 537 400
124 0 5 829 0 999 100 1181 200 1351 300 1257 400
125 0 5 617 0 933 100 437 200 1449 300 1382 400
126 0 5 1347 0 1166 100 735 200 1469 300 1401 400
127 0 5 1471 0 934 100 359 200 1466 300 564 400
128 0 5 953 0 7 100 204 200 82 300 1079 400
129 0 5 971 0 496 100 262 200 1481 300 1274 400
130 0 5 344 0 394 100 282 200 486 300 886 400
131 0 5 378 0 1458 100 1354 200 1319 300 1373 400
132 0 5 1031 0 1485 100 1466 200 852 300 1017 400
133 0 5 997 0 907 100 1271 200 1243 300 828 400
134 0 5 692 0 984 100 1438 200 774 300 660 400
135 0 5 1345 0 1387 100 349 200 548 300 385 400
136 0 5 474 0 461 100 413 200 1499 300 980 400
137 0 5 473 0 144 100 1216 200 1331 300 236 400
138 0 5 402 0 947 100 1267 200 1074 300 350 400
139 0 5 1033 0 1225 100 309 200 957 300 671 400
140 0 5 362 0 2 100 1056 200 470 300 94 400
141 0 5 368 0 1461 100 373 200 686 300 1096 400
142 0 5 1407 0 629 100 325 200 472 300 950 400
143 0 5 1159 0 1321 100 782 200 331 300 1027 400
144 0 5 1331 0 1216 100 137 200 421 300 720 400
145 0 5 1323 0 618 100 247 200 1362 300 80 400
146 0 5 332 0 640 100 1335 200 869 300 1149 400
147 0 5 1238 0 932 100 1439 200 3 300 355 400
148 0 5 1218 0 725 100 207 200 1481 300 186 400
149 0 5 312 0 1391 100 809 200 155 300 789 400
150 0 5 349 0 385 100 288 200 548 300 930 400
151 0 5 1122 0 1173 100 859 200 1446 300 832 400
152 0 5 1227 0 1270 100 237 200 822 300 185 400
153 0 5 241 0 51 100 1256 200 545 300 88 400
154 0 5 1014 0 70 100 1075 200 681 300 1038 400
155 0 5 544 0 954 100 1391 200 859 300 19 400
156 0 5 388 0 851 100 1473 200 1012 300 383 400
157 0 5 793 0 1402 100 980 200 1421 300 1233 400
158 0 5 1125 0 1425 100 945 200 1050 300 542 400
159 0 5 748 0 1398 100 582 200 847 300 214 400
160 0 5 893 0 1484 100 986 200 868 300 609 400
161 0 5 204 0 112 100 7 200 9 300 563 400
162 0 5 978 0 713 100 705 200 478 300 223 400
163 0 5 205 0 83 100 871 200 189 300 867 400
164 0 5 568 0 1066 100 1328 200 1407 300 751 400
165 0 5 707 0 222 100 290 200 379 300 864 400
166 0 5 577 0 1151 100 1040 200 1004 300 35 400
167 0 5 936 0 120 100 1058 200 810 300 233 400
168 0 5 866 0 358 100 210 200 1415 300 1087 400
169 0 5 111 0 1476 100 392 200 1347 300 994 400
170 0 5 1199 0 756 100 1364 200 1383 300 1186 400
171 0 5 475 0 34 100 1110 200 9 300 187 400
172 0 5 560 0 360 100 372 200 32 300 1055 400
173 0 5 41 0 596 100 1392 200 433 300 1003 400
174 0 5 1109 0 973 100 894 200 838 300 584 400
175 0 5 471 0 1412 100 819 200 274 300 840 400
176 0 5 615 0 351 100 619 200 838 300 1296 400
177 0 5 539 0 1170 100 267 200 591 300 688 400
178 0 5 825 0 428 100 865 200 1135 300 1123 400
179 0 5 873 0 768 100 1187 200 353 300 1301 400
180 0 5 1416 0 473 100 236 200 946 300 701 400
181 0 5 236 0 701 100 788 200 358 300 210 400
182 0 5 1368 0 109 100 1479 200 1453 300 758 400
183 0 5 213 0 696 100 834 200 1086 300 846 400
184 0 5 528 0 1153 100 706 200 818 300 867 400
185 0 5 1284 0 1378 100 999 200 237 300 1257 400
186 0 5 1426 0 207 100 102 200 725 300 1274 400
187 0 5 1489 0 1110 100 563 200 171 300 475 400
188 0 5 938 0 692 100 525 200 819 300 134 400
189 0 5 295 0 827 100 992 200 1224 300 205 400
190 0 5 697 0 757 100 275 200 1000 300 419 400
191 0 5 770 0 1338 100 912 200 1370 300 431 400
192 0 5 775 0 998 100 1314 200 115 300 532 400
193 0 5 904 0 776 100 105 200 700 300 467 400
194 0 5 978 0 1382 100 617 200 478 300 437 400
195 0 5 940 0 851 100 58 200 383 300 1360 400
196 0 5 938 0 632 100 587 200 1459 300 188 400
197 0 5 76 0 1501 100 1285 200 1487 300 81 400
198 0 5 420 0 903 100 1046 200 387 300 1378 400
199 0 5 75 0 902 100 594 200 284 300 1197 400
200 0 5 348 0 1116 100 1425 200 336 300 1125 400
201 0 5 1015 0 6 100 277 200 17 300 982 400
202 0 5 919 0 62 100 337 200 798 300 950 400
203 0 5 503 0 427 100 256 200 1073 300 1500 400
204 0 5 161 0 9 100 953 200 7 300 128 400
205 0 5 163 0 769 100 867 200 189 300 1179 400
206 0 5 514 0 969 100 1193 200 369 300 64 400
207 0 5 1205 0 102 100 186 200 148 300 589 400
208 0 5 623 0 805 100 262 200 530 300 689 400
209 0 5 639 0 1394 100 513 200 364 300 1388 400
210 0 5 1229 0 701 100 866 200 358 300 99 400
211 0 5 1252 0 640 100 1149 200 103 300 1293 400
212 0 5 40 0 1343 100 1293 200 211 300 1149 400
213 0 5 834 0 1086 100 846 200 183 300 696 400
214 0 5 296 0 1398 100 748 200 159 300 594 400
215 0 5 714 0 328 100 680 200 504 300 1013 400
216 0 5 1301 0 460 100 925 200 873 300 1187 400
217 0 5 1114 0 80 100 94 200 1323 300 2 400
218 0 5 416 0 1108 100 731 200 122 300 833 400
219 0 5 396 0 597 100 1381 200 1366 300 1316 400
220 0 5 308 0 1498 100 321 200 1266 300 937 400
221 0 5 8 0 845 100 294 200 1276 300 1153 400
222 0 5 165 0 708 100 290 200 672 300 285 400
223 0 5 705 0 901 100 162 200 1239 300 713 400
224 0 5 905 0 1054 100 1350 200 1230 300 512 400
225 0 5 270 0 244 100 1275 200 561 300 1072 400
226 0 5 279 0 883 100 716 200 1463 300 1320 400
227 0 5 767 0 1178 100 1254 200 918 300 334 400
228 0 5 315 0 1192 100 646 200 595 300 657 400
229 0 5 854 0 13 100 870 200 304 300 1380 400
230 0 5 240 0 316 100 693 200 1490 300 650 400
231 0 5 774 0 840 100 875 200 1241 300 311 400
232 0 5 956 0 872 100 277 200 6 300 1085 400
233 0 5 942 0 1058 100 1314 200 936 300 306 400
234 0 5 1265 0 1133 100 689 200 1426 300 384 400
235 0 5 11 0 734 100 83 200 871 300 1161 400
236 0 5 181 0 788 100 180 200 473 300 1129 400
237 0 5 999 0 152 100 1444 200 185 300 1351 400
238 0 5 123 0 1327 100 1136 200 1397 300 464 400
239 0 5 367 0 419 100 77 200 201 300 1362 400
240 0 5 230 0 650 100 541 200 316 300 1355 400
241 0 5 153 0 88 100 51 200 1213 300 1256 400
242 0 5 855 0 521 100 1460 200 758 300 182 400
243 0 5 488 0 1105 100 1309 200 727 300 1000 400
244 0 5 270 0 225 100 1072 200 1022 300 561 400
245 0 5 370 0 1074 100 1350 200 1318 300 1230 400
246 0 5 44 0 773 100 409 200 991 300 1160 400
247 0 5 145 0 1015 100 66 200 656 300 982 400
248 0 5 1497 0 1452 100 1339 200 1016 300 1081 400
249 0 5 1059 0 1093 100 853 200 512 300 826 400
250 0 5 1083 0 936 100 5 200 1314 300 625 400
251 0 5 1085 0 415 100 1257 200 791 300 829 400
252 0 5 1293 0 497 100 212 200 1252 300 876 400
253 0 5 369 0 1269 100 518 200 1020 300 514 400
254 0 5 1264 0 802 100 1132 200 913 300 1134 400
255 0 5 325 0 747 100 789 200 1324 300 724 400
256 0 5 1052 0 976 100 203 200 52 300 1111 400
257 0 5 729 0 23 100 779 200 1308 300 397 400
258 0 5 1387 0 349 100 288 200 150 300 1345 400
259 0 5 888 0 1437 100 37 200 293 300 943 400
260 0 5 1217 0 975 100 37 200 278 300 293 400
261 0 5 823 0 32 100 673 200 921 300 1064 400
262 0 5 960 0 496 100 208 200 756 300 129 400
263 0 5 637 0 1473 100 957 200 1012 300 156 400
264 0 5 505 0 947 100 414 200 1267 300 138 400
265 0 5 844 0 1312 100 287 200 961 300 1434 400
266 0 5 688 0 750 100 787 200 1146 300 983 400
267 0 5 539 0 177 100 688 200 591 300 481 400
268 0 5 1122 0 755 100 859 200 894 300 1173 400
269 0 5 272 0 1245 100 479 200 508 300 1260 400
270 0 5 244 0 225 100 1072 200 1409 300 286 400
271 0 5 525 0 406 100 1155 200 307 300 1305 400
272 0 5 269 0 508 100 1232 200 1245 300 1022 400
273 0 5 46 0 779 100 397 200 304 300 1008 400
274 0 5 1190 0 1412 100 929 200 175 300 1281 400
275 0 5 757 0 1299 100 487 200 1384 300 1470 400
276 0 5 486 0 547 100 363 200 54 300 1025 400
277 0 5 6 0 872 100 922 200 232 300 201 400
278 0 5 1018 0 260 100 524 200 975 300 904 400
279 0 5 730 0 226 100 883 200 1094 300 33 400
280 0 5 1206 0 38 100 1320 200 1297 300 371 400
281 0 5 1119 0 1452 100 1474 200 1240 300 433 400
282 0 5 344 0 130 100 394 200 604 300 886 400
283 0 5 423 0 642 100 1513 200 714 300 1336 400
284 0 5 804 0 783 100 902 200 1451 300 1197 400
285 0 5 821 0 1457 100 290 200 670 300 832 400
286 0 5 1409 0 1072 100 1096 200 422 300 1414 400
287 0 5 844 0 1434 100 575 200 265 300 961 400
288 0 5 858 0 258 100 930 200 150 300 349 400
289 0 5 744 0 499 100 550 200 1375 300 1288 400
290 0 5 165 0 222 100 285 200 707 300 708 400
291 0 5 392 0 1090 100 1401 200 781 300 1321 400
292 0 5 91 0 441 100 831 200 324 300 850 400
293 0 5 975 0 259 100 37 200 1437 300 1217 400
294 0 5 1433 0 845 100 221 200 777 300 1127 400
295 0 5 189 0 1304 100 931 200 992 300 827 400
296 0 5 214 0 1261 100 594 200 1398 300 715 400
297 0 5 1175 0 1028 100 965 200 686 300 141 400
298 0 5 491 0 118 100 372 200 1361 300 652 400
299 0 5 678 0 1445 100 891 200 1026 300 901 400
300 0 5 67 0 1425 100 447 200 555 300 645 400
301 0 5 1381 0 603 100 386 200 1436 300 396 400
302 0 5 1372 0 70 100 545 200 154 300 1256 400
303 0 5 1497 0 493 100 356 200 1452 300 1240 400
304 0 5 1337 0 854 100 870 200 46 300 273 400
305 0 5 1185 0 742 100 1235 200 313 300 557 400
306 0 5 1314 0 532 100 942 200 233 300 192 400
307 0 5 406 0 1412 100 819 200 271 300 188 400
308 0 5 220 0 1464 100 1318 200 1327 300 321 400
309 0 5 637 0 957 100 1012 200 139 300 671 400
310 0 5 667 0 330 100 1098 200 1118 300 1219 400
311 0 5 1051 0 774 100 1341 200 660 300 134 400
312 0 5 149 0 553 100 19 200 155 300 424 400
313 0 5 703 0 485 100 1235 200 742 300 948 400
314 0 5 1191 0 1208 100 1431 200 425 300 830 400
315 0 5 494 0 228 100 1482 200 1192 300 646 400
316 0 5 230 0 26 100 1121 200 1183 300 541 400
317 0 5 375 0 25 100 1034 200 849 300 1032 400
318 0 5 651 0 860 100 1332 200 931 300 1304 400
319 0 5 985 0 1200 100 861 200 546 300 1417 400
320 0 5 1334 0 760 100 418 200 968 300 886 400
321 0 5 350 0 402 100 86 200 370 300 220 400
322 0 5 1234 0 1417 100 985 200 319 300 1392 400
323 0 5 405 0 1408 100 969 200 900 300 1193 400
324 0 5 628 0 831 100 292 200 352 300 441 400
325 0 5 255 0 1407 100 142 200 747 300 789 400
326 0 5 1214 0 1130 100 522 200 668 300 1220 400
327 0 5 45 0 984 100 996 200 1459 300 134 400
328 0 5 714 0 1189 100 215 200 642 300 73 400
329 0 5 771 0 677 100 1368 200 109 300 1165 400
330 0 5 374 0 310 100 531 200 645 300 1379 400
331 0 5 1422 0 1027 100 526 200 1159 300 143 400
332 0 5 462 0 146 100 1335 200 869 300 1326 400
333 0 5 1291 0 376 100 1145 200 433 300 1474 400
334 0 5 1254 0 1178 100 627 200 1222 300 1084 400
335 0 5 356 0 1062 100 1436 200 62 300 202 400
336 0 5 876 0 119 100 1116 200 200 300 417 400
337 0 5 1195 0 1306 100 202 200 452 300 919 400
338 0 5 527 0 1152 100 532 200 1204 300 1024 400
339 0 5 874 0 962 100 869 200 457 300 511 400
340 0 5 587 0 775 100 632 200 1325 300 944 400
341 0 5 1064 0 673 100 1198 200 807 300 1435 400
342 0 5 388 0 1099 100 1303 200 851 300 1210 400
343 0 5 1155 0 1325 100 587 200 340 300 1342 400
344 0 5 130 0 282 100 604 200 394 300 1416 400
345 0 5 649 0 404 100 935 200 1263 300 897 400
346 0 5 1176 0 685 100 675 200 567 300 1390 400
347 0 5 554 0 122 100 647 200 1136 300 1443 400
348 0 5 200 0 1425 100 930 200 1125 300 158 400
349 0 5 150 0 258 100 385 200 1387 300 135 400
350 0 5 321 0 370 100 138 200 402 300 1074 400
351 0 5 176 0 1296 100 838 200 615 300 1131 400
352 0 5 628 0 1396 100 324 200 435 300 831 400
353 0 5 1301 0 1187 100 1127 200 768 300 179 400
354 0 5 1238 0 1051 100 1341 200 540 300 932 400
355 0 5 3 0 780 100 1439 200 671 300 29 400
356 0 5 335 0 1062 100 1436 200 303 300 493 400
357 0 5 1480 0 1290 100 448 200 1075 300 1348 400
358 0 5 866 0 1495 100 210 200 788 300 701 400
359 0 5 1070 0 127 100 1466 200 564 300 1031 400
360 0 5 172 0 1055 100 987 200 560 300 32 400
361 0 5 561 0 1275 100 1320 200 1463 300 1206 400
362 0 5 470 0 140 100 718 200 1056 300 498 400
363 0 5 1025 0 486 100 991 200 1080 300 1211 400
364 0 5 993 0 1388 100 209 200 639 300 459 400
365 0 5 857 0 989 100 818 200 867 300 453 400
366 0 5 569 0 445 100 882 200 1371 300 1340 400
367 0 5 77 0 1384 100 239 200 419 300 1299 400
368 0 5 141 0 1096 100 422 200 297 300 686 400
369 0 5 253 0 514 100 1020 200 206 300 1269 400
370 0 5 350 0 245 100 321 200 1074 300 138 400
371 0 5 988 0 1143 100 1297 200 38 300 280 400
372 0 5 966 0 856 100 560 200 172 300 360 400
373 0 5 686 0 141 100 1461 200 801 300 426 400
374 0 5 425 0 330 100 457 200 1431 300 874 400
375 0 5 317 0 1292 100 1032 200 1231 300 1034 400
376 0 5 1102 0 333 100 1291 200 1358 300 1145 400
377 0 5 944 0 1124 100 775 200 340 300 754 400
378 0 5 131 0 1373 100 1319 200 1458 300 1486 400
379 0 5 672 0 763 100 684 200 568 300 165 400
380 0 5 408 0 620 100 117 200 1434 300 598 400
381 0 5 1413 0 1351 100 1089 200 1471 300 683 400
382 0 5 666 0 113 100 752 200 1047 300 1065 400
383 0 5 1360 0 851 100 195 200 940 300 1473 400
384 0 5 1133 0 1335 100 523 200 1419 300 1326 400
385 0 5 548 0 150 100 349 200 1251 300 1101 400
386 0 5 1436 0 603 100 62 200 301 300 1043 400
387 0 5 1270 0 1378 100 1046 200 198 300 185 400
388 0 5 156 0 342 100 1012 200 851 300 1099 400
389 0 5 1164 0 555 100 1191 200 1036 300 300 400
390 0 5 535 0 395 100 1141 200 1302 300 696 400
391 0 5 34 0 924 100 910 200 1118 300 426 400
392 0 5 291 0 1401 100 994 200 1090 300 169 400
393 0 5 503 0 427 100 456 200 63 300 203 400
394 0 5 130 0 886 100 486 200 282 300 363 400
395 0 5 390 0 1279 100 1310 200 583 300 1295 400
396 0 5 1381 0 219 100 301 200 597 300 746 400
397 0 5 1008 0 23 100 273 200 1071 300 879 400
398 0 5 533 0 1242 100 424 200 597 300 219 400
399 0 5 1229 0 1087 100 964 200 99 300 1001 400
400 0 5 458 0 520 100 981 200 723 300 1311 400
401 0 5 1128 0 1212 100 737 200 49 300 1248 400
402 0 5 86 0 1267 100 138 200 321 300 350 400
403 0 5 1159 0 803 100 1358 200 1180 300 1401 400
404 0 5 670 0 935 100 1457 200 345 300 1263 400
405 0 5 323 0 900 100 969 200 1193 300 1408 400
406 0 5 525 0 307 100 271 200 188 300 819 400
407 0 5 1329 0 1100 100 1365 200 24 300 1163 400
408 0 5 380 0 1434 100 287 200 1428 300 1150 400
409 0 5 246 0 44 100 579 200 1160 300 56 400
410 0 5 1107 0 581 100 1290 200 1389 300 448 400
411 0 5 1201 0 1203 100 1113 200 1060 300 1355 400
412 0 5 891 0 863 100 1259 200 728 300 678 400
413 0 5 1448 0 136 100 461 200 572 300 474 400
414 0 5 1150 0 947 100 90 200 955 300 505 400
415 0 5 1277 0 251 100 68 200 66 300 880 400
416 0 5 833 0 218 100 731 200 647 300 1108 400
417 0 5 858 0 1116 100 930 200 348 300 200 400
418 0 5 71 0 1334 100 760 200 886 300 595 400
419 0 5 480 0 1250 100 757 200 1299 300 1384 400
420 0 5 198 0 751 100 903 200 1046 300 664 400
421 0 5 749 0 1331 100 144 200 539 300 267 400
422 0 5 1414 0 1096 100 368 200 286 300 566 400
423 0 5 849 0 283 100 1336 200 1034 300 25 400
424 0 5 553 0 398 100 809 200 533 300 312 400
425 0 5 374 0 558 100 314 200 1431 300 1036 400
426 0 5 1461 0 952 100 571 200 924 300 801 400
427 0 5 393 0 96 100 63 200 203 300 503 400
428 0 5 1349 0 1135 100 59 200 906 300 764 400
429 0 5 87 0 1156 100 794 200 1223 300 709 400
430 0 5 482 0 551 100 1014 200 1075 300 1348 400
431 0 5 1352 0 500 100 662 200 578 300 770 400
432 0 5 1317 0 447 100 555 200 645 300 67 400
433 0 5 1169 0 173 100 333 200 41 300 281 400
434 0 5 55 0 703 100 455 200 550 300 1467 400
435 0 5 549 0 352 100 770 200 831 300 324 400
436 0 5 1055 0 738 100 823 200 32 300 588 400
437 0 5 588 0 1215 100 617 200 125 300 1064 400
438 0 5 766 0 650 100 541 200 1355 300 1048 400
439 0 5 1432 0 443 100 1282 200 442 300 1207 400
440 0 5 668 0 1057 100 1130 200 477 300 1468 400
441 0 5 292 0 91 100 831 200 324 300 674 400
442 0 5 892 0 1282 100 1236 200 439 300 679 400
443 0 5 1432 0 439 100 1300 200 20 300 1282 400
444 0 5 979 0 1492 100 643 200 467 300 1298 400
445 0 5 366 0 1371 100 882 200 569 300 1340 400
446 0 5 1338 0 1061 100 875 200 1241 300 12 400
447 0 5 67 0 432 100 300 200 645 300 555 400
448 0 5 1290 0 357 100 1075 200 1330 300 1107 400
449 0 5 1086 0 1278 100 1419 200 53 300 1326 400
450 0 5 518 0 1465 100 1376 200 60 300 514 400
451 0 5 605 0 877 100 1097 200 116 300 81 400
452 0 5 1062 0 1333 100 1306 200 337 300 493 400
453 0 5 1423 0 765 100 857 200 1076 300 365 400
454 0 5 784 0 795 100 824 200 841 300 1267 400
455 0 5 1210 0 1467 100 434 200 55 300 499 400
456 0 5 63 0 89 100 427 200 393 300 1427 400
457 0 5 1431 0 874 100 374 200 339 300 869 400
458 0 5 400 0 1311 100 928 200 759 300 981 400
459 0 5 993 0 1129 100 1495 200 364 300 788 400
460 0 5 925 0 216 100 873 200 586 300 653 400
461 0 5 136 0 559 100 14 200 413 300 1139 400
462 0 5 332 0 1326 100 1335 200 869 300 1419 400
463 0 5 1063 0 674 100 1477 200 626 300 1305 400
464 0 5 1174 0 1327 100 123 200 1266 300 238 400
465 0 5 977 0 915 100 606 200 702 300 885 400
466 0 5 761 0 799 100 848 200 1189 300 1254 400
467 0 5 776 0 643 100 814 200 1228 300 193 400
468 0 5 89 0 1427 100 1298 200 1228 300 61 400
469 0 5 1068 0 762 100 99 200 918 300 964 400
470 0 5 362 0 718 100 498 200 140 300 1114 400
471 0 5 929 0 175 100 912 200 1412 300 274 400
472 0 5 609 0 835 100 950 200 142 300 629 400
473 0 5 137 0 1416 100 1216 200 180 300 972 400
474 0 5 136 0 980 100 572 200 413 300 461 400
475 0 5 1110 0 171 100 34 200 391 300 910 400
476 0 5 816 0 907 100 1271 200 1137 300 997 400
477 0 5 87 0 1057 100 1406 200 785 300 811 400
478 0 5 1215 0 97 100 162 200 194 300 978 400
479 0 5 1344 0 1260 100 1245 200 802 300 269 400
480 0 5 419 0 6 100 201 200 1250 300 277 400
481 0 5 72 0 1243 100 539 200 556 300 997 400
482 0 5 551 0 430 100 1348 200 1014 300 615 400
483 0 5 77 0 1470 100 1403 200 239 300 1146 400
484 0 5 611 0 948 100 1123 200 865 300 1045 400
485 0 5 1467 0 703 100 55 200 1045 300 313 400
486 0 5 276 0 394 100 363 200 130 300 1416 400
487 0 5 92 0 275 100 697 200 1271 300 828 400
488 0 5 1105 0 243 100 616 200 1424 300 1000 400
489 0 5 622 0 31 100 718 200 943 300 1353 400
490 0 5 538 0 728 100 1005 200 117 300 412 400
491 0 5 298 0 1361 100 360 200 987 300 372 400
492 0 5 937 0 1199 100 756 200 170 300 21 400
493 0 5 303 0 648 100 1240 200 356 300 1062 400
494 0 5 1353 0 315 100 1482 200 1056 300 967 400
495 0 5 1047 0 1065 100 1134 200 1167 300 382 400
496 0 5 129 0 262 100 960 200 1481 300 971 400
497 0 5 252 0 1252 100 876 200 103 300 1293 400
498 0 5 1114 0 470 100 896 200 1323 300 362 400
499 0 5 289 0 1375 100 1099 200 1210 300 455 400
500 0 5 431 0 770 100 578 200 549 300 191 400
501 0 5 93 0 836 100 753 200 1143 300 1483 400
502 0 5 683 0 1073 100 839 200 507 300 1089 400
503 0 5 393 0 203 100 427 200 61 300 456 400
504 0 5 661 0 1013 100 73 200 680 300 215 400
505 0 5 264 0 575 100 1267 200 580 300 784 400
506 0 5 767 0 918 100 612 200 1060 300 1048 400
507 0 5 1002 0 839 100 502 200 18 300 797 400
508 0 5 1022 0 272 100 1094 200 1245 300 269 400
509 0 5 958 0 108 100 955 200 90 300 1322 400
510 0 5 1380 0 1131 100 1014 200 551 300 1038 400
511 0 5 599 0 1009 100 1078 200 330 300 846 400
512 0 5 1365 0 1010 100 36 200 519 300 224 400
513 0 5 1388 0 1374 100 209 200 592 300 661 400
514 0 5 369 0 206 100 518 200 253 300 1020 400
515 0 5 927 0 1447 100 970 200 123 300 1295 400
516 0 5 988 0 716 100 1297 200 883 300 59 400
517 0 5 1216 0 972 100 1289 200 787 300 720 400
518 0 5 450 0 60 100 253 200 1269 300 514 400
519 0 5 1010 0 24 100 732 200 1230 300 512 400
520 0 5 1030 0 1180 100 400 200 723 300 1102 400
521 0 5 28 0 242 100 855 200 182 300 1090 400
522 0 5 1220 0 1239 100 1148 200 326 300 1130 400
523 0 5 1335 0 1140 100 384 200 1205 300 1426 400
524 0 5 700 0 904 100 105 200 1018 300 1063 400
525 0 5 271 0 406 100 1155 200 188 300 307 400
526 0 5 1422 0 782 100 1027 200 1372 300 723 400
527 0 5 338 0 1204 100 1465 200 690 300 1024 400
528 0 5 867 0 184 100 818 200 706 300 989 400
529 0 5 584 0 1109 100 990 200 602 300 914 400
530 0 5 691 0 16 100 805 200 208 300 951 400
531 0 5 599 0 1379 100 1078 200 330 300 511 400
532 0 5 306 0 1204 100 998 200 22 300 1325 400
533 0 5 398 0 597 100 1389 200 1316 300 424 400
534 0 5 1418 0 939 100 893 200 1147 300 835 400
535 0 5 1300 0 390 100 696 200 908 300 1310 400
536 0 5 1344 0 606 100 1367 200 913 300 885 400
537 0 5 895 0 1302 100 1295 200 1279 300 1174 400
538 0 5 490 0 1005 100 1259 200 728 300 412 400
539 0 5 177 0 267 100 481 200 749 300 1170 400
540 0 5 1438 0 660 100 1341 200 354 300 1051 400
541 0 5 438 0 650 100 813 200 1001 300 762 400
542 0 5 945 0 909 100 158 200 1050 300 1110 400
543 0 5 1042 0 677 100 1368 200 182 300 1479 400
544 0 5 155 0 1247 100 859 200 19 300 268 400
545 0 5 1405 0 1256 100 681 200 302 300 70 400
546 0 5 1476 0 30 100 861 200 319 300 658 400
547 0 5 276 0 54 100 363 200 586 300 1025 400
548 0 5 385 0 1345 100 1491 200 820 300 1101 400
549 0 5 770 0 435 100 500 200 831 300 191 400
550 0 5 744 0 289 100 1288 200 434 300 499 400
551 0 5 1131 0 482 100 430 200 1014 300 510 400
552 0 5 916 0 24 100 605 200 732 300 1244 400
553 0 5 424 0 19 100 312 200 1389 300 533 400
554 0 5 347 0 1443 100 1136 200 647 300 515 400
555 0 5 67 0 389 100 432 200 1036 300 1317 400
556 0 5 898 0 72 100 749 200 481 300 1394 400
557 0 5 1235 0 1370 100 1288 200 550 300 1185 400
558 0 5 1036 0 425 100 1317 200 330 300 555 400
559 0 5 856 0 461 100 14 200 966 300 121 400
560 0 5 172 0 372 100 966 200 360 300 1055 400
561 0 5 1275 0 361 100 225 200 1463 300 244 400
562 0 5 837 0 1448 100 572 200 881 300 980 400
563 0 5 1489 0 187 100 112 200 171 300 161 400
564 0 5 1346 0 607 100 1471 200 359 300 47 400
565 0 5 1218 0 800 100 1481 200 15 300 207 400
566 0 5 35 0 1414 100 1028 200 1040 300 577 400
567 0 5 1157 0 685 100 579 200 1371 300 346 400
568 0 5 164 0 684 100 379 200 747 300 864 400
569 0 5 366 0 1160 100 882 200 1371 300 445 400
570 0 5 601 0 722 100 1473 200 915 300 1360 400
571 0 5 737 0 426 100 1079 200 82 300 1461 400
572 0 5 980 0 638 100 474 200 562 300 413 400
573 0 5 654 0 911 100 1095 200 1069 300 1485 400
574 0 5 1339 0 759 100 1366 200 1441 300 928 400
575 0 5 795 0 505 100 1150 200 287 300 844 400
576 0 5 676 0 1024 100 1152 200 1020 300 1269 400
577 0 5 166 0 1040 100 35 200 1072 300 566 400
578 0 5 1352 0 662 100 500 200 431 300 770 400
579 0 5 567 0 409 100 685 200 1192 300 569 400
580 0 5 784 0 1267 100 505 200 454 300 795 400
581 0 5 410 0 1389 100 1107 200 1494 300 1290 400
582 0 5 847 0 43 100 748 200 159 300 1402 400
583 0 5 1202 0 1112 100 395 200 927 300 1113 400
584 0 5 529 0 1109 100 914 200 990 300 602 400
585 0 5 1067 0 941 100 1478 200 1026 300 1239 400
586 0 5 653 0 717 100 925 200 54 300 460 400
587 0 5 632 0 340 100 196 200 343 300 944 400
588 0 5 437 0 823 100 738 200 1064 300 436 400
589 0 5 800 0 726 100 10 200 207 300 1205 400
590 0 5 1337 0 1510 100 1511 200 779 300 304 400
591 0 5 688 0 1170 100 177 200 267 300 539 400
592 0 5 513 0 680 100 1374 200 1462 300 898 400
593 0 5 1363 0 896 100 1158 200 1258 300 66 400
594 0 5 1197 0 199 100 902 200 296 300 1451 400
595 0 5 71 0 968 100 1334 200 228 300 418 400
596 0 5 710 0 1240 100 173 200 648 300 41 400
597 0 5 219 0 1316 100 533 200 398 300 1242 400
598 0 5 1037 0 620 100 1244 200 699 300 958 400
599 0 5 531 0 511 100 1078 200 827 300 330 400
600 0 5 1093 0 1283 100 761 200 375 300 317 400
601 0 5 570 0 915 100 722 200 1360 300 885 400
602 0 5 914 0 695 100 1109 200 106 300 584 400
603 0 5 301 0 1043 100 386 200 1436 300 1381 400
604 0 5 1289 0 644 100 344 200 972 300 282 400
605 0 5 451 0 116 100 1244 200 552 300 877 400
606 0 5 536 0 702 100 465 200 977 300 1232 400
607 0 5 900 0 47 100 1346 200 564 300 1420 400
608 0 5 1302 0 1141 100 895 200 1007 300 806 400
609 0 5 919 0 472 100 939 200 893 300 337 400
610 0 5 1366 0 1330 100 743 200 1316 300 812 400
611 0 5 484 0 1045 100 1123 200 485 300 948 400
612 0 5 848 0 1041 100 1060 200 506 300 767 400
613 0 5 808 0 7 100 923 200 112 300 1359 400
614 0 5 1016 0 1339 100 1474 200 69 300 1081 400
615 0 5 176 0 619 100 838 200 351 300 482 400
616 0 5 1424 0 488 100 1446 200 1457 300 1309 400
617 0 5 125 0 194 100 1382 200 437 300 1215 400
618 0 5 145 0 1323 100 1362 200 80 300 239 400
619 0 5 615 0 1247 100 894 200 1348 300 755 400
620 0 5 380 0 598 100 117 200 1037 300 955 400
621 0 5 794 0 638 100 1393 200 1223 300 783 400
622 0 5 1442 0 489 100 718 200 943 300 470 400
623 0 5 1274 0 208 100 689 200 806 300 1426 400
624 0 5 1044 0 824 100 1373 200 1221 300 1486 400
625 0 5 1172 0 1083 100 1314 200 5 300 192 400
626 0 5 1305 0 674 100 463 200 700 300 1063 400
627 0 5 630 0 1254 100 73 200 334 300 1222 400
628 0 5 324 0 352 100 1396 200 1390 300 831 400
629 0 5 1088 0 142 100 1328 200 472 300 1407 400
630 0 5 73 0 627 100 661 200 815 300 1222 400
631 0 5 712 0 1188 100 682 200 890 300 965 400
632 0 5 587 0 196 100 340 200 944 300 1459 400
633 0 5 114 0 878 100 836 200 1483 300 653 400
634 0 5 115 0 5 100 1172 200 754 300 944 400
635 0 5 1203 0 892 100 974 200 679 300 1202 400
636 0 5 76 0 1472 100 1449 200 987 300 81 400
637 0 5 309 0 263 100 1012 200 957 300 139 400
638 0 5 621 0 572 100 980 200 902 300 1393 400
639 0 5 209 0 364 100 1331 200 1394 300 993 400
640 0 5 1149 0 211 100 1208 200 146 300 869 400
641 0 5 1050 0 39 100 862 200 1249 300 910 400
642 0 5 849 0 283 100 714 200 328 300 423 400
643 0 5 1228 0 444 100 467 200 1298 300 979 400
644 0 5 604 0 972 100 473 200 1416 300 344 400
645 0 5 1249 0 1317 100 432 200 1118 300 310 400
646 0 5 31 0 228 100 657 200 315 300 1192 400
647 0 5 122 0 853 100 963 200 347 300 826 400
648 0 5 1240 0 493 100 1356 200 596 300 710 400
649 0 5 345 0 1103 100 1284 200 1023 300 872 400
650 0 5 240 0 438 100 541 200 230 300 1355 400
651 0 5 860 0 318 100 20 200 1332 300 1300 400
652 0 5 1091 0 884 100 118 200 856 300 1092 400
653 0 5 114 0 586 100 460 200 547 300 633 400
654 0 5 573 0 899 100 1485 200 1069 300 1017 400
655 0 5 1450 0 1003 100 1200 200 173 300 42 400
656 0 5 982 0 17 100 66 200 880 300 201 400
657 0 5 31 0 646 100 685 200 1192 300 228 400
658 0 5 1469 0 1347 100 1273 200 861 300 735 400
659 0 5 1392 0 42 100 1450 200 985 300 173 400
660 0 5 1341 0 540 100 134 200 311 300 1438 400
661 0 5 504 0 630 100 73 200 1013 300 815 400
662 0 5 1352 0 578 100 431 200 1281 300 912 400
663 0 5 1138 0 1272 100 900 200 607 300 976 400
664 0 5 1328 0 95 100 751 200 1162 300 1046 400
665 0 5 27 0 18 100 797 200 1430 300 1002 400
666 0 5 752 0 382 100 1248 200 1134 300 1128 400
667 0 5 669 0 1098 100 310 200 772 300 1219 400
668 0 5 440 0 1130 100 1468 200 785 300 1057 400
669 0 5 667 0 772 100 1379 200 796 300 310 400
670 0 5 1457 0 404 100 285 200 707 300 290 400
671 0 5 1395 0 48 100 355 200 1225 300 780 400
672 0 5 954 0 379 100 1391 200 763 300 222 400
673 0 5 341 0 1393 100 1435 200 261 300 921 400
674 0 5 1281 0 463 100 626 200 1190 300 1477 400
675 0 5 1176 0 1217 100 346 200 1390 300 37 400
676 0 5 576 0 1342 100 1152 200 1496 300 979 400
677 0 5 329 0 543 100 1368 200 1042 300 182 400
678 0 5 299 0 891 100 412 200 1259 300 901 400
679 0 5 908 0 1202 100 635 200 1112 300 442 400
680 0 5 1013 0 1506 100 1505 200 215 300 504 400
681 0 5 1405 0 786 100 545 200 1182 300 1307 400
682 0 5 1161 0 890 100 631 200 1379 300 796 400
683 0 5 502 0 1053 100 1471 200 47 300 1073 400
684 0 5 763 0 747 100 568 200 379 300 1391 400
685 0 5 346 0 567 100 1176 200 657 300 579 400
686 0 5 373 0 995 100 297 200 141 300 965 400
687 0 5 1440 0 78 100 1315 200 825 300 836 400
688 0 5 591 0 266 100 177 200 267 300 828 400
689 0 5 234 0 806 100 1265 200 623 300 208 400
690 0 5 1204 0 1077 100 527 200 1465 300 338 400
691 0 5 530 0 917 100 16 200 464 300 1174 400
692 0 5 819 0 134 100 188 200 774 300 984 400
693 0 5 1490 0 1355 100 230 200 1121 300 411 400
694 0 5 1456 0 1504 100 1503 200 1308 300 1144 400
695 0 5 602 0 1296 100 106 200 1082 300 1287 400
696 0 5 1086 0 535 100 183 200 1300 300 390 400
697 0 5 190 0 727 100 1105 200 487 300 990 400
698 0 5 29 0 1280 100 1288 200 780 300 744 400
699 0 5 1115 0 1037 100 598 200 887 300 117 400
700 0 5 105 0 524 100 193 200 904 300 626 400
701 0 5 181 0 210 100 946 200 866 300 358 400
702 0 5 977 0 606 100 1232 200 465 300 536 400
703 0 5 434 0 313 100 485 200 55 300 550 400
704 0 5 1196 0 820 100 1491 200 808 300 1345 400
705 0 5 223 0 713 100 162 200 901 300 863 400
706 0 5 845 0 1153 100 184 200 818 300 528 400
707 0 5 165 0 864 100 1263 200 290 300 379 400
708 0 5 859 0 222 100 1173 200 954 300 832 400
709 0 5 1223 0 1198 100 807 200 1435 300 794 400
710 0 5 596 0 1455 100 1392 200 648 300 173 400
711 0 5 1157 0 1396 100 1371 200 567 300 1390 400
712 0 5 965 0 631 100 890 200 1188 300 686 400
713 0 5 705 0 162 100 863 200 978 300 891 400
714 0 5 328 0 215 100 642 200 283 300 1336 400
715 0 5 1261 0 75 100 296 200 1451 300 1233 400
716 0 5 516 0 883 100 226 200 988 300 1297 400
717 0 5 110 0 946 100 586 200 925 300 1415 400
718 0 5 1442 0 470 100 362 200 622 300 489 400
719 0 5 758 0 1453 100 88 200 51 300 1479 400
720 0 5 787 0 517 100 266 200 144 300 688 400
721 0 5 862 0 910 100 1118 200 1249 300 924 400
722 0 5 885 0 570 100 601 200 1473 300 915 400
723 0 5 1030 0 1027 100 526 200 520 300 1311 400
724 0 5 1324 0 950 100 798 200 1043 300 142 400
725 0 5 971 0 148 100 186 200 207 300 1481 400
726 0 5 15 0 589 100 10 200 800 300 565 400
727 0 5 990 0 697 100 243 200 92 300 1105 400
728 0 5 490 0 1404 100 117 200 412 300 1005 400
729 0 5 257 0 779 100 1308 200 590 300 23 400
730 0 5 33 0 279 100 906 200 883 300 1006 400
731 0 5 799 0 833 100 218 200 416 300 1108 400
732 0 5 24 0 519 100 552 200 1074 300 1230 400
733 0 5 1492 0 1020 100 64 200 979 300 444 400
734 0 5 11 0 107 100 235 200 1188 300 1423 400
735 0 5 1469 0 1169 100 126 200 1166 300 1347 400
736 0 5 1342 0 1496 100 676 200 84 300 101 400
737 0 5 571 0 49 100 401 200 1079 300 82 400
738 0 5 933 0 436 100 588 200 823 300 1472 400
739 0 5 787 0 926 100 1289 200 517 300 972 400
740 0 5 101 0 98 100 979 200 84 300 814 400
741 0 5 1084 0 1142 100 1222 200 334 300 627 400
742 0 5 305 0 313 100 1185 200 435 300 1340 400
743 0 5 928 0 1330 100 610 200 759 300 981 400
744 0 5 289 0 550 100 1375 200 1280 300 698 400
745 0 5 45 0 996 100 5 200 354 300 634 400
746 0 5 1242 0 1043 100 1381 200 1324 300 603 400
747 0 5 255 0 684 100 789 200 568 300 325 400
748 0 5 159 0 1411 100 214 200 582 300 1144 400
749 0 5 421 0 556 100 1394 200 539 300 481 400
750 0 5 266 0 1146 100 787 200 983 300 688 400
751 0 5 1066 0 420 100 664 200 864 300 1328 400
752 0 5 666 0 1248 100 1237 200 382 300 1128 400
753 0 5 836 0 93 100 1143 200 501 300 1440 400
754 0 5 1124 0 115 100 775 200 634 300 192 400
755 0 5 973 0 268 100 894 200 1122 300 1309 400
756 0 5 951 0 170 100 1199 200 960 300 492 400
757 0 5 275 0 190 100 419 200 1000 300 1299 400
758 0 5 719 0 1479 100 1453 200 182 300 855 400
759 0 5 928 0 574 100 1366 200 981 300 743 400
760 0 5 968 0 1334 100 71 200 418 300 320 400
761 0 5 466 0 1189 100 799 200 600 300 1283 400
762 0 5 469 0 918 100 1068 200 541 300 813 400
763 0 5 684 0 379 100 1391 200 672 300 809 400
764 0 5 1349 0 906 100 65 200 428 300 1255 400
765 0 5 871 0 453 100 1423 200 867 300 857 400
766 0 5 438 0 1048 100 1060 200 541 300 1355 400
767 0 5 506 0 227 100 848 200 1254 300 612 400
768 0 5 179 0 989 100 818 200 1127 300 353 400
769 0 5 205 0 1179 100 83 200 1304 300 163 400
770 0 5 549 0 500 100 191 200 431 300 435 400
771 0 5 329 0 1385 100 1368 200 1165 300 109 400
772 0 5 796 0 669 100 1098 200 801 300 667 400
773 0 5 1211 0 991 100 246 200 44 300 886 400
774 0 5 231 0 311 100 134 200 692 300 1241 400
775 0 5 192 0 340 100 377 200 754 300 998 400
776 0 5 467 0 193 100 1228 200 468 300 105 400
777 0 5 1433 0 1127 100 294 200 353 300 1301 400
778 0 5 1439 0 1033 100 355 200 139 300 1225 400
779 0 5 273 0 729 100 1337 200 304 300 590 400
780 0 5 1280 0 355 100 698 200 48 300 1375 400
781 0 5 28 0 1090 100 1321 200 88 300 521 400
782 0 5 1213 0 1422 100 526 200 143 300 1321 400
783 0 5 949 0 284 100 804 200 1156 300 1223 400
784 0 5 580 0 454 100 795 200 505 300 575 400
785 0 5 811 0 1057 100 1468 200 1215 300 668 400
786 0 5 13 0 681 100 1021 200 920 300 1194 400
787 0 5 739 0 266 100 720 200 926 300 750 400
788 0 5 1129 0 236 100 1495 200 358 300 99 400
789 0 5 809 0 747 100 1324 200 255 300 1391 400
790 0 5 1376 0 1120 100 50 200 1429 300 1408 400
791 0 5 1181 0 68 100 829 200 251 300 18 400
792 0 5 1049 0 1046 100 95 200 822 300 664 400
793 0 5 157 0 1421 100 43 200 1402 300 1456 400
794 0 5 621 0 1223 100 1435 200 949 300 429 400
795 0 5 1029 0 575 100 454 200 784 300 505 400
796 0 5 772 0 1379 100 669 200 995 300 682 400
797 0 5 1002 0 1430 100 665 200 839 300 18 400
798 0 5 62 0 950 100 1043 200 202 300 724 400
799 0 5 731 0 466 100 1201 200 833 300 1041 400
800 0 5 589 0 565 100 207 200 726 300 15 400
801 0 5 952 0 995 100 426 200 772 300 373 400
802 0 5 1260 0 254 100 913 200 479 300 1344 400
803 0 5 1166 0 403 100 1401 200 1358 300 1145 400
804 0 5 1197 0 284 100 783 200 902 300 594 400
805 0 5 1174 0 208 100 530 200 537 300 895 400
806 0 5 1007 0 689 100 1265 200 608 300 1141 400
807 0 5 1406 0 709 100 1064 200 1198 300 1215 400
808 0 5 923 0 613 100 1196 200 112 300 704 400
809 0 5 789 0 149 100 1391 200 424 300 1242 400
810 0 5 1168 0 942 100 1058 200 233 300 1077 400
811 0 5 785 0 1406 100 807 200 477 300 1215 400
812 0 5 1316 0 1494 100 610 200 533 300 1389 400
813 0 5 1001 0 1068 100 541 200 762 300 469 400
814 0 5 98 0 467 100 1305 200 740 300 193 400
815 0 5 73 0 630 100 661 200 504 300 1013 400
816 0 5 476 0 1137 100 997 200 1271 300 133 400
817 0 5 1246 0 1332 100 1207 200 1276 300 1179 400
818 0 5 989 0 365 100 768 200 528 300 1127 400
819 0 5 692 0 307 100 1412 200 188 300 175 400
820 0 5 704 0 1345 100 1491 200 548 300 385 400
821 0 5 285 0 832 100 1457 200 1446 300 616 400
822 0 5 1069 0 152 100 1227 200 1049 300 1046 400
823 0 5 588 0 261 100 436 200 1064 300 32 400
824 0 5 1221 0 624 100 454 200 21 300 1486 400
825 0 5 178 0 1135 100 78 200 1143 300 1454 400
826 0 5 963 0 853 100 647 200 1093 300 347 400
827 0 5 83 0 1224 100 189 200 842 300 1161 400
828 0 5 1170 0 92 100 1470 200 1271 300 907 400
829 0 5 124 0 1257 100 1181 200 791 300 251 400
830 0 5 103 0 1191 100 1208 200 314 300 1117 400
831 0 5 441 0 324 100 292 200 352 300 549 400
832 0 5 1446 0 821 100 285 200 708 300 151 400
833 0 5 416 0 731 100 963 200 799 300 218 400
834 0 5 962 0 213 100 183 200 846 300 1086 400
835 0 5 1488 0 1088 100 472 200 1147 300 939 400
836 0 5 753 0 501 100 1440 200 93 300 633 400
837 0 5 562 0 881 100 1393 200 638 300 921 400
838 0 5 894 0 973 100 615 200 176 300 1109 400
839 0 5 507 0 1500 100 502 200 1002 300 1073 400
840 0 5 912 0 875 100 231 200 175 300 774 400
841 0 5 21 0 86 100 454 200 1498 300 937 400
842 0 5 1224 0 1078 100 827 200 511 300 1009 400
843 0 5 1087 0 1433 100 8 200 294 300 221 400
844 0 5 265 0 287 100 575 200 1312 300 100 400
845 0 5 706 0 221 100 1153 200 294 300 1127 400
846 0 5 1009 0 213 100 992 200 183 300 511 400
847 0 5 582 0 1402 100 1233 200 43 300 1261 400
848 0 5 612 0 1254 100 767 200 466 300 1041 400
849 0 5 1034 0 423 100 642 200 25 300 1336 400
850 0 5 1477 0 1063 100 91 200 292 300 463 400
851 0 5 195 0 383 100 156 200 1303 300 342 400
852 0 5 1017 0 934 100 1466 200 132 300 127 400
853 0 5 826 0 647 100 1397 200 963 300 1136 400
854 0 5 229 0 304 100 1337 200 590 300 870 400
855 0 5 242 0 1460 100 521 200 182 300 758 400
856 0 5 559 0 372 100 966 200 652 300 14 400
857 0 5 1076 0 365 100 453 200 989 300 765 400
858 0 5 417 0 288 100 930 200 348 300 1116 400
859 0 5 1173 0 708 100 151 200 268 300 155 400
860 0 5 651 0 992 100 318 200 183 300 931 400
861 0 5 1003 0 1273 100 1200 200 546 300 319 400
862 0 5 1249 0 721 100 641 200 1118 300 39 400
863 0 5 1400 0 412 100 713 200 891 300 1487 400
864 0 5 707 0 1263 100 903 200 751 300 568 400
865 0 5 948 0 1035 100 484 200 178 300 313 400
866 0 5 1415 0 210 100 358 200 168 300 946 400
867 0 5 528 0 871 100 765 200 205 300 365 400
868 0 5 986 0 1195 100 1484 200 609 300 1306 400
869 0 5 1431 0 874 100 1208 200 146 300 962 400
870 0 5 304 0 46 100 1294 200 229 300 13 400
871 0 5 765 0 867 100 235 200 163 300 83 400
872 0 5 232 0 1023 100 277 200 922 300 1257 400
873 0 5 1187 0 179 100 460 200 216 300 1301 400
874 0 5 339 0 457 100 869 200 962 300 1431 400
875 0 5 1241 0 840 100 231 200 446 300 912 400
876 0 5 336 0 497 100 119 200 1117 300 1116 400
877 0 5 451 0 1092 100 605 200 1329 300 1100 400
878 0 5 633 0 1104 100 114 200 1184 300 1080 400
879 0 5 1385 0 1008 100 1071 200 397 300 1165 400
880 0 5 17 0 1277 100 66 200 415 300 656 400
881 0 5 921 0 837 100 1448 200 562 300 1393 400
882 0 5 1340 0 366 100 445 200 569 300 1371 400
883 0 5 716 0 59 100 226 200 279 300 906 400
884 0 5 652 0 14 100 1336 200 1091 300 856 400
885 0 5 722 0 1367 100 915 200 536 300 465 400
886 0 5 394 0 1211 100 418 200 363 300 282 400
887 0 5 1285 0 1404 100 1487 200 699 300 1115 400
888 0 5 259 0 943 100 1437 200 37 300 1442 400
889 0 5 1411 0 1144 100 1071 200 1475 300 1308 400
890 0 5 995 0 682 100 965 200 712 300 631 400
891 0 5 412 0 678 100 299 200 713 300 863 400
892 0 5 442 0 1377 100 635 200 974 300 1282 400
893 0 5 160 0 939 100 609 200 534 300 1484 400
894 0 5 973 0 755 100 838 200 1109 300 619 400
895 0 5 537 0 1007 100 608 200 1302 300 805 400
896 0 5 1258 0 593 100 498 200 1442 300 1011 400
897 0 5 922 0 935 100 345 200 1023 300 277 400
898 0 5 1462 0 1394 100 556 200 209 300 513 400
899 0 5 654 0 1069 100 1017 200 1444 300 573 400
900 0 5 607 0 663 100 405 200 1420 300 1408 400
901 0 5 223 0 1026 100 1445 200 705 300 162 400
902 0 5 199 0 594 100 284 200 1451 300 638 400
903 0 5 198 0 1263 100 420 200 864 300 1103 400
904 0 5 1018 0 193 100 524 200 700 300 105 400
905 0 5 1350 0 224 100 1397 200 1464 300 1059 400
906 0 5 59 0 764 100 428 200 883 300 65 400
907 0 5 997 0 133 100 1170 200 1271 300 476 400
908 0 5 679 0 1310 100 1300 200 1282 300 1112 400
909 0 5 1251 0 542 100 158 200 1489 300 1110 400
910 0 5 721 0 391 100 1118 200 924 300 641 400
911 0 5 1095 0 573 100 1488 200 1147 300 1485 400
912 0 5 840 0 191 100 662 200 471 300 875 400
913 0 5 1367 0 1132 100 802 200 1344 300 254 400
914 0 5 602 0 1109 100 584 200 529 300 838 400
915 0 5 1360 0 465 100 601 200 885 300 570 400
916 0 5 552 0 1322 100 958 200 598 300 955 400
917 0 5 1266 0 691 100 16 200 530 300 464 400
918 0 5 506 0 762 100 1084 200 1178 300 227 400
919 0 5 202 0 609 100 472 200 950 300 798 400
920 0 5 1294 0 1194 100 1021 200 786 300 1165 400
921 0 5 881 0 1393 100 261 200 673 300 32 400
922 0 5 897 0 1023 100 277 200 872 300 6 400
923 0 5 808 0 1237 100 613 200 7 300 1359 400
924 0 5 952 0 391 100 910 200 426 300 1118 400
925 0 5 1415 0 460 100 717 200 216 300 586 400
926 0 5 739 0 983 100 787 200 266 300 1403 400
927 0 5 515 0 970 100 1447 200 583 300 395 400
928 0 5 759 0 743 100 1366 200 458 300 1311 400
929 0 5 471 0 1190 100 274 200 1281 300 662 400
930 0 5 1125 0 417 100 348 200 288 300 150 400
931 0 5 295 0 1304 100 318 200 992 300 860 400
932 0 5 3 0 147 100 1238 200 354 300 1051 400
933 0 5 738 0 125 100 1449 200 437 300 588 400
934 0 5 852 0 127 100 1466 200 1413 300 1017 400
935 0 5 897 0 404 100 345 200 1424 300 1000 400
936 0 5 167 0 250 100 1058 200 233 300 1314 400
937 0 5 492 0 1498 100 220 200 21 300 86 400
938 0 5 188 0 196 100 1459 200 984 300 587 400
939 0 5 534 0 893 100 609 200 472 300 1418 400
940 0 5 195 0 58 100 383 200 1360 300 851 400
941 0 5 585 0 1478 100 1239 200 1171 300 1026 400
942 0 5 810 0 233 100 1204 200 306 300 1058 400
943 0 5 888 0 1442 100 1437 200 489 300 259 400
944 0 5 377 0 1459 100 632 200 340 300 775 400
945 0 5 542 0 158 100 1050 200 1110 300 1425 400
946 0 5 110 0 717 100 701 200 866 300 54 400
947 0 5 264 0 414 100 138 200 1150 300 1322 400
948 0 5 865 0 484 100 1123 200 313 300 611 400
949 0 5 1156 0 783 100 1223 200 794 300 638 400
950 0 5 798 0 724 100 472 200 142 300 919 400
951 0 5 16 0 756 100 262 200 208 300 530 400
952 0 5 801 0 924 100 426 200 1118 300 391 400
953 0 5 128 0 82 100 9 200 1079 300 204 400
954 0 5 672 0 155 100 708 200 379 300 222 400
955 0 5 1150 0 958 100 108 200 620 300 509 400
956 0 5 232 0 1085 100 1257 200 1277 300 17 400
957 0 5 1012 0 309 100 48 200 139 300 671 400
958 0 5 509 0 108 100 955 200 620 300 1322 400
959 0 5 1333 0 1306 100 1356 200 986 300 1195 400
960 0 5 262 0 496 100 1481 200 756 300 170 400
961 0 5 100 0 1428 100 265 200 287 300 1312 400
962 0 5 834 0 339 100 869 200 874 300 846 400
963 0 5 826 0 647 100 853 200 833 300 347 400
964 0 5 1229 0 1068 100 99 200 399 300 469 400
965 0 5 712 0 297 100 1028 200 890 300 1188 400
966 0 5 372 0 856 100 559 200 560 300 461 400
967 0 5 1482 0 2 100 968 200 94 300 595 400
968 0 5 760 0 71 100 595 200 94 300 967 400
969 0 5 206 0 1193 100 323 200 405 300 514 400
970 0 5 1443 0 927 100 515 200 1447 300 583 400
971 0 5 725 0 129 100 1481 200 1274 300 186 400
972 0 5 517 0 1216 100 1289 200 604 300 473 400
973 0 5 755 0 894 100 174 200 1109 300 838 400
974 0 5 1377 0 1490 100 635 200 892 300 1355 400
975 0 5 293 0 260 100 37 200 278 300 89 400
976 0 5 52 0 47 100 1272 200 256 300 607 400
977 0 5 465 0 702 100 606 200 1360 300 915 400
978 0 5 162 0 194 100 1382 200 478 300 713 400
979 0 5 444 0 1492 100 84 200 676 300 101 400
980 0 5 572 0 474 100 1233 200 638 300 562 400
981 0 5 1441 0 400 100 759 200 743 300 928 400
982 0 5 656 0 1015 100 201 200 17 300 247 400
983 0 5 926 0 787 100 1146 200 1403 300 750 400
984 0 5 327 0 1459 100 134 200 996 300 1438 400
985 0 5 1417 0 319 100 1392 200 1200 300 42 400
986 0 5 1484 0 868 100 959 200 1306 300 893 400
987 0 5 1472 0 360 100 81 200 1097 300 636 400
988 0 5 516 0 371 100 1297 200 716 300 226 400
989 0 5 818 0 768 100 365 200 1127 300 857 400
990 0 5 727 0 529 100 584 200 476 300 907 400
991 0 5 773 0 1211 100 363 200 246 300 1313 400
992 0 5 860 0 931 100 1224 200 318 300 189 400
993 0 5 459 0 364 100 1129 200 1388 300 209 400
994 0 5 111 0 1401 100 392 200 169 300 291 400
995 0 5 890 0 686 100 801 200 796 300 373 400
996 0 5 745 0 1438 100 327 200 984 300 45 400
997 0 5 907 0 1243 100 133 200 476 300 816 400
998 0 5 22 0 192 100 532 200 775 300 1314 400
999 0 5 237 0 124 100 185 200 1351 300 152 400
1000 0 5 1424 0 757 100 935 200 1105 300 488 400
1001 0 5 813 0 541 100 399 200 1068 300 762 400
1002 0 5 507 0 797 100 839 200 18 300 665 400
1003 0 5 861 0 655 100 1273 200 1200 300 173 400
1004 0 5 1126 0 1151 100 107 200 1423 300 1040 400
1005 0 5 538 0 1259 100 490 200 728 300 412 400
1006 0 5 1255 0 58 100 33 200 65 300 730 400
1007 0 5 806 0 895 100 608 200 537 300 805 400
1008 0 5 879 0 397 100 273 200 1165 300 46 400
1009 0 5 846 0 511 100 992 200 1224 300 1078 400
1010 0 5 519 0 512 100 1054 200 1230 300 224 400
1011 0 5 1437 0 1258 100 896 200 1442 300 63 400
1012 0 5 957 0 309 100 156 200 1473 300 48 400
1013 0 5 504 0 680 100 661 200 73 300 215 400
1014 0 5 154 0 430 100 510 200 551 300 1038 400
1015 0 5 982 0 201 100 247 200 656 300 17 400
1016 0 5 614 0 1081 100 1474 200 248 300 1452 400
1017 0 5 852 0 899 100 1444 200 1413 300 1485 400
1018 0 5 904 0 278 100 524 200 193 300 1063 400
1019 0 5 1145 0 1169 100 433 200 735 300 333 400
1020 0 5 733 0 1269 100 369 200 576 300 676 400
1021 0 5 1209 0 1194 100 920 200 1307 300 786 400
1022 0 5 508 0 1463 100 244 200 272 300 226 400
1023 0 5 922 0 872 100 1284 200 897 300 345 400
1024 0 5 60 0 576 100 1269 200 1152 300 1465 400
1025 0 5 363 0 1080 100 547 200 276 300 1184 400
1026 0 5 1445 0 901 100 1239 200 299 300 223 400
1027 0 5 331 0 723 100 526 200 1422 300 1030 400
1028 0 5 1175 0 297 100 1040 200 965 300 566 400
1029 0 5 795 0 1044 100 575 200 454 300 100 400
1030 0 5 723 0 520 100 1180 200 526 300 1027 400
1031 0 5 1070 0 132 100 1466 200 359 300 127 400
1032 0 5 1292 0 375 100 25 200 36 300 317 400
1033 0 5 778 0 139 100 1225 200 671 300 1395 400
1034 0 5 849 0 25 100 1231 200 317 300 423 400
1035 0 5 1315 0 865 100 1340 200 78 300 948 400
1036 0 5 558 0 1317 100 555 200 389 300 432 400
1037 0 5 699 0 117 100 598 200 620 300 887 400
1038 0 5 1380 0 1182 100 1014 200 510 300 154 400
1039 0 5 64 0 1268 100 1111 200 1193 300 1298 400
1040 0 5 35 0 577 100 1028 200 107 300 166 400
1041 0 5 612 0 1201 100 1060 200 799 300 411 400
1042 0 5 543 0 1479 100 677 200 758 300 242 400
1043 0 5 746 0 603 100 798 200 724 300 1324 400
1044 0 5 624 0 1029 100 824 200 1373 300 454 400
1045 0 5 611 0 1123 100 485 200 65 300 764 400
1046 0 5 792 0 387 100 198 200 664 300 420 400
1047 0 5 495 0 113 100 382 200 1167 300 1065 400
1048 0 5 766 0 1060 100 1355 200 506 300 1201 400
1049 0 5 1227 0 792 100 1270 200 822 300 1046 400
1050 0 5 641 0 39 100 945 200 158 300 1425 400
1051 0 5 4 0 311 100 354 200 1341 300 660 400
1052 0 5 1111 0 256 100 61 200 1268 300 203 400
1053 0 5 52 0 683 100 1073 200 47 300 502 400
1054 0 5 1230 0 1010 100 224 200 519 300 1074 400
1055 0 5 436 0 360 100 32 200 172 300 560 400
1056 0 5 1353 0 140 100 2 200 362 300 1482 400
1057 0 5 440 0 477 100 785 200 668 300 1468 400
1058 0 5 233 0 120 100 936 200 810 300 942 400
1059 0 5 249 0 1397 100 1093 200 853 300 224 400
1060 0 5 1201 0 1048 100 1041 200 612 300 411 400
1061 0 5 446 0 1241 100 12 200 4 300 3 400
1062 0 5 452 0 335 100 356 200 493 300 337 400
1063 0 5 463 0 1477 100 524 200 850 300 626 400
1064 0 5 341 0 823 100 807 200 588 300 437 400
1065 0 5 495 0 1134 100 382 200 666 300 1047 400
1066 0 5 751 0 164 100 1328 200 864 300 664 400
1067 0 5 585 0 1214 100 1478 200 326 300 1171 400
1068 0 5 469 0 964 100 762 200 1229 300 813 400
1069 0 5 822 0 899 100 1444 200 573 300 654 400
1070 0 5 1031 0 359 100 564 200 1466 300 132 400
1071 0 5 74 0 889 100 879 200 397 300 1385 400
1072 0 5 286 0 270 100 1409 200 244 300 225 400
1073 0 5 1500 0 1053 100 502 200 839 300 683 400
1074 0 5 1230 0 245 100 732 200 138 300 370 400
1075 0 5 1480 0 430 100 448 200 70 300 1348 400
1076 0 5 857 0 1126 100 453 200 1004 300 1206 400
1077 0 5 1168 0 690 100 120 200 1204 300 810 400
1078 0 5 842 0 511 100 599 200 827 300 531 400
1079 0 5 82 0 953 100 49 200 571 300 737 400
1080 0 5 1184 0 363 100 878 200 1025 300 547 400
1081 0 5 1452 0 1016 100 1474 200 248 300 614 400
1082 0 5 1503 0 1502 100 106 200 1296 300 1462 400
1083 0 5 250 0 625 100 5 200 1314 300 1172 400
1084 0 5 741 0 1142 100 1222 200 334 300 918 400
1085 0 5 956 0 251 100 1277 200 415 300 1257 400
1086 0 5 449 0 696 100 213 200 183 300 53 400
1087 0 5 843 0 399 100 168 200 1433 300 1001 400
1088 0 5 629 0 835 100 1328 200 472 300 664 400
1089 0 5 1399 0 1351 100 381 200 502 300 124 400
1090 0 5 291 0 781 100 28 200 392 300 1321 400
1091 0 5 652 0 1092 100 1231 200 1329 300 118 400
1092 0 5 1329 0 1091 100 118 200 652 300 1231 400
1093 0 5 249 0 600 100 1283 200 1059 300 826 400
1094 0 5 1232 0 508 100 279 200 33 300 226 400
1095 0 5 911 0 1147 100 1485 200 573 300 1488 400
1096 0 5 368 0 422 100 1409 200 286 300 141 400
1097 0 5 1361 0 81 100 451 200 987 300 877 400
1098 0 5 1219 0 667 100 310 200 772 300 669 400
1099 0 5 342 0 1303 100 499 200 1210 300 388 400
1100 0 5 407 0 24 100 877 200 1329 300 1092 400
1101 0 5 1491 0 1251 100 548 200 385 300 1489 400
1102 0 5 376 0 1180 100 1291 200 520 300 1441 400
1103 0 5 649 0 1378 100 1263 200 1284 300 903 400
1104 0 5 85 0 1313 100 878 200 1160 300 1184 400
1105 0 5 488 0 243 100 697 200 727 300 1000 400
1106 0 5 1420 0 1120 100 1346 200 564 300 607 400
1107 0 5 410 0 1494 100 581 200 1330 300 1290 400
1108 0 5 218 0 122 100 1113 200 416 300 731 400
1109 0 5 914 0 174 100 894 200 602 300 973 400
1110 0 5 475 0 187 100 171 200 945 300 563 400
1111 0 5 1052 0 1268 100 1039 200 256 300 976 400
1112 0 5 1310 0 583 100 1202 200 679 300 395 400
1113 0 5 1202 0 1203 100 411 200 122 300 1108 400
1114 0 5 498 0 217 100 1323 200 80 300 2 400
1115 0 5 699 0 1501 100 1244 200 1285 300 887 400
1116 0 5 417 0 200 100 336 200 876 300 348 400
1117 0 5 119 0 1164 100 103 200 876 300 1191 400
1118 0 5 1219 0 910 100 645 200 310 300 721 400
1119 0 5 281 0 41 100 1240 200 433 300 596 400
1120 0 5 1106 0 1420 100 790 200 1408 300 1376 400
1121 0 5 1377 0 1490 100 316 200 1236 300 693 400
1122 0 5 151 0 268 100 755 200 973 300 1173 400
1123 0 5 484 0 611 100 1045 200 948 300 1349 400
1124 0 5 754 0 377 100 775 200 944 300 192 400
1125 0 5 930 0 158 100 348 200 1425 300 200 400
1126 0 5 1076 0 1004 100 1151 200 1206 300 453 400
1127 0 5 777 0 353 100 294 200 768 300 818 400
1128 0 5 401 0 1212 100 1248 200 49 300 666 400
1129 0 5 459 0 788 100 993 200 1495 300 236 400
1130 0 5 326 0 668 100 1214 200 522 300 440 400
1131 0 5 551 0 1380 100 510 200 229 300 1014 400
1132 0 5 1167 0 913 100 254 200 1367 300 1134 400
1133 0 5 384 0 234 100 1265 200 53 300 1141 400
1134 0 5 1065 0 57 100 1264 200 666 300 495 400
1135 0 5 1454 0 825 100 428 200 1143 300 59 400
1136 0 5 238 0 554 100 1397 200 347 300 123 400
1137 0 5 816 0 476 100 997 200 529 300 1271 400
1138 0 5 1272 0 663 100 976 200 900 300 405 400
1139 0 5 14 0 121 100 1509 200 1508 300 461 400
1140 0 5 10 0 523 100 1205 200 1357 300 104 400
1141 0 5 53 0 608 100 390 200 1265 300 395 400
1142 0 5 1222 0 1084 100 741 200 1388 300 364 400
1143 0 5 93 0 371 100 1454 200 753 300 1135 400
1144 0 5 1411 0 1456 100 889 200 694 300 748 400
1145 0 5 1019 0 1358 100 333 200 376 300 433 400
1146 0 5 750 0 1403 100 787 200 266 300 688 400
1147 0 5 1095 0 1410 100 1226 200 1488 300 835 400
1148 0 5 1171 0 1239 100 522 200 1478 300 97 400
1149 0 5 640 0 1357 100 211 200 146 300 1343 400
1150 0 5 955 0 414 100 575 200 1434 300 287 400
1151 0 5 166 0 1004 100 1206 200 1126 300 577 400
1152 0 5 338 0 1342 100 576 200 676 300 1024 400
1153 0 5 184 0 706 100 845 200 1246 300 221 400
1154 0 5 51 0 1307 100 182 200 109 300 1368 400
1155 0 5 343 0 525 100 271 200 188 300 587 400
1156 0 5 949 0 429 100 1223 200 783 300 794 400
1157 0 5 711 0 567 100 1396 200 1176 300 1371 400
1158 0 5 66 0 1430 100 1363 200 96 300 593 400
1159 0 5 143 0 403 100 1321 200 1027 300 331 400
1160 0 5 1313 0 1104 100 569 200 409 300 246 400
1161 0 5 682 0 1379 100 827 200 235 300 1078 400
1162 0 5 1177 0 95 100 664 200 1488 300 792 400
1163 0 5 1231 0 1365 100 407 200 1329 300 1292 400
1164 0 5 389 0 1117 100 1191 200 103 300 830 400
1165 0 5 109 0 46 100 1008 200 1368 300 273 400
1166 0 5 803 0 126 100 735 200 1401 300 1145 400
1167 0 5 113 0 1132 100 1047 200 1367 300 495 400
1168 0 5 1077 0 810 100 120 200 942 300 1058 400
1169 0 5 1019 0 735 100 433 200 1469 300 1358 400
1170 0 5 907 0 828 100 177 200 591 300 539 400
1171 0 5 1148 0 1478 100 1239 200 522 300 941 400
1172 0 5 5 0 625 100 115 200 634 300 1314 400
1173 0 5 859 0 151 100 708 200 268 300 1247 400
1174 0 5 464 0 805 100 537 200 123 300 691 400
1175 0 5 297 0 1028 100 686 200 965 300 1414 400
1176 0 5 346 0 1390 100 685 200 675 300 1396 400
1177 0 5 1162 0 1488 100 95 200 911 300 664 400
1178 0 5 227 0 334 100 918 200 1254 300 1084 400
1179 0 5 769 0 1246 100 1304 200 817 300 1332 400
1180 0 5 520 0 1030 100 1102 200 1358 300 376 400
1181 0 5 791 0 124 100 829 200 18 300 1257 400
1182 0 5 1038 0 1405 100 681 200 1380 300 786 400
1183 0 5 1276 0 26 100 8 200 1246 300 1236 400
1184 0 5 1313 0 1080 100 878 200 363 300 1104 400
1185 0 5 1235 0 305 100 1370 200 191 300 557 400
1186 0 5 1383 0 1354 100 170 200 1458 300 960 400
1187 0 5 873 0 353 100 1301 200 179 300 216 400
1188 0 5 11 0 631 100 734 200 712 300 965 400
1189 0 5 761 0 328 100 73 200 466 300 1254 400
1190 0 5 274 0 1281 100 929 200 674 300 1412 400
1191 0 5 314 0 830 100 1164 200 389 300 1117 400
1192 0 5 56 0 228 100 315 200 579 300 595 400
1193 0 5 64 0 969 100 206 200 405 300 1268 400
1194 0 5 1209 0 1021 100 920 200 786 300 109 400
1195 0 5 868 0 337 100 1306 200 609 300 202 400
1196 0 5 704 0 1359 100 808 200 1491 300 1101 400
1197 0 5 594 0 804 100 902 200 284 300 199 400
1198 0 5 1435 0 709 100 341 200 807 300 673 400
1199 0 5 170 0 492 100 756 200 1364 300 21 400
1200 0 5 319 0 42 100 655 200 861 300 1003 400
1201 0 5 1060 0 1041 100 411 200 799 300 612 400
1202 0 5 583 0 1113 100 1112 200 679 300 635 400
1203 0 5 635 0 1113 100 411 200 1202 300 892 400
1204 0 5 690 0 527 100 532 200 942 300 338 400
1205 0 5 102 0 207 100 1140 200 523 300 589 400
1206 0 5 280 0 361 100 1151 200 1275 300 1126 400
1207 0 5 1236 0 817 100 1332 200 1276 300 1246 400
1208 0 5 314 0 640 100 1431 200 869 300 830 400
1209 0 5 1021 0 1194 100 1307 200 1368 300 1154 400
1210 0 5 455 0 1303 100 1099 200 499 300 1467 400
1211 0 5 773 0 886 100 991 200 363 300 418 400
1212 0 5 49 0 1128 100 401 200 1248 300 1079 400
1213 0 5 782 0 1256 100 88 200 241 300 153 400
1214 0 5 326 0 1067 100 1130 200 668 300 440 400
1215 0 5 478 0 437 100 807 200 785 300 617 400
1216 0 5 517 0 144 100 972 200 473 300 137 400
1217 0 5 260 0 37 100 675 200 278 300 293 400
1218 0 5 565 0 148 100 1481 200 207 300 725 400
1219 0 5 1098 0 1118 100 310 200 801 300 667 400
1220 0 5 522 0 1468 100 97 200 1239 300 668 400
1221 0 5 1486 0 824 100 624 200 1373 300 21 400
1222 0 5 1142 0 1388 100 1084 200 334 300 741 400
1223 0 5 709 0 794 100 1156 200 949 300 783 400
1224 0 5 842 0 827 100 992 200 189 300 1009 400
1225 0 5 1395 0 139 100 1033 200 671 300 355 400
1226 0 5 1410 0 1418 100 1147 200 1095 300 534 400
1227 0 5 1049 0 152 100 1270 200 822 300 1046 400
1228 0 5 643 0 1298 100 468 200 467 300 776 400
1229 0 5 210 0 964 100 399 200 1068 300 99 400
1230 0 5 1074 0 1054 100 519 200 1010 300 224 400
1231 0 5 1163 0 1034 100 1329 200 1091 300 375 400
1232 0 5 1094 0 702 100 272 200 977 300 606 400
1233 0 5 1451 0 1402 100 847 200 980 300 157 400
1234 0 5 30 0 322 100 319 200 1417 300 1392 400
1235 0 5 557 0 1185 100 305 200 1370 300 313 400
1236 0 5 1207 0 1276 100 442 200 1377 300 1183 400
1237 0 5 1248 0 923 100 752 200 1212 300 7 400
1238 0 5 147 0 354 100 932 200 3 300 1439 400
1239 0 5 1148 0 522 100 1026 200 941 300 1220 400
1240 0 5 648 0 596 100 493 200 281 300 1119 400
1241 0 5 4 0 875 100 1061 200 311 300 231 400
1242 0 5 746 0 398 100 809 200 597 300 424 400
1243 0 5 481 0 997 100 133 200 1271 300 1170 400
1244 0 5 116 0 1501 100 605 200 598 300 1115 400
1245 0 5 269 0 1260 100 479 200 272 300 508 400
1246 0 5 817 0 1276 100 1179 200 1207 300 1153 400
1247 0 5 544 0 619 100 268 200 1348 300 859 400
1248 0 5 1237 0 752 100 666 200 1212 300 1128 400
1249 0 5 862 0 645 100 1118 200 641 300 721 400
1250 0 5 419 0 201 100 480 200 6 300 239 400
1251 0 5 909 0 1101 100 1489 200 385 300 1491 400
1252 0 5 211 0 1293 100 497 200 103 300 1117 400
1253 0 5 1475 0 74 100 1308 200 889 300 1071 400
1254 0 5 627 0 848 100 334 200 227 300 1178 400
1255 0 5 1006 0 65 100 58 200 33 300 730 400
1256 0 5 1213 0 545 100 153 200 526 300 51 400
1257 0 5 829 0 1284 100 872 200 251 300 185 400
1258 0 5 1011 0 63 100 896 200 1363 300 593 400
1259 0 5 1369 0 1005 100 412 200 538 300 678 400
1260 0 5 802 0 479 100 1245 200 269 300 1344 400
1261 0 5 715 0 296 100 1451 200 847 300 582 400
1262 0 5 1336 0 1512 100 1511 200 283 300 423 400
1263 0 5 903 0 864 100 707 200 1103 300 345 400
1264 0 5 57 0 254 100 1134 200 802 300 1132 400
1265 0 5 234 0 689 100 53 200 1133 300 806 400
1266 0 5 917 0 1327 100 464 200 220 300 308 400
1267 0 5 580 0 402 100 505 200 138 300 454 400
1268 0 5 1039 0 1111 100 64 200 1272 300 1193 400
1269 0 5 253 0 1020 100 1024 200 60 300 518 400
1270 0 5 387 0 152 100 1227 200 1049 300 185 400
1271 0 5 907 0 92 100 476 200 133 300 816 400
1272 0 5 1138 0 663 100 976 200 405 300 1268 400
1273 0 5 861 0 658 100 1003 200 1469 300 173 400
1274 0 5 623 0 1426 100 186 200 208 300 725 400
1275 0 5 561 0 361 100 225 200 1206 300 244 400
1276 0 5 1183 0 1246 100 1236 200 1207 300 817 400
1277 0 5 415 0 880 100 1085 200 251 300 956 400
1278 0 5 1419 0 449 100 53 200 384 300 1326 400
1279 0 5 1302 0 1295 100 395 200 537 300 1447 400
1280 0 5 780 0 698 100 1375 200 744 300 29 400
1281 0 5 1190 0 674 100 662 200 929 300 274 400
1282 0 5 439 0 442 100 443 200 908 300 20 400
1283 0 5 600 0 1093 100 833 200 249 300 761 400
1284 0 5 185 0 1257 100 1023 200 1378 300 1103 400
1285 0 5 887 0 1501 100 1487 200 197 300 1115 400
1286 0 5 1481 0 1354 100 960 200 1186 300 170 400
1287 0 5 1504 0 1505 100 106 200 1082 300 1296 400
1288 0 5 550 0 557 100 29 200 698 300 744 400
1289 0 5 604 0 739 100 972 200 517 300 473 400
1290 0 5 357 0 410 100 448 200 1107 300 581 400
1291 0 5 333 0 376 100 1102 200 1441 300 1474 400
1292 0 5 36 0 1032 100 375 200 1163 300 1231 400
1293 0 5 252 0 1252 100 212 200 211 300 497 400
1294 0 5 920 0 46 100 13 200 870 300 1165 400
1295 0 5 1447 0 1279 100 395 200 537 300 515 400
1296 0 5 695 0 1508 100 1507 200 351 300 106 400
1297 0 5 1320 0 516 100 988 200 371 300 226 400
1298 0 5 1228 0 1427 100 468 200 61 300 643 400
1299 0 5 1384 0 275 100 419 200 757 300 1250 400
1300 0 5 535 0 20 100 443 200 696 300 908 400
1301 0 5 353 0 216 100 1187 200 873 300 925 400
1302 0 5 1279 0 608 100 895 200 537 300 390 400
1303 0 5 1099 0 1210 100 58 200 342 300 851 400
1304 0 5 295 0 931 100 318 200 1179 300 1332 400
1305 0 5 626 0 814 100 271 200 274 300 1190 400
1306 0 5 959 0 337 100 452 200 1333 300 1195 400
1307 0 5 1209 0 1154 100 1021 200 681 300 1368 400
1308 0 5 1475 0 23 100 729 200 694 300 257 400
1309 0 5 584 0 243 100 616 200 1446 300 755 400
1310 0 5 1112 0 395 100 908 200 535 300 1282 400
1311 0 5 458 0 1372 100 723 200 928 300 400 400
1312 0 5 100 0 265 100 961 200 844 300 287 400
1313 0 5 1184 0 1104 100 1160 200 878 300 991 400
1314 0 5 306 0 192 100 625 200 233 300 1172 400
1315 0 5 1035 0 78 100 825 200 1340 300 687 400
1316 0 5 812 0 597 100 1366 200 610 300 533 400
1317 0 5 432 0 1036 100 645 200 558 300 555 400
1318 0 5 1350 0 1464 100 308 200 245 300 224 400
1319 0 5 1364 0 1458 100 378 200 1383 300 131 400
1320 0 5 1297 0 361 100 1463 200 280 300 1206 400
1321 0 5 143 0 1159 100 781 200 1460 300 1090 400
1322 0 5 916 0 90 100 958 200 509 300 138 400
1323 0 5 145 0 618 100 1114 200 217 300 498 400
1324 0 5 724 0 789 100 809 200 255 300 746 400
1325 0 5 22 0 343 100 340 200 532 300 1342 400
1326 0 5 462 0 1419 100 1335 200 384 300 449 400
1327 0 5 1464 0 238 100 464 200 1266 300 308 400
1328 0 5 664 0 629 100 1088 200 1407 300 1066 400
1329 0 5 407 0 1092 100 1231 200 1091 300 877 400
1330 0 5 610 0 743 100 1107 200 448 300 1494 400
1331 0 5 144 0 421 100 209 200 1216 300 137 400
1332 0 5 817 0 318 100 1207 200 651 300 1432 400
1333 0 5 959 0 452 100 1306 200 1356 300 648 400
1334 0 5 760 0 320 100 418 200 595 300 71 400
1335 0 5 523 0 384 100 332 200 146 300 1326 400
1336 0 5 1262 0 423 100 884 200 849 300 283 400
1337 0 5 590 0 304 100 779 200 854 300 273 400
1338 0 5 446 0 12 100 191 200 1061 300 875 400
1339 0 5 574 0 614 100 248 200 69 300 1081 400
1340 0 5 882 0 1035 100 865 200 1315 300 445 400
1341 0 5 660 0 540 100 311 200 354 300 1051 400
1342 0 5 736 0 1152 100 676 200 1496 300 1325 400
1343 0 5 1357 0 212 100 40 200 104 300 1149 400
1344 0 5 536 0 479 100 913 200 802 300 1367 400
1345 0 5 135 0 820 100 548 200 704 300 385 400
1346 0 5 564 0 1106 100 607 200 1420 300 47 400
1347 0 5 126 0 658 100 169 200 1476 300 735 400
1348 0 5 482 0 1480 100 430 200 1075 300 1247 400
1349 0 5 764 0 428 100 65 200 1123 300 906 400
1350 0 5 905 0 1318 100 245 200 224 300 1464 400
1351 0 5 381 0 1089 100 1444 200 1413 300 124 400
1352 0 5 662 0 431 100 578 200 500 300 191 400
1353 0 5 494 0 1056 100 489 200 1482 300 31 400
1354 0 5 1286 0 1186 100 131 200 960 300 1364 400
1355 0 5 693 0 1048 100 411 200 230 300 1121 400
1356 0 5 79 0 648 100 959 200 1333 300 452 400
1357 0 5 1343 0 104 100 1149 200 146 300 1140 400
1358 0 5 1145 0 403 100 1180 200 376 300 803 400
1359 0 5 112 0 1196 100 613 200 808 300 563 400
1360 0 5 383 0 915 100 940 200 195 300 977 400
1361 0 5 1097 0 491 100 987 200 298 300 81 400
1362 0 5 1386 0 80 100 618 200 239 300 1403 400
1363 0 5 593 0 96 100 1158 200 1258 300 427 400
1364 0 5 1319 0 21 100 170 200 1383 300 1199 400
1365 0 5 512 0 36 100 407 200 519 300 1010 400
1366 0 5 610 0 928 100 759 200 1316 300 574 400
1367 0 5 913 0 885 100 1132 200 536 300 1344 400
1368 0 5 677 0 109 100 182 200 329 300 543 400
1369 0 5 1428 0 1259 100 1434 200 961 300 408 400
1370 0 5 12 0 557 100 1185 200 191 300 1235 400
1371 0 5 445 0 711 100 569 200 567 300 1157 400
1372 0 5 302 0 1311 100 526 200 723 300 1256 400
1373 0 5 1486 0 378 100 624 200 131 300 1221 400
1374 0 5 513 0 1462 100 680 200 898 300 1394 400
1375 0 5 48 0 1280 100 499 200 744 300 780 400
1376 0 5 790 0 50 100 450 200 1120 300 518 400
1377 0 5 1121 0 974 100 892 200 1490 300 1236 400
1378 0 5 387 0 1103 100 185 200 1284 300 198 400
1379 0 5 531 0 796 100 669 200 1161 300 682 400
1380 0 5 1038 0 1131 100 510 200 229 300 551 400
1381 0 5 396 0 301 100 746 200 603 300 1043 400
1382 0 5 194 0 1400 100 617 200 978 300 125 400
1383 0 5 1458 0 1186 100 170 200 1319 300 1364 400
1384 0 5 1299 0 367 100 77 200 275 300 419 400
1385 0 5 771 0 879 100 1071 200 1008 300 1165 400
1386 0 5 1362 0 1403 100 80 200 1146 300 1493 400
1387 0 5 258 0 135 100 349 200 1345 300 385 400
1388 0 5 364 0 513 100 1222 200 1394 300 209 400
1389 0 5 581 0 19 100 1494 200 533 300 1107 400
1390 0 5 1176 0 1396 100 628 200 675 300 711 400
1391 0 5 149 0 809 100 763 200 155 300 672 400
1392 0 5 659 0 173 100 1455 200 985 300 1450 400
1393 0 5 921 0 673 100 837 200 621 300 1435 400
1394 0 5 898 0 749 100 209 200 556 300 1388 400
1395 0 5 1225 0 671 100 139 200 48 300 1033 400
1396 0 5 711 0 352 100 1390 200 628 300 1176 400
1397 0 5 1059 0 1136 100 853 200 238 300 905 400
1398 0 5 214 0 159 100 296 200 748 300 1261 400
1399 0 5 1089 0 18 100 1181 200 124 300 791 400
1400 0 5 863 0 1382 100 1449 200 1487 300 125 400
1401 0 5 994 0 392 100 803 200 291 300 1321 400
1402 0 5 157 0 847 100 1233 200 793 300 980 400
1403 0 5 1386 0 77 100 483 200 1470 300 1146 400
1404 0 5 887 0 728 100 117 200 1487 300 412 400
1405 0 5 545 0 681 100 1182 200 1038 300 70 400
1406 0 5 811 0 807 100 477 200 87 300 709 400
1407 0 5 325 0 142 100 1328 200 747 300 164 400
1408 0 5 1429 0 323 100 1120 200 405 300 900 400
1409 0 5 286 0 1096 100 1072 200 1245 300 270 400
1410 0 5 1226 0 1485 100 1147 200 1418 300 1095 400
1411 0 5 889 0 1144 100 748 200 582 300 1456 400
1412 0 5 175 0 307 100 274 200 819 300 471 400
1413 0 5 381 0 1351 100 1017 200 1471 300 934 400
1414 0 5 422 0 566 100 1072 200 1175 300 577 400
1415 0 5 925 0 866 100 717 200 168 300 946 400
1416 0 5 180 0 473 100 604 200 344 300 394 400
1417 0 5 322 0 985 100 319 200 1234 300 546 400
1418 0 5 534 0 1226 100 1147 200 1410 300 939 400
1419 0 5 1278 0 1326 100 384 200 449 300 1335 400
1420 0 5 1106 0 1120 100 900 200 607 300 1346 400
1421 0 5 793 0 1 100 1502 200 1456 300 43 400
1422 0 5 331 0 782 100 526 200 1027 300 1213 400
1423 0 5 453 0 107 100 765 200 1004 300 734 400
1424 0 5 616 0 1000 100 488 200 935 300 1457 400
1425 0 5 300 0 348 100 158 200 200 300 1050 400
1426 0 5 1274 0 186 100 234 200 689 300 523 400
1427 0 5 61 0 468 100 1298 200 456 300 503 400
1428 0 5 1369 0 961 100 1434 200 408 300 287 400
1429 0 5 50 0 1408 100 790 200 323 300 1120 400
1430 0 5 797 0 1158 100 665 200 96 300 27 400
1431 0 5 457 0 869 100 1208 200 314 300 874 400
1432 0 5 439 0 443 100 20 200 1300 300 1332 400
1433 0 5 843 0 294 100 777 200 1087 300 1127 400
1434 0 5 408 0 287 100 1369 200 1428 300 575 400
1435 0 5 1198 0 673 100 1393 200 794 300 807 400
1436 0 5 386 0 62 100 335 200 356 300 301 400
1437 0 5 1011 0 259 100 943 200 888 300 1442 400
1438 0 5 540 0 996 100 134 200 660 300 984 400
1439 0 5 778 0 147 100 355 200 3 300 1225 400
1440 0 5 687 0 836 100 78 200 85 300 753 400
1441 0 5 981 0 69 100 1102 200 759 300 574 400
1442 0 5 622 0 718 100 943 200 1437 300 489 400
1443 0 5 970 0 554 100 347 200 1136 300 515 400
1444 0 5 1069 0 1351 100 1017 200 237 300 899 400
1445 0 5 1026 0 299 100 901 200 891 300 223 400
1446 0 5 832 0 616 100 151 200 1309 300 821 400
1447 0 5 1295 0 515 100 927 200 970 300 1279 400
1448 0 5 413 0 562 100 881 200 372 300 966 400
1449 0 5 1487 0 1400 100 933 200 76 300 636 400
1450 0 5 655 0 42 100 659 200 1392 300 173 400
1451 0 5 1233 0 902 100 1261 200 75 300 284 400
1452 0 5 1081 0 248 100 281 200 1016 300 303 400
1453 0 5 1460 0 719 100 182 200 758 300 855 400
1454 0 5 1135 0 1143 100 428 200 825 300 59 400
1455 0 5 79 0 710 100 1392 200 1356 300 648 400
1456 0 5 43 0 694 100 1144 200 1507 300 1506 400
1457 0 5 670 0 285 100 404 200 821 300 616 400
1458 0 5 1383 0 131 100 1319 200 1186 300 378 400
1459 0 5 944 0 984 100 327 200 632 300 196 400
1460 0 5 1453 0 855 100 242 200 88 300 1321 400
1461 0 5 141 0 426 100 373 200 571 300 737 400
1462 0 5 898 0 1374 100 680 200 556 300 1394 400
1463 0 5 1022 0 361 100 561 200 226 300 1320 400
1464 0 5 1318 0 1327 100 308 200 1350 300 321 400
1465 0 5 450 0 60 100 527 200 690 300 1024 400
1466 0 5 132 0 359 100 127 200 1031 300 934 400
1467 0 5 485 0 455 100 55 200 434 300 703 400
1468 0 5 97 0 1220 100 785 200 668 300 478 400
1469 0 5 735 0 658 100 1273 200 1169 300 433 400
1470 0 5 828 0 483 100 1403 200 77 300 275 400
1471 0 5 127 0 564 100 683 200 47 300 1413 400
1472 0 5 987 0 636 100 76 200 738 300 360 400
1473 0 5 263 0 156 100 570 200 1012 300 383 400
1474 0 5 69 0 1016 100 614 200 281 300 333 400
1475 0 5 1308 0 1253 100 889 200 694 300 1411 400
1476 0 5 546 0 169 100 30 200 1347 300 658 400
1477 0 5 850 0 1063 100 463 200 91 300 674 400
1478 0 5 1171 0 941 100 1067 200 1148 300 522 400
1479 0 5 1042 0 758 100 182 200 719 300 51 400
1480 0 5 357 0 1075 100 1348 200 448 300 1290 400
1481 0 5 1286 0 960 100 496 200 148 300 1218 400
1482 0 5 494 0 967 100 315 200 1056 300 2 400
1483 0 5 38 0 873 100 633 200 501 300 179 400
1484 0 5 986 0 160 100 893 200 868 300 1195 400
1485 0 5 132 0 1410 100 654 200 1095 300 573 400
1486 0 5 1221 0 1373 100 1364 200 21 300 1319 400
1487 0 5 1449 0 1285 100 887 200 197 300 1404 400
1488 0 5 835 0 1177 100 1147 200 911 300 1095 400
1489 0 5 187 0 563 100 1251 200 1101 300 909 400
1490 0 5 693 0 974 100 1121 200 1377 300 230 400
1491 0 5 1101 0 820 100 548 200 1196 300 704 400
1492 0 5 733 0 444 100 979 200 1020 300 64 400
1493 0 5 94 0 217 100 1386 200 80 300 968 400
1494 0 5 812 0 1107 100 1389 200 581 300 448 400
1495 0 5 99 0 788 100 358 200 459 300 1129 400
1496 0 5 84 0 736 100 676 200 101 300 1342 400
1497 0 5 303 0 248 100 356 200 1452 300 1436 400
1498 0 5 937 0 220 100 86 200 841 300 321 400
1499 0 5 1540 0 1 100 136 200 461 300 1421 400
1500 0 5 1073 0 839 100 203 200 1430 300 502 400
1501 0 5 1285 0 1115 100 197 200 1244 300 116 400
1502 0 5 1421 0 1082 100 1131 200 176 300 1462 400
1503 0 5 1082 0 694 100 1131 200 176 300 1462 400
1504 0 5 1287 0 694 100 1131 200 176 300 1462 400
1505 0 5 1287 0 680 100 1131 200 176 300 1462 400
1506 0 5 680 0 1456 100 1131 200 176 300 1462 400
1507 0 5 1296 0 1456 100 1131 200 176 300 1462 400
1508 0 5 1296 0 1139 100 1131 200 176 300 1462 400
1509 0 5 1139 0 121 100 1131 200 176 300 1462 400
1510 0 5 590 0 121 100 1131 200 176 300 510 400
1511 0 5 590 0 1262 100 1131 200 176 300 1462 400
1512 0 5 1262 0 1337 100 1131 200 176 300 1462 400
1513 0 5 283 0 1337 100 1131 200 176 300 1462 400
1514 0 5 283 0 215 100 1131 200 1462 300 176 400
1515 0 5 592 0 215 100 1131 200 1462 300 176 400
1516 0 5 592 0 14 100 1131 200 1462 300 176 400
1517 0 5 729 0 14 100 1131 200 1462 300 176 400
1518 0 5 43 0 729 100 1131 200 1462 300 176 400
1519 0 5 351 0 43 100 1131 200 1462 300 176 400
1520 0 5 351 0 1013 100 1131 200 1462 300 176 400
1521 0 5 1013 0 257 100 1131 200 1462 300 176 400
1522 0 5 779 0 257 100 1131 200 1462 300 176 400
1523 0 5 854 0 779 100 1131 200 1462 300 176 400
1524 0 5 854 0 1336 100 1131 200 1462 300 176 400
1525 0 5 461 0 1336 100 1131 200 1462 300 176 400
1526 0 5 461 0 1308 100 1131 200 1462 300 176 400
1527 0 5 714 0 1308 100 1131 200 1462 300 176 400
1528 0 5 714 0 793 100 1131 200 1462 300 176 400
1529 0 5 229 0 793 100 1131 200 1462 300 176 400
1530 0 5 229 0 1131 100 23 200 1462 300 176 400
1531 0 5 304 0 1131 100 23 200 1462 300 176 400
1532 0 5 695 0 304 100 1131 200 1462 300 176 400
1533 0 5 695 0 504 100 1131 200 1462 300 273 400
1534 0 5 504 0 1131 100 1475 200 1462 300 176 400
1535 0 5 1144 0 1131 100 1475 200 1462 300 176 400
1536 0 5 1374 0 1144 100 1131 200 1462 300 176 400
1537 0 5 1374 0 157 100 1131 200 1462 300 273 400
1538 0 5 136 0 157 100 1131 200 273 300 1462 400
1539 0 5 136 0 1131 100 1462 200 273 300 1253 400
1540 0 5 1499 0 1131 100 1462 200 176 300 884 400
-1
EOF
