1540
1 0 5 540 0 706 100 455 200 277 300 1018 400
2 0 5 451 0 318 100 1450 200 1221 300 839 400
3 0 5 408 0 615 100 877 200 1072 300 9 400
4 0 5 822 0 896 100 899 200 664 300 693 400
5 0 5 587 0 17 100 653 200 475 300 316 400
6 0 5 644 0 1375 100 1166 200 646 300 1224 400
7 0 5 846 0 542 100 379 200 903 300 1223 400
8 0 5 477 0 126 100 215 200 303 300 647 400
9 0 5 1072 0 403 100 801 200 3 300 912 400
10 0 5 98 0 1269 100 1288 200 642 300 856 400
11 0 5 1431 0 403 100 760 200 528 300 1072 400
12 0 5 89 0 1113 100 559 200 159 300 573 400
13 0 5 62 0 1464 100 1283 200 37 300 815 400
14 0 5 431 0 396 100 843 200 409 300 440 400
15 0 5 223 0 1026 100 447 200 1485 300 605 400
16 0 5 511 0 624 100 1157 200 386 300 330 400
17 0 5 452 0 587 100 5 200 475 300 609 400
18 0 5 332 0 1233 100 1337 200 524 300 810 400
19 0 5 1058 0 1041 100 57 200 1162 300 1166 400
20 0 5 1442 0 454 100 1214 200 572 300 369 400
21 0 5 312 0 404 100 1048 200 1371 300 353 400
22 0 5 1046 0 134 100 710 200 561 300 1493 400
23 0 5 895 0 505 100 1465 200 308 300 254 400
24 0 5 459 0 1332 100 1209 200 1198 300 314 400
25 0 5 488 0 1176 100 923 200 929 300 306 400
26 0 5 44 0 1109 100 449 200 640 300 1087 400
27 0 5 276 0 827 100 1474 200 676 300 1202 400
28 0 5 794 0 711 100 1253 200 405 300 852 400
29 0 5 158 0 398 100 844 200 262 300 1254 400
30 0 5 941 0 823 100 987 200 197 300 41 400
31 0 5 1401 0 683 100 450 200 1247 300 1500 400
32 0 5 297 0 308 100 1083 200 895 300 414 400
33 0 5 1449 0 488 100 306 200 1214 300 1075 400
34 0 5 446 0 716 100 959 200 140 300 724 400
35 0 5 75 0 519 100 1322 200 156 300 247 400
36 0 5 1048 0 1363 100 890 200 980 300 427 400
37 0 5 529 0 62 100 1146 200 815 300 1201 400
38 0 5 534 0 70 100 1015 200 549 300 1305 400
39 0 5 1060 0 958 100 322 200 274 300 753 400
40 0 5 1199 0 473 100 115 200 994 300 1287 400
41 0 5 793 0 132 100 541 200 823 300 327 400
42 0 5 1237 0 155 100 997 200 728 300 283 400
43 0 5 957 0 1276 100 638 200 680 300 853 400
44 0 5 26 0 214 100 989 200 1246 300 1109 400
45 0 5 992 0 1193 100 245 200 964 300 49 400
46 0 5 388 0 1289 100 1187 200 425 300 842 400
47 0 5 1320 0 90 100 833 200 363 300 1366 400
48 0 5 1116 0 373 100 917 200 508 300 210 400
49 0 5 861 0 474 100 992 200 45 300 948 400
50 0 5 1197 0 500 100 241 200 520 300 616 400
51 0 5 1022 0 103 100 1416 200 1294 300 1499 400
52 0 5 494 0 713 100 935 200 698 300 516 400
53 0 5 909 0 576 100 1438 200 266 300 557 400
54 0 5 1452 0 1347 100 259 200 412 300 635 400
55 0 5 719 0 472 100 1496 200 1298 300 915 400
56 0 5 122 0 841 100 422 200 382 300 1260 400
57 0 5 1053 0 742 100 1041 200 899 300 19 400
58 0 5 780 0 1137 100 348 200 752 300 1249 400
59 0 5 166 0 368 100 850 200 1141 300 708 400
60 0 5 486 0 1256 100 512 200 655 300 1458 400
61 0 5 289 0 136 100 410 200 1038 300 677 400
62 0 5 13 0 37 100 529 200 1242 300 1464 400
63 0 5 668 0 197 100 221 200 177 300 41 400
64 0 5 928 0 300 100 540 200 542 300 1042 400
65 0 5 508 0 753 100 897 200 917 300 1274 400
66 0 5 315 0 369 100 1442 200 1018 300 1263 400
67 0 5 497 0 970 100 80 200 1154 300 575 400
68 0 5 723 0 1115 100 971 200 1133 300 1462 400
69 0 5 1067 0 1216 100 170 200 769 300 1125 400
70 0 5 1463 0 38 100 549 200 437 300 1257 400
71 0 5 1444 0 243 100 1147 200 637 300 758 400
72 0 5 381 0 902 100 589 200 791 300 1427 400
73 0 5 1006 0 812 100 532 200 993 300 1057 400
74 0 5 688 0 1342 100 742 200 1491 300 309 400
75 0 5 174 0 885 100 35 200 1407 300 156 400
76 0 5 411 0 1078 100 603 200 471 300 443 400
77 0 5 1432 0 839 100 2 200 318 300 611 400
78 0 5 470 0 659 100 1170 200 1043 300 1321 400
79 0 5 1390 0 192 100 637 200 1215 300 243 400
80 0 5 383 0 340 100 575 200 67 300 417 400
81 0 5 646 0 1329 100 1375 200 548 300 6 400
82 0 5 288 0 1402 100 320 200 369 300 759 400
83 0 5 1105 0 1443 100 1359 200 551 300 1486 400
84 0 5 1282 0 883 100 598 200 124 300 544 400
85 0 5 905 0 871 100 491 200 1089 300 1195 400
86 0 5 1238 0 1486 100 551 200 1061 300 824 400
87 0 5 1059 0 586 100 564 200 799 300 1311 400
88 0 5 1005 0 901 100 1158 200 902 300 1010 400
89 0 5 12 0 573 100 559 200 149 300 858 400
90 0 5 47 0 363 100 892 200 1366 300 658 400
91 0 5 1143 0 606 100 1433 200 346 300 229 400
92 0 5 1183 0 1273 100 188 200 388 300 943 400
93 0 5 419 0 1245 100 609 200 153 300 316 400
94 0 5 849 0 557 100 667 200 464 300 1438 400
95 0 5 377 0 1001 100 238 200 396 300 808 400
96 0 5 1105 0 728 100 824 200 997 300 1319 400
97 0 5 672 0 1310 100 891 200 1483 300 1370 400
98 0 5 10 0 856 100 1269 200 767 300 680 400
99 0 5 517 0 671 100 1272 200 841 300 700 400
100 0 5 129 0 136 100 571 200 1029 300 566 400
101 0 5 1497 0 1060 100 656 200 1148 300 930 400
102 0 5 581 0 942 100 1277 200 286 300 1182 400
103 0 5 1499 0 51 100 1416 200 1488 300 397 400
104 0 5 1400 0 351 100 569 200 489 300 495 400
105 0 5 983 0 1390 100 685 200 1316 300 481 400
106 0 5 1064 0 1151 100 575 200 160 300 1361 400
107 0 5 1372 0 283 100 210 200 654 300 754 400
108 0 5 949 0 1289 100 1228 200 1034 300 842 400
109 0 5 612 0 735 100 1123 200 326 300 1260 400
110 0 5 1420 0 682 100 1482 200 950 300 970 400
111 0 5 703 0 1006 100 286 200 993 300 812 400
112 0 5 358 0 1317 100 939 200 1045 300 764 400
113 0 5 416 0 144 100 1311 200 941 300 1059 400
114 0 5 938 0 1107 100 1369 200 1295 300 840 400
115 0 5 1199 0 40 100 1287 200 190 300 473 400
116 0 5 1327 0 1369 100 706 200 629 300 1150 400
117 0 5 588 0 618 100 1029 200 1394 300 434 400
118 0 5 209 0 128 100 285 200 227 300 1007 400
119 0 5 592 0 471 100 947 200 893 300 213 400
120 0 5 1143 0 1027 100 402 200 91 300 880 400
121 0 5 1300 0 642 100 1269 200 201 300 422 400
122 0 5 832 0 56 100 841 200 1194 300 483 400
123 0 5 1189 0 1461 100 922 200 889 300 507 400
124 0 5 399 0 1282 100 883 200 84 300 744 400
125 0 5 721 0 1286 100 1097 200 1162 300 1068 400
126 0 5 8 0 477 100 303 200 647 300 215 400
127 0 5 709 0 811 100 699 200 1180 300 1446 400
128 0 5 227 0 1007 100 285 200 118 300 651 400
129 0 5 100 0 1052 100 740 200 404 300 136 400
130 0 5 755 0 1112 100 1082 200 1103 300 1255 400
131 0 5 641 0 156 100 1240 200 516 300 250 400
132 0 5 793 0 199 100 41 200 940 300 1211 400
133 0 5 343 0 1347 100 1078 200 610 300 171 400
134 0 5 1493 0 22 100 995 200 147 300 1046 400
135 0 5 359 0 205 100 469 200 436 300 1036 400
136 0 5 100 0 566 100 61 200 677 300 410 400
137 0 5 1410 0 624 100 272 200 834 300 1484 400
138 0 5 933 0 356 100 797 200 748 300 1021 400
139 0 5 1418 0 1222 100 462 200 640 300 873 400
140 0 5 724 0 384 100 1028 200 716 300 920 400
141 0 5 1262 0 771 100 1203 200 183 300 1481 400
142 0 5 643 0 472 100 1461 200 1185 300 715 400
143 0 5 965 0 886 100 784 200 1365 300 660 400
144 0 5 113 0 1059 100 1117 200 799 300 941 400
145 0 5 936 0 636 100 334 200 639 300 1343 400
146 0 5 951 0 999 100 1463 200 606 300 313 400
147 0 5 514 0 336 100 710 200 134 300 762 400
148 0 5 908 0 1414 100 318 200 1213 300 190 400
149 0 5 244 0 1335 100 858 200 12 300 314 400
150 0 5 1062 0 1161 100 616 200 241 300 500 400
151 0 5 525 0 1031 100 1474 200 323 300 1364 400
152 0 5 1137 0 348 100 418 200 1155 300 867 400
153 0 5 594 0 1395 100 419 200 792 300 935 400
154 0 5 828 0 836 100 1094 200 857 300 1160 400
155 0 5 283 0 42 100 997 200 373 300 824 400
156 0 5 131 0 247 100 1240 200 35 300 1322 400
157 0 5 1231 0 1228 100 105 200 1279 300 1378 400
158 0 5 29 0 1096 100 844 200 262 300 398 400
159 0 5 1113 0 858 100 1140 200 12 300 389 400
160 0 5 1250 0 106 100 1151 200 1404 300 1064 400
161 0 5 870 0 182 100 961 200 1352 300 1000 400
162 0 5 906 0 790 100 303 200 1475 300 932 400
163 0 5 476 0 177 100 342 200 668 300 63 400
164 0 5 688 0 1008 100 665 200 1491 300 74 400
165 0 5 852 0 1253 100 1376 200 405 300 867 400
166 0 5 59 0 1141 100 515 200 564 300 368 400
167 0 5 977 0 979 100 1264 200 866 300 282 400
168 0 5 484 0 233 100 696 200 969 300 291 400
169 0 5 847 0 1437 100 226 200 1139 300 279 400
170 0 5 1206 0 821 100 69 200 1216 300 947 400
171 0 5 499 0 420 100 389 200 343 300 555 400
172 0 5 904 0 1311 100 708 200 416 300 564 400
173 0 5 1179 0 1265 100 913 200 1164 300 527 400
174 0 5 75 0 919 100 1407 200 885 300 482 400
175 0 5 429 0 905 100 1089 200 871 300 85 400
176 0 5 798 0 413 100 579 200 585 300 489 400
177 0 5 327 0 163 100 668 200 63 300 476 400
178 0 5 1503 0 1502 100 938 200 1098 300 1107 400
179 0 5 1437 0 279 100 360 200 1023 300 329 400
180 0 5 1088 0 1159 100 319 200 447 300 1026 400
181 0 5 550 0 423 100 1097 200 1068 300 1076 400
182 0 5 813 0 161 100 1000 200 445 300 590 400
183 0 5 1203 0 1313 100 364 200 141 300 1367 400
184 0 5 1106 0 1012 100 830 200 1383 300 888 400
185 0 5 834 0 1080 100 1478 200 386 300 1173 400
186 0 5 1002 0 1439 100 939 200 1217 300 112 400
187 0 5 1392 0 1222 100 398 200 1312 300 844 400
188 0 5 763 0 1183 100 92 200 943 300 921 400
189 0 5 1336 0 940 100 293 200 541 300 526 400
190 0 5 498 0 115 100 908 200 148 300 994 400
191 0 5 805 0 745 100 630 200 464 300 1138 400
192 0 5 637 0 79 100 1426 200 1215 300 968 400
193 0 5 203 0 535 100 843 200 1025 300 1208 400
194 0 5 1345 0 1494 100 1131 200 1432 300 611 400
195 0 5 714 0 1181 100 787 200 1080 300 684 400
196 0 5 1125 0 584 100 1206 200 874 300 1155 400
197 0 5 221 0 63 100 650 200 30 300 823 400
198 0 5 1235 0 826 100 443 200 749 300 411 400
199 0 5 1211 0 132 100 940 200 189 300 708 400
200 0 5 1275 0 614 100 669 200 583 300 859 400
201 0 5 1300 0 1194 100 422 200 121 300 1188 400
202 0 5 1089 0 567 100 820 200 663 300 871 400
203 0 5 193 0 434 100 1394 200 1208 300 535 400
204 0 5 1397 0 1450 100 498 200 1221 300 1498 400
205 0 5 436 0 135 100 359 200 269 300 757 400
206 0 5 1484 0 340 100 1478 200 761 300 67 400
207 0 5 449 0 973 100 1375 200 1087 300 640 400
208 0 5 1223 0 964 100 898 200 45 300 379 400
209 0 5 118 0 651 100 316 200 227 300 792 400
210 0 5 654 0 107 100 373 200 502 300 754 400
211 0 5 354 0 1129 100 926 200 246 300 1406 400
212 0 5 707 0 652 100 851 200 1357 300 705 400
213 0 5 1307 0 947 100 893 200 119 300 817 400
214 0 5 989 0 44 100 1312 200 1246 300 835 400
215 0 5 794 0 477 100 1066 200 1382 300 711 400
216 0 5 1191 0 560 100 570 200 357 300 1146 400
217 0 5 442 0 1108 100 333 200 240 300 658 400
218 0 5 551 0 261 100 674 200 1323 300 1486 400
219 0 5 860 0 745 100 1122 200 805 300 292 400
220 0 5 1266 0 1420 100 225 200 743 300 961 400
221 0 5 197 0 668 100 63 200 1016 300 650 400
222 0 5 531 0 649 100 439 200 1090 300 1092 400
223 0 5 15 0 1485 100 605 200 1219 300 422 400
224 0 5 328 0 1101 100 485 200 647 300 1010 400
225 0 5 950 0 220 100 526 200 1420 300 293 400
226 0 5 1023 0 1437 100 169 200 1111 300 179 400
227 0 5 653 0 128 100 651 200 750 300 118 400
228 0 5 907 0 310 100 237 200 1024 300 902 400
229 0 5 1114 0 1433 100 864 200 91 300 313 400
230 0 5 1292 0 412 100 955 200 1347 300 610 400
231 0 5 1055 0 1000 100 633 200 1270 300 1259 400
232 0 5 1493 0 1102 100 483 200 366 300 1065 400
233 0 5 696 0 969 100 168 200 262 300 291 400
234 0 5 395 0 1461 100 1019 200 1148 300 643 400
235 0 5 1240 0 792 100 250 200 1395 300 594 400
236 0 5 1424 0 1088 100 1159 200 1288 300 695 400
237 0 5 1091 0 907 100 228 200 1024 300 310 400
238 0 5 808 0 95 100 1477 200 1127 300 432 400
239 0 5 819 0 799 100 859 200 730 300 617 400
240 0 5 773 0 466 100 442 200 658 300 217 400
241 0 5 1429 0 150 100 726 200 767 300 616 400
242 0 5 733 0 576 100 1438 200 1489 300 667 400
243 0 5 71 0 637 100 1444 200 1390 300 79 400
244 0 5 314 0 149 100 1335 200 12 300 1198 400
245 0 5 1377 0 474 100 1344 200 45 300 246 400
246 0 5 926 0 1344 100 211 200 245 300 1377 400
247 0 5 156 0 519 100 1240 200 1322 300 35 400
248 0 5 1173 0 386 100 1157 200 684 300 16 400
249 0 5 421 0 1235 100 748 200 1021 300 568 400
250 0 5 406 0 1395 100 235 200 516 300 1240 400
251 0 5 622 0 627 100 1043 200 1321 300 993 400
252 0 5 783 0 392 100 1466 200 855 300 849 400
253 0 5 430 0 523 100 592 200 600 300 947 400
254 0 5 1178 0 1465 100 308 200 309 300 895 400
255 0 5 1001 0 1364 100 808 200 431 300 95 400
256 0 5 1099 0 1128 100 304 200 913 300 456 400
257 0 5 1368 0 977 100 724 200 920 300 282 400
258 0 5 625 0 864 100 582 200 1114 300 1167 400
259 0 5 1303 0 397 100 1423 200 54 300 1452 400
260 0 5 1255 0 1305 100 1015 200 755 300 1350 400
261 0 5 218 0 862 100 551 200 674 300 1323 400
262 0 5 390 0 1096 100 696 200 1254 300 29 400
263 0 5 1354 0 265 100 877 200 1332 300 1198 400
264 0 5 546 0 376 100 599 200 1193 300 452 400
265 0 5 263 0 1198 100 877 200 1332 300 1468 400
266 0 5 667 0 1438 100 53 200 576 300 557 400
267 0 5 352 0 1319 100 728 200 1237 300 997 400
268 0 5 597 0 760 100 1057 200 307 300 737 400
269 0 5 757 0 524 100 205 200 436 300 1051 400
270 0 5 868 0 510 100 1084 200 804 300 869 400
271 0 5 407 0 1350 100 1079 200 372 300 1304 400
272 0 5 809 0 1410 100 137 200 1484 300 960 400
273 0 5 1152 0 1501 100 718 200 1262 300 1038 400
274 0 5 1490 0 1060 100 39 200 857 300 101 400
275 0 5 349 0 1440 100 1081 200 1118 300 495 400
276 0 5 27 0 1202 100 676 200 295 300 827 400
277 0 5 1309 0 705 100 1369 200 1295 300 1357 400
278 0 5 1116 0 966 100 210 200 1171 300 48 400
279 0 5 179 0 1437 100 329 200 367 300 360 400
280 0 5 951 0 1381 100 450 200 606 300 1143 400
281 0 5 993 0 1007 100 812 200 1459 300 285 400
282 0 5 1264 0 959 100 977 200 553 300 167 400
283 0 5 107 0 654 100 155 200 210 300 42 400
284 0 5 1334 0 1387 100 702 200 875 300 211 400
285 0 5 812 0 128 100 118 200 1007 300 227 400
286 0 5 703 0 111 100 1182 200 102 300 581 400
287 0 5 729 0 456 100 1353 200 913 300 1396 400
288 0 5 759 0 82 100 679 200 320 300 370 400
289 0 5 1090 0 61 100 1038 200 771 300 677 400
290 0 5 1489 0 1225 100 733 200 672 300 97 400
291 0 5 1343 0 484 100 696 200 168 300 1142 400
292 0 5 1326 0 1430 100 805 200 860 300 1436 400
293 0 5 1336 0 1120 100 189 200 225 300 526 400
294 0 5 1482 0 1404 100 435 200 682 300 110 400
295 0 5 1093 0 618 100 355 200 1202 300 1371 400
296 0 5 1190 0 568 100 791 200 1021 300 932 400
297 0 5 32 0 1083 100 414 200 956 300 308 400
298 0 5 579 0 585 100 1403 200 692 300 176 400
299 0 5 1274 0 1061 100 917 200 1238 300 86 400
300 0 5 928 0 64 100 1227 200 560 300 1042 400
301 0 5 1234 0 358 100 1002 200 1472 300 112 400
302 0 5 368 0 526 100 1211 200 708 300 1063 400
303 0 5 589 0 126 100 162 200 1427 300 790 400
304 0 5 1128 0 756 100 814 200 256 300 1111 400
305 0 5 982 0 923 100 692 200 1455 300 413 400
306 0 5 923 0 577 100 1075 200 33 300 488 400
307 0 5 1186 0 487 100 268 200 760 300 532 400
308 0 5 32 0 895 100 254 200 23 300 1083 400
309 0 5 1465 0 479 100 254 200 74 300 1491 400
310 0 5 228 0 863 100 1085 200 907 300 374 400
311 0 5 900 0 826 100 1296 200 747 300 746 400
312 0 5 21 0 571 100 353 200 404 300 1371 400
313 0 5 1257 0 372 100 549 200 1433 300 999 400
314 0 5 244 0 459 100 1198 200 1468 300 1294 400
315 0 5 1135 0 66 100 1263 200 1018 300 1442 400
316 0 5 651 0 419 100 609 200 209 300 5 400
317 0 5 717 0 862 100 1307 200 1356 300 1412 400
318 0 5 839 0 2 100 1450 200 148 300 451 400
319 0 5 835 0 696 100 390 200 180 300 1246 400
320 0 5 370 0 558 100 82 200 1402 300 288 400
321 0 5 699 0 1047 100 1144 200 914 300 1121 400
322 0 5 958 0 39 100 966 200 234 300 48 400
323 0 5 525 0 604 100 1031 200 1200 300 151 400
324 0 5 1076 0 628 100 1068 200 181 300 423 400
325 0 5 901 0 1010 100 328 200 1493 300 995 400
326 0 5 1123 0 1087 100 884 200 109 300 973 400
327 0 5 177 0 541 100 41 200 63 300 197 400
328 0 5 224 0 325 100 1101 200 1010 300 485 400
329 0 5 360 0 1460 100 279 200 418 300 367 400
330 0 5 624 0 998 100 809 200 16 300 137 400
331 0 5 779 0 485 100 337 200 647 300 725 400
332 0 5 467 0 18 100 487 200 1337 300 1186 400
333 0 5 1108 0 217 100 1379 200 442 300 240 400
334 0 5 639 0 638 100 680 200 145 300 1343 400
335 0 5 731 0 875 100 543 200 1071 300 944 400
336 0 5 762 0 147 100 1035 200 506 300 490 400
337 0 5 1066 0 779 100 331 200 786 300 1009 400
338 0 5 770 0 1427 100 1101 200 902 300 647 400
339 0 5 1208 0 1092 100 649 200 222 300 1346 400
340 0 5 383 0 80 100 206 200 761 300 417 400
341 0 5 1469 0 663 100 1077 200 387 300 385 400
342 0 5 580 0 1163 100 163 200 476 300 668 400
343 0 5 1296 0 133 100 1078 200 171 300 420 400
344 0 5 583 0 503 100 985 200 371 300 614 400
345 0 5 1459 0 865 100 1007 200 128 300 619 400
346 0 5 1433 0 606 100 91 200 313 300 999 400
347 0 5 1396 0 802 100 366 200 634 300 729 400
348 0 5 1137 0 152 100 58 200 1155 300 780 400
349 0 5 275 0 1081 100 1118 200 495 300 679 400
350 0 5 1016 0 1492 100 1330 200 424 300 457 400
351 0 5 1440 0 1118 100 104 200 489 300 275 400
352 0 5 267 0 1283 100 1372 200 728 300 1237 400
353 0 5 1202 0 1363 100 1371 200 312 300 890 400
354 0 5 211 0 1227 100 661 200 1129 300 1344 400
355 0 5 1487 0 618 100 295 200 1394 300 276 400
356 0 5 1293 0 138 100 933 200 1281 300 1024 400
357 0 5 661 0 216 100 560 200 570 300 300 400
358 0 5 301 0 112 100 764 200 1002 300 1317 400
359 0 5 135 0 205 100 1051 200 482 300 944 400
360 0 5 329 0 1073 100 1033 200 179 300 554 400
361 0 5 1020 0 893 100 955 200 1434 300 1356 400
362 0 5 1455 0 1074 100 833 200 929 300 1176 400
363 0 5 658 0 90 100 47 200 1366 300 1320 400
364 0 5 1398 0 1366 100 1367 200 1313 300 183 400
365 0 5 806 0 1218 100 1263 200 1135 300 558 400
366 0 5 802 0 483 100 347 200 232 300 1396 400
367 0 5 1032 0 1460 100 279 200 329 300 990 400
368 0 5 302 0 59 100 708 200 963 300 166 400
369 0 5 66 0 574 100 82 200 1442 300 679 400
370 0 5 788 0 320 100 558 200 288 300 1402 400
371 0 5 1117 0 985 100 1318 200 344 300 614 400
372 0 5 1304 0 407 100 313 200 864 300 271 400
373 0 5 502 0 48 100 210 200 917 300 1116 400
374 0 5 863 0 1005 100 902 200 310 300 88 400
375 0 5 1188 0 1062 100 1161 200 616 300 1065 400
376 0 5 264 0 1193 100 1447 200 986 300 452 400
377 0 5 95 0 1127 100 1014 200 562 300 1230 400
378 0 5 444 0 973 100 1126 200 1375 300 207 400
379 0 5 795 0 1223 100 7 200 846 300 540 400
380 0 5 1411 0 1457 100 1030 200 782 300 748 400
381 0 5 72 0 791 100 589 200 1427 300 303 400
382 0 5 1260 0 700 100 56 200 109 300 884 400
383 0 5 80 0 340 100 417 200 761 300 67 400
384 0 5 1498 0 1028 100 140 200 1397 300 920 400
385 0 5 663 0 426 100 848 200 567 300 617 400
386 0 5 1173 0 248 100 16 200 624 300 1157 400
387 0 5 952 0 669 100 1469 200 341 300 1077 400
388 0 5 1289 0 842 100 46 200 1187 300 1273 400
389 0 5 420 0 747 100 858 200 171 300 1113 400
390 0 5 262 0 319 100 1312 200 1254 300 398 400
391 0 5 1025 0 1056 100 535 200 621 300 720 400
392 0 5 252 0 855 100 783 200 479 300 1466 400
393 0 5 429 0 547 100 1089 200 663 300 1239 400
394 0 5 768 0 277 100 212 200 1309 300 1298 400
395 0 5 234 0 1019 100 1148 200 958 300 1497 400
396 0 5 14 0 409 100 1001 200 95 300 440 400
397 0 5 1416 0 259 100 1303 200 436 300 103 400
398 0 5 1254 0 29 100 844 200 1312 300 187 400
399 0 5 124 0 922 100 1282 200 507 300 744 400
400 0 5 544 0 883 100 598 200 596 300 1471 400
401 0 5 925 0 1252 100 1160 200 1249 300 753 400
402 0 5 880 0 120 100 1027 200 1014 300 1143 400
403 0 5 632 0 9 100 11 200 1072 300 801 400
404 0 5 21 0 740 100 613 200 312 300 129 400
405 0 5 867 0 852 100 694 200 704 300 28 400
406 0 5 250 0 516 100 1395 200 698 300 235 400
407 0 5 271 0 372 100 1304 200 1015 300 1257 400
408 0 5 1209 0 3 100 1332 200 615 300 877 400
409 0 5 440 0 396 100 1230 200 843 300 14 400
410 0 5 718 0 61 100 1038 200 1152 300 289 400
411 0 5 746 0 76 100 443 200 471 300 749 400
412 0 5 635 0 230 100 1347 200 54 300 955 400
413 0 5 579 0 176 100 991 200 692 300 577 400
414 0 5 1083 0 1169 100 1220 200 1325 300 297 400
415 0 5 538 0 1483 100 1370 200 1318 300 97 400
416 0 5 823 0 113 100 904 200 30 300 941 400
417 0 5 383 0 761 100 340 200 80 300 968 400
418 0 5 1033 0 752 100 329 200 694 300 867 400
419 0 5 93 0 594 100 316 200 153 300 209 400
420 0 5 900 0 389 100 171 200 343 300 1296 400
421 0 5 789 0 249 100 932 200 749 300 568 400
422 0 5 605 0 56 100 201 200 121 300 1219 400
423 0 5 1232 0 181 100 1494 200 550 300 1076 400
424 0 5 1389 0 891 100 1310 200 1492 300 350 400
425 0 5 513 0 1289 100 46 200 972 300 388 400
426 0 5 848 0 385 100 586 200 1391 300 87 400
427 0 5 980 0 1196 100 36 200 851 300 212 400
428 0 5 1441 0 1501 100 924 200 1315 300 522 400
429 0 5 175 0 393 100 1239 200 547 300 1089 400
430 0 5 253 0 821 100 600 200 947 300 170 400
431 0 5 14 0 1204 100 1364 200 843 300 255 400
432 0 5 1477 0 808 100 1360 200 781 300 255 400
433 0 5 674 0 1356 100 1445 200 662 300 1306 400
434 0 5 203 0 1208 100 117 200 1092 300 1394 400
435 0 5 1435 0 1404 100 294 200 1482 300 1270 400
436 0 5 205 0 397 100 810 200 135 300 359 400
437 0 5 1463 0 549 100 70 200 999 300 146 400
438 0 5 954 0 601 100 721 200 1425 300 125 400
439 0 5 1367 0 531 100 1090 200 222 300 771 400
440 0 5 738 0 409 100 843 200 396 300 720 400
441 0 5 876 0 681 100 911 200 53 300 557 400
442 0 5 217 0 466 100 1108 200 240 300 658 400
443 0 5 746 0 198 100 826 200 411 300 749 400
444 0 5 378 0 1126 100 973 200 1040 300 1375 400
445 0 5 813 0 458 100 1247 200 1401 300 182 400
446 0 5 34 0 959 100 716 200 1325 300 628 400
447 0 5 1026 0 15 100 1159 200 180 300 1485 400
448 0 5 734 0 645 100 460 200 1374 300 1251 400
449 0 5 207 0 640 100 26 200 1087 300 1109 400
450 0 5 1381 0 280 100 683 200 31 300 1401 400
451 0 5 1221 0 2 100 894 200 1450 300 318 400
452 0 5 17 0 1447 100 376 200 5 300 264 400
453 0 5 827 0 1364 100 937 200 676 300 1268 400
454 0 5 20 0 572 100 1226 200 1075 300 369 400
455 0 5 1338 0 1098 100 701 200 591 300 840 400
456 0 5 287 0 1099 100 913 200 729 300 256 400
457 0 5 1389 0 1408 100 424 200 350 300 1192 400
458 0 5 1247 0 1500 100 445 200 965 300 1365 400
459 0 5 24 0 1294 100 563 200 314 300 1209 400
460 0 5 1251 0 1413 100 448 200 1479 300 943 400
461 0 5 609 0 910 100 831 200 1245 300 5 400
462 0 5 1418 0 1177 100 139 200 873 300 640 400
463 0 5 1212 0 1037 100 1200 200 1196 300 845 400
464 0 5 1138 0 849 100 630 200 191 300 1122 400
465 0 5 784 0 660 100 796 200 850 300 1195 400
466 0 5 626 0 240 100 442 200 773 300 1168 400
467 0 5 332 0 1207 100 975 200 18 300 1186 400
468 0 5 1069 0 1288 100 1142 200 695 300 680 400
469 0 5 1036 0 818 100 135 200 666 300 1331 400
470 0 5 78 0 1043 100 1258 200 776 300 659 400
471 0 5 119 0 893 100 76 200 411 300 603 400
472 0 5 1298 0 55 100 1244 200 142 300 736 400
473 0 5 994 0 40 100 115 200 1199 300 1181 400
474 0 5 245 0 49 100 246 200 1377 300 926 400
475 0 5 587 0 750 100 653 200 5 300 651 400
476 0 5 163 0 998 100 580 200 342 300 1236 400
477 0 5 8 0 215 100 126 200 794 300 1382 400
478 0 5 1142 0 695 100 291 200 468 300 1424 400
479 0 5 1491 0 855 100 309 200 1008 300 505 400
480 0 5 709 0 1333 100 962 200 1121 300 699 400
481 0 5 1278 0 1231 100 1378 200 1390 300 105 400
482 0 5 944 0 1051 100 919 200 359 300 1407 400
483 0 5 232 0 366 100 1188 200 1353 300 122 400
484 0 5 291 0 168 100 1343 200 887 300 969 400
485 0 5 331 0 224 100 647 200 634 300 328 400
486 0 5 655 0 60 100 1458 200 1301 300 1018 400
487 0 5 732 0 307 100 332 200 1337 300 1186 400
488 0 5 25 0 33 100 1449 200 929 300 306 400
489 0 5 1400 0 104 100 569 200 798 300 981 400
490 0 5 675 0 506 100 336 200 726 300 147 400
491 0 5 1195 0 820 100 1141 200 850 300 871 400
492 0 5 611 0 869 100 921 200 1345 300 194 400
493 0 5 1468 0 573 100 265 200 314 300 1354 400
494 0 5 926 0 52 100 861 200 1406 300 713 400
495 0 5 1081 0 1393 100 104 200 569 300 349 400
496 0 5 607 0 772 100 1086 200 1002 300 1319 400
497 0 5 1154 0 67 100 960 200 1484 300 970 400
498 0 5 838 0 190 100 204 200 1210 300 739 400
499 0 5 555 0 171 100 1294 200 459 300 1428 400
500 0 5 50 0 1269 100 520 200 616 300 501 400
501 0 5 520 0 767 100 500 200 853 300 856 400
502 0 5 373 0 654 100 210 200 917 300 107 400
503 0 5 344 0 985 100 583 200 371 300 200 400
504 0 5 561 0 1280 100 1046 200 1065 300 22 400
505 0 5 1466 0 23 100 855 200 479 300 895 400
506 0 5 1299 0 490 100 336 200 1153 300 1035 400
507 0 5 922 0 915 100 1136 200 1496 300 399 400
508 0 5 65 0 917 100 48 200 753 300 984 400
509 0 5 1314 0 1174 100 889 200 539 300 777 400
510 0 5 270 0 804 100 869 200 536 300 868 400
511 0 5 1236 0 16 100 916 200 1157 300 580 400
512 0 5 778 0 521 100 60 200 946 300 1301 400
513 0 5 972 0 518 100 425 200 1289 300 949 400
514 0 5 712 0 147 100 710 200 241 300 1280 400
515 0 5 564 0 1141 100 166 200 59 300 87 400
516 0 5 698 0 406 100 641 200 250 300 131 400
517 0 5 700 0 99 100 671 200 173 300 841 400
518 0 5 1034 0 513 100 972 200 949 300 1282 400
519 0 5 1285 0 247 100 35 200 1233 300 1337 400
520 0 5 501 0 1197 100 500 200 767 300 50 400
521 0 5 1301 0 512 100 655 200 60 300 946 400
522 0 5 1441 0 924 100 934 200 428 300 1501 400
523 0 5 592 0 253 100 600 200 76 300 749 400
524 0 5 269 0 1407 100 18 200 1233 300 757 400
525 0 5 323 0 151 100 1031 200 604 300 1474 400
526 0 5 302 0 1063 100 940 200 225 300 743 400
527 0 5 913 0 814 100 1179 200 1446 300 173 400
528 0 5 1399 0 1072 100 11 200 403 300 1354 400
529 0 5 1242 0 37 100 62 200 1271 300 701 400
530 0 5 781 0 1267 100 545 200 432 300 1302 400
531 0 5 1398 0 222 100 439 200 697 300 1367 400
532 0 5 1384 0 1057 100 307 200 732 300 73 400
533 0 5 822 0 775 100 896 200 4 300 899 400
534 0 5 38 0 1305 100 1015 200 260 300 1255 400
535 0 5 1025 0 193 100 391 200 203 300 1056 400
536 0 5 943 0 921 100 869 200 510 300 1413 400
537 0 5 1178 0 601 100 1220 200 954 300 1017 400
538 0 5 415 0 1370 100 1318 200 1483 300 1225 400
539 0 5 556 0 1174 100 509 200 1374 300 972 400
540 0 5 1540 0 846 100 1 200 795 300 64 400
541 0 5 793 0 327 100 1336 200 189 300 41 400
542 0 5 1042 0 928 100 7 200 846 300 560 400
543 0 5 702 0 1406 100 1071 200 1129 300 335 400
544 0 5 598 0 400 100 670 200 84 300 976 400
545 0 5 1302 0 1267 100 781 200 1147 300 530 400
546 0 5 264 0 599 100 931 200 1193 300 1373 400
547 0 5 1239 0 393 100 663 200 1089 300 1077 400
548 0 5 1329 0 693 100 1476 200 640 300 664 400
549 0 5 437 0 999 100 70 200 313 300 1257 400
550 0 5 1144 0 181 100 423 200 1097 300 1121 400
551 0 5 218 0 1486 100 261 200 824 300 86 400
552 0 5 1385 0 956 100 1291 200 860 300 553 400
553 0 5 1291 0 956 100 1264 200 1436 300 282 400
554 0 5 756 0 1073 100 1376 200 360 300 1111 400
555 0 5 499 0 1428 100 1294 200 171 300 1022 400
556 0 5 539 0 1174 100 1374 200 46 300 1251 400
557 0 5 94 0 667 100 53 200 911 300 849 400
558 0 5 320 0 370 100 1402 200 1165 300 806 400
559 0 5 879 0 1140 100 12 200 89 300 1184 400
560 0 5 928 0 216 100 1042 200 1191 300 357 400
561 0 5 504 0 1046 100 1065 200 22 300 1102 400
562 0 5 1435 0 1404 100 1495 200 1127 300 377 400
563 0 5 1499 0 1175 100 459 200 1209 300 51 400
564 0 5 515 0 87 100 166 200 1311 300 1141 400
565 0 5 829 0 1412 100 1044 200 727 300 1238 400
566 0 5 1092 0 136 100 677 200 1029 300 100 400
567 0 5 1391 0 202 100 820 200 385 300 871 400
568 0 5 1021 0 932 100 296 200 249 300 933 400
569 0 5 1415 0 577 100 104 200 489 300 981 400
570 0 5 1387 0 216 100 1146 200 1334 300 1201 400
571 0 5 602 0 312 100 1029 200 100 300 1093 400
572 0 5 1075 0 454 100 20 200 1214 300 1226 400
573 0 5 493 0 89 100 12 200 149 300 314 400
574 0 5 1393 0 679 100 369 200 1415 300 1226 400
575 0 5 1151 0 80 100 106 200 970 300 67 400
576 0 5 242 0 53 100 1438 200 266 300 1489 400
577 0 5 981 0 569 100 306 200 1470 300 489 400
578 0 5 1504 0 1503 100 1018 200 655 300 1297 400
579 0 5 298 0 413 100 176 200 692 300 585 400
580 0 5 1236 0 342 100 476 200 511 300 1163 400
581 0 5 1431 0 102 100 286 200 760 300 1006 400
582 0 5 1419 0 1167 100 258 200 720 300 738 400
583 0 5 344 0 503 100 614 200 200 300 1275 400
584 0 5 817 0 874 100 196 200 1412 300 1206 400
585 0 5 1403 0 298 100 176 200 579 300 413 400
586 0 5 87 0 848 100 799 200 426 300 617 400
587 0 5 475 0 17 100 5 200 653 300 452 400
588 0 5 602 0 1029 100 117 200 1093 300 618 400
589 0 5 303 0 381 100 72 200 1427 300 791 400
590 0 5 1013 0 1259 100 813 200 1000 300 182 400
591 0 5 701 0 1338 100 918 200 1372 300 455 400
592 0 5 523 0 119 100 253 200 471 300 947 400
593 0 5 942 0 1182 100 1050 200 286 300 102 400
594 0 5 153 0 419 100 792 200 235 300 1395 400
595 0 5 1150 0 613 100 1357 200 707 300 1327 400
596 0 5 1471 0 883 100 400 200 686 300 744 400
597 0 5 268 0 1057 100 1006 200 760 300 532 400
598 0 5 544 0 400 100 670 200 84 300 1282 400
599 0 5 910 0 546 100 831 200 264 300 1373 400
600 0 5 749 0 523 100 430 200 253 300 119 400
601 0 5 721 0 438 100 537 200 1220 300 954 400
602 0 5 571 0 588 100 1029 200 1093 300 353 400
603 0 5 1292 0 1078 100 610 200 76 300 471 400
604 0 5 1200 0 1328 100 323 200 525 300 807 400
605 0 5 1219 0 422 100 223 200 1485 300 884 400
606 0 5 346 0 999 100 91 200 146 300 951 400
607 0 5 772 0 496 100 1002 200 1454 300 1086 400
608 0 5 732 0 657 100 1384 200 1240 300 1337 400
609 0 5 461 0 1245 100 316 200 5 300 910 400
610 0 5 1078 0 1347 100 1292 200 603 300 133 400
611 0 5 492 0 1213 100 1432 200 194 300 1183 400
612 0 5 109 0 735 100 1123 200 326 300 1260 400
613 0 5 740 0 1150 100 851 200 707 300 595 400
614 0 5 200 0 583 100 730 200 371 300 344 400
615 0 5 1290 0 3 100 1209 200 408 300 1175 400
616 0 5 1161 0 150 100 375 200 500 300 1062 400
617 0 5 848 0 819 100 586 200 799 300 385 400
618 0 5 355 0 295 100 117 200 1093 300 1487 400
619 0 5 750 0 865 100 227 200 345 300 653 400
620 0 5 800 0 876 100 1456 200 1383 300 909 400
621 0 5 1351 0 1133 100 391 200 1056 300 864 400
622 0 5 1321 0 251 100 993 200 627 300 78 400
623 0 5 1505 0 1504 100 64 200 1098 300 300 400
624 0 5 330 0 137 100 16 200 834 300 386 400
625 0 5 1056 0 258 100 582 200 864 300 391 400
626 0 5 1168 0 466 100 658 200 442 300 1205 400
627 0 5 251 0 1459 100 993 200 1007 300 622 400
628 0 5 324 0 1220 100 446 200 1076 300 34 400
629 0 5 1357 0 1369 100 1327 200 212 300 705 400
630 0 5 745 0 1138 100 464 200 1122 300 191 400
631 0 5 1352 0 870 100 1124 200 1355 300 961 400
632 0 5 403 0 1405 100 801 200 11 300 9 400
633 0 5 961 0 231 100 1482 200 1000 300 1420 400
634 0 5 725 0 1396 100 485 200 331 300 882 400
635 0 5 412 0 1100 100 1110 200 955 300 1423 400
636 0 5 1069 0 145 100 936 200 468 300 334 400
637 0 5 192 0 243 100 758 200 79 300 71 400
638 0 5 957 0 334 100 853 200 1276 300 43 400
639 0 5 334 0 936 100 145 200 1343 300 636 400
640 0 5 449 0 1476 100 26 200 139 300 548 400
641 0 5 131 0 1322 100 516 200 156 300 250 400
642 0 5 1288 0 121 100 1300 200 10 300 1269 400
643 0 5 1185 0 142 100 1461 200 234 300 1339 400
644 0 5 1224 0 1349 100 6 200 1166 300 962 400
645 0 5 448 0 734 100 930 200 1094 300 656 400
646 0 5 81 0 1329 100 1166 200 1375 300 6 400
647 0 5 770 0 485 100 126 200 331 300 224 400
648 0 5 856 0 1467 100 680 200 853 300 767 400
649 0 5 1346 0 222 100 1115 200 339 300 531 400
650 0 5 987 0 197 100 221 200 941 300 30 400
651 0 5 209 0 316 100 653 200 227 300 5 400
652 0 5 212 0 1196 100 768 200 427 300 980 400
653 0 5 227 0 475 100 651 200 5 300 750 400
654 0 5 502 0 210 100 283 200 107 300 373 400
655 0 5 486 0 1301 100 60 200 1458 300 578 400
656 0 5 1374 0 734 100 101 200 1497 300 930 400
657 0 5 792 0 1384 100 608 200 1240 300 235 400
658 0 5 363 0 1205 100 626 200 442 300 90 400
659 0 5 776 0 78 100 703 200 993 300 286 400
660 0 5 1324 0 465 100 965 200 143 300 450 400
661 0 5 357 0 354 100 216 200 1227 300 570 400
662 0 5 1323 0 1445 100 674 200 433 300 261 400
663 0 5 385 0 341 100 1077 200 547 300 202 400
664 0 5 693 0 1041 100 899 200 4 300 548 400
665 0 5 1342 0 988 100 775 200 688 300 74 400
666 0 5 1100 0 1036 100 469 200 1423 300 1331 400
667 0 5 266 0 557 100 1438 200 94 300 242 400
668 0 5 63 0 221 100 1163 200 163 300 177 400
669 0 5 1275 0 952 100 387 200 200 300 614 400
670 0 5 976 0 1034 100 544 200 1282 300 598 400
671 0 5 1353 0 99 100 1272 200 729 300 517 400
672 0 5 97 0 1489 100 290 200 576 300 1310 400
673 0 5 886 0 963 100 1365 200 850 300 59 400
674 0 5 433 0 662 100 1445 200 261 300 862 400
675 0 5 741 0 490 100 336 200 506 300 1429 400
676 0 5 827 0 1474 100 27 200 276 300 453 400
677 0 5 566 0 61 100 136 200 1092 300 1090 400
678 0 5 976 0 1316 100 1279 200 685 300 1034 400
679 0 5 759 0 574 100 1393 200 369 300 495 400
680 0 5 856 0 957 100 1276 200 648 300 468 400
681 0 5 441 0 911 100 876 200 1134 300 620 400
682 0 5 1250 0 110 100 970 200 294 300 1482 400
683 0 5 1324 0 1500 100 31 200 450 300 445 400
684 0 5 787 0 1173 100 248 200 195 300 1080 400
685 0 5 1316 0 983 100 1248 200 105 300 243 400
686 0 5 1471 0 596 100 744 200 1136 300 768 400
687 0 5 722 0 854 100 1328 200 604 300 1267 400
688 0 5 164 0 74 100 1491 200 1342 300 665 400
689 0 5 1333 0 1040 100 1180 200 962 300 1164 400
690 0 5 752 0 828 100 1460 200 154 300 1249 400
691 0 5 1330 0 974 100 1483 200 1318 300 350 400
692 0 5 305 0 1455 100 833 200 413 300 1403 400
693 0 5 664 0 548 100 1476 200 1177 300 4 400
694 0 5 867 0 1033 100 405 200 418 300 165 400
695 0 5 1424 0 478 100 468 200 1288 300 236 400
696 0 5 233 0 168 100 319 200 262 300 291 400
697 0 5 892 0 1366 100 531 200 1398 300 751 400
698 0 5 935 0 516 100 52 200 406 300 713 400
699 0 5 709 0 1047 100 321 200 127 300 811 400
700 0 5 517 0 382 100 1260 200 99 300 841 400
701 0 5 591 0 1372 100 1338 200 840 300 455 400
702 0 5 875 0 284 100 543 200 1129 300 1406 400
703 0 5 111 0 286 100 993 200 659 300 1182 400
704 0 5 769 0 1125 100 405 200 69 300 28 400
705 0 5 212 0 1369 100 629 200 277 300 1357 400
706 0 5 938 0 1502 100 1 200 1369 300 116 400
707 0 5 1357 0 212 100 613 200 1150 300 595 400
708 0 5 904 0 368 100 1211 200 302 300 172 400
709 0 5 480 0 699 100 127 200 1333 300 1180 400
710 0 5 712 0 514 100 147 200 22 300 134 400
711 0 5 28 0 1253 100 1382 200 794 300 215 400
712 0 5 514 0 710 100 1280 200 22 300 147 400
713 0 5 948 0 935 100 52 200 1373 300 1245 400
714 0 5 195 0 1378 100 787 200 1181 300 1228 400
715 0 5 1244 0 754 100 1171 200 142 300 736 400
716 0 5 34 0 724 100 446 200 959 300 140 400
717 0 5 317 0 1307 100 817 200 1412 300 213 400
718 0 5 410 0 1501 100 1315 200 273 300 924 400
719 0 5 768 0 55 100 1496 200 1136 300 686 400
720 0 5 1419 0 582 100 843 200 738 300 1167 400
721 0 5 601 0 125 100 438 200 1220 300 537 400
722 0 5 687 0 854 100 1248 200 685 300 1267 400
723 0 5 68 0 1095 100 971 200 1350 300 1133 400
724 0 5 716 0 140 100 257 200 920 300 1368 400
725 0 5 634 0 882 100 1009 200 779 300 331 400
726 0 5 741 0 1429 100 241 200 336 300 514 400
727 0 5 825 0 1412 100 829 200 565 300 1155 400
728 0 5 997 0 267 100 96 200 1237 300 42 400
729 0 5 287 0 1353 100 671 200 1396 300 456 400
730 0 5 1261 0 614 100 239 200 799 300 371 400
731 0 5 885 0 335 100 944 200 75 300 1071 400
732 0 5 487 0 608 100 1337 200 532 300 1384 400
733 0 5 242 0 1225 100 290 200 1489 300 576 400
734 0 5 448 0 645 100 930 200 1374 300 656 400
735 0 5 612 0 109 100 1265 200 1386 300 1040 400
736 0 5 1244 0 840 100 996 200 1295 300 1107 400
737 0 5 1405 0 760 100 1186 200 307 300 801 400
738 0 5 440 0 1167 100 1419 200 1003 300 1230 400
739 0 5 1210 0 872 100 838 200 1308 300 1421 400
740 0 5 613 0 1052 100 129 200 1284 300 404 400
741 0 5 726 0 675 100 1429 200 490 300 241 400
742 0 5 988 0 57 100 74 200 896 300 899 400
743 0 5 1266 0 1063 100 220 200 1355 300 526 400
744 0 5 1136 0 922 100 596 200 1471 300 124 400
745 0 5 630 0 191 100 219 200 1122 300 805 400
746 0 5 411 0 1296 100 443 200 826 300 311 400
747 0 5 782 0 389 100 945 200 311 300 826 400
748 0 5 797 0 1030 100 249 200 138 300 1235 400
749 0 5 600 0 789 100 443 200 1235 300 523 400
750 0 5 619 0 475 100 653 200 227 300 5 400
751 0 5 1340 0 892 100 1130 200 1462 300 697 400
752 0 5 690 0 58 100 418 200 1460 300 1137 400
753 0 5 897 0 65 100 925 200 984 300 508 400
754 0 5 1171 0 918 100 715 200 210 300 107 400
755 0 5 130 0 1255 100 1305 200 260 300 1103 400
756 0 5 554 0 1376 100 304 200 1073 300 1111 400
757 0 5 269 0 1051 100 205 200 524 300 1407 400
758 0 5 968 0 1147 100 637 200 1302 300 192 400
759 0 5 288 0 679 100 82 200 349 300 495 400
760 0 5 268 0 737 100 307 200 11 300 1405 400
761 0 5 968 0 340 100 417 200 206 300 383 400
762 0 5 1035 0 336 100 147 200 995 300 134 400
763 0 5 188 0 921 100 943 200 536 300 1183 400
764 0 5 1317 0 875 100 358 200 112 300 301 400
765 0 5 1215 0 1426 100 1080 200 1358 300 1278 400
766 0 5 1192 0 1163 100 1016 200 927 300 916 400
767 0 5 853 0 501 100 1197 200 98 300 1467 400
768 0 5 719 0 394 100 1298 200 652 300 686 400
769 0 5 704 0 1125 100 69 200 1067 300 1216 400
770 0 5 338 0 647 100 1101 200 1427 300 902 400
771 0 5 1367 0 141 100 1090 200 439 300 289 400
772 0 5 607 0 1454 100 496 200 1319 300 1002 400
773 0 5 240 0 1004 100 466 200 658 300 442 400
774 0 5 1428 0 1452 100 1416 200 259 300 397 400
775 0 5 533 0 896 100 822 200 665 300 988 400
776 0 5 1258 0 659 100 78 200 470 300 286 400
777 0 5 1374 0 1148 100 656 200 1497 300 509 400
778 0 5 512 0 1256 100 1481 200 60 300 1449 400
779 0 5 331 0 1009 100 337 200 882 300 725 400
780 0 5 1249 0 58 100 348 200 752 300 1137 400
781 0 5 530 0 545 100 1302 200 432 300 1360 400
782 0 5 747 0 945 100 1457 200 1030 300 1184 400
783 0 5 252 0 1466 100 1122 200 392 300 1409 400
784 0 5 465 0 796 100 850 200 143 300 886 400
785 0 5 946 0 1422 100 1301 200 60 300 521 400
786 0 5 1066 0 337 100 1382 200 1009 300 1376 400
787 0 5 684 0 195 100 1181 200 1287 300 1080 400
788 0 5 1388 0 370 100 558 200 288 300 351 400
789 0 5 421 0 749 100 249 200 1235 300 790 400
790 0 5 162 0 932 100 906 200 1475 300 1216 400
791 0 5 1024 0 381 100 296 200 1190 300 72 400
792 0 5 657 0 594 100 235 200 1240 300 1395 400
793 0 5 132 0 541 100 41 200 940 300 189 400
794 0 5 28 0 215 100 711 200 477 300 1382 400
795 0 5 379 0 540 100 1522 200 1521 300 1223 400
796 0 5 1195 0 850 100 784 200 465 300 660 400
797 0 5 748 0 138 100 249 200 1021 300 933 400
798 0 5 991 0 176 100 489 200 1473 300 413 400
799 0 5 239 0 819 100 586 200 144 300 1059 400
800 0 5 909 0 620 100 876 200 53 300 441 400
801 0 5 912 0 1186 100 9 200 632 300 1405 400
802 0 5 366 0 347 100 1396 200 729 300 483 400
803 0 5 1184 0 945 100 1070 200 879 300 782 400
804 0 5 1139 0 510 100 1156 200 868 300 270 400
805 0 5 191 0 1430 100 219 200 292 300 1134 400
806 0 5 365 0 1165 100 1135 200 558 300 1263 400
807 0 5 890 0 1200 100 1212 200 1196 300 1037 400
808 0 5 238 0 1001 100 255 200 432 300 95 400
809 0 5 272 0 330 100 998 200 960 300 624 400
810 0 5 1488 0 436 100 975 200 18 300 103 400
811 0 5 837 0 127 100 699 200 914 300 709 400
812 0 5 285 0 73 100 281 200 1007 300 993 400
813 0 5 182 0 445 100 590 200 1401 300 1000 400
814 0 5 527 0 304 100 914 200 1128 300 1111 400
815 0 5 1201 0 1454 100 37 200 1472 300 772 400
816 0 5 866 0 1172 100 620 200 1430 300 1383 400
817 0 5 1206 0 584 100 717 200 213 300 947 400
818 0 5 469 0 1331 100 1045 200 1480 300 1317 400
819 0 5 617 0 239 100 799 200 586 300 341 400
820 0 5 1391 0 567 100 491 200 1141 300 871 400
821 0 5 1216 0 430 100 170 200 947 300 749 400
822 0 5 533 0 4 100 775 200 1177 300 665 400
823 0 5 416 0 30 100 197 200 41 300 113 400
824 0 5 997 0 1486 100 96 200 728 300 551 400
825 0 5 874 0 727 100 1155 200 1412 300 829 400
826 0 5 311 0 198 100 443 200 746 300 1235 400
827 0 5 453 0 676 100 27 200 1268 300 1474 400
828 0 5 154 0 1160 100 690 200 857 300 930 400
829 0 5 565 0 727 100 1044 200 1412 300 825 400
830 0 5 888 0 184 100 878 200 1348 300 1012 400
831 0 5 461 0 910 100 599 200 1373 300 1245 400
832 0 5 1194 0 122 100 201 200 56 300 422 400
833 0 5 1320 0 692 100 47 200 1455 300 1403 400
834 0 5 185 0 1478 100 137 200 624 300 1484 400
835 0 5 319 0 1246 100 989 200 214 300 390 400
836 0 5 1451 0 154 100 1094 200 1156 300 1229 400
837 0 5 811 0 914 100 127 200 321 300 814 400
838 0 5 1421 0 498 100 739 200 1210 300 1308 400
839 0 5 318 0 77 100 2 200 148 300 1432 400
840 0 5 1107 0 736 100 1338 200 701 300 996 400
841 0 5 1272 0 122 100 56 200 99 300 700 400
842 0 5 1187 0 388 100 108 200 1289 300 46 400
843 0 5 1204 0 193 100 440 200 14 300 409 400
844 0 5 1392 0 398 100 29 200 158 300 1312 400
845 0 5 1471 0 1037 100 768 200 719 300 463 400
846 0 5 7 0 540 100 542 200 379 300 64 400
847 0 5 169 0 1139 100 990 200 1437 300 1417 400
848 0 5 617 0 426 100 586 200 385 300 341 400
849 0 5 94 0 464 100 1122 200 1138 300 191 400
850 0 5 796 0 784 100 1141 200 59 300 1195 400
851 0 5 980 0 212 100 1048 200 613 300 707 400
852 0 5 1253 0 165 100 405 200 28 300 711 400
853 0 5 767 0 638 100 1467 200 1276 300 856 400
854 0 5 1248 0 722 100 687 200 1267 300 1444 400
855 0 5 392 0 479 100 1466 200 505 300 1409 400
856 0 5 648 0 680 100 98 200 853 300 767 400
857 0 5 930 0 1490 100 154 200 1060 300 828 400
858 0 5 1335 0 1113 100 159 200 149 300 389 400
859 0 5 1261 0 952 100 239 200 730 300 200 400
860 0 5 219 0 1385 100 1409 200 292 300 552 400
861 0 5 49 0 948 100 931 200 1373 300 494 400
862 0 5 317 0 261 100 674 200 565 300 1307 400
863 0 5 374 0 310 100 1005 200 1153 300 1158 400
864 0 5 1114 0 1304 100 258 200 229 300 1079 400
865 0 5 345 0 619 100 227 200 128 300 750 400
866 0 5 816 0 1383 100 1172 200 979 300 167 400
867 0 5 694 0 1033 100 405 200 418 300 165 400
868 0 5 1084 0 270 100 804 200 510 300 1139 400
869 0 5 921 0 492 100 536 200 1345 300 611 400
870 0 5 631 0 1352 100 161 200 458 300 1124 400
871 0 5 85 0 1089 100 820 200 491 300 567 400
872 0 5 1119 0 739 100 881 200 1308 300 1210 400
873 0 5 1476 0 1177 100 462 200 139 300 640 400
874 0 5 1155 0 825 100 584 200 829 300 196 400
875 0 5 335 0 702 100 764 200 543 300 284 400
876 0 5 441 0 681 100 620 200 800 300 909 400
877 0 5 1354 0 1332 100 3 200 265 300 408 400
878 0 5 830 0 1132 100 1348 200 1308 300 1012 400
879 0 5 559 0 1140 100 1184 200 1070 300 803 400
880 0 5 1448 0 402 100 1143 200 120 300 1027 400
881 0 5 1287 0 1210 100 872 200 787 300 739 400
882 0 5 1009 0 725 100 779 200 634 300 337 400
883 0 5 84 0 596 100 400 200 124 300 744 400
884 0 5 1219 0 1123 100 326 200 1260 300 605 400
885 0 5 731 0 75 100 174 200 1407 300 524 400
886 0 5 673 0 143 100 965 200 784 300 850 400
887 0 5 1096 0 969 100 484 200 1343 300 262 400
888 0 5 830 0 1348 100 1341 200 1456 300 878 400
889 0 5 1189 0 1174 100 509 200 399 300 1019 400
890 0 5 807 0 1363 100 1039 200 36 300 353 400
891 0 5 1310 0 424 100 1492 200 97 300 1483 400
892 0 5 697 0 1340 100 751 200 90 300 1379 400
893 0 5 361 0 471 100 1307 200 213 300 119 400
894 0 5 1221 0 451 100 1498 200 384 300 1450 400
895 0 5 23 0 308 100 254 200 32 300 505 400
896 0 5 899 0 4 100 775 200 533 300 742 400
897 0 5 753 0 984 100 65 200 1061 300 925 400
898 0 5 986 0 964 100 208 200 376 300 1193 400
899 0 5 896 0 1041 100 664 200 4 300 57 400
900 0 5 311 0 420 100 1296 200 171 300 343 400
901 0 5 325 0 88 100 1010 200 1158 300 902 400
902 0 5 1427 0 72 100 374 200 88 300 1010 400
903 0 5 1344 0 1042 100 1227 200 1377 300 560 400
904 0 5 172 0 708 100 1211 200 416 300 41 400
905 0 5 175 0 85 100 1089 200 871 300 202 400
906 0 5 162 0 1475 100 790 200 1067 300 69 400
907 0 5 228 0 237 100 1024 200 310 300 902 400
908 0 5 148 0 1414 100 190 200 1213 300 1187 400
909 0 5 800 0 53 100 1380 200 620 300 1456 400
910 0 5 461 0 599 100 831 200 609 300 1373 400
911 0 5 1134 0 681 100 557 200 441 300 53 400
912 0 5 967 0 801 100 1207 200 9 300 3 400
913 0 5 527 0 1099 100 456 200 173 300 256 400
914 0 5 837 0 811 100 814 200 321 300 127 400
915 0 5 507 0 1496 100 55 200 1461 300 1136 400
916 0 5 1243 0 511 100 1157 200 1341 300 1163 400
917 0 5 48 0 508 100 1274 200 373 300 65 400
918 0 5 754 0 591 100 1244 200 701 300 1338 400
919 0 5 1407 0 174 100 482 200 1051 300 885 400
920 0 5 1368 0 1028 100 724 200 257 300 140 400
921 0 5 869 0 763 100 943 200 536 300 492 400
922 0 5 507 0 744 100 1461 200 399 300 1136 400
923 0 5 982 0 305 100 306 200 25 300 1074 400
924 0 5 1315 0 1284 100 428 200 522 300 934 400
925 0 5 401 0 1252 100 753 200 897 300 65 400
926 0 5 494 0 211 100 1129 200 1406 300 52 400
927 0 5 1408 0 1192 100 1380 200 766 300 1456 400
928 0 5 300 0 64 100 560 200 542 300 1042 400
929 0 5 1176 0 25 100 1481 200 488 300 1449 400
930 0 5 857 0 734 100 645 200 1094 300 154 400
931 0 5 1373 0 992 100 546 200 861 300 1193 400
932 0 5 568 0 790 100 421 200 296 300 249 400
933 0 5 138 0 1021 100 356 200 1190 300 296 400
934 0 5 1284 0 924 100 522 200 1315 300 1441 400
935 0 5 698 0 713 100 52 200 1245 300 153 400
936 0 5 145 0 639 100 636 200 334 300 680 400
937 0 5 1204 0 1268 100 1364 200 453 300 827 400
938 0 5 114 0 706 100 1107 200 1098 300 178 400
939 0 5 186 0 1045 100 1359 200 112 300 1319 400
940 0 5 189 0 1211 100 199 200 526 300 132 400
941 0 5 30 0 987 100 113 200 144 300 1117 400
942 0 5 593 0 102 100 1050 200 1277 300 1182 400
943 0 5 763 0 1413 100 536 200 921 300 188 400
944 0 5 482 0 1317 100 359 200 1051 300 205 400
945 0 5 782 0 803 100 1184 200 1070 300 747 400
946 0 5 785 0 512 100 1422 200 521 300 778 400
947 0 5 213 0 119 100 430 200 170 300 253 400
948 0 5 861 0 713 100 1373 200 992 300 931 400
949 0 5 1034 0 108 100 1289 200 518 300 425 400
950 0 5 225 0 970 100 1420 200 110 300 526 400
951 0 5 146 0 280 100 606 200 999 300 1381 400
952 0 5 387 0 669 100 859 200 1261 300 200 400
953 0 5 1238 0 1044 100 565 200 1061 300 829 400
954 0 5 438 0 1425 100 1017 200 537 300 601 400
955 0 5 635 0 230 100 1020 200 1362 300 361 400
956 0 5 552 0 1291 100 553 200 297 300 1385 400
957 0 5 43 0 638 100 680 200 853 300 1467 400
958 0 5 322 0 39 100 1060 200 395 300 1497 400
959 0 5 446 0 1325 100 34 200 716 300 282 400
960 0 5 1154 0 1120 100 809 200 497 300 272 400
961 0 5 633 0 161 100 1000 200 1352 300 220 400
962 0 5 689 0 480 100 1040 200 1126 300 1333 400
963 0 5 673 0 1365 100 368 200 302 300 59 400
964 0 5 208 0 898 100 1193 200 45 300 1223 400
965 0 5 143 0 1365 100 458 200 886 300 660 400
966 0 5 1339 0 278 100 1116 200 1171 300 210 400
967 0 5 1207 0 912 100 467 200 1186 300 801 400
968 0 5 761 0 758 100 192 200 417 300 1426 400
969 0 5 887 0 233 100 168 200 1096 300 484 400
970 0 5 950 0 67 100 682 200 575 300 110 400
971 0 5 1462 0 1103 100 1130 200 68 300 1255 400
972 0 5 513 0 1174 100 518 200 1282 300 425 400
973 0 5 378 0 207 100 1375 200 1087 300 444 400
974 0 5 691 0 1149 100 1318 200 1483 300 350 400
975 0 5 1290 0 467 100 1207 200 810 300 332 400
976 0 5 678 0 670 100 1034 200 544 300 598 400
977 0 5 167 0 257 100 282 200 979 300 1264 400
978 0 5 1453 0 1308 100 1119 200 1348 300 1341 400
979 0 5 1012 0 167 100 1132 200 866 300 977 400
980 0 5 851 0 1048 100 1196 200 427 300 36 400
981 0 5 1473 0 577 100 489 200 569 300 1470 400
982 0 5 305 0 923 100 1074 200 25 300 1455 400
983 0 5 1316 0 105 100 685 200 1279 300 1390 400
984 0 5 897 0 1274 100 1061 200 65 300 753 400
985 0 5 503 0 371 100 1318 200 344 300 538 400
986 0 5 898 0 1447 100 376 200 1193 300 452 400
987 0 5 650 0 941 100 30 200 197 300 221 400
988 0 5 665 0 742 100 1342 200 896 300 775 400
989 0 5 214 0 1246 100 44 200 1312 300 835 400
990 0 5 1417 0 1229 100 847 200 367 300 1032 400
991 0 5 798 0 1473 100 413 200 176 300 489 400
992 0 5 45 0 931 100 49 200 1193 300 948 400
993 0 5 281 0 111 100 703 200 627 300 622 400
994 0 5 473 0 1187 100 1181 200 40 300 190 400
995 0 5 1035 0 1158 100 134 200 762 300 147 400
996 0 5 1107 0 736 100 840 200 114 300 1244 400
997 0 5 824 0 728 100 96 200 42 300 155 400
998 0 5 330 0 476 100 809 200 16 300 624 400
999 0 5 549 0 606 100 146 200 313 300 437 400
1000 0 5 231 0 161 100 182 200 961 300 590 400
1001 0 5 255 0 808 100 95 200 396 300 14 400
1002 0 5 186 0 1086 100 607 200 496 300 1439 400
1003 0 5 1167 0 1027 100 738 200 1014 300 1230 400
1004 0 5 773 0 1112 100 1082 200 240 300 1379 400
1005 0 5 374 0 88 100 863 200 902 300 1158 400
1006 0 5 73 0 111 100 1057 200 597 300 993 400
1007 0 5 281 0 128 100 1459 200 285 300 812 400
1008 0 5 164 0 1491 100 479 200 74 300 665 400
1009 0 5 882 0 779 100 337 200 725 300 786 400
1010 0 5 1101 0 325 100 901 200 328 300 902 400
1011 0 5 1281 0 1091 100 356 200 1411 300 1024 400
1012 0 5 184 0 979 100 1132 200 878 300 1106 400
1013 0 5 590 0 1448 100 1259 200 1143 300 1381 400
1014 0 5 1270 0 1230 100 1127 200 377 300 1003 400
1015 0 5 1257 0 260 100 38 200 407 300 534 400
1016 0 5 350 0 221 100 1192 200 766 300 457 400
1017 0 5 1053 0 1425 100 1178 200 954 300 537 400
1018 0 5 1263 0 1442 100 1241 200 1135 300 315 400
1019 0 5 1314 0 395 100 234 200 1148 300 889 400
1020 0 5 1434 0 361 100 955 200 1362 300 1356 400
1021 0 5 568 0 933 100 249 200 296 300 797 400
1022 0 5 1294 0 51 100 1416 200 1428 300 555 400
1023 0 5 226 0 1111 100 179 200 1437 300 554 400
1024 0 5 1293 0 791 100 907 200 237 300 356 400
1025 0 5 391 0 535 100 720 200 193 300 1056 400
1026 0 5 447 0 15 100 1485 200 605 300 1159 400
1027 0 5 120 0 1003 100 402 200 229 300 1014 400
1028 0 5 920 0 384 100 140 200 1368 300 1498 400
1029 0 5 588 0 602 100 117 200 571 300 100 400
1030 0 5 1457 0 380 100 748 200 782 300 826 400
1031 0 5 151 0 525 100 323 200 1474 300 604 400
1032 0 5 1460 0 367 100 1229 200 329 300 690 400
1033 0 5 694 0 867 100 418 200 360 300 1073 400
1034 0 5 518 0 949 100 976 200 670 300 108 400
1035 0 5 762 0 995 100 336 200 1158 300 147 400
1036 0 5 666 0 469 100 1423 200 135 300 205 400
1037 0 5 1039 0 463 100 1212 200 1196 300 890 400
1038 0 5 1152 0 410 100 61 200 289 300 771 400
1039 0 5 1196 0 1037 100 890 200 36 300 807 400
1040 0 5 689 0 1126 100 1386 200 962 300 735 400
1041 0 5 664 0 19 100 899 200 57 300 1166 400
1042 0 5 542 0 903 100 560 200 928 300 64 400
1043 0 5 1170 0 470 100 78 200 251 300 1321 400
1044 0 5 953 0 829 100 565 200 1252 300 1238 400
1045 0 5 1359 0 939 100 818 200 112 300 1480 400
1046 0 5 22 0 561 100 504 200 1065 300 134 400
1047 0 5 1121 0 699 100 1144 200 321 300 480 400
1048 0 5 36 0 980 100 851 200 21 300 1363 400
1049 0 5 1479 0 1374 100 460 200 1251 300 539 400
1050 0 5 1277 0 1258 100 942 200 1182 300 593 400
1051 0 5 757 0 482 100 359 200 1407 300 919 400
1052 0 5 129 0 740 100 1284 200 1315 300 1150 400
1053 0 5 1017 0 57 100 1425 200 1465 300 954 400
1054 0 5 1212 0 1471 100 1200 200 596 300 604 400
1055 0 5 1270 0 231 100 1259 200 1014 300 1000 400
1056 0 5 625 0 391 100 1351 200 1079 300 621 400
1057 0 5 597 0 532 100 268 200 1006 300 307 400
1058 0 5 19 0 1162 100 1166 200 1425 300 1041 400
1059 0 5 87 0 144 100 1311 200 564 300 799 400
1060 0 5 39 0 274 100 101 200 958 300 857 400
1061 0 5 299 0 1238 100 984 200 1274 300 897 400
1062 0 5 150 0 375 100 1065 200 616 300 1161 400
1063 0 5 1355 0 743 100 526 200 302 300 1266 400
1064 0 5 1361 0 106 100 160 200 1404 300 1151 400
1065 0 5 1102 0 561 100 1046 200 375 300 1188 400
1066 0 5 337 0 1382 100 786 200 215 300 711 400
1067 0 5 1475 0 69 100 1216 200 790 300 769 400
1068 0 5 1097 0 1076 100 181 200 324 300 125 400
1069 0 5 636 0 468 100 1343 200 680 300 1142 400
1070 0 5 1140 0 803 100 945 200 879 300 747 400
1071 0 5 1406 0 1322 100 543 200 335 300 1129 400
1072 0 5 9 0 528 100 3 200 403 300 11 400
1073 0 5 554 0 360 100 1376 200 1033 300 1023 400
1074 0 5 1176 0 362 100 1203 200 1455 300 982 400
1075 0 5 572 0 1226 100 306 200 454 300 33 400
1076 0 5 324 0 1068 100 181 200 423 300 628 400
1077 0 5 1239 0 1469 100 341 200 663 300 387 400
1078 0 5 610 0 603 100 133 200 76 300 1296 400
1079 0 5 1351 0 1304 100 864 200 271 300 1350 400
1080 0 5 765 0 185 100 195 200 1478 300 787 400
1081 0 5 495 0 349 100 275 200 104 300 1400 400
1082 0 5 1112 0 1004 100 130 200 1103 300 1379 400
1083 0 5 414 0 297 100 32 200 1169 300 308 400
1084 0 5 868 0 1145 100 1139 200 270 300 1232 400
1085 0 5 1299 0 1153 100 310 200 863 300 336 400
1086 0 5 1217 0 1439 100 496 200 1002 300 186 400
1087 0 5 1109 0 326 100 449 200 973 300 26 400
1088 0 5 180 0 1159 100 236 200 319 300 1424 400
1089 0 5 202 0 871 100 393 200 175 300 547 400
1090 0 5 289 0 1367 100 439 200 771 300 222 400
1091 0 5 237 0 1011 100 356 200 1281 300 1024 400
1092 0 5 566 0 339 100 677 200 222 300 434 400
1093 0 5 295 0 588 100 1371 200 602 300 618 400
1094 0 5 154 0 836 100 930 200 1156 300 645 400
1095 0 5 1350 0 723 100 971 200 271 300 260 400
1096 0 5 887 0 158 100 262 200 969 300 390 400
1097 0 5 1286 0 1068 100 125 200 181 300 550 400
1098 0 5 1271 0 938 100 455 200 1107 300 178 400
1099 0 5 256 0 456 100 913 200 1128 300 287 400
1100 0 5 666 0 1423 100 635 200 1303 300 1110 400
1101 0 5 1010 0 224 100 328 200 338 300 902 400
1102 0 5 1065 0 232 100 561 200 1493 300 1188 400
1103 0 5 1130 0 971 100 1255 200 130 300 1082 400
1104 0 5 1488 0 1175 100 1499 200 563 300 1209 400
1105 0 5 83 0 96 100 824 200 1359 300 728 400
1106 0 5 1383 0 184 100 1012 200 866 300 830 400
1107 0 5 114 0 840 100 938 200 996 300 736 400
1108 0 5 333 0 217 100 442 200 1379 300 658 400
1109 0 5 1087 0 26 100 1246 200 44 300 1485 400
1110 0 5 1331 0 635 100 1306 200 1100 300 1362 400
1111 0 5 1023 0 226 100 554 200 304 300 756 400
1112 0 5 1082 0 1004 100 130 200 1379 300 773 400
1113 0 5 159 0 858 100 12 200 1140 300 389 400
1114 0 5 229 0 864 100 258 200 582 300 1003 400
1115 0 5 1346 0 68 100 649 200 971 300 1133 400
1116 0 5 48 0 278 100 966 200 373 300 210 400
1117 0 5 371 0 144 100 1149 200 1318 300 799 400
1118 0 5 1388 0 351 100 349 200 1440 300 275 400
1119 0 5 1308 0 872 100 978 200 1453 300 739 400
1120 0 5 960 0 293 100 1336 200 970 300 809 400
1121 0 5 1144 0 1047 100 480 200 699 300 550 400
1122 0 5 1138 0 849 100 783 200 219 300 630 400
1123 0 5 326 0 109 100 884 200 1260 300 612 400
1124 0 5 1355 0 631 100 1352 200 961 300 743 400
1125 0 5 196 0 769 100 704 200 69 300 1067 400
1126 0 5 444 0 378 100 1040 200 962 300 973 400
1127 0 5 377 0 1270 100 562 200 1014 300 1435 400
1128 0 5 304 0 256 100 814 200 527 300 1099 400
1129 0 5 211 0 1406 100 926 200 354 300 543 400
1130 0 5 1103 0 751 100 971 200 1462 300 1379 400
1131 0 5 1494 0 194 100 1432 200 2 300 77 400
1132 0 5 1012 0 878 100 979 200 1421 300 830 400
1133 0 5 621 0 1351 100 1350 200 68 300 1079 400
1134 0 5 911 0 1430 100 1172 200 805 300 681 400
1135 0 5 315 0 1263 100 1018 200 806 300 1165 400
1136 0 5 744 0 719 100 507 200 1496 300 922 400
1137 0 5 152 0 348 100 58 200 752 300 418 400
1138 0 5 464 0 1122 100 630 200 849 300 191 400
1139 0 5 847 0 804 100 169 200 1417 300 1084 400
1140 0 5 1070 0 559 100 879 200 159 300 1113 400
1141 0 5 515 0 166 100 491 200 820 300 850 400
1142 0 5 478 0 1343 100 468 200 291 300 1069 400
1143 0 5 120 0 91 100 1013 200 402 300 880 400
1144 0 5 1121 0 550 100 1047 200 321 300 181 400
1145 0 5 1084 0 1232 100 868 200 1139 300 270 400
1146 0 5 1201 0 1191 100 570 200 216 300 37 400
1147 0 5 1444 0 758 100 545 200 71 300 1267 400
1148 0 5 1497 0 395 100 1019 200 101 300 777 400
1149 0 5 974 0 1318 100 1117 200 371 300 985 400
1150 0 5 613 0 595 100 707 200 1052 300 1284 400
1151 0 5 575 0 106 100 160 200 1250 300 970 400
1152 0 5 273 0 1262 100 1038 200 410 300 1481 400
1153 0 5 1085 0 1158 100 863 200 1299 300 336 400
1154 0 5 497 0 960 100 67 200 1484 300 206 400
1155 0 5 874 0 825 100 348 200 829 300 152 400
1156 0 5 1451 0 1417 100 1229 200 836 300 804 400
1157 0 5 511 0 916 100 16 200 386 300 248 400
1158 0 5 1153 0 995 100 88 200 863 300 901 400
1159 0 5 1088 0 180 100 236 200 447 300 1026 400
1160 0 5 828 0 1490 100 401 200 154 300 274 400
1161 0 5 616 0 150 100 375 200 500 300 1062 400
1162 0 5 1058 0 1166 100 1286 200 1224 300 125 400
1163 0 5 342 0 766 100 668 200 221 300 916 400
1164 0 5 1386 0 1265 100 1446 200 1179 300 689 400
1165 0 5 1402 0 806 100 558 200 1135 300 315 400
1166 0 5 1224 0 646 100 1162 200 6 300 1058 400
1167 0 5 1003 0 738 100 582 200 1419 300 720 400
1168 0 5 1205 0 626 100 466 200 658 300 442 400
1169 0 5 414 0 1325 100 1220 200 1083 300 297 400
1170 0 5 1043 0 1321 100 78 200 251 300 470 400
1171 0 5 754 0 1339 100 966 200 210 300 278 400
1172 0 5 816 0 1430 100 1134 200 866 300 620 400
1173 0 5 386 0 248 100 684 200 787 300 185 400
1174 0 5 972 0 509 100 889 200 539 300 556 400
1175 0 5 1104 0 1209 100 563 200 615 300 459 400
1176 0 5 1074 0 25 100 929 200 1203 300 1481 400
1177 0 5 873 0 462 100 693 200 1476 300 1418 400
1178 0 5 537 0 254 100 1017 200 1465 300 308 400
1179 0 5 1446 0 173 100 1164 200 527 300 1265 400
1180 0 5 1333 0 689 100 1446 200 127 300 709 400
1181 0 5 195 0 787 100 994 200 473 300 1287 400
1182 0 5 593 0 286 100 1258 200 1050 300 703 400
1183 0 5 92 0 1213 100 188 200 1187 300 611 400
1184 0 5 803 0 879 100 945 200 782 300 1411 400
1185 0 5 643 0 1339 100 142 200 966 300 234 400
1186 0 5 801 0 307 100 737 200 332 300 1405 400
1187 0 5 842 0 388 100 994 200 46 300 908 400
1188 0 5 375 0 1194 100 201 200 1065 300 1102 400
1189 0 5 123 0 889 100 1461 200 922 300 234 400
1190 0 5 296 0 1293 100 791 200 933 300 356 400
1191 0 5 216 0 560 100 1146 200 928 300 357 400
1192 0 5 766 0 927 100 1408 200 1016 300 457 400
1193 0 5 376 0 45 100 964 200 264 300 992 400
1194 0 5 832 0 201 100 1188 200 122 300 1300 400
1195 0 5 491 0 796 100 850 200 1141 300 465 400
1196 0 5 1039 0 652 100 980 200 427 300 1037 400
1197 0 5 50 0 520 100 767 200 853 300 241 400
1198 0 5 265 0 1468 100 1332 200 314 300 24 400
1199 0 5 115 0 40 100 1287 200 473 300 1210 400
1200 0 5 604 0 807 100 1212 200 323 300 463 400
1201 0 5 1146 0 815 100 1387 200 570 300 37 400
1202 0 5 276 0 353 100 295 200 1371 300 27 400
1203 0 5 183 0 141 100 1074 200 1176 300 929 400
1204 0 5 937 0 843 100 431 200 1268 300 1364 400
1205 0 5 1168 0 1403 100 658 200 626 300 585 400
1206 0 5 817 0 170 100 947 200 196 300 584 400
1207 0 5 967 0 467 100 975 200 912 300 332 400
1208 0 5 339 0 203 100 434 200 535 300 1346 400
1209 0 5 408 0 1175 100 615 200 563 300 24 400
1210 0 5 739 0 881 100 1287 200 872 300 115 400
1211 0 5 199 0 940 100 708 200 302 300 904 400
1212 0 5 463 0 1037 100 1200 200 807 300 890 400
1213 0 5 1414 0 611 100 1183 200 148 300 908 400
1214 0 5 1241 0 20 100 1442 200 572 300 33 400
1215 0 5 765 0 1426 100 79 200 192 300 1278 400
1216 0 5 821 0 69 100 170 200 1067 300 1475 400
1217 0 5 1439 0 1086 100 186 200 1002 300 496 400
1218 0 5 365 0 1297 100 1263 200 578 300 558 400
1219 0 5 884 0 605 100 1485 200 422 300 223 400
1220 0 5 1169 0 537 100 414 200 601 300 628 400
1221 0 5 894 0 451 100 1450 200 2 300 1498 400
1222 0 5 139 0 187 100 1418 200 844 300 640 400
1223 0 5 208 0 379 100 795 200 7 300 964 400
1224 0 5 644 0 1166 100 1162 200 1349 300 6 400
1225 0 5 733 0 290 100 1370 200 538 300 1489 400
1226 0 5 1470 0 1075 100 1415 200 454 300 572 400
1227 0 5 560 0 903 100 661 200 1042 300 357 400
1228 0 5 157 0 1378 100 1231 200 108 300 1279 400
1229 0 5 1451 0 1417 100 1156 200 990 300 367 400
1230 0 5 409 0 1014 100 738 200 1003 300 440 400
1231 0 5 157 0 481 100 1378 200 1228 300 1390 400
1232 0 5 423 0 1145 100 1494 200 181 300 1084 400
1233 0 5 1337 0 1285 100 18 200 519 300 35 400
1234 0 5 301 0 1472 100 358 200 1387 300 815 400
1235 0 5 198 0 249 100 826 200 749 300 748 400
1236 0 5 580 0 511 100 16 200 476 300 342 400
1237 0 5 42 0 1372 100 728 200 267 300 107 400
1238 0 5 953 0 1061 100 86 200 565 300 1044 400
1239 0 5 1077 0 547 100 393 200 1469 300 663 400
1240 0 5 235 0 792 100 156 200 608 300 250 400
1241 0 5 1214 0 1458 100 1018 200 1442 300 60 400
1242 0 5 1271 0 529 100 701 200 37 300 840 400
1243 0 5 1453 0 1341 100 916 200 1157 300 1348 400
1244 0 5 736 0 715 100 472 200 840 300 1298 400
1245 0 5 93 0 609 100 935 200 713 300 461 400
1246 0 5 835 0 989 100 44 200 214 300 1109 400
1247 0 5 1500 0 458 100 445 200 31 300 683 400
1248 0 5 854 0 1444 100 685 200 1267 300 1147 400
1249 0 5 1252 0 780 100 58 200 690 300 752 400
1250 0 5 160 0 682 100 1151 200 110 300 970 400
1251 0 5 1479 0 460 100 1413 200 943 300 556 400
1252 0 5 1249 0 925 100 1044 200 401 300 829 400
1253 0 5 852 0 711 100 165 200 28 300 1382 400
1254 0 5 398 0 1312 100 390 200 262 300 844 400
1255 0 5 260 0 755 100 1103 200 971 300 1305 400
1256 0 5 1449 0 778 100 60 200 929 300 488 400
1257 0 5 1015 0 313 100 407 200 549 300 372 400
1258 0 5 776 0 1050 100 1182 200 470 300 78 400
1259 0 5 590 0 1448 100 1013 200 1055 300 231 400
1260 0 5 382 0 884 100 56 200 109 300 1123 400
1261 0 5 859 0 730 100 614 200 952 300 239 400
1262 0 5 141 0 1152 100 1481 200 273 300 1038 400
1263 0 5 1135 0 1018 100 1297 200 365 300 1218 400
1264 0 5 1436 0 553 100 282 200 167 300 1326 400
1265 0 5 1164 0 1386 100 173 200 735 300 1179 400
1266 0 5 743 0 220 100 225 200 1063 300 526 400
1267 0 5 1328 0 545 100 530 200 1147 300 854 400
1268 0 5 937 0 1204 100 1394 200 827 300 843 400
1269 0 5 10 0 500 100 98 200 1300 300 121 400
1270 0 5 1055 0 1014 100 1127 200 231 300 1482 400
1271 0 5 1242 0 1098 100 529 200 1107 300 1191 400
1272 0 5 841 0 99 100 671 200 1353 300 517 400
1273 0 5 92 0 388 100 1183 200 46 300 1213 400
1274 0 5 299 0 984 100 917 200 65 300 1061 400
1275 0 5 669 0 200 100 583 200 344 300 614 400
1276 0 5 43 0 1467 100 680 200 853 300 638 400
1277 0 5 1050 0 1399 100 102 200 1354 300 942 400
1278 0 5 481 0 1378 100 1390 200 1215 300 79 400
1279 0 5 1316 0 481 100 678 200 983 300 105 400
1280 0 5 712 0 504 100 22 200 1046 300 514 400
1281 0 5 1011 0 1411 100 356 200 1024 300 1091 400
1282 0 5 84 0 670 100 124 200 518 300 598 400
1283 0 5 1464 0 1454 100 352 200 13 300 267 400
1284 0 5 924 0 1052 100 934 200 740 300 1315 400
1285 0 5 519 0 1337 100 1233 200 247 300 1240 400
1286 0 5 1097 0 125 100 1349 200 1162 300 1224 400
1287 0 5 881 0 1199 100 1210 200 115 300 787 400
1288 0 5 642 0 468 100 10 200 695 300 236 400
1289 0 5 388 0 425 100 949 200 108 300 46 400
1290 0 5 615 0 975 100 912 200 1104 300 3 400
1291 0 5 553 0 956 100 552 200 292 300 860 400
1292 0 5 230 0 603 100 610 200 1347 300 133 400
1293 0 5 356 0 1024 100 1190 200 791 300 933 400
1294 0 5 1022 0 459 100 499 200 555 300 51 400
1295 0 5 1298 0 736 100 114 200 1107 300 1244 400
1296 0 5 343 0 746 100 1078 200 311 300 900 400
1297 0 5 1218 0 1263 100 1506 200 1505 300 578 400
1298 0 5 1295 0 472 100 768 200 55 300 736 400
1299 0 5 506 0 1085 100 1153 200 336 300 490 400
1300 0 5 121 0 201 100 1269 200 642 300 422 400
1301 0 5 521 0 655 100 486 200 785 300 578 400
1302 0 5 545 0 758 100 1360 200 781 300 1147 400
1303 0 5 1423 0 259 100 397 200 436 300 1100 400
1304 0 5 372 0 1079 100 864 200 407 300 258 400
1305 0 5 534 0 260 100 755 200 1255 300 1015 400
1306 0 5 1362 0 1445 100 1356 200 433 300 1110 400
1307 0 5 213 0 717 100 893 200 317 300 1356 400
1308 0 5 1119 0 1421 100 978 200 872 300 739 400
1309 0 5 277 0 768 100 1298 200 394 300 1295 400
1310 0 5 891 0 97 100 424 200 1380 300 1483 400
1311 0 5 172 0 1059 100 113 200 564 300 144 400
1312 0 5 1254 0 390 100 214 200 398 300 989 400
1313 0 5 183 0 1366 100 1320 200 364 300 47 400
1314 0 5 1019 0 509 100 1148 200 889 300 1497 400
1315 0 5 924 0 718 100 1284 200 1052 300 428 400
1316 0 5 983 0 1279 100 685 200 678 300 105 400
1317 0 5 764 0 944 100 112 200 358 300 1045 400
1318 0 5 1149 0 985 100 538 200 371 300 974 400
1319 0 5 267 0 496 100 1454 200 939 300 772 400
1320 0 5 47 0 833 100 1313 200 1366 300 1455 400
1321 0 5 1170 0 622 100 78 200 251 300 993 400
1322 0 5 1071 0 641 100 35 200 156 300 247 400
1323 0 5 662 0 1443 100 1445 200 1480 300 261 400
1324 0 5 660 0 683 100 1500 200 458 300 450 400
1325 0 5 959 0 1169 100 414 200 446 300 1220 400
1326 0 5 292 0 1436 100 1430 200 1264 300 805 400
1327 0 5 116 0 1357 100 629 200 1369 300 595 400
1328 0 5 604 0 1267 100 687 200 1200 300 1054 400
1329 0 5 548 0 81 100 646 200 1166 300 693 400
1330 0 5 1492 0 691 100 1483 200 350 300 891 400
1331 0 5 1110 0 1480 100 818 200 469 300 1045 400
1332 0 5 24 0 877 100 408 200 1198 300 265 400
1333 0 5 1180 0 689 100 480 200 709 300 962 400
1334 0 5 284 0 1387 100 570 200 1201 300 702 400
1335 0 5 149 0 858 100 244 200 389 300 12 400
1336 0 5 189 0 293 100 541 200 1120 300 940 400
1337 0 5 1233 0 1285 100 18 200 732 300 608 400
1338 0 5 591 0 455 100 701 200 840 300 736 400
1339 0 5 1171 0 966 100 1185 200 754 300 643 400
1340 0 5 751 0 892 100 1379 200 1130 300 90 400
1341 0 5 1348 0 1243 100 1453 200 888 300 916 400
1342 0 5 665 0 988 100 74 200 742 300 688 400
1343 0 5 291 0 484 100 1142 200 887 300 1069 400
1344 0 5 903 0 1377 100 246 200 245 300 354 400
1345 0 5 194 0 492 100 869 200 1494 300 611 400
1346 0 5 1115 0 649 100 1133 200 1208 300 339 400
1347 0 5 610 0 133 100 54 200 412 300 230 400
1348 0 5 1341 0 888 100 978 200 878 300 830 400
1349 0 5 644 0 1286 100 1224 200 1162 300 962 400
1350 0 5 1095 0 271 100 1079 200 1133 300 260 400
1351 0 5 621 0 1079 100 1133 200 1056 300 864 400
1352 0 5 631 0 870 100 161 200 1124 300 961 400
1353 0 5 671 0 729 100 483 200 1272 300 287 400
1354 0 5 263 0 877 100 1399 200 1277 300 528 400
1355 0 5 1063 0 1124 100 743 200 961 300 1365 400
1356 0 5 433 0 1434 100 1362 200 1306 300 317 400
1357 0 5 707 0 629 100 1327 200 212 300 595 400
1358 0 5 1478 0 1426 100 765 200 1080 300 1484 400
1359 0 5 1480 0 1045 100 939 200 83 300 1105 400
1360 0 5 1495 0 1477 100 1302 200 432 300 781 400
1361 0 5 1064 0 1495 100 106 200 417 300 1404 400
1362 0 5 1306 0 1434 100 1356 200 955 300 635 400
1363 0 5 36 0 353 100 890 200 1048 300 312 400
1364 0 5 453 0 431 100 255 200 937 300 1204 400
1365 0 5 963 0 965 100 458 200 673 300 143 400
1366 0 5 1313 0 364 100 1398 200 697 300 47 400
1367 0 5 771 0 439 100 364 200 1090 300 1398 400
1368 0 5 257 0 920 100 724 200 1028 300 140 400
1369 0 5 114 0 629 100 1508 200 706 300 1507 400
1370 0 5 538 0 415 100 1225 200 1483 300 97 400
1371 0 5 1093 0 353 100 312 200 295 300 1202 400
1372 0 5 107 0 701 100 591 200 1237 300 352 400
1373 0 5 931 0 831 100 948 200 713 300 861 400
1374 0 5 656 0 734 100 1049 200 1479 300 556 400
1375 0 5 81 0 6 100 646 200 973 300 378 400
1376 0 5 756 0 165 100 554 200 1253 300 786 400
1377 0 5 245 0 1344 100 903 200 1042 300 246 400
1378 0 5 1231 0 481 100 1278 200 714 300 1228 400
1379 0 5 333 0 1340 100 1108 200 90 300 1082 400
1380 0 5 1456 0 927 100 1310 200 1408 300 909 400
1381 0 5 450 0 280 100 1401 200 31 300 606 400
1382 0 5 1066 0 711 100 786 200 215 300 1253 400
1383 0 5 1106 0 184 100 1456 200 866 300 620 400
1384 0 5 532 0 657 100 608 200 792 300 732 400
1385 0 5 1409 0 552 100 860 200 219 300 1291 400
1386 0 5 1164 0 1265 100 735 200 1040 300 689 400
1387 0 5 1334 0 570 100 284 200 1472 300 1201 400
1388 0 5 788 0 1118 100 288 200 370 300 558 400
1389 0 5 424 0 457 100 1408 200 1492 300 350 400
1390 0 5 79 0 1278 100 481 200 243 300 105 400
1391 0 5 567 0 820 100 426 200 1141 300 385 400
1392 0 5 187 0 844 100 398 200 1222 300 1312 400
1393 0 5 574 0 495 100 679 200 1415 300 569 400
1394 0 5 1487 0 203 100 1268 200 117 300 618 400
1395 0 5 250 0 153 100 406 200 235 300 594 400
1396 0 5 347 0 634 100 802 200 729 300 366 400
1397 0 5 204 0 1498 100 1028 200 384 300 1450 400
1398 0 5 364 0 531 100 1366 200 697 300 1367 400
1399 0 5 528 0 1277 100 1354 200 11 300 1072 400
1400 0 5 489 0 104 100 569 200 1081 300 495 400
1401 0 5 31 0 445 100 813 200 1381 300 450 400
1402 0 5 1165 0 82 100 320 200 558 300 806 400
1403 0 5 585 0 1205 100 833 200 692 300 298 400
1404 0 5 435 0 562 100 1435 200 294 300 160 400
1405 0 5 737 0 632 100 760 200 801 300 1186 400
1406 0 5 1071 0 1129 100 543 200 926 300 494 400
1407 0 5 919 0 174 100 524 200 1051 300 885 400
1408 0 5 457 0 927 100 1380 200 1389 300 1192 400
1409 0 5 1385 0 1466 100 860 200 219 300 1122 400
1410 0 5 137 0 272 100 1484 200 834 300 624 400
1411 0 5 380 0 1281 100 1184 200 782 300 748 400
1412 0 5 727 0 565 100 829 200 825 300 584 400
1413 0 5 943 0 460 100 1251 200 536 300 1479 400
1414 0 5 908 0 1213 100 148 200 1187 300 1183 400
1415 0 5 569 0 1470 100 1226 200 574 300 454 400
1416 0 5 397 0 1022 100 51 200 103 300 774 400
1417 0 5 1229 0 990 100 1156 200 847 300 1139 400
1418 0 5 139 0 462 100 1222 200 1177 300 640 400
1419 0 5 720 0 582 100 738 200 1167 300 1003 400
1420 0 5 110 0 220 100 1482 200 950 300 225 400
1421 0 5 838 0 1308 100 739 200 1132 300 878 400
1422 0 5 785 0 946 100 1441 200 521 300 1301 400
1423 0 5 1303 0 1100 100 259 200 1036 300 666 400
1424 0 5 236 0 695 100 1288 200 291 300 478 400
1425 0 5 954 0 1017 100 1053 200 1058 300 57 400
1426 0 5 1215 0 765 100 1358 200 192 300 79 400
1427 0 5 338 0 902 100 589 200 72 300 303 400
1428 0 5 774 0 555 100 1022 200 1452 300 171 400
1429 0 5 241 0 726 100 853 200 741 300 767 400
1430 0 5 1172 0 1134 100 292 200 805 300 1326 400
1431 0 5 11 0 581 100 760 200 102 300 403 400
1432 0 5 77 0 194 100 611 200 1131 300 839 400
1433 0 5 346 0 229 100 313 200 91 300 606 400
1434 0 5 1020 0 1362 100 1356 200 361 300 1445 400
1435 0 5 435 0 562 100 1404 200 1127 300 294 400
1436 0 5 1326 0 1264 100 553 200 292 300 1291 400
1437 0 5 179 0 279 100 169 200 226 300 847 400
1438 0 5 266 0 667 100 576 200 53 300 242 400
1439 0 5 1217 0 1086 100 186 200 1002 300 939 400
1440 0 5 351 0 275 100 1118 200 104 300 349 400
1441 0 5 428 0 522 100 924 200 934 300 1501 400
1442 0 5 20 0 1018 100 1214 200 369 300 66 400
1443 0 5 83 0 1323 100 1480 200 551 300 1359 400
1444 0 5 71 0 1248 100 1147 200 243 300 1267 400
1445 0 5 1306 0 662 100 433 200 674 300 1323 400
1446 0 5 1179 0 1180 100 1164 200 127 300 527 400
1447 0 5 986 0 452 100 376 200 264 300 898 400
1448 0 5 880 0 1013 100 1259 200 590 300 1143 400
1449 0 5 1256 0 33 100 488 200 929 300 1214 400
1450 0 5 1221 0 451 100 318 200 2 300 204 400
1451 0 5 836 0 1229 100 1156 200 1417 300 154 400
1452 0 5 54 0 774 100 259 200 1428 300 555 400
1453 0 5 978 0 1243 100 1341 200 1348 300 1119 400
1454 0 5 772 0 815 100 1319 200 607 300 496 400
1455 0 5 362 0 692 100 833 200 1074 300 305 400
1456 0 5 1380 0 620 100 1383 200 888 300 800 400
1457 0 5 1030 0 380 100 782 200 748 300 1411 400
1458 0 5 1241 0 486 100 655 200 60 300 1018 400
1459 0 5 345 0 627 100 1007 200 128 300 281 400
1460 0 5 1032 0 329 100 367 200 752 300 690 400
1461 0 5 922 0 123 100 234 200 1189 300 915 400
1462 0 5 971 0 751 100 1130 200 1103 300 697 400
1463 0 5 437 0 70 100 146 200 38 300 1305 400
1464 0 5 1283 0 13 100 1454 200 62 300 352 400
1465 0 5 309 0 254 100 23 200 1178 300 1017 400
1466 0 5 505 0 1409 100 783 200 855 300 252 400
1467 0 5 648 0 1276 100 853 200 767 300 680 400
1468 0 5 493 0 1198 100 314 200 265 300 24 400
1469 0 5 341 0 1077 100 387 200 663 300 547 400
1470 0 5 1226 0 1415 100 577 200 1075 300 454 400
1471 0 5 596 0 845 100 686 200 744 300 883 400
1472 0 5 1234 0 1387 100 815 200 358 300 301 400
1473 0 5 981 0 991 100 413 200 489 300 798 400
1474 0 5 151 0 676 100 27 200 827 300 1031 400
1475 0 5 906 0 1067 100 1216 200 790 300 162 400
1476 0 5 873 0 640 100 693 200 1177 300 548 400
1477 0 5 1360 0 432 100 238 200 1495 300 808 400
1478 0 5 1358 0 1484 100 834 200 185 300 206 400
1479 0 5 1049 0 1251 100 1374 200 460 300 556 400
1480 0 5 1359 0 1331 100 1045 200 1323 300 818 400
1481 0 5 778 0 929 100 1262 200 1176 300 141 400
1482 0 5 294 0 633 100 1420 200 110 300 682 400
1483 0 5 415 0 1370 100 691 200 1330 300 538 400
1484 0 5 206 0 1478 100 1410 200 1154 300 137 400
1485 0 5 223 0 605 100 15 200 447 300 1026 400
1486 0 5 824 0 551 100 86 200 218 300 83 400
1487 0 5 355 0 1394 100 618 200 27 300 827 400
1488 0 5 1104 0 810 100 103 200 1499 300 975 400
1489 0 5 290 0 672 100 576 200 733 300 97 400
1490 0 5 274 0 857 100 1160 200 1060 300 925 400
1491 0 5 1008 0 479 100 74 200 688 300 309 400
1492 0 5 1330 0 350 100 891 200 424 300 1483 400
1493 0 5 134 0 232 100 22 200 1102 300 325 400
1494 0 5 194 0 1131 100 1232 200 423 300 1345 400
1495 0 5 1360 0 1361 100 562 200 1477 300 1404 400
1496 0 5 55 0 719 100 915 200 1136 300 507 400
1497 0 5 101 0 1148 100 656 200 958 300 777 400
1498 0 5 384 0 1397 100 894 200 1028 300 140 400
1499 0 5 563 0 103 100 51 200 1104 300 1488 400
1500 0 5 1247 0 683 100 458 200 31 300 1324 400
1501 0 5 428 0 718 100 273 200 924 300 1315 400
1502 0 5 178 0 706 100 455 200 277 300 1018 400
1503 0 5 578 0 178 100 455 200 277 300 1018 400
1504 0 5 623 0 578 100 455 200 277 300 1018 400
1505 0 5 623 0 1297 100 455 200 277 300 1018 400
1506 0 5 1297 0 116 100 455 200 277 300 1018 400
1507 0 5 116 0 1369 100 455 200 277 300 1018 400
1508 0 5 1369 0 938 100 455 200 277 300 1018 400
1509 0 5 785 0 938 100 277 200 455 300 1018 400
1510 0 5 785 0 1327 100 455 200 277 300 1018 400
1511 0 5 64 0 1327 100 455 200 277 300 1018 400
1512 0 5 522 0 64 100 455 200 277 300 1018 400
1513 0 5 522 0 1441 100 277 200 455 300 1018 400
1514 0 5 1301 0 1441 100 277 200 455 300 1018 400
1515 0 5 1301 0 114 100 277 200 455 300 1018 400
1516 0 5 1218 0 114 100 277 200 455 300 1018 400
1517 0 5 300 0 1218 100 277 200 455 300 1018 400
1518 0 5 1422 0 300 100 277 200 455 300 1018 400
1519 0 5 1422 0 521 100 277 200 455 300 1018 400
1520 0 5 521 0 629 100 277 200 455 300 1018 400
1521 0 5 629 0 795 100 455 200 277 300 1018 400
1522 0 5 795 0 846 100 277 200 455 300 1018 400
1523 0 5 846 0 928 100 277 200 455 300 1018 400
1524 0 5 655 0 928 100 277 200 455 300 1018 400
1525 0 5 705 0 655 100 277 200 455 300 1018 400
1526 0 5 705 0 486 100 277 200 455 300 1018 400
1527 0 5 595 0 486 100 277 200 455 300 1018 400
1528 0 5 595 0 1357 100 277 200 455 300 1018 400
1529 0 5 379 0 1357 100 277 200 455 300 1018 400
1530 0 5 542 0 379 100 277 200 455 300 1018 400
1531 0 5 1098 0 542 100 277 200 455 300 1018 400
1532 0 5 934 0 1098 100 277 200 455 300 1018 400
1533 0 5 934 0 428 100 277 200 1018 300 455 400
1534 0 5 946 0 428 100 277 200 1018 300 455 400
1535 0 5 946 0 7 100 277 200 1018 300 455 400
1536 0 5 924 0 7 100 277 200 1018 300 1150 400
1537 0 5 924 0 1042 100 277 200 1018 300 1150 400
1538 0 5 1042 0 277 100 1107 200 1018 300 455 400
1539 0 5 277 0 707 100 1107 200 1018 300 1150 400
1540 0 5 540 0 277 100 1150 200 455 300 1018 400
-1
EOF
