369
1 0 5 340 1 323 1 324 1 325 1 326 1
2 0 5 220 1 132 1 174 1 20 1 8 1
3 0 5 266 1 313 1 203 1 182 1 236 1
4 0 5 42 1 277 1 25 1 166 1 119 1
5 0 5 65 1 133 1 276 1 12 1 232 1
6 0 5 21 1 272 1 264 1 110 1 47 1
7 0 5 256 1 151 1 289 1 20 1 275 1
8 0 5 44 1 20 1 255 1 23 1 220 1
9 0 5 230 1 121 1 84 1 229 1 162 1
10 0 5 70 1 307 1 200 1 118 1 185 1
11 0 5 41 1 103 1 165 1 37 1 62 1
12 0 5 276 1 146 1 287 1 5 1 39 1
13 0 5 221 1 158 1 274 1 168 1 14 1
14 0 5 158 1 208 1 139 1 168 1 27 1
15 0 5 199 1 140 1 204 1 114 1 78 1
16 0 5 156 1 79 1 315 1 86 1 43 1
17 0 5 117 1 294 1 68 1 122 1 127 1
18 0 5 66 1 9 1 230 1 121 1 106 1
19 0 5 254 1 111 1 242 1 201 1 91 1
20 0 5 23 1 8 1 151 1 270 1 26 1
21 0 5 272 1 96 1 281 1 222 1 54 1
22 0 5 257 1 163 1 144 1 312 1 310 1
23 0 5 20 1 26 1 8 1 270 1 255 1
24 0 5 307 1 286 1 145 1 283 1 10 1
25 0 5 119 1 42 1 4 1 277 1 148 1
26 0 5 284 1 23 1 255 1 171 1 270 1
27 0 5 208 1 139 1 197 1 204 1 311 1
28 0 5 294 1 68 1 314 1 218 1 255 1
29 0 5 92 1 303 1 173 1 144 1 183 1
30 0 5 177 1 160 1 141 1 237 1 192 1
31 0 5 238 1 61 1 200 1 216 1 307 1
32 0 5 34 1 273 1 11 1 103 1 94 1
33 0 5 184 1 46 1 308 1 207 1 279 1
34 0 5 273 1 41 1 252 1 37 1 213 1
35 0 5 127 1 218 1 296 1 294 1 101 1
36 0 5 115 1 279 1 200 1 107 1 105 1
37 0 5 41 1 202 1 291 1 213 1 273 1
38 0 5 171 1 205 1 270 1 26 1 28 1
39 0 5 293 1 62 1 302 1 229 1 100 1
40 0 5 306 1 74 1 253 1 174 1 99 1
41 0 5 37 1 213 1 195 1 64 1 291 1
42 0 5 4 1 277 1 25 1 166 1 148 1
43 0 5 155 1 86 1 221 1 156 1 16 1
44 0 5 234 1 8 1 255 1 28 1 23 1
45 0 5 134 1 82 1 231 1 135 1 299 1
46 0 5 33 1 207 1 227 1 166 1 308 1
47 0 5 295 1 54 1 211 1 222 1 110 1
48 0 5 148 1 304 1 138 1 119 1 25 1
49 0 5 74 1 60 1 267 1 99 1 174 1
50 0 5 53 1 244 1 268 1 68 1 194 1
51 0 5 146 1 230 1 223 1 84 1 100 1
52 0 5 257 1 173 1 77 1 144 1 22 1
53 0 5 50 1 68 1 268 1 28 1 294 1
54 0 5 222 1 21 1 202 1 47 1 295 1
55 0 5 175 1 141 1 116 1 160 1 101 1
56 0 5 84 1 223 1 112 1 153 1 230 1
57 0 5 240 1 267 1 235 1 60 1 113 1
58 0 5 293 1 298 1 159 1 302 1 232 1
59 0 5 215 1 172 1 83 1 48 1 148 1
60 0 5 267 1 49 1 299 1 57 1 113 1
61 0 5 241 1 216 1 31 1 200 1 107 1
62 0 5 263 1 39 1 258 1 165 1 106 1
63 0 5 161 1 71 1 219 1 300 1 90 1
64 0 5 291 1 19 1 136 1 242 1 261 1
65 0 5 5 1 185 1 187 1 133 1 143 1
66 0 5 18 1 9 1 121 1 226 1 230 1
67 0 5 305 1 87 1 98 1 108 1 311 1
68 0 5 294 1 53 1 28 1 268 1 17 1
69 0 5 249 1 149 1 147 1 112 1 188 1
70 0 5 10 1 105 1 200 1 118 1 185 1
71 0 5 219 1 63 1 300 1 134 1 251 1
72 0 5 163 1 312 1 236 1 203 1 128 1
73 0 5 210 1 149 1 147 1 188 1 189 1
74 0 5 253 1 49 1 40 1 306 1 289 1
75 0 5 301 1 239 1 250 1 91 1 154 1
76 0 5 283 1 238 1 216 1 31 1 61 1
77 0 5 80 1 180 1 52 1 192 1 173 1
78 0 5 114 1 140 1 190 1 204 1 311 1
79 0 5 86 1 16 1 315 1 156 1 43 1
80 0 5 180 1 77 1 192 1 177 1 52 1
81 0 5 310 1 198 1 257 1 22 1 52 1
82 0 5 135 1 45 1 134 1 299 1 113 1
83 0 5 104 1 142 1 316 1 214 1 148 1
84 0 5 56 1 153 1 9 1 230 1 162 1
85 0 5 91 1 154 1 281 1 111 1 225 1
86 0 5 156 1 79 1 43 1 16 1 315 1
87 0 5 67 1 305 1 182 1 191 1 98 1
88 0 5 333 1 325 1 326 1 327 1 328 1
89 0 5 189 1 210 1 228 1 297 1 73 1
90 0 5 225 1 206 1 286 1 24 1 154 1
91 0 5 154 1 111 1 85 1 254 1 206 1
92 0 5 29 1 164 1 303 1 173 1 183 1
93 0 5 290 1 152 1 109 1 168 1 265 1
94 0 5 103 1 62 1 263 1 106 1 165 1
95 0 5 265 1 237 1 109 1 152 1 177 1
96 0 5 281 1 272 1 21 1 225 1 85 1
97 0 5 209 1 226 1 271 1 196 1 172 1
98 0 5 197 1 67 1 139 1 87 1 305 1
99 0 5 174 1 49 1 40 1 74 1 220 1
100 0 5 121 1 229 1 146 1 51 1 39 1
101 0 5 122 1 296 1 175 1 268 1 117 1
102 0 5 167 1 130 1 231 1 217 1 275 1
103 0 5 94 1 62 1 165 1 263 1 11 1
104 0 5 214 1 83 1 142 1 129 1 172 1
105 0 5 143 1 228 1 70 1 36 1 65 1
106 0 5 100 1 62 1 39 1 263 1 121 1
107 0 5 115 1 33 1 241 1 184 1 200 1
108 0 5 191 1 305 1 114 1 87 1 266 1
109 0 5 290 1 265 1 168 1 152 1 193 1
110 0 5 21 1 6 1 136 1 47 1 295 1
111 0 5 91 1 19 1 85 1 254 1 154 1
112 0 5 188 1 147 1 56 1 262 1 280 1
113 0 5 299 1 235 1 135 1 240 1 60 1
114 0 5 78 1 140 1 108 1 204 1 190 1
115 0 5 107 1 36 1 200 1 241 1 184 1
116 0 5 175 1 268 1 55 1 101 1 244 1
117 0 5 17 1 122 1 101 1 127 1 68 1
118 0 5 185 1 10 1 307 1 206 1 70 1
119 0 5 25 1 304 1 48 1 166 1 4 1
120 0 5 280 1 249 1 309 1 212 1 176 1
121 0 5 100 1 230 1 9 1 229 1 51 1
122 0 5 101 1 117 1 268 1 17 1 68 1
123 0 5 164 1 141 1 101 1 296 1 35 1
124 0 5 150 1 182 1 236 1 144 1 183 1
125 0 5 264 1 288 1 300 1 272 1 6 1
126 0 5 131 1 39 1 58 1 317 1 298 1
127 0 5 35 1 296 1 17 1 294 1 117 1
128 0 5 203 1 266 1 3 1 313 1 108 1
129 0 5 233 1 142 1 104 1 212 1 309 1
130 0 5 275 1 102 1 217 1 167 1 278 1
131 0 5 126 1 317 1 298 1 58 1 258 1
132 0 5 2 1 220 1 174 1 8 1 99 1
133 0 5 282 1 5 1 245 1 137 1 187 1
134 0 5 45 1 251 1 135 1 82 1 231 1
135 0 5 82 1 299 1 134 1 45 1 235 1
136 0 5 242 1 64 1 85 1 19 1 111 1
137 0 5 292 1 187 1 147 1 133 1 188 1
138 0 5 178 1 304 1 48 1 196 1 148 1
139 0 5 208 1 98 1 27 1 14 1 221 1
140 0 5 78 1 114 1 204 1 190 1 311 1
141 0 5 164 1 192 1 55 1 77 1 177 1
142 0 5 83 1 316 1 104 1 181 1 233 1
143 0 5 228 1 105 1 65 1 89 1 292 1
144 0 5 312 1 303 1 22 1 257 1 173 1
145 0 5 286 1 283 1 161 1 219 1 24 1
146 0 5 245 1 51 1 12 1 302 1 100 1
147 0 5 112 1 223 1 149 1 137 1 73 1
148 0 5 248 1 48 1 277 1 166 1 25 1
149 0 5 69 1 73 1 262 1 147 1 189 1
150 0 5 183 1 124 1 303 1 182 1 144 1
151 0 5 7 1 256 1 306 1 20 1 259 1
152 0 5 93 1 290 1 109 1 265 1 168 1
153 0 5 84 1 56 1 262 1 223 1 112 1
154 0 5 206 1 91 1 85 1 118 1 75 1
155 0 5 43 1 221 1 193 1 274 1 13 1
156 0 5 86 1 16 1 43 1 79 1 315 1
157 0 5 211 1 213 1 264 1 295 1 41 1
158 0 5 13 1 14 1 221 1 139 1 208 1
159 0 5 250 1 243 1 298 1 58 1 232 1
160 0 5 237 1 30 1 55 1 141 1 177 1
161 0 5 63 1 286 1 145 1 219 1 90 1
162 0 5 249 1 9 1 84 1 120 1 56 1
163 0 5 312 1 72 1 22 1 144 1 236 1
164 0 5 92 1 141 1 173 1 303 1 29 1
165 0 5 62 1 263 1 103 1 106 1 94 1
166 0 5 207 1 308 1 148 1 277 1 42 1
167 0 5 102 1 299 1 231 1 130 1 217 1
168 0 5 274 1 193 1 109 1 14 1 290 1
169 0 5 285 1 88 1 32 1 333 1 325 1
170 0 5 318 1 334 1 326 1 327 1 340 1
171 0 5 38 1 205 1 270 1 26 1 23 1
172 0 5 214 1 309 1 104 1 215 1 212 1
173 0 5 52 1 29 1 92 1 144 1 303 1
174 0 5 99 1 220 1 267 1 49 1 40 1
175 0 5 55 1 116 1 101 1 268 1 122 1
176 0 5 212 1 309 1 280 1 120 1 129 1
177 0 5 30 1 180 1 141 1 192 1 80 1
178 0 5 196 1 138 1 271 1 304 1 48 1
179 0 5 194 1 130 1 224 1 217 1 231 1
180 0 5 80 1 77 1 192 1 177 1 141 1
181 0 5 297 1 316 1 142 1 233 1 308 1
182 0 5 124 1 87 1 266 1 3 1 191 1
183 0 5 150 1 303 1 124 1 92 1 29 1
184 0 5 279 1 33 1 227 1 107 1 115 1
185 0 5 65 1 118 1 10 1 287 1 232 1
186 0 5 217 1 231 1 45 1 134 1 130 1
187 0 5 292 1 137 1 133 1 65 1 188 1
188 0 5 112 1 223 1 262 1 73 1 147 1
189 0 5 89 1 297 1 210 1 149 1 73 1
190 0 5 204 1 311 1 78 1 140 1 114 1
191 0 5 108 1 87 1 266 1 305 1 182 1
192 0 5 77 1 180 1 141 1 80 1 52 1
193 0 5 274 1 155 1 168 1 109 1 13 1
194 0 5 224 1 179 1 50 1 130 1 53 1
195 0 5 260 1 269 1 261 1 19 1 258 1
196 0 5 178 1 271 1 138 1 97 1 48 1
197 0 5 98 1 311 1 27 1 139 1 190 1
198 0 5 81 1 310 1 257 1 177 1 95 1
199 0 5 15 1 140 1 128 1 114 1 204 1
200 0 5 115 1 31 1 10 1 70 1 61 1
201 0 5 269 1 19 1 260 1 254 1 111 1
202 0 5 37 1 54 1 291 1 222 1 64 1
203 0 5 313 1 128 1 3 1 236 1 72 1
204 0 5 190 1 78 1 140 1 311 1 114 1
205 0 5 171 1 38 1 270 1 26 1 23 1
206 0 5 90 1 154 1 225 1 118 1 85 1
207 0 5 166 1 46 1 33 1 308 1 248 1
208 0 5 139 1 14 1 27 1 158 1 221 1
209 0 5 97 1 226 1 212 1 172 1 59 1
210 0 5 89 1 73 1 189 1 149 1 147 1
211 0 5 157 1 264 1 295 1 47 1 213 1
212 0 5 176 1 309 1 226 1 120 1 129 1
213 0 5 41 1 37 1 157 1 211 1 291 1
214 0 5 104 1 172 1 83 1 129 1 142 1
215 0 5 59 1 172 1 83 1 214 1 48 1
216 0 5 76 1 238 1 61 1 31 1 241 1
217 0 5 231 1 186 1 130 1 102 1 167 1
218 0 5 314 1 35 1 234 1 28 1 294 1
219 0 5 71 1 161 1 145 1 63 1 283 1
220 0 5 132 1 2 1 174 1 8 1 99 1
221 0 5 13 1 158 1 155 1 139 1 43 1
222 0 5 54 1 21 1 202 1 47 1 295 1
223 0 5 147 1 188 1 56 1 245 1 51 1
224 0 5 194 1 179 1 50 1 244 1 217 1
225 0 5 90 1 206 1 85 1 281 1 154 1
226 0 5 212 1 172 1 209 1 66 1 97 1
227 0 5 279 1 184 1 46 1 181 1 107 1
228 0 5 143 1 105 1 89 1 210 1 36 1
229 0 5 39 1 9 1 100 1 230 1 121 1
230 0 5 9 1 121 1 51 1 56 1 84 1
231 0 5 217 1 167 1 45 1 102 1 130 1
232 0 5 287 1 243 1 5 1 58 1 276 1
233 0 5 129 1 142 1 181 1 316 1 280 1
234 0 5 44 1 314 1 218 1 8 1 28 1
235 0 5 113 1 240 1 57 1 135 1 299 1
236 0 5 313 1 312 1 203 1 124 1 72 1
237 0 5 95 1 160 1 315 1 30 1 265 1
238 0 5 76 1 216 1 31 1 283 1 61 1
239 0 5 301 1 75 1 250 1 118 1 243 1
240 0 5 57 1 235 1 113 1 135 1 299 1
241 0 5 61 1 107 1 115 1 200 1 216 1
242 0 5 136 1 19 1 111 1 85 1 254 1
243 0 5 159 1 250 1 232 1 58 1 239 1
244 0 5 268 1 50 1 53 1 116 1 68 1
245 0 5 146 1 282 1 223 1 133 1 276 1
246 0 5 259 1 306 1 40 1 151 1 253 1
247 0 5 268 1 244 1 224 1 130 1 217 1
248 0 5 277 1 148 1 316 1 166 1 83 1
249 0 5 69 1 280 1 120 1 262 1 162 1
250 0 5 159 1 243 1 301 1 239 1 58 1
251 0 5 134 1 45 1 186 1 231 1 217 1
252 0 5 103 1 94 1 165 1 285 1 88 1
253 0 5 74 1 306 1 40 1 289 1 49 1
254 0 5 19 1 111 1 91 1 201 1 75 1
255 0 5 284 1 26 1 8 1 23 1 20 1
256 0 5 7 1 289 1 151 1 278 1 253 1
257 0 5 52 1 22 1 144 1 310 1 173 1
258 0 5 261 1 317 1 62 1 195 1 201 1
259 0 5 246 1 306 1 151 1 40 1 253 1
260 0 5 269 1 195 1 201 1 19 1 111 1
261 0 5 258 1 195 1 254 1 317 1 201 1
262 0 5 249 1 149 1 188 1 112 1 153 1
263 0 5 62 1 39 1 106 1 165 1 94 1
264 0 5 125 1 211 1 6 1 288 1 157 1
265 0 5 95 1 109 1 152 1 193 1 93 1
266 0 5 3 1 313 1 191 1 182 1 128 1
267 0 5 60 1 49 1 57 1 174 1 240 1
268 0 5 68 1 122 1 244 1 53 1 101 1
269 0 5 260 1 195 1 201 1 19 1 111 1
270 0 5 171 1 205 1 38 1 23 1 26 1
271 0 5 196 1 178 1 97 1 138 1 304 1
272 0 5 96 1 21 1 281 1 6 1 300 1
273 0 5 34 1 41 1 252 1 37 1 213 1
274 0 5 193 1 168 1 13 1 158 1 155 1
275 0 5 278 1 130 1 256 1 289 1 7 1
276 0 5 12 1 302 1 5 1 245 1 287 1
277 0 5 4 1 42 1 248 1 148 1 166 1
278 0 5 289 1 275 1 256 1 130 1 253 1
279 0 5 184 1 227 1 33 1 36 1 107 1
280 0 5 249 1 120 1 112 1 176 1 309 1
281 0 5 96 1 85 1 225 1 21 1 136 1
282 0 5 133 1 245 1 262 1 137 1 188 1
283 0 5 76 1 307 1 145 1 24 1 31 1
284 0 5 255 1 26 1 23 1 8 1 20 1
285 0 5 34 1 273 1 252 1 103 1 94 1
286 0 5 145 1 24 1 161 1 90 1 206 1
287 0 5 232 1 302 1 12 1 276 1 185 1
288 0 5 125 1 264 1 211 1 157 1 47 1
289 0 5 278 1 256 1 253 1 74 1 275 1
290 0 5 93 1 109 1 152 1 168 1 27 1
291 0 5 64 1 37 1 254 1 41 1 195 1
292 0 5 187 1 137 1 73 1 133 1 147 1
293 0 5 39 1 58 1 100 1 302 1 126 1
294 0 5 28 1 68 1 17 1 314 1 218 1
295 0 5 47 1 211 1 54 1 222 1 110 1
296 0 5 127 1 101 1 35 1 117 1 17 1
297 0 5 181 1 189 1 69 1 89 1 73 1
298 0 5 58 1 159 1 250 1 243 1 287 1
299 0 5 113 1 167 1 135 1 60 1 49 1
300 0 5 71 1 63 1 272 1 161 1 281 1
301 0 5 239 1 75 1 250 1 159 1 243 1
302 0 5 39 1 276 1 146 1 287 1 58 1
303 0 5 183 1 29 1 144 1 150 1 92 1
304 0 5 119 1 138 1 48 1 25 1 148 1
305 0 5 67 1 87 1 108 1 191 1 98 1
306 0 5 40 1 253 1 151 1 74 1 246 1
307 0 5 24 1 10 1 283 1 118 1 31 1
308 0 5 33 1 207 1 166 1 181 1 46 1
309 0 5 212 1 120 1 176 1 129 1 280 1
310 0 5 81 1 22 1 257 1 163 1 198 1
311 0 5 197 1 190 1 204 1 78 1 27 1
312 0 5 163 1 144 1 72 1 236 1 22 1
313 0 5 3 1 203 1 236 1 266 1 128 1
314 0 5 218 1 234 1 28 1 294 1 255 1
315 0 5 16 1 79 1 156 1 86 1 43 1
316 0 5 142 1 181 1 83 1 233 1 248 1
317 0 5 258 1 131 1 261 1 254 1 195 1
318 0 5 340 1 323 1 324 1 325 1 326 1
319 0 5 340 1 323 1 324 1 325 1 326 1
320 0 5 340 1 323 1 324 1 325 1 326 1
321 0 5 340 1 323 1 324 1 325 1 326 1
322 0 5 340 1 323 1 324 1 325 1 326 1
323 0 5 340 1 323 1 324 1 325 1 326 1
324 0 5 340 1 323 1 324 1 325 1 326 1
325 0 5 340 1 323 1 324 1 325 1 326 1
326 0 5 340 1 323 1 324 1 325 1 326 1
327 0 5 340 1 323 1 324 1 325 1 326 1
328 0 5 340 1 323 1 324 1 325 1 326 1
329 0 5 340 1 323 1 324 1 325 1 326 1
330 0 5 340 1 323 1 324 1 325 1 326 1
331 0 5 340 1 323 1 324 1 325 1 326 1
332 0 5 340 1 323 1 324 1 325 1 326 1
333 0 5 340 1 323 1 324 1 325 1 326 1
334 0 5 340 1 323 1 324 1 325 1 326 1
335 0 5 340 1 323 1 324 1 325 1 326 1
336 0 5 340 1 323 1 324 1 325 1 326 1
337 0 5 340 1 323 1 324 1 325 1 326 1
338 0 5 340 1 323 1 324 1 325 1 326 1
339 0 5 340 1 323 1 324 1 325 1 326 1
340 0 5 340 1 323 1 324 1 325 1 326 1
341 0 5 340 1 323 1 324 1 325 1 326 1
342 0 5 340 1 323 1 324 1 325 1 326 1
343 0 5 340 1 323 1 324 1 325 1 326 1
344 0 5 340 1 323 1 324 1 325 1 326 1
345 0 5 340 1 323 1 324 1 325 1 326 1
346 0 5 340 1 323 1 324 1 325 1 326 1
347 0 5 340 1 323 1 324 1 325 1 326 1
348 0 5 340 1 323 1 324 1 325 1 326 1
349 0 5 340 1 323 1 324 1 325 1 326 1
350 0 5 340 1 323 1 324 1 325 1 326 1
351 0 5 340 1 323 1 324 1 325 1 326 1
352 0 5 340 1 323 1 324 1 325 1 326 1
353 0 5 340 1 323 1 324 1 325 1 326 1
354 0 5 340 1 323 1 324 1 325 1 326 1
355 0 5 340 1 323 1 324 1 325 1 326 1
356 0 5 340 1 323 1 324 1 325 1 326 1
357 0 5 340 1 323 1 324 1 325 1 326 1
358 0 5 340 1 323 1 324 1 325 1 326 1
359 0 5 340 1 323 1 324 1 325 1 326 1
360 0 5 340 1 323 1 324 1 325 1 326 1
361 0 5 340 1 323 1 324 1 325 1 326 1
362 0 5 340 1 323 1 324 1 325 1 326 1
363 0 5 340 1 323 1 324 1 325 1 326 1
364 0 5 340 1 323 1 324 1 325 1 326 1
365 0 5 340 1 323 1 324 1 325 1 326 1
366 0 5 340 1 323 1 324 1 325 1 326 1
367 0 5 340 1 323 1 324 1 325 1 326 1
368 0 5 340 1 323 1 324 1 325 1 326 1
369 0 5 340 1 323 1 324 1 325 1 326 1
-1
EOF
