390
1 0 5 352 1 368 1 360 1 353 1 354 1
2 0 5 126 1 206 1 257 1 207 1 193 1
3 0 5 162 1 294 1 78 1 24 1 287 1
4 0 5 47 1 17 1 215 1 5 1 169 1
5 0 5 47 1 215 1 156 1 323 1 4 1
6 0 5 172 1 259 1 327 1 193 1 209 1
7 0 5 93 1 90 1 252 1 132 1 210 1
8 0 5 38 1 10 1 116 1 350 1 13 1
9 0 5 213 1 169 1 77 1 17 1 234 1
10 0 5 8 1 315 1 143 1 13 1 38 1
11 0 5 85 1 175 1 171 1 313 1 223 1
12 0 5 283 1 144 1 228 1 69 1 270 1
13 0 5 38 1 8 1 146 1 98 1 346 1
14 0 5 338 1 149 1 105 1 97 1 198 1
15 0 5 35 1 292 1 96 1 323 1 242 1
16 0 5 50 1 145 1 230 1 104 1 299 1
17 0 5 47 1 4 1 169 1 215 1 9 1
18 0 5 148 1 189 1 138 1 345 1 316 1
19 0 5 232 1 308 1 103 1 90 1 132 1
20 0 5 334 1 324 1 100 1 34 1 245 1
21 0 5 241 1 284 1 343 1 80 1 157 1
22 0 5 107 1 291 1 59 1 341 1 56 1
23 0 5 229 1 204 1 27 1 202 1 48 1
24 0 5 344 1 287 1 92 1 319 1 3 1
25 0 5 322 1 313 1 208 1 91 1 253 1
26 0 5 282 1 146 1 292 1 242 1 15 1
27 0 5 223 1 229 1 66 1 331 1 204 1
28 0 5 218 1 150 1 194 1 249 1 261 1
29 0 5 266 1 267 1 61 1 172 1 166 1
30 0 5 97 1 238 1 101 1 319 1 133 1
31 0 5 173 1 39 1 344 1 144 1 220 1
32 0 5 179 1 234 1 242 1 282 1 15 1
33 0 5 214 1 154 1 251 1 9 1 278 1
34 0 5 20 1 100 1 67 1 49 1 140 1
35 0 5 15 1 292 1 96 1 242 1 323 1
36 0 5 389 1 154 1 141 1 356 1 355 1
37 0 5 271 1 227 1 64 1 71 1 42 1
38 0 5 8 1 116 1 13 1 10 1 350 1
39 0 5 31 1 220 1 344 1 163 1 212 1
40 0 5 205 1 59 1 198 1 41 1 105 1
41 0 5 205 1 124 1 112 1 198 1 51 1
42 0 5 264 1 230 1 218 1 64 1 104 1
43 0 5 103 1 304 1 289 1 298 1 108 1
44 0 5 174 1 260 1 312 1 319 1 310 1
45 0 5 171 1 95 1 339 1 66 1 347 1
46 0 5 193 1 166 1 297 1 184 1 168 1
47 0 5 251 1 154 1 156 1 4 1 256 1
48 0 5 84 1 267 1 82 1 99 1 266 1
49 0 5 239 1 325 1 167 1 151 1 196 1
50 0 5 16 1 185 1 130 1 221 1 202 1
51 0 5 195 1 112 1 250 1 124 1 312 1
52 0 5 151 1 77 1 203 1 239 1 169 1
53 0 5 309 1 170 1 263 1 119 1 340 1
54 0 5 282 1 242 1 15 1 292 1 32 1
55 0 5 191 1 200 1 159 1 161 1 65 1
56 0 5 291 1 238 1 254 1 101 1 338 1
57 0 5 254 1 109 1 134 1 178 1 102 1
58 0 5 331 1 171 1 66 1 175 1 223 1
59 0 5 243 1 107 1 40 1 22 1 198 1
60 0 5 262 1 62 1 326 1 346 1 201 1
61 0 5 82 1 209 1 288 1 84 1 29 1
62 0 5 262 1 60 1 326 1 329 1 201 1
63 0 5 154 1 290 1 389 1 113 1 251 1
64 0 5 218 1 42 1 227 1 129 1 305 1
65 0 5 161 1 200 1 191 1 159 1 8 1
66 0 5 347 1 331 1 58 1 27 1 223 1
67 0 5 136 1 100 1 34 1 158 1 140 1
68 0 5 69 1 144 1 283 1 124 1 12 1
69 0 5 68 1 283 1 12 1 144 1 228 1
70 0 5 73 1 140 1 213 1 179 1 180 1
71 0 5 297 1 224 1 37 1 244 1 259 1
72 0 5 186 1 226 1 147 1 148 1 276 1
73 0 5 70 1 143 1 179 1 282 1 140 1
74 0 5 140 1 213 1 179 1 275 1 121 1
75 0 5 83 1 277 1 318 1 309 1 294 1
76 0 5 265 1 102 1 258 1 329 1 165 1
77 0 5 307 1 169 1 158 1 197 1 52 1
78 0 5 277 1 260 1 319 1 294 1 3 1
79 0 5 133 1 337 1 319 1 157 1 97 1
80 0 5 268 1 260 1 277 1 21 1 79 1
81 0 5 299 1 209 1 230 1 271 1 264 1
82 0 5 61 1 177 1 216 1 89 1 267 1
83 0 5 75 1 318 1 162 1 248 1 78 1
84 0 5 177 1 48 1 89 1 216 1 336 1
85 0 5 11 1 185 1 50 1 237 1 313 1
86 0 5 114 1 147 1 148 1 138 1 330 1
87 0 5 206 1 257 1 103 1 211 1 280 1
88 0 5 282 1 100 1 315 1 143 1 179 1
89 0 5 99 1 336 1 84 1 82 1 216 1
90 0 5 93 1 7 1 252 1 19 1 279 1
91 0 5 339 1 313 1 208 1 25 1 95 1
92 0 5 344 1 163 1 24 1 332 1 294 1
93 0 5 152 1 7 1 176 1 90 1 308 1
94 0 5 53 1 263 1 340 1 309 1 318 1
95 0 5 339 1 45 1 171 1 347 1 66 1
96 0 5 35 1 323 1 15 1 292 1 242 1
97 0 5 101 1 338 1 149 1 105 1 14 1
98 0 5 346 1 146 1 13 1 349 1 188 1
99 0 5 216 1 89 1 168 1 295 1 166 1
100 0 5 334 1 88 1 324 1 20 1 67 1
101 0 5 97 1 238 1 56 1 30 1 139 1
102 0 5 293 1 265 1 76 1 258 1 254 1
103 0 5 131 1 19 1 87 1 298 1 43 1
104 0 5 145 1 218 1 42 1 230 1 16 1
105 0 5 112 1 97 1 149 1 14 1 255 1
106 0 5 247 1 253 1 36 1 322 1 141 1
107 0 5 22 1 59 1 335 1 341 1 291 1
108 0 5 304 1 131 1 211 1 249 1 224 1
109 0 5 57 1 134 1 178 1 254 1 102 1
110 0 5 232 1 211 1 207 1 295 1 87 1
111 0 5 155 1 325 1 298 1 167 1 304 1
112 0 5 198 1 51 1 105 1 41 1 124 1
113 0 5 1 1 389 1 154 1 366 1 353 1
114 0 5 86 1 138 1 284 1 316 1 231 1
115 0 5 190 1 72 1 186 1 147 1 330 1
116 0 5 38 1 8 1 10 1 346 1 262 1
117 0 5 235 1 287 1 321 1 248 1 83 1
118 0 5 281 1 245 1 137 1 285 1 342 1
119 0 5 127 1 301 1 53 1 345 1 160 1
120 0 5 273 1 137 1 281 1 285 1 118 1
121 0 5 180 1 169 1 74 1 77 1 278 1
122 0 5 241 1 263 1 309 1 340 1 157 1
123 0 5 233 1 349 1 346 1 146 1 188 1
124 0 5 41 1 112 1 51 1 212 1 68 1
125 0 5 246 1 272 1 314 1 269 1 276 1
126 0 5 2 1 257 1 207 1 210 1 87 1
127 0 5 119 1 345 1 301 1 160 1 317 1
128 0 5 217 1 182 1 286 1 192 1 336 1
129 0 5 218 1 249 1 64 1 28 1 305 1
130 0 5 221 1 50 1 185 1 230 1 181 1
131 0 5 103 1 304 1 108 1 194 1 280 1
132 0 5 126 1 7 1 280 1 19 1 210 1
133 0 5 79 1 337 1 101 1 30 1 139 1
134 0 5 178 1 109 1 57 1 254 1 139 1
135 0 5 286 1 113 1 154 1 302 1 236 1
136 0 5 67 1 151 1 213 1 100 1 158 1
137 0 5 342 1 120 1 118 1 334 1 88 1
138 0 5 241 1 18 1 86 1 316 1 148 1
139 0 5 101 1 134 1 133 1 348 1 21 1
140 0 5 324 1 180 1 74 1 70 1 275 1
141 0 5 253 1 36 1 154 1 356 1 361 1
142 0 5 243 1 272 1 270 1 68 1 144 1
143 0 5 315 1 179 1 73 1 10 1 88 1
144 0 5 228 1 68 1 12 1 31 1 173 1
145 0 5 16 1 104 1 120 1 230 1 164 1
146 0 5 346 1 13 1 98 1 179 1 26 1
147 0 5 226 1 86 1 72 1 148 1 276 1
148 0 5 18 1 276 1 138 1 189 1 226 1
149 0 5 14 1 97 1 105 1 338 1 198 1
150 0 5 28 1 164 1 218 1 273 1 245 1
151 0 5 52 1 136 1 49 1 158 1 121 1
152 0 5 93 1 298 1 252 1 308 1 210 1
153 0 5 181 1 237 1 299 1 288 1 185 1
154 0 5 251 1 389 1 353 1 354 1 355 1
155 0 5 111 1 325 1 167 1 304 1 34 1
156 0 5 47 1 251 1 5 1 215 1 278 1
157 0 5 79 1 241 1 122 1 101 1 133 1
158 0 5 196 1 307 1 239 1 151 1 67 1
159 0 5 55 1 191 1 65 1 137 1 104 1
160 0 5 340 1 269 1 263 1 127 1 119 1
161 0 5 258 1 65 1 200 1 165 1 55 1
162 0 5 287 1 3 1 248 1 294 1 83 1
163 0 5 92 1 332 1 174 1 39 1 344 1
164 0 5 218 1 150 1 273 1 245 1 120 1
165 0 5 329 1 265 1 102 1 76 1 326 1
166 0 5 99 1 266 1 168 1 295 1 46 1
167 0 5 325 1 49 1 155 1 196 1 111 1
168 0 5 99 1 295 1 166 1 110 1 306 1
169 0 5 307 1 77 1 158 1 17 1 121 1
170 0 5 53 1 318 1 300 1 248 1 301 1
171 0 5 175 1 45 1 58 1 95 1 27 1
172 0 5 6 1 259 1 306 1 244 1 327 1
173 0 5 228 1 31 1 321 1 235 1 144 1
174 0 5 44 1 312 1 163 1 250 1 332 1
175 0 5 11 1 171 1 223 1 58 1 66 1
176 0 5 239 1 93 1 19 1 152 1 49 1
177 0 5 84 1 202 1 82 1 48 1 288 1
178 0 5 134 1 109 1 57 1 348 1 101 1
179 0 5 143 1 275 1 350 1 32 1 70 1
180 0 5 140 1 213 1 307 1 121 1 169 1
181 0 5 237 1 153 1 202 1 185 1 204 1
182 0 5 210 1 192 1 128 1 252 1 279 1
183 0 5 263 1 189 1 340 1 345 1 296 1
184 0 5 99 1 306 1 168 1 46 1 295 1
185 0 5 50 1 237 1 202 1 130 1 177 1
186 0 5 72 1 311 1 320 1 147 1 226 1
187 0 5 314 1 269 1 270 1 317 1 222 1
188 0 5 349 1 323 1 346 1 35 1 292 1
189 0 5 18 1 183 1 345 1 316 1 340 1
190 0 5 330 1 247 1 86 1 389 1 114 1
191 0 5 55 1 159 1 65 1 200 1 161 1
192 0 5 210 1 303 1 182 1 280 1 252 1
193 0 5 46 1 306 1 327 1 266 1 2 1
194 0 5 304 1 131 1 108 1 249 1 43 1
195 0 5 51 1 212 1 220 1 250 1 39 1
196 0 5 239 1 158 1 307 1 49 1 151 1
197 0 5 278 1 77 1 47 1 290 1 239 1
198 0 5 112 1 291 1 40 1 338 1 105 1
199 0 5 154 1 113 1 251 1 63 1 256 1
200 0 5 55 1 65 1 161 1 191 1 8 1
201 0 5 326 1 262 1 62 1 346 1 60 1
202 0 5 177 1 237 1 181 1 185 1 23 1
203 0 5 154 1 278 1 47 1 256 1 52 1
204 0 5 229 1 223 1 237 1 27 1 23 1
205 0 5 40 1 41 1 198 1 124 1 112 1
206 0 5 297 1 2 1 87 1 257 1 207 1
207 0 5 257 1 110 1 206 1 87 1 126 1
208 0 5 25 1 313 1 253 1 91 1 339 1
209 0 5 61 1 299 1 288 1 267 1 81 1
210 0 5 192 1 182 1 252 1 152 1 132 1
211 0 5 110 1 87 1 103 1 108 1 280 1
212 0 5 195 1 220 1 124 1 39 1 51 1
213 0 5 180 1 136 1 70 1 74 1 214 1
214 0 5 33 1 77 1 213 1 151 1 169 1
215 0 5 5 1 47 1 323 1 156 1 4 1
216 0 5 99 1 336 1 82 1 89 1 84 1
217 0 5 128 1 240 1 286 1 182 1 236 1
218 0 5 104 1 164 1 64 1 42 1 28 1
219 0 5 282 1 179 1 242 1 15 1 292 1
220 0 5 212 1 39 1 31 1 195 1 124 1
221 0 5 130 1 230 1 50 1 185 1 153 1
222 0 5 328 1 270 1 187 1 228 1 12 1
223 0 5 229 1 204 1 175 1 27 1 58 1
224 0 5 108 1 206 1 257 1 71 1 87 1
225 0 5 318 1 309 1 75 1 287 1 170 1
226 0 5 147 1 72 1 276 1 311 1 148 1
227 0 5 37 1 64 1 305 1 271 1 42 1
228 0 5 144 1 173 1 328 1 12 1 31 1
229 0 5 204 1 223 1 27 1 23 1 237 1
230 0 5 264 1 221 1 42 1 299 1 81 1
231 0 5 389 1 362 1 355 1 366 1 358 1
232 0 5 280 1 110 1 19 1 93 1 211 1
233 0 5 123 1 353 1 360 1 361 1 362 1
234 0 5 32 1 282 1 9 1 15 1 242 1
235 0 5 321 1 117 1 287 1 173 1 162 1
236 0 5 286 1 217 1 63 1 182 1 336 1
237 0 5 181 1 185 1 202 1 153 1 204 1
238 0 5 56 1 30 1 338 1 101 1 341 1
239 0 5 49 1 176 1 196 1 158 1 307 1
240 0 5 154 1 251 1 256 1 52 1 290 1
241 0 5 138 1 122 1 263 1 21 1 157 1
242 0 5 35 1 15 1 292 1 323 1 96 1
243 0 5 59 1 142 1 40 1 107 1 205 1
244 0 5 259 1 206 1 172 1 297 1 193 1
245 0 5 118 1 334 1 20 1 285 1 281 1
246 0 5 125 1 272 1 314 1 270 1 269 1
247 0 5 322 1 106 1 253 1 25 1 190 1
248 0 5 300 1 162 1 83 1 318 1 117 1
249 0 5 108 1 129 1 194 1 305 1 304 1
250 0 5 312 1 51 1 174 1 112 1 212 1
251 0 5 47 1 278 1 154 1 389 1 354 1
252 0 5 210 1 152 1 303 1 7 1 90 1
253 0 5 208 1 322 1 247 1 106 1 141 1
254 0 5 57 1 341 1 56 1 134 1 109 1
255 0 5 310 1 97 1 105 1 149 1 14 1
256 0 5 1 1 368 1 369 1 353 1 354 1
257 0 5 297 1 207 1 206 1 87 1 126 1
258 0 5 265 1 161 1 76 1 102 1 165 1
259 0 5 244 1 172 1 6 1 297 1 193 1
260 0 5 332 1 78 1 44 1 80 1 30 1
261 0 5 218 1 194 1 249 1 108 1 304 1
262 0 5 62 1 60 1 326 1 329 1 201 1
263 0 5 183 1 241 1 122 1 296 1 160 1
264 0 5 42 1 230 1 81 1 271 1 299 1
265 0 5 258 1 102 1 76 1 165 1 329 1
266 0 5 29 1 99 1 166 1 306 1 48 1
267 0 5 48 1 82 1 288 1 84 1 29 1
268 0 5 277 1 80 1 319 1 337 1 309 1
269 0 5 317 1 314 1 187 1 276 1 316 1
270 0 5 222 1 187 1 328 1 314 1 317 1
271 0 5 37 1 81 1 264 1 227 1 42 1
272 0 5 320 1 246 1 125 1 270 1 269 1
273 0 5 285 1 120 1 164 1 150 1 245 1
274 0 5 347 1 286 1 89 1 336 1 128 1
275 0 5 179 1 140 1 213 1 74 1 282 1
276 0 5 148 1 314 1 317 1 226 1 269 1
277 0 5 268 1 78 1 294 1 75 1 260 1
278 0 5 251 1 154 1 290 1 333 1 256 1
279 0 5 252 1 90 1 210 1 182 1 192 1
280 0 5 232 1 132 1 87 1 211 1 210 1
281 0 5 118 1 120 1 285 1 20 1 245 1
282 0 5 88 1 350 1 54 1 26 1 219 1
283 0 5 12 1 69 1 68 1 144 1 270 1
284 0 5 114 1 21 1 389 1 360 1 359 1
285 0 5 273 1 281 1 120 1 245 1 118 1
286 0 5 135 1 236 1 217 1 128 1 240 1
287 0 5 162 1 24 1 117 1 294 1 3 1
288 0 5 61 1 267 1 153 1 209 1 48 1
289 0 5 298 1 308 1 43 1 19 1 152 1
290 0 5 154 1 278 1 113 1 256 1 63 1
291 0 5 56 1 22 1 198 1 338 1 238 1
292 0 5 35 1 15 1 96 1 323 1 349 1
293 0 5 335 1 102 1 341 1 76 1 107 1
294 0 5 3 1 277 1 78 1 162 1 287 1
295 0 5 99 1 168 1 110 1 166 1 306 1
296 0 5 263 1 183 1 340 1 309 1 53 1
297 0 5 257 1 206 1 71 1 46 1 306 1
298 0 5 308 1 289 1 152 1 103 1 43 1
299 0 5 81 1 209 1 153 1 230 1 288 1
300 0 5 301 1 248 1 318 1 170 1 117 1
301 0 5 300 1 127 1 119 1 345 1 170 1
302 0 5 135 1 389 1 154 1 355 1 362 1
303 0 5 252 1 192 1 279 1 90 1 333 1
304 0 5 194 1 108 1 131 1 43 1 155 1
305 0 5 249 1 227 1 64 1 129 1 42 1
306 0 5 184 1 266 1 193 1 168 1 172 1
307 0 5 196 1 158 1 77 1 180 1 169 1
308 0 5 298 1 289 1 152 1 19 1 93 1
309 0 5 122 1 53 1 318 1 183 1 160 1
310 0 5 255 1 97 1 319 1 44 1 105 1
311 0 5 186 1 320 1 226 1 276 1 72 1
312 0 5 250 1 174 1 44 1 39 1 51 1
313 0 5 25 1 91 1 208 1 11 1 175 1
314 0 5 187 1 317 1 269 1 276 1 270 1
315 0 5 342 1 143 1 10 1 88 1 8 1
316 0 5 269 1 189 1 138 1 345 1 183 1
317 0 5 314 1 269 1 276 1 187 1 345 1
318 0 5 225 1 309 1 83 1 170 1 300 1
319 0 5 332 1 268 1 78 1 24 1 79 1
320 0 5 311 1 272 1 186 1 226 1 125 1
321 0 5 235 1 117 1 287 1 173 1 344 1
322 0 5 25 1 247 1 253 1 208 1 106 1
323 0 5 96 1 35 1 389 1 366 1 353 1
324 0 5 140 1 20 1 100 1 334 1 213 1
325 0 5 49 1 155 1 167 1 111 1 196 1
326 0 5 329 1 262 1 62 1 60 1 201 1
327 0 5 209 1 193 1 6 1 288 1 172 1
328 0 5 222 1 270 1 228 1 187 1 12 1
329 0 5 165 1 326 1 62 1 262 1 265 1
330 0 5 190 1 147 1 148 1 86 1 114 1
331 0 5 58 1 66 1 347 1 27 1 223 1
332 0 5 260 1 319 1 163 1 174 1 92 1
333 0 5 278 1 77 1 290 1 47 1 197 1
334 0 5 342 1 100 1 20 1 245 1 324 1
335 0 5 293 1 341 1 107 1 102 1 291 1
336 0 5 89 1 216 1 84 1 347 1 82 1
337 0 5 133 1 79 1 268 1 101 1 21 1
338 0 5 14 1 291 1 238 1 97 1 198 1
339 0 5 91 1 95 1 208 1 45 1 313 1
340 0 5 160 1 345 1 122 1 183 1 53 1
341 0 5 335 1 293 1 254 1 238 1 291 1
342 0 5 137 1 334 1 315 1 20 1 100 1
343 0 5 389 1 21 1 138 1 241 1 122 1
344 0 5 92 1 24 1 39 1 163 1 31 1
345 0 5 340 1 189 1 127 1 317 1 183 1
346 0 5 146 1 98 1 38 1 60 1 201 1
347 0 5 66 1 274 1 331 1 336 1 58 1
348 0 5 389 1 139 1 361 1 360 1 359 1
349 0 5 188 1 353 1 359 1 358 1 360 1
350 0 5 282 1 179 1 13 1 146 1 98 1
351 0 5 389 1 113 1 353 1 354 1 355 1
352 0 5 368 1 360 1 353 1 354 1 355 1
353 0 5 352 1 368 1 360 1 353 1 354 1
354 0 5 352 1 368 1 360 1 353 1 354 1
355 0 5 352 1 368 1 360 1 353 1 354 1
356 0 5 352 1 368 1 360 1 353 1 354 1
357 0 5 352 1 368 1 360 1 353 1 354 1
358 0 5 352 1 368 1 360 1 353 1 354 1
359 0 5 352 1 368 1 360 1 353 1 354 1
360 0 5 352 1 368 1 360 1 353 1 354 1
361 0 5 352 1 368 1 360 1 353 1 354 1
362 0 5 352 1 368 1 360 1 353 1 354 1
363 0 5 352 1 368 1 360 1 353 1 354 1
364 0 5 352 1 368 1 360 1 353 1 354 1
365 0 5 352 1 368 1 360 1 353 1 354 1
366 0 5 352 1 368 1 360 1 353 1 354 1
367 0 5 352 1 368 1 360 1 353 1 354 1
368 0 5 352 1 368 1 360 1 353 1 354 1
369 0 5 352 1 368 1 360 1 353 1 354 1
370 0 5 352 1 368 1 360 1 353 1 354 1
371 0 5 352 1 368 1 360 1 353 1 354 1
372 0 5 352 1 368 1 360 1 353 1 354 1
373 0 5 352 1 368 1 360 1 353 1 354 1
374 0 5 352 1 368 1 360 1 353 1 354 1
375 0 5 352 1 368 1 360 1 353 1 354 1
376 0 5 352 1 368 1 360 1 353 1 354 1
377 0 5 352 1 368 1 360 1 353 1 354 1
378 0 5 352 1 368 1 360 1 353 1 354 1
379 0 5 352 1 368 1 360 1 353 1 354 1
380 0 5 352 1 368 1 360 1 353 1 354 1
381 0 5 352 1 368 1 360 1 353 1 354 1
382 0 5 352 1 368 1 360 1 353 1 354 1
383 0 5 352 1 368 1 360 1 353 1 354 1
384 0 5 352 1 368 1 360 1 353 1 354 1
385 0 5 352 1 368 1 360 1 353 1 354 1
386 0 5 352 1 368 1 360 1 353 1 354 1
387 0 5 352 1 368 1 360 1 353 1 354 1
388 0 5 352 1 368 1 360 1 353 1 354 1
389 0 5 352 1 368 1 360 1 353 1 354 1
390 0 5 352 1 368 1 360 1 353 1 354 1
-1
EOF
