429
1 0 5 184 1 34 1 412 1 428 1 426 1
2 0 5 8 1 137 1 122 1 305 1 212 1
3 0 5 35 1 237 1 407 1 236 1 256 1
4 0 5 65 1 224 1 85 1 299 1 55 1
5 0 5 104 1 61 1 125 1 258 1 195 1
6 0 5 145 1 205 1 397 1 264 1 183 1
7 0 5 106 1 176 1 390 1 134 1 294 1
8 0 5 11 1 212 1 43 1 137 1 2 1
9 0 5 16 1 149 1 215 1 194 1 207 1
10 0 5 276 1 273 1 70 1 312 1 208 1
11 0 5 8 1 389 1 43 1 229 1 30 1
12 0 5 33 1 244 1 356 1 136 1 169 1
13 0 5 68 1 386 1 259 1 119 1 177 1
14 0 5 59 1 147 1 155 1 141 1 274 1
15 0 5 200 1 114 1 310 1 62 1 132 1
16 0 5 9 1 102 1 75 1 26 1 194 1
17 0 5 36 1 158 1 269 1 202 1 175 1
18 0 5 130 1 248 1 250 1 353 1 82 1
19 0 5 308 1 26 1 165 1 223 1 265 1
20 0 5 282 1 250 1 66 1 283 1 156 1
21 0 5 67 1 392 1 72 1 62 1 190 1
22 0 5 329 1 148 1 286 1 24 1 344 1
23 0 5 199 1 402 1 311 1 267 1 143 1
24 0 5 292 1 22 1 286 1 148 1 329 1
25 0 5 280 1 31 1 365 1 370 1 195 1
26 0 5 351 1 16 1 19 1 179 1 334 1
27 0 5 378 1 408 1 213 1 246 1 295 1
28 0 5 101 1 95 1 92 1 93 1 336 1
29 0 5 330 1 48 1 143 1 217 1 69 1
30 0 5 11 1 229 1 8 1 129 1 320 1
31 0 5 25 1 195 1 94 1 365 1 240 1
32 0 5 113 1 287 1 234 1 174 1 82 1
33 0 5 12 1 89 1 135 1 396 1 1 1
34 0 5 1 1 428 1 426 1 413 1 414 1
35 0 5 3 1 256 1 236 1 237 1 155 1
36 0 5 17 1 158 1 269 1 175 1 379 1
37 0 5 152 1 279 1 52 1 62 1 72 1
38 0 5 232 1 400 1 48 1 29 1 45 1
39 0 5 190 1 71 1 153 1 298 1 403 1
40 0 5 107 1 63 1 105 1 365 1 355 1
41 0 5 126 1 337 1 173 1 69 1 297 1
42 0 5 277 1 128 1 346 1 315 1 406 1
43 0 5 342 1 212 1 50 1 8 1 11 1
44 0 5 124 1 265 1 58 1 20 1 156 1
45 0 5 400 1 48 1 29 1 38 1 232 1
46 0 5 144 1 382 1 395 1 146 1 77 1
47 0 5 251 1 119 1 386 1 360 1 49 1
48 0 5 69 1 29 1 330 1 126 1 45 1
49 0 5 386 1 251 1 358 1 47 1 364 1
50 0 5 43 1 11 1 229 1 118 1 30 1
51 0 5 270 1 395 1 198 1 394 1 257 1
52 0 5 252 1 279 1 37 1 307 1 72 1
53 0 5 118 1 268 1 335 1 95 1 28 1
54 0 5 392 1 87 1 190 1 281 1 21 1
55 0 5 188 1 4 1 26 1 65 1 224 1
56 0 5 257 1 204 1 198 1 307 1 146 1
57 0 5 186 1 202 1 215 1 233 1 261 1
58 0 5 151 1 332 1 156 1 44 1 289 1
59 0 5 155 1 141 1 14 1 328 1 243 1
60 0 5 96 1 266 1 111 1 345 1 341 1
61 0 5 240 1 258 1 139 1 140 1 125 1
62 0 5 392 1 152 1 15 1 37 1 72 1
63 0 5 107 1 40 1 105 1 355 1 365 1
64 0 5 249 1 127 1 94 1 25 1 391 1
65 0 5 4 1 224 1 55 1 85 1 151 1
66 0 5 20 1 282 1 241 1 156 1 347 1
67 0 5 21 1 298 1 72 1 392 1 252 1
68 0 5 277 1 13 1 386 1 121 1 259 1
69 0 5 126 1 48 1 41 1 143 1 330 1
70 0 5 276 1 239 1 228 1 312 1 208 1
71 0 5 323 1 39 1 190 1 153 1 54 1
72 0 5 392 1 37 1 67 1 21 1 62 1
73 0 5 89 1 111 1 341 1 266 1 133 1
74 0 5 291 1 383 1 163 1 398 1 123 1
75 0 5 16 1 26 1 102 1 9 1 351 1
76 0 5 261 1 292 1 17 1 175 1 159 1
77 0 5 405 1 382 1 410 1 144 1 146 1
78 0 5 131 1 255 1 362 1 231 1 117 1
79 0 5 376 1 162 1 309 1 33 1 211 1
80 0 5 178 1 148 1 371 1 343 1 359 1
81 0 5 103 1 238 1 1 1 110 1 399 1
82 0 5 113 1 18 1 174 1 248 1 287 1
83 0 5 372 1 272 1 348 1 196 1 98 1
84 0 5 253 1 225 1 122 1 331 1 254 1
85 0 5 4 1 150 1 380 1 285 1 299 1
86 0 5 42 1 1 1 206 1 239 1 415 1
87 0 5 222 1 239 1 81 1 86 1 103 1
88 0 5 244 1 33 1 411 1 260 1 373 1
89 0 5 33 1 73 1 133 1 244 1 169 1
90 0 5 148 1 47 1 344 1 166 1 363 1
91 0 5 377 1 278 1 398 1 383 1 291 1
92 0 5 28 1 101 1 93 1 318 1 95 1
93 0 5 321 1 28 1 336 1 318 1 92 1
94 0 5 280 1 61 1 327 1 127 1 338 1
95 0 5 28 1 360 1 321 1 336 1 101 1
96 0 5 345 1 60 1 278 1 266 1 111 1
97 0 5 387 1 109 1 226 1 289 1 354 1
98 0 5 361 1 398 1 209 1 108 1 83 1
99 0 5 162 1 116 1 33 1 303 1 326 1
100 0 5 325 1 407 1 3 1 120 1 138 1
101 0 5 28 1 95 1 92 1 180 1 358 1
102 0 5 16 1 75 1 9 1 26 1 194 1
103 0 5 81 1 1 1 238 1 316 1 426 1
104 0 5 61 1 5 1 365 1 195 1 125 1
105 0 5 316 1 61 1 296 1 63 1 40 1
106 0 5 7 1 134 1 176 1 368 1 321 1
107 0 5 368 1 355 1 203 1 63 1 40 1
108 0 5 112 1 171 1 98 1 398 1 91 1
109 0 5 97 1 289 1 226 1 387 1 151 1
110 0 5 372 1 196 1 199 1 400 1 1 1
111 0 5 341 1 60 1 263 1 73 1 211 1
112 0 5 171 1 108 1 377 1 398 1 98 1
113 0 5 32 1 287 1 174 1 82 1 234 1
114 0 5 15 1 310 1 200 1 214 1 132 1
115 0 5 374 1 322 1 385 1 314 1 286 1
116 0 5 303 1 326 1 350 1 135 1 247 1
117 0 5 132 1 362 1 214 1 152 1 15 1
118 0 5 229 1 53 1 11 1 389 1 318 1
119 0 5 277 1 47 1 406 1 13 1 363 1
120 0 5 214 1 114 1 138 1 310 1 100 1
121 0 5 315 1 203 1 68 1 105 1 259 1
122 0 5 161 1 352 1 254 1 331 1 84 1
123 0 5 348 1 163 1 372 1 361 1 383 1
124 0 5 44 1 265 1 58 1 223 1 332 1
125 0 5 61 1 184 1 411 1 5 1 104 1
126 0 5 41 1 69 1 173 1 337 1 297 1
127 0 5 61 1 411 1 260 1 94 1 88 1
128 0 5 277 1 363 1 406 1 386 1 157 1
129 0 5 320 1 304 1 137 1 8 1 30 1
130 0 5 18 1 353 1 248 1 245 1 401 1
131 0 5 231 1 78 1 255 1 279 1 357 1
132 0 5 15 1 114 1 117 1 310 1 214 1
133 0 5 89 1 341 1 111 1 211 1 73 1
134 0 5 31 1 7 1 106 1 107 1 342 1
135 0 5 244 1 33 1 260 1 12 1 61 1
136 0 5 244 1 170 1 169 1 33 1 12 1
137 0 5 8 1 129 1 320 1 305 1 2 1
138 0 5 114 1 120 1 310 1 381 1 214 1
139 0 5 61 1 411 1 5 1 125 1 104 1
140 0 5 61 1 411 1 5 1 327 1 338 1
141 0 5 59 1 155 1 14 1 185 1 328 1
142 0 5 197 1 26 1 19 1 179 1 165 1
143 0 5 330 1 402 1 69 1 29 1 173 1
144 0 5 382 1 46 1 77 1 146 1 405 1
145 0 5 6 1 196 1 183 1 199 1 264 1
146 0 5 357 1 382 1 405 1 46 1 144 1
147 0 5 328 1 324 1 14 1 218 1 155 1
148 0 5 22 1 359 1 166 1 371 1 344 1
149 0 5 9 1 194 1 215 1 16 1 102 1
150 0 5 380 1 85 1 285 1 17 1 4 1
151 0 5 58 1 332 1 289 1 156 1 109 1
152 0 5 37 1 62 1 362 1 15 1 279 1
153 0 5 403 1 201 1 39 1 193 1 298 1
154 0 5 366 1 367 1 274 1 388 1 275 1
155 0 5 59 1 14 1 141 1 147 1 185 1
156 0 5 20 1 66 1 58 1 289 1 282 1
157 0 5 363 1 409 1 277 1 406 1 128 1
158 0 5 17 1 269 1 384 1 36 1 379 1
159 0 5 175 1 379 1 17 1 76 1 322 1
160 0 5 17 1 404 1 233 1 375 1 299 1
161 0 5 294 1 317 1 253 1 122 1 331 1
162 0 5 99 1 33 1 376 1 79 1 326 1
163 0 5 348 1 123 1 383 1 372 1 361 1
164 0 5 189 1 26 1 4 1 299 1 160 1
165 0 5 19 1 223 1 197 1 142 1 26 1
166 0 5 333 1 148 1 359 1 340 1 363 1
167 0 5 207 1 233 1 26 1 189 1 16 1
168 0 5 208 1 228 1 48 1 276 1 10 1
169 0 5 356 1 136 1 1 1 244 1 428 1
170 0 5 136 1 338 1 1 1 244 1 169 1
171 0 5 112 1 108 1 227 1 377 1 398 1
172 0 5 245 1 401 1 353 1 313 1 230 1
173 0 5 297 1 41 1 126 1 402 1 337 1
174 0 5 287 1 113 1 32 1 82 1 347 1
175 0 5 159 1 379 1 17 1 76 1 36 1
176 0 5 7 1 31 1 106 1 342 1 134 1
177 0 5 368 1 203 1 315 1 13 1 105 1
178 0 5 206 1 340 1 239 1 86 1 399 1
179 0 5 26 1 142 1 334 1 197 1 19 1
180 0 5 360 1 28 1 251 1 358 1 364 1
181 0 5 199 1 402 1 372 1 196 1 264 1
182 0 5 252 1 284 1 52 1 394 1 67 1
183 0 5 227 1 271 1 205 1 145 1 369 1
184 0 5 1 1 415 1 424 1 423 1 422 1
185 0 5 141 1 274 1 155 1 366 1 216 1
186 0 5 57 1 202 1 215 1 233 1 167 1
187 0 5 335 1 387 1 288 1 347 1 268 1
188 0 5 26 1 55 1 334 1 4 1 179 1
189 0 5 164 1 26 1 167 1 160 1 4 1
190 0 5 39 1 54 1 298 1 67 1 153 1
191 0 5 354 1 226 1 285 1 224 1 97 1
192 0 5 368 1 360 1 321 1 358 1 386 1
193 0 5 298 1 201 1 403 1 153 1 67 1
194 0 5 149 1 9 1 16 1 102 1 215 1
195 0 5 61 1 365 1 5 1 280 1 104 1
196 0 5 110 1 145 1 209 1 271 1 219 1
197 0 5 142 1 19 1 26 1 165 1 179 1
198 0 5 51 1 257 1 270 1 394 1 56 1
199 0 5 110 1 23 1 205 1 397 1 267 1
200 0 5 262 1 310 1 15 1 114 1 62 1
201 0 5 153 1 284 1 403 1 193 1 298 1
202 0 5 233 1 57 1 17 1 186 1 261 1
203 0 5 61 1 177 1 5 1 105 1 296 1
204 0 5 307 1 56 1 394 1 257 1 52 1
205 0 5 199 1 6 1 183 1 108 1 264 1
206 0 5 1 1 81 1 86 1 239 1 399 1
207 0 5 9 1 215 1 16 1 167 1 26 1
208 0 5 168 1 228 1 70 1 276 1 10 1
209 0 5 196 1 264 1 348 1 272 1 98 1
210 0 5 290 1 292 1 261 1 76 1 159 1
211 0 5 341 1 111 1 266 1 133 1 383 1
212 0 5 43 1 8 1 11 1 2 1 30 1
213 0 5 303 1 378 1 27 1 408 1 246 1
214 0 5 114 1 120 1 15 1 132 1 310 1
215 0 5 9 1 149 1 207 1 57 1 186 1
216 0 5 273 1 243 1 141 1 185 1 328 1
217 0 5 400 1 29 1 330 1 143 1 306 1
218 0 5 220 1 324 1 147 1 3 1 236 1
219 0 5 264 1 372 1 199 1 196 1 348 1
220 0 5 410 1 324 1 218 1 3 1 77 1
221 0 5 283 1 20 1 265 1 44 1 308 1
222 0 5 392 1 281 1 87 1 262 1 310 1
223 0 5 19 1 265 1 165 1 308 1 124 1
224 0 5 65 1 4 1 85 1 191 1 226 1
225 0 5 230 1 253 1 331 1 84 1 27 1
226 0 5 191 1 97 1 354 1 109 1 224 1
227 0 5 183 1 264 1 6 1 171 1 108 1
228 0 5 208 1 168 1 70 1 276 1 400 1
229 0 5 118 1 11 1 389 1 30 1 53 1
230 0 5 225 1 245 1 313 1 172 1 253 1
231 0 5 131 1 357 1 78 1 279 1 405 1
232 0 5 38 1 400 1 48 1 29 1 45 1
233 0 5 202 1 160 1 57 1 17 1 167 1
234 0 5 32 1 287 1 113 1 118 1 174 1
235 0 5 61 1 411 1 260 1 12 1 88 1
236 0 5 14 1 59 1 274 1 3 1 155 1
237 0 5 3 1 407 1 325 1 100 1 35 1
238 0 5 81 1 103 1 1 1 372 1 419 1
239 0 5 87 1 276 1 281 1 70 1 86 1
240 0 5 61 1 365 1 5 1 411 1 280 1
241 0 5 347 1 66 1 282 1 20 1 174 1
242 0 5 278 1 383 1 377 1 398 1 111 1
243 0 5 216 1 328 1 59 1 141 1 147 1
244 0 5 356 1 396 1 135 1 136 1 327 1
245 0 5 401 1 172 1 353 1 313 1 130 1
246 0 5 249 1 408 1 378 1 27 1 391 1
247 0 5 350 1 396 1 135 1 356 1 88 1
248 0 5 18 1 304 1 130 1 82 1 353 1
249 0 5 246 1 408 1 64 1 370 1 317 1
250 0 5 18 1 20 1 282 1 283 1 82 1
251 0 5 49 1 47 1 386 1 364 1 363 1
252 0 5 182 1 52 1 67 1 284 1 72 1
253 0 5 161 1 293 1 225 1 331 1 27 1
254 0 5 352 1 305 1 122 1 84 1 172 1
255 0 5 78 1 405 1 131 1 3 1 231 1
256 0 5 3 1 35 1 236 1 155 1 393 1
257 0 5 56 1 198 1 204 1 394 1 51 1
258 0 5 61 1 411 1 5 1 34 1 125 1
259 0 5 315 1 13 1 203 1 105 1 277 1
260 0 5 135 1 396 1 88 1 235 1 136 1
261 0 5 76 1 202 1 17 1 175 1 159 1
262 0 5 200 1 312 1 275 1 392 1 222 1
263 0 5 111 1 383 1 341 1 266 1 242 1
264 0 5 209 1 227 1 219 1 6 1 271 1
265 0 5 308 1 44 1 19 1 124 1 223 1
266 0 5 309 1 60 1 345 1 111 1 341 1
267 0 5 199 1 402 1 23 1 143 1 330 1
268 0 5 288 1 335 1 53 1 22 1 187 1
269 0 5 17 1 158 1 384 1 379 1 36 1
270 0 5 51 1 395 1 198 1 394 1 257 1
271 0 5 183 1 196 1 199 1 264 1 219 1
272 0 5 361 1 83 1 209 1 348 1 108 1
273 0 5 328 1 216 1 70 1 10 1 276 1
274 0 5 366 1 185 1 154 1 393 1 236 1
275 0 5 262 1 388 1 310 1 367 1 154 1
276 0 5 239 1 10 1 70 1 228 1 208 1
277 0 5 399 1 68 1 119 1 346 1 128 1
278 0 5 91 1 242 1 377 1 96 1 60 1
279 0 5 37 1 52 1 152 1 362 1 131 1
280 0 5 94 1 25 1 195 1 127 1 235 1
281 0 5 222 1 239 1 81 1 87 1 103 1
282 0 5 20 1 66 1 241 1 250 1 347 1
283 0 5 221 1 20 1 250 1 282 1 66 1
284 0 5 182 1 201 1 252 1 394 1 193 1
285 0 5 380 1 150 1 191 1 302 1 85 1
286 0 5 22 1 329 1 24 1 385 1 314 1
287 0 5 113 1 32 1 174 1 234 1 82 1
288 0 5 268 1 335 1 187 1 22 1 53 1
289 0 5 387 1 109 1 156 1 97 1 58 1
290 0 5 210 1 261 1 76 1 292 1 202 1
291 0 5 74 1 398 1 91 1 83 1 108 1
292 0 5 24 1 76 1 322 1 159 1 374 1
293 0 5 317 1 331 1 294 1 253 1 161 1
294 0 5 31 1 391 1 390 1 293 1 161 1
295 0 5 339 1 27 1 378 1 313 1 293 1
296 0 5 105 1 203 1 177 1 40 1 259 1
297 0 5 173 1 369 1 126 1 41 1 69 1
298 0 5 193 1 67 1 403 1 39 1 153 1
299 0 5 404 1 4 1 160 1 17 1 85 1
300 0 5 383 1 349 1 111 1 242 1 341 1
301 0 5 368 1 321 1 7 1 360 1 134 1
302 0 5 314 1 385 1 285 1 374 1 354 1
303 0 5 116 1 235 1 127 1 249 1 247 1
304 0 5 320 1 248 1 129 1 82 1 30 1
305 0 5 254 1 352 1 137 1 8 1 122 1
306 0 5 400 1 29 1 217 1 330 1 45 1
307 0 5 204 1 52 1 279 1 394 1 56 1
308 0 5 19 1 265 1 223 1 165 1 221 1
309 0 5 376 1 266 1 341 1 79 1 60 1
310 0 5 200 1 15 1 114 1 275 1 132 1
311 0 5 199 1 402 1 23 1 400 1 143 1
312 0 5 388 1 367 1 262 1 275 1 154 1
313 0 5 339 1 245 1 295 1 230 1 172 1
314 0 5 302 1 385 1 374 1 115 1 354 1
315 0 5 316 1 259 1 177 1 121 1 399 1
316 0 5 105 1 1 1 103 1 424 1 423 1
317 0 5 391 1 293 1 31 1 161 1 249 1
318 0 5 28 1 93 1 92 1 389 1 11 1
319 0 5 135 1 249 1 235 1 127 1 326 1
320 0 5 129 1 304 1 137 1 30 1 2 1
321 0 5 301 1 93 1 336 1 7 1 192 1
322 0 5 374 1 115 1 292 1 159 1 379 1
323 0 5 71 1 178 1 54 1 190 1 39 1
324 0 5 147 1 220 1 218 1 59 1 14 1
325 0 5 407 1 100 1 3 1 237 1 120 1
326 0 5 33 1 116 1 350 1 247 1 12 1
327 0 5 244 1 411 1 61 1 33 1 94 1
328 0 5 273 1 147 1 243 1 59 1 141 1
329 0 5 22 1 148 1 286 1 24 1 288 1
330 0 5 29 1 143 1 48 1 69 1 217 1
331 0 5 293 1 27 1 253 1 161 1 408 1
332 0 5 58 1 151 1 223 1 124 1 44 1
333 0 5 166 1 409 1 343 1 47 1 340 1
334 0 5 26 1 179 1 188 1 142 1 19 1
335 0 5 288 1 268 1 187 1 53 1 22 1
336 0 5 360 1 321 1 28 1 95 1 93 1
337 0 5 41 1 126 1 173 1 227 1 345 1
338 0 5 244 1 170 1 184 1 411 1 169 1
339 0 5 313 1 295 1 378 1 27 1 245 1
340 0 5 371 1 166 1 343 1 409 1 178 1
341 0 5 211 1 111 1 60 1 133 1 73 1
342 0 5 43 1 134 1 7 1 176 1 390 1
343 0 5 86 1 340 1 333 1 363 1 406 1
344 0 5 148 1 90 1 359 1 166 1 251 1
345 0 5 96 1 60 1 266 1 111 1 341 1
346 0 5 277 1 315 1 406 1 13 1 42 1
347 0 5 241 1 174 1 66 1 20 1 187 1
348 0 5 209 1 83 1 123 1 163 1 108 1
349 0 5 383 1 300 1 111 1 242 1 341 1
350 0 5 373 1 247 1 396 1 135 1 116 1
351 0 5 26 1 16 1 75 1 19 1 179 1
352 0 5 254 1 122 1 305 1 84 1 172 1
353 0 5 401 1 245 1 172 1 130 1 18 1
354 0 5 191 1 226 1 314 1 302 1 97 1
355 0 5 107 1 63 1 40 1 105 1 258 1
356 0 5 244 1 169 1 411 1 33 1 61 1
357 0 5 146 1 231 1 131 1 405 1 279 1
358 0 5 49 1 251 1 180 1 360 1 28 1
359 0 5 148 1 166 1 371 1 344 1 90 1
360 0 5 336 1 192 1 47 1 180 1 95 1
361 0 5 272 1 372 1 98 1 348 1 123 1
362 0 5 152 1 117 1 37 1 78 1 279 1
363 0 5 406 1 409 1 251 1 49 1 166 1
364 0 5 251 1 47 1 49 1 180 1 358 1
365 0 5 195 1 25 1 104 1 240 1 40 1
366 0 5 154 1 274 1 185 1 367 1 59 1
367 0 5 154 1 388 1 275 1 274 1 366 1
368 0 5 301 1 192 1 177 1 107 1 355 1
369 0 5 297 1 199 1 183 1 402 1 143 1
370 0 5 127 1 25 1 249 1 94 1 391 1
371 0 5 340 1 359 1 333 1 148 1 166 1
372 0 5 110 1 83 1 238 1 361 1 219 1
373 0 5 350 1 396 1 135 1 88 1 327 1
374 0 5 115 1 322 1 385 1 314 1 302 1
375 0 5 17 1 404 1 160 1 299 1 158 1
376 0 5 309 1 79 1 162 1 211 1 89 1
377 0 5 91 1 278 1 112 1 242 1 171 1
378 0 5 213 1 27 1 408 1 246 1 295 1
379 0 5 175 1 17 1 159 1 269 1 322 1
380 0 5 285 1 150 1 85 1 17 1 384 1
381 0 5 274 1 138 1 393 1 120 1 3 1
382 0 5 144 1 46 1 77 1 146 1 405 1
383 0 5 349 1 91 1 300 1 74 1 242 1
384 0 5 17 1 269 1 158 1 379 1 285 1
385 0 5 314 1 286 1 374 1 115 1 302 1
386 0 5 49 1 13 1 251 1 47 1 121 1
387 0 5 289 1 187 1 97 1 347 1 109 1
388 0 5 275 1 367 1 154 1 274 1 114 1
389 0 5 11 1 318 1 229 1 118 1 28 1
390 0 5 7 1 294 1 249 1 342 1 317 1
391 0 5 317 1 294 1 94 1 370 1 195 1
392 0 5 222 1 21 1 62 1 72 1 54 1
393 0 5 274 1 381 1 138 1 3 1 256 1
394 0 5 198 1 284 1 204 1 257 1 51 1
395 0 5 270 1 51 1 46 1 257 1 198 1
396 0 5 244 1 33 1 260 1 411 1 12 1
397 0 5 199 1 6 1 108 1 264 1 183 1
398 0 5 91 1 291 1 98 1 112 1 108 1
399 0 5 277 1 81 1 1 1 316 1 103 1
400 0 5 110 1 38 1 232 1 45 1 306 1
401 0 5 353 1 245 1 172 1 18 1 130 1
402 0 5 143 1 267 1 173 1 23 1 311 1
403 0 5 153 1 201 1 193 1 298 1 39 1
404 0 5 299 1 160 1 17 1 375 1 4 1
405 0 5 77 1 255 1 146 1 357 1 410 1
406 0 5 363 1 119 1 49 1 409 1 47 1
407 0 5 325 1 3 1 237 1 100 1 120 1
408 0 5 246 1 249 1 378 1 27 1 213 1
409 0 5 399 1 363 1 333 1 406 1 340 1
410 0 5 220 1 77 1 218 1 324 1 405 1
411 0 5 139 1 140 1 258 1 34 1 125 1
412 0 5 427 1 417 1 418 1 413 1 428 1
413 0 5 184 1 34 1 428 1 426 1 425 1
414 0 5 184 1 34 1 428 1 426 1 425 1
415 0 5 184 1 34 1 428 1 426 1 425 1
416 0 5 184 1 34 1 428 1 426 1 425 1
417 0 5 412 1 34 1 429 1 413 1 428 1
418 0 5 412 1 34 1 429 1 413 1 428 1
419 0 5 184 1 34 1 428 1 426 1 425 1
420 0 5 184 1 34 1 428 1 426 1 425 1
421 0 5 184 1 34 1 428 1 426 1 425 1
422 0 5 184 1 34 1 428 1 426 1 425 1
423 0 5 184 1 34 1 428 1 426 1 425 1
424 0 5 184 1 34 1 428 1 426 1 425 1
425 0 5 184 1 34 1 428 1 426 1 425 1
426 0 5 184 1 34 1 428 1 426 1 425 1
427 0 5 412 1 34 1 429 1 413 1 428 1
428 0 5 184 1 34 1 428 1 426 1 425 1
429 0 5 412 1 417 1 418 1 427 1 429 1
-1
EOF
