484
1 0 5 461 1 478 1 477 1 476 1 475 1
2 0 5 140 1 363 1 400 1 64 1 79 1
3 0 5 392 1 210 1 135 1 433 1 316 1
4 0 5 182 1 385 1 81 1 434 1 431 1
5 0 5 295 1 181 1 104 1 259 1 313 1
6 0 5 157 1 207 1 341 1 127 1 285 1
7 0 5 169 1 134 1 203 1 199 1 409 1
8 0 5 356 1 51 1 297 1 409 1 335 1
9 0 5 175 1 103 1 73 1 190 1 417 1
10 0 5 168 1 409 1 51 1 8 1 335 1
11 0 5 93 1 78 1 441 1 321 1 137 1
12 0 5 153 1 293 1 323 1 29 1 249 1
13 0 5 448 1 71 1 389 1 331 1 198 1
14 0 5 149 1 264 1 131 1 197 1 77 1
15 0 5 115 1 75 1 354 1 347 1 184 1
16 0 5 34 1 435 1 173 1 414 1 20 1
17 0 5 68 1 374 1 457 1 73 1 41 1
18 0 5 296 1 345 1 319 1 86 1 74 1
19 0 5 180 1 449 1 445 1 282 1 133 1
20 0 5 396 1 233 1 49 1 173 1 34 1
21 0 5 58 1 44 1 386 1 164 1 240 1
22 0 5 102 1 204 1 331 1 389 1 172 1
23 0 5 164 1 240 1 438 1 249 1 255 1
24 0 5 337 1 252 1 187 1 161 1 188 1
25 0 5 94 1 343 1 271 1 116 1 362 1
26 0 5 30 1 265 1 62 1 393 1 439 1
27 0 5 427 1 420 1 259 1 144 1 104 1
28 0 5 336 1 286 1 254 1 327 1 269 1
29 0 5 290 1 444 1 38 1 299 1 339 1
30 0 5 62 1 26 1 265 1 379 1 189 1
31 0 5 348 1 221 1 418 1 137 1 279 1
32 0 5 256 1 165 1 167 1 36 1 147 1
33 0 5 346 1 283 1 97 1 180 1 59 1
34 0 5 16 1 435 1 173 1 20 1 111 1
35 0 5 234 1 401 1 48 1 372 1 117 1
36 0 5 147 1 32 1 165 1 167 1 256 1
37 0 5 371 1 268 1 60 1 344 1 377 1
38 0 5 274 1 29 1 290 1 298 1 12 1
39 0 5 144 1 391 1 420 1 237 1 148 1
40 0 5 203 1 199 1 134 1 130 1 87 1
41 0 5 243 1 68 1 411 1 103 1 73 1
42 0 5 321 1 226 1 441 1 299 1 210 1
43 0 5 397 1 387 1 443 1 335 1 51 1
44 0 5 386 1 21 1 262 1 218 1 192 1
45 0 5 281 1 326 1 235 1 100 1 366 1
46 0 5 297 1 353 1 335 1 8 1 356 1
47 0 5 455 1 55 1 106 1 380 1 176 1
48 0 5 372 1 117 1 252 1 139 1 223 1
49 0 5 233 1 20 1 396 1 173 1 34 1
50 0 5 327 1 402 1 316 1 304 1 433 1
51 0 5 335 1 356 1 8 1 10 1 168 1
52 0 5 367 1 448 1 291 1 361 1 331 1
53 0 5 227 1 93 1 402 1 441 1 321 1
54 0 5 287 1 224 1 421 1 110 1 388 1
55 0 5 380 1 47 1 106 1 146 1 455 1
56 0 5 439 1 263 1 154 1 393 1 26 1
57 0 5 375 1 263 1 238 1 422 1 439 1
58 0 5 21 1 240 1 164 1 44 1 386 1
59 0 5 459 1 239 1 175 1 147 1 180 1
60 0 5 350 1 214 1 344 1 273 1 37 1
61 0 5 82 1 133 1 198 1 303 1 282 1
62 0 5 30 1 439 1 26 1 189 1 265 1
63 0 5 160 1 438 1 164 1 220 1 280 1
64 0 5 196 1 324 1 377 1 140 1 288 1
65 0 5 436 1 108 1 245 1 404 1 398 1
66 0 5 234 1 401 1 399 1 132 1 48 1
67 0 5 413 1 452 1 290 1 358 1 339 1
68 0 5 17 1 374 1 41 1 73 1 103 1
69 0 5 333 1 395 1 404 1 123 1 325 1
70 0 5 76 1 241 1 419 1 98 1 408 1
71 0 5 389 1 13 1 303 1 167 1 331 1
72 0 5 104 1 107 1 453 1 259 1 295 1
73 0 5 9 1 374 1 175 1 103 1 190 1
74 0 5 219 1 209 1 266 1 288 1 419 1
75 0 5 184 1 15 1 115 1 458 1 315 1
76 0 5 98 1 70 1 241 1 419 1 338 1
77 0 5 276 1 201 1 149 1 120 1 437 1
78 0 5 446 1 11 1 441 1 93 1 321 1
79 0 5 114 1 273 1 350 1 140 1 2 1
80 0 5 137 1 208 1 446 1 279 1 170 1
81 0 5 90 1 105 1 4 1 213 1 385 1
82 0 5 61 1 289 1 133 1 384 1 198 1
83 0 5 286 1 378 1 336 1 150 1 220 1
84 0 5 320 1 242 1 85 1 132 1 399 1
85 0 5 242 1 84 1 437 1 429 1 155 1
86 0 5 345 1 319 1 288 1 18 1 74 1
87 0 5 194 1 353 1 199 1 203 1 40 1
88 0 5 446 1 1 1 483 1 472 1 170 1
89 0 5 223 1 337 1 117 1 161 1 315 1
90 0 5 105 1 81 1 213 1 122 1 155 1
91 0 5 322 1 280 1 200 1 433 1 129 1
92 0 5 472 1 1 1 469 1 477 1 476 1
93 0 5 11 1 53 1 141 1 99 1 289 1
94 0 5 116 1 25 1 343 1 247 1 415 1
95 0 5 172 1 211 1 291 1 367 1 192 1
96 0 5 430 1 357 1 146 1 222 1 186 1
97 0 5 152 1 33 1 271 1 362 1 283 1
98 0 5 76 1 70 1 338 1 432 1 251 1
99 0 5 141 1 226 1 441 1 321 1 135 1
100 0 5 281 1 326 1 366 1 45 1 181 1
101 0 5 403 1 138 1 348 1 137 1 279 1
102 0 5 22 1 204 1 389 1 331 1 179 1
103 0 5 9 1 374 1 175 1 73 1 41 1
104 0 5 166 1 259 1 284 1 72 1 246 1
105 0 5 385 1 90 1 81 1 122 1 434 1
106 0 5 455 1 308 1 47 1 55 1 412 1
107 0 5 456 1 72 1 246 1 166 1 284 1
108 0 5 65 1 395 1 436 1 325 1 123 1
109 0 5 145 1 338 1 251 1 307 1 287 1
110 0 5 432 1 351 1 307 1 287 1 251 1
111 0 5 278 1 435 1 34 1 414 1 368 1
112 0 5 118 1 108 1 195 1 65 1 436 1
113 0 5 410 1 126 1 447 1 151 1 296 1
114 0 5 79 1 273 1 350 1 334 1 140 1
115 0 5 354 1 15 1 75 1 187 1 405 1
116 0 5 94 1 247 1 25 1 432 1 442 1
117 0 5 234 1 48 1 372 1 89 1 272 1
118 0 5 112 1 108 1 195 1 325 1 395 1
119 0 5 218 1 192 1 205 1 44 1 172 1
120 0 5 276 1 426 1 340 1 77 1 132 1
121 0 5 206 1 229 1 230 1 292 1 128 1
122 0 5 310 1 383 1 244 1 434 1 397 1
123 0 5 404 1 395 1 69 1 325 1 333 1
124 0 5 178 1 425 1 343 1 442 1 415 1
125 0 5 324 1 377 1 428 1 371 1 268 1
126 0 5 447 1 410 1 113 1 212 1 359 1
127 0 5 423 1 207 1 245 1 159 1 333 1
128 0 5 206 1 246 1 27 1 121 1 420 1
129 0 5 312 1 322 1 200 1 254 1 91 1
130 0 5 40 1 159 1 87 1 333 1 142 1
131 0 5 267 1 14 1 264 1 300 1 149 1
132 0 5 320 1 84 1 399 1 120 1 305 1
133 0 5 61 1 19 1 82 1 303 1 282 1
134 0 5 349 1 333 1 7 1 203 1 69 1
135 0 5 304 1 321 1 441 1 99 1 42 1
136 0 5 419 1 451 1 266 1 209 1 219 1
137 0 5 208 1 80 1 317 1 101 1 332 1
138 0 5 101 1 31 1 215 1 228 1 403 1
139 0 5 257 1 234 1 48 1 401 1 372 1
140 0 5 2 1 196 1 64 1 363 1 79 1
141 0 5 99 1 441 1 321 1 226 1 93 1
142 0 5 174 1 193 1 87 1 353 1 159 1
143 0 5 309 1 274 1 348 1 293 1 403 1
144 0 5 281 1 39 1 246 1 27 1 170 1
145 0 5 109 1 338 1 251 1 454 1 177 1
146 0 5 186 1 380 1 430 1 96 1 55 1
147 0 5 167 1 36 1 459 1 32 1 303 1
148 0 5 39 1 420 1 27 1 237 1 221 1
149 0 5 14 1 373 1 77 1 201 1 300 1
150 0 5 378 1 220 1 160 1 83 1 211 1
151 0 5 179 1 410 1 126 1 113 1 102 1
152 0 5 97 1 283 1 362 1 271 1 178 1
153 0 5 323 1 12 1 249 1 342 1 236 1
154 0 5 393 1 370 1 426 1 56 1 265 1
155 0 5 244 1 85 1 197 1 320 1 213 1
156 0 5 311 1 222 1 318 1 260 1 189 1
157 0 5 6 1 341 1 207 1 171 1 285 1
158 0 5 365 1 329 1 236 1 414 1 435 1
159 0 5 174 1 130 1 142 1 193 1 353 1
160 0 5 63 1 220 1 211 1 150 1 172 1
161 0 5 184 1 381 1 272 1 24 1 89 1
162 0 5 270 1 195 1 306 1 349 1 395 1
163 0 5 228 1 294 1 191 1 233 1 215 1
164 0 5 23 1 240 1 438 1 58 1 21 1
165 0 5 212 1 32 1 204 1 36 1 167 1
166 0 5 104 1 366 1 181 1 45 1 352 1
167 0 5 147 1 32 1 36 1 165 1 71 1
168 0 5 169 1 409 1 10 1 203 1 199 1
169 0 5 232 1 248 1 7 1 168 1 349 1
170 0 5 281 1 456 1 208 1 80 1 92 1
171 0 5 202 1 267 1 341 1 398 1 157 1
172 0 5 95 1 211 1 192 1 291 1 367 1
173 0 5 396 1 16 1 20 1 34 1 49 1
174 0 5 142 1 159 1 193 1 353 1 130 1
175 0 5 9 1 103 1 59 1 73 1 362 1
176 0 5 458 1 308 1 106 1 347 1 455 1
177 0 5 408 1 241 1 288 1 145 1 109 1
178 0 5 343 1 183 1 271 1 124 1 362 1
179 0 5 151 1 102 1 410 1 212 1 126 1
180 0 5 19 1 59 1 256 1 282 1 133 1
181 0 5 281 1 284 1 5 1 246 1 100 1
182 0 5 4 1 443 1 434 1 335 1 431 1
183 0 5 178 1 243 1 362 1 411 1 190 1
184 0 5 75 1 458 1 161 1 315 1 337 1
185 0 5 278 1 357 1 368 1 96 1 231 1
186 0 5 390 1 231 1 146 1 96 1 357 1
187 0 5 115 1 24 1 188 1 354 1 394 1
188 0 5 381 1 187 1 184 1 405 1 24 1
189 0 5 311 1 62 1 222 1 30 1 379 1
190 0 5 73 1 411 1 243 1 103 1 360 1
191 0 5 294 1 215 1 163 1 228 1 348 1
192 0 5 119 1 218 1 172 1 44 1 95 1
193 0 5 142 1 174 1 369 1 301 1 159 1
194 0 5 199 1 87 1 203 1 353 1 409 1
195 0 5 325 1 162 1 395 1 306 1 134 1
196 0 5 64 1 377 1 140 1 324 1 363 1
197 0 5 264 1 429 1 155 1 213 1 14 1
198 0 5 361 1 303 1 61 1 82 1 448 1
199 0 5 194 1 203 1 40 1 87 1 7 1
200 0 5 322 1 280 1 255 1 91 1 129 1
201 0 5 373 1 300 1 77 1 276 1 149 1
202 0 5 422 1 171 1 300 1 398 1 267 1
203 0 5 40 1 199 1 7 1 134 1 194 1
204 0 5 165 1 102 1 389 1 22 1 167 1
205 0 5 440 1 218 1 119 1 451 1 192 1
206 0 5 292 1 121 1 128 1 427 1 229 1
207 0 5 6 1 341 1 157 1 127 1 245 1
208 0 5 137 1 80 1 446 1 279 1 170 1
209 0 5 266 1 219 1 74 1 136 1 419 1
210 0 5 316 1 42 1 304 1 135 1 3 1
211 0 5 95 1 172 1 291 1 160 1 192 1
212 0 5 165 1 359 1 447 1 417 1 126 1
213 0 5 90 1 197 1 81 1 155 1 275 1
214 0 5 344 1 457 1 60 1 350 1 359 1
215 0 5 191 1 294 1 138 1 221 1 348 1
216 0 5 225 1 368 1 229 1 416 1 230 1
217 0 5 398 1 108 1 65 1 341 1 123 1
218 0 5 119 1 44 1 192 1 205 1 262 1
219 0 5 74 1 209 1 266 1 419 1 136 1
220 0 5 150 1 160 1 378 1 83 1 63 1
221 0 5 418 1 31 1 228 1 215 1 101 1
222 0 5 156 1 318 1 311 1 430 1 96 1
223 0 5 48 1 234 1 89 1 272 1 326 1
224 0 5 287 1 54 1 109 1 110 1 421 1
225 0 5 216 1 20 1 34 1 229 1 368 1
226 0 5 42 1 332 1 141 1 99 1 317 1
227 0 5 53 1 402 1 441 1 99 1 302 1
228 0 5 163 1 418 1 221 1 294 1 191 1
229 0 5 216 1 230 1 416 1 292 1 453 1
230 0 5 229 1 121 1 427 1 206 1 416 1
231 0 5 390 1 186 1 146 1 368 1 416 1
232 0 5 169 1 483 1 472 1 1 1 248 1
233 0 5 49 1 20 1 396 1 163 1 228 1
234 0 5 66 1 117 1 35 1 372 1 139 1
235 0 5 295 1 45 1 382 1 337 1 313 1
236 0 5 158 1 323 1 329 1 365 1 240 1
237 0 5 39 1 148 1 27 1 221 1 418 1
238 0 5 276 1 426 1 340 1 120 1 437 1
239 0 5 33 1 88 1 483 1 472 1 1 1
240 0 5 164 1 329 1 23 1 58 1 21 1
241 0 5 70 1 408 1 419 1 177 1 76 1
242 0 5 85 1 437 1 320 1 84 1 429 1
243 0 5 41 1 411 1 183 1 190 1 73 1
244 0 5 275 1 376 1 155 1 310 1 122 1
245 0 5 404 1 423 1 436 1 127 1 69 1
246 0 5 259 1 128 1 104 1 181 1 420 1
247 0 5 442 1 116 1 432 1 94 1 425 1
248 0 5 387 1 169 1 472 1 483 1 1 1
249 0 5 23 1 12 1 255 1 153 1 323 1
250 0 5 364 1 431 1 353 1 87 1 4 1
251 0 5 338 1 351 1 307 1 109 1 110 1
252 0 5 48 1 314 1 24 1 272 1 372 1
253 0 5 453 1 416 1 427 1 229 1 121 1
254 0 5 316 1 129 1 433 1 50 1 91 1
255 0 5 200 1 249 1 358 1 280 1 23 1
256 0 5 459 1 32 1 180 1 36 1 167 1
257 0 5 330 1 139 1 1 1 483 1 472 1
258 0 5 441 1 93 1 402 1 321 1 53 1
259 0 5 246 1 104 1 284 1 27 1 206 1
260 0 5 355 1 318 1 96 1 222 1 156 1
261 0 5 234 1 401 1 48 1 154 1 372 1
262 0 5 386 1 44 1 21 1 164 1 192 1
263 0 5 439 1 57 1 311 1 56 1 62 1
264 0 5 197 1 14 1 429 1 131 1 77 1
265 0 5 26 1 393 1 30 1 370 1 62 1
266 0 5 209 1 219 1 136 1 74 1 419 1
267 0 5 131 1 300 1 171 1 373 1 149 1
268 0 5 37 1 344 1 371 1 447 1 60 1
269 0 5 327 1 50 1 286 1 336 1 433 1
270 0 5 162 1 346 1 306 1 195 1 349 1
271 0 5 362 1 25 1 178 1 343 1 183 1
272 0 5 458 1 315 1 252 1 117 1 223 1
273 0 5 360 1 457 1 334 1 411 1 350 1
274 0 5 38 1 298 1 143 1 348 1 290 1
275 0 5 244 1 310 1 397 1 383 1 155 1
276 0 5 238 1 120 1 77 1 426 1 201 1
277 0 5 337 1 45 1 100 1 366 1 313 1
278 0 5 185 1 357 1 111 1 96 1 368 1
279 0 5 208 1 80 1 317 1 101 1 332 1
280 0 5 200 1 322 1 438 1 91 1 255 1
281 0 5 181 1 144 1 100 1 170 1 391 1
282 0 5 445 1 19 1 82 1 133 1 61 1
283 0 5 152 1 33 1 271 1 362 1 97 1
284 0 5 104 1 259 1 181 1 391 1 420 1
285 0 5 301 1 364 1 159 1 369 1 157 1
286 0 5 336 1 83 1 28 1 269 1 220 1
287 0 5 224 1 110 1 54 1 307 1 109 1
288 0 5 408 1 86 1 345 1 74 1 177 1
289 0 5 82 1 445 1 93 1 384 1 198 1
290 0 5 444 1 29 1 299 1 339 1 38 1
291 0 5 95 1 367 1 172 1 211 1 52 1
292 0 5 206 1 229 1 427 1 121 1 128 1
293 0 5 12 1 348 1 274 1 143 1 309 1
294 0 5 191 1 163 1 215 1 228 1 396 1
295 0 5 405 1 5 1 235 1 394 1 354 1
296 0 5 18 1 113 1 410 1 209 1 266 1
297 0 5 46 1 8 1 335 1 356 1 353 1
298 0 5 444 1 274 1 38 1 29 1 290 1
299 0 5 332 1 29 1 290 1 42 1 444 1
300 0 5 201 1 373 1 267 1 149 1 202 1
301 0 5 369 1 364 1 193 1 431 1 250 1
302 0 5 402 1 227 1 384 1 53 1 289 1
303 0 5 198 1 71 1 361 1 61 1 384 1
304 0 5 135 1 42 1 210 1 99 1 50 1
305 0 5 401 1 234 1 399 1 132 1 340 1
306 0 5 349 1 232 1 325 1 7 1 248 1
307 0 5 351 1 110 1 251 1 432 1 287 1
308 0 5 314 1 176 1 450 1 106 1 407 1
309 0 5 348 1 143 1 233 1 403 1 293 1
310 0 5 122 1 275 1 434 1 397 1 244 1
311 0 5 156 1 189 1 263 1 439 1 222 1
312 0 5 129 1 392 1 358 1 3 1 424 1
313 0 5 45 1 366 1 337 1 5 1 235 1
314 0 5 308 1 458 1 252 1 347 1 117 1
315 0 5 407 1 272 1 184 1 75 1 176 1
316 0 5 210 1 42 1 304 1 50 1 327 1
317 0 5 444 1 298 1 279 1 137 1 226 1
318 0 5 260 1 355 1 156 1 222 1 311 1
319 0 5 345 1 86 1 18 1 288 1 428 1
320 0 5 84 1 132 1 242 1 340 1 399 1
321 0 5 441 1 11 1 141 1 42 1 99 1
322 0 5 200 1 280 1 91 1 255 1 129 1
323 0 5 342 1 153 1 12 1 236 1 249 1
324 0 5 125 1 64 1 428 1 377 1 288 1
325 0 5 195 1 395 1 306 1 123 1 333 1
326 0 5 330 1 472 1 1 1 483 1 257 1
327 0 5 50 1 402 1 433 1 316 1 304 1
328 0 5 446 1 403 1 299 1 444 1 348 1
329 0 5 365 1 158 1 240 1 236 1 414 1
330 0 5 326 1 257 1 234 1 406 1 100 1
331 0 5 13 1 448 1 71 1 198 1 361 1
332 0 5 299 1 226 1 137 1 444 1 279 1
333 0 5 69 1 395 1 134 1 325 1 423 1
334 0 5 273 1 400 1 363 1 114 1 421 1
335 0 5 51 1 376 1 443 1 356 1 8 1
336 0 5 286 1 28 1 83 1 269 1 220 1
337 0 5 24 1 89 1 184 1 75 1 187 1
338 0 5 251 1 109 1 145 1 351 1 307 1
339 0 5 29 1 290 1 452 1 12 1 413 1
340 0 5 120 1 320 1 305 1 238 1 426 1
341 0 5 157 1 398 1 6 1 207 1 171 1
342 0 5 323 1 396 1 236 1 293 1 12 1
343 0 5 25 1 178 1 415 1 271 1 94 1
344 0 5 214 1 359 1 268 1 60 1 37 1
345 0 5 86 1 319 1 288 1 18 1 324 1
346 0 5 33 1 270 1 283 1 97 1 59 1
347 0 5 407 1 176 1 314 1 272 1 15 1
348 0 5 31 1 101 1 309 1 294 1 293 1
349 0 5 134 1 306 1 169 1 7 1 325 1
350 0 5 60 1 273 1 214 1 79 1 114 1
351 0 5 307 1 110 1 251 1 432 1 338 1
352 0 5 456 1 420 1 246 1 39 1 166 1
353 0 5 87 1 46 1 194 1 250 1 297 1
354 0 5 115 1 405 1 15 1 187 1 295 1
355 0 5 260 1 318 1 375 1 57 1 263 1
356 0 5 8 1 51 1 335 1 297 1 10 1
357 0 5 185 1 278 1 96 1 368 1 390 1
358 0 5 255 1 67 1 413 1 452 1 392 1
359 0 5 447 1 212 1 344 1 126 1 214 1
360 0 5 411 1 273 1 457 1 190 1 41 1
361 0 5 198 1 303 1 448 1 384 1 52 1
362 0 5 271 1 152 1 183 1 175 1 178 1
363 0 5 388 1 400 1 454 1 2 1 334 1
364 0 5 431 1 250 1 301 1 81 1 369 1
365 0 5 329 1 158 1 414 1 236 1 435 1
366 0 5 281 1 326 1 100 1 166 1 45 1
367 0 5 52 1 291 1 95 1 172 1 211 1
368 0 5 216 1 416 1 357 1 390 1 111 1
369 0 5 301 1 193 1 364 1 431 1 250 1
370 0 5 48 1 154 1 265 1 84 1 26 1
371 0 5 37 1 268 1 377 1 60 1 344 1
372 0 5 48 1 234 1 401 1 117 1 252 1
373 0 5 201 1 149 1 300 1 77 1 276 1
374 0 5 103 1 73 1 68 1 17 1 457 1
375 0 5 57 1 422 1 355 1 263 1 439 1
376 0 5 383 1 397 1 244 1 335 1 387 1
377 0 5 196 1 371 1 125 1 37 1 268 1
378 0 5 150 1 220 1 83 1 361 1 160 1
379 0 5 412 1 450 1 30 1 26 1 265 1
380 0 5 55 1 146 1 47 1 106 1 416 1
381 0 5 188 1 161 1 372 1 330 1 337 1
382 0 5 326 1 235 1 394 1 24 1 313 1
383 0 5 376 1 122 1 443 1 434 1 310 1
384 0 5 82 1 303 1 198 1 361 1 289 1
385 0 5 105 1 434 1 4 1 122 1 81 1
386 0 5 262 1 44 1 21 1 58 1 164 1
387 0 5 248 1 43 1 376 1 397 1 401 1
388 0 5 363 1 454 1 400 1 421 1 145 1
389 0 5 71 1 13 1 204 1 167 1 102 1
390 0 5 186 1 231 1 146 1 368 1 357 1
391 0 5 281 1 39 1 208 1 80 1 284 1
392 0 5 3 1 210 1 312 1 358 1 67 1
393 0 5 265 1 154 1 450 1 26 1 48 1
394 0 5 295 1 337 1 382 1 406 1 235 1
395 0 5 325 1 333 1 108 1 69 1 123 1
396 0 5 173 1 20 1 233 1 49 1 294 1
397 0 5 43 1 376 1 275 1 310 1 443 1
398 0 5 217 1 341 1 171 1 65 1 207 1
399 0 5 320 1 305 1 132 1 84 1 120 1
400 0 5 334 1 273 1 363 1 388 1 454 1
401 0 5 66 1 305 1 35 1 234 1 372 1
402 0 5 227 1 53 1 258 1 327 1 50 1
403 0 5 101 1 138 1 215 1 191 1 294 1
404 0 5 123 1 69 1 245 1 436 1 395 1
405 0 5 295 1 354 1 188 1 337 1 115 1
406 0 5 330 1 394 1 188 1 235 1 24 1
407 0 5 347 1 315 1 161 1 252 1 223 1
408 0 5 177 1 288 1 241 1 74 1 86 1
409 0 5 168 1 10 1 7 1 8 1 194 1
410 0 5 113 1 126 1 151 1 179 1 447 1
411 0 5 243 1 360 1 41 1 190 1 183 1
412 0 5 379 1 106 1 450 1 308 1 30 1
413 0 5 452 1 67 1 339 1 290 1 358 1
414 0 5 435 1 365 1 158 1 16 1 111 1
415 0 5 425 1 343 1 442 1 124 1 178 1
416 0 5 368 1 229 1 253 1 216 1 453 1
417 0 5 73 1 214 1 212 1 457 1 359 1
418 0 5 221 1 228 1 31 1 39 1 148 1
419 0 5 136 1 70 1 241 1 219 1 266 1
420 0 5 27 1 39 1 246 1 128 1 206 1
421 0 5 54 1 388 1 334 1 400 1 454 1
422 0 5 375 1 202 1 355 1 57 1 300 1
423 0 5 69 1 127 1 333 1 245 1 404 1
424 0 5 290 1 42 1 3 1 452 1 312 1
425 0 5 415 1 442 1 124 1 343 1 247 1
426 0 5 238 1 120 1 276 1 154 1 370 1
427 0 5 27 1 292 1 206 1 121 1 420 1
428 0 5 125 1 324 1 319 1 113 1 18 1
429 0 5 437 1 85 1 197 1 242 1 77 1
430 0 5 96 1 146 1 222 1 189 1 55 1
431 0 5 364 1 250 1 182 1 81 1 4 1
432 0 5 110 1 116 1 351 1 247 1 307 1
433 0 5 327 1 50 1 210 1 91 1 3 1
434 0 5 310 1 385 1 383 1 443 1 122 1
435 0 5 414 1 111 1 16 1 34 1 365 1
436 0 5 65 1 108 1 404 1 245 1 123 1
437 0 5 429 1 242 1 85 1 77 1 320 1
438 0 5 164 1 23 1 280 1 63 1 240 1
439 0 5 263 1 56 1 62 1 311 1 26 1
440 0 5 451 1 205 1 136 1 119 1 218 1
441 0 5 11 1 321 1 141 1 42 1 99 1
442 0 5 247 1 425 1 415 1 124 1 116 1
443 0 5 383 1 335 1 397 1 434 1 182 1
444 0 5 317 1 290 1 29 1 298 1 332 1
445 0 5 282 1 19 1 289 1 82 1 61 1
446 0 5 208 1 80 1 328 1 88 1 78 1
447 0 5 359 1 126 1 212 1 268 1 113 1
448 0 5 13 1 52 1 361 1 331 1 198 1
449 0 5 19 1 93 1 441 1 321 1 282 1
450 0 5 308 1 393 1 379 1 412 1 265 1
451 0 5 440 1 136 1 205 1 296 1 266 1
452 0 5 413 1 339 1 67 1 358 1 29 1
453 0 5 253 1 229 1 416 1 72 1 427 1
454 0 5 388 1 363 1 145 1 400 1 421 1
455 0 5 47 1 106 1 347 1 55 1 176 1
456 0 5 170 1 352 1 107 1 181 1 100 1
457 0 5 17 1 273 1 360 1 68 1 411 1
458 0 5 272 1 184 1 314 1 176 1 407 1
459 0 5 59 1 256 1 147 1 36 1 19 1
460 0 5 461 1 478 1 477 1 476 1 475 1
461 0 5 461 1 478 1 477 1 476 1 475 1
462 0 5 461 1 478 1 477 1 476 1 475 1
463 0 5 461 1 478 1 477 1 476 1 475 1
464 0 5 461 1 478 1 477 1 476 1 475 1
465 0 5 461 1 478 1 477 1 476 1 475 1
466 0 5 461 1 478 1 477 1 476 1 475 1
467 0 5 461 1 478 1 477 1 476 1 475 1
468 0 5 461 1 478 1 477 1 476 1 475 1
469 0 5 461 1 478 1 477 1 476 1 475 1
470 0 5 461 1 478 1 477 1 476 1 475 1
471 0 5 461 1 478 1 477 1 476 1 475 1
472 0 5 461 1 478 1 477 1 476 1 475 1
473 0 5 461 1 478 1 477 1 476 1 475 1
474 0 5 461 1 478 1 477 1 476 1 475 1
475 0 5 461 1 478 1 477 1 476 1 475 1
476 0 5 461 1 478 1 477 1 476 1 475 1
477 0 5 461 1 478 1 477 1 476 1 475 1
478 0 5 461 1 478 1 477 1 476 1 475 1
479 0 5 461 1 478 1 477 1 476 1 475 1
480 0 5 461 1 478 1 477 1 476 1 475 1
481 0 5 461 1 478 1 477 1 476 1 475 1
482 0 5 461 1 478 1 477 1 476 1 475 1
483 0 5 461 1 478 1 477 1 476 1 475 1
484 0 5 461 1 478 1 477 1 476 1 475 1
-1
EOF
