676
1 0 5 578 1 580 1 563 1 579 1 564 1
2 0 5 87 1 180 1 433 1 388 1 106 1
3 0 5 201 1 272 1 429 1 160 1 31 1
4 0 5 126 1 460 1 49 1 366 1 139 1
5 0 5 167 1 134 1 234 1 445 1 166 1
6 0 5 162 1 22 1 108 1 112 1 178 1
7 0 5 316 1 501 1 438 1 320 1 179 1
8 0 5 509 1 326 1 161 1 230 1 249 1
9 0 5 202 1 193 1 57 1 490 1 415 1
10 0 5 53 1 161 1 61 1 103 1 326 1
11 0 5 143 1 452 1 493 1 240 1 147 1
12 0 5 220 1 42 1 187 1 98 1 518 1
13 0 5 192 1 48 1 269 1 467 1 383 1
14 0 5 47 1 254 1 437 1 364 1 213 1
15 0 5 251 1 351 1 480 1 186 1 159 1
16 0 5 101 1 286 1 263 1 311 1 158 1
17 0 5 66 1 342 1 187 1 454 1 225 1
18 0 5 171 1 468 1 390 1 23 1 172 1
19 0 5 470 1 127 1 399 1 40 1 270 1
20 0 5 39 1 440 1 314 1 493 1 90 1
21 0 5 175 1 206 1 292 1 89 1 322 1
22 0 5 162 1 367 1 178 1 149 1 6 1
23 0 5 246 1 260 1 18 1 390 1 372 1
24 0 5 113 1 486 1 516 1 346 1 424 1
25 0 5 115 1 149 1 27 1 185 1 385 1
26 0 5 172 1 171 1 506 1 514 1 124 1
27 0 5 115 1 25 1 185 1 51 1 122 1
28 0 5 118 1 388 1 87 1 455 1 95 1
29 0 5 241 1 502 1 318 1 464 1 273 1
30 0 5 174 1 62 1 432 1 512 1 34 1
31 0 5 201 1 3 1 54 1 109 1 478 1
32 0 5 291 1 101 1 309 1 63 1 157 1
33 0 5 168 1 128 1 295 1 71 1 203 1
34 0 5 369 1 432 1 130 1 30 1 174 1
35 0 5 67 1 44 1 86 1 58 1 411 1
36 0 5 67 1 391 1 240 1 44 1 146 1
37 0 5 145 1 442 1 205 1 405 1 49 1
38 0 5 461 1 210 1 200 1 463 1 390 1
39 0 5 20 1 90 1 440 1 66 1 493 1
40 0 5 182 1 19 1 229 1 270 1 399 1
41 0 5 73 1 111 1 373 1 80 1 129 1
42 0 5 220 1 12 1 125 1 64 1 342 1
43 0 5 386 1 395 1 176 1 152 1 177 1
44 0 5 67 1 408 1 35 1 36 1 406 1
45 0 5 70 1 135 1 82 1 214 1 157 1
46 0 5 88 1 444 1 287 1 377 1 192 1
47 0 5 14 1 437 1 254 1 393 1 508 1
48 0 5 13 1 444 1 377 1 383 1 287 1
49 0 5 205 1 417 1 321 1 77 1 405 1
50 0 5 110 1 132 1 198 1 232 1 238 1
51 0 5 523 1 300 1 122 1 27 1 185 1
52 0 5 125 1 241 1 29 1 64 1 342 1
53 0 5 61 1 10 1 477 1 447 1 199 1
54 0 5 318 1 29 1 484 1 387 1 365 1
55 0 5 325 1 200 1 390 1 508 1 23 1
56 0 5 513 1 59 1 420 1 84 1 153 1
57 0 5 235 1 148 1 9 1 181 1 202 1
58 0 5 313 1 86 1 35 1 308 1 67 1
59 0 5 305 1 56 1 420 1 255 1 84 1
60 0 5 79 1 62 1 374 1 512 1 465 1
61 0 5 53 1 199 1 10 1 409 1 74 1
62 0 5 30 1 79 1 512 1 174 1 473 1
63 0 5 184 1 73 1 129 1 32 1 389 1
64 0 5 125 1 502 1 42 1 241 1 464 1
65 0 5 185 1 208 1 481 1 414 1 83 1
66 0 5 345 1 17 1 261 1 39 1 90 1
67 0 5 406 1 36 1 44 1 35 1 518 1
68 0 5 368 1 565 1 566 1 567 1 568 1
69 0 5 469 1 188 1 119 1 219 1 511 1
70 0 5 45 1 166 1 282 1 135 1 357 1
71 0 5 165 1 128 1 85 1 404 1 33 1
72 0 5 142 1 298 1 479 1 396 1 202 1
73 0 5 41 1 129 1 63 1 279 1 373 1
74 0 5 199 1 378 1 290 1 85 1 409 1
75 0 5 237 1 116 1 244 1 436 1 93 1
76 0 5 491 1 251 1 156 1 186 1 144 1
77 0 5 205 1 405 1 49 1 224 1 403 1
78 0 5 400 1 183 1 181 1 148 1 391 1
79 0 5 512 1 60 1 62 1 174 1 465 1
80 0 5 449 1 111 1 126 1 565 1 301 1
81 0 5 159 1 186 1 226 1 270 1 289 1
82 0 5 135 1 498 1 45 1 101 1 214 1
83 0 5 419 1 194 1 317 1 328 1 65 1
84 0 5 425 1 420 1 153 1 459 1 151 1
85 0 5 290 1 404 1 71 1 466 1 74 1
86 0 5 58 1 35 1 308 1 313 1 411 1
87 0 5 2 1 433 1 388 1 180 1 28 1
88 0 5 46 1 203 1 168 1 472 1 192 1
89 0 5 292 1 175 1 206 1 21 1 322 1
90 0 5 440 1 261 1 39 1 20 1 66 1
91 0 5 147 1 257 1 98 1 493 1 11 1
92 0 5 154 1 392 1 114 1 239 1 362 1
93 0 5 256 1 306 1 244 1 116 1 152 1
94 0 5 264 1 511 1 97 1 348 1 219 1
95 0 5 363 1 403 1 482 1 433 1 388 1
96 0 5 194 1 353 1 174 1 328 1 130 1
97 0 5 348 1 264 1 94 1 122 1 511 1
98 0 5 147 1 187 1 12 1 91 1 342 1
99 0 5 123 1 521 1 126 1 377 1 133 1
100 0 5 262 1 104 1 155 1 103 1 277 1
101 0 5 16 1 82 1 309 1 498 1 32 1
102 0 5 285 1 348 1 264 1 350 1 469 1
103 0 5 230 1 104 1 277 1 155 1 10 1
104 0 5 100 1 103 1 155 1 277 1 230 1
105 0 5 204 1 330 1 336 1 141 1 335 1
106 0 5 482 1 492 1 433 1 442 1 363 1
107 0 5 379 1 169 1 253 1 137 1 382 1
108 0 5 112 1 6 1 162 1 267 1 567 1
109 0 5 198 1 132 1 201 1 50 1 31 1
110 0 5 50 1 232 1 141 1 191 1 238 1
111 0 5 41 1 80 1 569 1 573 1 572 1
112 0 5 108 1 267 1 224 1 370 1 6 1
113 0 5 486 1 24 1 516 1 346 1 259 1
114 0 5 413 1 154 1 92 1 89 1 239 1
115 0 5 27 1 25 1 185 1 149 1 414 1
116 0 5 75 1 93 1 237 1 323 1 120 1
117 0 5 160 1 471 1 303 1 322 1 131 1
118 0 5 28 1 455 1 385 1 331 1 178 1
119 0 5 469 1 350 1 180 1 69 1 188 1
120 0 5 204 1 116 1 330 1 375 1 323 1
121 0 5 462 1 138 1 289 1 500 1 434 1
122 0 5 523 1 51 1 300 1 27 1 348 1
123 0 5 99 1 48 1 377 1 126 1 521 1
124 0 5 304 1 479 1 514 1 26 1 396 1
125 0 5 64 1 52 1 42 1 241 1 502 1
126 0 5 4 1 521 1 80 1 301 1 449 1
127 0 5 483 1 223 1 19 1 470 1 359 1
128 0 5 71 1 295 1 33 1 203 1 271 1
129 0 5 73 1 473 1 184 1 63 1 278 1
130 0 5 174 1 284 1 34 1 231 1 432 1
131 0 5 402 1 191 1 164 1 335 1 343 1
132 0 5 50 1 198 1 109 1 431 1 238 1
133 0 5 448 1 467 1 474 1 273 1 48 1
134 0 5 5 1 495 1 167 1 293 1 445 1
135 0 5 82 1 45 1 70 1 320 1 214 1
136 0 5 195 1 384 1 202 1 142 1 396 1
137 0 5 450 1 307 1 382 1 189 1 288 1
138 0 5 500 1 121 1 158 1 248 1 151 1
139 0 5 412 1 243 1 488 1 4 1 37 1
140 0 5 569 1 570 1 563 1 564 1 565 1
141 0 5 337 1 335 1 336 1 191 1 110 1
142 0 5 72 1 304 1 298 1 195 1 136 1
143 0 5 11 1 240 1 452 1 275 1 78 1
144 0 5 156 1 491 1 315 1 186 1 251 1
145 0 5 37 1 265 1 442 1 139 1 488 1
146 0 5 252 1 391 1 400 1 36 1 181 1
147 0 5 91 1 98 1 257 1 493 1 11 1
148 0 5 183 1 57 1 181 1 400 1 78 1
149 0 5 25 1 367 1 22 1 115 1 185 1
150 0 5 416 1 310 1 517 1 280 1 277 1
151 0 5 430 1 153 1 138 1 84 1 425 1
152 0 5 395 1 244 1 43 1 306 1 436 1
153 0 5 513 1 151 1 425 1 84 1 315 1
154 0 5 92 1 114 1 413 1 239 1 89 1
155 0 5 475 1 104 1 230 1 103 1 327 1
156 0 5 144 1 315 1 251 1 186 1 153 1
157 0 5 45 1 357 1 32 1 371 1 279 1
158 0 5 138 1 286 1 507 1 151 1 16 1
159 0 5 510 1 81 1 186 1 15 1 182 1
160 0 5 117 1 164 1 3 1 322 1 175 1
161 0 5 10 1 326 1 230 1 8 1 155 1
162 0 5 22 1 6 1 108 1 178 1 112 1
163 0 5 418 1 165 1 346 1 397 1 261 1
164 0 5 343 1 443 1 206 1 21 1 402 1
165 0 5 163 1 346 1 71 1 85 1 418 1
166 0 5 282 1 167 1 70 1 501 1 234 1
167 0 5 5 1 166 1 234 1 134 1 293 1
168 0 5 33 1 203 1 347 1 295 1 444 1
169 0 5 457 1 107 1 253 1 296 1 190 1
170 0 5 188 1 219 1 385 1 511 1 69 1
171 0 5 172 1 18 1 26 1 468 1 390 1
172 0 5 171 1 506 1 26 1 18 1 468 1
173 0 5 578 1 580 1 563 1 579 1 564 1
174 0 5 30 1 512 1 130 1 432 1 353 1
175 0 5 21 1 89 1 322 1 292 1 206 1
176 0 5 177 1 43 1 445 1 355 1 386 1
177 0 5 359 1 176 1 43 1 355 1 483 1
178 0 5 456 1 370 1 95 1 403 1 22 1
179 0 5 438 1 270 1 19 1 7 1 226 1
180 0 5 2 1 119 1 350 1 87 1 433 1
181 0 5 148 1 252 1 349 1 57 1 423 1
182 0 5 40 1 270 1 159 1 19 1 229 1
183 0 5 148 1 78 1 400 1 181 1 391 1
184 0 5 63 1 473 1 129 1 439 1 297 1
185 0 5 481 1 65 1 414 1 115 1 208 1
186 0 5 248 1 251 1 81 1 159 1 15 1
187 0 5 98 1 12 1 17 1 342 1 257 1
188 0 5 69 1 170 1 219 1 119 1 511 1
189 0 5 307 1 288 1 477 1 137 1 280 1
190 0 5 196 1 296 1 288 1 294 1 211 1
191 0 5 141 1 131 1 274 1 336 1 232 1
192 0 5 13 1 269 1 347 1 168 1 46 1
193 0 5 490 1 9 1 202 1 415 1 341 1
194 0 5 96 1 83 1 421 1 130 1 353 1
195 0 5 136 1 384 1 142 1 202 1 57 1
196 0 5 190 1 288 1 211 1 294 1 268 1
197 0 5 435 1 213 1 324 1 242 1 468 1
198 0 5 132 1 109 1 50 1 274 1 427 1
199 0 5 74 1 409 1 61 1 378 1 10 1
200 0 5 55 1 461 1 38 1 390 1 210 1
201 0 5 3 1 272 1 31 1 54 1 429 1
202 0 5 9 1 384 1 136 1 396 1 195 1
203 0 5 271 1 295 1 128 1 168 1 33 1
204 0 5 105 1 330 1 120 1 336 1 116 1
205 0 5 77 1 49 1 37 1 405 1 403 1
206 0 5 21 1 292 1 89 1 164 1 175 1
207 0 5 494 1 198 1 132 1 299 1 487 1
208 0 5 65 1 185 1 414 1 481 1 328 1
209 0 5 237 1 436 1 325 1 75 1 463 1
210 0 5 38 1 463 1 200 1 55 1 209 1
211 0 5 466 1 288 1 196 1 268 1 190 1
212 0 5 464 1 318 1 29 1 365 1 58 1
213 0 5 197 1 458 1 435 1 242 1 324 1
214 0 5 371 1 45 1 320 1 82 1 135 1
215 0 5 256 1 323 1 306 1 93 1 375 1
216 0 5 249 1 376 1 366 1 326 1 4 1
217 0 5 294 1 268 1 516 1 211 1 196 1
218 0 5 302 1 515 1 422 1 378 1 271 1
219 0 5 511 1 170 1 188 1 69 1 469 1
220 0 5 12 1 42 1 98 1 187 1 342 1
221 0 5 360 1 263 1 286 1 138 1 158 1
222 0 5 453 1 422 1 472 1 340 1 366 1
223 0 5 276 1 127 1 399 1 19 1 359 1
224 0 5 321 1 405 1 112 1 49 1 77 1
225 0 5 227 1 17 1 454 1 347 1 261 1
226 0 5 462 1 289 1 81 1 159 1 270 1
227 0 5 261 1 225 1 347 1 397 1 17 1
228 0 5 361 1 441 1 255 1 266 1 459 1
229 0 5 381 1 399 1 40 1 426 1 182 1
230 0 5 103 1 155 1 161 1 8 1 277 1
231 0 5 339 1 130 1 421 1 524 1 266 1
232 0 5 336 1 110 1 191 1 238 1 50 1
233 0 5 472 1 453 1 88 1 340 1 126 1
234 0 5 167 1 501 1 166 1 247 1 358 1
235 0 5 57 1 423 1 349 1 181 1 148 1
236 0 5 332 1 522 1 499 1 446 1 70 1
237 0 5 209 1 75 1 116 1 436 1 244 1
238 0 5 191 1 232 1 336 1 274 1 50 1
239 0 5 341 1 154 1 92 1 423 1 413 1
240 0 5 143 1 36 1 11 1 452 1 67 1
241 0 5 502 1 29 1 64 1 52 1 125 1
242 0 5 324 1 197 1 396 1 506 1 213 1
243 0 5 327 1 258 1 139 1 376 1 4 1
244 0 5 152 1 75 1 93 1 436 1 306 1
245 0 5 377 1 449 1 521 1 111 1 41 1
246 0 5 23 1 390 1 260 1 372 1 18 1
247 0 5 355 1 470 1 234 1 127 1 358 1
248 0 5 186 1 500 1 138 1 121 1 489 1
249 0 5 216 1 509 1 161 1 326 1 8 1
250 0 5 360 1 284 1 266 1 16 1 263 1
251 0 5 76 1 15 1 186 1 156 1 159 1
252 0 5 146 1 181 1 400 1 391 1 148 1
253 0 5 382 1 379 1 107 1 288 1 296 1
254 0 5 319 1 47 1 364 1 14 1 437 1
255 0 5 420 1 459 1 228 1 305 1 361 1
256 0 5 215 1 93 1 306 1 244 1 323 1
257 0 5 493 1 91 1 147 1 187 1 39 1
258 0 5 327 1 475 1 243 1 155 1 249 1
259 0 5 424 1 440 1 346 1 24 1 486 1
260 0 5 372 1 23 1 246 1 319 1 364 1
261 0 5 90 1 227 1 397 1 66 1 225 1
262 0 5 281 1 100 1 504 1 104 1 277 1
263 0 5 360 1 221 1 286 1 16 1 250 1
264 0 5 94 1 97 1 348 1 511 1 469 1
265 0 5 488 1 145 1 504 1 37 1 139 1
266 0 5 459 1 250 1 361 1 228 1 130 1
267 0 5 112 1 6 1 162 1 108 1 68 1
268 0 5 217 1 516 1 211 1 346 1 196 1
269 0 5 347 1 192 1 383 1 225 1 227 1
270 0 5 179 1 81 1 19 1 182 1 438 1
271 0 5 203 1 295 1 128 1 218 1 340 1
272 0 5 201 1 3 1 471 1 411 1 303 1
273 0 5 29 1 484 1 448 1 318 1 212 1
274 0 5 191 1 336 1 198 1 238 1 109 1
275 0 5 452 1 518 1 67 1 36 1 240 1
276 0 5 223 1 426 1 127 1 399 1 359 1
277 0 5 517 1 103 1 356 1 230 1 104 1
278 0 5 473 1 73 1 129 1 63 1 41 1
279 0 5 357 1 73 1 157 1 371 1 332 1
280 0 5 416 1 450 1 356 1 310 1 189 1
281 0 5 262 1 504 1 155 1 265 1 100 1
282 0 5 166 1 70 1 501 1 234 1 135 1
283 0 5 487 1 132 1 494 1 198 1 50 1
284 0 5 250 1 130 1 266 1 459 1 369 1
285 0 5 102 1 350 1 348 1 469 1 264 1
286 0 5 158 1 221 1 138 1 263 1 507 1
287 0 5 444 1 46 1 383 1 377 1 48 1
288 0 5 196 1 189 1 211 1 137 1 190 1
289 0 5 434 1 121 1 226 1 462 1 81 1
290 0 5 85 1 404 1 74 1 466 1 515 1
291 0 5 32 1 371 1 309 1 498 1 214 1
292 0 5 206 1 89 1 21 1 175 1 322 1
293 0 5 520 1 495 1 167 1 134 1 522 1
294 0 5 217 1 296 1 190 1 196 1 457 1
295 0 5 128 1 203 1 33 1 271 1 71 1
296 0 5 457 1 190 1 294 1 288 1 253 1
297 0 5 344 1 439 1 184 1 34 1 389 1
298 0 5 304 1 72 1 142 1 479 1 396 1
299 0 5 207 1 496 1 494 1 446 1 41 1
300 0 5 481 1 51 1 122 1 523 1 185 1
301 0 5 451 1 460 1 126 1 80 1 4 1
302 0 5 218 1 340 1 422 1 515 1 472 1
303 0 5 117 1 175 1 471 1 322 1 21 1
304 0 5 124 1 298 1 142 1 479 1 514 1
305 0 5 59 1 524 1 441 1 255 1 420 1
306 0 5 93 1 256 1 152 1 215 1 244 1
307 0 5 189 1 450 1 137 1 280 1 288 1
308 0 5 313 1 86 1 365 1 58 1 35 1
309 0 5 498 1 101 1 291 1 32 1 371 1
310 0 5 356 1 150 1 517 1 280 1 277 1
311 0 5 16 1 389 1 344 1 101 1 369 1
312 0 5 489 1 507 1 498 1 434 1 316 1
313 0 5 58 1 308 1 86 1 365 1 35 1
314 0 5 354 1 20 1 493 1 440 1 39 1
315 0 5 156 1 425 1 153 1 186 1 151 1
316 0 5 7 1 320 1 438 1 312 1 501 1
317 0 5 328 1 419 1 83 1 481 1 65 1
318 0 5 29 1 212 1 54 1 484 1 35 1
319 0 5 372 1 364 1 254 1 260 1 23 1
320 0 5 316 1 501 1 7 1 135 1 214 1
321 0 5 224 1 49 1 405 1 205 1 77 1
322 0 5 175 1 89 1 21 1 206 1 303 1
323 0 5 215 1 375 1 116 1 256 1 93 1
324 0 5 242 1 197 1 396 1 213 1 506 1
325 0 5 55 1 508 1 209 1 330 1 200 1
326 0 5 8 1 161 1 509 1 10 1 249 1
327 0 5 258 1 243 1 475 1 155 1 504 1
328 0 5 317 1 419 1 83 1 353 1 65 1
329 0 5 467 1 333 1 398 1 133 1 334 1
330 0 5 204 1 105 1 508 1 120 1 325 1
331 0 5 455 1 178 1 118 1 367 1 385 1
332 0 5 236 1 279 1 73 1 446 1 357 1
333 0 5 329 1 398 1 334 1 133 1 485 1
334 0 5 333 1 329 1 398 1 133 1 485 1
335 0 5 141 1 337 1 336 1 330 1 131 1
336 0 5 232 1 141 1 191 1 204 1 105 1
337 0 5 141 1 335 1 336 1 131 1 191 1
338 0 5 478 1 207 1 429 1 485 1 109 1
339 0 5 421 1 231 1 524 1 130 1 266 1
340 0 5 302 1 472 1 222 1 515 1 453 1
341 0 5 415 1 239 1 490 1 193 1 9 1
342 0 5 17 1 42 1 98 1 187 1 52 1
343 0 5 164 1 402 1 393 1 131 1 437 1
344 0 5 389 1 297 1 311 1 34 1 184 1
345 0 5 66 1 17 1 225 1 454 1 227 1
346 0 5 165 1 163 1 486 1 516 1 24 1
347 0 5 269 1 225 1 227 1 192 1 168 1
348 0 5 97 1 102 1 264 1 122 1 94 1
349 0 5 362 1 423 1 181 1 92 1 392 1
350 0 5 285 1 119 1 180 1 469 1 69 1
351 0 5 510 1 15 1 480 1 159 1 186 1
352 0 5 111 1 41 1 407 1 245 1 449 1
353 0 5 96 1 174 1 512 1 83 1 328 1
354 0 5 314 1 424 1 20 1 440 1 24 1
355 0 5 247 1 445 1 176 1 127 1 234 1
356 0 5 310 1 447 1 280 1 277 1 10 1
357 0 5 157 1 279 1 70 1 45 1 371 1
358 0 5 410 1 470 1 234 1 501 1 247 1
359 0 5 483 1 177 1 127 1 176 1 223 1
360 0 5 263 1 250 1 221 1 430 1 16 1
361 0 5 228 1 459 1 255 1 266 1 441 1
362 0 5 349 1 392 1 423 1 181 1 92 1
363 0 5 95 1 492 1 482 1 403 1 106 1
364 0 5 319 1 458 1 372 1 468 1 254 1
365 0 5 308 1 54 1 212 1 35 1 58 1
366 0 5 222 1 4 1 216 1 453 1 376 1
367 0 5 22 1 149 1 385 1 331 1 178 1
368 0 5 68 1 579 1 564 1 577 1 576 1
369 0 5 34 1 432 1 130 1 311 1 30 1
370 0 5 403 1 456 1 178 1 95 1 112 1
371 0 5 214 1 45 1 291 1 309 1 157 1
372 0 5 260 1 319 1 364 1 23 1 468 1
373 0 5 73 1 41 1 570 1 571 1 572 1
374 0 5 60 1 579 1 578 1 577 1 564 1
375 0 5 519 1 401 1 323 1 120 1 215 1
376 0 5 216 1 4 1 243 1 460 1 366 1
377 0 5 287 1 46 1 48 1 521 1 88 1
378 0 5 74 1 199 1 409 1 515 1 326 1
379 0 5 107 1 382 1 253 1 137 1 288 1
380 0 5 505 1 414 1 497 1 208 1 65 1
381 0 5 229 1 399 1 19 1 40 1 182 1
382 0 5 253 1 379 1 137 1 288 1 107 1
383 0 5 444 1 269 1 287 1 347 1 48 1
384 0 5 136 1 195 1 202 1 396 1 490 1
385 0 5 367 1 170 1 118 1 188 1 331 1
386 0 5 43 1 395 1 176 1 445 1 355 1
387 0 5 54 1 484 1 318 1 29 1 365 1
388 0 5 433 1 28 1 95 1 87 1 180 1
389 0 5 344 1 311 1 16 1 101 1 184 1
390 0 5 18 1 246 1 23 1 461 1 200 1
391 0 5 400 1 36 1 146 1 181 1 78 1
392 0 5 362 1 92 1 181 1 146 1 423 1
393 0 5 437 1 47 1 164 1 14 1 343 1
394 0 5 198 1 274 1 207 1 232 1 109 1
395 0 5 386 1 43 1 152 1 445 1 306 1
396 0 5 479 1 324 1 514 1 202 1 242 1
397 0 5 418 1 261 1 163 1 227 1 33 1
398 0 5 333 1 329 1 334 1 133 1 407 1
399 0 5 381 1 229 1 19 1 223 1 426 1
400 0 5 78 1 391 1 146 1 181 1 183 1
401 0 5 503 1 519 1 476 1 375 1 495 1
402 0 5 131 1 164 1 343 1 191 1 393 1
403 0 5 370 1 95 1 456 1 363 1 178 1
404 0 5 85 1 290 1 71 1 466 1 211 1
405 0 5 77 1 224 1 205 1 49 1 37 1
406 0 5 67 1 408 1 44 1 391 1 36 1
407 0 5 111 1 352 1 41 1 398 1 449 1
408 0 5 406 1 44 1 67 1 391 1 36 1
409 0 5 199 1 378 1 61 1 74 1 326 1
410 0 5 358 1 470 1 501 1 234 1 19 1
411 0 5 35 1 86 1 272 1 54 1 308 1
412 0 5 139 1 49 1 243 1 4 1 37 1
413 0 5 114 1 154 1 239 1 89 1 92 1
414 0 5 505 1 380 1 208 1 185 1 497 1
415 0 5 341 1 490 1 9 1 193 1 423 1
416 0 5 280 1 150 1 137 1 450 1 189 1
417 0 5 49 1 460 1 4 1 321 1 112 1
418 0 5 163 1 397 1 346 1 165 1 33 1
419 0 5 83 1 317 1 328 1 194 1 353 1
420 0 5 255 1 59 1 56 1 84 1 513 1
421 0 5 339 1 524 1 231 1 194 1 130 1
422 0 5 302 1 222 1 218 1 453 1 472 1
423 0 5 235 1 349 1 181 1 362 1 92 1
424 0 5 259 1 354 1 24 1 486 1 314 1
425 0 5 84 1 315 1 153 1 151 1 459 1
426 0 5 480 1 276 1 399 1 229 1 381 1
427 0 5 198 1 494 1 207 1 274 1 50 1
428 0 5 474 1 133 1 448 1 207 1 478 1
429 0 5 3 1 201 1 109 1 272 1 478 1
430 0 5 151 1 459 1 360 1 221 1 138 1
431 0 5 476 1 503 1 132 1 446 1 110 1
432 0 5 34 1 30 1 174 1 369 1 130 1
433 0 5 87 1 388 1 95 1 106 1 482 1
434 0 5 289 1 489 1 312 1 500 1 226 1
435 0 5 197 1 213 1 239 1 154 1 114 1
436 0 5 463 1 244 1 152 1 209 1 75 1
437 0 5 47 1 393 1 14 1 254 1 508 1
438 0 5 179 1 316 1 7 1 270 1 226 1
439 0 5 297 1 473 1 184 1 344 1 34 1
440 0 5 90 1 259 1 20 1 39 1 314 1
441 0 5 524 1 228 1 305 1 255 1 361 1
442 0 5 492 1 37 1 106 1 145 1 363 1
443 0 5 164 1 175 1 21 1 206 1 131 1
444 0 5 46 1 287 1 383 1 168 1 48 1
445 0 5 355 1 176 1 395 1 5 1 386 1
446 0 5 431 1 236 1 207 1 132 1 332 1
447 0 5 356 1 477 1 53 1 10 1 280 1
448 0 5 273 1 54 1 474 1 365 1 133 1
449 0 5 80 1 126 1 521 1 245 1 111 1
450 0 5 307 1 137 1 280 1 416 1 189 1
451 0 5 301 1 460 1 4 1 126 1 80 1
452 0 5 275 1 11 1 240 1 143 1 518 1
453 0 5 222 1 472 1 422 1 340 1 271 1
454 0 5 17 1 225 1 345 1 342 1 187 1
455 0 5 331 1 118 1 28 1 385 1 388 1
456 0 5 178 1 403 1 370 1 95 1 388 1
457 0 5 296 1 169 1 294 1 288 1 190 1
458 0 5 364 1 468 1 213 1 242 1 197 1
459 0 5 361 1 255 1 266 1 430 1 151 1
460 0 5 4 1 376 1 301 1 126 1 451 1
461 0 5 38 1 200 1 390 1 18 1 463 1
462 0 5 121 1 226 1 289 1 81 1 434 1
463 0 5 210 1 436 1 209 1 200 1 55 1
464 0 5 212 1 502 1 29 1 64 1 241 1
465 0 5 79 1 60 1 374 1 566 1 567 1
466 0 5 211 1 85 1 290 1 288 1 404 1
467 0 5 133 1 13 1 192 1 273 1 54 1
468 0 5 18 1 458 1 506 1 364 1 372 1
469 0 5 119 1 69 1 511 1 350 1 219 1
470 0 5 19 1 247 1 358 1 127 1 410 1
471 0 5 117 1 303 1 175 1 272 1 160 1
472 0 5 453 1 340 1 222 1 422 1 302 1
473 0 5 374 1 140 1 60 1 566 1 567 1
474 0 5 54 1 318 1 448 1 133 1 387 1
475 0 5 155 1 258 1 327 1 230 1 104 1
476 0 5 503 1 401 1 431 1 499 1 495 1
477 0 5 447 1 189 1 53 1 280 1 356 1
478 0 5 485 1 338 1 31 1 429 1 474 1
479 0 5 514 1 124 1 396 1 298 1 304 1
480 0 5 426 1 351 1 15 1 510 1 159 1
481 0 5 300 1 185 1 65 1 83 1 208 1
482 0 5 106 1 363 1 95 1 433 1 492 1
483 0 5 359 1 127 1 176 1 355 1 247 1
484 0 5 273 1 54 1 387 1 29 1 318 1
485 0 5 272 1 478 1 201 1 31 1 429 1
486 0 5 113 1 24 1 346 1 516 1 259 1
487 0 5 494 1 283 1 198 1 132 1 207 1
488 0 5 265 1 504 1 139 1 412 1 145 1
489 0 5 507 1 312 1 434 1 500 1 248 1
490 0 5 193 1 415 1 9 1 341 1 384 1
491 0 5 76 1 144 1 251 1 156 1 186 1
492 0 5 442 1 363 1 106 1 95 1 482 1
493 0 5 257 1 314 1 20 1 11 1 39 1
494 0 5 487 1 207 1 427 1 283 1 198 1
495 0 5 134 1 293 1 499 1 522 1 476 1
496 0 5 299 1 207 1 41 1 446 1 73 1
497 0 5 380 1 505 1 414 1 512 1 79 1
498 0 5 309 1 82 1 312 1 320 1 101 1
499 0 5 495 1 522 1 476 1 375 1 236 1
500 0 5 138 1 248 1 121 1 434 1 286 1
501 0 5 7 1 234 1 166 1 282 1 320 1
502 0 5 464 1 241 1 64 1 29 1 12 1
503 0 5 401 1 476 1 519 1 431 1 375 1
504 0 5 281 1 488 1 265 1 155 1 262 1
505 0 5 414 1 380 1 497 1 185 1 208 1
506 0 5 172 1 26 1 468 1 242 1 514 1
507 0 5 489 1 312 1 286 1 158 1 500 1
508 0 5 325 1 55 1 330 1 47 1 437 1
509 0 5 249 1 8 1 326 1 161 1 409 1
510 0 5 159 1 351 1 15 1 186 1 480 1
511 0 5 94 1 219 1 264 1 469 1 69 1
512 0 5 79 1 174 1 30 1 62 1 353 1
513 0 5 56 1 153 1 420 1 315 1 255 1
514 0 5 479 1 124 1 396 1 26 1 506 1
515 0 5 218 1 74 1 378 1 302 1 340 1
516 0 5 268 1 113 1 24 1 346 1 486 1
517 0 5 277 1 150 1 310 1 356 1 280 1
518 0 5 275 1 67 1 12 1 98 1 58 1
519 0 5 401 1 375 1 503 1 110 1 476 1
520 0 5 293 1 522 1 167 1 70 1 495 1
521 0 5 126 1 377 1 99 1 449 1 233 1
522 0 5 520 1 236 1 499 1 293 1 495 1
523 0 5 122 1 51 1 300 1 27 1 481 1
524 0 5 441 1 305 1 421 1 339 1 266 1
525 0 5 578 1 580 1 563 1 579 1 564 1
526 0 5 578 1 580 1 563 1 579 1 564 1
527 0 5 578 1 580 1 563 1 579 1 564 1
528 0 5 578 1 580 1 563 1 579 1 564 1
529 0 5 578 1 580 1 563 1 579 1 564 1
530 0 5 578 1 580 1 563 1 579 1 564 1
531 0 5 578 1 580 1 563 1 579 1 564 1
532 0 5 578 1 580 1 563 1 579 1 564 1
533 0 5 578 1 580 1 563 1 579 1 564 1
534 0 5 578 1 580 1 563 1 579 1 564 1
535 0 5 578 1 580 1 563 1 579 1 564 1
536 0 5 578 1 580 1 563 1 579 1 564 1
537 0 5 578 1 580 1 563 1 579 1 564 1
538 0 5 578 1 580 1 563 1 579 1 564 1
539 0 5 578 1 580 1 563 1 579 1 564 1
540 0 5 578 1 580 1 563 1 579 1 564 1
541 0 5 578 1 580 1 563 1 579 1 564 1
542 0 5 578 1 580 1 563 1 579 1 564 1
543 0 5 578 1 580 1 563 1 579 1 564 1
544 0 5 578 1 580 1 563 1 579 1 564 1
545 0 5 578 1 580 1 563 1 579 1 564 1
546 0 5 578 1 580 1 563 1 579 1 564 1
547 0 5 578 1 580 1 563 1 579 1 564 1
548 0 5 578 1 580 1 563 1 579 1 564 1
549 0 5 578 1 580 1 563 1 579 1 564 1
550 0 5 578 1 580 1 563 1 579 1 564 1
551 0 5 578 1 580 1 563 1 579 1 564 1
552 0 5 578 1 580 1 563 1 579 1 564 1
553 0 5 578 1 580 1 563 1 579 1 564 1
554 0 5 578 1 580 1 563 1 579 1 564 1
555 0 5 578 1 580 1 563 1 579 1 564 1
556 0 5 578 1 580 1 563 1 579 1 564 1
557 0 5 578 1 580 1 563 1 579 1 564 1
558 0 5 578 1 580 1 563 1 579 1 564 1
559 0 5 578 1 580 1 563 1 579 1 564 1
560 0 5 578 1 580 1 563 1 579 1 564 1
561 0 5 578 1 580 1 563 1 579 1 564 1
562 0 5 578 1 580 1 563 1 579 1 564 1
563 0 5 578 1 580 1 563 1 579 1 564 1
564 0 5 578 1 580 1 563 1 579 1 564 1
565 0 5 578 1 580 1 563 1 579 1 564 1
566 0 5 578 1 580 1 563 1 579 1 564 1
567 0 5 578 1 580 1 563 1 579 1 564 1
568 0 5 578 1 580 1 563 1 579 1 564 1
569 0 5 578 1 580 1 563 1 579 1 564 1
570 0 5 578 1 580 1 563 1 579 1 564 1
571 0 5 578 1 580 1 563 1 579 1 564 1
572 0 5 578 1 580 1 563 1 579 1 564 1
573 0 5 578 1 580 1 563 1 579 1 564 1
574 0 5 578 1 580 1 563 1 579 1 564 1
575 0 5 578 1 580 1 563 1 579 1 564 1
576 0 5 578 1 580 1 563 1 579 1 564 1
577 0 5 578 1 580 1 563 1 579 1 564 1
578 0 5 578 1 580 1 563 1 579 1 564 1
579 0 5 578 1 580 1 563 1 579 1 564 1
580 0 5 578 1 580 1 563 1 579 1 564 1
581 0 5 578 1 580 1 563 1 579 1 564 1
582 0 5 578 1 580 1 563 1 579 1 564 1
583 0 5 578 1 580 1 563 1 579 1 564 1
584 0 5 578 1 580 1 563 1 579 1 564 1
585 0 5 578 1 580 1 563 1 579 1 564 1
586 0 5 578 1 580 1 563 1 579 1 564 1
587 0 5 578 1 580 1 563 1 579 1 564 1
588 0 5 578 1 580 1 563 1 579 1 564 1
589 0 5 578 1 580 1 563 1 579 1 564 1
590 0 5 578 1 580 1 563 1 579 1 564 1
591 0 5 578 1 580 1 563 1 579 1 564 1
592 0 5 578 1 580 1 563 1 579 1 564 1
593 0 5 578 1 580 1 563 1 579 1 564 1
594 0 5 578 1 580 1 563 1 579 1 564 1
595 0 5 578 1 580 1 563 1 579 1 564 1
596 0 5 578 1 580 1 563 1 579 1 564 1
597 0 5 578 1 580 1 563 1 579 1 564 1
598 0 5 578 1 580 1 563 1 579 1 564 1
599 0 5 578 1 580 1 563 1 579 1 564 1
600 0 5 578 1 580 1 563 1 579 1 564 1
601 0 5 578 1 580 1 563 1 579 1 564 1
602 0 5 578 1 580 1 563 1 579 1 564 1
603 0 5 578 1 580 1 563 1 579 1 564 1
604 0 5 578 1 580 1 563 1 579 1 564 1
605 0 5 578 1 580 1 563 1 579 1 564 1
606 0 5 578 1 580 1 563 1 579 1 564 1
607 0 5 578 1 580 1 563 1 579 1 564 1
608 0 5 578 1 580 1 563 1 579 1 564 1
609 0 5 578 1 580 1 563 1 579 1 564 1
610 0 5 578 1 580 1 563 1 579 1 564 1
611 0 5 578 1 580 1 563 1 579 1 564 1
612 0 5 578 1 580 1 563 1 579 1 564 1
613 0 5 578 1 580 1 563 1 579 1 564 1
614 0 5 578 1 580 1 563 1 579 1 564 1
615 0 5 578 1 580 1 563 1 579 1 564 1
616 0 5 578 1 580 1 563 1 579 1 564 1
617 0 5 578 1 580 1 563 1 579 1 564 1
618 0 5 578 1 580 1 563 1 579 1 564 1
619 0 5 578 1 580 1 563 1 579 1 564 1
620 0 5 578 1 580 1 563 1 579 1 564 1
621 0 5 578 1 580 1 563 1 579 1 564 1
622 0 5 578 1 580 1 563 1 579 1 564 1
623 0 5 578 1 580 1 563 1 579 1 564 1
624 0 5 578 1 580 1 563 1 579 1 564 1
625 0 5 578 1 580 1 563 1 579 1 564 1
626 0 5 578 1 580 1 563 1 579 1 564 1
627 0 5 578 1 580 1 563 1 579 1 564 1
628 0 5 578 1 580 1 563 1 579 1 564 1
629 0 5 578 1 580 1 563 1 579 1 564 1
630 0 5 578 1 580 1 563 1 579 1 564 1
631 0 5 578 1 580 1 563 1 579 1 564 1
632 0 5 578 1 580 1 563 1 579 1 564 1
633 0 5 578 1 580 1 563 1 579 1 564 1
634 0 5 578 1 580 1 563 1 579 1 564 1
635 0 5 578 1 580 1 563 1 579 1 564 1
636 0 5 578 1 580 1 563 1 579 1 564 1
637 0 5 578 1 580 1 563 1 579 1 564 1
638 0 5 578 1 580 1 563 1 579 1 564 1
639 0 5 578 1 580 1 563 1 579 1 564 1
640 0 5 578 1 580 1 563 1 579 1 564 1
641 0 5 578 1 580 1 563 1 579 1 564 1
642 0 5 578 1 580 1 563 1 579 1 564 1
643 0 5 578 1 580 1 563 1 579 1 564 1
644 0 5 578 1 580 1 563 1 579 1 564 1
645 0 5 578 1 580 1 563 1 579 1 564 1
646 0 5 578 1 580 1 563 1 579 1 564 1
647 0 5 578 1 580 1 563 1 579 1 564 1
648 0 5 578 1 580 1 563 1 579 1 564 1
649 0 5 578 1 580 1 563 1 579 1 564 1
650 0 5 578 1 580 1 563 1 579 1 564 1
651 0 5 578 1 580 1 563 1 579 1 564 1
652 0 5 578 1 580 1 563 1 579 1 564 1
653 0 5 578 1 580 1 563 1 579 1 564 1
654 0 5 578 1 580 1 563 1 579 1 564 1
655 0 5 578 1 580 1 563 1 579 1 564 1
656 0 5 578 1 580 1 563 1 579 1 564 1
657 0 5 578 1 580 1 563 1 579 1 564 1
658 0 5 578 1 580 1 563 1 579 1 564 1
659 0 5 578 1 580 1 563 1 579 1 564 1
660 0 5 578 1 580 1 563 1 579 1 564 1
661 0 5 578 1 580 1 563 1 579 1 564 1
662 0 5 578 1 580 1 563 1 579 1 564 1
663 0 5 578 1 580 1 563 1 579 1 564 1
664 0 5 578 1 580 1 563 1 579 1 564 1
665 0 5 578 1 580 1 563 1 579 1 564 1
666 0 5 578 1 580 1 563 1 579 1 564 1
667 0 5 578 1 580 1 563 1 579 1 564 1
668 0 5 578 1 580 1 563 1 579 1 564 1
669 0 5 578 1 580 1 563 1 579 1 564 1
670 0 5 578 1 580 1 563 1 579 1 564 1
671 0 5 578 1 580 1 563 1 579 1 564 1
672 0 5 578 1 580 1 563 1 579 1 564 1
673 0 5 578 1 580 1 563 1 579 1 564 1
674 0 5 578 1 580 1 563 1 579 1 564 1
675 0 5 578 1 580 1 563 1 579 1 564 1
676 0 5 578 1 580 1 563 1 579 1 564 1
-1
EOF
