785
1 0 5 690 1 707 1 706 1 705 1 703 1
2 0 5 457 1 137 1 198 1 407 1 566 1
3 0 5 80 1 305 1 515 1 262 1 580 1
4 0 5 158 1 639 1 163 1 348 1 44 1
5 0 5 168 1 359 1 587 1 315 1 97 1
6 0 5 225 1 136 1 356 1 496 1 16 1
7 0 5 205 1 80 1 55 1 608 1 3 1
8 0 5 141 1 140 1 286 1 378 1 547 1
9 0 5 446 1 199 1 456 1 581 1 31 1
10 0 5 370 1 195 1 17 1 316 1 279 1
11 0 5 394 1 600 1 443 1 630 1 209 1
12 0 5 609 1 210 1 447 1 110 1 109 1
13 0 5 192 1 118 1 261 1 98 1 29 1
14 0 5 503 1 265 1 486 1 162 1 433 1
15 0 5 129 1 194 1 377 1 625 1 62 1
16 0 5 136 1 53 1 6 1 216 1 225 1
17 0 5 10 1 214 1 370 1 195 1 316 1
18 0 5 475 1 197 1 548 1 393 1 637 1
19 0 5 649 1 230 1 532 1 445 1 499 1
20 0 5 264 1 380 1 157 1 132 1 401 1
21 0 5 344 1 66 1 112 1 307 1 213 1
22 0 5 508 1 144 1 603 1 202 1 371 1
23 0 5 182 1 246 1 477 1 241 1 93 1
24 0 5 572 1 386 1 208 1 535 1 140 1
25 0 5 171 1 146 1 348 1 189 1 188 1
26 0 5 511 1 378 1 542 1 390 1 75 1
27 0 5 176 1 591 1 82 1 343 1 398 1
28 0 5 174 1 379 1 383 1 298 1 79 1
29 0 5 98 1 118 1 363 1 13 1 149 1
30 0 5 321 1 43 1 521 1 185 1 148 1
31 0 5 581 1 277 1 172 1 9 1 192 1
32 0 5 598 1 127 1 589 1 50 1 114 1
33 0 5 426 1 337 1 182 1 297 1 482 1
34 0 5 563 1 346 1 517 1 198 1 67 1
35 0 5 157 1 150 1 401 1 79 1 264 1
36 0 5 296 1 288 1 360 1 328 1 245 1
37 0 5 421 1 230 1 420 1 223 1 19 1
38 0 5 504 1 180 1 614 1 94 1 628 1
39 0 5 565 1 211 1 384 1 369 1 364 1
40 0 5 489 1 525 1 248 1 650 1 64 1
41 0 5 135 1 310 1 254 1 45 1 419 1
42 0 5 68 1 535 1 612 1 645 1 391 1
43 0 5 30 1 321 1 148 1 205 1 521 1
44 0 5 639 1 4 1 188 1 158 1 442 1
45 0 5 419 1 41 1 413 1 626 1 74 1
46 0 5 229 1 579 1 71 1 237 1 590 1
47 0 5 107 1 561 1 460 1 308 1 463 1
48 0 5 88 1 90 1 586 1 509 1 573 1
49 0 5 557 1 212 1 103 1 127 1 281 1
50 0 5 123 1 589 1 215 1 32 1 127 1
51 0 5 619 1 153 1 270 1 514 1 604 1
52 0 5 470 1 276 1 73 1 260 1 582 1
53 0 5 16 1 216 1 272 1 136 1 620 1
54 0 5 565 1 384 1 234 1 278 1 423 1
55 0 5 285 1 80 1 205 1 7 1 120 1
56 0 5 464 1 397 1 444 1 167 1 495 1
57 0 5 562 1 450 1 490 1 270 1 51 1
58 0 5 201 1 538 1 408 1 406 1 571 1
59 0 5 435 1 166 1 640 1 86 1 154 1
60 0 5 650 1 555 1 64 1 489 1 114 1
61 0 5 425 1 239 1 242 1 369 1 565 1
62 0 5 629 1 275 1 303 1 15 1 348 1
63 0 5 546 1 387 1 108 1 365 1 253 1
64 0 5 489 1 555 1 650 1 60 1 40 1
65 0 5 145 1 125 1 115 1 335 1 349 1
66 0 5 112 1 172 1 21 1 9 1 199 1
67 0 5 137 1 407 1 263 1 302 1 34 1
68 0 5 42 1 128 1 592 1 200 1 513 1
69 0 5 486 1 94 1 170 1 614 1 362 1
70 0 5 352 1 536 1 502 1 474 1 525 1
71 0 5 152 1 82 1 179 1 461 1 334 1
72 0 5 585 1 706 1 705 1 704 1 703 1
73 0 5 519 1 470 1 244 1 52 1 276 1
74 0 5 419 1 301 1 310 1 333 1 633 1
75 0 5 222 1 529 1 558 1 511 1 26 1
76 0 5 325 1 236 1 284 1 253 1 378 1
77 0 5 350 1 457 1 332 1 372 1 517 1
78 0 5 252 1 293 1 212 1 557 1 524 1
79 0 5 458 1 383 1 157 1 35 1 20 1
80 0 5 7 1 55 1 3 1 205 1 515 1
81 0 5 371 1 479 1 287 1 508 1 649 1
82 0 5 71 1 255 1 461 1 27 1 398 1
83 0 5 329 1 342 1 178 1 269 1 304 1
84 0 5 258 1 600 1 282 1 279 1 370 1
85 0 5 417 1 249 1 606 1 366 1 399 1
86 0 5 640 1 204 1 59 1 568 1 154 1
87 0 5 204 1 642 1 154 1 390 1 184 1
88 0 5 530 1 243 1 48 1 319 1 553 1
89 0 5 335 1 250 1 455 1 635 1 214 1
90 0 5 586 1 480 1 576 1 48 1 243 1
91 0 5 551 1 484 1 434 1 328 1 288 1
92 0 5 647 1 409 1 131 1 637 1 596 1
93 0 5 241 1 570 1 23 1 540 1 246 1
94 0 5 507 1 69 1 504 1 170 1 38 1
95 0 5 260 1 239 1 369 1 582 1 364 1
96 0 5 478 1 341 1 458 1 35 1 220 1
97 0 5 412 1 508 1 202 1 587 1 144 1
98 0 5 363 1 118 1 29 1 13 1 192 1
99 0 5 130 1 415 1 271 1 549 1 119 1
100 0 5 354 1 291 1 574 1 539 1 617 1
101 0 5 355 1 317 1 440 1 119 1 130 1
102 0 5 592 1 353 1 523 1 128 1 535 1
103 0 5 212 1 49 1 492 1 294 1 557 1
104 0 5 568 1 653 1 644 1 475 1 300 1
105 0 5 459 1 218 1 223 1 339 1 251 1
106 0 5 564 1 285 1 327 1 120 1 522 1
107 0 5 47 1 460 1 545 1 463 1 613 1
108 0 5 365 1 63 1 387 1 26 1 472 1
109 0 5 210 1 447 1 609 1 12 1 627 1
110 0 5 447 1 422 1 467 1 12 1 593 1
111 0 5 577 1 634 1 412 1 202 1 587 1
112 0 5 66 1 172 1 21 1 271 1 31 1
113 0 5 207 1 339 1 160 1 532 1 331 1
114 0 5 598 1 215 1 312 1 336 1 32 1
115 0 5 349 1 65 1 327 1 335 1 455 1
116 0 5 190 1 211 1 411 1 139 1 356 1
117 0 5 506 1 384 1 234 1 583 1 418 1
118 0 5 98 1 13 1 29 1 363 1 192 1
119 0 5 549 1 415 1 388 1 101 1 494 1
120 0 5 285 1 327 1 290 1 455 1 106 1
121 0 5 134 1 607 1 584 1 180 1 601 1
122 0 5 516 1 455 1 635 1 290 1 120 1
123 0 5 50 1 298 1 215 1 589 1 379 1
124 0 5 175 1 235 1 591 1 602 1 397 1
125 0 5 638 1 65 1 449 1 335 1 145 1
126 0 5 385 1 414 1 133 1 552 1 289 1
127 0 5 557 1 32 1 589 1 598 1 49 1
128 0 5 592 1 68 1 102 1 454 1 523 1
129 0 5 15 1 329 1 194 1 377 1 193 1
130 0 5 99 1 405 1 271 1 355 1 415 1
131 0 5 558 1 637 1 92 1 453 1 480 1
132 0 5 380 1 360 1 20 1 328 1 264 1
133 0 5 385 1 423 1 414 1 126 1 280 1
134 0 5 451 1 121 1 607 1 73 1 519 1
135 0 5 254 1 41 1 413 1 539 1 419 1
136 0 5 16 1 6 1 225 1 427 1 53 1
137 0 5 407 1 198 1 566 1 67 1 353 1
138 0 5 279 1 347 1 370 1 316 1 578 1
139 0 5 411 1 496 1 190 1 356 1 116 1
140 0 5 8 1 386 1 24 1 572 1 535 1
141 0 5 8 1 402 1 286 1 386 1 24 1
142 0 5 418 1 189 1 171 1 25 1 146 1
143 0 5 318 1 323 1 219 1 645 1 694 1
144 0 5 603 1 202 1 621 1 22 1 508 1
145 0 5 65 1 283 1 349 1 115 1 327 1
146 0 5 189 1 171 1 25 1 142 1 496 1
147 0 5 282 1 352 1 528 1 259 1 605 1
148 0 5 321 1 43 1 651 1 396 1 30 1
149 0 5 277 1 632 1 192 1 271 1 112 1
150 0 5 177 1 401 1 35 1 220 1 264 1
151 0 5 524 1 379 1 252 1 174 1 298 1
152 0 5 71 1 531 1 491 1 179 1 471 1
153 0 5 291 1 490 1 51 1 420 1 619 1
154 0 5 435 1 87 1 642 1 640 1 204 1
155 0 5 330 1 213 1 344 1 199 1 21 1
156 0 5 226 1 514 1 326 1 623 1 101 1
157 0 5 35 1 20 1 264 1 79 1 380 1
158 0 5 163 1 4 1 348 1 639 1 44 1
159 0 5 314 1 309 1 645 1 592 1 102 1
160 0 5 428 1 113 1 368 1 167 1 500 1
161 0 5 473 1 243 1 402 1 319 1 453 1
162 0 5 265 1 483 1 433 1 503 1 403 1
163 0 5 158 1 4 1 348 1 639 1 629 1
164 0 5 483 1 362 1 533 1 595 1 69 1
165 0 5 54 1 498 1 203 1 194 1 83 1
166 0 5 59 1 375 1 435 1 640 1 551 1
167 0 5 368 1 500 1 56 1 160 1 113 1
168 0 5 5 1 398 1 587 1 359 1 428 1
169 0 5 636 1 350 1 466 1 457 1 517 1
170 0 5 486 1 69 1 94 1 654 1 507 1
171 0 5 146 1 189 1 25 1 142 1 348 1
172 0 5 581 1 112 1 66 1 31 1 9 1
173 0 5 693 1 701 1 700 1 699 1 698 1
174 0 5 28 1 379 1 151 1 123 1 298 1
175 0 5 254 1 124 1 491 1 602 1 531 1
176 0 5 591 1 27 1 491 1 343 1 124 1
177 0 5 150 1 220 1 401 1 341 1 478 1
178 0 5 83 1 329 1 292 1 165 1 217 1
179 0 5 471 1 334 1 71 1 152 1 491 1
180 0 5 628 1 38 1 601 1 121 1 614 1
181 0 5 301 1 633 1 374 1 537 1 45 1
182 0 5 337 1 23 1 33 1 403 1 477 1
183 0 5 397 1 626 1 235 1 464 1 254 1
184 0 5 596 1 390 1 653 1 642 1 300 1
185 0 5 528 1 651 1 521 1 30 1 321 1
186 0 5 367 1 462 1 497 1 560 1 618 1
187 0 5 556 1 439 1 531 1 612 1 391 1
188 0 5 442 1 4 1 25 1 44 1 639 1
189 0 5 146 1 171 1 142 1 25 1 496 1
190 0 5 411 1 116 1 311 1 139 1 496 1
191 0 5 518 1 631 1 342 1 527 1 329 1
192 0 5 277 1 13 1 149 1 31 1 261 1
193 0 5 129 1 629 1 15 1 267 1 206 1
194 0 5 15 1 129 1 83 1 329 1 193 1
195 0 5 424 1 10 1 316 1 17 1 266 1
196 0 5 299 1 458 1 306 1 524 1 151 1
197 0 5 637 1 475 1 18 1 92 1 393 1
198 0 5 137 1 346 1 34 1 302 1 263 1
199 0 5 330 1 9 1 456 1 460 1 344 1
200 0 5 407 1 137 1 68 1 471 1 488 1
201 0 5 58 1 538 1 571 1 567 1 404 1
202 0 5 621 1 144 1 261 1 508 1 97 1
203 0 5 278 1 498 1 423 1 165 1 414 1
204 0 5 87 1 86 1 640 1 154 1 653 1
205 0 5 7 1 55 1 80 1 290 1 608 1
206 0 5 267 1 193 1 625 1 629 1 408 1
207 0 5 113 1 339 1 495 1 218 1 331 1
208 0 5 572 1 24 1 386 1 636 1 381 1
209 0 5 361 1 443 1 630 1 502 1 474 1
210 0 5 109 1 609 1 12 1 447 1 110 1
211 0 5 311 1 39 1 364 1 116 1 583 1
212 0 5 103 1 49 1 557 1 78 1 294 1
213 0 5 307 1 155 1 344 1 21 1 330 1
214 0 5 17 1 605 1 635 1 250 1 370 1
215 0 5 611 1 392 1 114 1 123 1 50 1
216 0 5 53 1 257 1 620 1 16 1 595 1
217 0 5 292 1 269 1 178 1 83 1 342 1
218 0 5 339 1 251 1 331 1 105 1 459 1
219 0 5 612 1 143 1 42 1 645 1 68 1
220 0 5 341 1 177 1 150 1 35 1 96 1
221 0 5 400 1 631 1 527 1 571 1 408 1
222 0 5 75 1 624 1 558 1 511 1 131 1
223 0 5 441 1 559 1 105 1 218 1 459 1
224 0 5 607 1 244 1 584 1 257 1 121 1
225 0 5 6 1 136 1 496 1 356 1 16 1
226 0 5 156 1 514 1 623 1 101 1 440 1
227 0 5 534 1 599 1 431 1 404 1 482 1
228 0 5 652 1 529 1 558 1 75 1 378 1
229 0 5 46 1 579 1 590 1 71 1 237 1
230 0 5 499 1 37 1 19 1 105 1 313 1
231 0 5 399 1 366 1 606 1 417 1 404 1
232 0 5 472 1 253 1 365 1 63 1 108 1
233 0 5 467 1 545 1 463 1 422 1 110 1
234 0 5 54 1 506 1 117 1 384 1 583 1
235 0 5 397 1 602 1 254 1 183 1 124 1
236 0 5 325 1 284 1 76 1 378 1 63 1
237 0 5 612 1 46 1 229 1 391 1 187 1
238 0 5 280 1 389 1 242 1 510 1 61 1
239 0 5 425 1 61 1 260 1 95 1 369 1
240 0 5 594 1 541 1 478 1 306 1 351 1
241 0 5 93 1 570 1 23 1 604 1 540 1
242 0 5 280 1 238 1 389 1 61 1 425 1
243 0 5 480 1 88 1 453 1 161 1 319 1
244 0 5 224 1 73 1 607 1 257 1 470 1
245 0 5 320 1 323 1 416 1 296 1 36 1
246 0 5 388 1 23 1 326 1 494 1 182 1
247 0 5 395 1 627 1 410 1 338 1 563 1
248 0 5 630 1 575 1 40 1 525 1 536 1
249 0 5 417 1 85 1 399 1 404 1 571 1
250 0 5 89 1 455 1 635 1 122 1 214 1
251 0 5 218 1 495 1 441 1 331 1 105 1
252 0 5 78 1 524 1 151 1 293 1 379 1
253 0 5 546 1 232 1 309 1 472 1 63 1
254 0 5 135 1 175 1 41 1 310 1 464 1
255 0 5 295 1 461 1 82 1 398 1 471 1
256 0 5 268 1 351 1 512 1 492 1 262 1
257 0 5 584 1 216 1 620 1 244 1 601 1
258 0 5 84 1 600 1 279 1 370 1 282 1
259 0 5 605 1 528 1 635 1 521 1 147 1
260 0 5 95 1 239 1 510 1 276 1 582 1
261 0 5 621 1 13 1 192 1 487 1 118 1
262 0 5 512 1 492 1 3 1 305 1 580 1
263 0 5 338 1 67 1 198 1 563 1 566 1
264 0 5 20 1 401 1 157 1 380 1 35 1
265 0 5 162 1 503 1 14 1 433 1 486 1
266 0 5 424 1 449 1 638 1 195 1 316 1
267 0 5 408 1 206 1 15 1 193 1 406 1
268 0 5 256 1 351 1 306 1 594 1 78 1
269 0 5 304 1 436 1 617 1 83 1 342 1
270 0 5 604 1 51 1 562 1 450 1 57 1
271 0 5 505 1 130 1 307 1 549 1 405 1
272 0 5 462 1 297 1 618 1 427 1 53 1
273 0 5 407 1 641 1 137 1 471 1 398 1
274 0 5 373 1 575 1 248 1 630 1 392 1
275 0 5 303 1 62 1 629 1 163 1 4 1
276 0 5 52 1 470 1 260 1 582 1 364 1
277 0 5 149 1 192 1 31 1 581 1 9 1
278 0 5 203 1 54 1 384 1 498 1 423 1
279 0 5 138 1 370 1 600 1 258 1 84 1
280 0 5 238 1 242 1 389 1 61 1 384 1
281 0 5 294 1 376 1 396 1 312 1 336 1
282 0 5 147 1 84 1 352 1 605 1 259 1
283 0 5 543 1 145 1 349 1 564 1 65 1
284 0 5 236 1 325 1 76 1 511 1 378 1
285 0 5 55 1 120 1 106 1 290 1 327 1
286 0 5 511 1 547 1 8 1 141 1 378 1
287 0 5 371 1 81 1 649 1 19 1 322 1
288 0 5 328 1 36 1 434 1 360 1 296 1
289 0 5 552 1 510 1 389 1 242 1 238 1
290 0 5 516 1 120 1 122 1 285 1 205 1
291 0 5 100 1 559 1 153 1 436 1 617 1
292 0 5 217 1 178 1 83 1 269 1 633 1
293 0 5 306 1 78 1 252 1 524 1 299 1
294 0 5 281 1 492 1 608 1 305 1 396 1
295 0 5 255 1 407 1 398 1 461 1 273 1
296 0 5 416 1 36 1 360 1 245 1 320 1
297 0 5 272 1 533 1 367 1 481 1 33 1
298 0 5 123 1 392 1 379 1 50 1 151 1
299 0 5 196 1 306 1 458 1 293 1 351 1
300 0 5 653 1 596 1 184 1 104 1 390 1
301 0 5 574 1 74 1 181 1 633 1 354 1
302 0 5 563 1 198 1 67 1 338 1 566 1
303 0 5 275 1 62 1 348 1 4 1 163 1
304 0 5 269 1 606 1 518 1 83 1 617 1
305 0 5 608 1 492 1 3 1 294 1 262 1
306 0 5 293 1 299 1 268 1 351 1 256 1
307 0 5 213 1 344 1 21 1 271 1 654 1
308 0 5 561 1 644 1 568 1 545 1 104 1
309 0 5 253 1 546 1 547 1 76 1 645 1
310 0 5 74 1 41 1 626 1 333 1 419 1
311 0 5 211 1 190 1 411 1 189 1 496 1
312 0 5 336 1 598 1 114 1 281 1 555 1
313 0 5 499 1 363 1 616 1 487 1 57 1
314 0 5 159 1 645 1 309 1 592 1 102 1
315 0 5 587 1 412 1 168 1 359 1 5 1
316 0 5 347 1 578 1 370 1 10 1 138 1
317 0 5 440 1 610 1 101 1 450 1 355 1
318 0 5 143 1 323 1 546 1 309 1 320 1
319 0 5 530 1 88 1 243 1 161 1 493 1
320 0 5 245 1 323 1 416 1 296 1 36 1
321 0 5 30 1 148 1 43 1 185 1 651 1
322 0 5 569 1 357 1 144 1 603 1 371 1
323 0 5 320 1 245 1 416 1 318 1 296 1
324 0 5 695 1 702 1 688 1 701 1 700 1
325 0 5 236 1 76 1 284 1 378 1 253 1
326 0 5 494 1 246 1 388 1 156 1 623 1
327 0 5 120 1 349 1 115 1 106 1 285 1
328 0 5 288 1 360 1 434 1 484 1 36 1
329 0 5 129 1 83 1 178 1 518 1 342 1
330 0 5 155 1 199 1 344 1 213 1 21 1
331 0 5 622 1 218 1 495 1 251 1 339 1
332 0 5 544 1 372 1 77 1 12 1 609 1
333 0 5 539 1 626 1 448 1 310 1 74 1
334 0 5 471 1 579 1 179 1 71 1 391 1
335 0 5 89 1 65 1 115 1 17 1 125 1
336 0 5 555 1 312 1 114 1 376 1 281 1
337 0 5 403 1 182 1 33 1 23 1 533 1
338 0 5 263 1 302 1 469 1 410 1 247 1
339 0 5 218 1 459 1 105 1 207 1 113 1
340 0 5 375 1 551 1 166 1 401 1 380 1
341 0 5 220 1 478 1 96 1 177 1 35 1
342 0 5 83 1 518 1 191 1 329 1 269 1
343 0 5 359 1 27 1 176 1 591 1 428 1
344 0 5 21 1 307 1 213 1 155 1 199 1
345 0 5 358 1 563 1 627 1 109 1 410 1
346 0 5 563 1 34 1 198 1 517 1 67 1
347 0 5 578 1 138 1 316 1 600 1 370 1
348 0 5 4 1 158 1 163 1 303 1 62 1
349 0 5 115 1 145 1 327 1 65 1 106 1
350 0 5 509 1 77 1 169 1 198 1 636 1
351 0 5 594 1 268 1 256 1 306 1 299 1
352 0 5 70 1 147 1 502 1 528 1 282 1
353 0 5 137 1 454 1 407 1 523 1 102 1
354 0 5 100 1 574 1 617 1 74 1 291 1
355 0 5 101 1 130 1 119 1 405 1 317 1
356 0 5 496 1 139 1 116 1 190 1 6 1
357 0 5 603 1 322 1 144 1 487 1 569 1
358 0 5 345 1 109 1 563 1 544 1 372 1
359 0 5 5 1 343 1 398 1 315 1 168 1
360 0 5 132 1 328 1 484 1 296 1 36 1
361 0 5 209 1 630 1 443 1 502 1 474 1
362 0 5 164 1 483 1 595 1 69 1 533 1
363 0 5 98 1 29 1 313 1 118 1 13 1
364 0 5 369 1 582 1 39 1 211 1 95 1
365 0 5 108 1 253 1 63 1 387 1 232 1
366 0 5 606 1 617 1 85 1 436 1 231 1
367 0 5 186 1 560 1 481 1 462 1 297 1
368 0 5 167 1 500 1 56 1 160 1 602 1
369 0 5 364 1 39 1 95 1 239 1 61 1
370 0 5 279 1 10 1 316 1 138 1 17 1
371 0 5 81 1 287 1 508 1 322 1 479 1
372 0 5 332 1 573 1 544 1 77 1 109 1
373 0 5 274 1 575 1 630 1 248 1 430 1
374 0 5 537 1 45 1 41 1 310 1 419 1
375 0 5 340 1 166 1 551 1 401 1 264 1
376 0 5 396 1 281 1 651 1 555 1 336 1
377 0 5 15 1 625 1 129 1 527 1 408 1
378 0 5 542 1 26 1 8 1 511 1 286 1
379 0 5 151 1 174 1 298 1 252 1 123 1
380 0 5 132 1 20 1 264 1 360 1 551 1
381 0 5 493 1 319 1 473 1 636 1 161 1
382 0 5 648 1 615 1 106 1 522 1 465 1
383 0 5 458 1 79 1 28 1 174 1 151 1
384 0 5 565 1 54 1 278 1 423 1 498 1
385 0 5 133 1 126 1 414 1 289 1 389 1
386 0 5 572 1 24 1 208 1 141 1 140 1
387 0 5 468 1 542 1 63 1 365 1 108 1
388 0 5 433 1 494 1 246 1 119 1 326 1
389 0 5 238 1 242 1 289 1 510 1 280 1
390 0 5 642 1 184 1 468 1 542 1 409 1
391 0 5 579 1 179 1 152 1 513 1 334 1
392 0 5 215 1 575 1 298 1 611 1 379 1
393 0 5 548 1 637 1 18 1 545 1 576 1
394 0 5 11 1 443 1 502 1 361 1 248 1
395 0 5 627 1 247 1 563 1 410 1 338 1
396 0 5 376 1 651 1 148 1 608 1 281 1
397 0 5 235 1 56 1 183 1 602 1 626 1
398 0 5 168 1 295 1 273 1 255 1 359 1
399 0 5 417 1 231 1 249 1 85 1 404 1
400 0 5 221 1 527 1 377 1 406 1 408 1
401 0 5 264 1 150 1 177 1 35 1 375 1
402 0 5 476 1 141 1 161 1 319 1 473 1
403 0 5 337 1 533 1 182 1 33 1 162 1
404 0 5 249 1 567 1 85 1 399 1 655 1
405 0 5 632 1 130 1 271 1 355 1 149 1
406 0 5 408 1 538 1 267 1 625 1 206 1
407 0 5 273 1 137 1 566 1 67 1 454 1
408 0 5 267 1 406 1 377 1 206 1 625 1
409 0 5 624 1 647 1 390 1 92 1 184 1
410 0 5 247 1 627 1 338 1 395 1 345 1
411 0 5 139 1 190 1 496 1 116 1 311 1
412 0 5 97 1 577 1 202 1 111 1 587 1
413 0 5 464 1 135 1 537 1 419 1 45 1
414 0 5 133 1 173 1 203 1 385 1 278 1
415 0 5 99 1 549 1 119 1 130 1 271 1
416 0 5 296 1 245 1 320 1 323 1 36 1
417 0 5 399 1 85 1 249 1 231 1 404 1
418 0 5 142 1 583 1 506 1 117 1 348 1
419 0 5 74 1 310 1 45 1 333 1 413 1
420 0 5 559 1 421 1 153 1 441 1 37 1
421 0 5 37 1 420 1 223 1 230 1 459 1
422 0 5 110 1 576 1 467 1 548 1 545 1
423 0 5 133 1 203 1 54 1 384 1 280 1
424 0 5 266 1 195 1 316 1 449 1 10 1
425 0 5 61 1 239 1 242 1 369 1 565 1
426 0 5 33 1 481 1 482 1 655 1 599 1
427 0 5 442 1 136 1 272 1 618 1 25 1
428 0 5 479 1 160 1 113 1 168 1 343 1
429 0 5 593 1 432 1 446 1 621 1 501 1
430 0 5 174 1 28 1 298 1 392 1 245 1
431 0 5 481 1 567 1 534 1 227 1 560 1
432 0 5 501 1 446 1 593 1 429 1 437 1
433 0 5 388 1 265 1 162 1 14 1 503 1
434 0 5 484 1 91 1 328 1 472 1 288 1
435 0 5 59 1 154 1 166 1 640 1 86 1
436 0 5 617 1 269 1 366 1 606 1 574 1
437 0 5 456 1 613 1 446 1 432 1 501 1
438 0 5 695 1 702 1 688 1 701 1 700 1
439 0 5 187 1 556 1 531 1 152 1 179 1
440 0 5 317 1 101 1 610 1 450 1 119 1
441 0 5 223 1 251 1 420 1 291 1 444 1
442 0 5 188 1 427 1 4 1 25 1 618 1
443 0 5 209 1 394 1 502 1 361 1 11 1
444 0 5 622 1 626 1 539 1 56 1 495 1
445 0 5 616 1 499 1 313 1 19 1 487 1
446 0 5 432 1 9 1 437 1 456 1 429 1
447 0 5 110 1 109 1 210 1 12 1 609 1
448 0 5 539 1 626 1 333 1 310 1 464 1
449 0 5 266 1 638 1 125 1 195 1 424 1
450 0 5 520 1 57 1 562 1 270 1 610 1
451 0 5 646 1 134 1 121 1 180 1 607 1
452 0 5 634 1 643 1 550 1 577 1 111 1
453 0 5 558 1 131 1 480 1 243 1 161 1
454 0 5 353 1 137 1 407 1 523 1 128 1
455 0 5 122 1 250 1 120 1 635 1 89 1
456 0 5 437 1 460 1 199 1 9 1 613 1
457 0 5 493 1 509 1 636 1 77 1 88 1
458 0 5 196 1 383 1 79 1 96 1 299 1
459 0 5 105 1 339 1 218 1 223 1 230 1
460 0 5 107 1 613 1 463 1 456 1 47 1
461 0 5 255 1 82 1 295 1 71 1 590 1
462 0 5 272 1 186 1 618 1 367 1 297 1
463 0 5 501 1 613 1 460 1 432 1 107 1
464 0 5 413 1 56 1 254 1 183 1 235 1
465 0 5 515 1 80 1 55 1 382 1 580 1
466 0 5 636 1 493 1 169 1 350 1 457 1
467 0 5 233 1 545 1 110 1 422 1 463 1
468 0 5 542 1 642 1 390 1 387 1 184 1
469 0 5 643 1 550 1 273 1 67 1 338 1
470 0 5 52 1 276 1 73 1 244 1 260 1
471 0 5 334 1 513 1 579 1 273 1 179 1
472 0 5 232 1 253 1 434 1 365 1 108 1
473 0 5 161 1 319 1 530 1 88 1 402 1
474 0 5 502 1 630 1 536 1 248 1 70 1
475 0 5 18 1 197 1 104 1 637 1 644 1
476 0 5 402 1 161 1 228 1 75 1 652 1
477 0 5 482 1 599 1 23 1 540 1 485 1
478 0 5 96 1 341 1 240 1 177 1 458 1
479 0 5 428 1 81 1 371 1 287 1 322 1
480 0 5 90 1 243 1 131 1 453 1 637 1
481 0 5 431 1 367 1 426 1 297 1 560 1
482 0 5 599 1 655 1 477 1 227 1 426 1
483 0 5 164 1 362 1 162 1 533 1 265 1
484 0 5 91 1 434 1 360 1 328 1 551 1
485 0 5 540 1 571 1 477 1 482 1 570 1
486 0 5 170 1 69 1 14 1 503 1 265 1
487 0 5 616 1 313 1 261 1 445 1 499 1
488 0 5 407 1 137 1 128 1 200 1 590 1
489 0 5 40 1 64 1 650 1 525 1 60 1
490 0 5 562 1 153 1 57 1 51 1 270 1
491 0 5 175 1 152 1 591 1 176 1 179 1
492 0 5 294 1 305 1 262 1 103 1 256 1
493 0 5 572 1 381 1 553 1 457 1 319 1
494 0 5 326 1 388 1 246 1 119 1 101 1
495 0 5 539 1 251 1 331 1 207 1 444 1
496 0 5 356 1 139 1 411 1 190 1 225 1
497 0 5 560 1 367 1 186 1 597 1 297 1
498 0 5 203 1 54 1 278 1 384 1 165 1
499 0 5 313 1 230 1 445 1 616 1 487 1
500 0 5 368 1 167 1 602 1 56 1 495 1
501 0 5 463 1 432 1 613 1 437 1 446 1
502 0 5 474 1 352 1 70 1 536 1 443 1
503 0 5 14 1 265 1 486 1 162 1 433 1
504 0 5 507 1 38 1 94 1 614 1 69 1
505 0 5 654 1 271 1 549 1 170 1 307 1
506 0 5 583 1 117 1 234 1 418 1 211 1
507 0 5 504 1 94 1 654 1 170 1 69 1
508 0 5 22 1 97 1 144 1 202 1 371 1
509 0 5 573 1 48 1 350 1 457 1 576 1
510 0 5 289 1 646 1 389 1 260 1 519 1
511 0 5 26 1 286 1 75 1 529 1 378 1
512 0 5 262 1 580 1 256 1 541 1 3 1
513 0 5 471 1 407 1 590 1 391 1 200 1
514 0 5 51 1 604 1 623 1 226 1 156 1
515 0 5 465 1 3 1 80 1 580 1 55 1
516 0 5 290 1 122 1 521 1 635 1 120 1
517 0 5 346 1 34 1 563 1 198 1 77 1
518 0 5 191 1 342 1 329 1 631 1 527 1
519 0 5 73 1 646 1 260 1 510 1 276 1
520 0 5 450 1 610 1 355 1 317 1 101 1
521 0 5 185 1 30 1 516 1 259 1 290 1
522 0 5 648 1 564 1 106 1 615 1 382 1
523 0 5 454 1 353 1 137 1 102 1 407 1
524 0 5 151 1 252 1 379 1 293 1 78 1
525 0 5 536 1 40 1 489 1 248 1 70 1
526 0 5 537 1 45 1 374 1 41 1 219 1
527 0 5 191 1 377 1 518 1 400 1 221 1
528 0 5 185 1 259 1 352 1 521 1 147 1
529 0 5 652 1 228 1 75 1 511 1 624 1
530 0 5 319 1 88 1 480 1 48 1 243 1
531 0 5 152 1 175 1 556 1 334 1 439 1
532 0 5 113 1 649 1 19 1 339 1 218 1
533 0 5 595 1 362 1 403 1 297 1 164 1
534 0 5 227 1 567 1 431 1 404 1 655 1
535 0 5 24 1 386 1 102 1 353 1 42 1
536 0 5 525 1 70 1 474 1 248 1 502 1
537 0 5 413 1 45 1 254 1 419 1 74 1
538 0 5 58 1 201 1 406 1 408 1 206 1
539 0 5 333 1 448 1 495 1 622 1 444 1
540 0 5 570 1 485 1 477 1 23 1 241 1
541 0 5 588 1 240 1 594 1 554 1 512 1
542 0 5 468 1 642 1 390 1 387 1 378 1
543 0 5 283 1 564 1 106 1 349 1 145 1
544 0 5 332 1 372 1 77 1 358 1 12 1
545 0 5 233 1 548 1 467 1 107 1 18 1
546 0 5 253 1 63 1 309 1 288 1 36 1
547 0 5 286 1 8 1 378 1 76 1 284 1
548 0 5 545 1 393 1 18 1 422 1 637 1
549 0 5 119 1 415 1 505 1 271 1 99 1
550 0 5 641 1 469 1 452 1 398 1 634 1
551 0 5 340 1 91 1 375 1 484 1 434 1
552 0 5 289 1 646 1 451 1 519 1 510 1
553 0 5 493 1 48 1 243 1 88 1 509 1
554 0 5 615 1 588 1 541 1 580 1 382 1
555 0 5 336 1 60 1 64 1 376 1 650 1
556 0 5 187 1 531 1 71 1 439 1 391 1
557 0 5 49 1 127 1 589 1 212 1 50 1
558 0 5 453 1 222 1 131 1 75 1 529 1
559 0 5 291 1 420 1 223 1 539 1 251 1
560 0 5 367 1 497 1 186 1 431 1 481 1
561 0 5 308 1 47 1 644 1 568 1 545 1
562 0 5 490 1 57 1 270 1 450 1 51 1
563 0 5 34 1 346 1 302 1 345 1 263 1
564 0 5 543 1 106 1 522 1 283 1 349 1
565 0 5 39 1 384 1 54 1 117 1 61 1
566 0 5 137 1 407 1 263 1 302 1 67 1
567 0 5 534 1 404 1 431 1 201 1 571 1
568 0 5 644 1 104 1 653 1 86 1 308 1
569 0 5 322 1 649 1 499 1 603 1 445 1
570 0 5 241 1 540 1 93 1 23 1 485 1
571 0 5 404 1 249 1 201 1 221 1 567 1
572 0 5 493 1 24 1 386 1 208 1 636 1
573 0 5 509 1 48 1 576 1 372 1 586 1
574 0 5 633 1 301 1 354 1 436 1 100 1
575 0 5 611 1 274 1 373 1 248 1 392 1
576 0 5 422 1 586 1 90 1 480 1 48 1
577 0 5 111 1 412 1 634 1 202 1 587 1
578 0 5 347 1 316 1 138 1 370 1 279 1
579 0 5 471 1 334 1 46 1 229 1 391 1
580 0 5 588 1 515 1 3 1 512 1 465 1
581 0 5 31 1 172 1 9 1 277 1 66 1
582 0 5 364 1 260 1 276 1 95 1 369 1
583 0 5 418 1 506 1 234 1 211 1 117 1
584 0 5 257 1 601 1 121 1 224 1 607 1
585 0 5 689 1 706 1 705 1 704 1 703 1
586 0 5 90 1 576 1 48 1 480 1 88 1
587 0 5 315 1 168 1 508 1 412 1 97 1
588 0 5 580 1 541 1 554 1 515 1 465 1
589 0 5 50 1 127 1 32 1 215 1 557 1
590 0 5 461 1 229 1 46 1 513 1 407 1
591 0 5 176 1 491 1 27 1 124 1 602 1
592 0 5 102 1 128 1 68 1 523 1 488 1
593 0 5 429 1 432 1 501 1 446 1 463 1
594 0 5 240 1 351 1 541 1 268 1 256 1
595 0 5 620 1 533 1 362 1 601 1 69 1
596 0 5 184 1 300 1 653 1 92 1 409 1
597 0 5 497 1 186 1 44 1 618 1 639 1
598 0 5 32 1 114 1 312 1 127 1 336 1
599 0 5 655 1 482 1 227 1 404 1 477 1
600 0 5 11 1 84 1 258 1 347 1 279 1
601 0 5 584 1 628 1 180 1 121 1 620 1
602 0 5 235 1 397 1 183 1 500 1 175 1
603 0 5 144 1 357 1 22 1 202 1 322 1
604 0 5 270 1 514 1 623 1 51 1 241 1
605 0 5 214 1 259 1 635 1 84 1 282 1
606 0 5 366 1 617 1 304 1 85 1 436 1
607 0 5 224 1 121 1 244 1 134 1 73 1
608 0 5 305 1 294 1 7 1 396 1 205 1
609 0 5 12 1 210 1 109 1 447 1 110 1
610 0 5 317 1 520 1 440 1 450 1 101 1
611 0 5 575 1 215 1 392 1 650 1 248 1
612 0 5 237 1 219 1 42 1 187 1 592 1
613 0 5 437 1 463 1 460 1 501 1 456 1
614 0 5 628 1 38 1 69 1 180 1 94 1
615 0 5 554 1 382 1 648 1 522 1 106 1
616 0 5 445 1 487 1 499 1 313 1 19 1
617 0 5 619 1 606 1 436 1 269 1 366 1
618 0 5 462 1 272 1 427 1 442 1 44 1
619 0 5 617 1 51 1 366 1 606 1 153 1
620 0 5 595 1 216 1 257 1 601 1 53 1
621 0 5 261 1 202 1 429 1 593 1 144 1
622 0 5 444 1 539 1 331 1 495 1 56 1
623 0 5 604 1 514 1 246 1 326 1 226 1
624 0 5 409 1 222 1 647 1 92 1 529 1
625 0 5 377 1 15 1 129 1 267 1 193 1
626 0 5 448 1 333 1 444 1 310 1 539 1
627 0 5 395 1 563 1 345 1 447 1 109 1
628 0 5 614 1 180 1 601 1 584 1 38 1
629 0 5 62 1 193 1 275 1 377 1 206 1
630 0 5 361 1 248 1 474 1 373 1 274 1
631 0 5 191 1 221 1 518 1 85 1 249 1
632 0 5 405 1 149 1 271 1 130 1 355 1
633 0 5 574 1 301 1 181 1 74 1 342 1
634 0 5 452 1 111 1 577 1 550 1 412 1
635 0 5 250 1 214 1 122 1 455 1 605 1
636 0 5 208 1 572 1 169 1 466 1 350 1
637 0 5 197 1 131 1 393 1 475 1 92 1
638 0 5 125 1 449 1 266 1 424 1 195 1
639 0 5 4 1 44 1 158 1 163 1 188 1
640 0 5 86 1 59 1 154 1 435 1 204 1
641 0 5 273 1 550 1 295 1 255 1 168 1
642 0 5 87 1 468 1 390 1 542 1 154 1
643 0 5 469 1 566 1 452 1 641 1 410 1
644 0 5 568 1 308 1 104 1 475 1 561 1
645 0 5 592 1 314 1 309 1 102 1 159 1
646 0 5 451 1 519 1 510 1 260 1 134 1
647 0 5 92 1 409 1 624 1 596 1 222 1
648 0 5 522 1 382 1 615 1 106 1 564 1
649 0 5 19 1 532 1 230 1 569 1 287 1
650 0 5 60 1 489 1 40 1 64 1 611 1
651 0 5 396 1 185 1 148 1 376 1 321 1
652 0 5 529 1 228 1 511 1 75 1 378 1
653 0 5 300 1 104 1 568 1 184 1 596 1
654 0 5 505 1 507 1 170 1 307 1 94 1
655 0 5 599 1 482 1 404 1 534 1 227 1
656 0 5 690 1 707 1 706 1 705 1 703 1
657 0 5 690 1 707 1 706 1 705 1 703 1
658 0 5 690 1 707 1 706 1 705 1 703 1
659 0 5 690 1 707 1 706 1 705 1 703 1
660 0 5 690 1 707 1 706 1 705 1 703 1
661 0 5 690 1 707 1 706 1 705 1 703 1
662 0 5 690 1 707 1 706 1 705 1 703 1
663 0 5 690 1 707 1 706 1 705 1 703 1
664 0 5 690 1 707 1 706 1 705 1 703 1
665 0 5 690 1 707 1 706 1 705 1 703 1
666 0 5 690 1 707 1 706 1 705 1 703 1
667 0 5 690 1 707 1 706 1 705 1 703 1
668 0 5 690 1 707 1 706 1 705 1 703 1
669 0 5 690 1 707 1 706 1 705 1 703 1
670 0 5 690 1 707 1 706 1 705 1 703 1
671 0 5 690 1 707 1 706 1 705 1 703 1
672 0 5 690 1 707 1 706 1 705 1 703 1
673 0 5 690 1 707 1 706 1 705 1 703 1
674 0 5 690 1 707 1 706 1 705 1 703 1
675 0 5 690 1 707 1 706 1 705 1 703 1
676 0 5 690 1 707 1 706 1 705 1 703 1
677 0 5 690 1 707 1 706 1 705 1 703 1
678 0 5 690 1 707 1 706 1 705 1 703 1
679 0 5 690 1 707 1 706 1 705 1 703 1
680 0 5 690 1 707 1 706 1 705 1 703 1
681 0 5 690 1 707 1 706 1 705 1 703 1
682 0 5 690 1 707 1 706 1 705 1 703 1
683 0 5 690 1 707 1 706 1 705 1 703 1
684 0 5 690 1 707 1 706 1 705 1 703 1
685 0 5 690 1 707 1 706 1 705 1 703 1
686 0 5 690 1 707 1 706 1 705 1 703 1
687 0 5 690 1 707 1 706 1 705 1 703 1
688 0 5 690 1 707 1 706 1 705 1 703 1
689 0 5 690 1 707 1 706 1 705 1 703 1
690 0 5 690 1 707 1 706 1 705 1 703 1
691 0 5 690 1 707 1 706 1 705 1 703 1
692 0 5 690 1 707 1 706 1 705 1 703 1
693 0 5 690 1 707 1 706 1 705 1 703 1
694 0 5 690 1 707 1 706 1 705 1 703 1
695 0 5 690 1 707 1 706 1 705 1 703 1
696 0 5 690 1 707 1 706 1 705 1 703 1
697 0 5 690 1 707 1 706 1 705 1 703 1
698 0 5 690 1 707 1 706 1 705 1 703 1
699 0 5 690 1 707 1 706 1 705 1 703 1
700 0 5 690 1 707 1 706 1 705 1 703 1
701 0 5 690 1 707 1 706 1 705 1 703 1
702 0 5 690 1 707 1 706 1 705 1 703 1
703 0 5 690 1 707 1 706 1 705 1 703 1
704 0 5 690 1 707 1 706 1 705 1 703 1
705 0 5 690 1 707 1 706 1 705 1 703 1
706 0 5 690 1 707 1 706 1 705 1 703 1
707 0 5 690 1 707 1 706 1 705 1 703 1
708 0 5 690 1 707 1 706 1 705 1 703 1
709 0 5 690 1 707 1 706 1 705 1 703 1
710 0 5 690 1 707 1 706 1 705 1 703 1
711 0 5 690 1 707 1 706 1 705 1 703 1
712 0 5 690 1 707 1 706 1 705 1 703 1
713 0 5 690 1 707 1 706 1 705 1 703 1
714 0 5 690 1 707 1 706 1 705 1 703 1
715 0 5 690 1 707 1 706 1 705 1 703 1
716 0 5 690 1 707 1 706 1 705 1 703 1
717 0 5 690 1 707 1 706 1 705 1 703 1
718 0 5 690 1 707 1 706 1 705 1 703 1
719 0 5 690 1 707 1 706 1 705 1 703 1
720 0 5 690 1 707 1 706 1 705 1 703 1
721 0 5 690 1 707 1 706 1 705 1 703 1
722 0 5 690 1 707 1 706 1 705 1 703 1
723 0 5 690 1 707 1 706 1 705 1 703 1
724 0 5 690 1 707 1 706 1 705 1 703 1
725 0 5 690 1 707 1 706 1 705 1 703 1
726 0 5 690 1 707 1 706 1 705 1 703 1
727 0 5 690 1 707 1 706 1 705 1 703 1
728 0 5 690 1 707 1 706 1 705 1 703 1
729 0 5 690 1 707 1 706 1 705 1 703 1
730 0 5 690 1 707 1 706 1 705 1 703 1
731 0 5 690 1 707 1 706 1 705 1 703 1
732 0 5 690 1 707 1 706 1 705 1 703 1
733 0 5 690 1 707 1 706 1 705 1 703 1
734 0 5 690 1 707 1 706 1 705 1 703 1
735 0 5 690 1 707 1 706 1 705 1 703 1
736 0 5 690 1 707 1 706 1 705 1 703 1
737 0 5 690 1 707 1 706 1 705 1 703 1
738 0 5 690 1 707 1 706 1 705 1 703 1
739 0 5 690 1 707 1 706 1 705 1 703 1
740 0 5 690 1 707 1 706 1 705 1 703 1
741 0 5 690 1 707 1 706 1 705 1 703 1
742 0 5 690 1 707 1 706 1 705 1 703 1
743 0 5 690 1 707 1 706 1 705 1 703 1
744 0 5 690 1 707 1 706 1 705 1 703 1
745 0 5 690 1 707 1 706 1 705 1 703 1
746 0 5 690 1 707 1 706 1 705 1 703 1
747 0 5 690 1 707 1 706 1 705 1 703 1
748 0 5 690 1 707 1 706 1 705 1 703 1
749 0 5 690 1 707 1 706 1 705 1 703 1
750 0 5 690 1 707 1 706 1 705 1 703 1
751 0 5 690 1 707 1 706 1 705 1 703 1
752 0 5 690 1 707 1 706 1 705 1 703 1
753 0 5 690 1 707 1 706 1 705 1 703 1
754 0 5 690 1 707 1 706 1 705 1 703 1
755 0 5 690 1 707 1 706 1 705 1 703 1
756 0 5 690 1 707 1 706 1 705 1 703 1
757 0 5 690 1 707 1 706 1 705 1 703 1
758 0 5 690 1 707 1 706 1 705 1 703 1
759 0 5 690 1 707 1 706 1 705 1 703 1
760 0 5 690 1 707 1 706 1 705 1 703 1
761 0 5 690 1 707 1 706 1 705 1 703 1
762 0 5 690 1 707 1 706 1 705 1 703 1
763 0 5 690 1 707 1 706 1 705 1 703 1
764 0 5 690 1 707 1 706 1 705 1 703 1
765 0 5 690 1 707 1 706 1 705 1 703 1
766 0 5 690 1 707 1 706 1 705 1 703 1
767 0 5 690 1 707 1 706 1 705 1 703 1
768 0 5 690 1 707 1 706 1 705 1 703 1
769 0 5 690 1 707 1 706 1 705 1 703 1
770 0 5 690 1 707 1 706 1 705 1 703 1
771 0 5 690 1 707 1 706 1 705 1 703 1
772 0 5 690 1 707 1 706 1 705 1 703 1
773 0 5 690 1 707 1 706 1 705 1 703 1
774 0 5 690 1 707 1 706 1 705 1 703 1
775 0 5 690 1 707 1 706 1 705 1 703 1
776 0 5 690 1 707 1 706 1 705 1 703 1
777 0 5 690 1 707 1 706 1 705 1 703 1
778 0 5 690 1 707 1 706 1 705 1 703 1
779 0 5 690 1 707 1 706 1 705 1 703 1
780 0 5 690 1 707 1 706 1 705 1 703 1
781 0 5 690 1 707 1 706 1 705 1 703 1
782 0 5 690 1 707 1 706 1 705 1 703 1
783 0 5 690 1 707 1 706 1 705 1 703 1
784 0 5 690 1 707 1 706 1 705 1 703 1
785 0 5 690 1 707 1 706 1 705 1 703 1
-1
EOF
