836
1 0 5 798 1 768 1 782 1 783 1 784 1
2 0 5 143 1 185 1 673 1 141 1 309 1
3 0 5 107 1 495 1 454 1 616 1 654 1
4 0 5 322 1 148 1 6 1 544 1 735 1
5 0 5 93 1 227 1 296 1 335 1 53 1
6 0 5 762 1 735 1 4 1 66 1 32 1
7 0 5 37 1 315 1 363 1 94 1 28 1
8 0 5 311 1 730 1 238 1 764 1 518 1
9 0 5 150 1 227 1 18 1 253 1 188 1
10 0 5 240 1 337 1 43 1 234 1 139 1
11 0 5 231 1 327 1 244 1 219 1 324 1
12 0 5 500 1 492 1 402 1 550 1 27 1
13 0 5 273 1 85 1 28 1 91 1 151 1
14 0 5 63 1 96 1 88 1 484 1 295 1
15 0 5 198 1 597 1 215 1 572 1 466 1
16 0 5 607 1 481 1 312 1 241 1 104 1
17 0 5 347 1 686 1 547 1 552 1 562 1
18 0 5 30 1 207 1 9 1 296 1 227 1
19 0 5 26 1 24 1 272 1 130 1 270 1
20 0 5 195 1 526 1 32 1 137 1 55 1
21 0 5 599 1 372 1 716 1 752 1 370 1
22 0 5 90 1 217 1 127 1 480 1 243 1
23 0 5 379 1 68 1 350 1 249 1 303 1
24 0 5 94 1 19 1 272 1 270 1 7 1
25 0 5 328 1 77 1 191 1 79 1 83 1
26 0 5 19 1 305 1 130 1 87 1 272 1
27 0 5 426 1 550 1 12 1 402 1 650 1
28 0 5 91 1 168 1 7 1 13 1 315 1
29 0 5 58 1 147 1 189 1 337 1 303 1
30 0 5 18 1 207 1 233 1 91 1 342 1
31 0 5 39 1 136 1 285 1 333 1 165 1
32 0 5 20 1 148 1 6 1 526 1 195 1
33 0 5 647 1 420 1 743 1 338 1 446 1
34 0 5 59 1 51 1 73 1 60 1 120 1
35 0 5 624 1 450 1 431 1 187 1 142 1
36 0 5 138 1 596 1 548 1 632 1 546 1
37 0 5 368 1 248 1 315 1 7 1 91 1
38 0 5 275 1 727 1 752 1 121 1 142 1
39 0 5 31 1 136 1 204 1 285 1 333 1
40 0 5 248 1 37 1 43 1 423 1 368 1
41 0 5 424 1 330 1 559 1 733 1 555 1
42 0 5 702 1 601 1 610 1 118 1 470 1
43 0 5 234 1 40 1 363 1 10 1 423 1
44 0 5 346 1 133 1 78 1 557 1 158 1
45 0 5 326 1 586 1 343 1 613 1 102 1
46 0 5 258 1 354 1 218 1 285 1 101 1
47 0 5 506 1 579 1 649 1 406 1 560 1
48 0 5 283 1 83 1 533 1 361 1 247 1
49 0 5 367 1 553 1 105 1 603 1 146 1
50 0 5 72 1 316 1 226 1 56 1 135 1
51 0 5 73 1 34 1 59 1 120 1 555 1
52 0 5 61 1 288 1 297 1 376 1 190 1
53 0 5 93 1 171 1 175 1 335 1 5 1
54 0 5 197 1 81 1 177 1 335 1 369 1
55 0 5 160 1 528 1 307 1 157 1 137 1
56 0 5 541 1 382 1 50 1 117 1 226 1
57 0 5 470 1 523 1 71 1 610 1 206 1
58 0 5 240 1 29 1 303 1 337 1 10 1
59 0 5 34 1 583 1 60 1 51 1 748 1
60 0 5 280 1 583 1 59 1 155 1 344 1
61 0 5 52 1 297 1 250 1 149 1 263 1
62 0 5 340 1 164 1 190 1 265 1 277 1
63 0 5 209 1 295 1 14 1 484 1 48 1
64 0 5 379 1 139 1 240 1 249 1 303 1
65 0 5 763 1 220 1 551 1 733 1 555 1
66 0 5 762 1 425 1 735 1 671 1 182 1
67 0 5 637 1 642 1 563 1 389 1 183 1
68 0 5 88 1 23 1 257 1 249 1 350 1
69 0 5 444 1 743 1 232 1 446 1 530 1
70 0 5 173 1 319 1 437 1 549 1 665 1
71 0 5 610 1 206 1 601 1 57 1 42 1
72 0 5 50 1 316 1 135 1 80 1 271 1
73 0 5 120 1 51 1 34 1 236 1 555 1
74 0 5 433 1 724 1 739 1 330 1 733 1
75 0 5 438 1 268 1 754 1 380 1 292 1
76 0 5 659 1 496 1 640 1 128 1 713 1
77 0 5 328 1 270 1 25 1 130 1 103 1
78 0 5 167 1 694 1 377 1 455 1 44 1
79 0 5 103 1 116 1 25 1 89 1 144 1
80 0 5 235 1 738 1 225 1 755 1 722 1
81 0 5 54 1 177 1 341 1 207 1 233 1
82 0 5 627 1 628 1 468 1 467 1 620 1
83 0 5 533 1 673 1 48 1 191 1 25 1
84 0 5 290 1 229 1 200 1 381 1 298 1
85 0 5 13 1 253 1 150 1 151 1 273 1
86 0 5 602 1 677 1 317 1 260 1 690 1
87 0 5 305 1 114 1 352 1 26 1 130 1
88 0 5 68 1 282 1 14 1 600 1 96 1
89 0 5 598 1 116 1 79 1 191 1 286 1
90 0 5 22 1 265 1 217 1 277 1 62 1
91 0 5 28 1 37 1 30 1 13 1 168 1
92 0 5 111 1 570 1 407 1 439 1 212 1
93 0 5 5 1 53 1 175 1 227 1 188 1
94 0 5 24 1 7 1 363 1 234 1 43 1
95 0 5 243 1 675 1 480 1 127 1 580 1
96 0 5 349 1 14 1 484 1 371 1 189 1
97 0 5 267 1 513 1 683 1 274 1 112 1
98 0 5 145 1 606 1 312 1 157 1 376 1
99 0 5 569 1 712 1 308 1 166 1 641 1
100 0 5 699 1 632 1 187 1 126 1 317 1
101 0 5 218 1 574 1 175 1 356 1 354 1
102 0 5 728 1 261 1 586 1 276 1 557 1
103 0 5 79 1 328 1 77 1 25 1 287 1
104 0 5 241 1 653 1 566 1 474 1 16 1
105 0 5 49 1 541 1 515 1 766 1 508 1
106 0 5 221 1 693 1 131 1 531 1 476 1
107 0 5 616 1 708 1 654 1 3 1 689 1
108 0 5 193 1 428 1 595 1 208 1 467 1
109 0 5 320 1 362 1 211 1 224 1 149 1
110 0 5 163 1 482 1 366 1 590 1 132 1
111 0 5 92 1 407 1 512 1 649 1 47 1
112 0 5 274 1 744 1 267 1 97 1 436 1
113 0 5 408 1 427 1 399 1 390 1 504 1
114 0 5 253 1 87 1 294 1 85 1 246 1
115 0 5 122 1 135 1 382 1 271 1 139 1
116 0 5 79 1 144 1 89 1 598 1 304 1
117 0 5 746 1 293 1 56 1 382 1 278 1
118 0 5 661 1 601 1 702 1 42 1 505 1
119 0 5 722 1 534 1 766 1 80 1 72 1
120 0 5 236 1 73 1 551 1 51 1 34 1
121 0 5 727 1 491 1 713 1 184 1 38 1
122 0 5 115 1 379 1 784 1 785 1 786 1
123 0 5 390 1 641 1 338 1 408 1 399 1
124 0 5 230 1 672 1 479 1 384 1 622 1
125 0 5 723 1 284 1 205 1 646 1 726 1
126 0 5 632 1 100 1 435 1 596 1 36 1
127 0 5 480 1 580 1 95 1 22 1 675 1
128 0 5 711 1 640 1 76 1 713 1 659 1
129 0 5 591 1 760 1 434 1 373 1 156 1
130 0 5 270 1 26 1 77 1 272 1 305 1
131 0 5 531 1 577 1 106 1 688 1 693 1
132 0 5 163 1 358 1 276 1 728 1 102 1
133 0 5 346 1 44 1 536 1 158 1 269 1
134 0 5 152 1 760 1 716 1 298 1 599 1
135 0 5 72 1 115 1 226 1 50 1 316 1
136 0 5 39 1 333 1 31 1 204 1 323 1
137 0 5 20 1 55 1 301 1 307 1 195 1
138 0 5 596 1 36 1 632 1 153 1 126 1
139 0 5 303 1 240 1 379 1 784 1 785 1
140 0 5 300 1 633 1 411 1 238 1 223 1
141 0 5 2 1 489 1 192 1 143 1 212 1
142 0 5 431 1 752 1 35 1 38 1 262 1
143 0 5 286 1 673 1 309 1 89 1 2 1
144 0 5 304 1 116 1 79 1 735 1 322 1
145 0 5 98 1 502 1 472 1 394 1 375 1
146 0 5 534 1 49 1 564 1 527 1 553 1
147 0 5 29 1 189 1 23 1 349 1 88 1
148 0 5 544 1 4 1 32 1 6 1 245 1
149 0 5 362 1 297 1 263 1 501 1 61 1
150 0 5 9 1 85 1 253 1 13 1 188 1
151 0 5 273 1 85 1 7 1 363 1 13 1
152 0 5 298 1 134 1 84 1 219 1 306 1
153 0 5 358 1 57 1 36 1 138 1 523 1
154 0 5 422 1 703 1 250 1 606 1 373 1
155 0 5 280 1 344 1 60 1 410 1 535 1
156 0 5 415 1 434 1 201 1 129 1 705 1
157 0 5 528 1 55 1 98 1 160 1 422 1
158 0 5 261 1 269 1 557 1 102 1 346 1
159 0 5 540 1 375 1 634 1 481 1 490 1
160 0 5 307 1 55 1 528 1 157 1 137 1
161 0 5 563 1 194 1 183 1 565 1 199 1
162 0 5 402 1 517 1 621 1 27 1 289 1
163 0 5 110 1 132 1 366 1 482 1 358 1
164 0 5 62 1 331 1 340 1 265 1 190 1
165 0 5 285 1 374 1 31 1 574 1 333 1
166 0 5 754 1 641 1 33 1 99 1 338 1
167 0 5 78 1 694 1 455 1 377 1 557 1
168 0 5 315 1 28 1 37 1 7 1 423 1
169 0 5 228 1 246 1 355 1 356 1 294 1
170 0 5 611 1 457 1 638 1 222 1 313 1
171 0 5 333 1 53 1 175 1 323 1 335 1
172 0 5 715 1 416 1 764 1 353 1 252 1
173 0 5 437 1 70 1 319 1 665 1 451 1
174 0 5 464 1 210 1 302 1 710 1 444 1
175 0 5 188 1 53 1 101 1 93 1 574 1
176 0 5 597 1 497 1 198 1 572 1 15 1
177 0 5 197 1 81 1 54 1 341 1 335 1
178 0 5 593 1 498 1 383 1 662 1 49 1
179 0 5 391 1 69 1 522 1 237 1 365 1
180 0 5 631 1 403 1 527 1 367 1 492 1
181 0 5 263 1 203 1 250 1 61 1 149 1
182 0 5 425 1 735 1 66 1 304 1 144 1
183 0 5 563 1 389 1 67 1 161 1 637 1
184 0 5 491 1 713 1 121 1 475 1 38 1
185 0 5 442 1 673 1 295 1 209 1 489 1
186 0 5 589 1 681 1 17 1 461 1 347 1
187 0 5 35 1 100 1 450 1 624 1 699 1
188 0 5 175 1 253 1 356 1 93 1 246 1
189 0 5 29 1 147 1 349 1 484 1 96 1
190 0 5 340 1 288 1 62 1 277 1 52 1
191 0 5 83 1 247 1 507 1 25 1 361 1
192 0 5 310 1 489 1 212 1 560 1 141 1
193 0 5 108 1 208 1 428 1 558 1 525 1
194 0 5 199 1 565 1 161 1 734 1 176 1
195 0 5 20 1 691 1 32 1 137 1 264 1
196 0 5 314 1 671 1 425 1 202 1 604 1
197 0 5 54 1 177 1 335 1 81 1 341 1
198 0 5 597 1 15 1 176 1 572 1 497 1
199 0 5 194 1 565 1 734 1 161 1 695 1
200 0 5 381 1 229 1 203 1 84 1 290 1
201 0 5 703 1 156 1 129 1 373 1 345 1
202 0 5 604 1 355 1 318 1 196 1 351 1
203 0 5 381 1 200 1 181 1 306 1 373 1
204 0 5 369 1 323 1 136 1 568 1 39 1
205 0 5 284 1 125 1 82 1 723 1 562 1
206 0 5 71 1 57 1 610 1 470 1 78 1
207 0 5 233 1 30 1 18 1 341 1 81 1
208 0 5 558 1 193 1 108 1 660 1 525 1
209 0 5 63 1 484 1 361 1 533 1 96 1
210 0 5 464 1 710 1 174 1 302 1 749 1
211 0 5 217 1 109 1 320 1 362 1 277 1
212 0 5 439 1 92 1 47 1 579 1 407 1
213 0 5 347 1 364 1 17 1 552 1 494 1
214 0 5 342 1 233 1 37 1 30 1 91 1
215 0 5 266 1 466 1 465 1 15 1 198 1
216 0 5 473 1 370 1 732 1 255 1 372 1
217 0 5 211 1 22 1 90 1 277 1 243 1
218 0 5 101 1 356 1 354 1 169 1 228 1
219 0 5 255 1 298 1 327 1 11 1 152 1
220 0 5 763 1 65 1 222 1 638 1 551 1
221 0 5 106 1 621 1 612 1 720 1 567 1
222 0 5 638 1 220 1 170 1 354 1 457 1
223 0 5 486 1 758 1 393 1 689 1 600 1
224 0 5 320 1 109 1 501 1 734 1 362 1
225 0 5 701 1 747 1 80 1 421 1 447 1
226 0 5 515 1 50 1 766 1 135 1 382 1
227 0 5 5 1 9 1 18 1 93 1 296 1
228 0 5 457 1 169 1 355 1 218 1 222 1
229 0 5 290 1 84 1 200 1 324 1 244 1
230 0 5 124 1 622 1 445 1 575 1 418 1
231 0 5 11 1 336 1 244 1 324 1 327 1
232 0 5 302 1 69 1 174 1 444 1 464 1
233 0 5 207 1 342 1 30 1 214 1 341 1
234 0 5 43 1 10 1 363 1 94 1 337 1
235 0 5 80 1 738 1 271 1 72 1 225 1
236 0 5 120 1 551 1 73 1 555 1 559 1
237 0 5 750 1 556 1 567 1 106 1 391 1
238 0 5 633 1 8 1 311 1 140 1 300 1
239 0 5 600 1 486 1 295 1 185 1 223 1
240 0 5 303 1 139 1 379 1 790 1 797 1
241 0 5 104 1 653 1 16 1 474 1 566 1
242 0 5 678 1 299 1 339 1 409 1 251 1
243 0 5 95 1 734 1 224 1 217 1 211 1
244 0 5 324 1 11 1 231 1 290 1 229 1
245 0 5 309 1 322 1 4 1 329 1 286 1
246 0 5 294 1 356 1 188 1 253 1 169 1
247 0 5 507 1 191 1 25 1 48 1 283 1
248 0 5 40 1 368 1 423 1 37 1 43 1
249 0 5 379 1 303 1 64 1 23 1 68 1
250 0 5 61 1 181 1 154 1 263 1 422 1
251 0 5 299 1 678 1 409 1 336 1 242 1
252 0 5 353 1 758 1 416 1 486 1 223 1
253 0 5 114 1 85 1 188 1 150 1 9 1
254 0 5 337 1 371 1 24 1 361 1 94 1
255 0 5 327 1 219 1 216 1 732 1 370 1
256 0 5 521 1 590 1 417 1 482 1 692 1
257 0 5 654 1 350 1 68 1 708 1 571 1
258 0 5 46 1 285 1 354 1 65 1 551 1
259 0 5 549 1 70 1 657 1 760 1 441 1
260 0 5 524 1 677 1 86 1 690 1 317 1
261 0 5 158 1 102 1 269 1 557 1 586 1
262 0 5 431 1 35 1 142 1 187 1 624 1
263 0 5 181 1 149 1 61 1 250 1 501 1
264 0 5 691 1 301 1 195 1 680 1 20 1
265 0 5 90 1 332 1 62 1 331 1 164 1
266 0 5 466 1 215 1 668 1 465 1 15 1
267 0 5 97 1 274 1 112 1 513 1 683 1
268 0 5 398 1 75 1 380 1 438 1 754 1
269 0 5 158 1 261 1 102 1 45 1 586 1
270 0 5 130 1 272 1 77 1 24 1 19 1
271 0 5 72 1 80 1 235 1 115 1 119 1
272 0 5 24 1 270 1 19 1 130 1 26 1
273 0 5 13 1 151 1 85 1 7 1 168 1
274 0 5 112 1 267 1 513 1 97 1 744 1
275 0 5 643 1 38 1 475 1 543 1 184 1
276 0 5 132 1 377 1 102 1 358 1 728 1
277 0 5 340 1 62 1 190 1 297 1 217 1
278 0 5 746 1 654 1 397 1 293 1 257 1
279 0 5 582 1 458 1 592 1 682 1 433 1
280 0 5 155 1 60 1 344 1 34 1 59 1
281 0 5 505 1 711 1 388 1 128 1 443 1
282 0 5 88 1 600 1 689 1 571 1 393 1
283 0 5 48 1 361 1 533 1 247 1 191 1
284 0 5 205 1 125 1 723 1 646 1 82 1
285 0 5 165 1 31 1 258 1 39 1 46 1
286 0 5 309 1 143 1 89 1 322 1 598 1
287 0 5 352 1 314 1 351 1 103 1 196 1
288 0 5 190 1 52 1 376 1 340 1 277 1
289 0 5 698 1 621 1 426 1 162 1 27 1
290 0 5 229 1 84 1 324 1 244 1 200 1
291 0 5 554 1 441 1 539 1 705 1 451 1
292 0 5 536 1 380 1 75 1 438 1 268 1
293 0 5 605 1 117 1 454 1 397 1 278 1
294 0 5 246 1 114 1 253 1 356 1 169 1
295 0 5 63 1 14 1 239 1 185 1 484 1
296 0 5 5 1 341 1 18 1 335 1 207 1
297 0 5 61 1 52 1 149 1 362 1 277 1
298 0 5 152 1 219 1 84 1 134 1 11 1
299 0 5 678 1 251 1 242 1 409 1 339 1
300 0 5 140 1 633 1 689 1 708 1 616 1
301 0 5 345 1 264 1 137 1 20 1 195 1
302 0 5 174 1 232 1 464 1 444 1 210 1
303 0 5 139 1 240 1 249 1 64 1 23 1
304 0 5 144 1 735 1 116 1 4 1 322 1
305 0 5 87 1 26 1 130 1 272 1 270 1
306 0 5 381 1 373 1 760 1 84 1 203 1
307 0 5 160 1 55 1 528 1 137 1 703 1
308 0 5 712 1 741 1 99 1 569 1 419 1
309 0 5 286 1 245 1 143 1 329 1 322 1
310 0 5 192 1 489 1 560 1 740 1 406 1
311 0 5 8 1 238 1 416 1 633 1 730 1
312 0 5 16 1 98 1 376 1 607 1 481 1
313 0 5 587 1 611 1 458 1 318 1 170 1
314 0 5 196 1 287 1 351 1 604 1 202 1
315 0 5 168 1 37 1 7 1 423 1 368 1
316 0 5 50 1 72 1 766 1 135 1 515 1
317 0 5 86 1 100 1 602 1 699 1 260 1
318 0 5 623 1 587 1 202 1 313 1 196 1
319 0 5 70 1 665 1 451 1 173 1 441 1
320 0 5 109 1 224 1 362 1 211 1 501 1
321 0 5 396 1 626 1 514 1 578 1 720 1
322 0 5 4 1 245 1 286 1 304 1 309 1
323 0 5 568 1 204 1 369 1 333 1 53 1
324 0 5 244 1 290 1 229 1 231 1 11 1
325 0 5 656 1 469 1 618 1 383 1 662 1
326 0 5 45 1 613 1 343 1 692 1 586 1
327 0 5 255 1 11 1 219 1 732 1 216 1
328 0 5 103 1 77 1 25 1 79 1 270 1
329 0 5 520 1 245 1 309 1 4 1 544 1
330 0 5 460 1 41 1 424 1 74 1 724 1
331 0 5 348 1 332 1 164 1 265 1 62 1
332 0 5 348 1 265 1 331 1 410 1 164 1
333 0 5 171 1 136 1 31 1 204 1 323 1
334 0 5 721 1 725 1 681 1 461 1 488 1
335 0 5 197 1 54 1 296 1 5 1 53 1
336 0 5 231 1 409 1 251 1 339 1 299 1
337 0 5 10 1 254 1 234 1 29 1 371 1
338 0 5 420 1 33 1 641 1 123 1 669 1
339 0 5 409 1 242 1 299 1 678 1 251 1
340 0 5 190 1 62 1 288 1 277 1 164 1
341 0 5 81 1 207 1 177 1 296 1 233 1
342 0 5 214 1 233 1 30 1 207 1 91 1
343 0 5 692 1 326 1 613 1 45 1 482 1
344 0 5 155 1 410 1 280 1 60 1 535 1
345 0 5 301 1 415 1 705 1 201 1 156 1
346 0 5 44 1 133 1 557 1 158 1 78 1
347 0 5 17 1 213 1 364 1 736 1 186 1
348 0 5 332 1 331 1 410 1 265 1 164 1
349 0 5 96 1 189 1 14 1 484 1 147 1
350 0 5 257 1 23 1 68 1 249 1 746 1
351 0 5 604 1 314 1 287 1 202 1 355 1
352 0 5 287 1 87 1 270 1 351 1 130 1
353 0 5 252 1 758 1 416 1 486 1 172 1
354 0 5 46 1 218 1 101 1 222 1 258 1
355 0 5 457 1 228 1 202 1 169 1 604 1
356 0 5 218 1 246 1 101 1 188 1 294 1
357 0 5 628 1 401 1 467 1 82 1 595 1
358 0 5 132 1 153 1 276 1 57 1 366 1
359 0 5 679 1 667 1 663 1 670 1 436 1
360 0 5 519 1 82 1 715 1 627 1 628 1
361 0 5 283 1 371 1 48 1 209 1 533 1
362 0 5 109 1 149 1 320 1 297 1 501 1
363 0 5 94 1 7 1 43 1 234 1 37 1
364 0 5 736 1 347 1 213 1 650 1 494 1
365 0 5 391 1 522 1 556 1 514 1 567 1
366 0 5 110 1 163 1 482 1 358 1 590 1
367 0 5 49 1 180 1 105 1 498 1 178 1
368 0 5 423 1 248 1 37 1 315 1 168 1
369 0 5 204 1 568 1 323 1 54 1 335 1
370 0 5 473 1 216 1 372 1 21 1 255 1
371 0 5 361 1 96 1 254 1 337 1 283 1
372 0 5 473 1 21 1 370 1 599 1 752 1
373 0 5 306 1 129 1 703 1 201 1 760 1
374 0 5 165 1 574 1 31 1 175 1 333 1
375 0 5 394 1 159 1 502 1 540 1 526 1
376 0 5 288 1 312 1 52 1 98 1 190 1
377 0 5 455 1 276 1 78 1 557 1 167 1
378 0 5 477 1 709 1 652 1 561 1 566 1
379 0 5 64 1 23 1 249 1 350 1 382 1
380 0 5 292 1 268 1 75 1 398 1 438 1
381 0 5 306 1 203 1 200 1 84 1 229 1
382 0 5 56 1 115 1 226 1 117 1 541 1
383 0 5 662 1 469 1 178 1 325 1 593 1
384 0 5 676 1 509 1 575 1 622 1 230 1
385 0 5 636 1 452 1 608 1 414 1 594 1
386 0 5 395 1 561 1 635 1 652 1 588 1
387 0 5 697 1 539 1 529 1 412 1 451 1
388 0 5 751 1 614 1 281 1 505 1 711 1
389 0 5 462 1 67 1 183 1 642 1 637 1
390 0 5 704 1 123 1 408 1 742 1 106 1
391 0 5 365 1 179 1 556 1 522 1 237 1
392 0 5 519 1 401 1 404 1 499 1 406 1
393 0 5 689 1 571 1 708 1 107 1 257 1
394 0 5 375 1 526 1 502 1 145 1 98 1
395 0 5 386 1 635 1 588 1 545 1 700 1
396 0 5 321 1 720 1 514 1 621 1 626 1
397 0 5 454 1 293 1 278 1 3 1 495 1
398 0 5 268 1 743 1 380 1 75 1 33 1
399 0 5 113 1 419 1 408 1 427 1 123 1
400 0 5 570 1 487 1 538 1 92 1 449 1
401 0 5 357 1 628 1 82 1 404 1 392 1
402 0 5 12 1 162 1 27 1 517 1 500 1
403 0 5 492 1 12 1 180 1 527 1 631 1
404 0 5 478 1 401 1 392 1 625 1 595 1
405 0 5 503 1 701 1 414 1 636 1 447 1
406 0 5 47 1 499 1 506 1 560 1 392 1
407 0 5 47 1 92 1 579 1 111 1 649 1
408 0 5 113 1 390 1 427 1 123 1 399 1
409 0 5 339 1 299 1 251 1 336 1 242 1
410 0 5 535 1 344 1 348 1 332 1 60 1
411 0 5 509 1 140 1 719 1 518 1 648 1
412 0 5 718 1 456 1 512 1 539 1 387 1
413 0 5 459 1 741 1 721 1 745 1 419 1
414 0 5 385 1 765 1 636 1 578 1 405 1
415 0 5 156 1 705 1 434 1 345 1 441 1
416 0 5 353 1 172 1 311 1 252 1 715 1
417 0 5 521 1 646 1 256 1 723 1 590 1
418 0 5 494 1 445 1 736 1 230 1 213 1
419 0 5 399 1 725 1 741 1 427 1 113 1
420 0 5 647 1 33 1 338 1 463 1 669 1
421 0 5 747 1 447 1 701 1 687 1 576 1
422 0 5 606 1 154 1 157 1 98 1 250 1
423 0 5 368 1 248 1 315 1 37 1 43 1
424 0 5 41 1 559 1 330 1 733 1 555 1
425 0 5 182 1 66 1 671 1 196 1 735 1
426 0 5 27 1 289 1 402 1 162 1 550 1
427 0 5 504 1 113 1 666 1 408 1 419 1
428 0 5 108 1 595 1 193 1 525 1 208 1
429 0 5 648 1 495 1 685 1 485 1 719 1
430 0 5 655 1 564 1 706 1 761 1 584 1
431 0 5 262 1 142 1 35 1 624 1 752 1
432 0 5 684 1 584 1 452 1 615 1 608 1
433 0 5 74 1 739 1 724 1 532 1 279 1
434 0 5 591 1 156 1 441 1 415 1 129 1
435 0 5 126 1 660 1 525 1 646 1 558 1
436 0 5 744 1 670 1 359 1 112 1 667 1
437 0 5 173 1 70 1 690 1 451 1 665 1
438 0 5 75 1 268 1 754 1 380 1 292 1
439 0 5 212 1 92 1 407 1 47 1 579 1
440 0 5 651 1 680 1 658 1 538 1 487 1
441 0 5 434 1 319 1 549 1 591 1 70 1
442 0 5 185 1 617 1 486 1 483 1 715 1
443 0 5 757 1 548 1 546 1 523 1 281 1
444 0 5 69 1 174 1 464 1 302 1 232 1
445 0 5 418 1 494 1 230 1 736 1 573 1
446 0 5 530 1 69 1 33 1 463 1 179 1
447 0 5 421 1 576 1 687 1 701 1 747 1
448 0 5 576 1 749 1 503 1 710 1 447 1
449 0 5 570 1 487 1 651 1 400 1 92 1
450 0 5 35 1 624 1 187 1 100 1 699 1
451 0 5 665 1 529 1 437 1 70 1 319 1
452 0 5 684 1 385 1 636 1 432 1 608 1
453 0 5 618 1 650 1 656 1 27 1 325 1
454 0 5 397 1 3 1 605 1 293 1 495 1
455 0 5 694 1 557 1 377 1 167 1 78 1
456 0 5 718 1 412 1 512 1 625 1 649 1
457 0 5 228 1 170 1 355 1 611 1 222 1
458 0 5 313 1 587 1 279 1 623 1 645 1
459 0 5 413 1 741 1 721 1 419 1 745 1
460 0 5 330 1 74 1 41 1 424 1 724 1
461 0 5 488 1 725 1 666 1 334 1 681 1
462 0 5 389 1 581 1 497 1 753 1 67 1
463 0 5 647 1 530 1 750 1 420 1 33 1
464 0 5 210 1 174 1 710 1 302 1 444 1
465 0 5 695 1 215 1 668 1 266 1 466 1
466 0 5 266 1 215 1 15 1 668 1 465 1
467 0 5 82 1 357 1 595 1 628 1 401 1
468 0 5 516 1 585 1 82 1 479 1 620 1
469 0 5 662 1 383 1 325 1 729 1 656 1
470 0 5 57 1 523 1 610 1 757 1 42 1
471 0 5 609 1 511 1 490 1 700 1 540 1
472 0 5 502 1 145 1 481 1 98 1 394 1
473 0 5 370 1 216 1 372 1 732 1 21 1
474 0 5 566 1 104 1 477 1 16 1 241 1
475 0 5 643 1 614 1 184 1 751 1 275 1
476 0 5 742 1 693 1 704 1 106 1 669 1
477 0 5 378 1 709 1 474 1 561 1 566 1
478 0 5 404 1 625 1 401 1 510 1 392 1
479 0 5 585 1 672 1 468 1 124 1 516 1
480 0 5 580 1 127 1 95 1 675 1 22 1
481 0 5 634 1 607 1 16 1 472 1 511 1
482 0 5 110 1 590 1 366 1 343 1 163 1
483 0 5 740 1 617 1 442 1 499 1 560 1
484 0 5 96 1 14 1 209 1 63 1 349 1
485 0 5 685 1 676 1 648 1 674 1 429 1
486 0 5 223 1 758 1 239 1 600 1 252 1
487 0 5 538 1 651 1 400 1 570 1 449 1
488 0 5 461 1 666 1 725 1 504 1 589 1
489 0 5 185 1 310 1 141 1 192 1 673 1
490 0 5 609 1 471 1 540 1 700 1 159 1
491 0 5 184 1 713 1 121 1 727 1 38 1
492 0 5 500 1 12 1 403 1 527 1 180 1
493 0 5 545 1 700 1 696 1 682 1 645 1
494 0 5 418 1 445 1 736 1 213 1 364 1
495 0 5 429 1 3 1 648 1 719 1 454 1
496 0 5 659 1 76 1 640 1 546 1 128 1
497 0 5 176 1 572 1 597 1 198 1 462 1
498 0 5 508 1 178 1 367 1 49 1 105 1
499 0 5 406 1 47 1 392 1 560 1 740 1
500 0 5 12 1 492 1 403 1 527 1 706 1
501 0 5 224 1 630 1 149 1 362 1 320 1
502 0 5 472 1 145 1 394 1 375 1 98 1
503 0 5 448 1 405 1 522 1 302 1 576 1
504 0 5 666 1 427 1 488 1 113 1 717 1
505 0 5 661 1 281 1 702 1 118 1 388 1
506 0 5 47 1 579 1 649 1 406 1 407 1
507 0 5 247 1 191 1 361 1 283 1 48 1
508 0 5 498 1 515 1 105 1 178 1 367 1
509 0 5 676 1 518 1 384 1 411 1 485 1
510 0 5 625 1 714 1 602 1 677 1 428 1
511 0 5 634 1 471 1 588 1 607 1 481 1
512 0 5 412 1 539 1 456 1 718 1 92 1
513 0 5 683 1 97 1 274 1 637 1 267 1
514 0 5 578 1 365 1 321 1 396 1 626 1
515 0 5 226 1 541 1 105 1 508 1 498 1
516 0 5 468 1 620 1 82 1 764 1 730 1
517 0 5 162 1 731 1 626 1 706 1 621 1
518 0 5 639 1 509 1 411 1 8 1 384 1
519 0 5 360 1 392 1 715 1 82 1 740 1
520 0 5 329 1 544 1 4 1 538 1 309 1
521 0 5 256 1 417 1 590 1 646 1 726 1
522 0 5 365 1 503 1 391 1 179 1 302 1
523 0 5 757 1 470 1 57 1 443 1 36 1
524 0 5 260 1 690 1 677 1 437 1 70 1
525 0 5 193 1 435 1 558 1 108 1 428 1
526 0 5 20 1 394 1 55 1 32 1 157 1
527 0 5 403 1 146 1 180 1 492 1 564 1
528 0 5 160 1 55 1 157 1 307 1 422 1
529 0 5 697 1 451 1 387 1 690 1 437 1
530 0 5 446 1 463 1 69 1 33 1 750 1
531 0 5 131 1 106 1 688 1 577 1 704 1
532 0 5 537 1 433 1 592 1 635 1 74 1
533 0 5 83 1 48 1 673 1 361 1 283 1
534 0 5 146 1 119 1 766 1 722 1 603 1
535 0 5 410 1 60 1 344 1 566 1 748 1
536 0 5 292 1 133 1 380 1 269 1 75 1
537 0 5 532 1 592 1 635 1 582 1 395 1
538 0 5 487 1 651 1 440 1 400 1 520 1
539 0 5 512 1 387 1 412 1 554 1 697 1
540 0 5 159 1 471 1 490 1 609 1 634 1
541 0 5 56 1 105 1 515 1 226 1 50 1
542 0 5 717 1 644 1 27 1 737 1 666 1
543 0 5 707 1 629 1 275 1 752 1 732 1
544 0 5 148 1 4 1 520 1 329 1 245 1
545 0 5 635 1 700 1 493 1 682 1 395 1
546 0 5 548 1 443 1 36 1 640 1 757 1
547 0 5 17 1 562 1 686 1 205 1 723 1
548 0 5 546 1 443 1 757 1 36 1 523 1
549 0 5 259 1 70 1 441 1 591 1 319 1
550 0 5 12 1 27 1 656 1 453 1 631 1
551 0 5 236 1 555 1 65 1 120 1 559 1
552 0 5 686 1 17 1 213 1 672 1 479 1
553 0 5 49 1 603 1 146 1 766 1 534 1
554 0 5 291 1 539 1 451 1 665 1 387 1
555 0 5 559 1 551 1 236 1 41 1 424 1
556 0 5 567 1 237 1 365 1 391 1 106 1
557 0 5 455 1 158 1 102 1 377 1 694 1
558 0 5 660 1 208 1 193 1 646 1 525 1
559 0 5 555 1 424 1 41 1 65 1 551 1
560 0 5 47 1 406 1 499 1 310 1 740 1
561 0 5 652 1 386 1 378 1 477 1 588 1
562 0 5 547 1 686 1 17 1 585 1 82 1
563 0 5 183 1 161 1 67 1 389 1 637 1
564 0 5 761 1 430 1 146 1 527 1 49 1
565 0 5 199 1 675 1 194 1 734 1 161 1
566 0 5 474 1 104 1 477 1 709 1 378 1
567 0 5 556 1 237 1 106 1 720 1 365 1
568 0 5 323 1 369 1 204 1 53 1 335 1
569 0 5 99 1 712 1 641 1 399 1 308 1
570 0 5 400 1 92 1 487 1 449 1 651 1
571 0 5 708 1 393 1 107 1 257 1 282 1
572 0 5 497 1 597 1 198 1 679 1 176 1
573 0 5 619 1 729 1 445 1 674 1 736 1
574 0 5 374 1 101 1 175 1 356 1 188 1
575 0 5 622 1 674 1 384 1 230 1 676 1
576 0 5 448 1 447 1 749 1 701 1 421 1
577 0 5 131 1 688 1 106 1 698 1 531 1
578 0 5 514 1 765 1 759 1 626 1 321 1
579 0 5 47 1 506 1 407 1 649 1 212 1
580 0 5 480 1 675 1 127 1 95 1 161 1
581 0 5 753 1 683 1 462 1 389 1 642 1
582 0 5 279 1 592 1 682 1 537 1 532 1
583 0 5 748 1 664 1 59 1 60 1 34 1
584 0 5 761 1 594 1 432 1 655 1 738 1
585 0 5 479 1 468 1 82 1 562 1 686 1
586 0 5 45 1 728 1 102 1 163 1 269 1
587 0 5 313 1 318 1 623 1 458 1 611 1
588 0 5 511 1 471 1 386 1 395 1 561 1
589 0 5 186 1 681 1 461 1 488 1 666 1
590 0 5 482 1 256 1 521 1 366 1 110 1
591 0 5 434 1 129 1 441 1 156 1 549 1
592 0 5 582 1 682 1 537 1 279 1 532 1
593 0 5 178 1 631 1 662 1 49 1 383 1
594 0 5 615 1 608 1 755 1 738 1 584 1
595 0 5 428 1 108 1 467 1 193 1 357 1
596 0 5 138 1 36 1 632 1 126 1 100 1
597 0 5 198 1 176 1 497 1 572 1 15 1
598 0 5 89 1 116 1 191 1 286 1 673 1
599 0 5 21 1 372 1 716 1 134 1 657 1
600 0 5 239 1 282 1 486 1 88 1 223 1
601 0 5 118 1 42 1 702 1 71 1 610 1
602 0 5 86 1 317 1 510 1 677 1 525 1
603 0 5 766 1 553 1 49 1 534 1 105 1
604 0 5 351 1 202 1 314 1 196 1 355 1
605 0 5 293 1 454 1 495 1 3 1 278 1
606 0 5 422 1 98 1 376 1 52 1 61 1
607 0 5 16 1 481 1 634 1 511 1 312 1
608 0 5 615 1 594 1 636 1 385 1 755 1
609 0 5 490 1 471 1 700 1 540 1 511 1
610 0 5 71 1 57 1 42 1 470 1 601 1
611 0 5 170 1 313 1 638 1 457 1 587 1
612 0 5 698 1 621 1 106 1 577 1 221 1
613 0 5 326 1 692 1 343 1 45 1 99 1
614 0 5 751 1 388 1 475 1 184 1 128 1
615 0 5 594 1 608 1 755 1 432 1 452 1
616 0 5 107 1 3 1 654 1 708 1 300 1
617 0 5 442 1 483 1 172 1 353 1 740 1
618 0 5 453 1 656 1 325 1 650 1 729 1
619 0 5 729 1 573 1 674 1 469 1 575 1
620 0 5 627 1 82 1 516 1 764 1 715 1
621 0 5 720 1 289 1 698 1 612 1 162 1
622 0 5 575 1 230 1 445 1 384 1 573 1
623 0 5 318 1 671 1 587 1 645 1 66 1
624 0 5 35 1 450 1 187 1 431 1 262 1
625 0 5 510 1 714 1 478 1 718 1 456 1
626 0 5 759 1 765 1 517 1 321 1 578 1
627 0 5 82 1 620 1 360 1 764 1 715 1
628 0 5 357 1 401 1 82 1 467 1 392 1
629 0 5 707 1 543 1 732 1 275 1 752 1
630 0 5 668 1 501 1 266 1 200 1 465 1
631 0 5 180 1 403 1 593 1 656 1 12 1
632 0 5 596 1 126 1 36 1 100 1 138 1
633 0 5 238 1 140 1 300 1 8 1 311 1
634 0 5 511 1 481 1 607 1 471 1 16 1
635 0 5 395 1 545 1 537 1 386 1 700 1
636 0 5 385 1 608 1 452 1 594 1 414 1
637 0 5 642 1 67 1 683 1 389 1 513 1
638 0 5 222 1 170 1 611 1 457 1 220 1
639 0 5 518 1 730 1 509 1 8 1 516 1
640 0 5 659 1 711 1 128 1 76 1 496 1
641 0 5 338 1 33 1 166 1 123 1 99 1
642 0 5 637 1 67 1 683 1 389 1 513 1
643 0 5 475 1 275 1 184 1 38 1 629 1
644 0 5 717 1 737 1 542 1 688 1 577 1
645 0 5 756 1 623 1 682 1 671 1 458 1
646 0 5 660 1 417 1 558 1 284 1 125 1
647 0 5 33 1 420 1 463 1 338 1 669 1
648 0 5 429 1 719 1 485 1 495 1 685 1
649 0 5 47 1 579 1 506 1 407 1 92 1
650 0 5 453 1 27 1 618 1 364 1 656 1
651 0 5 440 1 487 1 538 1 449 1 658 1
652 0 5 561 1 378 1 477 1 386 1 709 1
653 0 5 104 1 241 1 566 1 331 1 474 1
654 0 5 107 1 278 1 257 1 3 1 616 1
655 0 5 430 1 706 1 731 1 584 1 432 1
656 0 5 325 1 618 1 631 1 453 1 469 1
657 0 5 716 1 259 1 134 1 317 1 599 1
658 0 5 680 1 440 1 705 1 651 1 449 1
659 0 5 496 1 76 1 640 1 128 1 711 1
660 0 5 558 1 646 1 435 1 208 1 417 1
661 0 5 118 1 505 1 702 1 601 1 42 1
662 0 5 469 1 383 1 178 1 593 1 325 1
663 0 5 670 1 667 1 359 1 679 1 436 1
664 0 5 748 1 583 1 709 1 535 1 60 1
665 0 5 451 1 319 1 70 1 437 1 173 1
666 0 5 504 1 488 1 427 1 461 1 717 1
667 0 5 663 1 670 1 359 1 679 1 436 1
668 0 5 630 1 266 1 465 1 466 1 215 1
669 0 5 476 1 420 1 742 1 463 1 338 1
670 0 5 663 1 667 1 436 1 359 1 744 1
671 0 5 623 1 196 1 66 1 425 1 318 1
672 0 5 479 1 124 1 230 1 418 1 552 1
673 0 5 83 1 533 1 185 1 143 1 89 1
674 0 5 619 1 685 1 575 1 485 1 729 1
675 0 5 580 1 95 1 565 1 480 1 127 1
676 0 5 384 1 509 1 485 1 648 1 575 1
677 0 5 86 1 260 1 524 1 690 1 602 1
678 0 5 299 1 242 1 251 1 339 1 409 1
679 0 5 359 1 667 1 572 1 663 1 670 1
680 0 5 440 1 658 1 691 1 264 1 544 1
681 0 5 186 1 334 1 461 1 589 1 721 1
682 0 5 592 1 756 1 582 1 645 1 545 1
683 0 5 513 1 97 1 637 1 642 1 753 1
684 0 5 452 1 432 1 765 1 385 1 414 1
685 0 5 485 1 429 1 674 1 495 1 648 1
686 0 5 17 1 552 1 562 1 585 1 547 1
687 0 5 447 1 421 1 749 1 710 1 701 1
688 0 5 737 1 577 1 531 1 131 1 106 1
689 0 5 393 1 107 1 300 1 571 1 282 1
690 0 5 437 1 524 1 260 1 677 1 529 1
691 0 5 264 1 195 1 20 1 32 1 680 1
692 0 5 343 1 613 1 482 1 326 1 256 1
693 0 5 106 1 476 1 742 1 704 1 531 1
694 0 5 455 1 167 1 78 1 557 1 377 1
695 0 5 465 1 734 1 215 1 199 1 224 1
696 0 5 493 1 32 1 490 1 609 1 375 1
697 0 5 387 1 529 1 451 1 539 1 690 1
698 0 5 612 1 289 1 577 1 621 1 106 1
699 0 5 100 1 187 1 317 1 35 1 450 1
700 0 5 545 1 609 1 471 1 635 1 493 1
701 0 5 225 1 421 1 447 1 747 1 405 1
702 0 5 42 1 601 1 118 1 505 1 661 1
703 0 5 201 1 154 1 307 1 373 1 55 1
704 0 5 742 1 390 1 476 1 106 1 693 1
705 0 5 415 1 658 1 156 1 441 1 434 1
706 0 5 655 1 430 1 517 1 731 1 492 1
707 0 5 543 1 629 1 275 1 732 1 752 1
708 0 5 107 1 571 1 393 1 257 1 616 1
709 0 5 378 1 664 1 477 1 748 1 566 1
710 0 5 210 1 464 1 749 1 174 1 687 1
711 0 5 128 1 640 1 281 1 76 1 659 1
712 0 5 308 1 99 1 569 1 741 1 399 1
713 0 5 491 1 121 1 184 1 76 1 128 1
714 0 5 625 1 510 1 690 1 677 1 478 1
715 0 5 172 1 416 1 620 1 764 1 360 1
716 0 5 657 1 21 1 599 1 134 1 317 1
717 0 5 644 1 737 1 542 1 666 1 688 1
718 0 5 456 1 412 1 512 1 625 1 387 1
719 0 5 648 1 495 1 411 1 429 1 676 1
720 0 5 396 1 621 1 567 1 321 1 221 1
721 0 5 334 1 725 1 681 1 413 1 459 1
722 0 5 119 1 534 1 80 1 766 1 738 1
723 0 5 125 1 726 1 284 1 417 1 205 1
724 0 5 739 1 74 1 433 1 330 1 733 1
725 0 5 334 1 461 1 721 1 488 1 419 1
726 0 5 745 1 723 1 413 1 256 1 459 1
727 0 5 121 1 38 1 491 1 713 1 184 1
728 0 5 102 1 586 1 132 1 45 1 276 1
729 0 5 619 1 573 1 469 1 674 1 325 1
730 0 5 8 1 764 1 639 1 516 1 311 1
731 0 5 655 1 12 1 517 1 706 1 626 1
732 0 5 216 1 629 1 255 1 327 1 543 1
733 0 5 65 1 41 1 424 1 724 1 763 1
734 0 5 695 1 243 1 565 1 199 1 95 1
735 0 5 304 1 182 1 66 1 6 1 4 1
736 0 5 494 1 364 1 418 1 445 1 213 1
737 0 5 644 1 688 1 717 1 577 1 504 1
738 0 5 80 1 594 1 755 1 722 1 584 1
739 0 5 724 1 433 1 74 1 532 1 330 1
740 0 5 483 1 499 1 519 1 310 1 406 1
741 0 5 308 1 419 1 712 1 459 1 99 1
742 0 5 476 1 704 1 693 1 106 1 390 1
743 0 5 69 1 33 1 398 1 179 1 446 1
744 0 5 436 1 112 1 267 1 670 1 274 1
745 0 5 726 1 413 1 459 1 723 1 721 1
746 0 5 278 1 117 1 56 1 257 1 350 1
747 0 5 421 1 225 1 701 1 447 1 80 1
748 0 5 664 1 583 1 709 1 535 1 60 1
749 0 5 448 1 710 1 687 1 576 1 210 1
750 0 5 237 1 463 1 530 1 106 1 556 1
751 0 5 614 1 388 1 475 1 184 1 128 1
752 0 5 142 1 38 1 372 1 21 1 543 1
753 0 5 581 1 683 1 462 1 97 1 389 1
754 0 5 166 1 75 1 438 1 268 1 33 1
755 0 5 594 1 608 1 738 1 615 1 80 1
756 0 5 645 1 682 1 623 1 458 1 592 1
757 0 5 443 1 523 1 548 1 546 1 470 1
758 0 5 353 1 486 1 252 1 223 1 416 1
759 0 5 626 1 765 1 578 1 684 1 321 1
760 0 5 129 1 134 1 306 1 373 1 259 1
761 0 5 564 1 430 1 584 1 146 1 706 1
762 0 5 66 1 6 1 735 1 645 1 493 1
763 0 5 220 1 65 1 733 1 222 1 638 1
764 0 5 730 1 8 1 620 1 516 1 172 1
765 0 5 759 1 684 1 578 1 626 1 414 1
766 0 5 603 1 226 1 534 1 105 1 119 1
767 0 5 798 1 768 1 782 1 783 1 784 1
768 0 5 798 1 768 1 782 1 783 1 784 1
769 0 5 798 1 768 1 782 1 783 1 784 1
770 0 5 798 1 768 1 782 1 783 1 784 1
771 0 5 798 1 768 1 782 1 783 1 784 1
772 0 5 798 1 768 1 782 1 783 1 784 1
773 0 5 798 1 768 1 782 1 783 1 784 1
774 0 5 798 1 768 1 782 1 783 1 784 1
775 0 5 798 1 768 1 782 1 783 1 784 1
776 0 5 798 1 768 1 782 1 783 1 784 1
777 0 5 798 1 768 1 782 1 783 1 784 1
778 0 5 798 1 768 1 782 1 783 1 784 1
779 0 5 798 1 768 1 782 1 783 1 784 1
780 0 5 798 1 768 1 782 1 783 1 784 1
781 0 5 798 1 768 1 782 1 783 1 784 1
782 0 5 798 1 768 1 782 1 783 1 784 1
783 0 5 798 1 768 1 782 1 783 1 784 1
784 0 5 798 1 768 1 782 1 783 1 784 1
785 0 5 798 1 768 1 782 1 783 1 784 1
786 0 5 798 1 768 1 782 1 783 1 784 1
787 0 5 798 1 768 1 782 1 783 1 784 1
788 0 5 798 1 768 1 782 1 783 1 784 1
789 0 5 798 1 768 1 782 1 783 1 784 1
790 0 5 798 1 768 1 782 1 783 1 784 1
791 0 5 798 1 768 1 782 1 783 1 784 1
792 0 5 798 1 768 1 782 1 783 1 784 1
793 0 5 798 1 768 1 782 1 783 1 784 1
794 0 5 798 1 768 1 782 1 783 1 784 1
795 0 5 798 1 768 1 782 1 783 1 784 1
796 0 5 798 1 768 1 782 1 783 1 784 1
797 0 5 798 1 768 1 782 1 783 1 784 1
798 0 5 798 1 768 1 782 1 783 1 784 1
799 0 5 798 1 768 1 782 1 783 1 784 1
800 0 5 798 1 768 1 782 1 783 1 784 1
801 0 5 798 1 768 1 782 1 783 1 784 1
802 0 5 798 1 768 1 782 1 783 1 784 1
803 0 5 798 1 768 1 782 1 783 1 784 1
804 0 5 798 1 768 1 782 1 783 1 784 1
805 0 5 798 1 768 1 782 1 783 1 784 1
806 0 5 798 1 768 1 782 1 783 1 784 1
807 0 5 798 1 768 1 782 1 783 1 784 1
808 0 5 798 1 768 1 782 1 783 1 784 1
809 0 5 798 1 768 1 782 1 783 1 784 1
810 0 5 798 1 768 1 782 1 783 1 784 1
811 0 5 798 1 768 1 782 1 783 1 784 1
812 0 5 798 1 768 1 782 1 783 1 784 1
813 0 5 798 1 768 1 782 1 783 1 784 1
814 0 5 798 1 768 1 782 1 783 1 784 1
815 0 5 798 1 768 1 782 1 783 1 784 1
816 0 5 798 1 768 1 782 1 783 1 784 1
817 0 5 798 1 768 1 782 1 783 1 784 1
818 0 5 798 1 768 1 782 1 783 1 784 1
819 0 5 798 1 768 1 782 1 783 1 784 1
820 0 5 798 1 768 1 782 1 783 1 784 1
821 0 5 798 1 768 1 782 1 783 1 784 1
822 0 5 798 1 768 1 782 1 783 1 784 1
823 0 5 798 1 768 1 782 1 783 1 784 1
824 0 5 798 1 768 1 782 1 783 1 784 1
825 0 5 798 1 768 1 782 1 783 1 784 1
826 0 5 798 1 768 1 782 1 783 1 784 1
827 0 5 798 1 768 1 782 1 783 1 784 1
828 0 5 798 1 768 1 782 1 783 1 784 1
829 0 5 798 1 768 1 782 1 783 1 784 1
830 0 5 798 1 768 1 782 1 783 1 784 1
831 0 5 798 1 768 1 782 1 783 1 784 1
832 0 5 798 1 768 1 782 1 783 1 784 1
833 0 5 798 1 768 1 782 1 783 1 784 1
834 0 5 798 1 768 1 782 1 783 1 784 1
835 0 5 798 1 768 1 782 1 783 1 784 1
836 0 5 798 1 768 1 782 1 783 1 784 1
-1
EOF
