934
1 0 5 902 1 885 1 886 1 887 1 888 1
2 0 5 871 1 574 1 557 1 310 1 124 1
3 0 5 414 1 24 1 249 1 553 1 289 1
4 0 5 106 1 644 1 436 1 768 1 227 1
5 0 5 786 1 282 1 630 1 175 1 128 1
6 0 5 440 1 466 1 505 1 144 1 654 1
7 0 5 654 1 466 1 144 1 351 1 440 1
8 0 5 260 1 363 1 226 1 833 1 391 1
9 0 5 820 1 684 1 464 1 762 1 642 1
10 0 5 597 1 93 1 321 1 876 1 768 1
11 0 5 668 1 529 1 96 1 232 1 586 1
12 0 5 453 1 75 1 133 1 35 1 249 1
13 0 5 660 1 91 1 324 1 703 1 335 1
14 0 5 838 1 573 1 779 1 606 1 509 1
15 0 5 812 1 415 1 267 1 66 1 286 1
16 0 5 719 1 674 1 37 1 527 1 697 1
17 0 5 470 1 409 1 808 1 404 1 222 1
18 0 5 281 1 483 1 736 1 499 1 789 1
19 0 5 375 1 649 1 851 1 865 1 460 1
20 0 5 204 1 536 1 485 1 743 1 876 1
21 0 5 523 1 229 1 698 1 685 1 85 1
22 0 5 39 1 342 1 394 1 676 1 538 1
23 0 5 442 1 313 1 571 1 521 1 302 1
24 0 5 3 1 249 1 414 1 553 1 133 1
25 0 5 326 1 659 1 602 1 738 1 114 1
26 0 5 830 1 49 1 458 1 88 1 770 1
27 0 5 393 1 537 1 253 1 821 1 313 1
28 0 5 652 1 182 1 163 1 372 1 421 1
29 0 5 79 1 454 1 709 1 66 1 97 1
30 0 5 184 1 789 1 397 1 289 1 285 1
31 0 5 622 1 656 1 535 1 448 1 822 1
32 0 5 484 1 269 1 52 1 296 1 210 1
33 0 5 761 1 202 1 332 1 543 1 673 1
34 0 5 119 1 557 1 60 1 90 1 758 1
35 0 5 453 1 343 1 12 1 249 1 479 1
36 0 5 104 1 54 1 280 1 103 1 813 1
37 0 5 527 1 290 1 475 1 719 1 16 1
38 0 5 718 1 477 1 728 1 389 1 810 1
39 0 5 22 1 103 1 342 1 538 1 510 1
40 0 5 127 1 829 1 673 1 530 1 511 1
41 0 5 714 1 627 1 582 1 52 1 633 1
42 0 5 815 1 470 1 452 1 708 1 17 1
43 0 5 100 1 541 1 701 1 732 1 556 1
44 0 5 48 1 71 1 291 1 873 1 319 1
45 0 5 807 1 848 1 155 1 537 1 743 1
46 0 5 350 1 411 1 213 1 306 1 396 1
47 0 5 702 1 490 1 187 1 250 1 279 1
48 0 5 44 1 71 1 291 1 856 1 873 1
49 0 5 435 1 26 1 570 1 88 1 830 1
50 0 5 691 1 834 1 638 1 671 1 607 1
51 0 5 201 1 839 1 549 1 131 1 727 1
52 0 5 534 1 484 1 633 1 210 1 32 1
53 0 5 755 1 493 1 62 1 183 1 273 1
54 0 5 813 1 104 1 36 1 619 1 280 1
55 0 5 239 1 800 1 413 1 405 1 546 1
56 0 5 58 1 687 1 170 1 378 1 473 1
57 0 5 835 1 257 1 740 1 630 1 382 1
58 0 5 56 1 687 1 72 1 198 1 295 1
59 0 5 729 1 801 1 861 1 667 1 313 1
60 0 5 119 1 34 1 90 1 489 1 758 1
61 0 5 339 1 712 1 510 1 817 1 188 1
62 0 5 181 1 76 1 755 1 53 1 273 1
63 0 5 145 1 767 1 147 1 867 1 794 1
64 0 5 560 1 513 1 101 1 381 1 219 1
65 0 5 421 1 871 1 796 1 557 1 486 1
66 0 5 117 1 29 1 454 1 79 1 267 1
67 0 5 767 1 147 1 376 1 752 1 145 1
68 0 5 371 1 741 1 317 1 353 1 323 1
69 0 5 499 1 355 1 294 1 579 1 679 1
70 0 5 129 1 147 1 376 1 767 1 299 1
71 0 5 44 1 319 1 431 1 48 1 873 1
72 0 5 198 1 838 1 58 1 779 1 295 1
73 0 5 250 1 565 1 702 1 47 1 120 1
74 0 5 185 1 4 1 644 1 292 1 321 1
75 0 5 133 1 12 1 149 1 368 1 249 1
76 0 5 317 1 62 1 181 1 371 1 183 1
77 0 5 693 1 711 1 498 1 217 1 329 1
78 0 5 672 1 552 1 559 1 152 1 577 1
79 0 5 29 1 709 1 97 1 454 1 66 1
80 0 5 135 1 421 1 28 1 163 1 551 1
81 0 5 718 1 721 1 278 1 686 1 539 1
82 0 5 523 1 754 1 21 1 698 1 356 1
83 0 5 482 1 415 1 695 1 604 1 812 1
84 0 5 366 1 450 1 291 1 563 1 826 1
85 0 5 115 1 685 1 21 1 229 1 735 1
86 0 5 864 1 492 1 783 1 744 1 222 1
87 0 5 360 1 171 1 338 1 665 1 237 1
88 0 5 770 1 516 1 49 1 26 1 830 1
89 0 5 459 1 102 1 141 1 188 1 680 1
90 0 5 119 1 557 1 841 1 60 1 34 1
91 0 5 13 1 703 1 660 1 335 1 324 1
92 0 5 615 1 664 1 166 1 107 1 847 1
93 0 5 10 1 597 1 768 1 436 1 106 1
94 0 5 367 1 199 1 346 1 109 1 206 1
95 0 5 207 1 661 1 596 1 843 1 132 1
96 0 5 586 1 668 1 327 1 591 1 151 1
97 0 5 795 1 79 1 366 1 29 1 359 1
98 0 5 626 1 522 1 817 1 224 1 105 1
99 0 5 312 1 546 1 405 1 863 1 239 1
100 0 5 43 1 701 1 195 1 159 1 556 1
101 0 5 513 1 64 1 168 1 57 1 358 1
102 0 5 89 1 459 1 141 1 188 1 680 1
103 0 5 734 1 774 1 36 1 104 1 39 1
104 0 5 36 1 54 1 280 1 813 1 103 1
105 0 5 817 1 626 1 522 1 311 1 224 1
106 0 5 436 1 768 1 227 1 4 1 875 1
107 0 5 613 1 316 1 664 1 576 1 472 1
108 0 5 605 1 668 1 302 1 521 1 177 1
109 0 5 825 1 853 1 186 1 146 1 742 1
110 0 5 441 1 390 1 162 1 311 1 224 1
111 0 5 674 1 764 1 16 1 719 1 215 1
112 0 5 349 1 379 1 751 1 578 1 230 1
113 0 5 850 1 713 1 242 1 707 1 819 1
114 0 5 666 1 833 1 544 1 846 1 326 1
115 0 5 735 1 85 1 685 1 476 1 451 1
116 0 5 678 1 632 1 471 1 306 1 462 1
117 0 5 66 1 267 1 29 1 286 1 79 1
118 0 5 848 1 710 1 155 1 849 1 594 1
119 0 5 60 1 90 1 34 1 557 1 489 1
120 0 5 250 1 47 1 187 1 565 1 587 1
121 0 5 172 1 583 1 714 1 245 1 627 1
122 0 5 386 1 657 1 288 1 372 1 602 1
123 0 5 252 1 710 1 760 1 594 1 174 1
124 0 5 796 1 677 1 574 1 467 1 749 1
125 0 5 823 1 243 1 139 1 205 1 446 1
126 0 5 730 1 670 1 315 1 706 1 487 1
127 0 5 40 1 511 1 593 1 829 1 530 1
128 0 5 630 1 740 1 392 1 175 1 282 1
129 0 5 70 1 299 1 500 1 625 1 767 1
130 0 5 559 1 152 1 532 1 496 1 445 1
131 0 5 769 1 737 1 831 1 748 1 51 1
132 0 5 596 1 714 1 95 1 661 1 121 1
133 0 5 75 1 12 1 368 1 249 1 553 1
134 0 5 294 1 579 1 732 1 541 1 561 1
135 0 5 551 1 421 1 80 1 65 1 231 1
136 0 5 621 1 507 1 205 1 791 1 600 1
137 0 5 655 1 799 1 634 1 469 1 766 1
138 0 5 792 1 425 1 324 1 493 1 173 1
139 0 5 205 1 823 1 125 1 243 1 136 1
140 0 5 353 1 772 1 741 1 68 1 860 1
141 0 5 102 1 89 1 459 1 188 1 288 1
142 0 5 598 1 495 1 562 1 606 1 623 1
143 0 5 164 1 378 1 178 1 687 1 266 1
144 0 5 466 1 654 1 440 1 6 1 7 1
145 0 5 63 1 189 1 867 1 67 1 147 1
146 0 5 853 1 663 1 566 1 109 1 825 1
147 0 5 70 1 67 1 767 1 802 1 145 1
148 0 5 160 1 340 1 233 1 483 1 526 1
149 0 5 211 1 368 1 221 1 717 1 75 1
150 0 5 745 1 449 1 785 1 724 1 532 1
151 0 5 327 1 591 1 705 1 96 1 580 1
152 0 5 496 1 130 1 559 1 78 1 532 1
153 0 5 373 1 722 1 430 1 216 1 77 1
154 0 5 434 1 5 1 630 1 759 1 272 1
155 0 5 849 1 848 1 118 1 45 1 710 1
156 0 5 351 1 622 1 427 1 654 1 210 1
157 0 5 778 1 247 1 354 1 862 1 832 1
158 0 5 865 1 388 1 241 1 362 1 177 1
159 0 5 195 1 458 1 100 1 355 1 701 1
160 0 5 148 1 340 1 233 1 483 1 526 1
161 0 5 256 1 585 1 580 1 548 1 392 1
162 0 5 390 1 110 1 224 1 814 1 428 1
163 0 5 28 1 80 1 652 1 372 1 182 1
164 0 5 143 1 687 1 378 1 56 1 178 1
165 0 5 451 1 820 1 762 1 523 1 97 1
166 0 5 463 1 615 1 328 1 617 1 847 1
167 0 5 178 1 333 1 143 1 164 1 378 1
168 0 5 835 1 800 1 57 1 560 1 101 1
169 0 5 238 1 347 1 694 1 236 1 525 1
170 0 5 473 1 412 1 56 1 266 1 259 1
171 0 5 360 1 338 1 87 1 665 1 237 1
172 0 5 245 1 121 1 583 1 437 1 714 1
173 0 5 425 1 792 1 410 1 248 1 246 1
174 0 5 540 1 594 1 123 1 710 1 787 1
175 0 5 282 1 5 1 128 1 630 1 786 1
176 0 5 316 1 472 1 300 1 664 1 756 1
177 0 5 232 1 608 1 668 1 158 1 302 1
178 0 5 167 1 333 1 143 1 164 1 378 1
179 0 5 776 1 689 1 499 1 294 1 805 1
180 0 5 832 1 223 1 862 1 624 1 220 1
181 0 5 755 1 62 1 860 1 76 1 371 1
182 0 5 602 1 652 1 659 1 28 1 372 1
183 0 5 493 1 273 1 755 1 722 1 317 1
184 0 5 397 1 30 1 789 1 289 1 193 1
185 0 5 644 1 74 1 4 1 292 1 690 1
186 0 5 688 1 109 1 825 1 647 1 439 1
187 0 5 587 1 47 1 279 1 515 1 120 1
188 0 5 680 1 347 1 89 1 459 1 102 1
189 0 5 275 1 767 1 279 1 145 1 254 1
190 0 5 413 1 869 1 196 1 564 1 268 1
191 0 5 558 1 243 1 309 1 446 1 314 1
192 0 5 489 1 611 1 60 1 251 1 119 1
193 0 5 562 1 289 1 343 1 598 1 397 1
194 0 5 275 1 744 1 254 1 612 1 145 1
195 0 5 159 1 100 1 701 1 355 1 458 1
196 0 5 614 1 869 1 413 1 190 1 629 1
197 0 5 265 1 321 1 874 1 876 1 597 1
198 0 5 295 1 72 1 606 1 58 1 838 1
199 0 5 408 1 742 1 346 1 825 1 109 1
200 0 5 278 1 728 1 718 1 318 1 81 1
201 0 5 839 1 478 1 51 1 549 1 636 1
202 0 5 543 1 33 1 332 1 761 1 673 1
203 0 5 561 1 603 1 732 1 689 1 134 1
204 0 5 20 1 485 1 876 1 536 1 597 1
205 0 5 139 1 136 1 823 1 621 1 125 1
206 0 5 367 1 331 1 547 1 94 1 637 1
207 0 5 661 1 843 1 95 1 52 1 427 1
208 0 5 512 1 859 1 550 1 635 1 214 1
209 0 5 443 1 230 1 798 1 268 1 751 1
210 0 5 858 1 250 1 351 1 52 1 269 1
211 0 5 402 1 149 1 221 1 804 1 368 1
212 0 5 380 1 697 1 400 1 370 1 337 1
213 0 5 591 1 411 1 852 1 705 1 555 1
214 0 5 635 1 550 1 859 1 512 1 208 1
215 0 5 676 1 700 1 518 1 719 1 16 1
216 0 5 722 1 153 1 373 1 183 1 53 1
217 0 5 520 1 599 1 77 1 662 1 506 1
218 0 5 656 1 822 1 398 1 535 1 590 1
219 0 5 381 1 840 1 64 1 588 1 418 1
220 0 5 444 1 223 1 862 1 832 1 311 1
221 0 5 457 1 149 1 211 1 575 1 420 1
222 0 5 643 1 592 1 320 1 86 1 528 1
223 0 5 862 1 832 1 220 1 180 1 444 1
224 0 5 626 1 817 1 162 1 522 1 390 1
225 0 5 299 1 648 1 535 1 398 1 376 1
226 0 5 833 1 261 1 114 1 260 1 517 1
227 0 5 106 1 436 1 768 1 4 1 93 1
228 0 5 725 1 682 1 422 1 540 1 364 1
229 0 5 21 1 698 1 85 1 523 1 383 1
230 0 5 443 1 209 1 723 1 112 1 379 1
231 0 5 862 1 372 1 551 1 223 1 386 1
232 0 5 177 1 158 1 241 1 668 1 11 1
233 0 5 483 1 526 1 148 1 160 1 866 1
234 0 5 704 1 237 1 651 1 628 1 171 1
235 0 5 642 1 464 1 836 1 684 1 9 1
236 0 5 238 1 169 1 347 1 777 1 577 1
237 0 5 651 1 234 1 704 1 171 1 87 1
238 0 5 169 1 694 1 236 1 347 1 542 1
239 0 5 413 1 55 1 546 1 312 1 190 1
240 0 5 377 1 781 1 655 1 383 1 634 1
241 0 5 158 1 232 1 865 1 851 1 388 1
242 0 5 850 1 417 1 713 1 707 1 819 1
243 0 5 558 1 125 1 191 1 446 1 139 1
244 0 5 699 1 600 1 503 1 361 1 446 1
245 0 5 172 1 583 1 121 1 437 1 714 1
246 0 5 430 1 447 1 410 1 248 1 693 1
247 0 5 650 1 778 1 283 1 344 1 311 1
248 0 5 447 1 410 1 246 1 425 1 173 1
249 0 5 24 1 3 1 343 1 12 1 35 1
250 0 5 73 1 858 1 120 1 210 1 47 1
251 0 5 489 1 669 1 192 1 119 1 341 1
252 0 5 123 1 710 1 760 1 594 1 174 1
253 0 5 537 1 616 1 362 1 27 1 393 1
254 0 5 275 1 194 1 515 1 189 1 612 1
255 0 5 285 1 776 1 281 1 789 1 414 1
256 0 5 161 1 580 1 325 1 555 1 548 1
257 0 5 740 1 614 1 382 1 835 1 57 1
258 0 5 715 1 717 1 509 1 771 1 479 1
259 0 5 696 1 804 1 266 1 402 1 420 1
260 0 5 391 1 226 1 833 1 517 1 261 1
261 0 5 833 1 226 1 517 1 391 1 114 1
262 0 5 510 1 61 1 497 1 609 1 712 1
263 0 5 284 1 530 1 723 1 829 1 127 1
264 0 5 531 1 765 1 784 1 868 1 424 1
265 0 5 197 1 874 1 321 1 431 1 491 1
266 0 5 696 1 408 1 473 1 259 1 170 1
267 0 5 66 1 15 1 812 1 117 1 797 1
268 0 5 564 1 798 1 471 1 190 1 209 1
269 0 5 296 1 32 1 484 1 210 1 395 1
270 0 5 589 1 739 1 870 1 152 1 794 1
271 0 5 384 1 750 1 480 1 566 1 439 1
272 0 5 370 1 337 1 548 1 465 1 5 1
273 0 5 183 1 493 1 317 1 755 1 371 1
274 0 5 364 1 428 1 682 1 538 1 814 1
275 0 5 189 1 194 1 254 1 612 1 767 1
276 0 5 61 1 105 1 339 1 817 1 444 1
277 0 5 564 1 692 1 462 1 869 1 471 1
278 0 5 200 1 728 1 718 1 81 1 318 1
279 0 5 612 1 189 1 187 1 587 1 47 1
280 0 5 36 1 104 1 54 1 103 1 734 1
281 0 5 18 1 499 1 776 1 255 1 736 1
282 0 5 175 1 5 1 128 1 630 1 786 1
283 0 5 650 1 247 1 311 1 778 1 624 1
284 0 5 263 1 530 1 829 1 332 1 40 1
285 0 5 255 1 414 1 553 1 776 1 3 1
286 0 5 502 1 415 1 66 1 812 1 267 1
287 0 5 617 1 847 1 753 1 301 1 799 1
288 0 5 122 1 459 1 386 1 141 1 89 1
289 0 5 343 1 193 1 3 1 184 1 249 1
290 0 5 527 1 759 1 434 1 37 1 337 1
291 0 5 84 1 71 1 366 1 48 1 319 1
292 0 5 826 1 644 1 366 1 690 1 4 1
293 0 5 572 1 601 1 797 1 357 1 810 1
294 0 5 579 1 134 1 69 1 561 1 499 1
295 0 5 198 1 606 1 72 1 58 1 495 1
296 0 5 269 1 395 1 484 1 716 1 32 1
297 0 5 399 1 519 1 782 1 625 1 794 1
298 0 5 795 1 97 1 690 1 875 1 454 1
299 0 5 225 1 70 1 129 1 567 1 648 1
300 0 5 756 1 176 1 720 1 318 1 316 1
301 0 5 799 1 469 1 634 1 655 1 287 1
302 0 5 605 1 177 1 23 1 608 1 521 1
303 0 5 476 1 539 1 836 1 581 1 721 1
304 0 5 333 1 793 1 167 1 178 1 191 1
305 0 5 315 1 824 1 775 1 487 1 730 1
306 0 5 411 1 855 1 396 1 116 1 852 1
307 0 5 607 1 716 1 222 1 395 1 528 1
308 0 5 662 1 426 1 691 1 322 1 582 1
309 0 5 314 1 793 1 191 1 446 1 334 1
310 0 5 796 1 677 1 749 1 467 1 124 1
311 0 5 283 1 650 1 626 1 441 1 110 1
312 0 5 99 1 546 1 405 1 863 1 239 1
313 0 5 442 1 23 1 571 1 821 1 729 1
314 0 5 309 1 793 1 334 1 446 1 191 1
315 0 5 730 1 126 1 670 1 305 1 487 1
316 0 5 176 1 576 1 613 1 686 1 107 1
317 0 5 371 1 273 1 183 1 76 1 68 1
318 0 5 686 1 756 1 720 1 278 1 300 1
319 0 5 71 1 431 1 644 1 491 1 366 1
320 0 5 404 1 222 1 638 1 783 1 494 1
321 0 5 597 1 876 1 10 1 265 1 197 1
322 0 5 308 1 426 1 662 1 582 1 691 1
323 0 5 741 1 438 1 371 1 68 1 773 1
324 0 5 660 1 13 1 472 1 664 1 91 1
325 0 5 548 1 256 1 580 1 591 1 465 1
326 0 5 25 1 659 1 341 1 114 1 602 1
327 0 5 151 1 96 1 705 1 591 1 213 1
328 0 5 617 1 166 1 847 1 753 1 615 1
329 0 5 498 1 708 1 646 1 77 1 693 1
330 0 5 515 1 744 1 194 1 279 1 783 1
331 0 5 620 1 547 1 206 1 542 1 694 1
332 0 5 673 1 33 1 202 1 543 1 40 1
333 0 5 793 1 178 1 167 1 304 1 164 1
334 0 5 618 1 314 1 345 1 446 1 309 1
335 0 5 703 1 720 1 91 1 756 1 13 1
336 0 5 391 1 554 1 130 1 496 1 260 1
337 0 5 759 1 697 1 434 1 272 1 290 1
338 0 5 360 1 665 1 171 1 87 1 595 1
339 0 5 61 1 817 1 712 1 626 1 224 1
340 0 5 844 1 148 1 160 1 736 1 842 1
341 0 5 326 1 489 1 669 1 192 1 119 1
342 0 5 510 1 676 1 39 1 394 1 497 1
343 0 5 35 1 289 1 249 1 193 1 453 1
344 0 5 873 1 422 1 733 1 441 1 71 1
345 0 5 746 1 623 1 618 1 334 1 58 1
346 0 5 408 1 199 1 266 1 742 1 94 1
347 0 5 169 1 238 1 188 1 694 1 525 1
348 0 5 417 1 850 1 658 1 757 1 225 1
349 0 5 379 1 112 1 578 1 723 1 511 1
350 0 5 46 1 411 1 396 1 306 1 213 1
351 0 5 210 1 156 1 352 1 654 1 7 1
352 0 5 250 1 351 1 73 1 210 1 702 1
353 0 5 140 1 68 1 741 1 371 1 323 1
354 0 5 683 1 796 1 778 1 157 1 551 1
355 0 5 69 1 679 1 570 1 195 1 435 1
356 0 5 383 1 698 1 778 1 523 1 754 1
357 0 5 810 1 572 1 477 1 293 1 797 1
358 0 5 630 1 434 1 57 1 154 1 128 1
359 0 5 837 1 97 1 795 1 298 1 165 1
360 0 5 338 1 171 1 665 1 87 1 595 1
361 0 5 699 1 503 1 600 1 244 1 598 1
362 0 5 616 1 253 1 158 1 177 1 232 1
363 0 5 260 1 8 1 226 1 602 1 833 1
364 0 5 274 1 682 1 538 1 428 1 228 1
365 0 5 461 1 593 1 560 1 511 1 543 1
366 0 5 826 1 644 1 292 1 97 1 690 1
367 0 5 206 1 94 1 186 1 109 1 825 1
368 0 5 149 1 771 1 211 1 479 1 75 1
369 0 5 192 1 489 1 251 1 669 1 341 1
370 0 5 272 1 548 1 465 1 337 1 697 1
371 0 5 68 1 317 1 741 1 183 1 273 1
372 0 5 433 1 182 1 122 1 602 1 28 1
373 0 5 153 1 217 1 216 1 711 1 722 1
374 0 5 554 1 391 1 672 1 78 1 445 1
375 0 5 649 1 19 1 460 1 851 1 407 1
376 0 5 752 1 67 1 590 1 70 1 584 1
377 0 5 634 1 655 1 677 1 799 1 796 1
378 0 5 56 1 143 1 164 1 473 1 687 1
379 0 5 349 1 112 1 723 1 230 1 578 1
380 0 5 764 1 400 1 212 1 697 1 16 1
381 0 5 840 1 588 1 219 1 64 1 126 1
382 0 5 740 1 257 1 423 1 128 1 432 1
383 0 5 356 1 698 1 781 1 377 1 240 1
384 0 5 271 1 566 1 750 1 439 1 458 1
385 0 5 167 1 143 1 178 1 473 1 378 1
386 0 5 122 1 657 1 372 1 288 1 231 1
387 0 5 633 1 671 1 582 1 52 1 308 1
388 0 5 806 1 865 1 737 1 158 1 241 1
389 0 5 38 1 601 1 477 1 718 1 539 1
390 0 5 162 1 110 1 224 1 814 1 441 1
391 0 5 517 1 707 1 745 1 260 1 554 1
392 0 5 423 1 629 1 128 1 585 1 740 1
393 0 5 27 1 537 1 821 1 253 1 313 1
394 0 5 342 1 22 1 512 1 510 1 497 1
395 0 5 716 1 731 1 296 1 468 1 320 1
396 0 5 306 1 116 1 411 1 632 1 678 1
397 0 5 184 1 30 1 193 1 289 1 406 1
398 0 5 656 1 590 1 584 1 466 1 811 1
399 0 5 782 1 297 1 785 1 150 1 532 1
400 0 5 380 1 764 1 212 1 548 1 325 1
401 0 5 637 1 547 1 455 1 33 1 640 1
402 0 5 804 1 717 1 211 1 715 1 259 1
403 0 5 733 1 540 1 422 1 675 1 174 1
404 0 5 494 1 320 1 808 1 409 1 643 1
405 0 5 863 1 312 1 55 1 99 1 546 1
406 0 5 524 1 508 1 598 1 193 1 397 1
407 0 5 460 1 586 1 851 1 96 1 350 1
408 0 5 346 1 266 1 199 1 742 1 696 1
409 0 5 17 1 808 1 470 1 404 1 494 1
410 0 5 248 1 447 1 246 1 425 1 173 1
411 0 5 306 1 852 1 855 1 213 1 591 1
412 0 5 170 1 715 1 717 1 402 1 58 1
413 0 5 239 1 190 1 55 1 196 1 614 1
414 0 5 3 1 24 1 553 1 285 1 249 1
415 0 5 812 1 83 1 286 1 502 1 651 1
416 0 5 854 1 494 1 592 1 409 1 643 1
417 0 5 348 1 850 1 745 1 242 1 713 1
418 0 5 455 1 588 1 840 1 543 1 33 1
419 0 5 505 1 790 1 440 1 811 1 752 1
420 0 5 457 1 221 1 259 1 804 1 696 1
421 0 5 65 1 871 1 796 1 551 1 652 1
422 0 5 675 1 733 1 344 1 403 1 873 1
423 0 5 740 1 392 1 629 1 432 1 614 1
424 0 5 784 1 492 1 643 1 494 1 631 1
425 0 5 173 1 792 1 410 1 248 1 447 1
426 0 5 662 1 308 1 691 1 322 1 77 1
427 0 5 622 1 448 1 658 1 661 1 156 1
428 0 5 162 1 814 1 274 1 224 1 538 1
429 0 5 842 1 526 1 533 1 866 1 844 1
430 0 5 246 1 693 1 447 1 410 1 248 1
431 0 5 491 1 319 1 265 1 71 1 733 1
432 0 5 423 1 740 1 382 1 614 1 392 1
433 0 5 372 1 602 1 182 1 657 1 122 1
434 0 5 759 1 154 1 290 1 630 1 5 1
435 0 5 570 1 49 1 355 1 845 1 458 1
436 0 5 768 1 106 1 227 1 4 1 93 1
437 0 5 583 1 172 1 726 1 245 1 121 1
438 0 5 323 1 773 1 371 1 809 1 68 1
439 0 5 647 1 384 1 566 1 688 1 271 1
440 0 5 466 1 6 1 811 1 505 1 654 1
441 0 5 110 1 311 1 162 1 650 1 390 1
442 0 5 23 1 313 1 521 1 571 1 177 1
443 0 5 209 1 230 1 798 1 751 1 112 1
444 0 5 220 1 223 1 862 1 832 1 386 1
445 0 5 391 1 514 1 8 1 130 1 260 1
446 0 5 558 1 191 1 309 1 243 1 314 1
447 0 5 248 1 410 1 246 1 425 1 430 1
448 0 5 622 1 31 1 658 1 427 1 656 1
449 0 5 745 1 417 1 567 1 348 1 713 1
450 0 5 563 1 84 1 366 1 291 1 754 1
451 0 5 165 1 820 1 762 1 523 1 685 1
452 0 5 815 1 854 1 42 1 416 1 470 1
453 0 5 35 1 479 1 12 1 771 1 343 1
454 0 5 875 1 29 1 79 1 690 1 66 1
455 0 5 418 1 401 1 568 1 706 1 588 1
456 0 5 467 1 749 1 677 1 796 1 634 1
457 0 5 420 1 221 1 804 1 603 1 149 1
458 0 5 159 1 830 1 566 1 26 1 195 1
459 0 5 89 1 102 1 188 1 141 1 288 1
460 0 5 407 1 375 1 851 1 649 1 586 1
461 0 5 863 1 560 1 365 1 405 1 312 1
462 0 5 692 1 471 1 277 1 116 1 306 1
463 0 5 166 1 576 1 615 1 85 1 328 1
464 0 5 235 1 836 1 642 1 9 1 684 1
465 0 5 548 1 786 1 272 1 5 1 585 1
466 0 5 440 1 654 1 6 1 811 1 144 1
467 0 5 749 1 456 1 796 1 574 1 677 1
468 0 5 731 1 716 1 395 1 250 1 816 1
469 0 5 799 1 301 1 634 1 655 1 137 1
470 0 5 17 1 42 1 409 1 815 1 854 1
471 0 5 462 1 678 1 692 1 116 1 268 1
472 0 5 664 1 176 1 660 1 324 1 107 1
473 0 5 170 1 266 1 378 1 56 1 408 1
474 0 5 822 1 535 1 299 1 225 1 70 1
475 0 5 37 1 527 1 290 1 670 1 818 1
476 0 5 303 1 581 1 836 1 735 1 539 1
477 0 5 810 1 38 1 357 1 601 1 389 1
478 0 5 636 1 201 1 839 1 604 1 51 1
479 0 5 771 1 509 1 453 1 368 1 258 1
480 0 5 750 1 516 1 770 1 830 1 88 1
481 0 5 773 1 809 1 611 1 192 1 323 1
482 0 5 83 1 604 1 415 1 651 1 695 1
483 0 5 233 1 789 1 18 1 160 1 148 1
484 0 5 32 1 52 1 269 1 633 1 296 1
485 0 5 204 1 20 1 876 1 874 1 849 1
486 0 5 871 1 65 1 841 1 421 1 90 1
487 0 5 730 1 568 1 775 1 315 1 706 1
488 0 5 791 1 866 1 507 1 526 1 233 1
489 0 5 192 1 251 1 60 1 119 1 341 1
490 0 5 790 1 47 1 702 1 612 1 505 1
491 0 5 431 1 265 1 319 1 197 1 733 1
492 0 5 864 1 631 1 744 1 868 1 86 1
493 0 5 183 1 755 1 273 1 53 1 317 1
494 0 5 404 1 808 1 643 1 416 1 409 1
495 0 5 606 1 142 1 295 1 562 1 14 1
496 0 5 554 1 152 1 130 1 445 1 336 1
497 0 5 510 1 342 1 394 1 262 1 609 1
498 0 5 329 1 708 1 646 1 77 1 693 1
499 0 5 179 1 69 1 281 1 776 1 294 1
500 0 5 625 1 129 1 785 1 567 1 757 1
501 0 5 667 1 619 1 605 1 23 1 302 1
502 0 5 286 1 415 1 436 1 768 1 93 1
503 0 5 600 1 361 1 244 1 699 1 621 1
504 0 5 304 1 264 1 333 1 167 1 178 1
505 0 5 6 1 419 1 811 1 466 1 440 1
506 0 5 599 1 520 1 726 1 763 1 217 1
507 0 5 791 1 136 1 488 1 621 1 823 1
508 0 5 524 1 406 1 598 1 621 1 397 1
509 0 5 771 1 479 1 258 1 14 1 715 1
510 0 5 497 1 342 1 262 1 39 1 61 1
511 0 5 593 1 127 1 578 1 349 1 40 1
512 0 5 208 1 550 1 635 1 214 1 859 1
513 0 5 101 1 64 1 168 1 57 1 358 1
514 0 5 532 1 559 1 782 1 152 1 724 1
515 0 5 330 1 587 1 816 1 254 1 187 1
516 0 5 770 1 480 1 88 1 830 1 49 1
517 0 5 391 1 833 1 707 1 846 1 261 1
518 0 5 676 1 215 1 700 1 342 1 719 1
519 0 5 297 1 500 1 150 1 785 1 63 1
520 0 5 217 1 599 1 662 1 506 1 77 1
521 0 5 23 1 442 1 302 1 571 1 313 1
522 0 5 626 1 817 1 105 1 98 1 224 1
523 0 5 754 1 21 1 685 1 698 1 451 1
524 0 5 406 1 508 1 598 1 621 1 600 1
525 0 5 347 1 208 1 512 1 859 1 169 1
526 0 5 866 1 233 1 429 1 148 1 160 1
527 0 5 290 1 759 1 37 1 475 1 337 1
528 0 5 783 1 731 1 320 1 716 1 222 1
529 0 5 11 1 668 1 608 1 232 1 108 1
530 0 5 829 1 284 1 263 1 40 1 127 1
531 0 5 744 1 765 1 868 1 424 1 492 1
532 0 5 724 1 559 1 745 1 449 1 130 1
533 0 5 842 1 845 1 844 1 736 1 429 1
534 0 5 52 1 681 1 633 1 484 1 41 1
535 0 5 31 1 474 1 225 1 648 1 653 1
536 0 5 743 1 20 1 204 1 155 1 849 1
537 0 5 27 1 253 1 393 1 803 1 45 1
538 0 5 39 1 364 1 609 1 428 1 274 1
539 0 5 721 1 303 1 81 1 476 1 836 1
540 0 5 174 1 403 1 733 1 787 1 594 1
541 0 5 732 1 872 1 43 1 645 1 556 1
542 0 5 694 1 620 1 640 1 331 1 238 1
543 0 5 202 1 673 1 332 1 33 1 40 1
544 0 5 846 1 114 1 788 1 666 1 828 1
545 0 5 752 1 767 1 376 1 490 1 147 1
546 0 5 312 1 239 1 99 1 413 1 55 1
547 0 5 637 1 401 1 331 1 542 1 640 1
548 0 5 325 1 465 1 370 1 272 1 580 1
549 0 5 201 1 51 1 839 1 234 1 727 1
550 0 5 214 1 635 1 512 1 208 1 859 1
551 0 5 135 1 421 1 862 1 65 1 231 1
552 0 5 782 1 78 1 559 1 672 1 297 1
553 0 5 24 1 414 1 3 1 805 1 285 1
554 0 5 391 1 260 1 496 1 745 1 724 1
555 0 5 580 1 591 1 213 1 585 1 548 1
556 0 5 701 1 663 1 541 1 827 1 872 1
557 0 5 871 1 90 1 841 1 119 1 34 1
558 0 5 191 1 243 1 446 1 309 1 314 1
559 0 5 532 1 782 1 130 1 672 1 552 1
560 0 5 461 1 863 1 365 1 64 1 405 1
561 0 5 203 1 603 1 134 1 689 1 294 1
562 0 5 193 1 598 1 142 1 14 1 495 1
563 0 5 450 1 84 1 366 1 291 1 754 1
564 0 5 268 1 277 1 869 1 190 1 196 1
565 0 5 780 1 120 1 250 1 73 1 702 1
566 0 5 663 1 384 1 146 1 458 1 159 1
567 0 5 757 1 625 1 648 1 500 1 299 1
568 0 5 487 1 455 1 775 1 706 1 305 1
569 0 5 754 1 523 1 685 1 451 1 359 1
570 0 5 435 1 49 1 355 1 845 1 26 1
571 0 5 313 1 23 1 729 1 442 1 801 1
572 0 5 293 1 797 1 357 1 601 1 810 1
573 0 5 779 1 14 1 838 1 715 1 717 1
574 0 5 467 1 749 1 124 1 456 1 677 1
575 0 5 603 1 689 1 805 1 221 1 561 1
576 0 5 316 1 613 1 107 1 686 1 166 1
577 0 5 672 1 777 1 78 1 552 1 559 1
578 0 5 751 1 349 1 511 1 593 1 112 1
579 0 5 294 1 134 1 69 1 541 1 732 1
580 0 5 555 1 591 1 256 1 213 1 548 1
581 0 5 476 1 303 1 735 1 576 1 539 1
582 0 5 41 1 627 1 308 1 662 1 691 1
583 0 5 172 1 121 1 245 1 437 1 627 1
584 0 5 752 1 802 1 811 1 398 1 376 1
585 0 5 629 1 392 1 423 1 855 1 465 1
586 0 5 668 1 96 1 407 1 851 1 460 1
587 0 5 816 1 515 1 187 1 279 1 47 1
588 0 5 840 1 381 1 418 1 706 1 730 1
589 0 5 167 1 178 1 270 1 143 1 739 1
590 0 5 398 1 376 1 656 1 466 1 654 1
591 0 5 213 1 555 1 580 1 852 1 411 1
592 0 5 631 1 643 1 222 1 404 1 864 1
593 0 5 511 1 127 1 578 1 365 1 349 1
594 0 5 710 1 174 1 760 1 849 1 252 1
595 0 5 628 1 727 1 748 1 338 1 234 1
596 0 5 850 1 348 1 95 1 713 1 132 1
597 0 5 876 1 321 1 10 1 93 1 204 1
598 0 5 142 1 406 1 562 1 193 1 524 1
599 0 5 506 1 520 1 217 1 726 1 763 1
600 0 5 503 1 244 1 361 1 621 1 699 1
601 0 5 810 1 293 1 572 1 836 1 357 1
602 0 5 182 1 659 1 433 1 652 1 326 1
603 0 5 575 1 561 1 689 1 203 1 221 1
604 0 5 482 1 83 1 478 1 636 1 201 1
605 0 5 302 1 108 1 177 1 501 1 619 1
606 0 5 495 1 295 1 838 1 14 1 198 1
607 0 5 638 1 671 1 307 1 50 1 320 1
608 0 5 177 1 302 1 616 1 362 1 529 1
609 0 5 538 1 262 1 39 1 497 1 274 1
610 0 5 872 1 827 1 645 1 742 1 408 1
611 0 5 741 1 192 1 481 1 489 1 773 1
612 0 5 279 1 194 1 275 1 254 1 490 1
613 0 5 107 1 316 1 576 1 664 1 176 1
614 0 5 196 1 257 1 423 1 740 1 413 1
615 0 5 92 1 166 1 847 1 664 1 753 1
616 0 5 362 1 253 1 803 1 608 1 537 1
617 0 5 847 1 287 1 753 1 799 1 328 1
618 0 5 334 1 623 1 345 1 746 1 446 1
619 0 5 54 1 501 1 813 1 667 1 36 1
620 0 5 331 1 542 1 547 1 694 1 238 1
621 0 5 136 1 600 1 503 1 508 1 524 1
622 0 5 427 1 448 1 31 1 656 1 156 1
623 0 5 746 1 345 1 618 1 142 1 495 1
624 0 5 832 1 283 1 223 1 650 1 862 1
625 0 5 500 1 567 1 129 1 785 1 297 1
626 0 5 817 1 522 1 98 1 224 1 105 1
627 0 5 714 1 41 1 121 1 582 1 583 1
628 0 5 595 1 727 1 234 1 704 1 748 1
629 0 5 585 1 423 1 392 1 196 1 855 1
630 0 5 5 1 358 1 128 1 434 1 740 1
631 0 5 864 1 492 1 592 1 783 1 643 1
632 0 5 678 1 116 1 396 1 471 1 306 1
633 0 5 387 1 52 1 484 1 671 1 582 1
634 0 5 799 1 469 1 301 1 655 1 377 1
635 0 5 214 1 550 1 859 1 512 1 208 1
636 0 5 478 1 604 1 743 1 201 1 839 1
637 0 5 547 1 401 1 640 1 542 1 635 1
638 0 5 834 1 50 1 671 1 607 1 320 1
639 0 5 713 1 567 1 417 1 449 1 348 1
640 0 5 859 1 635 1 214 1 694 1 637 1
641 0 5 757 1 785 1 567 1 535 1 745 1
642 0 5 235 1 684 1 464 1 293 1 9 1
643 0 5 592 1 222 1 631 1 494 1 424 1
644 0 5 292 1 826 1 690 1 4 1 366 1
645 0 5 732 1 610 1 541 1 872 1 420 1
646 0 5 329 1 498 1 708 1 77 1 693 1
647 0 5 439 1 688 1 186 1 825 1 109 1
648 0 5 225 1 757 1 567 1 129 1 535 1
649 0 5 375 1 19 1 460 1 851 1 407 1
650 0 5 283 1 247 1 778 1 311 1 832 1
651 0 5 237 1 812 1 234 1 704 1 415 1
652 0 5 28 1 182 1 659 1 421 1 602 1
653 0 5 535 1 448 1 822 1 622 1 427 1
654 0 5 466 1 7 1 144 1 440 1 656 1
655 0 5 137 1 799 1 634 1 469 1 301 1
656 0 5 398 1 31 1 218 1 654 1 466 1
657 0 5 122 1 386 1 372 1 433 1 602 1
658 0 5 448 1 427 1 622 1 850 1 348 1
659 0 5 326 1 652 1 182 1 25 1 602 1
660 0 5 13 1 324 1 472 1 91 1 664 1
661 0 5 207 1 427 1 843 1 95 1 622 1
662 0 5 426 1 308 1 691 1 520 1 582 1
663 0 5 146 1 566 1 556 1 853 1 827 1
664 0 5 472 1 176 1 660 1 107 1 324 1
665 0 5 360 1 338 1 171 1 87 1 595 1
666 0 5 114 1 846 1 544 1 833 1 517 1
667 0 5 861 1 501 1 619 1 59 1 729 1
668 0 5 586 1 96 1 177 1 11 1 232 1
669 0 5 251 1 341 1 489 1 369 1 192 1
670 0 5 126 1 730 1 315 1 475 1 818 1
671 0 5 638 1 50 1 607 1 387 1 633 1
672 0 5 577 1 78 1 559 1 552 1 130 1
673 0 5 40 1 332 1 543 1 127 1 530 1
674 0 5 719 1 16 1 111 1 37 1 215 1
675 0 5 422 1 733 1 403 1 344 1 873 1
676 0 5 518 1 700 1 215 1 342 1 39 1
677 0 5 796 1 124 1 310 1 749 1 467 1
678 0 5 116 1 632 1 471 1 306 1 462 1
679 0 5 845 1 355 1 736 1 69 1 499 1
680 0 5 188 1 89 1 459 1 102 1 141 1
681 0 5 52 1 534 1 843 1 156 1 207 1
682 0 5 228 1 725 1 364 1 274 1 162 1
683 0 5 796 1 677 1 124 1 574 1 310 1
684 0 5 9 1 642 1 464 1 235 1 820 1
685 0 5 523 1 85 1 21 1 451 1 754 1
686 0 5 318 1 81 1 316 1 721 1 576 1
687 0 5 164 1 56 1 58 1 746 1 378 1
688 0 5 186 1 647 1 109 1 439 1 825 1
689 0 5 179 1 603 1 805 1 575 1 561 1
690 0 5 644 1 875 1 292 1 454 1 4 1
691 0 5 50 1 834 1 308 1 662 1 426 1
692 0 5 462 1 471 1 277 1 564 1 268 1
693 0 5 77 1 711 1 430 1 498 1 246 1
694 0 5 238 1 169 1 542 1 347 1 640 1
695 0 5 83 1 415 1 604 1 482 1 93 1
696 0 5 259 1 266 1 804 1 420 1 408 1
697 0 5 337 1 16 1 272 1 759 1 370 1
698 0 5 383 1 229 1 21 1 356 1 523 1
699 0 5 244 1 361 1 503 1 600 1 446 1
700 0 5 676 1 215 1 518 1 824 1 719 1
701 0 5 556 1 100 1 195 1 43 1 159 1
702 0 5 47 1 490 1 250 1 73 1 565 1
703 0 5 335 1 720 1 91 1 756 1 13 1
704 0 5 234 1 237 1 651 1 171 1 628 1
705 0 5 213 1 591 1 327 1 151 1 852 1
706 0 5 730 1 126 1 588 1 487 1 315 1
707 0 5 819 1 517 1 850 1 242 1 391 1
708 0 5 329 1 498 1 646 1 42 1 410 1
709 0 5 79 1 29 1 97 1 837 1 820 1
710 0 5 594 1 118 1 760 1 252 1 849 1
711 0 5 77 1 693 1 430 1 426 1 217 1
712 0 5 61 1 188 1 680 1 339 1 510 1
713 0 5 417 1 850 1 242 1 639 1 113 1
714 0 5 627 1 41 1 121 1 828 1 583 1
715 0 5 717 1 258 1 402 1 412 1 509 1
716 0 5 395 1 731 1 468 1 528 1 307 1
717 0 5 715 1 402 1 258 1 412 1 149 1
718 0 5 81 1 278 1 728 1 38 1 200 1
719 0 5 16 1 674 1 37 1 215 1 527 1
720 0 5 756 1 335 1 703 1 300 1 318 1
721 0 5 539 1 81 1 686 1 303 1 718 1
722 0 5 183 1 216 1 153 1 371 1 493 1
723 0 5 230 1 263 1 379 1 349 1 112 1
724 0 5 532 1 745 1 449 1 559 1 150 1
725 0 5 228 1 682 1 422 1 390 1 110 1
726 0 5 437 1 599 1 506 1 763 1 489 1
727 0 5 748 1 769 1 595 1 628 1 51 1
728 0 5 278 1 200 1 718 1 38 1 81 1
729 0 5 59 1 801 1 571 1 313 1 23 1
730 0 5 126 1 670 1 315 1 487 1 706 1
731 0 5 468 1 716 1 395 1 250 1 816 1
732 0 5 645 1 541 1 872 1 134 1 203 1
733 0 5 403 1 540 1 874 1 431 1 265 1
734 0 5 103 1 764 1 774 1 36 1 280 1
735 0 5 115 1 476 1 85 1 9 1 820 1
736 0 5 844 1 679 1 340 1 845 1 18 1
737 0 5 131 1 806 1 388 1 831 1 158 1
738 0 5 114 1 326 1 25 1 833 1 602 1
739 0 5 870 1 270 1 589 1 577 1 672 1
740 0 5 382 1 423 1 257 1 128 1 614 1
741 0 5 323 1 371 1 68 1 611 1 353 1
742 0 5 825 1 199 1 610 1 408 1 109 1
743 0 5 536 1 636 1 20 1 45 1 204 1
744 0 5 531 1 864 1 492 1 194 1 86 1
745 0 5 449 1 417 1 713 1 391 1 150 1
746 0 5 345 1 623 1 687 1 618 1 58 1
747 0 5 287 1 617 1 753 1 847 1 799 1
748 0 5 727 1 769 1 131 1 595 1 628 1
749 0 5 467 1 796 1 677 1 456 1 310 1
750 0 5 271 1 480 1 384 1 830 1 458 1
751 0 5 578 1 112 1 349 1 798 1 443 1
752 0 5 584 1 376 1 802 1 545 1 67 1
753 0 5 847 1 617 1 287 1 328 1 772 1
754 0 5 523 1 21 1 685 1 451 1 569 1
755 0 5 493 1 183 1 53 1 181 1 273 1
756 0 5 720 1 300 1 318 1 335 1 176 1
757 0 5 567 1 648 1 500 1 641 1 417 1
758 0 5 772 1 34 1 857 1 60 1 557 1
759 0 5 290 1 337 1 434 1 527 1 272 1
760 0 5 710 1 594 1 252 1 123 1 174 1
761 0 5 33 1 202 1 332 1 543 1 673 1
762 0 5 820 1 451 1 165 1 9 1 735 1
763 0 5 726 1 506 1 599 1 809 1 438 1
764 0 5 380 1 734 1 400 1 111 1 103 1
765 0 5 531 1 784 1 492 1 744 1 330 1
766 0 5 655 1 799 1 137 1 469 1 301 1
767 0 5 67 1 147 1 189 1 70 1 545 1
768 0 5 436 1 106 1 227 1 93 1 4 1
769 0 5 131 1 748 1 727 1 806 1 737 1
770 0 5 516 1 88 1 480 1 830 1 26 1
771 0 5 509 1 479 1 368 1 258 1 453 1
772 0 5 857 1 758 1 287 1 34 1 60 1
773 0 5 809 1 481 1 438 1 323 1 611 1
774 0 5 103 1 734 1 280 1 104 1 36 1
775 0 5 824 1 305 1 487 1 700 1 315 1
776 0 5 179 1 499 1 255 1 805 1 281 1
777 0 5 577 1 672 1 236 1 559 1 374 1
778 0 5 247 1 157 1 650 1 283 1 356 1
779 0 5 573 1 838 1 14 1 72 1 715 1
780 0 5 565 1 702 1 73 1 120 1 47 1
781 0 5 383 1 240 1 377 1 356 1 677 1
782 0 5 399 1 297 1 500 1 559 1 552 1
783 0 5 816 1 528 1 631 1 864 1 86 1
784 0 5 424 1 868 1 494 1 592 1 643 1
785 0 5 500 1 641 1 625 1 150 1 474 1
786 0 5 5 1 465 1 282 1 175 1 272 1
787 0 5 540 1 174 1 403 1 760 1 874 1
788 0 5 828 1 846 1 544 1 113 1 114 1
789 0 5 30 1 184 1 483 1 285 1 255 1
790 0 5 490 1 702 1 419 1 47 1 254 1
791 0 5 507 1 488 1 823 1 136 1 866 1
792 0 5 425 1 173 1 138 1 410 1 153 1
793 0 5 333 1 314 1 309 1 191 1 446 1
794 0 5 785 1 63 1 870 1 297 1 867 1
795 0 5 97 1 298 1 366 1 79 1 29 1
796 0 5 677 1 310 1 124 1 749 1 467 1
797 0 5 572 1 293 1 357 1 810 1 477 1
798 0 5 268 1 209 1 443 1 190 1 546 1
799 0 5 469 1 301 1 634 1 655 1 137 1
800 0 5 835 1 55 1 168 1 405 1 413 1
801 0 5 729 1 59 1 313 1 821 1 571 1
802 0 5 584 1 752 1 419 1 147 1 767 1
803 0 5 807 1 537 1 831 1 253 1 616 1
804 0 5 402 1 259 1 211 1 696 1 717 1
805 0 5 689 1 575 1 776 1 179 1 553 1
806 0 5 388 1 865 1 737 1 769 1 158 1
807 0 5 803 1 831 1 45 1 537 1 636 1
808 0 5 404 1 409 1 494 1 17 1 470 1
809 0 5 773 1 481 1 763 1 438 1 726 1
810 0 5 357 1 477 1 601 1 572 1 38 1
811 0 5 584 1 466 1 440 1 505 1 419 1
812 0 5 415 1 15 1 651 1 66 1 267 1
813 0 5 54 1 104 1 619 1 36 1 39 1
814 0 5 162 1 390 1 428 1 274 1 224 1
815 0 5 452 1 854 1 42 1 470 1 416 1
816 0 5 587 1 783 1 515 1 731 1 468 1
817 0 5 626 1 522 1 105 1 224 1 98 1
818 0 5 475 1 670 1 126 1 358 1 730 1
819 0 5 707 1 850 1 242 1 517 1 113 1
820 0 5 762 1 451 1 165 1 9 1 684 1
821 0 5 393 1 313 1 27 1 801 1 729 1
822 0 5 474 1 218 1 656 1 31 1 653 1
823 0 5 125 1 139 1 205 1 791 1 507 1
824 0 5 775 1 700 1 305 1 37 1 475 1
825 0 5 109 1 853 1 742 1 186 1 199 1
826 0 5 292 1 366 1 644 1 690 1 4 1
827 0 5 872 1 610 1 541 1 556 1 732 1
828 0 5 788 1 121 1 714 1 846 1 544 1
829 0 5 530 1 40 1 127 1 263 1 284 1
830 0 5 458 1 26 1 88 1 480 1 770 1
831 0 5 737 1 131 1 803 1 807 1 616 1
832 0 5 862 1 223 1 180 1 624 1 283 1
833 0 5 226 1 261 1 114 1 517 1 846 1
834 0 5 638 1 50 1 691 1 671 1 17 1
835 0 5 800 1 57 1 168 1 257 1 55 1
836 0 5 303 1 601 1 464 1 476 1 235 1
837 0 5 359 1 97 1 795 1 298 1 709 1
838 0 5 14 1 779 1 72 1 606 1 573 1
839 0 5 201 1 51 1 478 1 549 1 636 1
840 0 5 588 1 381 1 219 1 418 1 730 1
841 0 5 871 1 557 1 90 1 119 1 65 1
842 0 5 429 1 533 1 844 1 340 1 736 1
843 0 5 207 1 661 1 52 1 95 1 427 1
844 0 5 340 1 736 1 533 1 842 1 845 1
845 0 5 679 1 533 1 736 1 355 1 435 1
846 0 5 788 1 544 1 114 1 666 1 517 1
847 0 5 753 1 617 1 287 1 615 1 860 1
848 0 5 118 1 155 1 45 1 710 1 849 1
849 0 5 155 1 710 1 594 1 118 1 848 1
850 0 5 417 1 348 1 242 1 658 1 427 1
851 0 5 586 1 407 1 460 1 375 1 668 1
852 0 5 411 1 855 1 213 1 306 1 591 1
853 0 5 146 1 109 1 825 1 663 1 610 1
854 0 5 416 1 815 1 452 1 470 1 494 1
855 0 5 306 1 411 1 852 1 591 1 213 1
856 0 5 247 1 48 1 778 1 44 1 356 1
857 0 5 772 1 758 1 287 1 847 1 753 1
858 0 5 210 1 250 1 269 1 731 1 73 1
859 0 5 635 1 208 1 214 1 550 1 512 1
860 0 5 181 1 847 1 753 1 140 1 772 1
861 0 5 667 1 59 1 501 1 729 1 813 1
862 0 5 223 1 832 1 180 1 231 1 551 1
863 0 5 461 1 405 1 312 1 560 1 99 1
864 0 5 492 1 631 1 86 1 744 1 783 1
865 0 5 388 1 806 1 158 1 241 1 19 1
866 0 5 526 1 488 1 233 1 429 1 148 1
867 0 5 145 1 63 1 785 1 70 1 147 1
868 0 5 492 1 531 1 784 1 631 1 643 1
869 0 5 190 1 196 1 564 1 277 1 413 1
870 0 5 794 1 739 1 765 1 270 1 297 1
871 0 5 557 1 841 1 90 1 65 1 421 1
872 0 5 827 1 610 1 541 1 732 1 645 1
873 0 5 344 1 71 1 733 1 422 1 431 1
874 0 5 265 1 733 1 485 1 594 1 540 1
875 0 5 454 1 690 1 106 1 436 1 644 1
876 0 5 597 1 321 1 204 1 10 1 20 1
877 0 5 902 1 885 1 886 1 887 1 888 1
878 0 5 902 1 885 1 886 1 887 1 888 1
879 0 5 902 1 885 1 886 1 887 1 888 1
880 0 5 902 1 885 1 886 1 887 1 888 1
881 0 5 902 1 885 1 886 1 887 1 888 1
882 0 5 902 1 885 1 886 1 887 1 888 1
883 0 5 902 1 885 1 886 1 887 1 888 1
884 0 5 902 1 885 1 886 1 887 1 888 1
885 0 5 902 1 885 1 886 1 887 1 888 1
886 0 5 902 1 885 1 886 1 887 1 888 1
887 0 5 902 1 885 1 886 1 887 1 888 1
888 0 5 902 1 885 1 886 1 887 1 888 1
889 0 5 902 1 885 1 886 1 887 1 888 1
890 0 5 902 1 885 1 886 1 887 1 888 1
891 0 5 902 1 885 1 886 1 887 1 888 1
892 0 5 902 1 885 1 886 1 887 1 888 1
893 0 5 902 1 885 1 886 1 887 1 888 1
894 0 5 902 1 885 1 886 1 887 1 888 1
895 0 5 902 1 885 1 886 1 887 1 888 1
896 0 5 902 1 885 1 886 1 887 1 888 1
897 0 5 902 1 885 1 886 1 887 1 888 1
898 0 5 902 1 885 1 886 1 887 1 888 1
899 0 5 902 1 885 1 886 1 887 1 888 1
900 0 5 902 1 885 1 886 1 887 1 888 1
901 0 5 902 1 885 1 886 1 887 1 888 1
902 0 5 902 1 885 1 886 1 887 1 888 1
903 0 5 902 1 885 1 886 1 887 1 888 1
904 0 5 902 1 885 1 886 1 887 1 888 1
905 0 5 902 1 885 1 886 1 887 1 888 1
906 0 5 902 1 885 1 886 1 887 1 888 1
907 0 5 902 1 885 1 886 1 887 1 888 1
908 0 5 902 1 885 1 886 1 887 1 888 1
909 0 5 902 1 885 1 886 1 887 1 888 1
910 0 5 902 1 885 1 886 1 887 1 888 1
911 0 5 902 1 885 1 886 1 887 1 888 1
912 0 5 902 1 885 1 886 1 887 1 888 1
913 0 5 902 1 885 1 886 1 887 1 888 1
914 0 5 902 1 885 1 886 1 887 1 888 1
915 0 5 902 1 885 1 886 1 887 1 888 1
916 0 5 902 1 885 1 886 1 887 1 888 1
917 0 5 902 1 885 1 886 1 887 1 888 1
918 0 5 902 1 885 1 886 1 887 1 888 1
919 0 5 902 1 885 1 886 1 887 1 888 1
920 0 5 902 1 885 1 886 1 887 1 888 1
921 0 5 902 1 885 1 886 1 887 1 888 1
922 0 5 902 1 885 1 886 1 887 1 888 1
923 0 5 902 1 885 1 886 1 887 1 888 1
924 0 5 902 1 885 1 886 1 887 1 888 1
925 0 5 902 1 885 1 886 1 887 1 888 1
926 0 5 902 1 885 1 886 1 887 1 888 1
927 0 5 902 1 885 1 886 1 887 1 888 1
928 0 5 902 1 885 1 886 1 887 1 888 1
929 0 5 902 1 885 1 886 1 887 1 888 1
930 0 5 902 1 885 1 886 1 887 1 888 1
931 0 5 902 1 885 1 886 1 887 1 888 1
932 0 5 902 1 885 1 886 1 887 1 888 1
933 0 5 902 1 885 1 886 1 887 1 888 1
934 0 5 902 1 885 1 886 1 887 1 888 1
-1
EOF
