1043
1 0 5 981 1 980 1 997 1 996 1 995 1
2 0 5 631 1 954 1 610 1 777 1 609 1
3 0 5 812 1 546 1 414 1 885 1 860 1
4 0 5 863 1 187 1 82 1 364 1 702 1
5 0 5 810 1 715 1 717 1 538 1 685 1
6 0 5 220 1 404 1 906 1 235 1 493 1
7 0 5 334 1 107 1 352 1 165 1 229 1
8 0 5 89 1 443 1 139 1 234 1 271 1
9 0 5 206 1 167 1 212 1 24 1 84 1
10 0 5 550 1 248 1 406 1 333 1 345 1
11 0 5 453 1 941 1 321 1 542 1 222 1
12 0 5 192 1 771 1 834 1 899 1 501 1
13 0 5 465 1 457 1 88 1 894 1 278 1
14 0 5 877 1 936 1 690 1 765 1 763 1
15 0 5 534 1 619 1 63 1 290 1 360 1
16 0 5 800 1 705 1 304 1 620 1 665 1
17 0 5 258 1 360 1 156 1 409 1 392 1
18 0 5 524 1 939 1 603 1 823 1 579 1
19 0 5 736 1 415 1 957 1 233 1 945 1
20 0 5 75 1 438 1 141 1 232 1 46 1
21 0 5 277 1 274 1 150 1 371 1 515 1
22 0 5 923 1 502 1 626 1 776 1 285 1
23 0 5 272 1 141 1 257 1 46 1 355 1
24 0 5 212 1 206 1 283 1 9 1 405 1
25 0 5 730 1 255 1 329 1 122 1 247 1
26 0 5 183 1 263 1 416 1 158 1 276 1
27 0 5 785 1 208 1 937 1 746 1 706 1
28 0 5 707 1 396 1 266 1 549 1 36 1
29 0 5 343 1 159 1 801 1 342 1 136 1
30 0 5 912 1 65 1 373 1 115 1 316 1
31 0 5 185 1 49 1 199 1 127 1 366 1
32 0 5 239 1 742 1 436 1 256 1 188 1
33 0 5 739 1 712 1 783 1 572 1 517 1
34 0 5 429 1 267 1 191 1 326 1 88 1
35 0 5 43 1 369 1 363 1 182 1 348 1
36 0 5 461 1 266 1 28 1 475 1 396 1
37 0 5 62 1 165 1 107 1 117 1 38 1
38 0 5 117 1 377 1 287 1 355 1 37 1
39 0 5 642 1 678 1 47 1 682 1 445 1
40 0 5 817 1 325 1 123 1 86 1 396 1
41 0 5 93 1 929 1 499 1 516 1 871 1
42 0 5 770 1 722 1 209 1 118 1 751 1
43 0 5 35 1 182 1 363 1 369 1 348 1
44 0 5 399 1 587 1 225 1 246 1 300 1
45 0 5 342 1 440 1 237 1 418 1 801 1
46 0 5 232 1 272 1 141 1 23 1 20 1
47 0 5 920 1 39 1 404 1 682 1 642 1
48 0 5 529 1 477 1 442 1 386 1 619 1
49 0 5 31 1 199 1 51 1 185 1 126 1
50 0 5 637 1 579 1 662 1 869 1 699 1
51 0 5 388 1 456 1 173 1 49 1 185 1
52 0 5 200 1 91 1 98 1 116 1 408 1
53 0 5 478 1 385 1 395 1 380 1 276 1
54 0 5 937 1 196 1 746 1 774 1 27 1
55 0 5 368 1 323 1 296 1 76 1 205 1
56 0 5 195 1 660 1 178 1 251 1 725 1
57 0 5 849 1 831 1 711 1 495 1 384 1
58 0 5 426 1 460 1 391 1 437 1 236 1
59 0 5 1 1 997 1 996 1 995 1 994 1
60 0 5 297 1 159 1 304 1 381 1 29 1
61 0 5 377 1 229 1 327 1 469 1 367 1
62 0 5 37 1 165 1 117 1 107 1 38 1
63 0 5 638 1 15 1 144 1 357 1 615 1
64 0 5 423 1 294 1 127 1 319 1 79 1
65 0 5 361 1 406 1 30 1 316 1 115 1
66 0 5 174 1 431 1 553 1 779 1 729 1
67 0 5 683 1 676 1 516 1 593 1 772 1
68 0 5 193 1 196 1 692 1 774 1 551 1
69 0 5 224 1 73 1 448 1 370 1 424 1
70 0 5 256 1 249 1 957 1 163 1 544 1
71 0 5 271 1 307 1 111 1 262 1 443 1
72 0 5 123 1 430 1 351 1 817 1 707 1
73 0 5 69 1 132 1 324 1 180 1 224 1
74 0 5 343 1 412 1 336 1 420 1 264 1
75 0 5 20 1 311 1 202 1 416 1 232 1
76 0 5 124 1 292 1 204 1 859 1 312 1
77 0 5 556 1 528 1 622 1 924 1 919 1
78 0 5 742 1 221 1 235 1 188 1 220 1
79 0 5 146 1 319 1 294 1 135 1 425 1
80 0 5 754 1 153 1 394 1 491 1 661 1
81 0 5 763 1 690 1 953 1 792 1 844 1
82 0 5 719 1 187 1 695 1 4 1 905 1
83 0 5 449 1 134 1 408 1 116 1 435 1
84 0 5 167 1 466 1 9 1 206 1 150 1
85 0 5 608 1 744 1 268 1 856 1 151 1
86 0 5 339 1 359 1 40 1 894 1 169 1
87 0 5 705 1 403 1 826 1 872 1 900 1
88 0 5 191 1 121 1 13 1 465 1 189 1
89 0 5 8 1 234 1 139 1 135 1 146 1
90 0 5 740 1 935 1 839 1 505 1 883 1
91 0 5 52 1 470 1 289 1 116 1 98 1
92 0 5 420 1 381 1 159 1 291 1 297 1
93 0 5 499 1 41 1 929 1 791 1 871 1
94 0 5 293 1 131 1 179 1 324 1 291 1
95 0 5 645 1 957 1 491 1 378 1 407 1
96 0 5 320 1 267 1 156 1 409 1 534 1
97 0 5 149 1 637 1 701 1 356 1 989 1
98 0 5 200 1 204 1 52 1 292 1 91 1
99 0 5 846 1 361 1 739 1 588 1 33 1
100 0 5 176 1 635 1 154 1 461 1 36 1
101 0 5 456 1 142 1 242 1 51 1 173 1
102 0 5 140 1 720 1 197 1 211 1 926 1
103 0 5 670 1 506 1 767 1 104 1 938 1
104 0 5 129 1 670 1 322 1 103 1 549 1
105 0 5 410 1 197 1 227 1 151 1 587 1
106 0 5 680 1 128 1 641 1 511 1 57 1
107 0 5 7 1 165 1 37 1 229 1 38 1
108 0 5 880 1 887 1 710 1 483 1 786 1
109 0 5 579 1 823 1 576 1 939 1 447 1
110 0 5 949 1 731 1 611 1 904 1 908 1
111 0 5 262 1 139 1 164 1 71 1 271 1
112 0 5 302 1 560 1 171 1 468 1 322 1
113 0 5 434 1 500 1 551 1 281 1 805 1
114 0 5 472 1 314 1 299 1 857 1 462 1
115 0 5 316 1 565 1 373 1 208 1 588 1
116 0 5 435 1 52 1 449 1 91 1 470 1
117 0 5 38 1 257 1 62 1 355 1 272 1
118 0 5 209 1 872 1 42 1 87 1 541 1
119 0 5 737 1 321 1 464 1 330 1 222 1
120 0 5 494 1 400 1 697 1 781 1 725 1
121 0 5 189 1 326 1 88 1 429 1 278 1
122 0 5 282 1 329 1 25 1 255 1 211 1
123 0 5 72 1 817 1 430 1 707 1 325 1
124 0 5 76 1 398 1 292 1 859 1 417 1
125 0 5 629 1 862 1 270 1 585 1 595 1
126 0 5 49 1 199 1 423 1 444 1 64 1
127 0 5 294 1 423 1 366 1 64 1 199 1
128 0 5 495 1 680 1 106 1 849 1 353 1
129 0 5 104 1 322 1 549 1 244 1 670 1
130 0 5 280 1 327 1 367 1 305 1 469 1
131 0 5 324 1 94 1 291 1 73 1 309 1
132 0 5 180 1 73 1 424 1 352 1 309 1
133 0 5 232 1 380 1 311 1 75 1 20 1
134 0 5 336 1 83 1 449 1 428 1 408 1
135 0 5 146 1 425 1 450 1 139 1 79 1
136 0 5 315 1 336 1 157 1 801 1 343 1
137 0 5 640 1 216 1 639 1 573 1 653 1
138 0 5 401 1 317 1 458 1 173 1 242 1
139 0 5 111 1 164 1 135 1 89 1 450 1
140 0 5 102 1 211 1 225 1 329 1 399 1
141 0 5 23 1 438 1 20 1 272 1 46 1
142 0 5 242 1 101 1 317 1 456 1 173 1
143 0 5 149 1 701 1 947 1 750 1 595 1
144 0 5 357 1 615 1 148 1 335 1 63 1
145 0 5 483 1 880 1 815 1 887 1 108 1
146 0 5 79 1 135 1 319 1 425 1 294 1
147 0 5 718 1 799 1 265 1 253 1 633 1
148 0 5 615 1 335 1 144 1 357 1 540 1
149 0 5 585 1 218 1 270 1 332 1 918 1
150 0 5 274 1 21 1 466 1 371 1 167 1
151 0 5 744 1 410 1 268 1 197 1 85 1
152 0 5 428 1 264 1 179 1 338 1 296 1
153 0 5 80 1 661 1 394 1 754 1 491 1
154 0 5 176 1 461 1 100 1 466 1 515 1
155 0 5 241 1 515 1 761 1 176 1 171 1
156 0 5 360 1 96 1 534 1 17 1 409 1
157 0 5 181 1 136 1 315 1 344 1 446 1
158 0 5 452 1 978 1 977 1 979 1 980 1
159 0 5 29 1 60 1 381 1 92 1 297 1
160 0 5 637 1 97 1 939 1 579 1 170 1
161 0 5 543 1 713 1 636 1 513 1 892 1
162 0 5 661 1 249 1 811 1 376 1 70 1
163 0 5 404 1 544 1 188 1 256 1 70 1
164 0 5 450 1 139 1 111 1 426 1 425 1
165 0 5 62 1 37 1 107 1 7 1 334 1
166 0 5 312 1 859 1 991 1 990 1 989 1
167 0 5 84 1 9 1 466 1 150 1 206 1
168 0 5 614 1 310 1 523 1 589 1 616 1
169 0 5 359 1 278 1 457 1 894 1 86 1
170 0 5 939 1 18 1 818 1 576 1 823 1
171 0 5 112 1 468 1 302 1 560 1 155 1
172 0 5 574 1 851 1 850 1 273 1 709 1
173 0 5 317 1 138 1 51 1 142 1 388 1
174 0 5 66 1 696 1 779 1 682 1 714 1
175 0 5 411 1 435 1 470 1 446 1 116 1
176 0 5 154 1 100 1 515 1 461 1 155 1
177 0 5 193 1 495 1 572 1 692 1 658 1
178 0 5 660 1 781 1 56 1 925 1 725 1
179 0 5 338 1 293 1 152 1 264 1 94 1
180 0 5 309 1 132 1 352 1 73 1 165 1
181 0 5 344 1 157 1 411 1 446 1 435 1
182 0 5 43 1 348 1 35 1 437 1 369 1
183 0 5 202 1 416 1 26 1 298 1 190 1
184 0 5 650 1 796 1 836 1 668 1 592 1
185 0 5 441 1 31 1 456 1 366 1 49 1
186 0 5 630 1 768 1 814 1 779 1 901 1
187 0 5 4 1 82 1 810 1 719 1 863 1
188 0 5 544 1 163 1 78 1 404 1 742 1
189 0 5 121 1 326 1 429 1 88 1 34 1
190 0 5 298 1 202 1 183 1 416 1 26 1
191 0 5 88 1 409 1 96 1 258 1 267 1
192 0 5 12 1 586 1 899 1 501 1 834 1
193 0 5 177 1 68 1 692 1 353 1 658 1
194 0 5 540 1 427 1 581 1 335 1 148 1
195 0 5 56 1 660 1 251 1 241 1 178 1
196 0 5 774 1 54 1 68 1 746 1 773 1
197 0 5 268 1 105 1 410 1 151 1 720 1
198 0 5 884 1 821 1 683 1 575 1 593 1
199 0 5 423 1 31 1 49 1 127 1 126 1
200 0 5 52 1 98 1 204 1 205 1 408 1
201 0 5 612 1 708 1 729 1 945 1 950 1
202 0 5 350 1 75 1 183 1 416 1 367 1
203 0 5 476 1 365 1 366 1 441 1 402 1
204 0 5 292 1 98 1 200 1 76 1 124 1
205 0 5 323 1 408 1 200 1 98 1 55 1
206 0 5 212 1 9 1 24 1 283 1 167 1
207 0 5 346 1 846 1 213 1 33 1 99 1
208 0 5 746 1 27 1 588 1 565 1 115 1
209 0 5 118 1 261 1 42 1 770 1 722 1
210 0 5 337 1 453 1 516 1 301 1 921 1
211 0 5 140 1 926 1 122 1 102 1 329 1
212 0 5 24 1 206 1 9 1 283 1 167 1
213 0 5 214 1 346 1 207 1 846 1 363 1
214 0 5 213 1 345 1 363 1 550 1 346 1
215 0 5 286 1 436 1 237 1 315 1 157 1
216 0 5 640 1 137 1 509 1 624 1 573 1
217 0 5 530 1 504 1 616 1 606 1 527 1
218 0 5 149 1 356 1 701 1 97 1 750 1
219 0 5 260 1 364 1 226 1 672 1 325 1
220 0 5 235 1 6 1 906 1 78 1 404 1
221 0 5 289 1 78 1 470 1 742 1 91 1
222 0 5 542 1 301 1 730 1 119 1 247 1
223 0 5 800 1 893 1 594 1 826 1 16 1
224 0 5 69 1 424 1 448 1 370 1 469 1
225 0 5 399 1 329 1 140 1 44 1 587 1
226 0 5 260 1 672 1 219 1 339 1 364 1
227 0 5 496 1 410 1 105 1 300 1 647 1
228 0 5 646 1 553 1 830 1 840 1 66 1
229 0 5 61 1 352 1 424 1 377 1 132 1
230 0 5 582 1 796 1 726 1 384 1 886 1
231 0 5 33 1 572 1 517 1 252 1 353 1
232 0 5 133 1 46 1 20 1 380 1 141 1
233 0 5 736 1 634 1 378 1 806 1 19 1
234 0 5 318 1 89 1 402 1 146 1 443 1
235 0 5 220 1 906 1 78 1 398 1 289 1
236 0 5 391 1 369 1 437 1 58 1 460 1
237 0 5 315 1 342 1 45 1 286 1 801 1
238 0 5 821 1 941 1 737 1 321 1 198 1
239 0 5 376 1 32 1 436 1 811 1 249 1
240 0 5 482 1 865 1 837 1 614 1 889 1
241 0 5 761 1 155 1 362 1 515 1 195 1
242 0 5 142 1 317 1 101 1 138 1 173 1
243 0 5 463 1 362 1 251 1 299 1 433 1
244 0 5 549 1 914 1 577 1 129 1 383 1
245 0 5 431 1 830 1 814 1 949 1 553 1
246 0 5 300 1 421 1 44 1 587 1 399 1
247 0 5 372 1 255 1 301 1 730 1 253 1
248 0 5 10 1 529 1 358 1 442 1 741 1
249 0 5 162 1 70 1 32 1 256 1 661 1
250 0 5 982 1 980 1 979 1 978 1 959 1
251 0 5 299 1 393 1 56 1 243 1 195 1
252 0 5 583 1 354 1 231 1 64 1 739 1
253 0 5 799 1 687 1 718 1 255 1 147 1
254 0 5 341 1 385 1 452 1 276 1 53 1
255 0 5 25 1 247 1 730 1 122 1 253 1
256 0 5 70 1 544 1 32 1 163 1 188 1
257 0 5 272 1 355 1 117 1 23 1 141 1
258 0 5 17 1 409 1 156 1 191 1 96 1
259 0 5 789 1 951 1 907 1 328 1 627 1
260 0 5 226 1 672 1 219 1 364 1 339 1
261 0 5 618 1 558 1 209 1 610 1 852 1
262 0 5 307 1 111 1 426 1 71 1 58 1
263 0 5 276 1 26 1 311 1 416 1 452 1
264 0 5 412 1 152 1 293 1 428 1 179 1
265 0 5 282 1 147 1 407 1 122 1 609 1
266 0 5 28 1 36 1 549 1 635 1 322 1
267 0 5 320 1 96 1 34 1 409 1 191 1
268 0 5 197 1 151 1 85 1 720 1 744 1
269 0 5 306 1 802 1 567 1 788 1 471 1
270 0 5 149 1 97 1 947 1 750 1 595 1
271 0 5 71 1 443 1 111 1 139 1 8 1
272 0 5 23 1 46 1 257 1 141 1 117 1
273 0 5 554 1 709 1 851 1 172 1 892 1
274 0 5 150 1 21 1 371 1 277 1 466 1
275 0 5 663 1 733 1 652 1 617 1 125 1
276 0 5 311 1 395 1 478 1 53 1 416 1
277 0 5 21 1 761 1 515 1 433 1 274 1
278 0 5 457 1 405 1 169 1 13 1 121 1
279 0 5 720 1 285 1 382 1 643 1 502 1
280 0 5 130 1 367 1 350 1 469 1 327 1
281 0 5 805 1 773 1 113 1 749 1 500 1
282 0 5 122 1 265 1 255 1 147 1 211 1
283 0 5 405 1 675 1 24 1 461 1 212 1
284 0 5 868 1 612 1 945 1 920 1 950 1
285 0 5 502 1 279 1 626 1 570 1 382 1
286 0 5 215 1 237 1 436 1 403 1 900 1
287 0 5 439 1 355 1 438 1 38 1 367 1
288 0 5 883 1 526 1 745 1 740 1 935 1
289 0 5 221 1 91 1 235 1 98 1 470 1
290 0 5 386 1 303 1 788 1 477 1 471 1
291 0 5 420 1 412 1 131 1 92 1 74 1
292 0 5 204 1 76 1 98 1 124 1 200 1
293 0 5 94 1 179 1 264 1 412 1 152 1
294 0 5 319 1 127 1 79 1 64 1 423 1
295 0 5 924 1 919 1 77 1 819 1 427 1
296 0 5 428 1 338 1 370 1 368 1 55 1
297 0 5 381 1 60 1 159 1 92 1 304 1
298 0 5 190 1 980 1 978 1 977 1 979 1
299 0 5 251 1 114 1 314 1 472 1 393 1
300 0 5 246 1 496 1 421 1 647 1 227 1
301 0 5 372 1 687 1 247 1 337 1 542 1
302 0 5 560 1 112 1 171 1 635 1 322 1
303 0 5 741 1 358 1 290 1 471 1 912 1
304 0 5 60 1 16 1 594 1 800 1 418 1
305 0 5 469 1 370 1 448 1 130 1 280 1
306 0 5 471 1 269 1 912 1 788 1 567 1
307 0 5 262 1 71 1 111 1 391 1 426 1
308 0 5 340 1 674 1 605 1 684 1 484 1
309 0 5 180 1 324 1 132 1 73 1 131 1
310 0 5 523 1 168 1 614 1 616 1 527 1
311 0 5 276 1 75 1 395 1 416 1 133 1
312 0 5 166 1 859 1 149 1 356 1 987 1
313 0 5 708 1 729 1 943 1 201 1 803 1
314 0 5 472 1 114 1 857 1 299 1 648 1
315 0 5 136 1 237 1 157 1 801 1 446 1
316 0 5 115 1 588 1 361 1 739 1 65 1
317 0 5 242 1 138 1 173 1 142 1 51 1
318 0 5 402 1 234 1 365 1 443 1 366 1
319 0 5 294 1 79 1 146 1 425 1 64 1
320 0 5 267 1 96 1 156 1 34 1 409 1
321 0 5 737 1 941 1 11 1 119 1 238 1
322 0 5 129 1 104 1 560 1 112 1 266 1
323 0 5 205 1 55 1 368 1 296 1 200 1
324 0 5 131 1 309 1 73 1 94 1 69 1
325 0 5 40 1 817 1 430 1 123 1 72 1
326 0 5 429 1 189 1 121 1 34 1 88 1
327 0 5 130 1 377 1 61 1 367 1 280 1
328 0 5 748 1 601 1 789 1 259 1 627 1
329 0 5 225 1 122 1 25 1 140 1 730 1
330 0 5 464 1 421 1 119 1 737 1 222 1
331 0 5 874 1 629 1 835 1 519 1 743 1
332 0 5 149 1 356 1 701 1 97 1 750 1
333 0 5 406 1 741 1 10 1 30 1 248 1
334 0 5 352 1 7 1 165 1 229 1 132 1
335 0 5 148 1 615 1 144 1 540 1 357 1
336 0 5 134 1 136 1 74 1 343 1 83 1
337 0 5 210 1 453 1 301 1 542 1 687 1
338 0 5 179 1 296 1 152 1 370 1 428 1
339 0 5 86 1 392 1 672 1 226 1 260 1
340 0 5 308 1 605 1 674 1 684 1 884 1
341 0 5 385 1 254 1 452 1 53 1 263 1
342 0 5 801 1 45 1 237 1 29 1 315 1
343 0 5 29 1 74 1 336 1 136 1 801 1
344 0 5 181 1 411 1 446 1 157 1 435 1
345 0 5 550 1 214 1 363 1 10 1 213 1
346 0 5 207 1 213 1 847 1 846 1 363 1
347 0 5 835 1 519 1 331 1 617 1 874 1
348 0 5 847 1 182 1 363 1 43 1 346 1
349 0 5 585 1 18 1 524 1 160 1 816 1
350 0 5 367 1 202 1 280 1 190 1 130 1
351 0 5 430 1 72 1 454 1 123 1 707 1
352 0 5 334 1 7 1 229 1 180 1 132 1
353 0 5 495 1 193 1 572 1 680 1 231 1
354 0 5 64 1 444 1 423 1 467 1 353 1
355 0 5 439 1 257 1 287 1 117 1 38 1
356 0 5 585 1 218 1 332 1 701 1 750 1
357 0 5 144 1 615 1 148 1 335 1 63 1
358 0 5 386 1 442 1 303 1 248 1 741 1
359 0 5 169 1 86 1 396 1 278 1 457 1
360 0 5 156 1 17 1 534 1 392 1 15 1
361 0 5 65 1 99 1 316 1 846 1 739 1
362 0 5 463 1 243 1 241 1 761 1 433 1
363 0 5 35 1 348 1 214 1 345 1 43 1
364 0 5 863 1 219 1 260 1 860 1 672 1
365 0 5 203 1 402 1 476 1 366 1 318 1
366 0 5 476 1 441 1 127 1 31 1 185 1
367 0 5 350 1 280 1 130 1 377 1 327 1
368 0 5 55 1 323 1 296 1 76 1 859 1
369 0 5 391 1 236 1 35 1 43 1 182 1
370 0 5 448 1 305 1 338 1 296 1 224 1
371 0 5 433 1 150 1 463 1 274 1 21 1
372 0 5 247 1 301 1 687 1 253 1 255 1
373 0 5 689 1 565 1 115 1 30 1 567 1
374 0 5 925 1 393 1 85 1 890 1 744 1
375 0 5 492 1 240 1 778 1 522 1 482 1
376 0 5 811 1 239 1 32 1 162 1 249 1
377 0 5 61 1 327 1 38 1 367 1 229 1
378 0 5 645 1 233 1 407 1 95 1 736 1
379 0 5 719 1 538 1 717 1 951 1 907 1
380 0 5 133 1 395 1 53 1 311 1 232 1
381 0 5 297 1 92 1 159 1 60 1 343 1
382 0 5 643 1 279 1 856 1 720 1 608 1
383 0 5 577 1 914 1 843 1 244 1 552 1
384 0 5 796 1 230 1 711 1 703 1 886 1
385 0 5 53 1 458 1 341 1 478 1 380 1
386 0 5 358 1 290 1 442 1 477 1 303 1
387 0 5 787 1 984 1 992 1 991 1 990 1
388 0 5 51 1 173 1 49 1 444 1 126 1
389 0 5 898 1 833 1 419 1 666 1 625 1
390 0 5 474 1 600 1 756 1 713 1 928 1
391 0 5 236 1 369 1 58 1 437 1 307 1
392 0 5 339 1 672 1 360 1 17 1 226 1
393 0 5 374 1 251 1 925 1 299 1 648 1
394 0 5 754 1 777 1 80 1 954 1 153 1
395 0 5 478 1 380 1 53 1 276 1 311 1
396 0 5 28 1 707 1 817 1 36 1 40 1
397 0 5 980 1 997 1 996 1 995 1 994 1
398 0 5 906 1 124 1 235 1 220 1 76 1
399 0 5 44 1 225 1 587 1 329 1 140 1
400 0 5 120 1 842 1 781 1 494 1 532 1
401 0 5 138 1 458 1 173 1 385 1 317 1
402 0 5 318 1 365 1 234 1 203 1 366 1
403 0 5 900 1 87 1 286 1 705 1 811 1
404 0 5 6 1 163 1 47 1 188 1 220 1
405 0 5 675 1 283 1 651 1 278 1 475 1
406 0 5 333 1 65 1 10 1 361 1 550 1
407 0 5 609 1 378 1 265 1 645 1 95 1
408 0 5 449 1 205 1 83 1 200 1 52 1
409 0 5 258 1 191 1 96 1 17 1 156 1
410 0 5 151 1 105 1 227 1 197 1 268 1
411 0 5 175 1 446 1 344 1 435 1 181 1
412 0 5 264 1 291 1 74 1 293 1 420 1
413 0 5 551 1 434 1 692 1 500 1 113 1
414 0 5 546 1 3 1 812 1 885 1 357 1
415 0 5 957 1 163 1 70 1 920 1 19 1
416 0 5 311 1 75 1 202 1 276 1 183 1
417 0 5 124 1 597 1 368 1 76 1 397 1
418 0 5 440 1 422 1 304 1 45 1 620 1
419 0 5 895 1 389 1 898 1 625 1 931 1
420 0 5 92 1 291 1 74 1 412 1 343 1
421 0 5 246 1 330 1 464 1 300 1 222 1
422 0 5 620 1 665 1 418 1 440 1 304 1
423 0 5 127 1 199 1 64 1 294 1 319 1
424 0 5 224 1 229 1 132 1 469 1 448 1
425 0 5 450 1 135 1 319 1 146 1 164 1
426 0 5 58 1 164 1 262 1 583 1 425 1
427 0 5 919 1 194 1 540 1 581 1 622 1
428 0 5 152 1 296 1 264 1 83 1 338 1
429 0 5 326 1 34 1 189 1 121 1 88 1
430 0 5 72 1 351 1 123 1 325 1 817 1
431 0 5 245 1 66 1 553 1 779 1 814 1
432 0 5 479 1 716 1 610 1 580 1 852 1
433 0 5 371 1 463 1 277 1 21 1 761 1
434 0 5 551 1 413 1 692 1 500 1 113 1
435 0 5 116 1 175 1 411 1 344 1 470 1
436 0 5 215 1 742 1 32 1 239 1 446 1
437 0 5 460 1 236 1 58 1 391 1 182 1
438 0 5 439 1 20 1 141 1 287 1 367 1
439 0 5 355 1 287 1 438 1 141 1 257 1
440 0 5 418 1 45 1 237 1 422 1 342 1
441 0 5 185 1 366 1 456 1 476 1 31 1
442 0 5 529 1 48 1 358 1 386 1 248 1
443 0 5 8 1 271 1 234 1 71 1 89 1
444 0 5 978 1 977 1 467 1 126 1 354 1
445 0 5 451 1 642 1 489 1 493 1 566 1
446 0 5 411 1 344 1 175 1 157 1 181 1
447 0 5 823 1 576 1 845 1 818 1 109 1
448 0 5 370 1 469 1 224 1 424 1 305 1
449 0 5 408 1 83 1 116 1 435 1 134 1
450 0 5 164 1 425 1 135 1 139 1 146 1
451 0 5 493 1 445 1 489 1 143 1 906 1
452 0 5 1022 1 158 1 26 1 341 1 263 1
453 0 5 11 1 542 1 337 1 210 1 516 1
454 0 5 832 1 702 1 351 1 549 1 244 1
455 0 5 495 1 413 1 692 1 193 1 658 1
456 0 5 101 1 441 1 51 1 185 1 142 1
457 0 5 13 1 465 1 278 1 894 1 169 1
458 0 5 401 1 138 1 385 1 380 1 53 1
459 0 5 545 1 520 1 685 1 653 1 573 1
460 0 5 437 1 58 1 583 1 182 1 426 1
461 0 5 154 1 36 1 100 1 283 1 675 1
462 0 5 647 1 648 1 857 1 472 1 314 1
463 0 5 362 1 243 1 433 1 371 1 761 1
464 0 5 330 1 119 1 421 1 737 1 222 1
465 0 5 13 1 894 1 457 1 88 1 278 1
466 0 5 84 1 167 1 150 1 154 1 274 1
467 0 5 444 1 1042 1 992 1 991 1 990 1
468 0 5 758 1 171 1 506 1 112 1 560 1
469 0 5 448 1 305 1 424 1 61 1 224 1
470 0 5 175 1 91 1 221 1 116 1 435 1
471 0 5 306 1 912 1 788 1 303 1 269 1
472 0 5 114 1 314 1 299 1 857 1 462 1
473 0 5 686 1 728 1 840 1 786 1 932 1
474 0 5 713 1 390 1 928 1 161 1 513 1
475 0 5 651 1 675 1 405 1 36 1 461 1
476 0 5 203 1 366 1 365 1 441 1 31 1
477 0 5 48 1 619 1 290 1 386 1 529 1
478 0 5 395 1 53 1 276 1 385 1 380 1
479 0 5 580 1 917 1 716 1 432 1 795 1
480 0 5 784 1 623 1 533 1 867 1 809 1
481 0 5 752 1 881 1 677 1 864 1 668 1
482 0 5 865 1 778 1 240 1 889 1 837 1
483 0 5 145 1 880 1 887 1 108 1 815 1
484 0 5 671 1 674 1 485 1 895 1 769 1
485 0 5 666 1 625 1 484 1 895 1 833 1
486 0 5 574 1 681 1 747 1 172 1 554 1
487 0 5 896 1 835 1 764 1 843 1 611 1
488 0 5 879 1 639 1 681 1 137 1 824 1
489 0 5 566 1 445 1 642 1 678 1 451 1
490 0 5 819 1 759 1 548 1 747 1 681 1
491 0 5 80 1 957 1 95 1 249 1 754 1
492 0 5 375 1 778 1 240 1 482 1 522 1
493 0 5 451 1 445 1 906 1 489 1 398 1
494 0 5 120 1 725 1 697 1 781 1 400 1
495 0 5 128 1 511 1 353 1 1042 1 658 1
496 0 5 227 1 647 1 300 1 410 1 105 1
497 0 5 855 1 679 1 628 1 893 1 826 1
498 0 5 724 1 822 1 804 1 512 1 22 1
499 0 5 93 1 791 1 871 1 41 1 929 1
500 0 5 434 1 113 1 930 1 551 1 413 1
501 0 5 834 1 12 1 828 1 192 1 815 1
502 0 5 285 1 626 1 22 1 923 1 643 1
503 0 5 827 1 848 1 873 1 908 1 878 1
504 0 5 606 1 530 1 217 1 716 1 522 1
505 0 5 935 1 559 1 624 1 509 1 90 1
506 0 5 103 1 468 1 670 1 322 1 767 1
507 0 5 632 1 854 1 654 1 946 1 876 1
508 0 5 793 1 869 1 927 1 667 1 688 1
509 0 5 573 1 624 1 505 1 216 1 653 1
510 0 5 555 1 627 1 259 1 789 1 748 1
511 0 5 495 1 680 1 641 1 106 1 692 1
512 0 5 804 1 932 1 822 1 728 1 887 1
513 0 5 940 1 636 1 956 1 543 1 892 1
514 0 5 710 1 694 1 786 1 693 1 840 1
515 0 5 155 1 761 1 176 1 277 1 241 1
516 0 5 210 1 453 1 683 1 941 1 67 1
517 0 5 712 1 572 1 33 1 193 1 783 1
518 0 5 694 1 955 1 521 1 952 1 591 1
519 0 5 743 1 862 1 347 1 331 1 913 1
520 0 5 459 1 653 1 639 1 545 1 573 1
521 0 5 797 1 888 1 938 1 878 1 518 1
522 0 5 606 1 530 1 504 1 375 1 217 1
523 0 5 310 1 168 1 527 1 616 1 614 1
524 0 5 18 1 939 1 603 1 823 1 579 1
525 0 5 780 1 604 1 531 1 732 1 592 1
526 0 5 288 1 883 1 745 1 740 1 935 1
527 0 5 616 1 523 1 917 1 217 1 310 1
528 0 5 556 1 77 1 622 1 727 1 649 1
529 0 5 442 1 48 1 248 1 477 1 386 1
530 0 5 217 1 504 1 606 1 616 1 522 1
531 0 5 780 1 525 1 760 1 732 1 607 1
532 0 5 704 1 697 1 400 1 120 1 842 1
533 0 5 784 1 480 1 867 1 809 1 623 1
534 0 5 15 1 619 1 156 1 360 1 96 1
535 0 5 769 1 547 1 671 1 562 1 657 1
536 0 5 733 1 768 1 841 1 489 1 143 1
537 0 5 602 1 723 1 698 1 933 1 876 1
538 0 5 717 1 379 1 745 1 907 1 951 1
539 0 5 842 1 890 1 643 1 856 1 626 1
540 0 5 194 1 427 1 581 1 335 1 148 1
541 0 5 915 1 621 1 872 1 42 1 628 1
542 0 5 222 1 453 1 11 1 301 1 337 1
543 0 5 636 1 892 1 161 1 513 1 554 1
544 0 5 256 1 188 1 163 1 742 1 32 1
545 0 5 459 1 685 1 520 1 653 1 548 1
546 0 5 414 1 812 1 3 1 885 1 392 1
547 0 5 562 1 535 1 858 1 657 1 769 1
548 0 5 685 1 490 1 488 1 681 1 639 1
549 0 5 266 1 244 1 129 1 28 1 707 1
550 0 5 345 1 10 1 214 1 406 1 213 1
551 0 5 434 1 413 1 692 1 113 1 500 1
552 0 5 843 1 896 1 487 1 383 1 914 1
553 0 5 830 1 228 1 66 1 431 1 646 1
554 0 5 273 1 709 1 892 1 636 1 486 1
555 0 5 629 1 510 1 603 1 627 1 794 1
556 0 5 528 1 77 1 622 1 727 1 924 1
557 0 5 922 1 602 1 933 1 598 1 654 1
558 0 5 618 1 852 1 722 1 770 1 261 1
559 0 5 864 1 505 1 735 1 624 1 755 1
560 0 5 302 1 112 1 171 1 322 1 635 1
561 0 5 875 1 850 1 667 1 688 1 563 1
562 0 5 547 1 535 1 858 1 895 1 419 1
563 0 5 851 1 866 1 824 1 850 1 667 1
564 0 5 655 1 798 1 634 1 950 1 945 1
565 0 5 115 1 689 1 373 1 208 1 567 1
566 0 5 489 1 678 1 642 1 445 1 682 1
567 0 5 689 1 373 1 813 1 269 1 565 1
568 0 5 988 1 997 1 996 1 995 1 994 1
569 0 5 946 1 785 1 706 1 654 1 27 1
570 0 5 285 1 664 1 279 1 923 1 502 1
571 0 5 882 1 874 1 916 1 695 1 905 1
572 0 5 517 1 33 1 231 1 177 1 353 1
573 0 5 653 1 509 1 137 1 216 1 520 1
574 0 5 486 1 172 1 681 1 824 1 851 1
575 0 5 772 1 884 1 593 1 605 1 684 1
576 0 5 823 1 109 1 818 1 447 1 699 1
577 0 5 383 1 832 1 702 1 244 1 905 1
578 0 5 649 1 734 1 813 1 762 1 727 1
579 0 5 934 1 109 1 699 1 160 1 50 1
580 0 5 479 1 716 1 917 1 432 1 504 1
581 0 5 715 1 194 1 540 1 427 1 335 1
582 0 5 650 1 230 1 911 1 780 1 596 1
583 0 5 460 1 58 1 426 1 437 1 164 1
584 0 5 838 1 776 1 673 1 822 1 728 1
585 0 5 149 1 356 1 701 1 97 1 947 1
586 0 5 192 1 758 1 12 1 697 1 899 1
587 0 5 44 1 399 1 225 1 300 1 105 1
588 0 5 783 1 739 1 316 1 208 1 115 1
589 0 5 614 1 897 1 168 1 310 1 523 1
590 0 5 637 1 831 1 849 1 711 1 57 1
591 0 5 952 1 955 1 828 1 501 1 834 1
592 0 5 793 1 604 1 869 1 525 1 780 1
593 0 5 772 1 575 1 884 1 684 1 683 1
594 0 5 893 1 223 1 304 1 800 1 679 1
595 0 5 149 1 701 1 947 1 97 1 750 1
596 0 5 599 1 911 1 796 1 582 1 807 1
597 0 5 368 1 417 1 124 1 55 1 305 1
598 0 5 773 1 922 1 557 1 937 1 903 1
599 0 5 596 1 911 1 796 1 942 1 582 1
600 0 5 924 1 390 1 756 1 928 1 474 1
601 0 5 748 1 328 1 794 1 656 1 839 1
602 0 5 933 1 537 1 557 1 922 1 723 1
603 0 5 555 1 524 1 18 1 656 1 447 1
604 0 5 592 1 525 1 780 1 668 1 891 1
605 0 5 340 1 308 1 684 1 674 1 884 1
606 0 5 504 1 522 1 530 1 217 1 852 1
607 0 5 866 1 732 1 531 1 808 1 780 1
608 0 5 856 1 85 1 382 1 268 1 643 1
609 0 5 407 1 265 1 147 1 378 1 645 1
610 0 5 954 1 777 1 261 1 432 1 631 1
611 0 5 663 1 652 1 110 1 487 1 913 1
612 0 5 284 1 945 1 201 1 714 1 950 1
613 0 5 684 1 676 1 775 1 738 1 871 1
614 0 5 168 1 589 1 310 1 523 1 240 1
615 0 5 144 1 148 1 335 1 357 1 540 1
616 0 5 527 1 217 1 530 1 523 1 310 1
617 0 5 652 1 913 1 275 1 125 1 347 1
618 0 5 261 1 558 1 852 1 610 1 722 1
619 0 5 477 1 15 1 534 1 48 1 290 1
620 0 5 665 1 422 1 16 1 418 1 304 1
621 0 5 915 1 541 1 628 1 898 1 872 1
622 0 5 919 1 528 1 77 1 556 1 909 1
623 0 5 784 1 766 1 480 1 698 1 533 1
624 0 5 755 1 818 1 505 1 845 1 839 1
625 0 5 485 1 895 1 419 1 389 1 666 1
626 0 5 502 1 643 1 22 1 285 1 382 1
627 0 5 789 1 555 1 510 1 874 1 259 1
628 0 5 497 1 855 1 679 1 621 1 833 1
629 0 5 555 1 125 1 656 1 862 1 331 1
630 0 5 901 1 186 1 814 1 768 1 841 1
631 0 5 954 1 777 1 394 1 754 1 610 1
632 0 5 854 1 507 1 876 1 753 1 654 1
633 0 5 718 1 432 1 147 1 610 1 479 1
634 0 5 233 1 806 1 736 1 564 1 926 1
635 0 5 100 1 266 1 302 1 322 1 36 1
636 0 5 892 1 543 1 161 1 513 1 554 1
637 0 5 50 1 870 1 160 1 787 1 836 1
638 0 5 63 1 909 1 622 1 427 1 919 1
639 0 5 488 1 879 1 137 1 653 1 520 1
640 0 5 216 1 677 1 137 1 824 1 573 1
641 0 5 680 1 936 1 829 1 877 1 849 1
642 0 5 39 1 445 1 678 1 489 1 566 1
643 0 5 382 1 626 1 856 1 279 1 539 1
644 0 5 816 1 750 1 218 1 862 1 585 1
645 0 5 378 1 95 1 957 1 407 1 491 1
646 0 5 228 1 553 1 693 1 840 1 830 1
647 0 5 462 1 496 1 300 1 227 1 648 1
648 0 5 857 1 462 1 393 1 314 1 744 1
649 0 5 578 1 734 1 813 1 727 1 762 1
650 0 5 582 1 184 1 836 1 796 1 668 1
651 0 5 475 1 675 1 405 1 283 1 36 1
652 0 5 913 1 617 1 275 1 611 1 519 1
653 0 5 573 1 520 1 639 1 137 1 509 1
654 0 5 507 1 557 1 946 1 632 1 569 1
655 0 5 564 1 950 1 798 1 945 1 612 1
656 0 5 794 1 629 1 845 1 748 1 601 1
657 0 5 769 1 535 1 775 1 547 1 700 1
658 0 5 495 1 193 1 413 1 692 1 455 1
659 0 5 691 1 903 1 933 1 922 1 844 1
660 0 5 178 1 781 1 56 1 725 1 195 1
661 0 5 162 1 811 1 153 1 249 1 900 1
662 0 5 891 1 870 1 668 1 50 1 869 1
663 0 5 611 1 275 1 949 1 768 1 814 1
664 0 5 943 1 570 1 923 1 798 1 313 1
665 0 5 620 1 422 1 418 1 16 1 705 1
666 0 5 485 1 833 1 389 1 679 1 625 1
667 0 5 875 1 688 1 561 1 508 1 563 1
668 0 5 793 1 869 1 927 1 662 1 604 1
669 0 5 867 1 902 1 853 1 792 1 807 1
670 0 5 103 1 104 1 506 1 767 1 129 1
671 0 5 484 1 535 1 769 1 895 1 674 1
672 0 5 226 1 260 1 339 1 392 1 364 1
673 0 5 838 1 776 1 584 1 686 1 473 1
674 0 5 308 1 484 1 769 1 340 1 684 1
675 0 5 651 1 405 1 283 1 475 1 461 1
676 0 5 613 1 684 1 67 1 683 1 775 1
677 0 5 640 1 881 1 667 1 850 1 752 1
678 0 5 682 1 642 1 39 1 566 1 489 1
679 0 5 497 1 833 1 628 1 594 1 855 1
680 0 5 641 1 829 1 511 1 106 1 726 1
681 0 5 486 1 879 1 488 1 574 1 824 1
682 0 5 678 1 39 1 566 1 696 1 47 1
683 0 5 67 1 516 1 676 1 593 1 198 1
684 0 5 613 1 605 1 676 1 674 1 593 1
685 0 5 548 1 545 1 459 1 520 1 490 1
686 0 5 473 1 673 1 728 1 838 1 584 1
687 0 5 301 1 253 1 921 1 372 1 247 1
688 0 5 875 1 667 1 561 1 927 1 668 1
689 0 5 567 1 565 1 373 1 115 1 813 1
690 0 5 953 1 726 1 81 1 763 1 14 1
691 0 5 659 1 903 1 765 1 844 1 933 1
692 0 5 551 1 413 1 434 1 193 1 68 1
693 0 5 694 1 514 1 840 1 646 1 786 1
694 0 5 514 1 693 1 518 1 710 1 646 1
695 0 5 571 1 882 1 719 1 905 1 82 1
696 0 5 714 1 682 1 174 1 678 1 39 1
697 0 5 532 1 120 1 494 1 704 1 400 1
698 0 5 623 1 537 1 784 1 876 1 766 1
699 0 5 579 1 939 1 576 1 823 1 818 1
700 0 5 790 1 738 1 775 1 871 1 657 1
701 0 5 149 1 356 1 97 1 991 1 990 1
702 0 5 832 1 454 1 577 1 905 1 351 1
703 0 5 711 1 849 1 886 1 726 1 384 1
704 0 5 532 1 697 1 899 1 400 1 771 1
705 0 5 826 1 87 1 16 1 403 1 800 1
706 0 5 946 1 785 1 569 1 27 1 937 1
707 0 5 28 1 396 1 123 1 549 1 351 1
708 0 5 729 1 313 1 201 1 714 1 803 1
709 0 5 273 1 861 1 808 1 554 1 866 1
710 0 5 786 1 514 1 108 1 840 1 694 1
711 0 5 703 1 849 1 886 1 796 1 641 1
712 0 5 517 1 783 1 33 1 746 1 739 1
713 0 5 161 1 474 1 513 1 543 1 390 1
714 0 5 696 1 729 1 174 1 612 1 201 1
715 0 5 5 1 581 1 810 1 545 1 685 1
716 0 5 580 1 917 1 504 1 479 1 432 1
717 0 5 538 1 745 1 379 1 5 1 810 1
718 0 5 799 1 147 1 253 1 633 1 795 1
719 0 5 379 1 82 1 695 1 187 1 538 1
720 0 5 279 1 382 1 268 1 102 1 197 1
721 0 5 356 1 149 1 862 1 750 1 270 1
722 0 5 770 1 42 1 558 1 751 1 209 1
723 0 5 537 1 853 1 602 1 698 1 867 1
724 0 5 498 1 804 1 822 1 512 1 584 1
725 0 5 494 1 660 1 120 1 758 1 178 1
726 0 5 849 1 953 1 792 1 690 1 230 1
727 0 5 762 1 734 1 528 1 649 1 753 1
728 0 5 932 1 822 1 512 1 584 1 686 1
729 0 5 708 1 714 1 201 1 313 1 612 1
730 0 5 25 1 247 1 255 1 329 1 222 1
731 0 5 782 1 830 1 110 1 245 1 949 1
732 0 5 607 1 531 1 866 1 780 1 525 1
733 0 5 536 1 841 1 768 1 275 1 489 1
734 0 5 578 1 649 1 762 1 813 1 727 1
735 0 5 934 1 864 1 559 1 891 1 481 1
736 0 5 19 1 233 1 634 1 378 1 415 1
737 0 5 119 1 321 1 238 1 464 1 821 1
738 0 5 775 1 700 1 871 1 790 1 657 1
739 0 5 783 1 588 1 33 1 99 1 712 1
740 0 5 90 1 883 1 288 1 935 1 526 1
741 0 5 333 1 303 1 248 1 912 1 358 1
742 0 5 78 1 436 1 221 1 32 1 544 1
743 0 5 519 1 331 1 510 1 347 1 629 1
744 0 5 151 1 85 1 268 1 410 1 648 1
745 0 5 883 1 288 1 717 1 526 1 538 1
746 0 5 208 1 54 1 774 1 27 1 712 1
747 0 5 486 1 759 1 490 1 681 1 574 1
748 0 5 601 1 794 1 328 1 656 1 555 1
749 0 5 825 1 930 1 805 1 281 1 500 1
750 0 5 149 1 356 1 918 1 270 1 595 1
751 0 5 948 1 931 1 42 1 770 1 722 1
752 0 5 481 1 881 1 864 1 677 1 668 1
753 0 5 854 1 756 1 632 1 762 1 876 1
754 0 5 80 1 394 1 777 1 631 1 153 1
755 0 5 624 1 845 1 818 1 559 1 576 1
756 0 5 753 1 928 1 600 1 876 1 854 1
757 0 5 897 1 791 1 790 1 871 1 700 1
758 0 5 468 1 586 1 725 1 506 1 192 1
759 0 5 819 1 490 1 747 1 486 1 474 1
760 0 5 866 1 808 1 531 1 911 1 599 1
761 0 5 241 1 515 1 277 1 155 1 362 1
762 0 5 734 1 727 1 753 1 854 1 632 1
763 0 5 81 1 690 1 844 1 953 1 14 1
764 0 5 820 1 835 1 617 1 519 1 611 1
765 0 5 903 1 691 1 14 1 877 1 749 1
766 0 5 928 1 623 1 784 1 698 1 480 1
767 0 5 103 1 938 1 828 1 506 1 670 1
768 0 5 186 1 733 1 536 1 630 1 901 1
769 0 5 535 1 657 1 671 1 674 1 484 1
770 0 5 722 1 42 1 558 1 751 1 209 1
771 0 5 899 1 815 1 12 1 834 1 192 1
772 0 5 593 1 575 1 884 1 684 1 605 1
773 0 5 598 1 281 1 805 1 113 1 903 1
774 0 5 196 1 746 1 54 1 937 1 68 1
775 0 5 738 1 613 1 657 1 700 1 871 1
776 0 5 838 1 584 1 673 1 923 1 22 1
777 0 5 954 1 631 1 394 1 610 1 754 1
778 0 5 482 1 492 1 865 1 240 1 375 1
779 0 5 186 1 174 1 678 1 66 1 431 1
780 0 5 525 1 531 1 582 1 604 1 732 1
781 0 5 178 1 660 1 120 1 400 1 925 1
782 0 5 731 1 830 1 904 1 949 1 110 1
783 0 5 588 1 712 1 739 1 33 1 517 1
784 0 5 480 1 623 1 533 1 766 1 698 1
785 0 5 706 1 569 1 946 1 27 1 937 1
786 0 5 710 1 840 1 514 1 108 1 693 1
787 0 5 637 1 387 1 662 1 650 1 184 1
788 0 5 802 1 471 1 290 1 269 1 306 1
789 0 5 627 1 259 1 328 1 951 1 907 1
790 0 5 700 1 757 1 738 1 871 1 791 1
791 0 5 757 1 499 1 871 1 790 1 897 1
792 0 5 902 1 726 1 953 1 81 1 807 1
793 0 5 508 1 891 1 668 1 592 1 870 1
794 0 5 656 1 748 1 601 1 555 1 328 1
795 0 5 921 1 917 1 479 1 799 1 718 1
796 0 5 596 1 384 1 230 1 599 1 184 1
797 0 5 888 1 521 1 904 1 908 1 518 1
798 0 5 943 1 564 1 655 1 201 1 950 1
799 0 5 718 1 253 1 147 1 687 1 795 1
800 0 5 16 1 223 1 594 1 304 1 705 1
801 0 5 342 1 29 1 136 1 315 1 237 1
802 0 5 788 1 269 1 909 1 471 1 306 1
803 0 5 944 1 708 1 313 1 729 1 714 1
804 0 5 512 1 724 1 822 1 498 1 932 1
805 0 5 281 1 773 1 113 1 749 1 500 1
806 0 5 926 1 634 1 233 1 211 1 736 1
807 0 5 902 1 867 1 910 1 792 1 669 1
808 0 5 942 1 760 1 861 1 866 1 709 1
809 0 5 910 1 956 1 940 1 533 1 513 1
810 0 5 5 1 187 1 717 1 538 1 715 1
811 0 5 376 1 900 1 162 1 661 1 239 1
812 0 5 3 1 546 1 885 1 414 1 860 1
813 0 5 578 1 734 1 567 1 649 1 269 1
814 0 5 630 1 901 1 186 1 949 1 245 1
815 0 5 834 1 771 1 145 1 12 1 899 1
816 0 5 644 1 750 1 862 1 218 1 332 1
817 0 5 40 1 123 1 325 1 396 1 72 1
818 0 5 576 1 624 1 755 1 447 1 823 1
819 0 5 759 1 490 1 747 1 295 1 474 1
820 0 5 764 1 835 1 275 1 519 1 617 1
821 0 5 238 1 198 1 941 1 737 1 321 1
822 0 5 728 1 932 1 512 1 498 1 584 1
823 0 5 576 1 447 1 109 1 818 1 524 1
824 0 5 850 1 563 1 574 1 879 1 851 1
825 0 5 930 1 749 1 805 1 500 1 936 1
826 0 5 705 1 893 1 223 1 855 1 87 1
827 0 5 503 1 908 1 110 1 848 1 873 1
828 0 5 591 1 952 1 501 1 767 1 955 1
829 0 5 680 1 641 1 936 1 81 1 14 1
830 0 5 731 1 553 1 245 1 782 1 814 1
831 0 5 57 1 849 1 711 1 650 1 703 1
832 0 5 454 1 702 1 577 1 244 1 383 1
833 0 5 666 1 679 1 389 1 628 1 898 1
834 0 5 501 1 815 1 12 1 771 1 192 1
835 0 5 347 1 896 1 487 1 913 1 331 1
836 0 5 637 1 793 1 650 1 869 1 184 1
837 0 5 889 1 865 1 482 1 858 1 240 1
838 0 5 673 1 776 1 584 1 686 1 728 1
839 0 5 90 1 624 1 601 1 740 1 935 1
840 0 5 786 1 693 1 710 1 228 1 646 1
841 0 5 733 1 536 1 630 1 566 1 901 1
842 0 5 400 1 890 1 539 1 532 1 781 1
843 0 5 552 1 896 1 835 1 487 1 383 1
844 0 5 853 1 691 1 659 1 763 1 81 1
845 0 5 656 1 755 1 624 1 447 1 818 1
846 0 5 99 1 207 1 361 1 346 1 739 1
847 0 5 348 1 346 1 363 1 846 1 207 1
848 0 5 873 1 503 1 878 1 908 1 827 1
849 0 5 726 1 711 1 703 1 886 1 641 1
850 0 5 824 1 561 1 172 1 563 1 677 1
851 0 5 563 1 172 1 273 1 866 1 574 1
852 0 5 558 1 618 1 606 1 504 1 432 1
853 0 5 723 1 844 1 763 1 81 1 792 1
854 0 5 632 1 507 1 753 1 876 1 756 1
855 0 5 497 1 628 1 826 1 893 1 679 1
856 0 5 608 1 382 1 85 1 643 1 890 1
857 0 5 648 1 314 1 472 1 462 1 299 1
858 0 5 889 1 547 1 837 1 865 1 562 1
859 0 5 961 1 76 1 166 1 417 1 368 1
860 0 5 885 1 364 1 863 1 812 1 672 1
861 0 5 942 1 808 1 709 1 760 1 956 1
862 0 5 519 1 629 1 125 1 721 1 816 1
863 0 5 4 1 364 1 860 1 187 1 219 1
864 0 5 559 1 752 1 735 1 881 1 481 1
865 0 5 889 1 482 1 837 1 240 1 858 1
866 0 5 760 1 607 1 808 1 563 1 732 1
867 0 5 669 1 807 1 480 1 533 1 902 1
868 0 5 920 1 284 1 945 1 612 1 950 1
869 0 5 891 1 508 1 668 1 870 1 592 1
870 0 5 637 1 662 1 869 1 793 1 579 1
871 0 5 738 1 499 1 791 1 790 1 700 1
872 0 5 541 1 915 1 118 1 87 1 621 1
873 0 5 848 1 878 1 503 1 938 1 908 1
874 0 5 331 1 571 1 627 1 916 1 789 1
875 0 5 561 1 688 1 667 1 927 1 563 1
876 0 5 632 1 698 1 854 1 928 1 507 1
877 0 5 936 1 14 1 641 1 765 1 829 1
878 0 5 873 1 938 1 848 1 521 1 767 1
879 0 5 488 1 681 1 639 1 824 1 137 1
880 0 5 108 1 483 1 887 1 145 1 710 1
881 0 5 752 1 677 1 481 1 864 1 508 1
882 0 5 916 1 571 1 905 1 695 1 874 1
883 0 5 288 1 526 1 745 1 740 1 90 1
884 0 5 198 1 575 1 772 1 593 1 605 1
885 0 5 860 1 812 1 546 1 3 1 414 1
886 0 5 849 1 711 1 703 1 230 1 637 1
887 0 5 108 1 483 1 880 1 145 1 512 1
888 0 5 797 1 521 1 908 1 904 1 878 1
889 0 5 837 1 865 1 858 1 482 1 240 1
890 0 5 842 1 925 1 539 1 400 1 85 1
891 0 5 869 1 793 1 662 1 604 1 525 1
892 0 5 636 1 543 1 554 1 513 1 161 1
893 0 5 594 1 223 1 826 1 855 1 679 1
894 0 5 465 1 457 1 13 1 86 1 169 1
895 0 5 625 1 419 1 562 1 484 1 671 1
896 0 5 487 1 835 1 843 1 552 1 611 1
897 0 5 757 1 589 1 791 1 240 1 614 1
898 0 5 389 1 948 1 419 1 931 1 621 1
899 0 5 771 1 12 1 704 1 192 1 815 1
900 0 5 403 1 811 1 286 1 87 1 239 1
901 0 5 630 1 814 1 949 1 768 1 841 1
902 0 5 807 1 792 1 669 1 867 1 953 1
903 0 5 765 1 659 1 691 1 922 1 844 1
904 0 5 782 1 908 1 888 1 110 1 797 1
905 0 5 882 1 695 1 571 1 702 1 916 1
906 0 5 398 1 235 1 220 1 6 1 124 1
907 0 5 951 1 259 1 789 1 538 1 328 1
908 0 5 888 1 904 1 827 1 110 1 503 1
909 0 5 638 1 622 1 802 1 427 1 649 1
910 0 5 809 1 956 1 807 1 940 1 902 1
911 0 5 599 1 596 1 942 1 796 1 582 1
912 0 5 30 1 471 1 306 1 373 1 303 1
913 0 5 652 1 835 1 617 1 519 1 275 1
914 0 5 383 1 244 1 832 1 552 1 843 1
915 0 5 541 1 621 1 872 1 628 1 42 1
916 0 5 882 1 571 1 874 1 835 1 905 1
917 0 5 580 1 527 1 716 1 479 1 217 1
918 0 5 149 1 701 1 947 1 750 1 97 1
919 0 5 622 1 427 1 77 1 295 1 924 1
920 0 5 868 1 47 1 163 1 284 1 415 1
921 0 5 687 1 795 1 210 1 929 1 337 1
922 0 5 557 1 933 1 598 1 659 1 691 1
923 0 5 22 1 502 1 776 1 285 1 626 1
924 0 5 600 1 295 1 77 1 390 1 756 1
925 0 5 374 1 781 1 393 1 890 1 178 1
926 0 5 806 1 211 1 102 1 634 1 570 1
927 0 5 508 1 668 1 875 1 688 1 561 1
928 0 5 766 1 756 1 876 1 623 1 698 1
929 0 5 93 1 41 1 499 1 921 1 210 1
930 0 5 825 1 749 1 500 1 113 1 413 1
931 0 5 948 1 751 1 898 1 419 1 389 1
932 0 5 728 1 512 1 822 1 804 1 887 1
933 0 5 602 1 922 1 659 1 557 1 691 1
934 0 5 579 1 735 1 818 1 576 1 845 1
935 0 5 505 1 90 1 624 1 740 1 526 1
936 0 5 877 1 641 1 14 1 829 1 765 1
937 0 5 54 1 27 1 774 1 785 1 746 1
938 0 5 878 1 767 1 521 1 952 1 828 1
939 0 5 170 1 160 1 699 1 18 1 109 1
940 0 5 513 1 956 1 809 1 910 1 867 1
941 0 5 11 1 321 1 238 1 821 1 453 1
942 0 5 808 1 861 1 911 1 599 1 531 1
943 0 5 798 1 664 1 313 1 201 1 708 1
944 0 5 803 1 553 1 729 1 228 1 714 1
945 0 5 950 1 612 1 284 1 868 1 201 1
946 0 5 706 1 569 1 785 1 654 1 507 1
947 0 5 149 1 356 1 701 1 991 1 990 1
948 0 5 931 1 751 1 898 1 621 1 419 1
949 0 5 901 1 814 1 186 1 663 1 110 1
950 0 5 655 1 945 1 612 1 201 1 564 1
951 0 5 907 1 259 1 789 1 627 1 379 1
952 0 5 591 1 955 1 828 1 938 1 518 1
953 0 5 726 1 690 1 792 1 81 1 763 1
954 0 5 777 1 631 1 610 1 394 1 754 1
955 0 5 591 1 952 1 518 1 828 1 521 1
956 0 5 910 1 940 1 809 1 513 1 533 1
957 0 5 70 1 415 1 95 1 491 1 163 1
958 0 5 981 1 980 1 997 1 996 1 995 1
959 0 5 981 1 980 1 997 1 996 1 995 1
960 0 5 981 1 980 1 997 1 996 1 995 1
961 0 5 981 1 980 1 997 1 996 1 995 1
962 0 5 981 1 980 1 997 1 996 1 995 1
963 0 5 981 1 980 1 997 1 996 1 995 1
964 0 5 981 1 980 1 997 1 996 1 995 1
965 0 5 981 1 980 1 997 1 996 1 995 1
966 0 5 981 1 980 1 997 1 996 1 995 1
967 0 5 981 1 980 1 997 1 996 1 995 1
968 0 5 981 1 980 1 997 1 996 1 995 1
969 0 5 981 1 980 1 997 1 996 1 995 1
970 0 5 981 1 980 1 997 1 996 1 995 1
971 0 5 981 1 980 1 997 1 996 1 995 1
972 0 5 981 1 980 1 997 1 996 1 995 1
973 0 5 981 1 980 1 997 1 996 1 995 1
974 0 5 981 1 980 1 997 1 996 1 995 1
975 0 5 981 1 980 1 997 1 996 1 995 1
976 0 5 981 1 980 1 997 1 996 1 995 1
977 0 5 981 1 980 1 997 1 996 1 995 1
978 0 5 981 1 980 1 997 1 996 1 995 1
979 0 5 981 1 980 1 997 1 996 1 995 1
980 0 5 981 1 980 1 997 1 996 1 995 1
981 0 5 981 1 980 1 997 1 996 1 995 1
982 0 5 981 1 980 1 997 1 996 1 995 1
983 0 5 981 1 980 1 997 1 996 1 995 1
984 0 5 981 1 980 1 997 1 996 1 995 1
985 0 5 981 1 980 1 997 1 996 1 995 1
986 0 5 981 1 980 1 997 1 996 1 995 1
987 0 5 981 1 980 1 997 1 996 1 995 1
988 0 5 981 1 980 1 997 1 996 1 995 1
989 0 5 981 1 980 1 997 1 996 1 995 1
990 0 5 981 1 980 1 997 1 996 1 995 1
991 0 5 981 1 980 1 997 1 996 1 995 1
992 0 5 981 1 980 1 997 1 996 1 995 1
993 0 5 981 1 980 1 997 1 996 1 995 1
994 0 5 981 1 980 1 997 1 996 1 995 1
995 0 5 981 1 980 1 997 1 996 1 995 1
996 0 5 981 1 980 1 997 1 996 1 995 1
997 0 5 981 1 980 1 997 1 996 1 995 1
998 0 5 981 1 980 1 997 1 996 1 995 1
999 0 5 981 1 980 1 997 1 996 1 995 1
1000 0 5 981 1 980 1 997 1 996 1 995 1
1001 0 5 981 1 980 1 997 1 996 1 995 1
1002 0 5 981 1 980 1 997 1 996 1 995 1
1003 0 5 981 1 980 1 997 1 996 1 995 1
1004 0 5 981 1 980 1 997 1 996 1 995 1
1005 0 5 981 1 980 1 997 1 996 1 995 1
1006 0 5 981 1 980 1 997 1 996 1 995 1
1007 0 5 981 1 980 1 997 1 996 1 995 1
1008 0 5 981 1 980 1 997 1 996 1 995 1
1009 0 5 981 1 980 1 997 1 996 1 995 1
1010 0 5 981 1 980 1 997 1 996 1 995 1
1011 0 5 981 1 980 1 997 1 996 1 995 1
1012 0 5 981 1 980 1 997 1 996 1 995 1
1013 0 5 981 1 980 1 997 1 996 1 995 1
1014 0 5 981 1 980 1 997 1 996 1 995 1
1015 0 5 981 1 980 1 997 1 996 1 995 1
1016 0 5 981 1 980 1 997 1 996 1 995 1
1017 0 5 981 1 980 1 997 1 996 1 995 1
1018 0 5 981 1 980 1 997 1 996 1 995 1
1019 0 5 981 1 980 1 997 1 996 1 995 1
1020 0 5 981 1 980 1 997 1 996 1 995 1
1021 0 5 981 1 980 1 997 1 996 1 995 1
1022 0 5 981 1 980 1 997 1 996 1 995 1
1023 0 5 981 1 980 1 997 1 996 1 995 1
1024 0 5 981 1 980 1 997 1 996 1 995 1
1025 0 5 981 1 980 1 997 1 996 1 995 1
1026 0 5 981 1 980 1 997 1 996 1 995 1
1027 0 5 981 1 980 1 997 1 996 1 995 1
1028 0 5 981 1 980 1 997 1 996 1 995 1
1029 0 5 981 1 980 1 997 1 996 1 995 1
1030 0 5 981 1 980 1 997 1 996 1 995 1
1031 0 5 981 1 980 1 997 1 996 1 995 1
1032 0 5 981 1 980 1 997 1 996 1 995 1
1033 0 5 981 1 980 1 997 1 996 1 995 1
1034 0 5 981 1 980 1 997 1 996 1 995 1
1035 0 5 981 1 980 1 997 1 996 1 995 1
1036 0 5 981 1 980 1 997 1 996 1 995 1
1037 0 5 981 1 980 1 997 1 996 1 995 1
1038 0 5 981 1 980 1 997 1 996 1 995 1
1039 0 5 981 1 980 1 997 1 996 1 995 1
1040 0 5 981 1 980 1 997 1 996 1 995 1
1041 0 5 981 1 980 1 997 1 996 1 995 1
1042 0 5 981 1 980 1 997 1 996 1 995 1
1043 0 5 981 1 980 1 997 1 996 1 995 1
-1
EOF
