1040
1 0 5 521 0 1040 1 1039 1 1038 1 1037 1
2 0 5 522 1 587 1 634 1 988 1 975 1
3 0 5 523 1 646 1 655 1 630 1 891 1
4 0 5 524 1 617 1 664 1 562 1 852 1
5 0 5 525 1 795 1 1008 1 877 1 563 1
6 0 5 526 1 858 1 1006 1 872 1 550 1
7 0 5 527 1 997 1 779 1 680 1 635 1
8 0 5 528 1 770 1 869 1 703 1 568 1
9 0 5 529 1 554 1 776 1 825 1 1020 1
10 0 5 530 1 760 1 727 1 648 1 1005 1
11 0 5 531 1 645 1 902 1 693 1 866 1
12 0 5 532 1 705 1 903 1 708 1 902 1
13 0 5 533 1 948 1 878 1 915 1 882 1
14 0 5 534 1 608 1 778 1 707 1 572 1
15 0 5 535 1 661 1 820 1 631 1 825 1
16 0 5 536 1 833 1 785 1 726 1 1002 1
17 0 5 537 1 767 1 1005 1 760 1 978 1
18 0 5 538 1 874 1 820 1 624 1 554 1
19 0 5 539 1 714 1 664 1 662 1 670 1
20 0 5 540 1 743 1 744 1 796 1 776 1
21 0 5 541 1 1010 1 969 1 959 1 950 1
22 0 5 542 1 670 1 573 1 539 1 664 1
23 0 5 543 1 612 1 674 1 728 1 722 1
24 0 5 544 1 898 1 638 1 950 1 657 1
25 0 5 545 1 719 1 706 1 702 1 594 1
26 0 5 546 1 780 1 606 1 653 1 996 1
27 0 5 547 1 665 1 729 1 905 1 967 1
28 0 5 548 1 912 1 639 1 593 1 720 1
29 0 5 549 1 889 1 521 1 591 1 891 1
30 0 5 550 1 1011 1 1006 1 782 1 526 1
31 0 5 551 1 919 1 607 1 925 1 829 1
32 0 5 552 1 883 1 1021 1 812 1 731 1
33 0 5 553 1 987 1 769 1 1015 1 808 1
34 0 5 554 1 744 1 776 1 529 1 1020 1
35 0 5 555 1 972 1 720 1 922 1 991 1
36 0 5 556 1 614 1 524 1 801 1 838 1
37 0 5 557 1 753 1 956 1 702 1 545 1
38 0 5 558 1 871 1 599 1 654 1 693 1
39 0 5 559 1 639 1 768 1 526 1 628 1
40 0 5 560 1 645 1 841 1 866 1 799 1
41 0 5 561 1 789 1 854 1 899 1 696 1
42 0 5 562 1 617 1 836 1 714 1 664 1
43 0 5 563 1 1008 1 525 1 691 1 896 1
44 0 5 564 1 853 1 727 1 746 1 953 1
45 0 5 565 1 557 1 753 1 584 1 702 1
46 0 5 566 1 700 1 775 1 832 1 884 1
47 0 5 567 1 856 1 999 1 1001 1 671 1
48 0 5 568 1 911 1 703 1 770 1 999 1
49 0 5 569 1 578 1 865 1 954 1 646 1
50 0 5 570 1 572 1 804 1 1013 1 851 1
51 0 5 571 1 941 1 819 1 862 1 897 1
52 0 5 572 1 778 1 851 1 618 1 559 1
53 0 5 573 1 542 1 539 1 813 1 714 1
54 0 5 574 1 946 1 811 1 751 1 721 1
55 0 5 575 1 724 1 688 1 764 1 904 1
56 0 5 576 1 631 1 674 1 825 1 904 1
57 0 5 577 1 909 1 992 1 930 1 906 1
58 0 5 578 1 715 1 569 1 954 1 646 1
59 0 5 579 1 882 1 801 1 957 1 533 1
60 0 5 580 1 946 1 574 1 756 1 995 1
61 0 5 581 1 1006 1 893 1 550 1 782 1
62 0 5 582 1 626 1 705 1 708 1 558 1
63 0 5 583 1 790 1 683 1 695 1 706 1
64 0 5 584 1 565 1 815 1 750 1 753 1
65 0 5 585 1 942 1 873 1 958 1 699 1
66 0 5 586 1 549 1 1014 1 891 1 698 1
67 0 5 587 1 522 1 988 1 732 1 626 1
68 0 5 588 1 751 1 625 1 981 1 594 1
69 0 5 589 1 806 1 970 1 885 1 827 1
70 0 5 590 1 879 1 855 1 932 1 996 1
71 0 5 591 1 521 1 889 1 650 1 828 1
72 0 5 592 1 723 1 536 1 726 1 785 1
73 0 5 593 1 764 1 671 1 993 1 752 1
74 0 5 594 1 719 1 981 1 827 1 751 1
75 0 5 595 1 908 1 802 1 882 1 1003 1
76 0 5 596 1 906 1 873 1 923 1 982 1
77 0 5 597 1 623 1 894 1 857 1 935 1
78 0 5 598 1 581 1 893 1 526 1 944 1
79 0 5 599 1 654 1 705 1 955 1 693 1
80 0 5 600 1 986 1 759 1 999 1 770 1
81 0 5 601 1 734 1 709 1 571 1 521 1
82 0 5 602 1 958 1 836 1 849 1 814 1
83 0 5 603 1 839 1 620 1 884 1 796 1
84 0 5 604 1 839 1 796 1 884 1 620 1
85 0 5 605 1 990 1 550 1 807 1 987 1
86 0 5 606 1 871 1 546 1 780 1 558 1
87 0 5 607 1 976 1 923 1 978 1 821 1
88 0 5 608 1 534 1 651 1 819 1 731 1
89 0 5 609 1 927 1 834 1 846 1 529 1
90 0 5 610 1 992 1 939 1 942 1 699 1
91 0 5 611 1 637 1 675 1 881 1 651 1
92 0 5 612 1 543 1 728 1 712 1 674 1
93 0 5 613 1 567 1 999 1 600 1 759 1
94 0 5 614 1 632 1 838 1 730 1 852 1
95 0 5 615 1 802 1 696 1 947 1 641 1
96 0 5 616 1 586 1 742 1 828 1 913 1
97 0 5 617 1 660 1 852 1 562 1 735 1
98 0 5 618 1 1016 1 720 1 747 1 851 1
99 0 5 619 1 650 1 521 1 591 1 889 1
100 0 5 620 1 603 1 839 1 924 1 832 1
101 0 5 621 1 758 1 640 1 1011 1 526 1
102 0 5 622 1 772 1 867 1 855 1 794 1
103 0 5 623 1 935 1 597 1 903 1 857 1
104 0 5 624 1 535 1 661 1 780 1 994 1
105 0 5 625 1 740 1 798 1 810 1 967 1
106 0 5 626 1 974 1 582 1 708 1 732 1
107 0 5 627 1 615 1 713 1 801 1 579 1
108 0 5 628 1 747 1 639 1 618 1 1016 1
109 0 5 629 1 890 1 604 1 832 1 884 1
110 0 5 630 1 695 1 817 1 523 1 683 1
111 0 5 631 1 576 1 674 1 918 1 661 1
112 0 5 632 1 947 1 614 1 730 1 944 1
113 0 5 633 1 791 1 835 1 642 1 786 1
114 0 5 634 1 975 1 887 1 522 1 921 1
115 0 5 635 1 779 1 828 1 679 1 527 1
116 0 5 636 1 917 1 684 1 907 1 914 1
117 0 5 637 1 675 1 611 1 881 1 651 1
118 0 5 638 1 657 1 950 1 702 1 541 1
119 0 5 639 1 559 1 912 1 618 1 628 1
120 0 5 640 1 918 1 728 1 758 1 964 1
121 0 5 641 1 761 1 561 1 696 1 899 1
122 0 5 642 1 982 1 745 1 786 1 835 1
123 0 5 643 1 757 1 989 1 899 1 797 1
124 0 5 644 1 826 1 916 1 1002 1 893 1
125 0 5 645 1 799 1 560 1 841 1 531 1
126 0 5 646 1 523 1 694 1 715 1 954 1
127 0 5 647 1 737 1 993 1 593 1 703 1
128 0 5 648 1 685 1 978 1 976 1 923 1
129 0 5 649 1 945 1 1003 1 696 1 854 1
130 0 5 650 1 521 1 734 1 619 1 591 1
131 0 5 651 1 881 1 819 1 689 1 897 1
132 0 5 652 1 723 1 660 1 592 1 536 1
133 0 5 653 1 895 1 701 1 842 1 859 1
134 0 5 654 1 902 1 599 1 955 1 693 1
135 0 5 655 1 523 1 954 1 630 1 829 1
136 0 5 656 1 730 1 833 1 614 1 785 1
137 0 5 657 1 931 1 959 1 885 1 970 1
138 0 5 658 1 794 1 700 1 604 1 839 1
139 0 5 659 1 765 1 755 1 617 1 805 1
140 0 5 660 1 652 1 617 1 536 1 852 1
141 0 5 661 1 535 1 994 1 631 1 842 1
142 0 5 662 1 805 1 788 1 773 1 659 1
143 0 5 663 1 787 1 835 1 982 1 873 1
144 0 5 664 1 562 1 524 1 662 1 805 1
145 0 5 665 1 547 1 967 1 729 1 905 1
146 0 5 666 1 894 1 721 1 811 1 748 1
147 0 5 667 1 862 1 930 1 976 1 577 1
148 0 5 668 1 880 1 992 1 876 1 610 1
149 0 5 669 1 725 1 845 1 960 1 539 1
150 0 5 670 1 773 1 662 1 562 1 755 1
151 0 5 671 1 856 1 567 1 1001 1 593 1
152 0 5 672 1 808 1 943 1 924 1 800 1
153 0 5 673 1 993 1 635 1 966 1 689 1
154 0 5 674 1 529 1 576 1 631 1 554 1
155 0 5 675 1 771 1 637 1 611 1 804 1
156 0 5 676 1 1014 1 616 1 828 1 586 1
157 0 5 677 1 692 1 861 1 688 1 949 1
158 0 5 678 1 936 1 712 1 964 1 543 1
159 0 5 679 1 870 1 828 1 676 1 985 1
160 0 5 680 1 676 1 698 1 1014 1 973 1
161 0 5 681 1 975 1 803 1 732 1 718 1
162 0 5 682 1 703 1 999 1 856 1 883 1
163 0 5 683 1 695 1 891 1 583 1 817 1
164 0 5 684 1 914 1 917 1 636 1 907 1
165 0 5 685 1 746 1 787 1 648 1 668 1
166 0 5 686 1 901 1 697 1 566 1 700 1
167 0 5 687 1 933 1 843 1 850 1 878 1
168 0 5 688 1 861 1 764 1 552 1 781 1
169 0 5 689 1 717 1 707 1 934 1 651 1
170 0 5 690 1 742 1 817 1 655 1 616 1
171 0 5 691 1 584 1 716 1 751 1 750 1
172 0 5 692 1 904 1 724 1 575 1 677 1
173 0 5 693 1 920 1 955 1 599 1 654 1
174 0 5 694 1 646 1 954 1 715 1 821 1
175 0 5 695 1 891 1 630 1 683 1 523 1
176 0 5 696 1 561 1 908 1 802 1 945 1
177 0 5 697 1 686 1 700 1 901 1 658 1
178 0 5 698 1 591 1 619 1 889 1 549 1
179 0 5 699 1 939 1 733 1 942 1 585 1
180 0 5 700 1 658 1 697 1 686 1 839 1
181 0 5 701 1 859 1 895 1 653 1 920 1
182 0 5 702 1 956 1 583 1 969 1 557 1
183 0 5 703 1 704 1 999 1 1001 1 613 1
184 0 5 704 1 703 1 993 1 567 1 1001 1
185 0 5 705 1 558 1 599 1 532 1 708 1
186 0 5 706 1 676 1 827 1 913 1 828 1
187 0 5 707 1 922 1 717 1 534 1 972 1
188 0 5 708 1 582 1 626 1 847 1 903 1
189 0 5 709 1 571 1 862 1 941 1 667 1
190 0 5 710 1 729 1 736 1 967 1 921 1
191 0 5 711 1 786 1 745 1 642 1 923 1
192 0 5 712 1 757 1 797 1 807 1 1015 1
193 0 5 713 1 627 1 615 1 801 1 830 1
194 0 5 714 1 669 1 836 1 562 1 664 1
195 0 5 715 1 578 1 646 1 954 1 694 1
196 0 5 716 1 691 1 815 1 750 1 584 1
197 0 5 717 1 707 1 922 1 689 1 972 1
198 0 5 718 1 582 1 803 1 921 1 732 1
199 0 5 719 1 545 1 594 1 981 1 706 1
200 0 5 720 1 555 1 972 1 912 1 731 1
201 0 5 721 1 625 1 574 1 811 1 666 1
202 0 5 722 1 824 1 949 1 983 1 848 1
203 0 5 723 1 592 1 652 1 536 1 726 1
204 0 5 724 1 575 1 904 1 692 1 856 1
205 0 5 725 1 845 1 669 1 556 1 788 1
206 0 5 726 1 785 1 536 1 1002 1 833 1
207 0 5 727 1 530 1 648 1 760 1 853 1
208 0 5 728 1 640 1 612 1 543 1 918 1
209 0 5 729 1 736 1 967 1 710 1 921 1
210 0 5 730 1 1002 1 656 1 838 1 785 1
211 0 5 731 1 778 1 534 1 851 1 707 1
212 0 5 732 1 681 1 803 1 582 1 547 1
213 0 5 733 1 888 1 763 1 819 1 939 1
214 0 5 734 1 651 1 784 1 521 1 881 1
215 0 5 735 1 852 1 562 1 838 1 968 1
216 0 5 736 1 921 1 710 1 729 1 718 1
217 0 5 737 1 671 1 993 1 704 1 593 1
218 0 5 738 1 551 1 919 1 829 1 925 1
219 0 5 739 1 965 1 713 1 627 1 615 1
220 0 5 740 1 816 1 810 1 967 1 625 1
221 0 5 741 1 922 1 934 1 991 1 717 1
222 0 5 742 1 616 1 817 1 1010 1 929 1
223 0 5 743 1 540 1 776 1 796 1 744 1
224 0 5 744 1 540 1 1020 1 743 1 776 1
225 0 5 745 1 711 1 923 1 642 1 1005 1
226 0 5 746 1 668 1 685 1 787 1 953 1
227 0 5 747 1 1016 1 618 1 778 1 991 1
228 0 5 748 1 666 1 1018 1 762 1 894 1
229 0 5 749 1 564 1 928 1 951 1 853 1
230 0 5 750 1 584 1 762 1 666 1 574 1
231 0 5 751 1 588 1 625 1 574 1 981 1
232 0 5 752 1 972 1 682 1 764 1 720 1
233 0 5 753 1 706 1 583 1 702 1 719 1
234 0 5 754 1 980 1 1011 1 971 1 861 1
235 0 5 755 1 659 1 765 1 617 1 660 1
236 0 5 756 1 748 1 580 1 762 1 995 1
237 0 5 757 1 797 1 712 1 643 1 807 1
238 0 5 758 1 621 1 1011 1 964 1 754 1
239 0 5 759 1 568 1 600 1 999 1 613 1
240 0 5 760 1 648 1 530 1 1005 1 727 1
241 0 5 761 1 899 1 641 1 561 1 872 1
242 0 5 762 1 756 1 748 1 995 1 580 1
243 0 5 763 1 819 1 888 1 881 1 917 1
244 0 5 764 1 883 1 671 1 1009 1 552 1
245 0 5 765 1 556 1 659 1 801 1 755 1
246 0 5 766 1 610 1 763 1 917 1 939 1
247 0 5 767 1 537 1 760 1 1005 1 727 1
248 0 5 768 1 830 1 965 1 864 1 788 1
249 0 5 769 1 949 1 848 1 1015 1 722 1
250 0 5 770 1 973 1 528 1 966 1 869 1
251 0 5 771 1 804 1 675 1 851 1 778 1
252 0 5 772 1 867 1 622 1 777 1 855 1
253 0 5 773 1 670 1 755 1 805 1 662 1
254 0 5 774 1 979 1 680 1 998 1 527 1
255 0 5 775 1 566 1 700 1 832 1 603 1
256 0 5 776 1 1020 1 796 1 743 1 744 1
257 0 5 777 1 867 1 842 1 1019 1 546 1
258 0 5 778 1 731 1 991 1 851 1 922 1
259 0 5 779 1 527 1 680 1 973 1 698 1
260 0 5 780 1 546 1 606 1 996 1 772 1
261 0 5 781 1 984 1 980 1 861 1 688 1
262 0 5 782 1 980 1 984 1 858 1 1021 1
263 0 5 783 1 728 1 758 1 640 1 621 1
264 0 5 784 1 925 1 521 1 822 1 734 1
265 0 5 785 1 1002 1 726 1 536 1 833 1
266 0 5 786 1 642 1 711 1 745 1 1005 1
267 0 5 787 1 663 1 982 1 873 1 835 1
268 0 5 788 1 864 1 662 1 768 1 845 1
269 0 5 789 1 899 1 561 1 854 1 945 1
270 0 5 790 1 683 1 583 1 913 1 695 1
271 0 5 791 1 835 1 786 1 642 1 633 1
272 0 5 792 1 968 1 838 1 1017 1 1013 1
273 0 5 793 1 831 1 823 1 580 1 1012 1
274 0 5 794 1 622 1 855 1 658 1 839 1
275 0 5 795 1 877 1 995 1 525 1 580 1
276 0 5 796 1 890 1 924 1 848 1 604 1
277 0 5 797 1 807 1 605 1 643 1 990 1
278 0 5 798 1 810 1 625 1 816 1 740 1
279 0 5 799 1 937 1 531 1 693 1 645 1
280 0 5 800 1 943 1 672 1 808 1 848 1
281 0 5 801 1 765 1 556 1 579 1 656 1
282 0 5 802 1 595 1 908 1 615 1 947 1
283 0 5 803 1 732 1 582 1 681 1 547 1
284 0 5 804 1 851 1 771 1 778 1 731 1
285 0 5 805 1 773 1 755 1 664 1 539 1
286 0 5 806 1 795 1 995 1 580 1 525 1
287 0 5 807 1 605 1 990 1 757 1 797 1
288 0 5 808 1 1015 1 553 1 983 1 924 1
289 0 5 809 1 920 1 558 1 600 1 871 1
290 0 5 810 1 798 1 816 1 740 1 967 1
291 0 5 811 1 666 1 762 1 748 1 574 1
292 0 5 812 1 572 1 1021 1 731 1 552 1
293 0 5 813 1 573 1 539 1 714 1 938 1
294 0 5 814 1 602 1 836 1 942 1 958 1
295 0 5 815 1 716 1 584 1 565 1 691 1
296 0 5 816 1 1004 1 810 1 798 1 998 1
297 0 5 817 1 630 1 1010 1 695 1 742 1
298 0 5 818 1 521 1 822 1 829 1 784 1
299 0 5 819 1 888 1 763 1 651 1 917 1
300 0 5 820 1 1019 1 825 1 538 1 624 1
301 0 5 821 1 886 1 978 1 607 1 569 1
302 0 5 822 1 829 1 925 1 818 1 784 1
303 0 5 823 1 905 1 1012 1 793 1 831 1
304 0 5 824 1 983 1 848 1 722 1 924 1
305 0 5 825 1 904 1 820 1 576 1 1019 1
306 0 5 826 1 893 1 916 1 926 1 644 1
307 0 5 827 1 594 1 545 1 719 1 981 1
308 0 5 828 1 929 1 616 1 679 1 779 1
309 0 5 829 1 655 1 954 1 822 1 925 1
310 0 5 830 1 713 1 965 1 768 1 627 1
311 0 5 831 1 1012 1 756 1 793 1 823 1
312 0 5 832 1 884 1 629 1 604 1 603 1
313 0 5 833 1 656 1 785 1 536 1 730 1
314 0 5 834 1 846 1 796 1 540 1 743 1
315 0 5 835 1 633 1 982 1 791 1 642 1
316 0 5 836 1 814 1 942 1 849 1 602 1
317 0 5 837 1 896 1 1008 1 892 1 563 1
318 0 5 838 1 968 1 852 1 614 1 845 1
319 0 5 839 1 620 1 603 1 832 1 604 1
320 0 5 840 1 543 1 612 1 848 1 796 1
321 0 5 841 1 645 1 799 1 531 1 937 1
322 0 5 842 1 653 1 895 1 780 1 546 1
323 0 5 843 1 687 1 948 1 878 1 533 1
324 0 5 844 1 667 1 862 1 919 1 607 1
325 0 5 845 1 556 1 524 1 725 1 684 1
326 0 5 846 1 834 1 629 1 890 1 884 1
327 0 5 847 1 708 1 905 1 547 1 626 1
328 0 5 848 1 800 1 672 1 943 1 796 1
329 0 5 849 1 836 1 602 1 876 1 958 1
330 0 5 850 1 726 1 785 1 1003 1 592 1
331 0 5 851 1 778 1 731 1 804 1 1021 1
332 0 5 852 1 735 1 617 1 562 1 838 1
333 0 5 853 1 727 1 685 1 564 1 746 1
334 0 5 854 1 863 1 649 1 1003 1 561 1
335 0 5 855 1 940 1 867 1 622 1 777 1
336 0 5 856 1 567 1 661 1 724 1 999 1
337 0 5 857 1 1018 1 894 1 666 1 721 1
338 0 5 858 1 598 1 526 1 581 1 893 1
339 0 5 859 1 759 1 568 1 682 1 911 1
340 0 5 860 1 979 1 698 1 682 1 779 1
341 0 5 861 1 688 1 781 1 971 1 677 1
342 0 5 862 1 577 1 909 1 941 1 667 1
343 0 5 863 1 915 1 687 1 945 1 933 1
344 0 5 864 1 768 1 830 1 788 1 556 1
345 0 5 865 1 818 1 954 1 925 1 923 1
346 0 5 866 1 560 1 531 1 645 1 841 1
347 0 5 867 1 777 1 1019 1 772 1 620 1
348 0 5 868 1 788 1 662 1 573 1 542 1
349 0 5 869 1 528 1 997 1 998 1 770 1
350 0 5 870 1 985 1 931 1 589 1 959 1
351 0 5 871 1 809 1 920 1 600 1 606 1
352 0 5 872 1 526 1 621 1 965 1 893 1
353 0 5 873 1 596 1 787 1 585 1 906 1
354 0 5 874 1 538 1 529 1 674 1 554 1
355 0 5 875 1 994 1 1001 1 613 1 921 1
356 0 5 876 1 849 1 880 1 958 1 873 1
357 0 5 877 1 995 1 827 1 981 1 691 1
358 0 5 878 1 592 1 948 1 843 1 533 1
359 0 5 879 1 988 1 932 1 855 1 590 1
360 0 5 880 1 876 1 685 1 787 1 873 1
361 0 5 881 1 897 1 819 1 651 1 763 1
362 0 5 882 1 579 1 957 1 533 1 595 1
363 0 5 883 1 552 1 764 1 682 1 1021 1
364 0 5 884 1 604 1 832 1 629 1 839 1
365 0 5 885 1 970 1 827 1 931 1 795 1
366 0 5 886 1 569 1 1005 1 694 1 923 1
367 0 5 887 1 996 1 634 1 932 1 522 1
368 0 5 888 1 521 1 650 1 763 1 733 1
369 0 5 889 1 521 1 784 1 549 1 591 1
370 0 5 890 1 629 1 796 1 604 1 832 1
371 0 5 891 1 549 1 523 1 586 1 954 1
372 0 5 892 1 815 1 563 1 525 1 956 1
373 0 5 893 1 944 1 965 1 1017 1 926 1
374 0 5 894 1 597 1 721 1 625 1 666 1
375 0 5 895 1 701 1 653 1 859 1 842 1
376 0 5 896 1 563 1 1008 1 815 1 892 1
377 0 5 897 1 766 1 960 1 669 1 881 1
378 0 5 898 1 950 1 638 1 583 1 1010 1
379 0 5 899 1 989 1 789 1 561 1 761 1
380 0 5 900 1 635 1 527 1 528 1 770 1
381 0 5 901 1 775 1 566 1 686 1 700 1
382 0 5 902 1 955 1 654 1 866 1 693 1
383 0 5 903 1 857 1 935 1 623 1 1018 1
384 0 5 904 1 692 1 825 1 724 1 575 1
385 0 5 905 1 847 1 823 1 547 1 708 1
386 0 5 906 1 596 1 873 1 733 1 923 1
387 0 5 907 1 917 1 763 1 684 1 771 1
388 0 5 908 1 595 1 882 1 802 1 649 1
389 0 5 909 1 938 1 610 1 992 1 813 1
390 0 5 910 1 963 1 694 1 715 1 821 1
391 0 5 911 1 860 1 682 1 568 1 986 1
392 0 5 912 1 1009 1 758 1 639 1 621 1
393 0 5 913 1 969 1 790 1 817 1 616 1
394 0 5 914 1 684 1 907 1 917 1 763 1
395 0 5 915 1 863 1 1003 1 948 1 533 1
396 0 5 916 1 644 1 826 1 944 1 947 1
397 0 5 917 1 763 1 684 1 819 1 942 1
398 0 5 918 1 964 1 1009 1 678 1 722 1
399 0 5 919 1 537 1 607 1 976 1 963 1
400 0 5 920 1 600 1 558 1 809 1 759 1
401 0 5 921 1 718 1 736 1 710 1 558 1
402 0 5 922 1 991 1 778 1 707 1 720 1
403 0 5 923 1 978 1 607 1 596 1 1005 1
404 0 5 924 1 983 1 1020 1 796 1 824 1
405 0 5 925 1 822 1 784 1 818 1 829 1
406 0 5 926 1 1017 1 570 1 1006 1 893 1
407 0 5 927 1 840 1 834 1 846 1 796 1
408 0 5 928 1 951 1 749 1 953 1 564 1
409 0 5 929 1 959 1 1010 1 541 1 616 1
410 0 5 930 1 813 1 938 1 909 1 668 1
411 0 5 931 1 885 1 970 1 657 1 959 1
412 0 5 932 1 879 1 988 1 996 1 522 1
413 0 5 933 1 850 1 878 1 687 1 592 1
414 0 5 934 1 741 1 611 1 991 1 637 1
415 0 5 935 1 903 1 623 1 857 1 597 1
416 0 5 936 1 769 1 949 1 722 1 824 1
417 0 5 937 1 799 1 902 1 841 1 777 1
418 0 5 938 1 813 1 909 1 668 1 610 1
419 0 5 939 1 733 1 571 1 610 1 992 1
420 0 5 940 1 697 1 700 1 901 1 686 1
421 0 5 941 1 909 1 938 1 930 1 897 1
422 0 5 942 1 699 1 958 1 585 1 939 1
423 0 5 943 1 672 1 808 1 848 1 1015 1
424 0 5 944 1 947 1 826 1 916 1 632 1
425 0 5 945 1 854 1 863 1 696 1 649 1
426 0 5 946 1 811 1 574 1 756 1 995 1
427 0 5 947 1 944 1 632 1 730 1 916 1
428 0 5 948 1 843 1 533 1 915 1 878 1
429 0 5 949 1 722 1 824 1 983 1 769 1
430 0 5 950 1 638 1 657 1 541 1 1010 1
431 0 5 951 1 749 1 928 1 953 1 564 1
432 0 5 952 1 673 1 900 1 647 1 635 1
433 0 5 953 1 663 1 633 1 791 1 787 1
434 0 5 954 1 865 1 694 1 655 1 646 1
435 0 5 955 1 654 1 693 1 599 1 902 1
436 0 5 956 1 892 1 702 1 557 1 583 1
437 0 5 957 1 533 1 878 1 579 1 948 1
438 0 5 958 1 585 1 942 1 873 1 699 1
439 0 5 959 1 541 1 929 1 969 1 870 1
440 0 5 960 1 961 1 669 1 868 1 725 1
441 0 5 961 1 868 1 573 1 542 1 960 1
442 0 5 962 1 840 1 712 1 612 1 543 1
443 0 5 963 1 821 1 910 1 607 1 694 1
444 0 5 964 1 678 1 621 1 758 1 971 1
445 0 5 965 1 872 1 893 1 526 1 944 1
446 0 5 966 1 973 1 619 1 979 1 860 1
447 0 5 967 1 710 1 729 1 810 1 740 1
448 0 5 968 1 1013 1 845 1 838 1 792 1
449 0 5 969 1 702 1 956 1 913 1 583 1
450 0 5 970 1 885 1 827 1 795 1 657 1
451 0 5 971 1 754 1 1011 1 861 1 987 1
452 0 5 972 1 752 1 555 1 720 1 707 1
453 0 5 973 1 966 1 979 1 770 1 779 1
454 0 5 974 1 532 1 708 1 626 1 847 1
455 0 5 975 1 681 1 634 1 718 1 732 1
456 0 5 976 1 767 1 607 1 537 1 685 1
457 0 5 977 1 528 1 703 1 900 1 770 1
458 0 5 978 1 923 1 648 1 607 1 821 1
459 0 5 979 1 698 1 680 1 619 1 527 1
460 0 5 980 1 781 1 782 1 984 1 754 1
461 0 5 981 1 751 1 827 1 594 1 588 1
462 0 5 982 1 745 1 835 1 923 1 786 1
463 0 5 983 1 924 1 824 1 722 1 808 1
464 0 5 984 1 781 1 1021 1 552 1 688 1
465 0 5 985 1 589 1 931 1 870 1 885 1
466 0 5 986 1 998 1 568 1 759 1 911 1
467 0 5 987 1 971 1 550 1 1011 1 754 1
468 0 5 988 1 866 1 879 1 587 1 522 1
469 0 5 989 1 643 1 899 1 605 1 561 1
470 0 5 990 1 987 1 605 1 550 1 678 1
471 0 5 991 1 611 1 675 1 922 1 778 1
472 0 5 992 1 610 1 577 1 873 1 939 1
473 0 5 993 1 704 1 752 1 682 1 703 1
474 0 5 994 1 606 1 661 1 875 1 780 1
475 0 5 995 1 762 1 580 1 756 1 877 1
476 0 5 996 1 932 1 988 1 531 1 522 1
477 0 5 997 1 527 1 869 1 770 1 973 1
478 0 5 998 1 774 1 869 1 986 1 740 1
479 0 5 999 1 613 1 682 1 568 1 759 1
480 0 5 1000 1 544 1 630 1 898 1 817 1
481 0 5 1001 1 875 1 613 1 994 1 567 1
482 0 5 1002 1 916 1 730 1 785 1 947 1
483 0 5 1003 1 933 1 915 1 649 1 696 1
484 0 5 1004 1 998 1 774 1 986 1 816 1
485 0 5 1005 1 953 1 760 1 978 1 648 1
486 0 5 1006 1 926 1 570 1 1017 1 893 1
487 0 5 1007 1 690 1 742 1 655 1 616 1
488 0 5 1008 1 525 1 892 1 896 1 563 1
489 0 5 1009 1 640 1 575 1 728 1 918 1
490 0 5 1010 1 913 1 541 1 929 1 950 1
491 0 5 1011 1 754 1 971 1 782 1 550 1
492 0 5 1012 1 823 1 831 1 756 1 793 1
493 0 5 1013 1 914 1 804 1 771 1 907 1
494 0 5 1014 1 549 1 698 1 586 1 889 1
495 0 5 1015 1 553 1 848 1 808 1 943 1
496 0 5 1016 1 618 1 720 1 778 1 747 1
497 0 5 1017 1 792 1 826 1 570 1 926 1
498 0 5 1018 1 750 1 666 1 857 1 721 1
499 0 5 1019 1 842 1 677 1 820 1 1020 1
500 0 5 1020 1 776 1 1019 1 825 1 529 1
501 0 5 1021 1 812 1 572 1 731 1 984 1
502 0 5 1022 0 521 1 1022 1 1023 1 1024 1
503 0 5 1023 0 521 1 1022 1 1023 1 1024 1
504 0 5 1024 0 521 1 1022 1 1023 1 1024 1
505 0 5 1025 0 521 1 1022 1 1023 1 1024 1
506 0 5 1026 0 521 1 1022 1 1023 1 1024 1
507 0 5 1027 0 521 1 1022 1 1023 1 1024 1
508 0 5 1028 0 521 1 1022 1 1023 1 1024 1
509 0 5 1029 0 521 1 1022 1 1023 1 1024 1
510 0 5 1030 0 521 1 1022 1 1023 1 1024 1
511 0 5 1031 0 521 1 1022 1 1023 1 1024 1
512 0 5 1032 0 521 1 1022 1 1023 1 1024 1
513 0 5 1033 0 521 1 1022 1 1023 1 1024 1
514 0 5 1034 0 521 1 1022 1 1023 1 1024 1
515 0 5 1035 0 521 1 1022 1 1023 1 1024 1
516 0 5 1036 0 521 1 1022 1 1023 1 1024 1
517 0 5 1037 0 521 1 1022 1 1023 1 1024 1
518 0 5 1038 0 521 1 1022 1 1023 1 1024 1
519 0 5 1039 0 521 1 1022 1 1023 1 1024 1
520 0 5 1040 0 521 1 1022 1 1023 1 1024 1
521 0 5 1 0 520 1 519 1 518 1 517 1
522 0 5 2 1 67 1 367 1 476 1 114 1
523 0 5 3 1 126 1 135 1 110 1 175 1
524 0 5 4 1 144 1 36 1 325 1 42 1
525 0 5 5 1 488 1 43 1 357 1 372 1
526 0 5 6 1 352 1 30 1 101 1 61 1
527 0 5 7 1 259 1 477 1 380 1 115 1
528 0 5 8 1 349 1 250 1 380 1 457 1
529 0 5 9 1 154 1 354 1 34 1 500 1
530 0 5 10 1 207 1 240 1 247 1 333 1
531 0 5 11 1 346 1 321 1 279 1 417 1
532 0 5 12 1 454 1 185 1 188 1 106 1
533 0 5 13 1 437 1 428 1 362 1 358 1
534 0 5 14 1 211 1 88 1 187 1 251 1
535 0 5 15 1 104 1 141 1 300 1 111 1
536 0 5 16 1 72 1 206 1 140 1 313 1
537 0 5 17 1 399 1 247 1 456 1 165 1
538 0 5 18 1 354 1 300 1 56 1 9 1
539 0 5 19 1 53 1 22 1 293 1 285 1
540 0 5 20 1 224 1 223 1 256 1 34 1
541 0 5 21 1 439 1 490 1 430 1 409 1
542 0 5 22 1 53 1 348 1 293 1 150 1
543 0 5 23 1 92 1 208 1 9 1 154 1
544 0 5 24 1 480 1 110 1 222 1 297 1
545 0 5 25 1 199 1 307 1 74 1 68 1
546 0 5 26 1 260 1 86 1 257 1 476 1
547 0 5 27 1 145 1 212 1 327 1 161 1
548 0 5 28 1 392 1 98 1 496 1 52 1
549 0 5 29 1 66 1 371 1 494 1 135 1
550 0 5 30 1 467 1 61 1 85 1 491 1
551 0 5 31 1 218 1 1 1 399 1 324 1
552 0 5 32 1 363 1 464 1 168 1 244 1
553 0 5 33 1 495 1 288 1 192 1 467 1
554 0 5 34 1 9 1 154 1 18 1 15 1
555 0 5 35 1 200 1 452 1 402 1 496 1
556 0 5 36 1 325 1 245 1 281 1 344 1
557 0 5 37 1 45 1 436 1 25 1 182 1
558 0 5 38 1 185 1 289 1 400 1 401 1
559 0 5 39 1 119 1 108 1 227 1 98 1
560 0 5 40 1 346 1 125 1 11 1 279 1
561 0 5 41 1 269 1 176 1 121 1 241 1
562 0 5 42 1 144 1 97 1 150 1 4 1
563 0 5 43 1 376 1 372 1 5 1 488 1
564 0 5 44 1 229 1 333 1 207 1 408 1
565 0 5 45 1 64 1 295 1 436 1 372 1
566 0 5 46 1 255 1 381 1 364 1 312 1
567 0 5 47 1 336 1 184 1 93 1 162 1
568 0 5 48 1 239 1 339 1 479 1 466 1
569 0 5 49 1 366 1 58 1 225 1 301 1
570 0 5 50 1 406 1 486 1 272 1 493 1
571 0 5 51 1 189 1 419 1 472 1 57 1
572 0 5 52 1 292 1 50 1 501 1 331 1
573 0 5 53 1 293 1 22 1 348 1 441 1
574 0 5 54 1 201 1 426 1 60 1 291 1
575 0 5 55 1 204 1 489 1 172 1 464 1
576 0 5 56 1 111 1 154 1 18 1 305 1
577 0 5 57 1 342 1 472 1 419 1 90 1
578 0 5 58 1 49 1 195 1 174 1 126 1
579 0 5 59 1 362 1 281 1 437 1 107 1
580 0 5 60 1 475 1 236 1 242 1 273 1
581 0 5 61 1 78 1 30 1 6 1 338 1
582 0 5 62 1 188 1 198 1 283 1 212 1
583 0 5 63 1 182 1 270 1 163 1 449 1
584 0 5 64 1 171 1 295 1 230 1 196 1
585 0 5 65 1 438 1 353 1 472 1 422 1
586 0 5 66 1 96 1 494 1 156 1 222 1
587 0 5 67 1 2 1 114 1 468 1 412 1
588 0 5 68 1 231 1 461 1 54 1 74 1
589 0 5 69 1 465 1 350 1 450 1 365 1
590 0 5 70 1 359 1 335 1 412 1 125 1
591 0 5 71 1 178 1 494 1 99 1 214 1
592 0 5 72 1 203 1 358 1 330 1 413 1
593 0 5 73 1 127 1 28 1 217 1 151 1
594 0 5 74 1 307 1 199 1 461 1 68 1
595 0 5 75 1 282 1 388 1 362 1 176 1
596 0 5 76 1 353 1 462 1 403 1 386 1
597 0 5 77 1 374 1 103 1 146 1 228 1
598 0 5 78 1 338 1 445 1 373 1 6 1
599 0 5 79 1 134 1 38 1 435 1 185 1
600 0 5 80 1 400 1 239 1 93 1 289 1
601 0 5 81 1 1 1 189 1 51 1 31 1
602 0 5 82 1 294 1 329 1 316 1 356 1
603 0 5 83 1 100 1 319 1 312 1 255 1
604 0 5 84 1 364 1 109 1 370 1 276 1
605 0 5 85 1 287 1 470 1 277 1 469 1
606 0 5 86 1 474 1 26 1 260 1 351 1
607 0 5 87 1 403 1 399 1 456 1 458 1
608 0 5 88 1 14 1 211 1 187 1 251 1
609 0 5 89 1 9 1 407 1 326 1 314 1
610 0 5 90 1 472 1 389 1 246 1 419 1
611 0 5 91 1 471 1 117 1 155 1 361 1
612 0 5 92 1 23 1 208 1 120 1 192 1
613 0 5 93 1 479 1 481 1 47 1 355 1
614 0 5 94 1 36 1 112 1 318 1 136 1
615 0 5 95 1 107 1 282 1 176 1 193 1
616 0 5 96 1 222 1 308 1 156 1 409 1
617 0 5 97 1 4 1 42 1 140 1 235 1
618 0 5 98 1 496 1 227 1 119 1 108 1
619 0 5 99 1 459 1 446 1 340 1 178 1
620 0 5 100 1 319 1 84 1 404 1 274 1
621 0 5 101 1 238 1 352 1 444 1 6 1
622 0 5 102 1 274 1 252 1 335 1 224 1
623 0 5 103 1 77 1 415 1 383 1 498 1
624 0 5 104 1 476 1 18 1 300 1 70 1
625 0 5 105 1 201 1 68 1 231 1 374 1
626 0 5 106 1 62 1 188 1 454 1 67 1
627 0 5 107 1 193 1 310 1 219 1 59 1
628 0 5 108 1 402 1 119 1 39 1 496 1
629 0 5 109 1 370 1 364 1 326 1 312 1
630 0 5 110 1 297 1 175 1 3 1 135 1
631 0 5 111 1 56 1 15 1 141 1 154 1
632 0 5 112 1 427 1 94 1 424 1 373 1
633 0 5 113 1 315 1 433 1 271 1 462 1
634 0 5 114 1 2 1 455 1 367 1 198 1
635 0 5 115 1 380 1 7 1 159 1 432 1
636 0 5 116 1 215 1 164 1 194 1 149 1
637 0 5 117 1 91 1 155 1 471 1 361 1
638 0 5 118 1 430 1 378 1 24 1 137 1
639 0 5 119 1 39 1 108 1 392 1 28 1
640 0 5 120 1 208 1 489 1 101 1 263 1
641 0 5 121 1 219 1 241 1 41 1 282 1
642 0 5 122 1 266 1 271 1 225 1 191 1
643 0 5 123 1 469 1 237 1 277 1 192 1
644 0 5 124 1 396 1 482 1 306 1 373 1
645 0 5 125 1 40 1 321 1 11 1 346 1
646 0 5 126 1 174 1 3 1 195 1 434 1
647 0 5 127 1 432 1 197 1 73 1 217 1
648 0 5 128 1 240 1 458 1 10 1 207 1
649 0 5 129 1 334 1 483 1 388 1 176 1
650 0 5 130 1 99 1 214 1 368 1 71 1
651 0 5 131 1 214 1 361 1 117 1 91 1
652 0 5 132 1 140 1 203 1 72 1 235 1
653 0 5 133 1 322 1 26 1 173 1 260 1
654 0 5 134 1 435 1 382 1 79 1 38 1
655 0 5 135 1 309 1 3 1 434 1 170 1
656 0 5 136 1 313 1 210 1 281 1 94 1
657 0 5 137 1 118 1 430 1 450 1 411 1
658 0 5 138 1 180 1 274 1 46 1 255 1
659 0 5 139 1 235 1 245 1 285 1 142 1
660 0 5 140 1 97 1 132 1 235 1 245 1
661 0 5 141 1 15 1 474 1 336 1 104 1
662 0 5 142 1 150 1 253 1 144 1 348 1
663 0 5 143 1 267 1 433 1 271 1 353 1
664 0 5 144 1 4 1 42 1 19 1 285 1
665 0 5 145 1 27 1 198 1 212 1 190 1
666 0 5 146 1 291 1 498 1 228 1 374 1
667 0 5 147 1 324 1 342 1 31 1 189 1
668 0 5 148 1 226 1 418 1 165 1 82 1
669 0 5 149 1 194 1 205 1 440 1 246 1
670 0 5 150 1 22 1 253 1 19 1 285 1
671 0 5 151 1 244 1 73 1 217 1 47 1
672 0 5 152 1 423 1 280 1 328 1 288 1
673 0 5 153 1 432 1 452 1 162 1 380 1
674 0 5 154 1 56 1 23 1 111 1 354 1
675 0 5 155 1 117 1 471 1 251 1 91 1
676 0 5 156 1 160 1 186 1 159 1 308 1
677 0 5 157 1 429 1 172 1 384 1 341 1
678 0 5 158 1 444 1 192 1 398 1 238 1
679 0 5 159 1 115 1 308 1 71 1 222 1
680 0 5 160 1 259 1 459 1 254 1 7 1
681 0 5 161 1 455 1 212 1 283 1 27 1
682 0 5 162 1 232 1 479 1 339 1 473 1
683 0 5 163 1 270 1 63 1 175 1 110 1
684 0 5 164 1 394 1 116 1 493 1 325 1
685 0 5 165 1 128 1 333 1 226 1 456 1
686 0 5 166 1 177 1 381 1 180 1 420 1
687 0 5 167 1 323 1 343 1 413 1 483 1
688 0 5 168 1 341 1 55 1 464 1 261 1
689 0 5 169 1 187 1 131 1 197 1 221 1
690 0 5 170 1 487 1 264 1 29 1 494 1
691 0 5 171 1 196 1 357 1 43 1 242 1
692 0 5 172 1 384 1 157 1 204 1 305 1
693 0 5 173 1 11 1 435 1 382 1 38 1
694 0 5 174 1 126 1 434 1 3 1 366 1
695 0 5 175 1 110 1 163 1 297 1 270 1
696 0 5 176 1 95 1 483 1 129 1 41 1
697 0 5 177 1 420 1 180 1 166 1 381 1
698 0 5 178 1 459 1 160 1 259 1 494 1
699 0 5 179 1 422 1 65 1 90 1 397 1
700 0 5 180 1 46 1 255 1 177 1 420 1
701 0 5 181 1 375 1 133 1 339 1 400 1
702 0 5 182 1 449 1 436 1 25 1 37 1
703 0 5 183 1 184 1 8 1 162 1 48 1
704 0 5 184 1 473 1 183 1 217 1 47 1
705 0 5 185 1 12 1 79 1 62 1 188 1
706 0 5 186 1 25 1 199 1 74 1 160 1
707 0 5 187 1 197 1 211 1 169 1 452 1
708 0 5 188 1 327 1 12 1 454 1 185 1
709 0 5 189 1 1 1 81 1 51 1 31 1
710 0 5 190 1 447 1 209 1 216 1 401 1
711 0 5 191 1 225 1 266 1 271 1 462 1
712 0 5 192 1 237 1 23 1 442 1 158 1
713 0 5 193 1 310 1 107 1 219 1 59 1
714 0 5 194 1 19 1 42 1 293 1 149 1
715 0 5 195 1 58 1 126 1 174 1 366 1
716 0 5 196 1 295 1 171 1 228 1 43 1
717 0 5 197 1 169 1 187 1 452 1 221 1
718 0 5 198 1 401 1 161 1 455 1 283 1
719 0 5 199 1 74 1 25 1 307 1 461 1
720 0 5 200 1 35 1 98 1 496 1 452 1
721 0 5 201 1 374 1 146 1 498 1 54 1
722 0 5 202 1 429 1 463 1 304 1 249 1
723 0 5 203 1 132 1 72 1 140 1 358 1
724 0 5 204 1 55 1 172 1 384 1 336 1
725 0 5 205 1 149 1 325 1 440 1 268 1
726 0 5 206 1 330 1 72 1 265 1 16 1
727 0 5 207 1 333 1 10 1 44 1 247 1
728 0 5 208 1 120 1 263 1 489 1 23 1
729 0 5 209 1 190 1 447 1 145 1 27 1
730 0 5 210 1 136 1 482 1 112 1 427 1
731 0 5 211 1 258 1 331 1 501 1 292 1
732 0 5 212 1 283 1 161 1 67 1 198 1
733 0 5 213 1 419 1 179 1 51 1 90 1
734 0 5 214 1 1 1 81 1 189 1 264 1
735 0 5 215 1 332 1 318 1 448 1 4 1
736 0 5 216 1 209 1 401 1 190 1 198 1
737 0 5 217 1 127 1 473 1 184 1 244 1
738 0 5 218 1 1 1 399 1 324 1 405 1
739 0 5 219 1 445 1 282 1 95 1 107 1
740 0 5 220 1 105 1 290 1 478 1 447 1
741 0 5 221 1 414 1 197 1 187 1 169 1
742 0 5 222 1 96 1 170 1 297 1 175 1
743 0 5 223 1 20 1 256 1 224 1 34 1
744 0 5 224 1 34 1 20 1 256 1 500 1
745 0 5 225 1 462 1 191 1 266 1 271 1
746 0 5 226 1 165 1 433 1 333 1 44 1
747 0 5 227 1 108 1 496 1 98 1 258 1
748 0 5 228 1 236 1 242 1 291 1 146 1
749 0 5 229 1 431 1 408 1 247 1 44 1
750 0 5 230 1 498 1 196 1 291 1 64 1
751 0 5 231 1 68 1 461 1 54 1 74 1
752 0 5 232 1 452 1 473 1 200 1 162 1
753 0 5 233 1 37 1 45 1 436 1 63 1
754 0 5 234 1 491 1 451 1 238 1 460 1
755 0 5 235 1 139 1 253 1 285 1 150 1
756 0 5 236 1 311 1 242 1 426 1 60 1
757 0 5 237 1 123 1 192 1 287 1 469 1
758 0 5 238 1 101 1 392 1 120 1 489 1
759 0 5 239 1 80 1 339 1 479 1 93 1
760 0 5 240 1 10 1 485 1 247 1 207 1
761 0 5 241 1 121 1 379 1 41 1 269 1
762 0 5 242 1 475 1 291 1 236 1 228 1
763 0 5 243 1 397 1 246 1 361 1 299 1
764 0 5 244 1 73 1 55 1 168 1 204 1
765 0 5 245 1 139 1 281 1 235 1 142 1
766 0 5 246 1 377 1 418 1 389 1 440 1
767 0 5 247 1 17 1 456 1 122 1 165 1
768 0 5 248 1 344 1 39 1 310 1 268 1
769 0 5 249 1 416 1 33 1 495 1 429 1
770 0 5 250 1 8 1 48 1 349 1 477 1
771 0 5 251 1 155 1 284 1 493 1 471 1
772 0 5 252 1 102 1 347 1 260 1 224 1
773 0 5 253 1 285 1 150 1 142 1 144 1
774 0 5 254 1 478 1 484 1 105 1 466 1
775 0 5 255 1 381 1 46 1 312 1 166 1
776 0 5 256 1 223 1 34 1 500 1 9 1
777 0 5 257 1 347 1 252 1 417 1 335 1
778 0 5 258 1 331 1 211 1 496 1 402 1
779 0 5 259 1 115 1 7 1 308 1 453 1
780 0 5 260 1 26 1 86 1 322 1 104 1
781 0 5 261 1 460 1 464 1 234 1 262 1
782 0 5 262 1 460 1 30 1 61 1 491 1
783 0 5 263 1 392 1 120 1 208 1 238 1
784 0 5 264 1 1 1 214 1 405 1 302 1
785 0 5 265 1 206 1 313 1 72 1 16 1
786 0 5 266 1 191 1 271 1 462 1 225 1
787 0 5 267 1 143 1 165 1 433 1 226 1
788 0 5 268 1 348 1 142 1 344 1 205 1
789 0 5 269 1 41 1 379 1 241 1 425 1
790 0 5 270 1 63 1 393 1 163 1 175 1
791 0 5 271 1 113 1 433 1 315 1 462 1
792 0 5 272 1 497 1 112 1 448 1 318 1
793 0 5 273 1 303 1 311 1 492 1 60 1
794 0 5 274 1 138 1 102 1 180 1 252 1
795 0 5 275 1 5 1 286 1 450 1 475 1
796 0 5 276 1 256 1 370 1 223 1 404 1
797 0 5 277 1 237 1 192 1 287 1 123 1
798 0 5 278 1 290 1 105 1 220 1 447 1
799 0 5 279 1 125 1 321 1 417 1 40 1
800 0 5 280 1 328 1 152 1 304 1 249 1
801 0 5 281 1 59 1 245 1 36 1 107 1
802 0 5 282 1 95 1 75 1 388 1 176 1
803 0 5 283 1 198 1 212 1 161 1 401 1
804 0 5 284 1 251 1 493 1 331 1 50 1
805 0 5 285 1 142 1 253 1 144 1 150 1
806 0 5 286 1 275 1 60 1 230 1 461 1
807 0 5 287 1 277 1 192 1 85 1 470 1
808 0 5 288 1 152 1 423 1 280 1 463 1
809 0 5 289 1 351 1 400 1 86 1 38 1
810 0 5 290 1 278 1 220 1 447 1 105 1
811 0 5 291 1 426 1 146 1 54 1 228 1
812 0 5 292 1 501 1 32 1 464 1 262 1
813 0 5 293 1 418 1 410 1 19 1 389 1
814 0 5 294 1 316 1 82 1 329 1 422 1
815 0 5 295 1 372 1 196 1 64 1 376 1
816 0 5 296 1 220 1 290 1 278 1 105 1
817 0 5 297 1 222 1 110 1 170 1 163 1
818 0 5 298 1 345 1 405 1 302 1 309 1
819 0 5 299 1 243 1 361 1 131 1 51 1
820 0 5 300 1 305 1 15 1 499 1 18 1
821 0 5 301 1 443 1 458 1 174 1 87 1
822 0 5 302 1 405 1 309 1 298 1 135 1
823 0 5 303 1 492 1 273 1 385 1 311 1
824 0 5 304 1 202 1 463 1 404 1 429 1
825 0 5 305 1 384 1 56 1 300 1 15 1
826 0 5 306 1 124 1 424 1 396 1 373 1
827 0 5 307 1 357 1 450 1 461 1 74 1
828 0 5 308 1 159 1 115 1 156 1 222 1
829 0 5 309 1 302 1 135 1 405 1 298 1
830 0 5 310 1 248 1 344 1 193 1 107 1
831 0 5 311 1 273 1 492 1 303 1 236 1
832 0 5 312 1 364 1 109 1 46 1 255 1
833 0 5 313 1 16 1 136 1 265 1 206 1
834 0 5 314 1 407 1 326 1 89 1 9 1
835 0 5 315 1 143 1 271 1 462 1 113 1
836 0 5 316 1 329 1 42 1 194 1 82 1
837 0 5 317 1 286 1 488 1 43 1 5 1
838 0 5 318 1 94 1 272 1 210 1 448 1
839 0 5 319 1 84 1 100 1 364 1 180 1
840 0 5 320 1 407 1 442 1 92 1 23 1
841 0 5 321 1 40 1 125 1 417 1 279 1
842 0 5 322 1 499 1 257 1 141 1 260 1
843 0 5 323 1 428 1 358 1 167 1 395 1
844 0 5 324 1 1 1 31 1 189 1 147 1
845 0 5 325 1 205 1 448 1 149 1 318 1
846 0 5 326 1 314 1 407 1 89 1 370 1
847 0 5 327 1 385 1 188 1 454 1 106 1
848 0 5 328 1 249 1 276 1 304 1 495 1
849 0 5 329 1 356 1 82 1 294 1 316 1
850 0 5 330 1 413 1 167 1 72 1 483 1
851 0 5 331 1 284 1 258 1 211 1 251 1
852 0 5 332 1 97 1 318 1 215 1 4 1
853 0 5 333 1 44 1 207 1 456 1 247 1
854 0 5 334 1 425 1 41 1 129 1 269 1
855 0 5 335 1 274 1 70 1 252 1 359 1
856 0 5 336 1 47 1 151 1 162 1 204 1
857 0 5 337 1 383 1 498 1 415 1 77 1
858 0 5 338 1 6 1 262 1 101 1 373 1
859 0 5 339 1 181 1 479 1 375 1 400 1
860 0 5 340 1 391 1 446 1 453 1 250 1
861 0 5 341 1 451 1 157 1 261 1 234 1
862 0 5 342 1 147 1 189 1 324 1 51 1
863 0 5 343 1 334 1 395 1 425 1 129 1
864 0 5 344 1 268 1 310 1 248 1 245 1
865 0 5 345 1 434 1 49 1 403 1 195 1
866 0 5 346 1 468 1 11 1 382 1 40 1
867 0 5 347 1 335 1 252 1 257 1 102 1
868 0 5 348 1 441 1 440 1 268 1 53 1
869 0 5 349 1 477 1 8 1 478 1 250 1
870 0 5 350 1 159 1 439 1 308 1 307 1
871 0 5 351 1 86 1 38 1 289 1 93 1
872 0 5 352 1 445 1 6 1 241 1 373 1
873 0 5 353 1 65 1 267 1 462 1 472 1
874 0 5 354 1 18 1 9 1 300 1 154 1
875 0 5 355 1 481 1 474 1 183 1 184 1
876 0 5 356 1 360 1 329 1 148 1 82 1
877 0 5 357 1 275 1 475 1 5 1 461 1
878 0 5 358 1 13 1 437 1 413 1 483 1
879 0 5 359 1 412 1 70 1 468 1 476 1
880 0 5 360 1 148 1 356 1 472 1 329 1
881 0 5 361 1 131 1 117 1 91 1 243 1
882 0 5 362 1 59 1 388 1 75 1 437 1
883 0 5 363 1 244 1 32 1 162 1 464 1
884 0 5 364 1 312 1 109 1 46 1 84 1
885 0 5 365 1 411 1 450 1 137 1 69 1
886 0 5 366 1 301 1 458 1 87 1 403 1
887 0 5 367 1 114 1 455 1 474 1 2 1
888 0 5 368 1 299 1 243 1 214 1 131 1
889 0 5 369 1 29 1 494 1 71 1 178 1
890 0 5 370 1 276 1 109 1 326 1 364 1
891 0 5 371 1 175 1 3 1 163 1 135 1
892 0 5 372 1 436 1 488 1 171 1 5 1
893 0 5 373 1 306 1 61 1 445 1 352 1
894 0 5 374 1 146 1 77 1 228 1 337 1
895 0 5 375 1 133 1 322 1 181 1 400 1
896 0 5 376 1 317 1 43 1 488 1 5 1
897 0 5 377 1 361 1 421 1 440 1 51 1
898 0 5 378 1 24 1 270 1 393 1 110 1
899 0 5 379 1 269 1 241 1 469 1 41 1
900 0 5 380 1 432 1 457 1 115 1 8 1
901 0 5 381 1 166 1 255 1 420 1 177 1
902 0 5 382 1 134 1 11 1 435 1 12 1
903 0 5 383 1 415 1 103 1 12 1 188 1
904 0 5 384 1 305 1 172 1 204 1 56 1
905 0 5 385 1 303 1 327 1 27 1 209 1
906 0 5 386 1 76 1 353 1 57 1 472 1
907 0 5 387 1 394 1 164 1 116 1 493 1
908 0 5 388 1 75 1 176 1 282 1 362 1
909 0 5 389 1 421 1 57 1 418 1 342 1
910 0 5 390 1 31 1 170 1 443 1 399 1
911 0 5 391 1 48 1 239 1 466 1 162 1
912 0 5 392 1 28 1 119 1 98 1 200 1
913 0 5 393 1 490 1 449 1 270 1 21 1
914 0 5 394 1 164 1 493 1 325 1 251 1
915 0 5 395 1 343 1 13 1 483 1 428 1
916 0 5 396 1 482 1 124 1 306 1 424 1
917 0 5 397 1 116 1 164 1 246 1 387 1
918 0 5 398 1 120 1 208 1 111 1 154 1
919 0 5 399 1 31 1 218 1 324 1 443 1
920 0 5 400 1 289 1 173 1 351 1 80 1
921 0 5 401 1 216 1 198 1 190 1 114 1
922 0 5 402 1 187 1 35 1 258 1 471 1
923 0 5 403 1 458 1 225 1 87 1 462 1
924 0 5 404 1 463 1 276 1 152 1 256 1
925 0 5 405 1 264 1 1 1 302 1 309 1
926 0 5 406 1 486 1 306 1 373 1 497 1
927 0 5 407 1 89 1 326 1 320 1 314 1
928 0 5 408 1 247 1 431 1 229 1 44 1
929 0 5 409 1 308 1 439 1 222 1 490 1
930 0 5 410 1 57 1 421 1 148 1 389 1
931 0 5 411 1 137 1 350 1 365 1 450 1
932 0 5 412 1 476 1 359 1 70 1 367 1
933 0 5 413 1 167 1 483 1 343 1 129 1
934 0 5 414 1 221 1 169 1 197 1 131 1
935 0 5 415 1 103 1 383 1 77 1 498 1
936 0 5 416 1 158 1 192 1 444 1 202 1
937 0 5 417 1 279 1 321 1 125 1 257 1
938 0 5 418 1 389 1 421 1 293 1 410 1
939 0 5 419 1 179 1 90 1 472 1 246 1
940 0 5 420 1 359 1 335 1 70 1 20 1
941 0 5 421 1 51 1 342 1 57 1 410 1
942 0 5 422 1 65 1 438 1 82 1 294 1
943 0 5 423 1 280 1 152 1 328 1 495 1
944 0 5 424 1 427 1 373 1 112 1 445 1
945 0 5 425 1 129 1 343 1 388 1 176 1
946 0 5 426 1 60 1 54 1 291 1 357 1
947 0 5 427 1 424 1 112 1 282 1 482 1
948 0 5 428 1 13 1 358 1 323 1 437 1
949 0 5 429 1 249 1 202 1 304 1 463 1
950 0 5 430 1 378 1 21 1 118 1 24 1
951 0 5 431 1 408 1 229 1 247 1 44 1
952 0 5 432 1 259 1 130 1 214 1 340 1
953 0 5 433 1 485 1 128 1 408 1 240 1
954 0 5 434 1 195 1 174 1 309 1 126 1
955 0 5 435 1 382 1 134 1 173 1 11 1
956 0 5 436 1 182 1 449 1 37 1 25 1
957 0 5 437 1 362 1 59 1 428 1 281 1
958 0 5 438 1 82 1 65 1 356 1 422 1
959 0 5 439 1 409 1 137 1 21 1 308 1
960 0 5 440 1 149 1 377 1 205 1 414 1
961 0 5 441 1 440 1 377 1 149 1 418 1
962 0 5 442 1 192 1 320 1 237 1 33 1
963 0 5 443 1 390 1 31 1 399 1 309 1
964 0 5 444 1 398 1 208 1 238 1 120 1
965 0 5 445 1 373 1 219 1 352 1 310 1
966 0 5 446 1 453 1 250 1 259 1 162 1
967 0 5 447 1 209 1 190 1 145 1 220 1
968 0 5 448 1 272 1 318 1 497 1 325 1
969 0 5 449 1 393 1 21 1 430 1 182 1
970 0 5 450 1 365 1 411 1 137 1 69 1
971 0 5 451 1 467 1 234 1 491 1 249 1
972 0 5 452 1 232 1 35 1 200 1 187 1
973 0 5 453 1 250 1 446 1 259 1 477 1
974 0 5 454 1 106 1 188 1 327 1 62 1
975 0 5 455 1 114 1 161 1 2 1 212 1
976 0 5 456 1 87 1 399 1 128 1 147 1
977 0 5 457 1 391 1 340 1 380 1 459 1
978 0 5 458 1 128 1 403 1 87 1 301 1
979 0 5 459 1 254 1 453 1 340 1 446 1
980 0 5 460 1 234 1 262 1 261 1 491 1
981 0 5 461 1 74 1 357 1 199 1 68 1
982 0 5 462 1 315 1 267 1 143 1 266 1
983 0 5 463 1 304 1 404 1 202 1 288 1
984 0 5 464 1 261 1 262 1 460 1 55 1
985 0 5 465 1 350 1 159 1 69 1 411 1
986 0 5 466 1 80 1 478 1 484 1 239 1
987 0 5 467 1 470 1 85 1 451 1 30 1
988 0 5 468 1 359 1 412 1 476 1 2 1
989 0 5 469 1 379 1 123 1 241 1 41 1
990 0 5 470 1 85 1 287 1 277 1 469 1
991 0 5 471 1 402 1 258 1 496 1 187 1
992 0 5 472 1 90 1 57 1 148 1 389 1
993 0 5 473 1 184 1 217 1 127 1 73 1
994 0 5 474 1 355 1 141 1 104 1 481 1
995 0 5 475 1 275 1 357 1 242 1 426 1
996 0 5 476 1 367 1 412 1 260 1 70 1
997 0 5 477 1 7 1 349 1 259 1 250 1
998 0 5 478 1 484 1 349 1 466 1 190 1
999 0 5 479 1 93 1 239 1 183 1 47 1
1000 0 5 480 1 174 1 222 1 297 1 3 1
1001 0 5 481 1 355 1 183 1 47 1 184 1
1002 0 5 482 1 210 1 265 1 483 1 282 1
1003 0 5 483 1 129 1 395 1 388 1 362 1
1004 0 5 484 1 296 1 290 1 220 1 105 1
1005 0 5 485 1 240 1 366 1 458 1 17 1
1006 0 5 486 1 61 1 30 1 6 1 406 1
1007 0 5 487 1 1 1 170 1 31 1 135 1
1008 0 5 488 1 43 1 5 1 376 1 317 1
1009 0 5 489 1 392 1 244 1 398 1 238 1
1010 0 5 490 1 21 1 297 1 222 1 409 1
1011 0 5 491 1 30 1 451 1 234 1 238 1
1012 0 5 492 1 311 1 303 1 273 1 236 1
1013 0 5 493 1 448 1 272 1 50 1 318 1
1014 0 5 494 1 156 1 66 1 160 1 178 1
1015 0 5 495 1 288 1 249 1 192 1 33 1
1016 0 5 496 1 227 1 98 1 258 1 108 1
1017 0 5 497 1 406 1 373 1 272 1 486 1
1018 0 5 498 1 337 1 228 1 383 1 415 1
1019 0 5 499 1 300 1 500 1 252 1 305 1
1020 0 5 500 1 256 1 404 1 224 1 34 1
1021 0 5 501 1 292 1 464 1 32 1 262 1
1022 0 5 502 0 520 1 519 1 518 1 517 1
1023 0 5 503 0 520 1 519 1 518 1 517 1
1024 0 5 504 0 520 1 519 1 518 1 517 1
1025 0 5 505 0 520 1 519 1 518 1 517 1
1026 0 5 506 0 520 1 519 1 518 1 517 1
1027 0 5 507 0 520 1 519 1 518 1 517 1
1028 0 5 508 0 520 1 519 1 518 1 517 1
1029 0 5 509 0 520 1 519 1 518 1 517 1
1030 0 5 510 0 520 1 519 1 518 1 517 1
1031 0 5 511 0 520 1 519 1 518 1 517 1
1032 0 5 512 0 520 1 519 1 518 1 517 1
1033 0 5 513 0 520 1 519 1 518 1 517 1
1034 0 5 514 0 520 1 519 1 518 1 517 1
1035 0 5 515 0 520 1 519 1 518 1 517 1
1036 0 5 516 0 520 1 519 1 518 1 517 1
1037 0 5 517 0 520 1 519 1 518 1 517 1
1038 0 5 518 0 520 1 519 1 518 1 517 1
1039 0 5 519 0 520 1 519 1 518 1 517 1
1040 0 5 520 0 520 1 519 1 518 1 517 1
-1
EOF
