1040
1 0 5 521 0 1040 1 1039 1 1038 1 1037 1
2 0 5 522 1 660 1 535 1 590 1 574 1
3 0 5 523 1 593 1 926 1 770 1 708 1
4 0 5 524 1 847 1 1000 1 787 1 934 1
5 0 5 525 1 723 1 985 1 895 1 896 1
6 0 5 526 1 877 1 552 1 784 1 531 1
7 0 5 527 1 931 1 899 1 829 1 728 1
8 0 5 528 1 744 1 778 1 641 1 763 1
9 0 5 529 1 801 1 709 1 695 1 652 1
10 0 5 530 1 932 1 698 1 1016 1 849 1
11 0 5 531 1 538 1 931 1 877 1 982 1
12 0 5 532 1 987 1 963 1 848 1 1010 1
13 0 5 533 1 567 1 673 1 937 1 717 1
14 0 5 534 1 864 1 631 1 941 1 633 1
15 0 5 535 1 791 1 732 1 951 1 989 1
16 0 5 536 1 665 1 967 1 750 1 719 1
17 0 5 537 1 996 1 1017 1 816 1 634 1
18 0 5 538 1 894 1 877 1 697 1 982 1
19 0 5 539 1 693 1 708 1 1003 1 766 1
20 0 5 540 1 954 1 668 1 763 1 889 1
21 0 5 541 1 1021 1 1002 1 740 1 897 1
22 0 5 542 1 975 1 843 1 777 1 634 1
23 0 5 543 1 947 1 757 1 714 1 871 1
24 0 5 544 1 819 1 788 1 734 1 676 1
25 0 5 545 1 808 1 911 1 858 1 900 1
26 0 5 546 1 935 1 901 1 728 1 904 1
27 0 5 547 1 614 1 859 1 652 1 960 1
28 0 5 548 1 521 1 942 1 839 1 1013 1
29 0 5 549 1 814 1 973 1 768 1 1008 1
30 0 5 550 1 923 1 633 1 536 1 665 1
31 0 5 551 1 564 1 674 1 589 1 839 1
32 0 5 552 1 526 1 784 1 877 1 531 1
33 0 5 553 1 741 1 678 1 691 1 840 1
34 0 5 554 1 558 1 688 1 614 1 640 1
35 0 5 555 1 812 1 588 1 788 1 819 1
36 0 5 556 1 521 1 957 1 522 1 660 1
37 0 5 557 1 823 1 600 1 821 1 851 1
38 0 5 558 1 554 1 688 1 614 1 640 1
39 0 5 559 1 887 1 988 1 579 1 841 1
40 0 5 560 1 562 1 987 1 687 1 630 1
41 0 5 561 1 1005 1 603 1 897 1 740 1
42 0 5 562 1 687 1 560 1 630 1 657 1
43 0 5 563 1 888 1 856 1 1004 1 664 1
44 0 5 564 1 1013 1 942 1 548 1 551 1
45 0 5 565 1 907 1 917 1 599 1 883 1
46 0 5 566 1 717 1 774 1 1019 1 924 1
47 0 5 567 1 591 1 974 1 773 1 673 1
48 0 5 568 1 891 1 734 1 710 1 767 1
49 0 5 569 1 879 1 1019 1 795 1 851 1
50 0 5 570 1 674 1 998 1 1001 1 551 1
51 0 5 571 1 786 1 648 1 852 1 920 1
52 0 5 572 1 987 1 1021 1 909 1 532 1
53 0 5 573 1 905 1 896 1 961 1 921 1
54 0 5 574 1 590 1 616 1 841 1 522 1
55 0 5 575 1 627 1 672 1 895 1 592 1
56 0 5 576 1 594 1 834 1 1006 1 917 1
57 0 5 577 1 758 1 606 1 832 1 817 1
58 0 5 578 1 918 1 846 1 616 1 813 1
59 0 5 579 1 842 1 822 1 876 1 949 1
60 0 5 580 1 629 1 790 1 745 1 568 1
61 0 5 581 1 844 1 670 1 953 1 628 1
62 0 5 582 1 612 1 816 1 686 1 606 1
63 0 5 583 1 715 1 669 1 908 1 880 1
64 0 5 584 1 659 1 596 1 646 1 667 1
65 0 5 585 1 962 1 720 1 699 1 832 1
66 0 5 586 1 677 1 553 1 805 1 835 1
67 0 5 587 1 724 1 869 1 755 1 955 1
68 0 5 588 1 628 1 847 1 789 1 797 1
69 0 5 589 1 733 1 778 1 564 1 551 1
70 0 5 590 1 522 1 574 1 535 1 660 1
71 0 5 591 1 773 1 955 1 587 1 755 1
72 0 5 592 1 971 1 622 1 977 1 631 1
73 0 5 593 1 770 1 989 1 953 1 708 1
74 0 5 594 1 656 1 898 1 834 1 576 1
75 0 5 595 1 646 1 670 1 787 1 582 1
76 0 5 596 1 667 1 921 1 584 1 777 1
77 0 5 597 1 729 1 753 1 911 1 866 1
78 0 5 598 1 826 1 960 1 547 1 701 1
79 0 5 599 1 1006 1 565 1 829 1 605 1
80 0 5 600 1 557 1 625 1 824 1 869 1
81 0 5 601 1 939 1 614 1 994 1 859 1
82 0 5 602 1 621 1 943 1 706 1 726 1
83 0 5 603 1 883 1 561 1 838 1 897 1
84 0 5 604 1 893 1 803 1 969 1 716 1
85 0 5 605 1 576 1 705 1 1006 1 917 1
86 0 5 606 1 878 1 782 1 582 1 991 1
87 0 5 607 1 886 1 657 1 850 1 1002 1
88 0 5 608 1 857 1 735 1 665 1 880 1
89 0 5 609 1 929 1 763 1 744 1 746 1
90 0 5 610 1 602 1 999 1 977 1 622 1
91 0 5 611 1 855 1 644 1 639 1 668 1
92 0 5 612 1 606 1 816 1 646 1 595 1
93 0 5 613 1 644 1 645 1 533 1 855 1
94 0 5 614 1 652 1 828 1 802 1 671 1
95 0 5 615 1 524 1 934 1 1003 1 539 1
96 0 5 616 1 574 1 846 1 988 1 913 1
97 0 5 617 1 807 1 972 1 623 1 676 1
98 0 5 618 1 783 1 681 1 969 1 814 1
99 0 5 619 1 735 1 760 1 749 1 908 1
100 0 5 620 1 873 1 999 1 1002 1 637 1
101 0 5 621 1 726 1 943 1 706 1 602 1
102 0 5 622 1 793 1 999 1 977 1 592 1
103 0 5 623 1 628 1 617 1 972 1 676 1
104 0 5 624 1 787 1 797 1 926 1 847 1
105 0 5 625 1 600 1 869 1 587 1 557 1
106 0 5 626 1 581 1 670 1 844 1 628 1
107 0 5 627 1 575 1 895 1 679 1 971 1
108 0 5 628 1 626 1 844 1 588 1 581 1
109 0 5 629 1 811 1 833 1 747 1 580 1
110 0 5 630 1 649 1 633 1 687 1 534 1
111 0 5 631 1 1007 1 971 1 868 1 534 1
112 0 5 632 1 697 1 1006 1 576 1 772 1
113 0 5 633 1 534 1 550 1 649 1 780 1
114 0 5 634 1 843 1 902 1 1017 1 975 1
115 0 5 635 1 860 1 1012 1 907 1 917 1
116 0 5 636 1 731 1 866 1 884 1 690 1
117 0 5 637 1 838 1 873 1 620 1 860 1
118 0 5 638 1 906 1 695 1 651 1 994 1
119 0 5 639 1 663 1 913 1 668 1 559 1
120 0 5 640 1 983 1 689 1 727 1 554 1
121 0 5 641 1 889 1 881 1 763 1 744 1
122 0 5 642 1 892 1 817 1 845 1 952 1
123 0 5 643 1 964 1 769 1 884 1 774 1
124 0 5 644 1 645 1 613 1 742 1 855 1
125 0 5 645 1 716 1 673 1 604 1 571 1
126 0 5 646 1 686 1 612 1 816 1 584 1
127 0 5 647 1 742 1 763 1 830 1 889 1
128 0 5 648 1 852 1 920 1 990 1 786 1
129 0 5 649 1 863 1 685 1 633 1 965 1
130 0 5 650 1 908 1 749 1 743 1 985 1
131 0 5 651 1 695 1 709 1 671 1 906 1
132 0 5 652 1 994 1 671 1 529 1 638 1
133 0 5 653 1 831 1 827 1 1004 1 928 1
134 0 5 654 1 875 1 853 1 916 1 718 1
135 0 5 655 1 821 1 692 1 901 1 824 1
136 0 5 656 1 898 1 661 1 818 1 594 1
137 0 5 657 1 532 1 886 1 607 1 848 1
138 0 5 658 1 776 1 820 1 990 1 949 1
139 0 5 659 1 584 1 646 1 861 1 667 1
140 0 5 660 1 903 1 942 1 522 1 548 1
141 0 5 661 1 818 1 656 1 898 1 919 1
142 0 5 662 1 836 1 855 1 949 1 579 1
143 0 5 663 1 809 1 945 1 887 1 841 1
144 0 5 664 1 777 1 888 1 542 1 825 1
145 0 5 665 1 779 1 536 1 967 1 608 1
146 0 5 666 1 765 1 798 1 783 1 618 1
147 0 5 667 1 704 1 584 1 910 1 659 1
148 0 5 668 1 855 1 913 1 644 1 639 1
149 0 5 669 1 880 1 840 1 583 1 908 1
150 0 5 670 1 684 1 997 1 976 1 675 1
151 0 5 671 1 1009 1 978 1 698 1 849 1
152 0 5 672 1 575 1 525 1 627 1 602 1
153 0 5 673 1 742 1 937 1 591 1 924 1
154 0 5 674 1 551 1 998 1 900 1 738 1
155 0 5 675 1 682 1 794 1 922 1 684 1
156 0 5 676 1 972 1 623 1 617 1 544 1
157 0 5 677 1 586 1 805 1 739 1 835 1
158 0 5 678 1 775 1 691 1 553 1 743 1
159 0 5 679 1 895 1 985 1 760 1 627 1
160 0 5 680 1 683 1 829 1 963 1 899 1
161 0 5 681 1 865 1 730 1 783 1 618 1
162 0 5 682 1 934 1 675 1 794 1 968 1
163 0 5 683 1 829 1 599 1 680 1 837 1
164 0 5 684 1 976 1 754 1 997 1 675 1
165 0 5 685 1 970 1 780 1 863 1 633 1
166 0 5 686 1 582 1 646 1 612 1 816 1
167 0 5 687 1 630 1 562 1 560 1 592 1
168 0 5 688 1 794 1 640 1 701 1 675 1
169 0 5 689 1 556 1 867 1 640 1 751 1
170 0 5 690 1 836 1 1020 1 884 1 662 1
171 0 5 691 1 775 1 743 1 715 1 678 1
172 0 5 692 1 655 1 821 1 982 1 824 1
173 0 5 693 1 847 1 539 1 1000 1 588 1
174 0 5 694 1 965 1 649 1 863 1 525 1
175 0 5 695 1 878 1 651 1 606 1 759 1
176 0 5 696 1 752 1 707 1 958 1 867 1
177 0 5 697 1 1006 1 824 1 982 1 632 1
178 0 5 698 1 530 1 849 1 671 1 854 1
179 0 5 699 1 720 1 962 1 789 1 585 1
180 0 5 700 1 927 1 756 1 696 1 578 1
181 0 5 701 1 640 1 794 1 688 1 867 1
182 0 5 702 1 806 1 823 1 712 1 724 1
183 0 5 703 1 938 1 766 1 933 1 617 1
184 0 5 704 1 910 1 800 1 667 1 596 1
185 0 5 705 1 917 1 883 1 565 1 605 1
186 0 5 706 1 993 1 602 1 943 1 621 1
187 0 5 707 1 1018 1 968 1 922 1 794 1
188 0 5 708 1 523 1 539 1 1003 1 887 1
189 0 5 709 1 651 1 671 1 695 1 801 1
190 0 5 710 1 748 1 734 1 737 1 891 1
191 0 5 711 1 988 1 616 1 913 1 639 1
192 0 5 712 1 1011 1 526 1 806 1 692 1
193 0 5 713 1 813 1 528 1 954 1 988 1
194 0 5 714 1 543 1 952 1 845 1 947 1
195 0 5 715 1 691 1 583 1 775 1 908 1
196 0 5 716 1 604 1 969 1 645 1 803 1
197 0 5 717 1 774 1 937 1 643 1 566 1
198 0 5 718 1 916 1 654 1 853 1 1012 1
199 0 5 719 1 750 1 771 1 959 1 649 1
200 0 5 720 1 861 1 699 1 925 1 659 1
201 0 5 721 1 872 1 746 1 636 1 733 1
202 0 5 722 1 713 1 796 1 528 1 711 1
203 0 5 723 1 525 1 896 1 743 1 905 1
204 0 5 724 1 702 1 728 1 755 1 587 1
205 0 5 725 1 897 1 1010 1 963 1 870 1
206 0 5 726 1 940 1 815 1 800 1 812 1
207 0 5 727 1 828 1 802 1 614 1 640 1
208 0 5 728 1 806 1 824 1 899 1 600 1
209 0 5 729 1 597 1 911 1 636 1 753 1
210 0 5 730 1 681 1 781 1 703 1 865 1
211 0 5 731 1 866 1 881 1 872 1 753 1
212 0 5 732 1 951 1 521 1 556 1 957 1
213 0 5 733 1 721 1 778 1 872 1 753 1
214 0 5 734 1 544 1 788 1 819 1 748 1
215 0 5 735 1 608 1 923 1 857 1 880 1
216 0 5 736 1 914 1 869 1 984 1 955 1
217 0 5 737 1 710 1 748 1 789 1 861 1
218 0 5 738 1 981 1 778 1 528 1 733 1
219 0 5 739 1 677 1 921 1 586 1 825 1
220 0 5 740 1 541 1 897 1 603 1 620 1
221 0 5 741 1 553 1 678 1 980 1 691 1
222 0 5 742 1 924 1 566 1 966 1 717 1
223 0 5 743 1 980 1 908 1 691 1 985 1
224 0 5 744 1 763 1 641 1 889 1 881 1
225 0 5 745 1 603 1 811 1 790 1 853 1
226 0 5 746 1 636 1 872 1 792 1 721 1
227 0 5 747 1 961 1 833 1 943 1 905 1
228 0 5 748 1 710 1 737 1 812 1 734 1
229 0 5 749 1 650 1 980 1 985 1 908 1
230 0 5 750 1 959 1 719 1 970 1 649 1
231 0 5 751 1 828 1 997 1 794 1 688 1
232 0 5 752 1 707 1 968 1 1018 1 922 1
233 0 5 753 1 597 1 733 1 866 1 731 1
234 0 5 754 1 976 1 684 1 997 1 593 1
235 0 5 755 1 724 1 702 1 955 1 823 1
236 0 5 756 1 927 1 696 1 700 1 983 1
237 0 5 757 1 947 1 952 1 543 1 932 1
238 0 5 758 1 577 1 817 1 874 1 956 1
239 0 5 759 1 595 1 878 1 695 1 962 1
240 0 5 760 1 619 1 908 1 1007 1 923 1
241 0 5 761 1 713 1 660 1 796 1 578 1
242 0 5 762 1 578 1 979 1 722 1 761 1
243 0 5 763 1 889 1 647 1 641 1 744 1
244 0 5 764 1 529 1 675 1 934 1 922 1
245 0 5 765 1 666 1 798 1 681 1 783 1
246 0 5 766 1 703 1 708 1 938 1 797 1
247 0 5 767 1 804 1 568 1 891 1 710 1
248 0 5 768 1 549 1 799 1 810 1 1008 1
249 0 5 769 1 1020 1 785 1 884 1 964 1
250 0 5 770 1 989 1 535 1 876 1 593 1
251 0 5 771 1 719 1 649 1 805 1 965 1
252 0 5 772 1 632 1 576 1 1006 1 870 1
253 0 5 773 1 702 1 755 1 823 1 724 1
254 0 5 774 1 643 1 717 1 769 1 964 1
255 0 5 775 1 840 1 715 1 726 1 583 1
256 0 5 776 1 820 1 990 1 559 1 658 1
257 0 5 777 1 542 1 825 1 888 1 664 1
258 0 5 778 1 528 1 733 1 731 1 721 1
259 0 5 779 1 967 1 880 1 923 1 665 1
260 0 5 780 1 550 1 633 1 534 1 868 1
261 0 5 781 1 865 1 734 1 730 1 810 1
262 0 5 782 1 801 1 997 1 1014 1 670 1
263 0 5 783 1 618 1 969 1 681 1 938 1
264 0 5 784 1 552 1 526 1 877 1 1011 1
265 0 5 785 1 964 1 884 1 769 1 1020 1
266 0 5 786 1 648 1 571 1 920 1 852 1
267 0 5 787 1 797 1 624 1 626 1 1000 1
268 0 5 788 1 555 1 819 1 544 1 812 1
269 0 5 789 1 925 1 737 1 588 1 861 1
270 0 5 790 1 745 1 969 1 768 1 865 1
271 0 5 791 1 732 1 951 1 876 1 989 1
272 0 5 792 1 830 1 746 1 636 1 924 1
273 0 5 793 1 622 1 999 1 886 1 971 1
274 0 5 794 1 701 1 688 1 675 1 867 1
275 0 5 795 1 851 1 966 1 566 1 774 1
276 0 5 796 1 540 1 711 1 713 1 918 1
277 0 5 797 1 766 1 588 1 628 1 787 1
278 0 5 798 1 666 1 765 1 783 1 730 1
279 0 5 799 1 1008 1 768 1 865 1 781 1
280 0 5 800 1 882 1 910 1 936 1 584 1
281 0 5 801 1 997 1 709 1 652 1 1014 1
282 0 5 802 1 1014 1 828 1 727 1 614 1
283 0 5 803 1 790 1 969 1 893 1 604 1
284 0 5 804 1 730 1 568 1 710 1 789 1
285 0 5 805 1 835 1 677 1 719 1 586 1
286 0 5 806 1 712 1 728 1 1011 1 546 1
287 0 5 807 1 862 1 658 1 933 1 938 1
288 0 5 808 1 911 1 900 1 545 1 858 1
289 0 5 809 1 945 1 1003 1 663 1 708 1
290 0 5 810 1 799 1 768 1 1008 1 993 1
291 0 5 811 1 561 1 1005 1 745 1 603 1
292 0 5 812 1 815 1 555 1 706 1 726 1
293 0 5 813 1 913 1 711 1 616 1 988 1
294 0 5 814 1 973 1 933 1 658 1 862 1
295 0 5 815 1 812 1 555 1 706 1 726 1
296 0 5 816 1 991 1 612 1 874 1 582 1
297 0 5 817 1 642 1 845 1 928 1 1016 1
298 0 5 818 1 661 1 834 1 656 1 594 1
299 0 5 819 1 788 1 588 1 676 1 544 1
300 0 5 820 1 876 1 990 1 776 1 949 1
301 0 5 821 1 692 1 655 1 901 1 824 1
302 0 5 822 1 842 1 836 1 949 1 662 1
303 0 5 823 1 557 1 755 1 724 1 851 1
304 0 5 824 1 901 1 935 1 600 1 982 1
305 0 5 825 1 596 1 921 1 777 1 542 1
306 0 5 826 1 960 1 547 1 688 1 675 1
307 0 5 827 1 653 1 831 1 758 1 577 1
308 0 5 828 1 751 1 727 1 614 1 802 1
309 0 5 829 1 527 1 963 1 599 1 565 1
310 0 5 830 1 792 1 889 1 746 1 924 1
311 0 5 831 1 817 1 827 1 653 1 928 1
312 0 5 832 1 577 1 758 1 606 1 962 1
313 0 5 833 1 946 1 672 1 961 1 993 1
314 0 5 834 1 818 1 594 1 576 1 656 1
315 0 5 835 1 980 1 741 1 553 1 959 1
316 0 5 836 1 579 1 822 1 662 1 949 1
317 0 5 837 1 680 1 683 1 527 1 899 1
318 0 5 838 1 637 1 635 1 860 1 917 1
319 0 5 839 1 521 1 998 1 551 1 1013 1
320 0 5 840 1 669 1 800 1 936 1 940 1
321 0 5 841 1 876 1 887 1 574 1 945 1
322 0 5 842 1 988 1 913 1 822 1 876 1
323 0 5 843 1 542 1 975 1 882 1 596 1
324 0 5 844 1 953 1 523 1 976 1 626 1
325 0 5 845 1 956 1 714 1 874 1 892 1
326 0 5 846 1 958 1 574 1 616 1 590 1
327 0 5 847 1 787 1 1000 1 797 1 789 1
328 0 5 848 1 850 1 1010 1 657 1 870 1
329 0 5 849 1 978 1 854 1 1016 1 932 1
330 0 5 850 1 607 1 848 1 657 1 885 1
331 0 5 851 1 795 1 966 1 1019 1 879 1
332 0 5 852 1 662 1 920 1 949 1 990 1
333 0 5 853 1 875 1 745 1 950 1 705 1
334 0 5 854 1 978 1 849 1 1009 1 671 1
335 0 5 855 1 644 1 645 1 668 1 559 1
336 0 5 856 1 563 1 888 1 832 1 664 1
337 0 5 857 1 608 1 959 1 750 1 735 1
338 0 5 858 1 545 1 911 1 808 1 992 1
339 0 5 859 1 601 1 939 1 614 1 652 1
340 0 5 860 1 635 1 907 1 838 1 1012 1
341 0 5 861 1 925 1 659 1 737 1 748 1
342 0 5 862 1 820 1 658 1 776 1 807 1
343 0 5 863 1 685 1 980 1 749 1 1007 1
344 0 5 864 1 534 1 868 1 941 1 923 1
345 0 5 865 1 781 1 681 1 799 1 768 1
346 0 5 866 1 753 1 881 1 944 1 597 1
347 0 5 867 1 701 1 983 1 794 1 640 1
348 0 5 868 1 864 1 923 1 941 1 631 1
349 0 5 869 1 736 1 955 1 625 1 919 1
350 0 5 870 1 772 1 873 1 1010 1 1021 1
351 0 5 871 1 928 1 948 1 653 1 892 1
352 0 5 872 1 746 1 721 1 881 1 731 1
353 0 5 873 1 870 1 637 1 620 1 1010 1
354 0 5 874 1 956 1 1017 1 845 1 991 1
355 0 5 875 1 950 1 853 1 745 1 705 1
356 0 5 876 1 579 1 841 1 770 1 887 1
357 0 5 877 1 894 1 531 1 538 1 526 1
358 0 5 878 1 759 1 695 1 606 1 962 1
359 0 5 879 1 569 1 795 1 851 1 1019 1
360 0 5 880 1 669 1 908 1 735 1 608 1
361 0 5 881 1 731 1 944 1 866 1 753 1
362 0 5 882 1 678 1 843 1 800 1 704 1
363 0 5 883 1 907 1 603 1 705 1 561 1
364 0 5 884 1 769 1 1020 1 690 1 643 1
365 0 5 885 1 850 1 848 1 607 1 1002 1
366 0 5 886 1 793 1 971 1 607 1 622 1
367 0 5 887 1 841 1 945 1 559 1 708 1
368 0 5 888 1 664 1 777 1 832 1 856 1
369 0 5 889 1 641 1 830 1 647 1 763 1
370 0 5 890 1 532 1 909 1 572 1 963 1
371 0 5 891 1 961 1 747 1 568 1 767 1
372 0 5 892 1 845 1 642 1 714 1 817 1
373 0 5 893 1 718 1 915 1 916 1 1012 1
374 0 5 894 1 904 1 877 1 538 1 982 1
375 0 5 895 1 1007 1 679 1 627 1 631 1
376 0 5 896 1 723 1 905 1 525 1 573 1
377 0 5 897 1 740 1 603 1 725 1 873 1
378 0 5 898 1 919 1 661 1 1012 1 656 1
379 0 5 899 1 527 1 1006 1 931 1 728 1
380 0 5 900 1 992 1 911 1 808 1 858 1
381 0 5 901 1 821 1 692 1 557 1 824 1
382 0 5 902 1 936 1 634 1 996 1 537 1
383 0 5 903 1 942 1 548 1 522 1 732 1
384 0 5 904 1 982 1 546 1 894 1 531 1
385 0 5 905 1 896 1 743 1 621 1 525 1
386 0 5 906 1 638 1 994 1 577 1 832 1
387 0 5 907 1 860 1 635 1 565 1 838 1
388 0 5 908 1 583 1 650 1 985 1 691 1
389 0 5 909 1 890 1 1021 1 572 1 1010 1
390 0 5 910 1 800 1 667 1 584 1 861 1
391 0 5 911 1 589 1 551 1 998 1 674 1
392 0 5 912 1 915 1 893 1 718 1 916 1
393 0 5 913 1 559 1 988 1 711 1 813 1
394 0 5 914 1 920 1 955 1 1012 1 736 1
395 0 5 915 1 803 1 853 1 893 1 718 1
396 0 5 916 1 654 1 718 1 853 1 661 1
397 0 5 917 1 605 1 565 1 576 1 635 1
398 0 5 918 1 639 1 913 1 813 1 841 1
399 0 5 919 1 984 1 736 1 914 1 1012 1
400 0 5 920 1 1020 1 662 1 990 1 914 1
401 0 5 921 1 825 1 882 1 678 1 553 1
402 0 5 922 1 764 1 682 1 675 1 934 1
403 0 5 923 1 550 1 868 1 941 1 735 1
404 0 5 924 1 566 1 742 1 769 1 966 1
405 0 5 925 1 789 1 861 1 737 1 659 1
406 0 5 926 1 1000 1 523 1 708 1 844 1
407 0 5 927 1 696 1 867 1 578 1 983 1
408 0 5 928 1 892 1 871 1 1004 1 653 1
409 0 5 929 1 647 1 792 1 763 1 609 1
410 0 5 930 1 948 1 871 1 939 1 928 1
411 0 5 931 1 899 1 531 1 728 1 829 1
412 0 5 932 1 757 1 849 1 530 1 952 1
413 0 5 933 1 807 1 658 1 862 1 776 1
414 0 5 934 1 524 1 682 1 1003 1 1000 1
415 0 5 935 1 546 1 982 1 824 1 901 1
416 0 5 936 1 667 1 542 1 704 1 596 1
417 0 5 937 1 673 1 717 1 1019 1 742 1
418 0 5 938 1 933 1 703 1 807 1 766 1
419 0 5 939 1 930 1 854 1 1009 1 671 1
420 0 5 940 1 726 1 667 1 800 1 910 1
421 0 5 941 1 977 1 923 1 592 1 864 1
422 0 5 942 1 548 1 521 1 839 1 753 1
423 0 5 943 1 621 1 602 1 706 1 961 1
424 0 5 944 1 881 1 866 1 753 1 731 1
425 0 5 945 1 1003 1 887 1 708 1 841 1
426 0 5 946 1 672 1 833 1 541 1 740 1
427 0 5 947 1 757 1 952 1 543 1 714 1
428 0 5 948 1 871 1 543 1 930 1 1004 1
429 0 5 949 1 822 1 579 1 662 1 990 1
430 0 5 950 1 1005 1 705 1 883 1 561 1
431 0 5 951 1 521 1 556 1 957 1 732 1
432 0 5 952 1 530 1 932 1 817 1 1016 1
433 0 5 953 1 593 1 754 1 844 1 976 1
434 0 5 954 1 668 1 540 1 647 1 855 1
435 0 5 955 1 869 1 587 1 823 1 591 1
436 0 5 956 1 874 1 845 1 1017 1 714 1
437 0 5 957 1 521 1 839 1 556 1 998 1
438 0 5 958 1 846 1 590 1 574 1 707 1
439 0 5 959 1 665 1 719 1 750 1 536 1
440 0 5 960 1 558 1 547 1 554 1 614 1
441 0 5 961 1 747 1 943 1 905 1 833 1
442 0 5 962 1 699 1 759 1 720 1 878 1
443 0 5 963 1 725 1 1010 1 532 1 829 1
444 0 5 964 1 785 1 884 1 830 1 566 1
445 0 5 965 1 805 1 649 1 694 1 980 1
446 0 5 966 1 920 1 571 1 924 1 1020 1
447 0 5 967 1 779 1 923 1 665 1 550 1
448 0 5 968 1 922 1 682 1 764 1 675 1
449 0 5 969 1 783 1 618 1 604 1 893 1
450 0 5 970 1 536 1 780 1 685 1 750 1
451 0 5 971 1 592 1 977 1 631 1 627 1
452 0 5 972 1 623 1 617 1 676 1 544 1
453 0 5 973 1 1012 1 814 1 571 1 969 1
454 0 5 974 1 937 1 569 1 879 1 773 1
455 0 5 975 1 634 1 843 1 902 1 1017 1
456 0 5 976 1 754 1 684 1 997 1 844 1
457 0 5 977 1 610 1 999 1 793 1 622 1
458 0 5 978 1 727 1 802 1 849 1 854 1
459 0 5 979 1 578 1 522 1 796 1 696 1
460 0 5 980 1 749 1 908 1 741 1 863 1
461 0 5 981 1 733 1 778 1 744 1 528 1
462 0 5 982 1 824 1 935 1 904 1 894 1
463 0 5 983 1 689 1 957 1 640 1 867 1
464 0 5 984 1 736 1 914 1 919 1 1012 1
465 0 5 985 1 679 1 760 1 743 1 980 1
466 0 5 986 1 981 1 589 1 738 1 900 1
467 0 5 987 1 560 1 657 1 532 1 572 1
468 0 5 988 1 711 1 616 1 559 1 579 1
469 0 5 989 1 535 1 791 1 770 1 876 1
470 0 5 990 1 949 1 822 1 658 1 776 1
471 0 5 991 1 816 1 606 1 845 1 642 1
472 0 5 992 1 858 1 808 1 545 1 900 1
473 0 5 993 1 810 1 706 1 799 1 602 1
474 0 5 994 1 906 1 671 1 638 1 652 1
475 0 5 995 1 986 1 738 1 589 1 900 1
476 0 5 996 1 816 1 902 1 537 1 634 1
477 0 5 997 1 751 1 684 1 754 1 976 1
478 0 5 998 1 521 1 551 1 839 1 911 1
479 0 5 999 1 620 1 873 1 977 1 610 1
480 0 5 1000 1 624 1 926 1 847 1 787 1
481 0 5 1001 1 700 1 756 1 927 1 957 1
482 0 5 1002 1 885 1 622 1 1021 1 620 1
483 0 5 1003 1 539 1 926 1 708 1 945 1
484 0 5 1004 1 827 1 831 1 653 1 928 1
485 0 5 1005 1 561 1 909 1 705 1 541 1
486 0 5 1006 1 599 1 576 1 605 1 632 1
487 0 5 1007 1 760 1 631 1 868 1 780 1
488 0 5 1008 1 676 1 617 1 799 1 703 1
489 0 5 1009 1 1016 1 671 1 849 1 854 1
490 0 5 1010 1 725 1 963 1 870 1 1021 1
491 0 5 1011 1 784 1 712 1 526 1 806 1
492 0 5 1012 1 919 1 914 1 984 1 916 1
493 0 5 1013 1 660 1 564 1 733 1 761 1
494 0 5 1014 1 802 1 828 1 782 1 997 1
495 0 5 1015 1 611 1 668 1 639 1 913 1
496 0 5 1016 1 698 1 530 1 849 1 932 1
497 0 5 1017 1 537 1 996 1 874 1 956 1
498 0 5 1018 1 968 1 922 1 682 1 675 1
499 0 5 1019 1 795 1 569 1 851 1 879 1
500 0 5 1020 1 690 1 920 1 836 1 884 1
501 0 5 1021 1 1002 1 909 1 572 1 541 1
502 0 5 1022 0 521 1 1022 1 1023 1 1024 1
503 0 5 1023 0 521 1 1022 1 1023 1 1024 1
504 0 5 1024 0 521 1 1022 1 1023 1 1024 1
505 0 5 1025 0 521 1 1022 1 1023 1 1024 1
506 0 5 1026 0 521 1 1022 1 1023 1 1024 1
507 0 5 1027 0 521 1 1022 1 1023 1 1024 1
508 0 5 1028 0 521 1 1022 1 1023 1 1024 1
509 0 5 1029 0 521 1 1022 1 1023 1 1024 1
510 0 5 1030 0 521 1 1022 1 1023 1 1024 1
511 0 5 1031 0 521 1 1022 1 1023 1 1024 1
512 0 5 1032 0 521 1 1022 1 1023 1 1024 1
513 0 5 1033 0 521 1 1022 1 1023 1 1024 1
514 0 5 1034 0 521 1 1022 1 1023 1 1024 1
515 0 5 1035 0 521 1 1022 1 1023 1 1024 1
516 0 5 1036 0 521 1 1022 1 1023 1 1024 1
517 0 5 1037 0 521 1 1022 1 1023 1 1024 1
518 0 5 1038 0 521 1 1022 1 1023 1 1024 1
519 0 5 1039 0 521 1 1022 1 1023 1 1024 1
520 0 5 1040 0 521 1 1022 1 1023 1 1024 1
521 0 5 1 0 520 1 519 1 518 1 517 1
522 0 5 2 1 70 1 54 1 356 1 438 1
523 0 5 3 1 188 1 406 1 324 1 277 1
524 0 5 4 1 414 1 95 1 327 1 173 1
525 0 5 5 1 203 1 152 1 376 1 423 1
526 0 5 6 1 32 1 491 1 264 1 286 1
527 0 5 7 1 309 1 379 1 208 1 163 1
528 0 5 8 1 258 1 193 1 461 1 224 1
529 0 5 9 1 244 1 132 1 402 1 94 1
530 0 5 10 1 178 1 496 1 412 1 329 1
531 0 5 11 1 357 1 411 1 384 1 6 1
532 0 5 12 1 137 1 370 1 467 1 443 1
533 0 5 13 1 127 1 93 1 47 1 197 1
534 0 5 14 1 344 1 113 1 111 1 260 1
535 0 5 15 1 356 1 469 1 2 1 70 1
536 0 5 16 1 450 1 145 1 30 1 439 1
537 0 5 17 1 497 1 476 1 382 1 114 1
538 0 5 18 1 11 1 357 1 374 1 112 1
539 0 5 19 1 483 1 188 1 173 1 425 1
540 0 5 20 1 276 1 434 1 243 1 322 1
541 0 5 21 1 220 1 501 1 485 1 377 1
542 0 5 22 1 257 1 323 1 305 1 455 1
543 0 5 23 1 194 1 428 1 427 1 237 1
544 0 5 24 1 214 1 268 1 299 1 261 1
545 0 5 25 1 338 1 288 1 472 1 380 1
546 0 5 26 1 415 1 384 1 462 1 208 1
547 0 5 27 1 440 1 306 1 34 1 94 1
548 0 5 28 1 422 1 383 1 44 1 493 1
549 0 5 29 1 248 1 488 1 492 1 294 1
550 0 5 30 1 403 1 260 1 113 1 215 1
551 0 5 31 1 154 1 391 1 478 1 69 1
552 0 5 32 1 264 1 6 1 491 1 357 1
553 0 5 33 1 221 1 66 1 158 1 315 1
554 0 5 34 1 38 1 440 1 27 1 120 1
555 0 5 35 1 268 1 295 1 292 1 228 1
556 0 5 36 1 212 1 383 1 2 1 431 1
557 0 5 37 1 80 1 303 1 381 1 304 1
558 0 5 38 1 440 1 34 1 155 1 27 1
559 0 5 39 1 393 1 468 1 367 1 321 1
560 0 5 40 1 467 1 42 1 52 1 110 1
561 0 5 41 1 83 1 291 1 485 1 363 1
562 0 5 42 1 40 1 167 1 110 1 52 1
563 0 5 43 1 336 1 484 1 144 1 368 1
564 0 5 44 1 31 1 493 1 69 1 154 1
565 0 5 45 1 387 1 79 1 185 1 397 1
566 0 5 46 1 404 1 222 1 275 1 197 1
567 0 5 47 1 13 1 71 1 417 1 253 1
568 0 5 48 1 284 1 247 1 371 1 190 1
569 0 5 49 1 359 1 499 1 454 1 331 1
570 0 5 50 1 1 1 154 1 180 1 31 1
571 0 5 51 1 464 1 446 1 125 1 266 1
572 0 5 52 1 501 1 389 1 21 1 467 1
573 0 5 53 1 376 1 441 1 385 1 401 1
574 0 5 54 1 96 1 326 1 70 1 321 1
575 0 5 55 1 152 1 107 1 375 1 159 1
576 0 5 56 1 486 1 85 1 314 1 397 1
577 0 5 57 1 312 1 238 1 307 1 311 1
578 0 5 58 1 459 1 242 1 241 1 326 1
579 0 5 59 1 356 1 429 1 39 1 468 1
580 0 5 60 1 245 1 109 1 225 1 371 1
581 0 5 61 1 106 1 108 1 75 1 150 1
582 0 5 62 1 166 1 86 1 75 1 126 1
583 0 5 63 1 388 1 195 1 255 1 229 1
584 0 5 64 1 139 1 147 1 76 1 390 1
585 0 5 65 1 179 1 200 1 442 1 312 1
586 0 5 66 1 157 1 219 1 285 1 401 1
587 0 5 67 1 435 1 71 1 105 1 235 1
588 0 5 68 1 299 1 277 1 173 1 269 1
589 0 5 69 1 391 1 466 1 31 1 154 1
590 0 5 70 1 54 1 2 1 438 1 326 1
591 0 5 71 1 47 1 153 1 435 1 253 1
592 0 5 72 1 451 1 111 1 55 1 107 1
593 0 5 73 1 433 1 3 1 406 1 188 1
594 0 5 74 1 56 1 314 1 136 1 298 1
595 0 5 75 1 239 1 62 1 86 1 358 1
596 0 5 76 1 64 1 305 1 323 1 147 1
597 0 5 77 1 209 1 233 1 346 1 211 1
598 0 5 78 1 463 1 231 1 169 1 347 1
599 0 5 79 1 486 1 45 1 309 1 163 1
600 0 5 80 1 105 1 37 1 304 1 208 1
601 0 5 81 1 339 1 27 1 94 1 419 1
602 0 5 82 1 90 1 423 1 186 1 101 1
603 0 5 83 1 363 1 225 1 41 1 291 1
604 0 5 84 1 196 1 449 1 373 1 125 1
605 0 5 85 1 397 1 79 1 185 1 486 1
606 0 5 86 1 92 1 57 1 312 1 75 1
607 0 5 87 1 330 1 365 1 137 1 366 1
608 0 5 88 1 215 1 337 1 360 1 230 1
609 0 5 89 1 243 1 409 1 8 1 224 1
610 0 5 90 1 457 1 479 1 107 1 72 1
611 0 5 91 1 495 1 191 1 119 1 124 1
612 0 5 92 1 62 1 296 1 126 1 166 1
613 0 5 93 1 124 1 434 1 335 1 148 1
614 0 5 94 1 27 1 207 1 34 1 81 1
615 0 5 95 1 4 1 414 1 483 1 104 1
616 0 5 96 1 191 1 468 1 293 1 54 1
617 0 5 97 1 452 1 488 1 156 1 103 1
618 0 5 98 1 263 1 449 1 161 1 246 1
619 0 5 99 1 240 1 215 1 487 1 465 1
620 0 5 100 1 479 1 353 1 482 1 273 1
621 0 5 101 1 82 1 423 1 186 1 295 1
622 0 5 102 1 273 1 72 1 366 1 482 1
623 0 5 103 1 452 1 97 1 156 1 299 1
624 0 5 104 1 480 1 267 1 327 1 277 1
625 0 5 105 1 80 1 349 1 37 1 67 1
626 0 5 106 1 108 1 267 1 324 1 277 1
627 0 5 107 1 55 1 375 1 152 1 159 1
628 0 5 108 1 68 1 277 1 103 1 106 1
629 0 5 109 1 60 1 225 1 291 1 227 1
630 0 5 110 1 167 1 42 1 14 1 40 1
631 0 5 111 1 14 1 487 1 451 1 72 1
632 0 5 112 1 252 1 486 1 56 1 350 1
633 0 5 113 1 30 1 260 1 110 1 14 1
634 0 5 114 1 455 1 382 1 22 1 323 1
635 0 5 115 1 340 1 387 1 318 1 397 1
636 0 5 116 1 226 1 444 1 272 1 201 1
637 0 5 117 1 318 1 353 1 100 1 83 1
638 0 5 118 1 132 1 474 1 386 1 9 1
639 0 5 119 1 398 1 191 1 148 1 91 1
640 0 5 120 1 168 1 181 1 34 1 207 1
641 0 5 121 1 369 1 224 1 243 1 8 1
642 0 5 122 1 297 1 372 1 325 1 408 1
643 0 5 123 1 254 1 197 1 359 1 275 1
644 0 5 124 1 335 1 93 1 148 1 434 1
645 0 5 125 1 124 1 335 1 93 1 196 1
646 0 5 126 1 139 1 75 1 64 1 166 1
647 0 5 127 1 409 1 243 1 369 1 434 1
648 0 5 128 1 266 1 51 1 332 1 453 1
649 0 5 129 1 113 1 230 1 174 1 445 1
650 0 5 130 1 229 1 388 1 223 1 99 1
651 0 5 131 1 189 1 175 1 281 1 118 1
652 0 5 132 1 94 1 27 1 155 1 281 1
653 0 5 133 1 307 1 484 1 408 1 311 1
654 0 5 134 1 396 1 198 1 373 1 355 1
655 0 5 135 1 172 1 301 1 381 1 26 1
656 0 5 136 1 74 1 298 1 141 1 314 1
657 0 5 137 1 467 1 87 1 330 1 328 1
658 0 5 138 1 413 1 287 1 294 1 300 1
659 0 5 139 1 64 1 341 1 200 1 147 1
660 0 5 140 1 2 1 493 1 241 1 468 1
661 0 5 141 1 298 1 136 1 378 1 396 1
662 0 5 142 1 332 1 400 1 316 1 335 1
663 0 5 143 1 119 1 289 1 91 1 321 1
664 0 5 144 1 368 1 43 1 257 1 336 1
665 0 5 145 1 439 1 16 1 360 1 230 1
666 0 5 146 1 278 1 245 1 210 1 161 1
667 0 5 147 1 76 1 390 1 184 1 64 1
668 0 5 148 1 434 1 335 1 119 1 191 1
669 0 5 149 1 320 1 360 1 63 1 255 1
670 0 5 150 1 61 1 75 1 106 1 262 1
671 0 5 151 1 474 1 178 1 132 1 489 1
672 0 5 152 1 426 1 55 1 313 1 159 1
673 0 5 153 1 417 1 125 1 71 1 197 1
674 0 5 154 1 50 1 31 1 1 1 391 1
675 0 5 155 1 162 1 402 1 448 1 498 1
676 0 5 156 1 488 1 299 1 452 1 97 1
677 0 5 157 1 219 1 66 1 285 1 401 1
678 0 5 158 1 362 1 221 1 33 1 171 1
679 0 5 159 1 465 1 375 1 107 1 5 1
680 0 5 160 1 317 1 163 1 357 1 379 1
681 0 5 161 1 210 1 98 1 345 1 263 1
682 0 5 162 1 155 1 448 1 414 1 402 1
683 0 5 163 1 160 1 317 1 79 1 379 1
684 0 5 164 1 150 1 456 1 155 1 324 1
685 0 5 165 1 343 1 450 1 129 1 260 1
686 0 5 166 1 126 1 62 1 75 1 296 1
687 0 5 167 1 42 1 110 1 52 1 40 1
688 0 5 168 1 274 1 38 1 34 1 181 1
689 0 5 169 1 231 1 463 1 120 1 347 1
690 0 5 170 1 500 1 364 1 249 1 265 1
691 0 5 171 1 195 1 158 1 221 1 223 1
692 0 5 172 1 301 1 135 1 381 1 192 1
693 0 5 173 1 19 1 327 1 4 1 480 1
694 0 5 174 1 445 1 465 1 460 1 343 1
695 0 5 175 1 131 1 189 1 358 1 239 1
696 0 5 176 1 407 1 347 1 242 1 2 1
697 0 5 177 1 112 1 18 1 486 1 462 1
698 0 5 178 1 496 1 10 1 151 1 329 1
699 0 5 179 1 442 1 200 1 65 1 75 1
700 0 5 180 1 481 1 1 1 236 1 50 1
701 0 5 181 1 274 1 168 1 347 1 176 1
702 0 5 182 1 204 1 253 1 235 1 208 1
703 0 5 183 1 246 1 418 1 210 1 263 1
704 0 5 184 1 147 1 76 1 362 1 323 1
705 0 5 185 1 430 1 85 1 363 1 485 1
706 0 5 186 1 473 1 101 1 423 1 295 1
707 0 5 187 1 232 1 176 1 438 1 498 1
708 0 5 188 1 246 1 483 1 406 1 289 1
709 0 5 189 1 281 1 9 1 131 1 175 1
710 0 5 190 1 228 1 217 1 284 1 48 1
711 0 5 191 1 468 1 293 1 393 1 96 1
712 0 5 192 1 286 1 491 1 182 1 6 1
713 0 5 193 1 202 1 241 1 258 1 276 1
714 0 5 194 1 23 1 325 1 372 1 427 1
715 0 5 195 1 63 1 171 1 255 1 388 1
716 0 5 196 1 125 1 124 1 84 1 392 1
717 0 5 197 1 46 1 417 1 254 1 454 1
718 0 5 198 1 373 1 396 1 392 1 395 1
719 0 5 199 1 251 1 230 1 439 1 445 1
720 0 5 200 1 179 1 65 1 442 1 341 1
721 0 5 201 1 213 1 352 1 226 1 258 1
722 0 5 202 1 322 1 28 1 276 1 493 1
723 0 5 203 1 376 1 5 1 423 1 441 1
724 0 5 204 1 235 1 67 1 182 1 303 1
725 0 5 205 1 443 1 490 1 377 1 12 1
726 0 5 206 1 101 1 295 1 255 1 82 1
727 0 5 207 1 458 1 282 1 329 1 308 1
728 0 5 208 1 411 1 286 1 204 1 379 1
729 0 5 209 1 116 1 77 1 233 1 201 1
730 0 5 210 1 284 1 161 1 261 1 345 1
731 0 5 211 1 116 1 361 1 258 1 352 1
732 0 5 212 1 15 1 271 1 2 1 383 1
733 0 5 213 1 69 1 258 1 461 1 493 1
734 0 5 214 1 261 1 190 1 24 1 228 1
735 0 5 215 1 99 1 88 1 403 1 337 1
736 0 5 216 1 349 1 464 1 399 1 435 1
737 0 5 217 1 269 1 228 1 405 1 190 1
738 0 5 218 1 466 1 475 1 154 1 461 1
739 0 5 219 1 144 1 66 1 157 1 401 1
740 0 5 220 1 377 1 21 1 41 1 83 1
741 0 5 221 1 33 1 315 1 460 1 158 1
742 0 5 222 1 153 1 404 1 127 1 197 1
743 0 5 223 1 171 1 385 1 130 1 158 1
744 0 5 224 1 8 1 243 1 258 1 121 1
745 0 5 225 1 270 1 291 1 333 1 355 1
746 0 5 226 1 352 1 272 1 201 1 310 1
747 0 5 227 1 441 1 371 1 109 1 385 1
748 0 5 228 1 190 1 217 1 341 1 48 1
749 0 5 229 1 460 1 130 1 99 1 343 1
750 0 5 230 1 199 1 337 1 439 1 16 1
751 0 5 231 1 308 1 477 1 120 1 168 1
752 0 5 232 1 176 1 438 1 274 1 347 1
753 0 5 233 1 346 1 211 1 213 1 493 1
754 0 5 234 1 456 1 164 1 477 1 155 1
755 0 5 235 1 253 1 303 1 204 1 67 1
756 0 5 236 1 180 1 481 1 1 1 407 1
757 0 5 237 1 427 1 23 1 412 1 428 1
758 0 5 238 1 57 1 312 1 307 1 311 1
759 0 5 239 1 358 1 442 1 86 1 175 1
760 0 5 240 1 487 1 465 1 99 1 159 1
761 0 5 241 1 1 1 493 1 44 1 242 1
762 0 5 242 1 1 1 180 1 407 1 50 1
763 0 5 243 1 224 1 409 1 121 1 8 1
764 0 5 244 1 402 1 448 1 498 1 187 1
765 0 5 245 1 146 1 278 1 210 1 161 1
766 0 5 246 1 277 1 183 1 418 1 210 1
767 0 5 247 1 48 1 371 1 214 1 405 1
768 0 5 248 1 290 1 279 1 261 1 270 1
769 0 5 249 1 364 1 123 1 265 1 404 1
770 0 5 250 1 73 1 3 1 406 1 356 1
771 0 5 251 1 445 1 285 1 199 1 129 1
772 0 5 252 1 350 1 45 1 56 1 112 1
773 0 5 253 1 71 1 47 1 454 1 235 1
774 0 5 254 1 197 1 46 1 123 1 275 1
775 0 5 255 1 158 1 171 1 195 1 362 1
776 0 5 256 1 138 1 300 1 413 1 287 1
777 0 5 257 1 144 1 305 1 22 1 368 1
778 0 5 258 1 213 1 69 1 218 1 8 1
779 0 5 259 1 145 1 360 1 16 1 230 1
780 0 5 260 1 165 1 450 1 113 1 16 1
781 0 5 261 1 345 1 210 1 279 1 270 1
782 0 5 262 1 494 1 86 1 281 1 150 1
783 0 5 263 1 98 1 449 1 161 1 294 1
784 0 5 264 1 32 1 491 1 6 1 286 1
785 0 5 265 1 444 1 249 1 123 1 404 1
786 0 5 266 1 51 1 128 1 446 1 332 1
787 0 5 267 1 104 1 327 1 277 1 4 1
788 0 5 268 1 299 1 24 1 214 1 35 1
789 0 5 269 1 405 1 217 1 327 1 68 1
790 0 5 270 1 283 1 225 1 60 1 333 1
791 0 5 271 1 15 1 469 1 356 1 2 1
792 0 5 272 1 310 1 409 1 226 1 404 1
793 0 5 273 1 102 1 366 1 482 1 72 1
794 0 5 274 1 168 1 181 1 155 1 347 1
795 0 5 275 1 499 1 331 1 359 1 49 1
796 0 5 276 1 241 1 202 1 322 1 58 1
797 0 5 277 1 267 1 104 1 327 1 246 1
798 0 5 278 1 245 1 146 1 210 1 161 1
799 0 5 279 1 290 1 248 1 345 1 261 1
800 0 5 280 1 390 1 184 1 362 1 206 1
801 0 5 281 1 262 1 9 1 155 1 189 1
802 0 5 282 1 494 1 207 1 458 1 94 1
803 0 5 283 1 395 1 84 1 373 1 196 1
804 0 5 284 1 247 1 210 1 190 1 228 1
805 0 5 285 1 445 1 66 1 157 1 199 1
806 0 5 286 1 182 1 208 1 491 1 192 1
807 0 5 287 1 413 1 97 1 418 1 294 1
808 0 5 288 1 25 1 1 1 50 1 338 1
809 0 5 289 1 143 1 119 1 321 1 91 1
810 0 5 290 1 473 1 248 1 261 1 279 1
811 0 5 291 1 109 1 225 1 41 1 485 1
812 0 5 292 1 295 1 35 1 228 1 268 1
813 0 5 293 1 193 1 393 1 398 1 96 1
814 0 5 294 1 29 1 488 1 98 1 449 1
815 0 5 295 1 292 1 101 1 206 1 35 1
816 0 5 296 1 476 1 62 1 166 1 126 1
817 0 5 297 1 311 1 122 1 408 1 372 1
818 0 5 298 1 314 1 141 1 136 1 56 1
819 0 5 299 1 268 1 24 1 35 1 214 1
820 0 5 300 1 256 1 342 1 138 1 287 1
821 0 5 301 1 381 1 135 1 37 1 172 1
822 0 5 302 1 429 1 59 1 470 1 316 1
823 0 5 303 1 37 1 182 1 435 1 253 1
824 0 5 304 1 462 1 208 1 415 1 80 1
825 0 5 305 1 401 1 257 1 22 1 144 1
826 0 5 306 1 78 1 440 1 232 1 498 1
827 0 5 307 1 484 1 133 1 311 1 43 1
828 0 5 308 1 282 1 207 1 494 1 94 1
829 0 5 309 1 163 1 79 1 411 1 160 1
830 0 5 310 1 272 1 369 1 444 1 226 1
831 0 5 311 1 133 1 484 1 307 1 408 1
832 0 5 312 1 442 1 57 1 368 1 336 1
833 0 5 313 1 109 1 227 1 426 1 441 1
834 0 5 314 1 56 1 298 1 74 1 85 1
835 0 5 315 1 285 1 66 1 157 1 230 1
836 0 5 316 1 142 1 170 1 332 1 500 1
837 0 5 317 1 163 1 357 1 379 1 11 1
838 0 5 318 1 117 1 387 1 340 1 83 1
839 0 5 319 1 31 1 422 1 28 1 478 1
840 0 5 320 1 255 1 362 1 149 1 33 1
841 0 5 321 1 367 1 39 1 425 1 54 1
842 0 5 322 1 302 1 59 1 356 1 468 1
843 0 5 323 1 114 1 362 1 22 1 455 1
844 0 5 324 1 61 1 106 1 406 1 3 1
845 0 5 325 1 372 1 297 1 436 1 354 1
846 0 5 326 1 438 1 96 1 58 1 293 1
847 0 5 327 1 4 1 173 1 68 1 267 1
848 0 5 328 1 330 1 365 1 12 1 501 1
849 0 5 329 1 334 1 178 1 496 1 412 1
850 0 5 330 1 328 1 365 1 87 1 137 1
851 0 5 331 1 275 1 359 1 499 1 303 1
852 0 5 332 1 128 1 142 1 335 1 266 1
853 0 5 333 1 134 1 198 1 395 1 396 1
854 0 5 334 1 329 1 419 1 178 1 458 1
855 0 5 335 1 148 1 142 1 119 1 91 1
856 0 5 336 1 386 1 43 1 368 1 144 1
857 0 5 337 1 88 1 215 1 460 1 260 1
858 0 5 338 1 472 1 25 1 288 1 380 1
859 0 5 339 1 27 1 81 1 94 1 132 1
860 0 5 340 1 115 1 387 1 318 1 83 1
861 0 5 341 1 200 1 405 1 217 1 139 1
862 0 5 342 1 287 1 453 1 413 1 97 1
863 0 5 343 1 129 1 165 1 460 1 229 1
864 0 5 344 1 348 1 14 1 113 1 403 1
865 0 5 345 1 161 1 261 1 210 1 279 1
866 0 5 346 1 211 1 361 1 424 1 233 1
867 0 5 347 1 231 1 181 1 407 1 176 1
868 0 5 348 1 344 1 403 1 111 1 113 1
869 0 5 349 1 105 1 435 1 67 1 216 1
870 0 5 350 1 353 1 490 1 205 1 328 1
871 0 5 351 1 428 1 408 1 23 1 410 1
872 0 5 352 1 201 1 226 1 258 1 211 1
873 0 5 353 1 100 1 117 1 479 1 350 1
874 0 5 354 1 436 1 325 1 238 1 497 1
875 0 5 355 1 333 1 134 1 225 1 185 1
876 0 5 356 1 321 1 59 1 367 1 54 1
877 0 5 357 1 18 1 6 1 374 1 264 1
878 0 5 358 1 175 1 86 1 239 1 442 1
879 0 5 359 1 49 1 454 1 499 1 331 1
880 0 5 360 1 149 1 215 1 63 1 88 1
881 0 5 361 1 121 1 211 1 424 1 352 1
882 0 5 362 1 280 1 401 1 323 1 390 1
883 0 5 363 1 83 1 185 1 45 1 41 1
884 0 5 364 1 444 1 265 1 123 1 249 1
885 0 5 365 1 482 1 330 1 328 1 501 1
886 0 5 366 1 87 1 137 1 273 1 72 1
887 0 5 367 1 39 1 321 1 425 1 289 1
888 0 5 368 1 43 1 336 1 144 1 257 1
889 0 5 369 1 121 1 243 1 310 1 224 1
890 0 5 370 1 389 1 52 1 501 1 485 1
891 0 5 371 1 48 1 190 1 247 1 441 1
892 0 5 372 1 122 1 408 1 325 1 351 1
893 0 5 373 1 84 1 392 1 395 1 449 1
894 0 5 374 1 18 1 357 1 384 1 462 1
895 0 5 375 1 159 1 107 1 55 1 5 1
896 0 5 376 1 385 1 203 1 423 1 441 1
897 0 5 377 1 205 1 41 1 220 1 21 1
898 0 5 378 1 136 1 74 1 141 1 396 1
899 0 5 379 1 411 1 7 1 208 1 163 1
900 0 5 380 1 154 1 288 1 472 1 466 1
901 0 5 381 1 304 1 26 1 415 1 135 1
902 0 5 382 1 476 1 114 1 455 1 280 1
903 0 5 383 1 140 1 493 1 2 1 468 1
904 0 5 384 1 374 1 462 1 26 1 6 1
905 0 5 385 1 376 1 53 1 441 1 423 1
906 0 5 386 1 118 1 474 1 131 1 189 1
907 0 5 387 1 363 1 45 1 340 1 115 1
908 0 5 388 1 130 1 223 1 360 1 460 1
909 0 5 389 1 485 1 501 1 370 1 52 1
910 0 5 390 1 184 1 280 1 147 1 362 1
911 0 5 391 1 288 1 25 1 338 1 209 1
912 0 5 392 1 395 1 373 1 396 1 196 1
913 0 5 393 1 293 1 398 1 191 1 119 1
914 0 5 394 1 216 1 464 1 492 1 399 1
915 0 5 395 1 392 1 373 1 198 1 396 1
916 0 5 396 1 198 1 373 1 492 1 395 1
917 0 5 397 1 185 1 45 1 85 1 56 1
918 0 5 398 1 58 1 191 1 276 1 321 1
919 0 5 399 1 378 1 492 1 141 1 464 1
920 0 5 400 1 446 1 332 1 128 1 500 1
921 0 5 401 1 219 1 305 1 76 1 66 1
922 0 5 402 1 448 1 155 1 498 1 232 1
923 0 5 403 1 30 1 215 1 348 1 113 1
924 0 5 404 1 222 1 197 1 417 1 446 1
925 0 5 405 1 269 1 341 1 200 1 217 1
926 0 5 406 1 3 1 483 1 104 1 277 1
927 0 5 407 1 180 1 236 1 1 1 481 1
928 0 5 408 1 351 1 297 1 133 1 311 1
929 0 5 409 1 89 1 127 1 243 1 224 1
930 0 5 410 1 419 1 428 1 351 1 408 1
931 0 5 411 1 7 1 379 1 11 1 462 1
932 0 5 412 1 10 1 496 1 329 1 178 1
933 0 5 413 1 418 1 294 1 287 1 183 1
934 0 5 414 1 162 1 155 1 95 1 448 1
935 0 5 415 1 26 1 462 1 304 1 384 1
936 0 5 416 1 382 1 280 1 320 1 362 1
937 0 5 417 1 153 1 454 1 197 1 13 1
938 0 5 418 1 183 1 246 1 263 1 287 1
939 0 5 419 1 81 1 474 1 410 1 339 1
940 0 5 420 1 206 1 280 1 255 1 362 1
941 0 5 421 1 344 1 14 1 348 1 403 1
942 0 5 422 1 383 1 28 1 44 1 493 1
943 0 5 423 1 441 1 82 1 101 1 186 1
944 0 5 424 1 361 1 121 1 493 1 211 1
945 0 5 425 1 289 1 367 1 483 1 438 1
946 0 5 426 1 313 1 52 1 227 1 109 1
947 0 5 427 1 237 1 23 1 412 1 194 1
948 0 5 428 1 410 1 351 1 408 1 484 1
949 0 5 429 1 470 1 332 1 300 1 142 1
950 0 5 430 1 355 1 333 1 485 1 134 1
951 0 5 431 1 212 1 271 1 15 1 2 1
952 0 5 432 1 194 1 427 1 237 1 412 1
953 0 5 433 1 324 1 3 1 406 1 73 1
954 0 5 434 1 20 1 193 1 243 1 148 1
955 0 5 435 1 349 1 71 1 235 1 67 1
956 0 5 436 1 354 1 325 1 238 1 194 1
957 0 5 437 1 36 1 212 1 431 1 481 1
958 0 5 438 1 326 1 176 1 58 1 425 1
959 0 5 439 1 230 1 337 1 199 1 315 1
960 0 5 440 1 306 1 78 1 155 1 34 1
961 0 5 441 1 227 1 371 1 423 1 313 1
962 0 5 442 1 65 1 4 1 179 1 327 1
963 0 5 443 1 309 1 490 1 12 1 370 1
964 0 5 444 1 265 1 123 1 272 1 254 1
965 0 5 445 1 174 1 285 1 129 1 130 1
966 0 5 446 1 275 1 331 1 222 1 404 1
967 0 5 447 1 259 1 16 1 145 1 30 1
968 0 5 448 1 498 1 232 1 187 1 162 1
969 0 5 449 1 84 1 283 1 270 1 98 1
970 0 5 450 1 165 1 230 1 199 1 439 1
971 0 5 451 1 72 1 111 1 366 1 273 1
972 0 5 452 1 156 1 97 1 488 1 103 1
973 0 5 453 1 294 1 29 1 492 1 449 1
974 0 5 454 1 47 1 182 1 253 1 71 1
975 0 5 455 1 22 1 323 1 114 1 280 1
976 0 5 456 1 164 1 150 1 324 1 234 1
977 0 5 457 1 72 1 451 1 102 1 479 1
978 0 5 458 1 329 1 334 1 151 1 178 1
979 0 5 459 1 1 1 242 1 236 1 481 1
980 0 5 460 1 223 1 229 1 221 1 343 1
981 0 5 461 1 218 1 466 1 258 1 69 1
982 0 5 462 1 384 1 415 1 304 1 374 1
983 0 5 463 1 120 1 347 1 181 1 274 1
984 0 5 464 1 399 1 492 1 216 1 141 1
985 0 5 465 1 5 1 159 1 130 1 223 1
986 0 5 466 1 475 1 461 1 218 1 31 1
987 0 5 467 1 12 1 52 1 40 1 370 1
988 0 5 468 1 393 1 191 1 39 1 96 1
989 0 5 469 1 250 1 73 1 356 1 15 1
990 0 5 470 1 300 1 256 1 332 1 138 1
991 0 5 471 1 296 1 86 1 436 1 354 1
992 0 5 472 1 380 1 288 1 338 1 154 1
993 0 5 473 1 186 1 100 1 290 1 479 1
994 0 5 474 1 132 1 94 1 118 1 386 1
995 0 5 475 1 1 1 69 1 154 1 77 1
996 0 5 476 1 17 1 497 1 382 1 114 1
997 0 5 477 1 281 1 262 1 150 1 164 1
998 0 5 478 1 50 1 154 1 31 1 391 1
999 0 5 479 1 100 1 273 1 102 1 90 1
1000 0 5 480 1 406 1 267 1 327 1 173 1
1001 0 5 481 1 1 1 50 1 180 1 236 1
1002 0 5 482 1 501 1 21 1 100 1 365 1
1003 0 5 483 1 425 1 289 1 414 1 188 1
1004 0 5 484 1 408 1 133 1 43 1 410 1
1005 0 5 485 1 430 1 41 1 291 1 363 1
1006 0 5 486 1 79 1 379 1 85 1 56 1
1007 0 5 487 1 375 1 111 1 260 1 159 1
1008 0 5 488 1 279 1 248 1 290 1 183 1
1009 0 5 489 1 151 1 334 1 419 1 297 1
1010 0 5 490 1 205 1 328 1 443 1 501 1
1011 0 5 491 1 192 1 264 1 6 1 286 1
1012 0 5 492 1 378 1 115 1 396 1 373 1
1013 0 5 493 1 44 1 258 1 69 1 28 1
1014 0 5 494 1 282 1 262 1 94 1 458 1
1015 0 5 495 1 276 1 322 1 191 1 39 1
1016 0 5 496 1 489 1 329 1 10 1 297 1
1017 0 5 497 1 354 1 114 1 436 1 382 1
1018 0 5 498 1 187 1 232 1 438 1 274 1
1019 0 5 499 1 46 1 49 1 359 1 331 1
1020 0 5 500 1 249 1 400 1 364 1 265 1
1021 0 5 501 1 21 1 52 1 389 1 490 1
1022 0 5 502 0 520 1 519 1 518 1 517 1
1023 0 5 503 0 520 1 519 1 518 1 517 1
1024 0 5 504 0 520 1 519 1 518 1 517 1
1025 0 5 505 0 520 1 519 1 518 1 517 1
1026 0 5 506 0 520 1 519 1 518 1 517 1
1027 0 5 507 0 520 1 519 1 518 1 517 1
1028 0 5 508 0 520 1 519 1 518 1 517 1
1029 0 5 509 0 520 1 519 1 518 1 517 1
1030 0 5 510 0 520 1 519 1 518 1 517 1
1031 0 5 511 0 520 1 519 1 518 1 517 1
1032 0 5 512 0 520 1 519 1 518 1 517 1
1033 0 5 513 0 520 1 519 1 518 1 517 1
1034 0 5 514 0 520 1 519 1 518 1 517 1
1035 0 5 515 0 520 1 519 1 518 1 517 1
1036 0 5 516 0 520 1 519 1 518 1 517 1
1037 0 5 517 0 520 1 519 1 518 1 517 1
1038 0 5 518 0 520 1 519 1 518 1 517 1
1039 0 5 519 0 520 1 519 1 518 1 517 1
1040 0 5 520 0 520 1 519 1 518 1 517 1
-1
EOF
