1040
1 0 5 521 0 1040 1 1039 1 1038 1 1037 1
2 0 5 522 1 734 1 895 1 945 1 628 1
3 0 5 523 1 521 1 842 1 582 1 780 1
4 0 5 524 1 608 1 752 1 1020 1 684 1
5 0 5 525 1 572 1 709 1 907 1 931 1
6 0 5 526 1 717 1 991 1 931 1 947 1
7 0 5 527 1 584 1 663 1 693 1 986 1
8 0 5 528 1 905 1 613 1 792 1 632 1
9 0 5 529 1 553 1 585 1 816 1 696 1
10 0 5 530 1 893 1 801 1 832 1 551 1
11 0 5 531 1 529 1 635 1 766 1 696 1
12 0 5 532 1 549 1 548 1 563 1 793 1
13 0 5 533 1 783 1 824 1 665 1 720 1
14 0 5 534 1 910 1 634 1 924 1 836 1
15 0 5 535 1 761 1 832 1 682 1 702 1
16 0 5 536 1 732 1 720 1 607 1 1021 1
17 0 5 537 1 876 1 739 1 921 1 886 1
18 0 5 538 1 943 1 886 1 871 1 660 1
19 0 5 539 1 646 1 750 1 856 1 573 1
20 0 5 540 1 670 1 958 1 691 1 930 1
21 0 5 541 1 640 1 1002 1 709 1 984 1
22 0 5 542 1 794 1 667 1 791 1 652 1
23 0 5 543 1 808 1 996 1 804 1 967 1
24 0 5 544 1 995 1 1009 1 935 1 610 1
25 0 5 545 1 583 1 697 1 860 1 553 1
26 0 5 546 1 1014 1 658 1 897 1 786 1
27 0 5 547 1 790 1 674 1 848 1 858 1
28 0 5 548 1 741 1 919 1 856 1 853 1
29 0 5 549 1 532 1 868 1 793 1 548 1
30 0 5 550 1 618 1 613 1 653 1 581 1
31 0 5 551 1 530 1 674 1 832 1 893 1
32 0 5 552 1 829 1 770 1 740 1 1017 1
33 0 5 553 1 962 1 545 1 583 1 786 1
34 0 5 554 1 968 1 997 1 958 1 540 1
35 0 5 555 1 805 1 680 1 634 1 896 1
36 0 5 556 1 970 1 908 1 570 1 818 1
37 0 5 557 1 846 1 633 1 994 1 816 1
38 0 5 558 1 787 1 664 1 1017 1 544 1
39 0 5 559 1 1001 1 666 1 914 1 877 1
40 0 5 560 1 802 1 940 1 803 1 719 1
41 0 5 561 1 941 1 712 1 851 1 741 1
42 0 5 562 1 759 1 711 1 575 1 647 1
43 0 5 563 1 982 1 575 1 1018 1 671 1
44 0 5 564 1 888 1 1012 1 521 1 904 1
45 0 5 565 1 1010 1 745 1 673 1 872 1
46 0 5 566 1 844 1 932 1 795 1 571 1
47 0 5 567 1 725 1 556 1 970 1 841 1
48 0 5 568 1 536 1 746 1 716 1 732 1
49 0 5 569 1 898 1 713 1 655 1 904 1
50 0 5 570 1 908 1 595 1 624 1 577 1
51 0 5 571 1 1008 1 932 1 958 1 844 1
52 0 5 572 1 984 1 932 1 880 1 709 1
53 0 5 573 1 539 1 750 1 815 1 876 1
54 0 5 574 1 635 1 593 1 649 1 631 1
55 0 5 575 1 563 1 856 1 759 1 639 1
56 0 5 576 1 676 1 885 1 642 1 591 1
57 0 5 577 1 774 1 908 1 570 1 841 1
58 0 5 578 1 696 1 769 1 688 1 1013 1
59 0 5 579 1 767 1 926 1 889 1 605 1
60 0 5 580 1 929 1 896 1 680 1 555 1
61 0 5 581 1 978 1 814 1 738 1 615 1
62 0 5 582 1 521 1 972 1 598 1 874 1
63 0 5 583 1 786 1 658 1 697 1 546 1
64 0 5 584 1 790 1 547 1 848 1 527 1
65 0 5 585 1 855 1 862 1 909 1 994 1
66 0 5 586 1 850 1 590 1 800 1 817 1
67 0 5 587 1 884 1 870 1 819 1 626 1
68 0 5 588 1 709 1 525 1 907 1 572 1
69 0 5 589 1 902 1 900 1 619 1 807 1
70 0 5 590 1 698 1 800 1 578 1 963 1
71 0 5 591 1 601 1 672 1 560 1 773 1
72 0 5 592 1 692 1 700 1 983 1 768 1
73 0 5 593 1 574 1 962 1 553 1 649 1
74 0 5 594 1 728 1 886 1 731 1 809 1
75 0 5 595 1 774 1 1000 1 624 1 577 1
76 0 5 596 1 1017 1 742 1 922 1 762 1
77 0 5 597 1 662 1 911 1 723 1 959 1
78 0 5 598 1 826 1 990 1 645 1 897 1
79 0 5 599 1 639 1 671 1 788 1 704 1
80 0 5 600 1 1009 1 707 1 937 1 664 1
81 0 5 601 1 789 1 773 1 955 1 622 1
82 0 5 602 1 678 1 835 1 890 1 775 1
83 0 5 603 1 597 1 634 1 911 1 662 1
84 0 5 604 1 630 1 857 1 695 1 777 1
85 0 5 605 1 939 1 734 1 825 1 833 1
86 0 5 606 1 762 1 922 1 1004 1 596 1
87 0 5 607 1 993 1 1021 1 536 1 783 1
88 0 5 608 1 1020 1 749 1 524 1 733 1
89 0 5 609 1 895 1 724 1 522 1 945 1
90 0 5 610 1 544 1 747 1 1009 1 995 1
91 0 5 611 1 703 1 601 1 642 1 885 1
92 0 5 612 1 708 1 730 1 841 1 556 1
93 0 5 613 1 528 1 792 1 632 1 905 1
94 0 5 614 1 767 1 579 1 926 1 833 1
95 0 5 615 1 632 1 951 1 749 1 581 1
96 0 5 616 1 843 1 1004 1 748 1 817 1
97 0 5 617 1 1003 1 921 1 625 1 886 1
98 0 5 618 1 641 1 905 1 674 1 550 1
99 0 5 619 1 684 1 752 1 900 1 807 1
100 0 5 620 1 1013 1 754 1 688 1 798 1
101 0 5 621 1 849 1 960 1 947 1 874 1
102 0 5 622 1 642 1 942 1 830 1 885 1
103 0 5 623 1 646 1 903 1 561 1 660 1
104 0 5 624 1 928 1 998 1 854 1 744 1
105 0 5 625 1 689 1 720 1 617 1 938 1
106 0 5 626 1 987 1 908 1 570 1 624 1
107 0 5 627 1 978 1 686 1 644 1 879 1
108 0 5 628 1 644 1 954 1 686 1 945 1
109 0 5 629 1 585 1 766 1 670 1 529 1
110 0 5 630 1 863 1 778 1 711 1 759 1
111 0 5 631 1 649 1 635 1 927 1 593 1
112 0 5 632 1 653 1 627 1 613 1 550 1
113 0 5 633 1 988 1 720 1 846 1 864 1
114 0 5 634 1 896 1 737 1 597 1 969 1
115 0 5 635 1 631 1 593 1 649 1 962 1
116 0 5 636 1 679 1 765 1 673 1 874 1
117 0 5 637 1 913 1 679 1 974 1 1011 1
118 0 5 638 1 713 1 768 1 1006 1 901 1
119 0 5 639 1 647 1 830 1 599 1 942 1
120 0 5 640 1 1002 1 541 1 984 1 661 1
121 0 5 641 1 859 1 905 1 792 1 674 1
122 0 5 642 1 885 1 622 1 576 1 942 1
123 0 5 643 1 763 1 925 1 848 1 941 1
124 0 5 644 1 686 1 628 1 627 1 978 1
125 0 5 645 1 826 1 713 1 865 1 844 1
126 0 5 646 1 903 1 623 1 660 1 561 1
127 0 5 647 1 671 1 856 1 639 1 562 1
128 0 5 648 1 723 1 959 1 896 1 746 1
129 0 5 649 1 927 1 593 1 631 1 962 1
130 0 5 650 1 938 1 757 1 788 1 704 1
131 0 5 651 1 586 1 817 1 800 1 850 1
132 0 5 652 1 794 1 542 1 890 1 669 1
133 0 5 653 1 627 1 613 1 550 1 581 1
134 0 5 654 1 910 1 887 1 937 1 796 1
135 0 5 655 1 875 1 1006 1 713 1 638 1
136 0 5 656 1 934 1 541 1 709 1 640 1
137 0 5 657 1 743 1 699 1 879 1 543 1
138 0 5 658 1 786 1 852 1 1014 1 697 1
139 0 5 659 1 753 1 1011 1 797 1 966 1
140 0 5 660 1 871 1 538 1 876 1 561 1
141 0 5 661 1 651 1 950 1 1002 1 640 1
142 0 5 662 1 911 1 989 1 723 1 737 1
143 0 5 663 1 977 1 827 1 527 1 986 1
144 0 5 664 1 892 1 869 1 981 1 787 1
145 0 5 665 1 791 1 824 1 783 1 542 1
146 0 5 666 1 813 1 687 1 559 1 611 1
147 0 5 667 1 652 1 665 1 938 1 650 1
148 0 5 668 1 1007 1 663 1 729 1 806 1
149 0 5 669 1 665 1 803 1 542 1 890 1
150 0 5 670 1 691 1 629 1 958 1 909 1
151 0 5 671 1 599 1 647 1 856 1 639 1
152 0 5 672 1 773 1 940 1 591 1 802 1
153 0 5 673 1 565 1 1010 1 521 1 710 1
154 0 5 674 1 551 1 682 1 790 1 761 1
155 0 5 675 1 685 1 799 1 1003 1 731 1
156 0 5 676 1 591 1 672 1 576 1 642 1
157 0 5 677 1 726 1 870 1 1006 1 992 1
158 0 5 678 1 775 1 835 1 602 1 973 1
159 0 5 679 1 974 1 637 1 913 1 745 1
160 0 5 680 1 555 1 896 1 634 1 603 1
161 0 5 681 1 915 1 906 1 961 1 818 1
162 0 5 682 1 727 1 761 1 535 1 551 1
163 0 5 683 1 1011 1 1015 1 960 1 659 1
164 0 5 684 1 752 1 758 1 619 1 524 1
165 0 5 685 1 675 1 731 1 799 1 1003 1
166 0 5 686 1 628 1 644 1 954 1 614 1
167 0 5 687 1 821 1 813 1 611 1 703 1
168 0 5 688 1 1013 1 816 1 620 1 698 1
169 0 5 689 1 633 1 720 1 625 1 823 1
170 0 5 690 1 975 1 1005 1 858 1 527 1
171 0 5 691 1 670 1 964 1 958 1 909 1
172 0 5 692 1 540 1 930 1 812 1 983 1
173 0 5 693 1 1007 1 801 1 806 1 668 1
174 0 5 694 1 957 1 840 1 803 1 669 1
175 0 5 695 1 711 1 883 1 604 1 777 1
176 0 5 696 1 531 1 578 1 949 1 529 1
177 0 5 697 1 947 1 736 1 658 1 860 1
178 0 5 698 1 688 1 578 1 949 1 696 1
179 0 5 699 1 543 1 715 1 743 1 814 1
180 0 5 700 1 901 1 692 1 822 1 899 1
181 0 5 701 1 951 1 738 1 749 1 699 1
182 0 5 702 1 894 1 1000 1 933 1 832 1
183 0 5 703 1 591 1 611 1 601 1 821 1
184 0 5 704 1 938 1 788 1 650 1 757 1
185 0 5 705 1 897 1 826 1 523 1 780 1
186 0 5 706 1 726 1 965 1 901 1 998 1
187 0 5 707 1 924 1 603 1 839 1 634 1
188 0 5 708 1 577 1 841 1 774 1 595 1
189 0 5 709 1 541 1 1002 1 640 1 572 1
190 0 5 710 1 673 1 521 1 847 1 565 1
191 0 5 711 1 562 1 759 1 942 1 830 1
192 0 5 712 1 837 1 894 1 933 1 851 1
193 0 5 713 1 638 1 645 1 768 1 1006 1
194 0 5 714 1 973 1 914 1 559 1 735 1
195 0 5 715 1 701 1 951 1 699 1 738 1
196 0 5 716 1 568 1 1016 1 746 1 720 1
197 0 5 717 1 931 1 991 1 907 1 947 1
198 0 5 718 1 864 1 716 1 721 1 799 1
199 0 5 719 1 735 1 834 1 560 1 773 1
200 0 5 720 1 824 1 988 1 633 1 665 1
201 0 5 721 1 751 1 718 1 997 1 1016 1
202 0 5 722 1 679 1 637 1 974 1 913 1
203 0 5 723 1 959 1 737 1 969 1 648 1
204 0 5 724 1 690 1 1005 1 870 1 945 1
205 0 5 725 1 567 1 818 1 556 1 970 1
206 0 5 726 1 587 1 870 1 706 1 875 1
207 0 5 727 1 682 1 535 1 761 1 832 1
208 0 5 728 1 1003 1 731 1 594 1 617 1
209 0 5 729 1 979 1 827 1 807 1 778 1
210 0 5 730 1 823 1 612 1 943 1 708 1
211 0 5 731 1 828 1 921 1 617 1 1003 1
212 0 5 732 1 1021 1 536 1 607 1 746 1
213 0 5 733 1 749 1 738 1 760 1 550 1
214 0 5 734 1 945 1 605 1 954 1 628 1
215 0 5 735 1 719 1 560 1 773 1 714 1
216 0 5 736 1 946 1 947 1 960 1 697 1
217 0 5 737 1 969 1 723 1 957 1 911 1
218 0 5 738 1 760 1 581 1 978 1 733 1
219 0 5 739 1 938 1 537 1 923 1 916 1
220 0 5 740 1 664 1 747 1 600 1 935 1
221 0 5 741 1 623 1 548 1 856 1 919 1
222 0 5 742 1 922 1 953 1 606 1 861 1
223 0 5 743 1 699 1 543 1 879 1 814 1
224 0 5 744 1 928 1 854 1 891 1 841 1
225 0 5 745 1 521 1 972 1 1010 1 753 1
226 0 5 746 1 648 1 580 1 1016 1 896 1
227 0 5 747 1 610 1 740 1 770 1 1009 1
228 0 5 748 1 817 1 616 1 698 1 843 1
229 0 5 749 1 615 1 1020 1 608 1 733 1
230 0 5 750 1 539 1 573 1 1018 1 853 1
231 0 5 751 1 864 1 633 1 557 1 721 1
232 0 5 752 1 524 1 684 1 608 1 1020 1
233 0 5 753 1 797 1 659 1 1011 1 745 1
234 0 5 754 1 917 1 867 1 887 1 654 1
235 0 5 755 1 822 1 899 1 706 1 901 1
236 0 5 756 1 868 1 866 1 793 1 806 1
237 0 5 757 1 834 1 923 1 667 1 599 1
238 0 5 758 1 838 1 985 1 733 1 524 1
239 0 5 759 1 562 1 575 1 863 1 711 1
240 0 5 760 1 733 1 581 1 978 1 738 1
241 0 5 761 1 702 1 535 1 894 1 1000 1
242 0 5 762 1 747 1 610 1 606 1 922 1
243 0 5 763 1 848 1 643 1 977 1 807 1
244 0 5 764 1 986 1 771 1 936 1 663 1
245 0 5 765 1 526 1 717 1 947 1 849 1
246 0 5 766 1 529 1 629 1 553 1 962 1
247 0 5 767 1 926 1 889 1 833 1 784 1
248 0 5 768 1 638 1 592 1 1006 1 901 1
249 0 5 769 1 578 1 861 1 953 1 820 1
250 0 5 770 1 552 1 1017 1 664 1 829 1
251 0 5 771 1 977 1 827 1 764 1 663 1
252 0 5 772 1 936 1 956 1 524 1 752 1
253 0 5 773 1 560 1 719 1 789 1 650 1
254 0 5 774 1 744 1 624 1 595 1 1000 1
255 0 5 775 1 678 1 973 1 719 1 811 1
256 0 5 776 1 851 1 919 1 801 1 561 1
257 0 5 777 1 883 1 695 1 853 1 562 1
258 0 5 778 1 925 1 863 1 729 1 668 1
259 0 5 779 1 944 1 952 1 888 1 976 1
260 0 5 780 1 523 1 990 1 645 1 598 1
261 0 5 781 1 522 1 976 1 952 1 605 1
262 0 5 782 1 584 1 733 1 527 1 858 1
263 0 5 783 1 665 1 533 1 791 1 720 1
264 0 5 784 1 842 1 1012 1 523 1 780 1
265 0 5 785 1 787 1 769 1 1004 1 596 1
266 0 5 786 1 697 1 658 1 546 1 1014 1
267 0 5 787 1 785 1 1017 1 953 1 820 1
268 0 5 788 1 704 1 650 1 773 1 789 1
269 0 5 789 1 788 1 773 1 601 1 955 1
270 0 5 790 1 547 1 674 1 584 1 858 1
271 0 5 791 1 542 1 794 1 783 1 720 1
272 0 5 792 1 905 1 945 1 528 1 978 1
273 0 5 793 1 549 1 868 1 532 1 778 1
274 0 5 794 1 542 1 669 1 791 1 665 1
275 0 5 795 1 812 1 566 1 844 1 932 1
276 0 5 796 1 937 1 839 1 959 1 910 1
277 0 5 797 1 745 1 966 1 872 1 753 1
278 0 5 798 1 968 1 620 1 754 1 800 1
279 0 5 799 1 568 1 716 1 864 1 1003 1
280 0 5 800 1 963 1 861 1 769 1 798 1
281 0 5 801 1 806 1 776 1 919 1 851 1
282 0 5 802 1 940 1 542 1 672 1 652 1
283 0 5 803 1 811 1 669 1 802 1 993 1
284 0 5 804 1 912 1 920 1 808 1 967 1
285 0 5 805 1 896 1 746 1 716 1 929 1
286 0 5 806 1 801 1 776 1 693 1 668 1
287 0 5 807 1 684 1 979 1 827 1 985 1
288 0 5 808 1 920 1 967 1 996 1 804 1
289 0 5 809 1 594 1 831 1 538 1 708 1
290 0 5 810 1 534 1 836 1 654 1 887 1
291 0 5 811 1 669 1 803 1 890 1 775 1
292 0 5 812 1 930 1 768 1 592 1 638 1
293 0 5 813 1 687 1 666 1 642 1 576 1
294 0 5 814 1 715 1 581 1 743 1 699 1
295 0 5 815 1 573 1 876 1 948 1 923 1
296 0 5 816 1 994 1 557 1 629 1 529 1
297 0 5 817 1 616 1 850 1 748 1 843 1
298 0 5 818 1 612 1 841 1 809 1 556 1
299 0 5 819 1 626 1 970 1 987 1 832 1
300 0 5 820 1 578 1 769 1 836 1 953 1
301 0 5 821 1 611 1 703 1 642 1 591 1
302 0 5 822 1 899 1 725 1 567 1 700 1
303 0 5 823 1 730 1 617 1 625 1 538 1
304 0 5 824 1 533 1 720 1 665 1 783 1
305 0 5 825 1 980 1 889 1 833 1 605 1
306 0 5 826 1 598 1 897 1 705 1 990 1
307 0 5 827 1 729 1 807 1 977 1 979 1
308 0 5 828 1 594 1 731 1 537 1 923 1
309 0 5 829 1 787 1 810 1 552 1 953 1
310 0 5 830 1 955 1 942 1 834 1 757 1
311 0 5 831 1 971 1 594 1 851 1 728 1
312 0 5 832 1 682 1 819 1 551 1 535 1
313 0 5 833 1 767 1 889 1 926 1 939 1
314 0 5 834 1 830 1 757 1 719 1 789 1
315 0 5 835 1 602 1 811 1 678 1 890 1
316 0 5 836 1 534 1 810 1 820 1 620 1
317 0 5 837 1 894 1 933 1 712 1 1000 1
318 0 5 838 1 550 1 618 1 733 1 758 1
319 0 5 839 1 603 1 648 1 924 1 680 1
320 0 5 840 1 989 1 957 1 662 1 911 1
321 0 5 841 1 818 1 577 1 744 1 965 1
322 0 5 842 1 521 1 780 1 598 1 564 1
323 0 5 843 1 590 1 922 1 1004 1 696 1
324 0 5 844 1 795 1 566 1 932 1 812 1
325 0 5 845 1 878 1 890 1 602 1 835 1
326 0 5 846 1 1003 1 864 1 716 1 721 1
327 0 5 847 1 781 1 710 1 976 1 918 1
328 0 5 848 1 985 1 527 1 763 1 584 1
329 0 5 849 1 960 1 621 1 874 1 947 1
330 0 5 850 1 1004 1 800 1 861 1 616 1
331 0 5 851 1 776 1 919 1 837 1 712 1
332 0 5 852 1 990 1 897 1 946 1 523 1
333 0 5 853 1 1018 1 982 1 948 1 563 1
334 0 5 854 1 859 1 928 1 825 1 744 1
335 0 5 855 1 629 1 862 1 592 1 909 1
336 0 5 856 1 948 1 575 1 539 1 671 1
337 0 5 857 1 604 1 630 1 778 1 729 1
338 0 5 858 1 975 1 690 1 1005 1 618 1
339 0 5 859 1 579 1 605 1 614 1 767 1
340 0 5 860 1 697 1 786 1 545 1 583 1
341 0 5 861 1 742 1 953 1 606 1 850 1
342 0 5 862 1 855 1 909 1 629 1 994 1
343 0 5 863 1 778 1 925 1 759 1 562 1
344 0 5 864 1 716 1 633 1 799 1 751 1
345 0 5 865 1 844 1 795 1 645 1 713 1
346 0 5 866 1 756 1 693 1 668 1 1007 1
347 0 5 867 1 1016 1 887 1 648 1 917 1
348 0 5 868 1 793 1 549 1 778 1 532 1
349 0 5 869 1 981 1 892 1 1009 1 935 1
350 0 5 870 1 884 1 945 1 859 1 726 1
351 0 5 871 1 943 1 739 1 660 1 903 1
352 0 5 872 1 874 1 966 1 960 1 849 1
353 0 5 873 1 748 1 817 1 574 1 590 1
354 0 5 874 1 849 1 621 1 946 1 882 1
355 0 5 875 1 706 1 700 1 726 1 587 1
356 0 5 876 1 916 1 923 1 573 1 815 1
357 0 5 877 1 714 1 559 1 973 1 914 1
358 0 5 878 1 835 1 890 1 811 1 607 1
359 0 5 879 1 951 1 814 1 743 1 543 1
360 0 5 880 1 860 1 545 1 984 1 927 1
361 0 5 881 1 873 1 590 1 698 1 651 1
362 0 5 882 1 582 1 521 1 972 1 874 1
363 0 5 883 1 695 1 777 1 711 1 853 1
364 0 5 884 1 870 1 587 1 987 1 819 1
365 0 5 885 1 576 1 676 1 642 1 591 1
366 0 5 886 1 538 1 823 1 943 1 921 1
367 0 5 887 1 867 1 654 1 917 1 810 1
368 0 5 888 1 904 1 952 1 980 1 1006 1
369 0 5 889 1 833 1 825 1 926 1 767 1
370 0 5 890 1 602 1 536 1 667 1 845 1
371 0 5 891 1 862 1 998 1 855 1 965 1
372 0 5 892 1 981 1 558 1 869 1 935 1
373 0 5 893 1 801 1 530 1 851 1 832 1
374 0 5 894 1 1000 1 933 1 702 1 832 1
375 0 5 895 1 657 1 879 1 627 1 743 1
376 0 5 896 1 680 1 648 1 555 1 1016 1
377 0 5 897 1 852 1 990 1 658 1 705 1
378 0 5 898 1 655 1 713 1 904 1 569 1
379 0 5 899 1 567 1 725 1 556 1 822 1
380 0 5 900 1 619 1 684 1 807 1 752 1
381 0 5 901 1 964 1 965 1 700 1 822 1
382 0 5 902 1 900 1 619 1 589 1 684 1
383 0 5 903 1 660 1 561 1 941 1 646 1
384 0 5 904 1 655 1 1006 1 980 1 898 1
385 0 5 905 1 792 1 641 1 528 1 613 1
386 0 5 906 1 751 1 557 1 994 1 961 1
387 0 5 907 1 525 1 931 1 572 1 947 1
388 0 5 908 1 570 1 624 1 595 1 577 1
389 0 5 909 1 629 1 670 1 862 1 964 1
390 0 5 910 1 796 1 654 1 924 1 937 1
391 0 5 911 1 929 1 737 1 634 1 969 1
392 0 5 912 1 956 1 920 1 967 1 804 1
393 0 5 913 1 966 1 637 1 679 1 872 1
394 0 5 914 1 1001 1 735 1 559 1 973 1
395 0 5 915 1 961 1 681 1 906 1 1003 1
396 0 5 916 1 815 1 923 1 573 1 739 1
397 0 5 917 1 654 1 887 1 810 1 754 1
398 0 5 918 1 710 1 673 1 976 1 564 1
399 0 5 919 1 548 1 741 1 776 1 561 1
400 0 5 920 1 804 1 912 1 808 1 967 1
401 0 5 921 1 537 1 625 1 617 1 739 1
402 0 5 922 1 596 1 1017 1 742 1 1004 1
403 0 5 923 1 757 1 739 1 916 1 815 1
404 0 5 924 1 707 1 839 1 603 1 634 1
405 0 5 925 1 643 1 941 1 763 1 863 1
406 0 5 926 1 1012 1 784 1 564 1 842 1
407 0 5 927 1 880 1 545 1 860 1 962 1
408 0 5 928 1 998 1 854 1 624 1 891 1
409 0 5 929 1 969 1 746 1 737 1 896 1
410 0 5 930 1 812 1 768 1 592 1 909 1
411 0 5 931 1 907 1 566 1 525 1 947 1
412 0 5 932 1 571 1 984 1 1008 1 545 1
413 0 5 933 1 702 1 894 1 674 1 595 1
414 0 5 934 1 950 1 651 1 656 1 817 1
415 0 5 935 1 869 1 544 1 664 1 995 1
416 0 5 936 1 764 1 772 1 956 1 827 1
417 0 5 937 1 600 1 810 1 910 1 654 1
418 0 5 938 1 689 1 625 1 667 1 652 1
419 0 5 939 1 833 1 889 1 825 1 605 1
420 0 5 940 1 802 1 672 1 542 1 652 1
421 0 5 941 1 561 1 712 1 851 1 903 1
422 0 5 942 1 622 1 599 1 639 1 955 1
423 0 5 943 1 730 1 823 1 708 1 612 1
424 0 5 944 1 992 1 677 1 952 1 655 1
425 0 5 945 1 954 1 734 1 614 1 628 1
426 0 5 946 1 882 1 874 1 582 1 972 1
427 0 5 947 1 736 1 946 1 621 1 907 1
428 0 5 948 1 815 1 853 1 856 1 750 1
429 0 5 949 1 766 1 958 1 593 1 696 1
430 0 5 950 1 661 1 651 1 640 1 873 1
431 0 5 951 1 701 1 615 1 743 1 749 1
432 0 5 952 1 992 1 939 1 1006 1 605 1
433 0 5 953 1 742 1 820 1 769 1 785 1
434 0 5 954 1 628 1 686 1 945 1 734 1
435 0 5 955 1 942 1 789 1 599 1 622 1
436 0 5 956 1 772 1 752 1 524 1 936 1
437 0 5 957 1 840 1 737 1 989 1 662 1
438 0 5 958 1 949 1 554 1 670 1 540 1
439 0 5 959 1 796 1 723 1 597 1 648 1
440 0 5 960 1 1015 1 849 1 621 1 683 1
441 0 5 961 1 906 1 915 1 681 1 997 1
442 0 5 962 1 545 1 553 1 593 1 583 1
443 0 5 963 1 861 1 769 1 754 1 698 1
444 0 5 964 1 961 1 965 1 915 1 691 1
445 0 5 965 1 891 1 841 1 964 1 818 1
446 0 5 966 1 872 1 874 1 745 1 960 1
447 0 5 967 1 996 1 808 1 912 1 804 1
448 0 5 968 1 798 1 620 1 754 1 718 1
449 0 5 969 1 929 1 737 1 680 1 896 1
450 0 5 970 1 809 1 556 1 725 1 819 1
451 0 5 971 1 806 1 750 1 831 1 548 1
452 0 5 972 1 521 1 582 1 710 1 874 1
453 0 5 973 1 877 1 914 1 1001 1 775 1
454 0 5 974 1 637 1 1011 1 913 1 659 1
455 0 5 975 1 858 1 527 1 690 1 782 1
456 0 5 976 1 952 1 605 1 944 1 833 1
457 0 5 977 1 827 1 807 1 848 1 668 1
458 0 5 978 1 613 1 615 1 581 1 528 1
459 0 5 979 1 589 1 902 1 807 1 827 1
460 0 5 980 1 784 1 1006 1 952 1 655 1
461 0 5 981 1 558 1 892 1 664 1 707 1
462 0 5 982 1 563 1 639 1 671 1 575 1
463 0 5 983 1 692 1 700 1 540 1 901 1
464 0 5 984 1 593 1 962 1 574 1 649 1
465 0 5 985 1 758 1 838 1 848 1 547 1
466 0 5 986 1 782 1 663 1 527 1 764 1
467 0 5 987 1 626 1 535 1 727 1 832 1
468 0 5 988 1 746 1 864 1 536 1 716 1
469 0 5 989 1 662 1 957 1 597 1 911 1
470 0 5 990 1 780 1 598 1 523 1 826 1
471 0 5 991 1 566 1 931 1 932 1 717 1
472 0 5 992 1 677 1 605 1 1006 1 859 1
473 0 5 993 1 694 1 607 1 803 1 957 1
474 0 5 994 1 997 1 670 1 691 1 909 1
475 0 5 995 1 740 1 544 1 747 1 610 1
476 0 5 996 1 967 1 814 1 808 1 912 1
477 0 5 997 1 721 1 691 1 698 1 670 1
478 0 5 998 1 891 1 928 1 965 1 624 1
479 0 5 999 1 522 1 781 1 976 1 605 1
480 0 5 1000 1 595 1 708 1 774 1 894 1
481 0 5 1001 1 559 1 914 1 973 1 877 1
482 0 5 1002 1 881 1 640 1 873 1 709 1
483 0 5 1003 1 617 1 731 1 681 1 921 1
484 0 5 1004 1 606 1 922 1 762 1 616 1
485 0 5 1005 1 551 1 530 1 858 1 690 1
486 0 5 1006 1 605 1 992 1 677 1 638 1
487 0 5 1007 1 668 1 693 1 663 1 806 1
488 0 5 1008 1 553 1 546 1 962 1 958 1
489 0 5 1009 1 935 1 869 1 892 1 600 1
490 0 5 1010 1 972 1 874 1 872 1 745 1
491 0 5 1011 1 659 1 753 1 683 1 797 1
492 0 5 1012 1 521 1 842 1 784 1 972 1
493 0 5 1013 1 820 1 836 1 620 1 688 1
494 0 5 1014 1 852 1 705 1 546 1 786 1
495 0 5 1015 1 683 1 960 1 1011 1 621 1
496 0 5 1016 1 580 1 746 1 716 1 751 1
497 0 5 1017 1 770 1 552 1 747 1 785 1
498 0 5 1018 1 853 1 948 1 563 1 982 1
499 0 5 1019 1 771 1 764 1 936 1 986 1
500 0 5 1020 1 749 1 733 1 760 1 608 1
501 0 5 1021 1 607 1 732 1 536 1 533 1
502 0 5 1022 0 521 1 1022 1 1023 1 1024 1
503 0 5 1023 0 521 1 1022 1 1023 1 1024 1
504 0 5 1024 0 521 1 1022 1 1023 1 1024 1
505 0 5 1025 0 521 1 1022 1 1023 1 1024 1
506 0 5 1026 0 521 1 1022 1 1023 1 1024 1
507 0 5 1027 0 521 1 1022 1 1023 1 1024 1
508 0 5 1028 0 521 1 1022 1 1023 1 1024 1
509 0 5 1029 0 521 1 1022 1 1023 1 1024 1
510 0 5 1030 0 521 1 1022 1 1023 1 1024 1
511 0 5 1031 0 521 1 1022 1 1023 1 1024 1
512 0 5 1032 0 521 1 1022 1 1023 1 1024 1
513 0 5 1033 0 521 1 1022 1 1023 1 1024 1
514 0 5 1034 0 521 1 1022 1 1023 1 1024 1
515 0 5 1035 0 521 1 1022 1 1023 1 1024 1
516 0 5 1036 0 521 1 1022 1 1023 1 1024 1
517 0 5 1037 0 521 1 1022 1 1023 1 1024 1
518 0 5 1038 0 521 1 1022 1 1023 1 1024 1
519 0 5 1039 0 521 1 1022 1 1023 1 1024 1
520 0 5 1040 0 521 1 1022 1 1023 1 1024 1
521 0 5 1 0 520 1 519 1 518 1 517 1
522 0 5 2 1 261 1 479 1 456 1 425 1
523 0 5 3 1 260 1 470 1 185 1 332 1
524 0 5 4 1 232 1 164 1 229 1 436 1
525 0 5 5 1 387 1 68 1 411 1 52 1
526 0 5 6 1 245 1 101 1 354 1 427 1
527 0 5 7 1 455 1 143 1 328 1 64 1
528 0 5 8 1 93 1 338 1 458 1 270 1
529 0 5 9 1 246 1 11 1 65 1 176 1
530 0 5 10 1 31 1 373 1 299 1 281 1
531 0 5 11 1 176 1 246 1 58 1 429 1
532 0 5 12 1 29 1 273 1 348 1 28 1
533 0 5 13 1 304 1 263 1 501 1 200 1
534 0 5 14 1 290 1 316 1 390 1 134 1
535 0 5 15 1 467 1 162 1 241 1 207 1
536 0 5 16 1 48 1 370 1 212 1 196 1
537 0 5 17 1 401 1 219 1 308 1 366 1
538 0 5 18 1 366 1 92 1 140 1 289 1
539 0 5 19 1 230 1 53 1 336 1 151 1
540 0 5 20 1 172 1 438 1 463 1 34 1
541 0 5 21 1 189 1 136 1 120 1 141 1
542 0 5 22 1 271 1 149 1 145 1 147 1
543 0 5 23 1 179 1 223 1 137 1 288 1
544 0 5 24 1 90 1 415 1 475 1 220 1
545 0 5 25 1 442 1 33 1 360 1 407 1
546 0 5 26 1 488 1 266 1 63 1 138 1
547 0 5 27 1 270 1 64 1 154 1 328 1
548 0 5 28 1 399 1 221 1 451 1 12 1
549 0 5 29 1 273 1 348 1 12 1 236 1
550 0 5 30 1 318 1 213 1 240 1 133 1
551 0 5 31 1 485 1 154 1 312 1 10 1
552 0 5 32 1 250 1 309 1 497 1 220 1
553 0 5 33 1 488 1 442 1 73 1 54 1
554 0 5 34 1 438 1 448 1 20 1 171 1
555 0 5 35 1 160 1 60 1 376 1 14 1
556 0 5 36 1 47 1 298 1 205 1 92 1
557 0 5 37 1 296 1 386 1 231 1 113 1
558 0 5 38 1 461 1 372 1 144 1 349 1
559 0 5 39 1 481 1 394 1 194 1 357 1
560 0 5 40 1 253 1 199 1 215 1 71 1
561 0 5 41 1 421 1 383 1 103 1 399 1
562 0 5 42 1 191 1 239 1 343 1 110 1
563 0 5 43 1 55 1 462 1 428 1 333 1
564 0 5 44 1 1 1 398 1 406 1 313 1
565 0 5 45 1 153 1 116 1 190 1 1 1
566 0 5 46 1 471 1 324 1 275 1 411 1
567 0 5 47 1 379 1 205 1 36 1 450 1
568 0 5 48 1 196 1 279 1 344 1 226 1
569 0 5 49 1 384 1 193 1 259 1 368 1
570 0 5 50 1 388 1 57 1 106 1 36 1
571 0 5 51 1 412 1 292 1 410 1 275 1
572 0 5 52 1 5 1 411 1 189 1 68 1
573 0 5 53 1 295 1 230 1 396 1 19 1
574 0 5 54 1 73 1 464 1 129 1 228 1
575 0 5 55 1 43 1 239 1 42 1 336 1
576 0 5 56 1 365 1 122 1 293 1 156 1
577 0 5 57 1 188 1 321 1 50 1 298 1
578 0 5 58 1 249 1 300 1 178 1 70 1
579 0 5 59 1 339 1 94 1 85 1 247 1
580 0 5 60 1 496 1 226 1 196 1 409 1
581 0 5 61 1 240 1 294 1 218 1 458 1
582 0 5 62 1 362 1 3 1 470 1 426 1
583 0 5 63 1 25 1 33 1 442 1 488 1
584 0 5 64 1 262 1 7 1 270 1 328 1
585 0 5 65 1 109 1 389 1 9 1 150 1
586 0 5 66 1 131 1 297 1 361 1 280 1
587 0 5 67 1 206 1 364 1 350 1 157 1
588 0 5 68 1 6 1 5 1 189 1 340 1
589 0 5 69 1 459 1 382 1 287 1 243 1
590 0 5 70 1 323 1 66 1 361 1 443 1
591 0 5 71 1 183 1 156 1 81 1 215 1
592 0 5 72 1 410 1 335 1 224 1 248 1
593 0 5 73 1 464 1 54 1 442 1 129 1
594 0 5 74 1 289 1 311 1 308 1 208 1
595 0 5 75 1 480 1 50 1 188 1 388 1
596 0 5 76 1 402 1 86 1 222 1 242 1
597 0 5 77 1 83 1 439 1 469 1 203 1
598 0 5 78 1 306 1 470 1 260 1 125 1
599 0 5 79 1 151 1 435 1 119 1 295 1
600 0 5 80 1 417 1 220 1 415 1 489 1
601 0 5 81 1 71 1 269 1 91 1 253 1
602 0 5 82 1 315 1 370 1 158 1 255 1
603 0 5 83 1 187 1 319 1 404 1 160 1
604 0 5 84 1 337 1 175 1 12 1 348 1
605 0 5 85 1 339 1 214 1 486 1 472 1
606 0 5 86 1 484 1 341 1 222 1 330 1
607 0 5 87 1 501 1 16 1 358 1 473 1
608 0 5 88 1 4 1 229 1 232 1 164 1
609 0 5 89 1 479 1 2 1 214 1 425 1
610 0 5 90 1 227 1 242 1 475 1 24 1
611 0 5 91 1 301 1 183 1 71 1 215 1
612 0 5 92 1 298 1 210 1 423 1 289 1
613 0 5 93 1 458 1 30 1 133 1 8 1
614 0 5 94 1 339 1 425 1 85 1 434 1
615 0 5 95 1 229 1 458 1 431 1 61 1
616 0 5 96 1 297 1 228 1 330 1 323 1
617 0 5 97 1 303 1 483 1 211 1 401 1
618 0 5 98 1 30 1 318 1 338 1 8 1
619 0 5 99 1 380 1 382 1 164 1 69 1
620 0 5 100 1 168 1 278 1 493 1 448 1
621 0 5 101 1 354 1 329 1 427 1 440 1
622 0 5 102 1 422 1 122 1 81 1 435 1
623 0 5 103 1 221 1 126 1 19 1 41 1
624 0 5 104 1 254 1 50 1 388 1 106 1
625 0 5 105 1 418 1 97 1 401 1 303 1
626 0 5 106 1 467 1 299 1 67 1 364 1
627 0 5 107 1 133 1 124 1 359 1 112 1
628 0 5 108 1 434 1 124 1 166 1 425 1
629 0 5 109 1 389 1 246 1 150 1 335 1
630 0 5 110 1 84 1 337 1 258 1 175 1
631 0 5 111 1 115 1 129 1 54 1 11 1
632 0 5 112 1 95 1 431 1 30 1 458 1
633 0 5 113 1 37 1 231 1 344 1 169 1
634 0 5 114 1 83 1 14 1 319 1 404 1
635 0 5 115 1 54 1 11 1 111 1 73 1
636 0 5 116 1 1 1 352 1 398 1 354 1
637 0 5 117 1 454 1 202 1 159 1 393 1
638 0 5 118 1 248 1 193 1 486 1 410 1
639 0 5 119 1 79 1 462 1 127 1 55 1
640 0 5 120 1 21 1 136 1 189 1 141 1
641 0 5 121 1 385 1 98 1 8 1 154 1
642 0 5 122 1 102 1 293 1 91 1 422 1
643 0 5 123 1 405 1 243 1 328 1 148 1
644 0 5 124 1 108 1 166 1 107 1 359 1
645 0 5 125 1 78 1 193 1 260 1 345 1
646 0 5 126 1 19 1 103 1 383 1 151 1
647 0 5 127 1 119 1 151 1 42 1 79 1
648 0 5 128 1 226 1 319 1 376 1 439 1
649 0 5 129 1 111 1 54 1 115 1 464 1
650 0 5 130 1 253 1 418 1 268 1 199 1
651 0 5 131 1 141 1 430 1 414 1 66 1
652 0 5 132 1 147 1 22 1 199 1 271 1
653 0 5 133 1 112 1 30 1 61 1 240 1
654 0 5 134 1 397 1 290 1 390 1 367 1
655 0 5 135 1 384 1 378 1 368 1 460 1
656 0 5 136 1 414 1 189 1 464 1 52 1
657 0 5 137 1 23 1 223 1 218 1 359 1
658 0 5 138 1 26 1 63 1 266 1 377 1
659 0 5 139 1 491 1 454 1 233 1 393 1
660 0 5 140 1 383 1 103 1 351 1 126 1
661 0 5 141 1 430 1 120 1 136 1 414 1
662 0 5 142 1 469 1 77 1 217 1 320 1
663 0 5 143 1 7 1 148 1 466 1 457 1
664 0 5 144 1 220 1 38 1 415 1 80 1
665 0 5 145 1 263 1 149 1 147 1 304 1
666 0 5 146 1 215 1 39 1 293 1 194 1
667 0 5 147 1 22 1 418 1 370 1 237 1
668 0 5 148 1 487 1 457 1 286 1 173 1
669 0 5 149 1 291 1 283 1 174 1 358 1
670 0 5 150 1 171 1 389 1 20 1 438 1
671 0 5 151 1 127 1 462 1 79 1 336 1
672 0 5 152 1 420 1 71 1 40 1 282 1
673 0 5 153 1 190 1 1 1 398 1 116 1
674 0 5 154 1 270 1 27 1 31 1 312 1
675 0 5 155 1 165 1 198 1 279 1 344 1
676 0 5 156 1 56 1 365 1 71 1 122 1
677 0 5 157 1 472 1 486 1 424 1 432 1
678 0 5 158 1 82 1 255 1 315 1 370 1
679 0 5 159 1 202 1 116 1 117 1 393 1
680 0 5 160 1 376 1 35 1 60 1 319 1
681 0 5 161 1 395 1 483 1 444 1 441 1
682 0 5 162 1 207 1 312 1 154 1 15 1
683 0 5 163 1 495 1 393 1 491 1 454 1
684 0 5 164 1 287 1 99 1 380 1 232 1
685 0 5 165 1 155 1 205 1 198 1 279 1
686 0 5 166 1 124 1 434 1 107 1 108 1
687 0 5 167 1 293 1 146 1 215 1 194 1
688 0 5 168 1 178 1 58 1 100 1 300 1
689 0 5 169 1 105 1 418 1 303 1 219 1
690 0 5 170 1 338 1 455 1 485 1 31 1
691 0 5 171 1 150 1 477 1 20 1 389 1
692 0 5 172 1 463 1 72 1 180 1 193 1
693 0 5 173 1 487 1 346 1 286 1 7 1
694 0 5 174 1 473 1 149 1 283 1 469 1
695 0 5 175 1 363 1 257 1 12 1 337 1
696 0 5 176 1 58 1 178 1 11 1 323 1
697 0 5 177 1 25 1 266 1 340 1 138 1
698 0 5 178 1 70 1 323 1 228 1 443 1
699 0 5 179 1 223 1 137 1 181 1 195 1
700 0 5 180 1 72 1 381 1 172 1 463 1
701 0 5 181 1 195 1 431 1 179 1 223 1
702 0 5 182 1 241 1 413 1 15 1 467 1
703 0 5 183 1 91 1 301 1 215 1 167 1
704 0 5 184 1 268 1 79 1 237 1 269 1
705 0 5 185 1 306 1 494 1 377 1 193 1
706 0 5 186 1 355 1 206 1 135 1 180 1
707 0 5 187 1 404 1 80 1 319 1 144 1
708 0 5 188 1 92 1 480 1 423 1 210 1
709 0 5 189 1 136 1 21 1 52 1 120 1
710 0 5 190 1 398 1 225 1 406 1 1 1
711 0 5 191 1 175 1 42 1 239 1 110 1
712 0 5 192 1 421 1 41 1 317 1 331 1
713 0 5 193 1 118 1 125 1 49 1 248 1
714 0 5 194 1 357 1 215 1 255 1 39 1
715 0 5 195 1 294 1 179 1 61 1 223 1
716 0 5 196 1 344 1 198 1 48 1 279 1
717 0 5 197 1 6 1 245 1 471 1 68 1
718 0 5 198 1 201 1 344 1 165 1 196 1
719 0 5 199 1 253 1 215 1 314 1 255 1
720 0 5 200 1 113 1 105 1 16 1 304 1
721 0 5 201 1 477 1 198 1 231 1 165 1
722 0 5 202 1 393 1 446 1 117 1 245 1
723 0 5 203 1 128 1 439 1 217 1 77 1
724 0 5 204 1 67 1 350 1 425 1 214 1
725 0 5 205 1 47 1 379 1 302 1 36 1
726 0 5 206 1 157 1 186 1 355 1 350 1
727 0 5 207 1 162 1 467 1 154 1 15 1
728 0 5 208 1 74 1 483 1 308 1 211 1
729 0 5 209 1 307 1 258 1 148 1 457 1
730 0 5 210 1 423 1 303 1 92 1 161 1
731 0 5 211 1 483 1 208 1 165 1 308 1
732 0 5 212 1 16 1 48 1 501 1 196 1
733 0 5 213 1 240 1 262 1 229 1 318 1
734 0 5 214 1 2 1 85 1 434 1 425 1
735 0 5 215 1 199 1 394 1 194 1 314 1
736 0 5 216 1 427 1 177 1 138 1 101 1
737 0 5 217 1 449 1 437 1 203 1 142 1
738 0 5 218 1 213 1 181 1 240 1 61 1
739 0 5 219 1 351 1 17 1 403 1 396 1
740 0 5 220 1 475 1 227 1 415 1 24 1
741 0 5 221 1 28 1 399 1 451 1 336 1
742 0 5 222 1 341 1 76 1 433 1 402 1
743 0 5 223 1 137 1 359 1 431 1 179 1
744 0 5 224 1 254 1 321 1 104 1 478 1
745 0 5 225 1 277 1 446 1 45 1 490 1
746 0 5 226 1 409 1 196 1 48 1 496 1
747 0 5 227 1 242 1 220 1 90 1 475 1
748 0 5 228 1 353 1 297 1 323 1 96 1
749 0 5 229 1 213 1 88 1 500 1 95 1
750 0 5 230 1 53 1 451 1 428 1 19 1
751 0 5 231 1 201 1 386 1 198 1 344 1
752 0 5 232 1 164 1 99 1 4 1 436 1
753 0 5 233 1 139 1 491 1 454 1 225 1
754 0 5 234 1 100 1 278 1 443 1 448 1
755 0 5 235 1 224 1 135 1 334 1 408 1
756 0 5 236 1 346 1 281 1 173 1 348 1
757 0 5 237 1 403 1 314 1 269 1 199 1
758 0 5 238 1 465 1 164 1 287 1 318 1
759 0 5 239 1 42 1 191 1 55 1 343 1
760 0 5 240 1 218 1 213 1 61 1 458 1
761 0 5 241 1 15 1 162 1 154 1 207 1
762 0 5 242 1 86 1 76 1 484 1 90 1
763 0 5 243 1 123 1 328 1 457 1 405 1
764 0 5 244 1 416 1 499 1 251 1 466 1
765 0 5 245 1 116 1 216 1 354 1 426 1
766 0 5 246 1 429 1 11 1 109 1 176 1
767 0 5 247 1 94 1 313 1 369 1 85 1
768 0 5 248 1 118 1 410 1 292 1 72 1
769 0 5 249 1 300 1 443 1 58 1 433 1
770 0 5 250 1 497 1 227 1 220 1 90 1
771 0 5 251 1 499 1 244 1 416 1 457 1
772 0 5 252 1 436 1 416 1 392 1 244 1
773 0 5 253 1 269 1 199 1 81 1 152 1
774 0 5 254 1 57 1 75 1 188 1 480 1
775 0 5 255 1 158 1 453 1 199 1 315 1
776 0 5 256 1 281 1 286 1 331 1 399 1
777 0 5 257 1 12 1 363 1 175 1 498 1
778 0 5 258 1 343 1 110 1 209 1 148 1
779 0 5 259 1 456 1 264 1 44 1 398 1
780 0 5 260 1 470 1 185 1 78 1 377 1
781 0 5 261 1 327 1 456 1 479 1 2 1
782 0 5 262 1 466 1 338 1 455 1 7 1
783 0 5 263 1 13 1 145 1 271 1 87 1
784 0 5 264 1 460 1 492 1 406 1 369 1
785 0 5 265 1 267 1 433 1 497 1 309 1
786 0 5 266 1 63 1 138 1 26 1 25 1
787 0 5 267 1 309 1 265 1 433 1 497 1
788 0 5 268 1 269 1 79 1 253 1 184 1
789 0 5 269 1 81 1 435 1 314 1 253 1
790 0 5 270 1 64 1 27 1 154 1 338 1
791 0 5 271 1 145 1 263 1 22 1 13 1
792 0 5 272 1 385 1 93 1 8 1 107 1
793 0 5 273 1 348 1 236 1 346 1 29 1
794 0 5 274 1 22 1 271 1 145 1 147 1
795 0 5 275 1 324 1 46 1 345 1 125 1
796 0 5 276 1 390 1 439 1 134 1 128 1
797 0 5 277 1 233 1 139 1 491 1 225 1
798 0 5 278 1 448 1 100 1 280 1 234 1
799 0 5 279 1 155 1 198 1 165 1 344 1
800 0 5 280 1 70 1 330 1 66 1 341 1
801 0 5 281 1 373 1 286 1 256 1 173 1
802 0 5 282 1 40 1 420 1 283 1 22 1
803 0 5 283 1 291 1 149 1 40 1 174 1
804 0 5 284 1 400 1 288 1 392 1 447 1
805 0 5 285 1 35 1 60 1 376 1 37 1
806 0 5 286 1 281 1 451 1 148 1 173 1
807 0 5 287 1 307 1 457 1 99 1 243 1
808 0 5 288 1 23 1 447 1 476 1 284 1
809 0 5 289 1 450 1 298 1 205 1 92 1
810 0 5 290 1 316 1 309 1 397 1 14 1
811 0 5 291 1 315 1 283 1 255 1 358 1
812 0 5 292 1 410 1 275 1 172 1 20 1
813 0 5 293 1 146 1 39 1 167 1 215 1
814 0 5 294 1 61 1 476 1 223 1 179 1
815 0 5 295 1 396 1 53 1 428 1 403 1
816 0 5 296 1 168 1 37 1 65 1 176 1
817 0 5 297 1 228 1 66 1 353 1 323 1
818 0 5 298 1 321 1 445 1 205 1 36 1
819 0 5 299 1 67 1 312 1 364 1 450 1
820 0 5 300 1 493 1 433 1 316 1 249 1
821 0 5 301 1 167 1 91 1 183 1 293 1
822 0 5 302 1 235 1 180 1 381 1 379 1
823 0 5 303 1 210 1 423 1 366 1 97 1
824 0 5 304 1 200 1 13 1 145 1 16 1
825 0 5 305 1 369 1 419 1 313 1 85 1
826 0 5 306 1 78 1 125 1 185 1 470 1
827 0 5 307 1 457 1 251 1 209 1 143 1
828 0 5 308 1 211 1 208 1 396 1 74 1
829 0 5 309 1 32 1 250 1 417 1 497 1
830 0 5 310 1 119 1 314 1 237 1 462 1
831 0 5 311 1 450 1 289 1 451 1 208 1
832 0 5 312 1 15 1 31 1 467 1 373 1
833 0 5 313 1 369 1 419 1 85 1 432 1
834 0 5 314 1 237 1 199 1 215 1 310 1
835 0 5 315 1 358 1 158 1 82 1 370 1
836 0 5 316 1 290 1 493 1 300 1 14 1
837 0 5 317 1 192 1 331 1 41 1 256 1
838 0 5 318 1 238 1 465 1 213 1 27 1
839 0 5 319 1 404 1 276 1 390 1 187 1
840 0 5 320 1 437 1 174 1 77 1 473 1
841 0 5 321 1 188 1 445 1 298 1 92 1
842 0 5 322 1 264 1 492 1 3 1 406 1
843 0 5 323 1 96 1 228 1 433 1 330 1
844 0 5 324 1 46 1 275 1 345 1 125 1
845 0 5 325 1 370 1 82 1 304 1 16 1
846 0 5 326 1 37 1 113 1 231 1 344 1
847 0 5 327 1 1 1 398 1 190 1 261 1
848 0 5 328 1 243 1 64 1 457 1 7 1
849 0 5 329 1 354 1 101 1 440 1 352 1
850 0 5 330 1 66 1 353 1 297 1 341 1
851 0 5 331 1 256 1 373 1 281 1 41 1
852 0 5 332 1 377 1 138 1 494 1 78 1
853 0 5 333 1 498 1 428 1 230 1 28 1
854 0 5 334 1 408 1 104 1 224 1 478 1
855 0 5 335 1 342 1 65 1 371 1 389 1
856 0 5 336 1 55 1 19 1 428 1 221 1
857 0 5 337 1 307 1 84 1 457 1 273 1
858 0 5 338 1 455 1 170 1 262 1 485 1
859 0 5 339 1 350 1 157 1 214 1 85 1
860 0 5 340 1 360 1 25 1 407 1 177 1
861 0 5 341 1 443 1 249 1 222 1 330 1
862 0 5 342 1 371 1 389 1 65 1 335 1
863 0 5 343 1 110 1 258 1 239 1 42 1
864 0 5 344 1 231 1 198 1 279 1 196 1
865 0 5 345 1 125 1 494 1 193 1 78 1
866 0 5 346 1 236 1 173 1 457 1 143 1
867 0 5 347 1 367 1 128 1 234 1 397 1
868 0 5 348 1 236 1 273 1 148 1 29 1
869 0 5 349 1 415 1 144 1 489 1 372 1
870 0 5 350 1 364 1 67 1 206 1 157 1
871 0 5 351 1 140 1 18 1 383 1 423 1
872 0 5 352 1 446 1 490 1 393 1 354 1
873 0 5 353 1 361 1 228 1 66 1 482 1
874 0 5 354 1 352 1 329 1 490 1 101 1
875 0 5 355 1 135 1 157 1 424 1 206 1
876 0 5 356 1 17 1 295 1 53 1 403 1
877 0 5 357 1 453 1 194 1 255 1 39 1
878 0 5 358 1 325 1 370 1 315 1 501 1
879 0 5 359 1 375 1 181 1 223 1 137 1
880 0 5 360 1 407 1 52 1 464 1 129 1
881 0 5 361 1 482 1 66 1 438 1 141 1
882 0 5 362 1 426 1 354 1 490 1 352 1
883 0 5 363 1 257 1 175 1 498 1 333 1
884 0 5 364 1 350 1 67 1 206 1 485 1
885 0 5 365 1 122 1 56 1 81 1 91 1
886 0 5 366 1 18 1 74 1 17 1 97 1
887 0 5 367 1 347 1 397 1 134 1 390 1
888 0 5 368 1 44 1 384 1 432 1 486 1
889 0 5 369 1 419 1 313 1 305 1 247 1
890 0 5 370 1 358 1 149 1 82 1 315 1
891 0 5 371 1 478 1 445 1 342 1 408 1
892 0 5 372 1 144 1 349 1 461 1 489 1
893 0 5 373 1 10 1 31 1 299 1 312 1
894 0 5 374 1 317 1 182 1 413 1 241 1
895 0 5 375 1 89 1 2 1 137 1 425 1
896 0 5 376 1 60 1 128 1 160 1 226 1
897 0 5 377 1 185 1 306 1 332 1 78 1
898 0 5 378 1 49 1 384 1 368 1 259 1
899 0 5 379 1 302 1 235 1 381 1 47 1
900 0 5 380 1 382 1 99 1 287 1 164 1
901 0 5 381 1 180 1 186 1 248 1 118 1
902 0 5 382 1 69 1 459 1 380 1 287 1
903 0 5 383 1 126 1 103 1 336 1 19 1
904 0 5 384 1 368 1 486 1 44 1 460 1
905 0 5 385 1 8 1 98 1 121 1 272 1
906 0 5 386 1 441 1 395 1 161 1 37 1
907 0 5 387 1 411 1 427 1 68 1 329 1
908 0 5 388 1 50 1 106 1 57 1 36 1
909 0 5 389 1 342 1 171 1 65 1 150 1
910 0 5 390 1 134 1 14 1 276 1 367 1
911 0 5 391 1 142 1 77 1 217 1 469 1
912 0 5 392 1 284 1 400 1 447 1 288 1
913 0 5 393 1 117 1 454 1 159 1 202 1
914 0 5 394 1 453 1 481 1 39 1 194 1
915 0 5 395 1 161 1 441 1 444 1 483 1
916 0 5 396 1 356 1 403 1 295 1 53 1
917 0 5 397 1 234 1 367 1 134 1 347 1
918 0 5 398 1 1 1 327 1 44 1 153 1
919 0 5 399 1 256 1 28 1 331 1 281 1
920 0 5 400 1 288 1 284 1 447 1 392 1
921 0 5 401 1 97 1 211 1 17 1 483 1
922 0 5 402 1 484 1 222 1 86 1 323 1
923 0 5 403 1 396 1 237 1 295 1 308 1
924 0 5 404 1 187 1 14 1 390 1 319 1
925 0 5 405 1 258 1 123 1 343 1 399 1
926 0 5 406 1 247 1 313 1 369 1 305 1
927 0 5 407 1 129 1 73 1 54 1 25 1
928 0 5 408 1 104 1 478 1 254 1 224 1
929 0 5 409 1 60 1 449 1 226 1 217 1
930 0 5 410 1 292 1 172 1 20 1 275 1
931 0 5 411 1 197 1 427 1 387 1 471 1
932 0 5 412 1 46 1 464 1 411 1 275 1
933 0 5 413 1 374 1 317 1 182 1 192 1
934 0 5 414 1 136 1 120 1 464 1 430 1
935 0 5 415 1 489 1 349 1 220 1 24 1
936 0 5 416 1 252 1 244 1 436 1 251 1
937 0 5 417 1 276 1 134 1 80 1 390 1
938 0 5 418 1 219 1 184 1 147 1 403 1
939 0 5 419 1 85 1 313 1 432 1 486 1
940 0 5 420 1 282 1 40 1 283 1 152 1
941 0 5 421 1 41 1 383 1 103 1 399 1
942 0 5 422 1 435 1 191 1 102 1 79 1
943 0 5 423 1 18 1 351 1 366 1 210 1
944 0 5 424 1 384 1 456 1 59 1 378 1
945 0 5 425 1 214 1 434 1 350 1 2 1
946 0 5 426 1 216 1 427 1 332 1 354 1
947 0 5 427 1 177 1 216 1 101 1 138 1
948 0 5 428 1 498 1 333 1 336 1 295 1
949 0 5 429 1 438 1 488 1 178 1 171 1
950 0 5 430 1 414 1 141 1 136 1 120 1
951 0 5 431 1 181 1 359 1 95 1 195 1
952 0 5 432 1 456 1 368 1 460 1 259 1
953 0 5 433 1 341 1 222 1 300 1 309 1
954 0 5 434 1 425 1 166 1 108 1 214 1
955 0 5 435 1 310 1 269 1 81 1 422 1
956 0 5 436 1 392 1 252 1 416 1 447 1
957 0 5 437 1 174 1 469 1 217 1 320 1
958 0 5 438 1 171 1 20 1 150 1 429 1
959 0 5 439 1 203 1 128 1 276 1 77 1
960 0 5 440 1 329 1 101 1 495 1 216 1
961 0 5 441 1 444 1 395 1 386 1 161 1
962 0 5 442 1 33 1 464 1 73 1 129 1
963 0 5 443 1 280 1 341 1 70 1 249 1
964 0 5 444 1 171 1 381 1 445 1 389 1
965 0 5 445 1 444 1 186 1 321 1 371 1
966 0 5 446 1 393 1 277 1 352 1 490 1
967 0 5 447 1 476 1 288 1 392 1 23 1
968 0 5 448 1 278 1 100 1 280 1 198 1
969 0 5 449 1 409 1 217 1 203 1 226 1
970 0 5 450 1 36 1 299 1 205 1 47 1
971 0 5 451 1 311 1 28 1 281 1 236 1
972 0 5 452 1 490 1 62 1 362 1 264 1
973 0 5 453 1 194 1 255 1 357 1 394 1
974 0 5 454 1 159 1 202 1 117 1 393 1
975 0 5 455 1 170 1 338 1 499 1 485 1
976 0 5 456 1 261 1 44 1 327 1 259 1
977 0 5 457 1 143 1 251 1 243 1 307 1
978 0 5 458 1 107 1 61 1 240 1 218 1
979 0 5 459 1 209 1 287 1 307 1 382 1
980 0 5 460 1 305 1 368 1 384 1 486 1
981 0 5 461 1 372 1 349 1 144 1 415 1
982 0 5 462 1 43 1 333 1 336 1 55 1
983 0 5 463 1 72 1 172 1 180 1 381 1
984 0 5 464 1 52 1 360 1 120 1 21 1
985 0 5 465 1 328 1 238 1 287 1 457 1
986 0 5 466 1 244 1 143 1 7 1 455 1
987 0 5 467 1 106 1 364 1 299 1 15 1
988 0 5 468 1 113 1 200 1 60 1 196 1
989 0 5 469 1 320 1 142 1 437 1 77 1
990 0 5 470 1 78 1 332 1 377 1 306 1
991 0 5 471 1 6 1 197 1 68 1 5 1
992 0 5 472 1 432 1 486 1 424 1 157 1
993 0 5 473 1 87 1 283 1 358 1 149 1
994 0 5 474 1 296 1 65 1 37 1 386 1
995 0 5 475 1 24 1 220 1 90 1 415 1
996 0 5 476 1 447 1 288 1 23 1 392 1
997 0 5 477 1 438 1 201 1 34 1 198 1
998 0 5 478 1 104 1 408 1 371 1 186 1
999 0 5 479 1 59 1 190 1 398 1 94 1
1000 0 5 480 1 374 1 182 1 75 1 289 1
1001 0 5 481 1 394 1 39 1 453 1 357 1
1002 0 5 482 1 120 1 21 1 189 1 141 1
1003 0 5 483 1 97 1 208 1 165 1 211 1
1004 0 5 484 1 330 1 96 1 323 1 86 1
1005 0 5 485 1 170 1 204 1 338 1 455 1
1006 0 5 486 1 118 1 384 1 193 1 432 1
1007 0 5 487 1 173 1 148 1 7 1 286 1
1008 0 5 488 1 51 1 412 1 438 1 335 1
1009 0 5 489 1 80 1 24 1 349 1 90 1
1010 0 5 490 1 45 1 225 1 153 1 354 1
1011 0 5 491 1 163 1 454 1 139 1 393 1
1012 0 5 492 1 406 1 460 1 44 1 369 1
1013 0 5 493 1 100 1 168 1 58 1 249 1
1014 0 5 494 1 26 1 138 1 266 1 377 1
1015 0 5 495 1 440 1 163 1 101 1 393 1
1016 0 5 496 1 347 1 196 1 226 1 231 1
1017 0 5 497 1 76 1 402 1 250 1 32 1
1018 0 5 498 1 333 1 230 1 43 1 403 1
1019 0 5 499 1 244 1 262 1 466 1 251 1
1020 0 5 500 1 88 1 229 1 4 1 232 1
1021 0 5 501 1 212 1 16 1 87 1 13 1
1022 0 5 502 0 520 1 519 1 518 1 517 1
1023 0 5 503 0 520 1 519 1 518 1 517 1
1024 0 5 504 0 520 1 519 1 518 1 517 1
1025 0 5 505 0 520 1 519 1 518 1 517 1
1026 0 5 506 0 520 1 519 1 518 1 517 1
1027 0 5 507 0 520 1 519 1 518 1 517 1
1028 0 5 508 0 520 1 519 1 518 1 517 1
1029 0 5 509 0 520 1 519 1 518 1 517 1
1030 0 5 510 0 520 1 519 1 518 1 517 1
1031 0 5 511 0 520 1 519 1 518 1 517 1
1032 0 5 512 0 520 1 519 1 518 1 517 1
1033 0 5 513 0 520 1 519 1 518 1 517 1
1034 0 5 514 0 520 1 519 1 518 1 517 1
1035 0 5 515 0 520 1 519 1 518 1 517 1
1036 0 5 516 0 520 1 519 1 518 1 517 1
1037 0 5 517 0 520 1 519 1 518 1 517 1
1038 0 5 518 0 520 1 519 1 518 1 517 1
1039 0 5 519 0 520 1 519 1 518 1 517 1
1040 0 5 520 0 520 1 519 1 518 1 517 1
-1
EOF
