1040
1 0 5 521 0 1040 1 1039 1 1038 1 1037 1
2 0 5 522 1 878 1 946 1 662 1 731 1
3 0 5 523 1 649 1 896 1 726 1 525 1
4 0 5 524 1 685 1 807 1 677 1 612 1
5 0 5 525 1 686 1 563 1 858 1 676 1
6 0 5 526 1 553 1 531 1 628 1 739 1
7 0 5 527 1 906 1 1002 1 778 1 624 1
8 0 5 528 1 933 1 729 1 772 1 811 1
9 0 5 529 1 739 1 597 1 734 1 651 1
10 0 5 530 1 995 1 953 1 650 1 559 1
11 0 5 531 1 651 1 628 1 980 1 526 1
12 0 5 532 1 655 1 744 1 753 1 900 1
13 0 5 533 1 630 1 737 1 622 1 921 1
14 0 5 534 1 719 1 809 1 804 1 907 1
15 0 5 535 1 766 1 872 1 1020 1 753 1
16 0 5 536 1 592 1 579 1 1007 1 632 1
17 0 5 537 1 909 1 525 1 739 1 529 1
18 0 5 538 1 642 1 783 1 1009 1 837 1
19 0 5 539 1 592 1 536 1 1007 1 625 1
20 0 5 540 1 945 1 720 1 948 1 705 1
21 0 5 541 1 757 1 657 1 987 1 778 1
22 0 5 542 1 811 1 901 1 551 1 611 1
23 0 5 543 1 752 1 764 1 632 1 694 1
24 0 5 544 1 736 1 564 1 964 1 866 1
25 0 5 545 1 645 1 723 1 625 1 846 1
26 0 5 546 1 1001 1 688 1 885 1 976 1
27 0 5 547 1 664 1 694 1 1003 1 562 1
28 0 5 548 1 635 1 972 1 966 1 931 1
29 0 5 549 1 816 1 550 1 800 1 864 1
30 0 5 550 1 800 1 549 1 816 1 867 1
31 0 5 551 1 542 1 787 1 901 1 764 1
32 0 5 552 1 631 1 940 1 742 1 790 1
33 0 5 553 1 733 1 628 1 526 1 531 1
34 0 5 554 1 879 1 675 1 555 1 707 1
35 0 5 555 1 874 1 707 1 764 1 632 1
36 0 5 556 1 989 1 902 1 589 1 920 1
37 0 5 557 1 683 1 729 1 968 1 626 1
38 0 5 558 1 700 1 916 1 873 1 753 1
39 0 5 559 1 925 1 613 1 854 1 839 1
40 0 5 560 1 884 1 738 1 617 1 532 1
41 0 5 561 1 568 1 870 1 689 1 727 1
42 0 5 562 1 1003 1 547 1 767 1 1016 1
43 0 5 563 1 871 1 552 1 859 1 525 1
44 0 5 564 1 736 1 544 1 690 1 711 1
45 0 5 565 1 521 1 594 1 835 1 848 1
46 0 5 566 1 540 1 919 1 945 1 714 1
47 0 5 567 1 682 1 761 1 665 1 907 1
48 0 5 568 1 671 1 561 1 813 1 850 1
49 0 5 569 1 538 1 642 1 1009 1 930 1
50 0 5 570 1 956 1 777 1 838 1 716 1
51 0 5 571 1 726 1 523 1 572 1 896 1
52 0 5 572 1 747 1 639 1 624 1 527 1
53 0 5 573 1 728 1 798 1 990 1 761 1
54 0 5 574 1 631 1 790 1 713 1 895 1
55 0 5 575 1 629 1 932 1 962 1 601 1
56 0 5 576 1 634 1 617 1 780 1 881 1
57 0 5 577 1 861 1 638 1 839 1 825 1
58 0 5 578 1 991 1 994 1 983 1 905 1
59 0 5 579 1 536 1 673 1 666 1 592 1
60 0 5 580 1 932 1 853 1 726 1 679 1
61 0 5 581 1 733 1 1017 1 878 1 946 1
62 0 5 582 1 770 1 970 1 954 1 942 1
63 0 5 583 1 834 1 667 1 923 1 903 1
64 0 5 584 1 947 1 913 1 959 1 721 1
65 0 5 585 1 693 1 622 1 689 1 728 1
66 0 5 586 1 605 1 1000 1 958 1 895 1
67 0 5 587 1 880 1 895 1 958 1 779 1
68 0 5 588 1 847 1 860 1 801 1 810 1
69 0 5 589 1 897 1 700 1 873 1 558 1
70 0 5 590 1 717 1 876 1 582 1 954 1
71 0 5 591 1 730 1 985 1 640 1 598 1
72 0 5 592 1 543 1 752 1 551 1 764 1
73 0 5 593 1 615 1 679 1 987 1 853 1
74 0 5 594 1 565 1 521 1 607 1 835 1
75 0 5 595 1 672 1 886 1 732 1 1017 1
76 0 5 596 1 837 1 538 1 915 1 569 1
77 0 5 597 1 529 1 848 1 639 1 667 1
78 0 5 598 1 760 1 796 1 619 1 730 1
79 0 5 599 1 660 1 915 1 791 1 783 1
80 0 5 600 1 984 1 743 1 943 1 845 1
81 0 5 601 1 789 1 575 1 962 1 853 1
82 0 5 602 1 977 1 646 1 762 1 799 1
83 0 5 603 1 922 1 834 1 541 1 757 1
84 0 5 604 1 846 1 804 1 723 1 718 1
85 0 5 605 1 713 1 1015 1 1000 1 881 1
86 0 5 606 1 974 1 957 1 941 1 971 1
87 0 5 607 1 928 1 751 1 594 1 950 1
88 0 5 608 1 940 1 591 1 985 1 587 1
89 0 5 609 1 779 1 797 1 662 1 697 1
90 0 5 610 1 679 1 740 1 988 1 910 1
91 0 5 611 1 542 1 704 1 528 1 811 1
92 0 5 612 1 763 1 943 1 975 1 677 1
93 0 5 613 1 810 1 801 1 854 1 588 1
94 0 5 614 1 702 1 660 1 722 1 873 1
95 0 5 615 1 580 1 781 1 932 1 853 1
96 0 5 616 1 838 1 684 1 612 1 524 1
97 0 5 617 1 576 1 696 1 634 1 1019 1
98 0 5 618 1 764 1 547 1 1003 1 918 1
99 0 5 619 1 774 1 869 1 872 1 760 1
100 0 5 620 1 795 1 880 1 808 1 958 1
101 0 5 621 1 1008 1 827 1 670 1 1001 1
102 0 5 622 1 533 1 767 1 630 1 562 1
103 0 5 623 1 890 1 690 1 837 1 751 1
104 0 5 624 1 1002 1 747 1 853 1 679 1
105 0 5 625 1 1007 1 539 1 844 1 536 1
106 0 5 626 1 772 1 729 1 968 1 528 1
107 0 5 627 1 745 1 811 1 708 1 683 1
108 0 5 628 1 980 1 651 1 950 1 531 1
109 0 5 629 1 972 1 575 1 931 1 548 1
110 0 5 630 1 737 1 856 1 767 1 622 1
111 0 5 631 1 912 1 971 1 606 1 871 1
112 0 5 632 1 555 1 874 1 764 1 707 1
113 0 5 633 1 689 1 727 1 728 1 561 1
114 0 5 634 1 780 1 738 1 595 1 944 1
115 0 5 635 1 1014 1 548 1 972 1 601 1
116 0 5 636 1 866 1 944 1 544 1 886 1
117 0 5 637 1 759 1 990 1 712 1 798 1
118 0 5 638 1 577 1 847 1 861 1 825 1
119 0 5 639 1 848 1 527 1 667 1 1002 1
120 0 5 640 1 958 1 730 1 951 1 591 1
121 0 5 641 1 699 1 945 1 648 1 668 1
122 0 5 642 1 753 1 783 1 1009 1 538 1
123 0 5 643 1 779 1 662 1 697 1 609 1
124 0 5 644 1 866 1 775 1 569 1 538 1
125 0 5 645 1 625 1 543 1 539 1 752 1
126 0 5 646 1 602 1 862 1 905 1 578 1
127 0 5 647 1 894 1 1005 1 971 1 552 1
128 0 5 648 1 668 1 979 1 857 1 641 1
129 0 5 649 1 803 1 898 1 739 1 815 1
130 0 5 650 1 839 1 953 1 577 1 860 1
131 0 5 651 1 980 1 950 1 529 1 628 1
132 0 5 652 1 615 1 853 1 987 1 593 1
133 0 5 653 1 750 1 868 1 838 1 941 1
134 0 5 654 1 815 1 691 1 811 1 933 1
135 0 5 655 1 900 1 532 1 744 1 746 1
136 0 5 656 1 927 1 711 1 564 1 702 1
137 0 5 657 1 778 1 527 1 669 1 757 1
138 0 5 658 1 748 1 888 1 706 1 843 1
139 0 5 659 1 571 1 523 1 537 1 726 1
140 0 5 660 1 791 1 614 1 702 1 656 1
141 0 5 661 1 960 1 716 1 838 1 981 1
142 0 5 662 1 697 1 609 1 735 1 946 1
143 0 5 663 1 883 1 719 1 842 1 868 1
144 0 5 664 1 694 1 547 1 1003 1 721 1
145 0 5 665 1 585 1 693 1 706 1 843 1
146 0 5 666 1 787 1 901 1 708 1 710 1
147 0 5 667 1 835 1 597 1 848 1 521 1
148 0 5 668 1 692 1 648 1 641 1 699 1
149 0 5 669 1 659 1 701 1 778 1 571 1
150 0 5 670 1 851 1 621 1 885 1 680 1
151 0 5 671 1 813 1 568 1 721 1 561 1
152 0 5 672 1 886 1 544 1 1004 1 595 1
153 0 5 673 1 579 1 962 1 879 1 788 1
154 0 5 674 1 708 1 676 1 858 1 871 1
155 0 5 675 1 961 1 629 1 879 1 972 1
156 0 5 676 1 858 1 674 1 745 1 859 1
157 0 5 677 1 612 1 807 1 763 1 685 1
158 0 5 678 1 997 1 977 1 705 1 840 1
159 0 5 679 1 740 1 593 1 853 1 624 1
160 0 5 680 1 688 1 851 1 670 1 934 1
161 0 5 681 1 776 1 719 1 737 1 1016 1
162 0 5 682 1 567 1 883 1 761 1 706 1
163 0 5 683 1 933 1 528 1 557 1 745 1
164 0 5 684 1 616 1 524 1 685 1 612 1
165 0 5 685 1 524 1 677 1 763 1 934 1
166 0 5 686 1 858 1 1011 1 676 1 674 1
167 0 5 687 1 818 1 888 1 665 1 939 1
168 0 5 688 1 680 1 934 1 851 1 885 1
169 0 5 689 1 727 1 622 1 728 1 562 1
170 0 5 690 1 521 1 736 1 973 1 711 1
171 0 5 691 1 793 1 933 1 815 1 811 1
172 0 5 692 1 951 1 699 1 668 1 855 1
173 0 5 693 1 585 1 622 1 689 1 1016 1
174 0 5 694 1 618 1 664 1 543 1 547 1
175 0 5 695 1 863 1 1001 1 975 1 612 1
176 0 5 696 1 882 1 617 1 1019 1 560 1
177 0 5 697 1 735 1 587 1 662 1 609 1
178 0 5 698 1 969 1 841 1 937 1 607 1
179 0 5 699 1 692 1 641 1 668 1 648 1
180 0 5 700 1 589 1 873 1 916 1 897 1
181 0 5 701 1 652 1 571 1 523 1 726 1
182 0 5 702 1 899 1 614 1 656 1 722 1
183 0 5 703 1 782 1 875 1 847 1 588 1
184 0 5 704 1 784 1 528 1 626 1 611 1
185 0 5 705 1 840 1 951 1 540 1 640 1
186 0 5 706 1 843 1 868 1 665 1 658 1
187 0 5 707 1 554 1 874 1 555 1 675 1
188 0 5 708 1 627 1 787 1 666 1 551 1
189 0 5 709 1 957 1 552 1 971 1 606 1
190 0 5 710 1 815 1 787 1 666 1 654 1
191 0 5 711 1 564 1 690 1 927 1 736 1
192 0 5 712 1 759 1 818 1 939 1 637 1
193 0 5 713 1 993 1 968 1 1015 1 605 1
194 0 5 714 1 919 1 794 1 981 1 948 1
195 0 5 715 1 643 1 731 1 946 1 878 1
196 0 5 716 1 661 1 960 1 570 1 777 1
197 0 5 717 1 830 1 590 1 582 1 770 1
198 0 5 718 1 604 1 539 1 846 1 625 1
199 0 5 719 1 907 1 681 1 776 1 663 1
200 0 5 720 1 578 1 945 1 801 1 540 1
201 0 5 721 1 813 1 850 1 911 1 913 1
202 0 5 722 1 836 1 636 1 899 1 656 1
203 0 5 723 1 911 1 545 1 846 1 804 1
204 0 5 724 1 804 1 604 1 592 1 551 1
205 0 5 725 1 616 1 817 1 684 1 612 1
206 0 5 726 1 896 1 523 1 781 1 580 1
207 0 5 727 1 633 1 689 1 728 1 765 1
208 0 5 728 1 585 1 689 1 693 1 573 1
209 0 5 729 1 908 1 772 1 933 1 822 1
210 0 5 730 1 591 1 640 1 796 1 840 1
211 0 5 731 1 643 1 865 1 779 1 715 1
212 0 5 732 1 595 1 672 1 886 1 1017 1
213 0 5 733 1 628 1 553 1 581 1 797 1
214 0 5 734 1 531 1 651 1 980 1 793 1
215 0 5 735 1 609 1 587 1 1004 1 946 1
216 0 5 736 1 973 1 521 1 690 1 964 1
217 0 5 737 1 533 1 750 1 681 1 921 1
218 0 5 738 1 944 1 882 1 558 1 560 1
219 0 5 739 1 793 1 529 1 563 1 683 1
220 0 5 740 1 966 1 679 1 635 1 548 1
221 0 5 741 1 758 1 870 1 561 1 568 1
222 0 5 742 1 790 1 1006 1 631 1 574 1
223 0 5 743 1 600 1 939 1 687 1 888 1
224 0 5 744 1 532 1 900 1 655 1 830 1
225 0 5 745 1 528 1 683 1 627 1 811 1
226 0 5 746 1 830 1 900 1 655 1 532 1
227 0 5 747 1 639 1 906 1 572 1 624 1
228 0 5 748 1 658 1 888 1 706 1 877 1
229 0 5 749 1 667 1 607 1 835 1 751 1
230 0 5 750 1 921 1 737 1 681 1 653 1
231 0 5 751 1 607 1 521 1 890 1 889 1
232 0 5 752 1 632 1 764 1 543 1 874 1
233 0 5 753 1 920 1 535 1 916 1 558 1
234 0 5 754 1 1017 1 553 1 1015 1 797 1
235 0 5 755 1 657 1 778 1 669 1 701 1
236 0 5 756 1 819 1 936 1 770 1 762 1
237 0 5 757 1 987 1 652 1 679 1 593 1
238 0 5 758 1 998 1 561 1 870 1 568 1
239 0 5 759 1 712 1 637 1 798 1 990 1
240 0 5 760 1 796 1 926 1 869 1 619 1
241 0 5 761 1 573 1 990 1 728 1 798 1
242 0 5 762 1 756 1 936 1 819 1 602 1
243 0 5 763 1 845 1 524 1 943 1 677 1
244 0 5 764 1 724 1 901 1 551 1 632 1
245 0 5 765 1 561 1 727 1 633 1 998 1
246 0 5 766 1 872 1 535 1 882 1 1020 1
247 0 5 767 1 856 1 551 1 611 1 622 1
248 0 5 768 1 620 1 795 1 880 1 808 1
249 0 5 769 1 530 1 823 1 953 1 887 1
250 0 5 770 1 970 1 582 1 936 1 806 1
251 0 5 771 1 821 1 937 1 581 1 607 1
252 0 5 772 1 729 1 933 1 563 1 683 1
253 0 5 773 1 953 1 887 1 860 1 925 1
254 0 5 774 1 954 1 582 1 770 1 619 1
255 0 5 775 1 569 1 930 1 544 1 538 1
256 0 5 776 1 1016 1 622 1 681 1 719 1
257 0 5 777 1 570 1 838 1 960 1 716 1
258 0 5 778 1 527 1 571 1 1002 1 669 1
259 0 5 779 1 1010 1 895 1 587 1 1015 1
260 0 5 780 1 732 1 595 1 672 1 944 1
261 0 5 781 1 1021 1 896 1 673 1 814 1
262 0 5 782 1 860 1 703 1 801 1 588 1
263 0 5 783 1 558 1 556 1 1009 1 873 1
264 0 5 784 1 626 1 704 1 772 1 993 1
265 0 5 785 1 522 1 878 1 946 1 662 1
266 0 5 786 1 831 1 807 1 979 1 857 1
267 0 5 787 1 666 1 901 1 708 1 551 1
268 0 5 788 1 931 1 844 1 673 1 879 1
269 0 5 789 1 601 1 961 1 575 1 635 1
270 0 5 790 1 574 1 742 1 940 1 631 1
271 0 5 791 1 660 1 614 1 702 1 656 1
272 0 5 792 1 640 1 1005 1 940 1 951 1
273 0 5 793 1 734 1 531 1 651 1 654 1
274 0 5 794 1 714 1 566 1 919 1 951 1
275 0 5 795 1 768 1 884 1 560 1 617 1
276 0 5 796 1 867 1 849 1 942 1 730 1
277 0 5 797 1 1017 1 754 1 609 1 581 1
278 0 5 798 1 573 1 741 1 759 1 990 1
279 0 5 799 1 862 1 646 1 602 1 802 1
280 0 5 800 1 720 1 945 1 816 1 550 1
281 0 5 801 1 810 1 782 1 860 1 641 1
282 0 5 802 1 762 1 862 1 646 1 602 1
283 0 5 803 1 898 1 649 1 654 1 815 1
284 0 5 804 1 534 1 911 1 846 1 604 1
285 0 5 805 1 882 1 738 1 697 1 795 1
286 0 5 806 1 799 1 770 1 646 1 936 1
287 0 5 807 1 999 1 831 1 786 1 877 1
288 0 5 808 1 576 1 880 1 587 1 620 1
289 0 5 809 1 721 1 907 1 798 1 1016 1
290 0 5 810 1 613 1 801 1 891 1 641 1
291 0 5 811 1 745 1 528 1 627 1 933 1
292 0 5 812 1 1004 1 930 1 672 1 544 1
293 0 5 813 1 850 1 671 1 568 1 982 1
294 0 5 814 1 718 1 1021 1 892 1 625 1
295 0 5 815 1 654 1 691 1 811 1 933 1
296 0 5 816 1 549 1 800 1 864 1 550 1
297 0 5 817 1 684 1 1005 1 616 1 838 1
298 0 5 818 1 939 1 761 1 665 1 687 1
299 0 5 819 1 936 1 756 1 977 1 602 1
300 0 5 820 1 918 1 547 1 947 1 694 1
301 0 5 821 1 812 1 878 1 785 1 1004 1
302 0 5 822 1 531 1 526 1 793 1 739 1
303 0 5 823 1 773 1 995 1 953 1 559 1
304 0 5 824 1 701 1 659 1 669 1 537 1
305 0 5 825 1 786 1 861 1 763 1 638 1
306 0 5 826 1 910 1 679 1 988 1 593 1
307 0 5 827 1 975 1 984 1 621 1 1008 1
308 0 5 828 1 852 1 938 1 949 1 945 1
309 0 5 829 1 969 1 923 1 841 1 597 1
310 0 5 830 1 955 1 746 1 744 1 900 1
311 0 5 831 1 855 1 786 1 981 1 716 1
312 0 5 832 1 731 1 715 1 643 1 865 1
313 0 5 833 1 967 1 535 1 1020 1 876 1
314 0 5 834 1 541 1 657 1 755 1 757 1
315 0 5 835 1 521 1 667 1 848 1 690 1
316 0 5 836 1 722 1 899 1 915 1 873 1
317 0 5 837 1 915 1 656 1 711 1 623 1
318 0 5 838 1 777 1 868 1 653 1 842 1
319 0 5 839 1 559 1 577 1 588 1 613 1
320 0 5 840 1 678 1 640 1 951 1 1019 1
321 0 5 841 1 832 1 715 1 581 1 785 1
322 0 5 842 1 663 1 653 1 883 1 868 1
323 0 5 843 1 838 1 706 1 777 1 658 1
324 0 5 844 1 788 1 536 1 1007 1 707 1
325 0 5 845 1 807 1 677 1 943 1 999 1
326 0 5 846 1 723 1 911 1 804 1 545 1
327 0 5 847 1 638 1 588 1 577 1 703 1
328 0 5 848 1 667 1 521 1 835 1 639 1
329 0 5 849 1 867 1 929 1 550 1 796 1
330 0 5 850 1 982 1 547 1 562 1 1016 1
331 0 5 851 1 670 1 680 1 688 1 1008 1
332 0 5 852 1 938 1 976 1 828 1 847 1
333 0 5 853 1 580 1 624 1 679 1 593 1
334 0 5 854 1 613 1 983 1 925 1 810 1
335 0 5 855 1 981 1 857 1 951 1 716 1
336 0 5 856 1 611 1 551 1 704 1 767 1
337 0 5 857 1 979 1 855 1 831 1 648 1
338 0 5 858 1 674 1 676 1 627 1 708 1
339 0 5 859 1 871 1 676 1 683 1 858 1
340 0 5 860 1 588 1 953 1 801 1 782 1
341 0 5 861 1 825 1 786 1 984 1 1008 1
342 0 5 862 1 802 1 646 1 762 1 602 1
343 0 5 863 1 682 1 695 1 939 1 883 1
344 0 5 864 1 678 1 970 1 942 1 997 1
345 0 5 865 1 1006 1 1010 1 731 1 643 1
346 0 5 866 1 775 1 964 1 973 1 644 1
347 0 5 867 1 550 1 796 1 929 1 705 1
348 0 5 868 1 653 1 706 1 663 1 843 1
349 0 5 869 1 926 1 619 1 872 1 760 1
350 0 5 870 1 765 1 568 1 992 1 998 1
351 0 5 871 1 859 1 968 1 683 1 557 1
352 0 5 872 1 766 1 869 1 535 1 882 1
353 0 5 873 1 589 1 836 1 722 1 916 1
354 0 5 874 1 707 1 555 1 554 1 632 1
355 0 5 875 1 703 1 934 1 825 1 685 1
356 0 5 876 1 1020 1 717 1 590 1 746 1
357 0 5 877 1 658 1 999 1 888 1 706 1
358 0 5 878 1 946 1 662 1 1017 1 697 1
359 0 5 879 1 675 1 961 1 629 1 931 1
360 0 5 880 1 808 1 587 1 576 1 768 1
361 0 5 881 1 754 1 1015 1 605 1 587 1
362 0 5 882 1 805 1 738 1 560 1 795 1
363 0 5 883 1 567 1 663 1 534 1 682 1
364 0 5 884 1 560 1 617 1 795 1 1019 1
365 0 5 885 1 976 1 670 1 688 1 680 1
366 0 5 886 1 544 1 672 1 1017 1 866 1
367 0 5 887 1 769 1 953 1 860 1 949 1
368 0 5 888 1 748 1 658 1 999 1 687 1
369 0 5 889 1 821 1 930 1 812 1 544 1
370 0 5 890 1 623 1 751 1 690 1 837 1
371 0 5 891 1 893 1 810 1 983 1 641 1
372 0 5 892 1 718 1 814 1 1021 1 1011 1
373 0 5 893 1 952 1 646 1 891 1 641 1
374 0 5 894 1 1005 1 912 1 640 1 940 1
375 0 5 895 1 586 1 958 1 1015 1 587 1
376 0 5 896 1 781 1 1011 1 523 1 649 1
377 0 5 897 1 700 1 873 1 916 1 753 1
378 0 5 898 1 710 1 815 1 673 1 803 1
379 0 5 899 1 656 1 836 1 636 1 722 1
380 0 5 900 1 746 1 655 1 744 1 532 1
381 0 5 901 1 632 1 764 1 551 1 666 1
382 0 5 902 1 599 1 556 1 915 1 836 1
383 0 5 903 1 923 1 755 1 824 1 669 1
384 0 5 904 1 826 1 987 1 740 1 593 1
385 0 5 905 1 806 1 994 1 646 1 578 1
386 0 5 906 1 639 1 747 1 624 1 1002 1
387 0 5 907 1 809 1 693 1 534 1 719 1
388 0 5 908 1 822 1 526 1 793 1 729 1
389 0 5 909 1 1006 1 563 1 537 1 739 1
390 0 5 910 1 988 1 679 1 740 1 610 1
391 0 5 911 1 804 1 664 1 721 1 723 1
392 0 5 912 1 935 1 941 1 993 1 713 1
393 0 5 913 1 741 1 568 1 996 1 584 1
394 0 5 914 1 636 1 944 1 1009 1 886 1
395 0 5 915 1 837 1 656 1 899 1 836 1
396 0 5 916 1 1009 1 722 1 944 1 532 1
397 0 5 917 1 937 1 771 1 969 1 889 1
398 0 5 918 1 618 1 1003 1 562 1 547 1
399 0 5 919 1 948 1 566 1 714 1 817 1
400 0 5 920 1 967 1 535 1 753 1 833 1
401 0 5 921 1 956 1 704 1 737 1 533 1
402 0 5 922 1 757 1 652 1 987 1 541 1
403 0 5 923 1 669 1 755 1 824 1 597 1
404 0 5 924 1 784 1 993 1 704 1 626 1
405 0 5 925 1 854 1 983 1 613 1 991 1
406 0 5 926 1 869 1 872 1 882 1 760 1
407 0 5 927 1 711 1 564 1 656 1 736 1
408 0 5 928 1 771 1 841 1 607 1 581 1
409 0 5 929 1 849 1 566 1 867 1 550 1
410 0 5 930 1 812 1 642 1 1009 1 1004 1
411 0 5 931 1 972 1 966 1 548 1 635 1
412 0 5 932 1 575 1 962 1 601 1 580 1
413 0 5 933 1 908 1 654 1 793 1 729 1
414 0 5 934 1 875 1 1008 1 851 1 621 1
415 0 5 935 1 716 1 912 1 653 1 960 1
416 0 5 936 1 717 1 955 1 830 1 756 1
417 0 5 937 1 928 1 841 1 771 1 581 1
418 0 5 938 1 949 1 769 1 860 1 887 1
419 0 5 939 1 687 1 712 1 818 1 888 1
420 0 5 940 1 1010 1 552 1 894 1 574 1
421 0 5 941 1 842 1 750 1 653 1 921 1
422 0 5 942 1 884 1 997 1 864 1 796 1
423 0 5 943 1 845 1 984 1 763 1 612 1
424 0 5 944 1 914 1 595 1 886 1 1009 1
425 0 5 945 1 641 1 782 1 720 1 540 1
426 0 5 946 1 662 1 609 1 797 1 697 1
427 0 5 947 1 820 1 918 1 618 1 584 1
428 0 5 948 1 714 1 875 1 685 1 857 1
429 0 5 949 1 887 1 938 1 769 1 860 1
430 0 5 950 1 594 1 565 1 980 1 529 1
431 0 5 951 1 705 1 792 1 981 1 640 1
432 0 5 952 1 977 1 893 1 602 1 646 1
433 0 5 953 1 650 1 860 1 773 1 887 1
434 0 5 954 1 582 1 590 1 770 1 717 1
435 0 5 955 1 744 1 830 1 746 1 655 1
436 0 5 956 1 924 1 921 1 704 1 784 1
437 0 5 957 1 971 1 974 1 606 1 941 1
438 0 5 958 1 1000 1 640 1 586 1 605 1
439 0 5 959 1 584 1 986 1 913 1 947 1
440 0 5 960 1 777 1 661 1 838 1 570 1
441 0 5 961 1 601 1 789 1 629 1 879 1
442 0 5 962 1 961 1 629 1 879 1 575 1
443 0 5 963 1 890 1 596 1 623 1 775 1
444 0 5 964 1 521 1 751 1 973 1 736 1
445 0 5 965 1 1012 1 721 1 913 1 911 1
446 0 5 966 1 740 1 548 1 931 1 972 1
447 0 5 967 1 833 1 920 1 535 1 1020 1
448 0 5 968 1 557 1 683 1 993 1 626 1
449 0 5 969 1 832 1 841 1 529 1 937 1
450 0 5 970 1 864 1 806 1 770 1 582 1
451 0 5 971 1 941 1 957 1 842 1 974 1
452 0 5 972 1 635 1 548 1 931 1 629 1
453 0 5 973 1 521 1 964 1 835 1 690 1
454 0 5 974 1 606 1 941 1 957 1 971 1
455 0 5 975 1 743 1 939 1 827 1 600 1
456 0 5 976 1 885 1 852 1 934 1 688 1
457 0 5 977 1 602 1 762 1 756 1 819 1
458 0 5 978 1 828 1 800 1 938 1 945 1
459 0 5 979 1 648 1 857 1 786 1 855 1
460 0 5 980 1 950 1 529 1 651 1 628 1
461 0 5 981 1 855 1 951 1 716 1 857 1
462 0 5 982 1 820 1 671 1 547 1 584 1
463 0 5 983 1 891 1 925 1 991 1 810 1
464 0 5 984 1 943 1 861 1 600 1 763 1
465 0 5 985 1 591 1 768 1 795 1 730 1
466 0 5 986 1 959 1 992 1 913 1 765 1
467 0 5 987 1 593 1 679 1 615 1 853 1
468 0 5 988 1 610 1 910 1 601 1 635 1
469 0 5 989 1 920 1 902 1 556 1 967 1
470 0 5 990 1 637 1 761 1 573 1 798 1
471 0 5 991 1 994 1 983 1 578 1 891 1
472 0 5 992 1 986 1 998 1 870 1 765 1
473 0 5 993 1 968 1 713 1 956 1 924 1
474 0 5 994 1 905 1 991 1 773 1 578 1
475 0 5 995 1 823 1 530 1 559 1 953 1
476 0 5 996 1 913 1 959 1 1012 1 741 1
477 0 5 997 1 942 1 678 1 864 1 977 1
478 0 5 998 1 870 1 992 1 765 1 727 1
479 0 5 999 1 877 1 807 1 706 1 843 1
480 0 5 1000 1 586 1 958 1 605 1 640 1
481 0 5 1001 1 695 1 680 1 621 1 975 1
482 0 5 1002 1 624 1 527 1 778 1 747 1
483 0 5 1003 1 562 1 767 1 776 1 918 1
484 0 5 1004 1 735 1 812 1 672 1 944 1
485 0 5 1005 1 794 1 817 1 919 1 714 1
486 0 5 1006 1 742 1 563 1 909 1 537 1
487 0 5 1007 1 844 1 539 1 874 1 632 1
488 0 5 1008 1 621 1 827 1 851 1 861 1
489 0 5 1009 1 914 1 636 1 783 1 944 1
490 0 5 1010 1 742 1 895 1 574 1 940 1
491 0 5 1011 1 892 1 1021 1 781 1 858 1
492 0 5 1012 1 996 1 584 1 741 1 913 1
493 0 5 1013 1 556 1 989 1 902 1 783 1
494 0 5 1014 1 610 1 789 1 635 1 601 1
495 0 5 1015 1 797 1 754 1 605 1 881 1
496 0 5 1016 1 562 1 776 1 809 1 721 1
497 0 5 1017 1 581 1 733 1 732 1 672 1
498 0 5 1018 1 963 1 644 1 890 1 866 1
499 0 5 1019 1 617 1 696 1 840 1 884 1
500 0 5 1020 1 876 1 900 1 717 1 590 1
501 0 5 1021 1 673 1 892 1 1011 1 788 1
502 0 5 1022 0 521 1 1022 1 1023 1 1024 1
503 0 5 1023 0 521 1 1022 1 1023 1 1024 1
504 0 5 1024 0 521 1 1022 1 1023 1 1024 1
505 0 5 1025 0 521 1 1022 1 1023 1 1024 1
506 0 5 1026 0 521 1 1022 1 1023 1 1024 1
507 0 5 1027 0 521 1 1022 1 1023 1 1024 1
508 0 5 1028 0 521 1 1022 1 1023 1 1024 1
509 0 5 1029 0 521 1 1022 1 1023 1 1024 1
510 0 5 1030 0 521 1 1022 1 1023 1 1024 1
511 0 5 1031 0 521 1 1022 1 1023 1 1024 1
512 0 5 1032 0 521 1 1022 1 1023 1 1024 1
513 0 5 1033 0 521 1 1022 1 1023 1 1024 1
514 0 5 1034 0 521 1 1022 1 1023 1 1024 1
515 0 5 1035 0 521 1 1022 1 1023 1 1024 1
516 0 5 1036 0 521 1 1022 1 1023 1 1024 1
517 0 5 1037 0 521 1 1022 1 1023 1 1024 1
518 0 5 1038 0 521 1 1022 1 1023 1 1024 1
519 0 5 1039 0 521 1 1022 1 1023 1 1024 1
520 0 5 1040 0 521 1 1022 1 1023 1 1024 1
521 0 5 1 0 520 1 519 1 518 1 517 1
522 0 5 2 1 265 1 312 1 195 1 301 1
523 0 5 3 1 376 1 206 1 51 1 139 1
524 0 5 4 1 165 1 243 1 164 1 96 1
525 0 5 5 1 43 1 166 1 338 1 291 1
526 0 5 6 1 388 1 33 1 495 1 302 1
527 0 5 7 1 482 1 258 1 137 1 119 1
528 0 5 8 1 225 1 291 1 184 1 163 1
529 0 5 9 1 77 1 219 1 17 1 430 1
530 0 5 10 1 249 1 475 1 340 1 253 1
531 0 5 11 1 6 1 214 1 273 1 302 1
532 0 5 12 1 135 1 224 1 40 1 233 1
533 0 5 13 1 102 1 217 1 161 1 401 1
534 0 5 14 1 284 1 363 1 387 1 289 1
535 0 5 15 1 246 1 313 1 233 1 400 1
536 0 5 16 1 59 1 19 1 324 1 487 1
537 0 5 17 1 389 1 486 1 139 1 304 1
538 0 5 18 1 49 1 124 1 255 1 76 1
539 0 5 19 1 198 1 487 1 105 1 125 1
540 0 5 20 1 46 1 425 1 428 1 185 1
541 0 5 21 1 314 1 137 1 83 1 402 1
542 0 5 22 1 31 1 91 1 381 1 291 1
543 0 5 23 1 72 1 174 1 232 1 125 1
544 0 5 24 1 366 1 44 1 231 1 152 1
545 0 5 25 1 198 1 203 1 84 1 326 1
546 0 5 26 1 332 1 160 1 481 1 168 1
547 0 5 27 1 144 1 42 1 300 1 391 1
548 0 5 28 1 452 1 446 1 55 1 220 1
549 0 5 29 1 296 1 30 1 344 1 126 1
550 0 5 30 1 347 1 29 1 329 1 296 1
551 0 5 31 1 381 1 336 1 267 1 244 1
552 0 5 32 1 420 1 189 1 43 1 111 1
553 0 5 33 1 6 1 234 1 213 1 108 1
554 0 5 34 1 187 1 35 1 354 1 112 1
555 0 5 35 1 112 1 354 1 187 1 34 1
556 0 5 36 1 493 1 469 1 263 1 382 1
557 0 5 37 1 448 1 163 1 351 1 209 1
558 0 5 38 1 263 1 233 1 489 1 218 1
559 0 5 39 1 319 1 303 1 10 1 475 1
560 0 5 40 1 364 1 362 1 218 1 349 1
561 0 5 41 1 245 1 48 1 238 1 462 1
562 0 5 42 1 483 1 496 1 462 1 27 1
563 0 5 43 1 486 1 219 1 389 1 5 1
564 0 5 44 1 191 1 24 1 407 1 346 1
565 0 5 45 1 74 1 87 1 231 1 1 1
566 0 5 46 1 399 1 274 1 425 1 308 1
567 0 5 47 1 363 1 162 1 348 1 143 1
568 0 5 48 1 41 1 350 1 151 1 393 1
569 0 5 49 1 255 1 124 1 346 1 18 1
570 0 5 50 1 257 1 440 1 318 1 196 1
571 0 5 51 1 139 1 258 1 181 1 149 1
572 0 5 52 1 227 1 51 1 104 1 482 1
573 0 5 53 1 241 1 278 1 208 1 470 1
574 0 5 54 1 270 1 490 1 420 1 222 1
575 0 5 55 1 412 1 109 1 442 1 81 1
576 0 5 56 1 288 1 97 1 360 1 40 1
577 0 5 57 1 118 1 327 1 130 1 319 1
578 0 5 58 1 200 1 471 1 126 1 253 1
579 0 5 59 1 153 1 16 1 378 1 268 1
580 0 5 60 1 333 1 95 1 412 1 206 1
581 0 5 61 1 497 1 251 1 277 1 408 1
582 0 5 62 1 434 1 197 1 250 1 70 1
583 0 5 63 1 1 1 229 1 498 1 314 1
584 0 5 64 1 439 1 393 1 462 1 245 1
585 0 5 65 1 173 1 145 1 208 1 387 1
586 0 5 66 1 480 1 375 1 438 1 54 1
587 0 5 67 1 215 1 360 1 177 1 375 1
588 0 5 68 1 340 1 327 1 262 1 183 1
589 0 5 69 1 180 1 353 1 38 1 36 1
590 0 5 70 1 434 1 197 1 356 1 352 1
591 0 5 71 1 465 1 210 1 120 1 88 1
592 0 5 72 1 19 1 16 1 59 1 267 1
593 0 5 73 1 467 1 159 1 333 1 132 1
594 0 5 74 1 430 1 87 1 45 1 321 1
595 0 5 75 1 212 1 260 1 424 1 114 1
596 0 5 76 1 443 1 124 1 346 1 255 1
597 0 5 77 1 87 1 147 1 9 1 403 1
598 0 5 78 1 276 1 71 1 99 1 210 1
599 0 5 79 1 382 1 182 1 69 1 377 1
600 0 5 80 1 223 1 464 1 455 1 423 1
601 0 5 81 1 441 1 269 1 412 1 55 1
602 0 5 82 1 457 1 126 1 279 1 282 1
603 0 5 83 1 63 1 383 1 314 1 403 1
604 0 5 84 1 198 1 284 1 326 1 203 1
605 0 5 85 1 66 1 480 1 495 1 193 1
606 0 5 86 1 454 1 111 1 189 1 437 1
607 0 5 87 1 231 1 408 1 229 1 1 1
608 0 5 88 1 67 1 71 1 375 1 259 1
609 0 5 89 1 215 1 426 1 277 1 142 1
610 0 5 90 1 468 1 494 1 390 1 269 1
611 0 5 91 1 336 1 184 1 31 1 247 1
612 0 5 92 1 157 1 4 1 165 1 96 1
613 0 5 93 1 334 1 290 1 39 1 281 1
614 0 5 94 1 140 1 271 1 182 1 353 1
615 0 5 95 1 73 1 132 1 467 1 333 1
616 0 5 96 1 164 1 205 1 297 1 92 1
617 0 5 97 1 499 1 364 1 40 1 56 1
618 0 5 98 1 174 1 398 1 300 1 427 1
619 0 5 99 1 349 1 240 1 78 1 406 1
620 0 5 100 1 248 1 275 1 360 1 288 1
621 0 5 101 1 488 1 150 1 414 1 331 1
622 0 5 102 1 173 1 65 1 256 1 169 1
623 0 5 103 1 370 1 443 1 317 1 231 1
624 0 5 104 1 482 1 269 1 333 1 159 1
625 0 5 105 1 125 1 294 1 25 1 19 1
626 0 5 106 1 264 1 184 1 37 1 448 1
627 0 5 107 1 188 1 225 1 291 1 338 1
628 0 5 108 1 213 1 33 1 11 1 6 1
629 0 5 109 1 442 1 55 1 359 1 441 1
630 0 5 110 1 13 1 102 1 217 1 401 1
631 0 5 111 1 54 1 32 1 222 1 270 1
632 0 5 112 1 232 1 381 1 35 1 16 1
633 0 5 113 1 207 1 41 1 245 1 169 1
634 0 5 114 1 56 1 97 1 218 1 362 1
635 0 5 115 1 452 1 28 1 220 1 494 1
636 0 5 116 1 202 1 489 1 394 1 379 1
637 0 5 117 1 470 1 239 1 192 1 278 1
638 0 5 118 1 327 1 57 1 305 1 68 1
639 0 5 119 1 227 1 52 1 386 1 77 1
640 0 5 120 1 438 1 210 1 320 1 71 1
641 0 5 121 1 425 1 179 1 148 1 281 1
642 0 5 122 1 18 1 49 1 410 1 292 1
643 0 5 123 1 211 1 195 1 312 1 358 1
644 0 5 124 1 346 1 498 1 255 1 76 1
645 0 5 125 1 25 1 72 1 487 1 19 1
646 0 5 126 1 82 1 279 1 342 1 282 1
647 0 5 127 1 32 1 189 1 451 1 272 1
648 0 5 128 1 459 1 148 1 179 1 121 1
649 0 5 129 1 3 1 376 1 283 1 219 1
650 0 5 130 1 433 1 10 1 340 1 303 1
651 0 5 131 1 11 1 214 1 108 1 9 1
652 0 5 132 1 237 1 60 1 269 1 73 1
653 0 5 133 1 348 1 322 1 415 1 318 1
654 0 5 134 1 295 1 413 1 190 1 163 1
655 0 5 135 1 12 1 380 1 224 1 435 1
656 0 5 136 1 379 1 395 1 182 1 317 1
657 0 5 137 1 21 1 235 1 258 1 403 1
658 0 5 138 1 357 1 228 1 186 1 323 1
659 0 5 139 1 149 1 304 1 258 1 403 1
660 0 5 140 1 79 1 271 1 94 1 182 1
661 0 5 141 1 196 1 440 1 318 1 461 1
662 0 5 142 1 426 1 358 1 177 1 89 1
663 0 5 143 1 322 1 348 1 363 1 199 1
664 0 5 144 1 27 1 391 1 174 1 462 1
665 0 5 145 1 186 1 298 1 47 1 208 1
666 0 5 146 1 267 1 190 1 188 1 381 1
667 0 5 147 1 328 1 229 1 77 1 315 1
668 0 5 148 1 128 1 179 1 121 1 172 1
669 0 5 149 1 403 1 258 1 137 1 304 1
670 0 5 150 1 331 1 365 1 160 1 101 1
671 0 5 151 1 48 1 293 1 462 1 41 1
672 0 5 152 1 75 1 212 1 292 1 424 1
673 0 5 153 1 501 1 59 1 268 1 261 1
674 0 5 154 1 338 1 156 1 339 1 351 1
675 0 5 155 1 359 1 34 1 187 1 411 1
676 0 5 156 1 339 1 338 1 154 1 166 1
677 0 5 157 1 165 1 325 1 4 1 92 1
678 0 5 158 1 344 1 320 1 477 1 422 1
679 0 5 159 1 73 1 220 1 467 1 333 1
680 0 5 160 1 168 1 331 1 150 1 365 1
681 0 5 161 1 199 1 217 1 230 1 256 1
682 0 5 162 1 343 1 47 1 363 1 175 1
683 0 5 163 1 37 1 225 1 339 1 107 1
684 0 5 164 1 297 1 96 1 205 1 318 1
685 0 5 165 1 4 1 428 1 164 1 157 1
686 0 5 166 1 5 1 338 1 491 1 188 1
687 0 5 167 1 419 1 298 1 223 1 80 1
688 0 5 168 1 160 1 365 1 26 1 331 1
689 0 5 169 1 173 1 113 1 208 1 65 1
690 0 5 170 1 191 1 103 1 44 1 216 1
691 0 5 171 1 295 1 134 1 291 1 273 1
692 0 5 172 1 179 1 148 1 20 1 431 1
693 0 5 173 1 65 1 145 1 208 1 387 1
694 0 5 174 1 144 1 27 1 462 1 300 1
695 0 5 175 1 481 1 343 1 92 1 455 1
696 0 5 176 1 97 1 499 1 40 1 364 1
697 0 5 177 1 142 1 89 1 358 1 426 1
698 0 5 178 1 1 1 229 1 397 1 309 1
699 0 5 179 1 121 1 172 1 20 1 148 1
700 0 5 180 1 377 1 38 1 69 1 396 1
701 0 5 181 1 304 1 149 1 235 1 139 1
702 0 5 182 1 94 1 271 1 140 1 202 1
703 0 5 183 1 355 1 262 1 327 1 428 1
704 0 5 184 1 91 1 401 1 404 1 264 1
705 0 5 185 1 431 1 158 1 120 1 20 1
706 0 5 186 1 348 1 145 1 323 1 357 1
707 0 5 187 1 354 1 35 1 34 1 112 1
708 0 5 188 1 154 1 267 1 146 1 107 1
709 0 5 189 1 111 1 32 1 421 1 437 1
710 0 5 190 1 378 1 146 1 267 1 338 1
711 0 5 191 1 407 1 103 1 136 1 44 1
712 0 5 192 1 239 1 419 1 117 1 162 1
713 0 5 193 1 85 1 473 1 54 1 495 1
714 0 5 194 1 274 1 428 1 20 1 485 1
715 0 5 195 1 312 1 321 1 358 1 2 1
716 0 5 196 1 415 1 141 1 461 1 440 1
717 0 5 197 1 70 1 416 1 356 1 500 1
718 0 5 198 1 372 1 294 1 84 1 203 1
719 0 5 199 1 14 1 161 1 143 1 387 1
720 0 5 200 1 280 1 20 1 425 1 58 1
721 0 5 201 1 289 1 445 1 391 1 496 1
722 0 5 202 1 316 1 353 1 94 1 182 1
723 0 5 203 1 326 1 391 1 84 1 25 1
724 0 5 204 1 244 1 31 1 381 1 247 1
725 0 5 205 1 297 1 96 1 164 1 165 1
726 0 5 206 1 51 1 60 1 376 1 3 1
727 0 5 207 1 169 1 245 1 113 1 41 1
728 0 5 208 1 53 1 241 1 169 1 65 1
729 0 5 209 1 106 1 37 1 8 1 163 1
730 0 5 210 1 71 1 120 1 276 1 465 1
731 0 5 211 1 312 1 195 1 345 1 2 1
732 0 5 212 1 260 1 114 1 497 1 75 1
733 0 5 213 1 33 1 61 1 277 1 108 1
734 0 5 214 1 273 1 9 1 219 1 388 1
735 0 5 215 1 484 1 177 1 142 1 89 1
736 0 5 216 1 44 1 24 1 346 1 103 1
737 0 5 217 1 230 1 161 1 110 1 401 1
738 0 5 218 1 285 1 362 1 40 1 114 1
739 0 5 219 1 9 1 17 1 163 1 6 1
740 0 5 220 1 446 1 159 1 390 1 55 1
741 0 5 221 1 393 1 278 1 350 1 53 1
742 0 5 222 1 486 1 490 1 270 1 32 1
743 0 5 223 1 455 1 80 1 464 1 167 1
744 0 5 224 1 435 1 12 1 135 1 380 1
745 0 5 225 1 107 1 291 1 156 1 163 1
746 0 5 226 1 380 1 435 1 310 1 500 1
747 0 5 227 1 52 1 104 1 386 1 482 1
748 0 5 228 1 368 1 138 1 167 1 223 1
749 0 5 229 1 1 1 443 1 498 1 63 1
750 0 5 230 1 133 1 217 1 421 1 161 1
751 0 5 231 1 1 1 87 1 103 1 370 1
752 0 5 232 1 23 1 72 1 125 1 487 1
753 0 5 233 1 122 1 38 1 400 1 12 1
754 0 5 234 1 495 1 277 1 89 1 497 1
755 0 5 235 1 403 1 383 1 137 1 258 1
756 0 5 236 1 242 1 457 1 416 1 299 1
757 0 5 237 1 21 1 402 1 137 1 7 1
758 0 5 238 1 221 1 350 1 41 1 278 1
759 0 5 239 1 192 1 117 1 278 1 470 1
760 0 5 240 1 78 1 349 1 406 1 99 1
761 0 5 241 1 298 1 470 1 47 1 162 1
762 0 5 242 1 282 1 457 1 279 1 342 1
763 0 5 243 1 92 1 165 1 423 1 157 1
764 0 5 244 1 232 1 381 1 35 1 31 1
765 0 5 245 1 350 1 478 1 41 1 472 1
766 0 5 246 1 15 1 352 1 313 1 400 1
767 0 5 247 1 102 1 42 1 110 1 483 1
768 0 5 248 1 275 1 465 1 362 1 360 1
769 0 5 249 1 367 1 418 1 429 1 308 1
770 0 5 250 1 62 1 197 1 434 1 450 1
771 0 5 251 1 408 1 397 1 417 1 87 1
772 0 5 252 1 106 1 209 1 8 1 413 1
773 0 5 253 1 303 1 474 1 471 1 58 1
774 0 5 254 1 99 1 70 1 62 1 356 1
775 0 5 255 1 346 1 124 1 443 1 49 1
776 0 5 256 1 161 1 496 1 199 1 42 1
777 0 5 257 1 440 1 318 1 323 1 50 1
778 0 5 258 1 137 1 482 1 77 1 7 1
779 0 5 259 1 123 1 89 1 375 1 67 1
780 0 5 260 1 114 1 56 1 424 1 288 1
781 0 5 261 1 376 1 95 1 206 1 491 1
782 0 5 262 1 183 1 281 1 425 1 340 1
783 0 5 263 1 18 1 489 1 122 1 49 1
784 0 5 264 1 404 1 184 1 436 1 473 1
785 0 5 265 1 301 1 321 1 2 1 358 1
786 0 5 266 1 305 1 341 1 287 1 311 1
787 0 5 267 1 190 1 146 1 31 1 188 1
788 0 5 268 1 324 1 501 1 153 1 28 1
789 0 5 269 1 81 1 441 1 109 1 55 1
790 0 5 270 1 222 1 54 1 490 1 486 1
791 0 5 271 1 140 1 79 1 94 1 182 1
792 0 5 272 1 431 1 196 1 473 1 193 1
793 0 5 273 1 219 1 171 1 413 1 388 1
794 0 5 274 1 485 1 194 1 20 1 461 1
795 0 5 275 1 100 1 362 1 364 1 285 1
796 0 5 276 1 240 1 210 1 78 1 347 1
797 0 5 277 1 495 1 89 1 426 1 215 1
798 0 5 278 1 53 1 289 1 208 1 470 1
799 0 5 279 1 286 1 126 1 82 1 457 1
800 0 5 280 1 30 1 296 1 29 1 425 1
801 0 5 281 1 290 1 262 1 200 1 340 1
802 0 5 282 1 342 1 279 1 126 1 463 1
803 0 5 283 1 129 1 378 1 3 1 376 1
804 0 5 284 1 391 1 84 1 14 1 326 1
805 0 5 285 1 177 1 362 1 406 1 349 1
806 0 5 286 1 385 1 450 1 250 1 126 1
807 0 5 287 1 325 1 157 1 4 1 479 1
808 0 5 288 1 360 1 100 1 97 1 56 1
809 0 5 289 1 387 1 496 1 14 1 199 1
810 0 5 290 1 281 1 93 1 371 1 340 1
811 0 5 291 1 107 1 134 1 225 1 8 1
812 0 5 292 1 301 1 484 1 369 1 410 1
813 0 5 293 1 151 1 201 1 48 1 41 1
814 0 5 294 1 372 1 261 1 501 1 198 1
815 0 5 295 1 190 1 134 1 291 1 378 1
816 0 5 296 1 29 1 30 1 280 1 385 1
817 0 5 297 1 485 1 96 1 205 1 165 1
818 0 5 298 1 167 1 192 1 419 1 368 1
819 0 5 299 1 236 1 457 1 242 1 416 1
820 0 5 300 1 427 1 462 1 293 1 330 1
821 0 5 301 1 251 1 369 1 408 1 417 1
822 0 5 302 1 388 1 209 1 6 1 413 1
823 0 5 303 1 475 1 249 1 253 1 340 1
824 0 5 304 1 309 1 403 1 383 1 77 1
825 0 5 305 1 341 1 355 1 118 1 57 1
826 0 5 306 1 384 1 159 1 390 1 220 1
827 0 5 307 1 488 1 101 1 455 1 92 1
828 0 5 308 1 458 1 332 1 418 1 429 1
829 0 5 309 1 1 1 229 1 87 1 383 1
830 0 5 310 1 226 1 197 1 435 1 224 1
831 0 5 311 1 266 1 287 1 337 1 335 1
832 0 5 312 1 321 1 195 1 301 1 358 1
833 0 5 313 1 447 1 434 1 400 1 233 1
834 0 5 314 1 63 1 83 1 403 1 147 1
835 0 5 315 1 147 1 328 1 229 1 45 1
836 0 5 316 1 202 1 353 1 379 1 395 1
837 0 5 317 1 76 1 395 1 103 1 443 1
838 0 5 318 1 323 1 96 1 440 1 133 1
839 0 5 319 1 130 1 57 1 39 1 68 1
840 0 5 320 1 185 1 210 1 120 1 158 1
841 0 5 321 1 408 1 417 1 178 1 61 1
842 0 5 322 1 421 1 318 1 143 1 451 1
843 0 5 323 1 186 1 348 1 357 1 138 1
844 0 5 324 1 487 1 268 1 16 1 105 1
845 0 5 325 1 243 1 423 1 157 1 287 1
846 0 5 326 1 84 1 203 1 284 1 198 1
847 0 5 327 1 68 1 118 1 183 1 57 1
848 0 5 328 1 119 1 77 1 147 1 87 1
849 0 5 329 1 409 1 276 1 30 1 210 1
850 0 5 330 1 293 1 201 1 48 1 41 1
851 0 5 331 1 150 1 160 1 414 1 488 1
852 0 5 332 1 308 1 456 1 26 1 168 1
853 0 5 333 1 132 1 60 1 104 1 159 1
854 0 5 334 1 405 1 253 1 290 1 463 1
855 0 5 335 1 461 1 311 1 337 1 274 1
856 0 5 336 1 247 1 110 1 31 1 102 1
857 0 5 337 1 459 1 335 1 428 1 461 1
858 0 5 338 1 156 1 166 1 154 1 107 1
859 0 5 339 1 351 1 43 1 156 1 225 1
860 0 5 340 1 262 1 68 1 281 1 433 1
861 0 5 341 1 305 1 464 1 414 1 118 1
862 0 5 342 1 279 1 126 1 282 1 457 1
863 0 5 343 1 175 1 53 1 162 1 455 1
864 0 5 344 1 450 1 477 1 422 1 62 1
865 0 5 345 1 312 1 211 1 195 1 389 1
866 0 5 346 1 124 1 116 1 103 1 24 1
867 0 5 347 1 276 1 329 1 344 1 409 1
868 0 5 348 1 133 1 186 1 318 1 143 1
869 0 5 349 1 406 1 352 1 240 1 99 1
870 0 5 350 1 478 1 472 1 41 1 238 1
871 0 5 351 1 43 1 339 1 163 1 86 1
872 0 5 352 1 246 1 349 1 406 1 15 1
873 0 5 353 1 377 1 180 1 38 1 263 1
874 0 5 354 1 112 1 35 1 187 1 487 1
875 0 5 355 1 414 1 428 1 183 1 165 1
876 0 5 356 1 500 1 70 1 313 1 197 1
877 0 5 357 1 479 1 287 1 323 1 186 1
878 0 5 358 1 2 1 265 1 61 1 277 1
879 0 5 359 1 34 1 442 1 268 1 441 1
880 0 5 360 1 288 1 67 1 100 1 215 1
881 0 5 361 1 56 1 495 1 234 1 85 1
882 0 5 362 1 285 1 218 1 406 1 40 1
883 0 5 363 1 143 1 162 1 322 1 14 1
884 0 5 364 1 422 1 40 1 275 1 349 1
885 0 5 365 1 456 1 26 1 150 1 331 1
886 0 5 366 1 152 1 75 1 394 1 212 1
887 0 5 367 1 429 1 253 1 340 1 418 1
888 0 5 368 1 167 1 357 1 138 1 228 1
889 0 5 369 1 231 1 24 1 397 1 87 1
890 0 5 370 1 443 1 103 1 231 1 498 1
891 0 5 371 1 463 1 290 1 471 1 58 1
892 0 5 372 1 491 1 501 1 294 1 338 1
893 0 5 373 1 371 1 432 1 126 1 121 1
894 0 5 374 1 127 1 420 1 32 1 111 1
895 0 5 375 1 259 1 490 1 67 1 54 1
896 0 5 376 1 206 1 181 1 3 1 261 1
897 0 5 377 1 69 1 180 1 396 1 233 1
898 0 5 378 1 283 1 129 1 491 1 59 1
899 0 5 379 1 182 1 395 1 202 1 316 1
900 0 5 380 1 135 1 500 1 226 1 224 1
901 0 5 381 1 146 1 244 1 31 1 267 1
902 0 5 382 1 263 1 469 1 36 1 317 1
903 0 5 383 1 1 1 309 1 63 1 229 1
904 0 5 384 1 402 1 467 1 237 1 95 1
905 0 5 385 1 474 1 126 1 58 1 296 1
906 0 5 386 1 7 1 482 1 227 1 104 1
907 0 5 387 1 199 1 289 1 47 1 14 1
908 0 5 388 1 209 1 413 1 8 1 37 1
909 0 5 389 1 17 1 486 1 345 1 43 1
910 0 5 390 1 306 1 468 1 159 1 220 1
911 0 5 391 1 203 1 201 1 284 1 445 1
912 0 5 392 1 111 1 415 1 54 1 374 1
913 0 5 393 1 476 1 445 1 439 1 462 1
914 0 5 394 1 424 1 489 1 396 1 218 1
915 0 5 395 1 317 1 79 1 316 1 263 1
916 0 5 396 1 38 1 180 1 233 1 12 1
917 0 5 397 1 1 1 498 1 231 1 229 1
918 0 5 398 1 300 1 427 1 41 1 483 1
919 0 5 399 1 194 1 46 1 485 1 274 1
920 0 5 400 1 233 1 447 1 36 1 313 1
921 0 5 401 1 230 1 217 1 436 1 421 1
922 0 5 402 1 83 1 235 1 306 1 137 1
923 0 5 403 1 383 1 309 1 63 1 147 1
924 0 5 404 1 436 1 473 1 184 1 401 1
925 0 5 405 1 39 1 463 1 334 1 253 1
926 0 5 406 1 349 1 240 1 352 1 99 1
927 0 5 407 1 136 1 379 1 317 1 191 1
928 0 5 408 1 417 1 87 1 251 1 321 1
929 0 5 409 1 329 1 347 1 71 1 276 1
930 0 5 410 1 369 1 255 1 292 1 49 1
931 0 5 411 1 268 1 446 1 109 1 28 1
932 0 5 412 1 60 1 55 1 95 1 159 1
933 0 5 413 1 163 1 8 1 291 1 209 1
934 0 5 414 1 168 1 355 1 165 1 456 1
935 0 5 415 1 392 1 374 1 133 1 111 1
936 0 5 416 1 299 1 242 1 236 1 250 1
937 0 5 417 1 397 1 251 1 178 1 321 1
938 0 5 418 1 332 1 308 1 429 1 458 1
939 0 5 419 1 298 1 223 1 455 1 192 1
940 0 5 420 1 88 1 259 1 67 1 490 1
941 0 5 421 1 451 1 454 1 392 1 133 1
942 0 5 422 1 477 1 276 1 344 1 320 1
943 0 5 423 1 464 1 92 1 243 1 325 1
944 0 5 424 1 218 1 394 1 489 1 396 1
945 0 5 425 1 200 1 20 1 281 1 46 1
946 0 5 426 1 358 1 215 1 61 1 89 1
947 0 5 427 1 64 1 439 1 300 1 393 1
948 0 5 428 1 399 1 20 1 194 1 461 1
949 0 5 429 1 418 1 367 1 340 1 308 1
950 0 5 430 1 460 1 131 1 87 1 108 1
951 0 5 431 1 172 1 320 1 461 1 185 1
952 0 5 432 1 373 1 126 1 371 1 179 1
953 0 5 433 1 253 1 340 1 130 1 367 1
954 0 5 434 1 254 1 70 1 62 1 250 1
955 0 5 435 1 310 1 224 1 197 1 226 1
956 0 5 436 1 401 1 50 1 473 1 217 1
957 0 5 437 1 86 1 189 1 454 1 451 1
958 0 5 438 1 120 1 375 1 480 1 66 1
959 0 5 439 1 466 1 476 1 393 1 64 1
960 0 5 440 1 141 1 196 1 415 1 318 1
961 0 5 441 1 442 1 359 1 155 1 269 1
962 0 5 442 1 412 1 55 1 153 1 81 1
963 0 5 443 1 498 1 1 1 229 1 76 1
964 0 5 444 1 346 1 216 1 231 1 1 1
965 0 5 445 1 391 1 201 1 293 1 330 1
966 0 5 446 1 220 1 411 1 28 1 268 1
967 0 5 447 1 400 1 313 1 233 1 15 1
968 0 5 448 1 473 1 193 1 37 1 351 1
969 0 5 449 1 178 1 397 1 321 1 309 1
970 0 5 450 1 250 1 62 1 344 1 434 1
971 0 5 451 1 437 1 111 1 189 1 454 1
972 0 5 452 1 109 1 411 1 28 1 359 1
973 0 5 453 1 216 1 346 1 44 1 170 1
974 0 5 454 1 437 1 86 1 189 1 111 1
975 0 5 455 1 307 1 92 1 175 1 481 1
976 0 5 456 1 365 1 332 1 26 1 168 1
977 0 5 457 1 82 1 158 1 279 1 432 1
978 0 5 458 1 46 1 280 1 200 1 308 1
979 0 5 459 1 337 1 128 1 148 1 266 1
980 0 5 460 1 131 1 108 1 11 1 430 1
981 0 5 461 1 335 1 431 1 194 1 311 1
982 0 5 462 1 330 1 293 1 151 1 41 1
983 0 5 463 1 334 1 405 1 471 1 58 1
984 0 5 464 1 80 1 423 1 307 1 341 1
985 0 5 465 1 71 1 67 1 88 1 240 1
986 0 5 466 1 472 1 439 1 151 1 462 1
987 0 5 467 1 237 1 132 1 73 1 95 1
988 0 5 468 1 390 1 159 1 306 1 220 1
989 0 5 469 1 36 1 493 1 400 1 447 1
990 0 5 470 1 117 1 241 1 53 1 278 1
991 0 5 471 1 58 1 474 1 463 1 253 1
992 0 5 472 1 478 1 466 1 350 1 462 1
993 0 5 473 1 193 1 404 1 448 1 111 1
994 0 5 474 1 471 1 385 1 58 1 253 1
995 0 5 475 1 10 1 303 1 253 1 249 1
996 0 5 476 1 492 1 393 1 445 1 201 1
997 0 5 477 1 158 1 422 1 344 1 320 1
998 0 5 478 1 238 1 472 1 350 1 245 1
999 0 5 479 1 287 1 357 1 325 1 186 1
1000 0 5 480 1 438 1 66 1 120 1 85 1
1001 0 5 481 1 26 1 175 1 168 1 101 1
1002 0 5 482 1 104 1 7 1 258 1 119 1
1003 0 5 483 1 27 1 42 1 398 1 144 1
1004 0 5 484 1 292 1 215 1 152 1 301 1
1005 0 5 485 1 374 1 297 1 399 1 274 1
1006 0 5 486 1 389 1 17 1 490 1 222 1
1007 0 5 487 1 105 1 16 1 19 1 324 1
1008 0 5 488 1 101 1 414 1 331 1 150 1
1009 0 5 489 1 396 1 263 1 394 1 424 1
1010 0 5 490 1 259 1 420 1 123 1 270 1
1011 0 5 491 1 376 1 5 1 166 1 501 1
1012 0 5 492 1 445 1 476 1 201 1 393 1
1013 0 5 493 1 469 1 122 1 36 1 69 1
1014 0 5 494 1 115 1 28 1 452 1 220 1
1015 0 5 495 1 85 1 375 1 234 1 361 1
1016 0 5 496 1 256 1 42 1 289 1 161 1
1017 0 5 497 1 277 1 61 1 358 1 212 1
1018 0 5 498 1 1 1 231 1 443 1 346 1
1019 0 5 499 1 97 1 320 1 364 1 176 1
1020 0 5 500 1 356 1 313 1 15 1 246 1
1021 0 5 501 1 261 1 491 1 294 1 372 1
1022 0 5 502 0 520 1 519 1 518 1 517 1
1023 0 5 503 0 520 1 519 1 518 1 517 1
1024 0 5 504 0 520 1 519 1 518 1 517 1
1025 0 5 505 0 520 1 519 1 518 1 517 1
1026 0 5 506 0 520 1 519 1 518 1 517 1
1027 0 5 507 0 520 1 519 1 518 1 517 1
1028 0 5 508 0 520 1 519 1 518 1 517 1
1029 0 5 509 0 520 1 519 1 518 1 517 1
1030 0 5 510 0 520 1 519 1 518 1 517 1
1031 0 5 511 0 520 1 519 1 518 1 517 1
1032 0 5 512 0 520 1 519 1 518 1 517 1
1033 0 5 513 0 520 1 519 1 518 1 517 1
1034 0 5 514 0 520 1 519 1 518 1 517 1
1035 0 5 515 0 520 1 519 1 518 1 517 1
1036 0 5 516 0 520 1 519 1 518 1 517 1
1037 0 5 517 0 520 1 519 1 518 1 517 1
1038 0 5 518 0 520 1 519 1 518 1 517 1
1039 0 5 519 0 520 1 519 1 518 1 517 1
1040 0 5 520 0 520 1 519 1 518 1 517 1
-1
EOF
