1040
1 0 5 521 0 1040 1 1039 1 1038 1 1037 1
2 0 5 522 1 956 1 717 1 529 1 575 1
3 0 5 523 1 749 1 636 1 905 1 563 1
4 0 5 524 1 1019 1 985 1 680 1 934 1
5 0 5 525 1 577 1 851 1 631 1 926 1
6 0 5 526 1 583 1 991 1 714 1 978 1
7 0 5 527 1 528 1 662 1 766 1 689 1
8 0 5 528 1 527 1 788 1 689 1 766 1
9 0 5 529 1 970 1 717 1 956 1 522 1
10 0 5 530 1 830 1 727 1 993 1 575 1
11 0 5 531 1 716 1 595 1 832 1 696 1
12 0 5 532 1 872 1 592 1 870 1 882 1
13 0 5 533 1 660 1 916 1 819 1 689 1
14 0 5 534 1 599 1 578 1 681 1 972 1
15 0 5 535 1 877 1 830 1 993 1 956 1
16 0 5 536 1 920 1 723 1 694 1 627 1
17 0 5 537 1 1005 1 967 1 837 1 1021 1
18 0 5 538 1 733 1 922 1 548 1 915 1
19 0 5 539 1 776 1 553 1 734 1 986 1
20 0 5 540 1 755 1 921 1 789 1 996 1
21 0 5 541 1 664 1 958 1 803 1 776 1
22 0 5 542 1 596 1 988 1 899 1 931 1
23 0 5 543 1 855 1 982 1 779 1 644 1
24 0 5 544 1 671 1 821 1 656 1 673 1
25 0 5 545 1 575 1 877 1 522 1 535 1
26 0 5 546 1 669 1 596 1 899 1 710 1
27 0 5 547 1 629 1 770 1 874 1 892 1
28 0 5 548 1 840 1 538 1 604 1 1001 1
29 0 5 549 1 961 1 833 1 962 1 698 1
30 0 5 550 1 767 1 678 1 626 1 904 1
31 0 5 551 1 564 1 647 1 824 1 589 1
32 0 5 552 1 571 1 936 1 874 1 869 1
33 0 5 553 1 632 1 539 1 776 1 898 1
34 0 5 554 1 672 1 687 1 917 1 1003 1
35 0 5 555 1 783 1 637 1 690 1 1014 1
36 0 5 556 1 574 1 700 1 602 1 680 1
37 0 5 557 1 844 1 883 1 630 1 610 1
38 0 5 558 1 572 1 791 1 584 1 603 1
39 0 5 559 1 684 1 816 1 664 1 803 1
40 0 5 560 1 838 1 635 1 687 1 817 1
41 0 5 561 1 677 1 852 1 826 1 923 1
42 0 5 562 1 866 1 848 1 965 1 939 1
43 0 5 563 1 809 1 749 1 690 1 820 1
44 0 5 564 1 589 1 551 1 792 1 903 1
45 0 5 565 1 933 1 586 1 622 1 967 1
46 0 5 566 1 605 1 674 1 619 1 641 1
47 0 5 567 1 743 1 608 1 927 1 872 1
48 0 5 568 1 521 1 841 1 829 1 705 1
49 0 5 569 1 599 1 577 1 972 1 631 1
50 0 5 570 1 758 1 945 1 771 1 799 1
51 0 5 571 1 869 1 601 1 694 1 757 1
52 0 5 572 1 584 1 603 1 558 1 791 1
53 0 5 573 1 879 1 742 1 639 1 760 1
54 0 5 574 1 912 1 888 1 752 1 556 1
55 0 5 575 1 1018 1 522 1 545 1 830 1
56 0 5 576 1 894 1 990 1 962 1 698 1
57 0 5 577 1 631 1 952 1 890 1 640 1
58 0 5 578 1 557 1 844 1 883 1 638 1
59 0 5 579 1 971 1 1018 1 787 1 794 1
60 0 5 580 1 740 1 975 1 774 1 949 1
61 0 5 581 1 897 1 973 1 591 1 895 1
62 0 5 582 1 606 1 994 1 533 1 969 1
63 0 5 583 1 526 1 991 1 793 1 697 1
64 0 5 584 1 789 1 603 1 996 1 858 1
65 0 5 585 1 832 1 678 1 531 1 595 1
66 0 5 586 1 933 1 565 1 866 1 622 1
67 0 5 587 1 698 1 622 1 576 1 965 1
68 0 5 588 1 780 1 858 1 928 1 731 1
69 0 5 589 1 748 1 763 1 934 1 903 1
70 0 5 590 1 957 1 995 1 946 1 966 1
71 0 5 591 1 931 1 899 1 895 1 704 1
72 0 5 592 1 682 1 935 1 882 1 521 1
73 0 5 593 1 642 1 898 1 897 1 899 1
74 0 5 594 1 732 1 837 1 1021 1 537 1
75 0 5 595 1 902 1 531 1 585 1 832 1
76 0 5 596 1 542 1 899 1 931 1 546 1
77 0 5 597 1 798 1 592 1 682 1 719 1
78 0 5 598 1 719 1 686 1 829 1 597 1
79 0 5 599 1 972 1 681 1 578 1 534 1
80 0 5 600 1 824 1 833 1 765 1 961 1
81 0 5 601 1 694 1 789 1 845 1 770 1
82 0 5 602 1 744 1 556 1 1003 1 896 1
83 0 5 603 1 809 1 584 1 572 1 738 1
84 0 5 604 1 840 1 822 1 553 1 1001 1
85 0 5 605 1 977 1 745 1 951 1 674 1
86 0 5 606 1 994 1 689 1 885 1 969 1
87 0 5 607 1 543 1 979 1 855 1 616 1
88 0 5 608 1 859 1 567 1 743 1 984 1
89 0 5 609 1 792 1 861 1 963 1 837 1
90 0 5 610 1 630 1 883 1 844 1 831 1
91 0 5 611 1 952 1 890 1 646 1 640 1
92 0 5 612 1 616 1 668 1 662 1 979 1
93 0 5 613 1 627 1 536 1 738 1 725 1
94 0 5 614 1 807 1 615 1 735 1 795 1
95 0 5 615 1 759 1 795 1 807 1 986 1
96 0 5 616 1 979 1 612 1 947 1 607 1
97 0 5 617 1 893 1 649 1 687 1 896 1
98 0 5 618 1 828 1 1004 1 849 1 946 1
99 0 5 619 1 745 1 566 1 605 1 929 1
100 0 5 620 1 735 1 997 1 712 1 795 1
101 0 5 621 1 993 1 626 1 904 1 767 1
102 0 5 622 1 565 1 586 1 965 1 866 1
103 0 5 623 1 729 1 851 1 823 1 655 1
104 0 5 624 1 962 1 894 1 549 1 683 1
105 0 5 625 1 777 1 954 1 643 1 695 1
106 0 5 626 1 950 1 805 1 913 1 696 1
107 0 5 627 1 905 1 823 1 1014 1 523 1
108 0 5 628 1 720 1 730 1 941 1 826 1
109 0 5 629 1 874 1 770 1 892 1 1017 1
110 0 5 630 1 610 1 844 1 883 1 831 1
111 0 5 631 1 640 1 568 1 851 1 577 1
112 0 5 632 1 796 1 553 1 822 1 776 1
113 0 5 633 1 946 1 676 1 849 1 570 1
114 0 5 634 1 825 1 820 1 910 1 937 1
115 0 5 635 1 811 1 817 1 672 1 670 1
116 0 5 636 1 860 1 588 1 940 1 749 1
117 0 5 637 1 703 1 783 1 851 1 599 1
118 0 5 638 1 661 1 864 1 675 1 681 1
119 0 5 639 1 913 1 758 1 760 1 573 1
120 0 5 640 1 568 1 1008 1 577 1 890 1
121 0 5 641 1 674 1 566 1 951 1 664 1
122 0 5 642 1 898 1 593 1 897 1 899 1
123 0 5 643 1 790 1 561 1 923 1 1013 1
124 0 5 644 1 982 1 865 1 769 1 646 1
125 0 5 645 1 848 1 562 1 867 1 939 1
126 0 5 646 1 890 1 1008 1 769 1 865 1
127 0 5 647 1 537 1 587 1 833 1 967 1
128 0 5 648 1 980 1 810 1 708 1 692 1
129 0 5 649 1 672 1 775 1 893 1 554 1
130 0 5 650 1 826 1 969 1 994 1 750 1
131 0 5 651 1 928 1 731 1 996 1 835 1
132 0 5 652 1 832 1 692 1 887 1 1020 1
133 0 5 653 1 787 1 620 1 862 1 721 1
134 0 5 654 1 540 1 755 1 536 1 850 1
135 0 5 655 1 725 1 738 1 823 1 729 1
136 0 5 656 1 693 1 888 1 818 1 673 1
137 0 5 657 1 1016 1 1009 1 992 1 813 1
138 0 5 658 1 930 1 1015 1 962 1 894 1
139 0 5 659 1 1006 1 966 1 839 1 995 1
140 0 5 660 1 582 1 533 1 994 1 606 1
141 0 5 661 1 864 1 638 1 675 1 578 1
142 0 5 662 1 668 1 947 1 612 1 616 1
143 0 5 663 1 985 1 896 1 1005 1 917 1
144 0 5 664 1 641 1 541 1 803 1 674 1
145 0 5 665 1 1012 1 788 1 994 1 925 1
146 0 5 666 1 918 1 800 1 753 1 1000 1
147 0 5 667 1 1006 1 580 1 659 1 740 1
148 0 5 668 1 644 1 612 1 662 1 616 1
149 0 5 669 1 546 1 899 1 596 1 966 1
150 0 5 670 1 811 1 1005 1 990 1 894 1
151 0 5 671 1 673 1 656 1 544 1 821 1
152 0 5 672 1 649 1 554 1 917 1 687 1
153 0 5 673 1 656 1 989 1 671 1 713 1
154 0 5 674 1 951 1 539 1 734 1 862 1
155 0 5 675 1 638 1 661 1 711 1 864 1
156 0 5 676 1 799 1 633 1 849 1 585 1
157 0 5 677 1 1013 1 625 1 954 1 1002 1
158 0 5 678 1 550 1 767 1 799 1 595 1
159 0 5 679 1 536 1 755 1 601 1 694 1
160 0 5 680 1 744 1 524 1 934 1 556 1
161 0 5 681 1 972 1 525 1 855 1 982 1
162 0 5 682 1 521 1 592 1 882 1 841 1
163 0 5 683 1 854 1 957 1 914 1 999 1
164 0 5 684 1 559 1 541 1 958 1 664 1
165 0 5 685 1 892 1 927 1 797 1 757 1
166 0 5 686 1 842 1 688 1 829 1 521 1
167 0 5 687 1 715 1 649 1 785 1 544 1
168 0 5 688 1 1008 1 568 1 829 1 569 1
169 0 5 689 1 616 1 612 1 885 1 662 1
170 0 5 690 1 871 1 820 1 563 1 964 1
171 0 5 691 1 701 1 704 1 974 1 810 1
172 0 5 692 1 652 1 708 1 973 1 887 1
173 0 5 693 1 818 1 992 1 713 1 928 1
174 0 5 694 1 920 1 536 1 601 1 571 1
175 0 5 695 1 750 1 944 1 954 1 885 1
176 0 5 696 1 716 1 595 1 902 1 760 1
177 0 5 697 1 639 1 950 1 758 1 531 1
178 0 5 698 1 549 1 576 1 833 1 962 1
179 0 5 699 1 940 1 636 1 860 1 858 1
180 0 5 700 1 1009 1 881 1 888 1 751 1
181 0 5 701 1 810 1 708 1 721 1 977 1
182 0 5 702 1 955 1 835 1 679 1 996 1
183 0 5 703 1 534 1 718 1 599 1 808 1
184 0 5 704 1 828 1 691 1 591 1 974 1
185 0 5 705 1 682 1 521 1 938 1 823 1
186 0 5 706 1 896 1 602 1 524 1 744 1
187 0 5 707 1 909 1 666 1 800 1 918 1
188 0 5 708 1 648 1 692 1 721 1 701 1
189 0 5 709 1 556 1 544 1 1010 1 554 1
190 0 5 710 1 546 1 974 1 1007 1 669 1
191 0 5 711 1 533 1 916 1 675 1 864 1
192 0 5 712 1 620 1 727 1 827 1 997 1
193 0 5 713 1 751 1 888 1 700 1 715 1
194 0 5 714 1 978 1 573 1 879 1 697 1
195 0 5 715 1 736 1 687 1 1003 1 554 1
196 0 5 716 1 531 1 902 1 696 1 758 1
197 0 5 717 1 529 1 956 1 522 1 970 1
198 0 5 718 1 808 1 968 1 943 1 816 1
199 0 5 719 1 597 1 829 1 686 1 521 1
200 0 5 720 1 730 1 728 1 826 1 628 1
201 0 5 721 1 960 1 862 1 653 1 708 1
202 0 5 722 1 764 1 875 1 580 1 781 1
203 0 5 723 1 521 1 935 1 882 1 841 1
204 0 5 724 1 914 1 624 1 999 1 726 1
205 0 5 725 1 823 1 729 1 964 1 738 1
206 0 5 726 1 724 1 999 1 914 1 624 1
207 0 5 727 1 1020 1 756 1 827 1 712 1
208 0 5 728 1 857 1 561 1 826 1 853 1
209 0 5 729 1 521 1 823 1 682 1 841 1
210 0 5 730 1 720 1 650 1 826 1 929 1
211 0 5 731 1 651 1 693 1 928 1 992 1
212 0 5 732 1 1010 1 837 1 537 1 594 1
213 0 5 733 1 915 1 538 1 546 1 762 1
214 0 5 734 1 862 1 539 1 674 1 986 1
215 0 5 735 1 614 1 620 1 973 1 795 1
216 0 5 736 1 1003 1 544 1 687 1 713 1
217 0 5 737 1 983 1 856 1 927 1 869 1
218 0 5 738 1 655 1 725 1 823 1 729 1
219 0 5 739 1 754 1 873 1 876 1 816 1
220 0 5 740 1 949 1 580 1 667 1 764 1
221 0 5 741 1 794 1 786 1 648 1 960 1
222 0 5 742 1 760 1 573 1 639 1 879 1
223 0 5 743 1 859 1 927 1 872 1 737 1
224 0 5 744 1 680 1 602 1 524 1 934 1
225 0 5 745 1 605 1 951 1 674 1 734 1
226 0 5 746 1 699 1 940 1 636 1 572 1
227 0 5 747 1 997 1 827 1 948 1 773 1
228 0 5 748 1 609 1 792 1 564 1 861 1
229 0 5 749 1 891 1 809 1 959 1 563 1
230 0 5 750 1 885 1 695 1 944 1 954 1
231 0 5 751 1 700 1 888 1 713 1 1009 1
232 0 5 752 1 989 1 574 1 912 1 656 1
233 0 5 753 1 806 1 1000 1 910 1 825 1
234 0 5 754 1 816 1 739 1 873 1 825 1
235 0 5 755 1 654 1 540 1 789 1 921 1
236 0 5 756 1 712 1 1020 1 727 1 620 1
237 0 5 757 1 737 1 869 1 983 1 856 1
238 0 5 758 1 697 1 639 1 716 1 913 1
239 0 5 759 1 986 1 807 1 795 1 734 1
240 0 5 760 1 742 1 696 1 639 1 573 1
241 0 5 761 1 637 1 938 1 555 1 842 1
242 0 5 762 1 781 1 915 1 707 1 847 1
243 0 5 763 1 934 1 589 1 903 1 748 1
244 0 5 764 1 774 1 846 1 949 1 580 1
245 0 5 765 1 551 1 824 1 1019 1 564 1
246 0 5 766 1 527 1 819 1 528 1 689 1
247 0 5 767 1 904 1 550 1 678 1 621 1
248 0 5 768 1 932 1 795 1 919 1 853 1
249 0 5 769 1 865 1 814 1 646 1 890 1
250 0 5 770 1 813 1 845 1 731 1 629 1
251 0 5 771 1 854 1 726 1 962 1 683 1
252 0 5 772 1 937 1 910 1 880 1 1001 1
253 0 5 773 1 747 1 997 1 575 1 948 1
254 0 5 774 1 955 1 821 1 764 1 580 1
255 0 5 775 1 663 1 930 1 985 1 893 1
256 0 5 776 1 539 1 553 1 632 1 958 1
257 0 5 777 1 625 1 1002 1 750 1 994 1
258 0 5 778 1 975 1 847 1 915 1 733 1
259 0 5 779 1 976 1 982 1 926 1 644 1
260 0 5 780 1 928 1 858 1 651 1 987 1
261 0 5 781 1 762 1 975 1 959 1 847 1
262 0 5 782 1 929 1 619 1 628 1 566 1
263 0 5 783 1 808 1 718 1 534 1 690 1
264 0 5 784 1 1000 1 548 1 1001 1 806 1
265 0 5 785 1 821 1 715 1 687 1 846 1
266 0 5 786 1 980 1 794 1 648 1 653 1
267 0 5 787 1 579 1 971 1 653 1 953 1
268 0 5 788 1 665 1 925 1 689 1 528 1
269 0 5 789 1 679 1 996 1 601 1 770 1
270 0 5 790 1 643 1 734 1 539 1 561 1
271 0 5 791 1 558 1 572 1 603 1 584 1
272 0 5 792 1 609 1 837 1 1021 1 647 1
273 0 5 793 1 981 1 991 1 645 1 848 1
274 0 5 794 1 579 1 786 1 971 1 787 1
275 0 5 795 1 919 1 759 1 615 1 614 1
276 0 5 796 1 772 1 632 1 822 1 784 1
277 0 5 797 1 1017 1 927 1 685 1 843 1
278 0 5 798 1 812 1 906 1 592 1 850 1
279 0 5 799 1 585 1 570 1 676 1 832 1
280 0 5 800 1 762 1 1000 1 784 1 563 1
281 0 5 801 1 714 1 767 1 678 1 978 1
282 0 5 802 1 828 1 618 1 974 1 995 1
283 0 5 803 1 664 1 1001 1 604 1 822 1
284 0 5 804 1 569 1 842 1 688 1 761 1
285 0 5 805 1 913 1 696 1 531 1 639 1
286 0 5 806 1 871 1 910 1 753 1 825 1
287 0 5 807 1 986 1 615 1 759 1 614 1
288 0 5 808 1 873 1 739 1 754 1 820 1
289 0 5 809 1 563 1 690 1 603 1 959 1
290 0 5 810 1 1004 1 708 1 648 1 676 1
291 0 5 811 1 670 1 990 1 894 1 687 1
292 0 5 812 1 850 1 906 1 798 1 654 1
293 0 5 813 1 657 1 901 1 1016 1 770 1
294 0 5 814 1 611 1 952 1 890 1 646 1
295 0 5 815 1 885 1 979 1 616 1 612 1
296 0 5 816 1 754 1 784 1 910 1 831 1
297 0 5 817 1 635 1 875 1 722 1 811 1
298 0 5 818 1 785 1 713 1 987 1 693 1
299 0 5 819 1 766 1 689 1 916 1 533 1
300 0 5 820 1 964 1 871 1 690 1 563 1
301 0 5 821 1 908 1 544 1 764 1 656 1
302 0 5 822 1 1001 1 796 1 632 1 604 1
303 0 5 823 1 521 1 682 1 592 1 882 1
304 0 5 824 1 647 1 600 1 765 1 551 1
305 0 5 825 1 634 1 820 1 871 1 690 1
306 0 5 826 1 728 1 677 1 650 1 857 1
307 0 5 827 1 948 1 997 1 747 1 712 1
308 0 5 828 1 704 1 618 1 591 1 887 1
309 0 5 829 1 686 1 841 1 719 1 597 1
310 0 5 830 1 530 1 575 1 727 1 956 1
311 0 5 831 1 684 1 559 1 816 1 958 1
312 0 5 832 1 652 1 585 1 595 1 716 1
313 0 5 833 1 961 1 587 1 600 1 824 1
314 0 5 834 1 943 1 876 1 739 1 563 1
315 0 5 835 1 702 1 996 1 679 1 846 1
316 0 5 836 1 581 1 868 1 902 1 973 1
317 0 5 837 1 861 1 594 1 1021 1 963 1
318 0 5 838 1 817 1 560 1 635 1 687 1
319 0 5 839 1 1011 1 1006 1 893 1 659 1
320 0 5 840 1 604 1 1007 1 974 1 548 1
321 0 5 841 1 521 1 829 1 682 1 705 1
322 0 5 842 1 688 1 569 1 686 1 637 1
323 0 5 843 1 601 1 797 1 629 1 1017 1
324 0 5 844 1 883 1 630 1 610 1 831 1
325 0 5 845 1 936 1 1017 1 601 1 874 1
326 0 5 846 1 785 1 774 1 821 1 835 1
327 0 5 847 1 778 1 762 1 915 1 781 1
328 0 5 848 1 562 1 771 1 866 1 965 1
329 0 5 849 1 633 1 676 1 946 1 618 1
330 0 5 850 1 654 1 906 1 812 1 540 1
331 0 5 851 1 637 1 729 1 568 1 577 1
332 0 5 852 1 561 1 643 1 677 1 923 1
333 0 5 853 1 942 1 852 1 857 1 728 1
334 0 5 854 1 683 1 771 1 962 1 999 1
335 0 5 855 1 779 1 982 1 947 1 976 1
336 0 5 856 1 872 1 983 1 870 1 743 1
337 0 5 857 1 853 1 728 1 942 1 561 1
338 0 5 858 1 987 1 846 1 651 1 740 1
339 0 5 859 1 984 1 743 1 872 1 927 1
340 0 5 860 1 858 1 749 1 780 1 636 1
341 0 5 861 1 963 1 837 1 594 1 1021 1
342 0 5 862 1 973 1 653 1 734 1 674 1
343 0 5 863 1 711 1 864 1 661 1 675 1
344 0 5 864 1 947 1 711 1 661 1 638 1
345 0 5 865 1 769 1 814 1 890 1 646 1
346 0 5 866 1 965 1 586 1 622 1 933 1
347 0 5 867 1 645 1 939 1 965 1 587 1
348 0 5 868 1 836 1 902 1 716 1 595 1
349 0 5 869 1 757 1 737 1 983 1 571 1
350 0 5 870 1 532 1 872 1 856 1 983 1
351 0 5 871 1 820 1 964 1 806 1 725 1
352 0 5 872 1 906 1 532 1 870 1 856 1
353 0 5 873 1 739 1 808 1 754 1 820 1
354 0 5 874 1 1017 1 571 1 629 1 770 1
355 0 5 875 1 722 1 764 1 988 1 580 1
356 0 5 876 1 548 1 784 1 924 1 538 1
357 0 5 877 1 535 1 545 1 529 1 522 1
358 0 5 878 1 804 1 842 1 761 1 938 1
359 0 5 879 1 945 1 573 1 639 1 760 1
360 0 5 880 1 889 1 772 1 937 1 831 1
361 0 5 881 1 888 1 752 1 574 1 989 1
362 0 5 882 1 521 1 682 1 841 1 823 1
363 0 5 883 1 831 1 610 1 630 1 684 1
364 0 5 884 1 1011 1 893 1 930 1 775 1
365 0 5 885 1 815 1 606 1 695 1 612 1
366 0 5 886 1 953 1 768 1 745 1 932 1
367 0 5 887 1 973 1 652 1 581 1 692 1
368 0 5 888 1 752 1 881 1 751 1 673 1
369 0 5 889 1 855 1 937 1 543 1 880 1
370 0 5 890 1 646 1 640 1 611 1 1008 1
371 0 5 891 1 959 1 749 1 740 1 667 1
372 0 5 892 1 685 1 629 1 797 1 1017 1
373 0 5 893 1 884 1 649 1 1011 1 560 1
374 0 5 894 1 990 1 576 1 775 1 930 1
375 0 5 895 1 931 1 542 1 591 1 581 1
376 0 5 896 1 524 1 663 1 985 1 602 1
377 0 5 897 1 593 1 642 1 581 1 895 1
378 0 5 898 1 642 1 899 1 922 1 897 1
379 0 5 899 1 591 1 596 1 931 1 710 1
380 0 5 900 1 967 1 965 1 565 1 698 1
381 0 5 901 1 657 1 1009 1 1016 1 992 1
382 0 5 902 1 868 1 595 1 716 1 696 1
383 0 5 903 1 763 1 564 1 1019 1 589 1
384 0 5 904 1 621 1 993 1 550 1 727 1
385 0 5 905 1 749 1 809 1 563 1 603 1
386 0 5 906 1 843 1 812 1 850 1 927 1
387 0 5 907 1 798 1 812 1 592 1 823 1
388 0 5 908 1 835 1 656 1 673 1 671 1
389 0 5 909 1 666 1 707 1 918 1 800 1
390 0 5 910 1 634 1 772 1 825 1 937 1
391 0 5 911 1 567 1 998 1 547 1 927 1
392 0 5 912 1 888 1 713 1 556 1 700 1
393 0 5 913 1 742 1 639 1 760 1 573 1
394 0 5 914 1 726 1 724 1 771 1 999 1
395 0 5 915 1 762 1 847 1 733 1 778 1
396 0 5 916 1 819 1 533 1 766 1 527 1
397 0 5 917 1 1010 1 554 1 663 1 1005 1
398 0 5 918 1 800 1 666 1 1000 1 753 1
399 0 5 919 1 923 1 795 1 643 1 759 1
400 0 5 920 1 723 1 627 1 935 1 679 1
401 0 5 921 1 547 1 843 1 540 1 850 1
402 0 5 922 1 1007 1 538 1 710 1 707 1
403 0 5 923 1 643 1 625 1 919 1 790 1
404 0 5 924 1 559 1 803 1 684 1 784 1
405 0 5 925 1 788 1 660 1 533 1 665 1
406 0 5 926 1 525 1 631 1 952 1 982 1
407 0 5 927 1 685 1 797 1 869 1 906 1
408 0 5 928 1 693 1 818 1 651 1 992 1
409 0 5 929 1 619 1 628 1 674 1 720 1
410 0 5 930 1 658 1 894 1 884 1 1015 1
411 0 5 931 1 895 1 591 1 596 1 899 1
412 0 5 932 1 919 1 768 1 853 1 653 1
413 0 5 933 1 565 1 900 1 967 1 586 1
414 0 5 934 1 589 1 763 1 680 1 903 1
415 0 5 935 1 882 1 521 1 841 1 723 1
416 0 5 936 1 552 1 571 1 601 1 874 1
417 0 5 937 1 910 1 634 1 772 1 825 1
418 0 5 938 1 637 1 761 1 555 1 521 1
419 0 5 939 1 867 1 965 1 645 1 587 1
420 0 5 940 1 860 1 588 1 636 1 858 1
421 0 5 941 1 628 1 730 1 720 1 745 1
422 0 5 942 1 852 1 853 1 857 1 728 1
423 0 5 943 1 876 1 739 1 834 1 873 1
424 0 5 944 1 695 1 750 1 954 1 885 1
425 0 5 945 1 570 1 879 1 639 1 758 1
426 0 5 946 1 590 1 633 1 995 1 849 1
427 0 5 947 1 668 1 607 1 979 1 612 1
428 0 5 948 1 827 1 747 1 997 1 522 1
429 0 5 949 1 740 1 764 1 987 1 846 1
430 0 5 950 1 805 1 626 1 697 1 913 1
431 0 5 951 1 734 1 674 1 745 1 862 1
432 0 5 952 1 640 1 890 1 611 1 646 1
433 0 5 953 1 768 1 653 1 787 1 932 1
434 0 5 954 1 777 1 944 1 1013 1 695 1
435 0 5 955 1 613 1 702 1 774 1 603 1
436 0 5 956 1 717 1 529 1 522 1 970 1
437 0 5 957 1 988 1 966 1 683 1 590 1
438 0 5 958 1 880 1 541 1 772 1 803 1
439 0 5 959 1 538 1 667 1 762 1 809 1
440 0 5 960 1 786 1 648 1 708 1 721 1
441 0 5 961 1 600 1 698 1 833 1 549 1
442 0 5 962 1 549 1 576 1 771 1 961 1
443 0 5 963 1 1021 1 837 1 594 1 861 1
444 0 5 964 1 623 1 655 1 851 1 729 1
445 0 5 965 1 622 1 587 1 866 1 698 1
446 0 5 966 1 995 1 957 1 546 1 596 1
447 0 5 967 1 900 1 537 1 594 1 1021 1
448 0 5 968 1 578 1 703 1 557 1 718 1
449 0 5 969 1 650 1 750 1 994 1 695 1
450 0 5 970 1 827 1 727 1 522 1 773 1
451 0 5 971 1 579 1 1018 1 787 1 768 1
452 0 5 972 1 681 1 525 1 569 1 577 1
453 0 5 973 1 887 1 581 1 692 1 614 1
454 0 5 974 1 691 1 604 1 710 1 704 1
455 0 5 975 1 781 1 580 1 847 1 774 1
456 0 5 976 1 926 1 525 1 982 1 814 1
457 0 5 977 1 721 1 701 1 960 1 708 1
458 0 5 978 1 573 1 714 1 879 1 945 1
459 0 5 979 1 607 1 616 1 543 1 855 1
460 0 5 980 1 708 1 585 1 692 1 832 1
461 0 5 981 1 939 1 549 1 962 1 867 1
462 0 5 982 1 644 1 865 1 769 1 814 1
463 0 5 983 1 856 1 870 1 872 1 532 1
464 0 5 984 1 870 1 743 1 592 1 532 1
465 0 5 985 1 765 1 1019 1 524 1 663 1
466 0 5 986 1 615 1 734 1 807 1 759 1
467 0 5 987 1 846 1 949 1 858 1 785 1
468 0 5 988 1 542 1 875 1 722 1 895 1
469 0 5 989 1 752 1 673 1 656 1 574 1
470 0 5 990 1 999 1 894 1 683 1 817 1
471 0 5 991 1 793 1 981 1 570 1 962 1
472 0 5 992 1 693 1 713 1 1016 1 818 1
473 0 5 993 1 530 1 830 1 621 1 626 1
474 0 5 994 1 969 1 750 1 650 1 606 1
475 0 5 995 1 590 1 618 1 966 1 946 1
476 0 5 996 1 731 1 789 1 679 1 651 1
477 0 5 997 1 948 1 712 1 827 1 747 1
478 0 5 998 1 911 1 567 1 547 1 608 1
479 0 5 999 1 624 1 990 1 726 1 894 1
480 0 5 1000 1 753 1 784 1 918 1 806 1
481 0 5 1001 1 796 1 822 1 922 1 784 1
482 0 5 1002 1 1013 1 958 1 954 1 944 1
483 0 5 1003 1 554 1 736 1 715 1 687 1
484 0 5 1004 1 849 1 618 1 676 1 633 1
485 0 5 1005 1 670 1 917 1 537 1 811 1
486 0 5 1006 1 659 1 839 1 966 1 667 1
487 0 5 1007 1 922 1 710 1 840 1 546 1
488 0 5 1008 1 521 1 841 1 568 1 646 1
489 0 5 1009 1 881 1 700 1 888 1 657 1
490 0 5 1010 1 709 1 556 1 544 1 917 1
491 0 5 1011 1 560 1 839 1 838 1 1006 1
492 0 5 1012 1 788 1 925 1 660 1 994 1
493 0 5 1013 1 1002 1 954 1 944 1 695 1
494 0 5 1014 1 699 1 746 1 905 1 791 1
495 0 5 1015 1 658 1 930 1 962 1 894 1
496 0 5 1016 1 992 1 657 1 1009 1 813 1
497 0 5 1017 1 845 1 797 1 874 1 892 1
498 0 5 1018 1 773 1 575 1 545 1 747 1
499 0 5 1019 1 903 1 765 1 564 1 985 1
500 0 5 1020 1 756 1 712 1 620 1 652 1
501 0 5 1021 1 594 1 837 1 537 1 963 1
502 0 5 1022 0 521 1 1022 1 1023 1 1024 1
503 0 5 1023 0 521 1 1022 1 1023 1 1024 1
504 0 5 1024 0 521 1 1022 1 1023 1 1024 1
505 0 5 1025 0 521 1 1022 1 1023 1 1024 1
506 0 5 1026 0 521 1 1022 1 1023 1 1024 1
507 0 5 1027 0 521 1 1022 1 1023 1 1024 1
508 0 5 1028 0 521 1 1022 1 1023 1 1024 1
509 0 5 1029 0 521 1 1022 1 1023 1 1024 1
510 0 5 1030 0 521 1 1022 1 1023 1 1024 1
511 0 5 1031 0 521 1 1022 1 1023 1 1024 1
512 0 5 1032 0 521 1 1022 1 1023 1 1024 1
513 0 5 1033 0 521 1 1022 1 1023 1 1024 1
514 0 5 1034 0 521 1 1022 1 1023 1 1024 1
515 0 5 1035 0 521 1 1022 1 1023 1 1024 1
516 0 5 1036 0 521 1 1022 1 1023 1 1024 1
517 0 5 1037 0 521 1 1022 1 1023 1 1024 1
518 0 5 1038 0 521 1 1022 1 1023 1 1024 1
519 0 5 1039 0 521 1 1022 1 1023 1 1024 1
520 0 5 1040 0 521 1 1022 1 1023 1 1024 1
521 0 5 1 0 520 1 519 1 518 1 517 1
522 0 5 2 1 55 1 428 1 25 1 197 1
523 0 5 3 1 107 1 435 1 385 1 271 1
524 0 5 4 1 376 1 160 1 186 1 465 1
525 0 5 5 1 452 1 161 1 456 1 57 1
526 0 5 6 1 63 1 471 1 53 1 238 1
527 0 5 7 1 246 1 8 1 396 1 169 1
528 0 5 8 1 7 1 246 1 268 1 169 1
529 0 5 9 1 197 1 436 1 2 1 357 1
530 0 5 10 1 310 1 473 1 15 1 207 1
531 0 5 11 1 196 1 75 1 177 1 312 1
532 0 5 12 1 350 1 352 1 336 1 464 1
533 0 5 13 1 396 1 405 1 140 1 90 1
534 0 5 14 1 183 1 263 1 79 1 49 1
535 0 5 15 1 357 1 274 1 25 1 310 1
536 0 5 16 1 159 1 134 1 235 1 93 1
537 0 5 17 1 127 1 447 1 501 1 485 1
538 0 5 18 1 213 1 439 1 402 1 28 1
539 0 5 19 1 256 1 33 1 154 1 214 1
540 0 5 20 1 134 1 235 1 401 1 330 1
541 0 5 21 1 438 1 164 1 144 1 39 1
542 0 5 22 1 468 1 375 1 76 1 411 1
543 0 5 23 1 87 1 459 1 427 1 148 1
544 0 5 24 1 189 1 216 1 34 1 167 1
545 0 5 25 1 357 1 274 1 55 1 310 1
546 0 5 26 1 190 1 149 1 213 1 446 1
547 0 5 27 1 401 1 109 1 354 1 250 1
548 0 5 28 1 264 1 356 1 320 1 18 1
549 0 5 29 1 178 1 442 1 441 1 461 1
550 0 5 30 1 158 1 247 1 11 1 75 1
551 0 5 31 1 245 1 44 1 499 1 383 1
552 0 5 32 1 416 1 354 1 325 1 51 1
553 0 5 33 1 19 1 256 1 112 1 84 1
554 0 5 34 1 483 1 397 1 152 1 129 1
555 0 5 35 1 418 1 241 1 358 1 107 1
556 0 5 36 1 189 1 82 1 490 1 160 1
557 0 5 37 1 58 1 448 1 118 1 324 1
558 0 5 38 1 271 1 52 1 385 1 235 1
559 0 5 39 1 311 1 164 1 404 1 296 1
560 0 5 40 1 491 1 318 1 373 1 152 1
561 0 5 41 1 332 1 157 1 208 1 123 1
562 0 5 42 1 328 1 125 1 445 1 67 1
563 0 5 43 1 289 1 385 1 170 1 83 1
564 0 5 44 1 31 1 383 1 499 1 245 1
565 0 5 45 1 413 1 102 1 66 1 380 1
566 0 5 46 1 121 1 99 1 85 1 225 1
567 0 5 47 1 391 1 88 1 478 1 352 1
568 0 5 48 1 120 1 168 1 111 1 331 1
569 0 5 49 1 284 1 322 1 452 1 241 1
570 0 5 50 1 425 1 279 1 113 1 156 1
571 0 5 51 1 32 1 354 1 416 1 497 1
572 0 5 52 1 38 1 83 1 64 1 385 1
573 0 5 53 1 458 1 222 1 393 1 359 1
574 0 5 54 1 36 1 232 1 469 1 361 1
575 0 5 55 1 25 1 310 1 498 1 253 1
576 0 5 56 1 442 1 178 1 374 1 67 1
577 0 5 57 1 5 1 111 1 49 1 120 1
578 0 5 58 1 14 1 79 1 448 1 118 1
579 0 5 59 1 451 1 267 1 274 1 133 1
580 0 5 60 1 147 1 455 1 220 1 202 1
581 0 5 61 1 453 1 316 1 367 1 375 1
582 0 5 62 1 140 1 90 1 13 1 299 1
583 0 5 63 1 6 1 471 1 238 1 425 1
584 0 5 64 1 52 1 83 1 38 1 271 1
585 0 5 65 1 279 1 312 1 460 1 290 1
586 0 5 66 1 346 1 102 1 45 1 413 1
587 0 5 67 1 313 1 127 1 445 1 178 1
588 0 5 68 1 420 1 116 1 260 1 179 1
589 0 5 69 1 414 1 44 1 243 1 31 1
590 0 5 70 1 426 1 475 1 437 1 446 1
591 0 5 71 1 379 1 411 1 375 1 184 1
592 0 5 72 1 162 1 134 1 278 1 77 1
593 0 5 73 1 377 1 122 1 61 1 378 1
594 0 5 74 1 501 1 317 1 443 1 341 1
595 0 5 75 1 176 1 312 1 11 1 65 1
596 0 5 76 1 22 1 379 1 149 1 411 1
597 0 5 77 1 199 1 1 1 309 1 78 1
598 0 5 78 1 1 1 168 1 166 1 309 1
599 0 5 79 1 14 1 49 1 183 1 198 1
600 0 5 80 1 441 1 304 1 313 1 245 1
601 0 5 81 1 51 1 323 1 159 1 269 1
602 0 5 82 1 224 1 186 1 376 1 160 1
603 0 5 83 1 52 1 289 1 64 1 385 1
604 0 5 84 1 320 1 454 1 28 1 283 1
605 0 5 85 1 46 1 99 1 225 1 121 1
606 0 5 86 1 62 1 474 1 13 1 90 1
607 0 5 87 1 459 1 427 1 96 1 92 1
608 0 5 88 1 47 1 77 1 478 1 391 1
609 0 5 89 1 228 1 272 1 17 1 414 1
610 0 5 90 1 110 1 363 1 324 1 37 1
611 0 5 91 1 294 1 432 1 370 1 126 1
612 0 5 92 1 142 1 148 1 96 1 169 1
613 0 5 93 1 435 1 83 1 16 1 205 1
614 0 5 94 1 215 1 453 1 100 1 275 1
615 0 5 95 1 94 1 287 1 466 1 275 1
616 0 5 96 1 92 1 169 1 459 1 427 1
617 0 5 97 1 129 1 376 1 373 1 195 1
618 0 5 98 1 308 1 475 1 484 1 329 1
619 0 5 99 1 409 1 262 1 46 1 85 1
620 0 5 100 1 192 1 133 1 215 1 500 1
621 0 5 101 1 384 1 473 1 247 1 281 1
622 0 5 102 1 445 1 67 1 45 1 346 1
623 0 5 103 1 444 1 205 1 331 1 170 1
624 0 5 104 1 479 1 204 1 470 1 206 1
625 0 5 105 1 403 1 157 1 434 1 123 1
626 0 5 106 1 430 1 177 1 473 1 101 1
627 0 5 107 1 93 1 16 1 400 1 218 1
628 0 5 108 1 421 1 409 1 200 1 210 1
629 0 5 109 1 27 1 372 1 323 1 354 1
630 0 5 110 1 90 1 324 1 37 1 363 1
631 0 5 111 1 57 1 48 1 5 1 49 1
632 0 5 112 1 33 1 256 1 302 1 276 1
633 0 5 113 1 329 1 426 1 50 1 156 1
634 0 5 114 1 390 1 305 1 417 1 286 1
635 0 5 115 1 297 1 40 1 318 1 374 1
636 0 5 116 1 179 1 3 1 340 1 420 1
637 0 5 117 1 418 1 241 1 331 1 111 1
638 0 5 118 1 155 1 141 1 344 1 58 1
639 0 5 119 1 393 1 177 1 53 1 222 1
640 0 5 120 1 432 1 111 1 91 1 370 1
641 0 5 121 1 144 1 99 1 283 1 46 1
642 0 5 122 1 73 1 378 1 33 1 377 1
643 0 5 123 1 403 1 332 1 270 1 214 1
644 0 5 124 1 462 1 23 1 427 1 345 1
645 0 5 125 1 347 1 273 1 419 1 461 1
646 0 5 126 1 370 1 91 1 345 1 249 1
647 0 5 127 1 304 1 31 1 143 1 313 1
648 0 5 128 1 188 1 266 1 290 1 440 1
649 0 5 129 1 97 1 152 1 167 1 373 1
650 0 5 130 1 449 1 210 1 474 1 306 1
651 0 5 131 1 211 1 476 1 338 1 408 1
652 0 5 132 1 172 1 312 1 367 1 65 1
653 0 5 133 1 433 1 342 1 266 1 267 1
654 0 5 134 1 330 1 235 1 159 1 20 1
655 0 5 135 1 218 1 444 1 351 1 83 1
656 0 5 136 1 153 1 151 1 388 1 469 1
657 0 5 137 1 293 1 496 1 381 1 250 1
658 0 5 138 1 495 1 410 1 374 1 364 1
659 0 5 139 1 486 1 147 1 319 1 446 1
660 0 5 140 1 13 1 405 1 492 1 268 1
661 0 5 141 1 118 1 155 1 344 1 343 1
662 0 5 142 1 7 1 92 1 148 1 169 1
663 0 5 143 1 255 1 397 1 376 1 152 1
664 0 5 144 1 21 1 283 1 39 1 164 1
665 0 5 145 1 268 1 405 1 140 1 130 1
666 0 5 146 1 389 1 398 1 187 1 480 1
667 0 5 147 1 439 1 220 1 371 1 229 1
668 0 5 148 1 427 1 142 1 92 1 459 1
669 0 5 149 1 26 1 190 1 446 1 71 1
670 0 5 150 1 485 1 291 1 115 1 374 1
671 0 5 151 1 24 1 153 1 469 1 231 1
672 0 5 152 1 34 1 129 1 115 1 143 1
673 0 5 153 1 151 1 469 1 368 1 298 1
674 0 5 154 1 121 1 431 1 342 1 46 1
675 0 5 155 1 141 1 191 1 118 1 344 1
676 0 5 156 1 113 1 329 1 279 1 484 1
677 0 5 157 1 41 1 306 1 493 1 332 1
678 0 5 158 1 30 1 65 1 281 1 75 1
679 0 5 159 1 269 1 476 1 64 1 81 1
680 0 5 160 1 224 1 414 1 4 1 186 1
681 0 5 161 1 452 1 79 1 14 1 118 1
682 0 5 162 1 72 1 303 1 362 1 1 1
683 0 5 163 1 334 1 437 1 470 1 442 1
684 0 5 164 1 311 1 39 1 404 1 21 1
685 0 5 165 1 372 1 407 1 277 1 27 1
686 0 5 166 1 1 1 309 1 78 1 185 1
687 0 5 167 1 34 1 152 1 195 1 97 1
688 0 5 168 1 322 1 166 1 309 1 1 1
689 0 5 169 1 86 1 299 1 268 1 246 1
690 0 5 170 1 300 1 43 1 263 1 305 1
691 0 5 171 1 454 1 184 1 282 1 181 1
692 0 5 172 1 132 1 453 1 367 1 188 1
693 0 5 173 1 408 1 472 1 298 1 211 1
694 0 5 174 1 81 1 51 1 159 1 16 1
695 0 5 175 1 424 1 230 1 434 1 130 1
696 0 5 176 1 240 1 285 1 196 1 11 1
697 0 5 177 1 238 1 11 1 119 1 458 1
698 0 5 178 1 67 1 441 1 29 1 56 1
699 0 5 179 1 226 1 494 1 385 1 38 1
700 0 5 180 1 231 1 489 1 36 1 193 1
701 0 5 181 1 171 1 188 1 457 1 290 1
702 0 5 182 1 315 1 435 1 476 1 159 1
703 0 5 183 1 117 1 79 1 448 1 198 1
704 0 5 184 1 308 1 171 1 71 1 454 1
705 0 5 185 1 1 1 48 1 168 1 321 1
706 0 5 186 1 376 1 224 1 36 1 180 1
707 0 5 187 1 389 1 242 1 402 1 395 1
708 0 5 188 1 460 1 128 1 181 1 172 1
709 0 5 189 1 490 1 483 1 397 1 34 1
710 0 5 190 1 487 1 379 1 402 1 149 1
711 0 5 191 1 343 1 344 1 155 1 118 1
712 0 5 192 1 236 1 500 1 207 1 382 1
713 0 5 193 1 298 1 231 1 472 1 216 1
714 0 5 194 1 281 1 458 1 6 1 177 1
715 0 5 195 1 167 1 265 1 483 1 34 1
716 0 5 196 1 11 1 176 1 312 1 177 1
717 0 5 197 1 436 1 2 1 15 1 428 1
718 0 5 198 1 263 1 183 1 288 1 448 1
719 0 5 199 1 78 1 309 1 77 1 168 1
720 0 5 200 1 210 1 108 1 409 1 306 1
721 0 5 201 1 457 1 181 1 188 1 133 1
722 0 5 202 1 355 1 297 1 468 1 60 1
723 0 5 203 1 400 1 16 1 134 1 72 1
724 0 5 204 1 206 1 394 1 163 1 479 1
725 0 5 205 1 135 1 218 1 93 1 351 1
726 0 5 206 1 394 1 251 1 479 1 163 1
727 0 5 207 1 192 1 10 1 310 1 236 1
728 0 5 208 1 306 1 200 1 337 1 210 1
729 0 5 209 1 103 1 205 1 331 1 117 1
730 0 5 210 1 200 1 108 1 262 1 409 1
731 0 5 211 1 476 1 131 1 260 1 250 1
732 0 5 212 1 74 1 317 1 501 1 17 1
733 0 5 213 1 18 1 395 1 149 1 439 1
734 0 5 214 1 431 1 466 1 154 1 342 1
735 0 5 215 1 100 1 94 1 133 1 477 1
736 0 5 216 1 195 1 483 1 34 1 167 1
737 0 5 217 1 237 1 349 1 223 1 407 1
738 0 5 218 1 135 1 351 1 83 1 170 1
739 0 5 219 1 353 1 234 1 288 1 423 1
740 0 5 220 1 429 1 60 1 467 1 371 1
741 0 5 221 1 266 1 460 1 133 1 236 1
742 0 5 222 1 393 1 240 1 53 1 359 1
743 0 5 223 1 47 1 464 1 339 1 88 1
744 0 5 224 1 82 1 160 1 186 1 414 1
745 0 5 225 1 99 1 85 1 431 1 214 1
746 0 5 226 1 494 1 179 1 107 1 271 1
747 0 5 227 1 253 1 428 1 307 1 477 1
748 0 5 228 1 69 1 44 1 243 1 414 1
749 0 5 229 1 385 1 43 1 3 1 371 1
750 0 5 230 1 175 1 449 1 424 1 474 1
751 0 5 231 1 193 1 368 1 180 1 216 1
752 0 5 232 1 368 1 469 1 361 1 153 1
753 0 5 233 1 480 1 286 1 398 1 264 1
754 0 5 234 1 296 1 219 1 353 1 288 1
755 0 5 235 1 20 1 159 1 134 1 330 1
756 0 5 236 1 500 1 207 1 75 1 312 1
757 0 5 237 1 349 1 165 1 51 1 407 1
758 0 5 238 1 50 1 177 1 119 1 196 1
759 0 5 239 1 95 1 275 1 287 1 466 1
760 0 5 240 1 222 1 393 1 119 1 53 1
761 0 5 241 1 1 1 418 1 185 1 358 1
762 0 5 242 1 395 1 327 1 261 1 439 1
763 0 5 243 1 383 1 414 1 69 1 4 1
764 0 5 244 1 202 1 429 1 220 1 355 1
765 0 5 245 1 465 1 499 1 304 1 255 1
766 0 5 246 1 299 1 396 1 7 1 8 1
767 0 5 247 1 30 1 281 1 158 1 101 1
768 0 5 248 1 433 1 412 1 451 1 267 1
769 0 5 249 1 345 1 124 1 462 1 126 1
770 0 5 250 1 109 1 354 1 293 1 81 1
771 0 5 251 1 334 1 442 1 50 1 445 1
772 0 5 252 1 276 1 390 1 438 1 417 1
773 0 5 253 1 498 1 227 1 428 1 477 1
774 0 5 254 1 244 1 326 1 60 1 261 1
775 0 5 255 1 410 1 129 1 374 1 364 1
776 0 5 256 1 19 1 33 1 112 1 21 1
777 0 5 257 1 105 1 434 1 230 1 175 1
778 0 5 258 1 327 1 60 1 446 1 395 1
779 0 5 259 1 335 1 23 1 462 1 456 1
780 0 5 260 1 68 1 340 1 116 1 476 1
781 0 5 261 1 455 1 242 1 327 1 60 1
782 0 5 262 1 99 1 409 1 21 1 46 1
783 0 5 263 1 117 1 35 1 288 1 183 1
784 0 5 264 1 356 1 276 1 296 1 219 1
785 0 5 265 1 298 1 326 1 167 1 467 1
786 0 5 266 1 440 1 221 1 274 1 128 1
787 0 5 267 1 133 1 451 1 433 1 59 1
788 0 5 268 1 405 1 492 1 8 1 169 1
789 0 5 269 1 64 1 81 1 476 1 20 1
790 0 5 270 1 123 1 214 1 332 1 41 1
791 0 5 271 1 38 1 235 1 385 1 52 1
792 0 5 272 1 89 1 228 1 44 1 31 1
793 0 5 273 1 471 1 6 1 461 1 63 1
794 0 5 274 1 221 1 266 1 460 1 59 1
795 0 5 275 1 95 1 399 1 239 1 412 1
796 0 5 276 1 481 1 112 1 302 1 256 1
797 0 5 277 1 497 1 323 1 165 1 407 1
798 0 5 278 1 77 1 292 1 386 1 387 1
799 0 5 279 1 156 1 50 1 158 1 65 1
800 0 5 280 1 398 1 146 1 389 1 187 1
801 0 5 281 1 247 1 158 1 458 1 384 1
802 0 5 282 1 308 1 454 1 98 1 190 1
803 0 5 283 1 21 1 404 1 39 1 481 1
804 0 5 284 1 358 1 1 1 78 1 241 1
805 0 5 285 1 430 1 106 1 393 1 177 1
806 0 5 286 1 233 1 390 1 264 1 351 1
807 0 5 287 1 94 1 239 1 95 1 466 1
808 0 5 288 1 198 1 263 1 353 1 183 1
809 0 5 289 1 83 1 43 1 385 1 229 1
810 0 5 290 1 181 1 128 1 188 1 171 1
811 0 5 291 1 150 1 115 1 485 1 297 1
812 0 5 292 1 278 1 330 1 386 1 134 1
813 0 5 293 1 250 1 109 1 27 1 354 1
814 0 5 294 1 249 1 345 1 462 1 126 1
815 0 5 295 1 365 1 169 1 92 1 142 1
816 0 5 296 1 234 1 39 1 311 1 219 1
817 0 5 297 1 318 1 115 1 470 1 40 1
818 0 5 298 1 173 1 408 1 472 1 131 1
819 0 5 299 1 396 1 246 1 13 1 191 1
820 0 5 300 1 351 1 170 1 353 1 305 1
821 0 5 301 1 265 1 326 1 24 1 151 1
822 0 5 302 1 112 1 84 1 481 1 276 1
823 0 5 303 1 203 1 72 1 209 1 135 1
824 0 5 304 1 80 1 245 1 31 1 313 1
825 0 5 305 1 390 1 114 1 286 1 296 1
826 0 5 306 1 130 1 434 1 108 1 210 1
827 0 5 307 1 207 1 227 1 428 1 192 1
828 0 5 308 1 98 1 184 1 282 1 71 1
829 0 5 309 1 1 1 168 1 199 1 48 1
830 0 5 310 1 10 1 15 1 473 1 55 1
831 0 5 311 1 363 1 110 1 90 1 296 1
832 0 5 312 1 65 1 132 1 279 1 11 1
833 0 5 313 1 441 1 80 1 29 1 178 1
834 0 5 314 1 423 1 198 1 170 1 263 1
835 0 5 315 1 388 1 326 1 476 1 131 1
836 0 5 316 1 348 1 196 1 382 1 61 1
837 0 5 317 1 443 1 272 1 501 1 341 1
838 0 5 318 1 40 1 491 1 115 1 319 1
839 0 5 319 1 491 1 486 1 139 1 147 1
840 0 5 320 1 84 1 28 1 487 1 481 1
841 0 5 321 1 309 1 48 1 1 1 162 1
842 0 5 322 1 166 1 284 1 358 1 1 1
843 0 5 323 1 386 1 401 1 277 1 330 1
844 0 5 324 1 37 1 110 1 90 1 58 1
845 0 5 325 1 497 1 250 1 81 1 293 1
846 0 5 326 1 467 1 244 1 338 1 429 1
847 0 5 327 1 395 1 258 1 242 1 455 1
848 0 5 328 1 125 1 42 1 251 1 445 1
849 0 5 329 1 484 1 113 1 98 1 426 1
850 0 5 330 1 292 1 134 1 386 1 20 1
851 0 5 331 1 5 1 117 1 111 1 444 1
852 0 5 332 1 422 1 333 1 41 1 337 1
853 0 5 333 1 337 1 422 1 225 1 208 1
854 0 5 334 1 251 1 163 1 442 1 470 1
855 0 5 335 1 23 1 87 1 161 1 427 1
856 0 5 336 1 463 1 217 1 223 1 352 1
857 0 5 337 1 208 1 333 1 306 1 422 1
858 0 5 338 1 340 1 467 1 64 1 260 1
859 0 5 339 1 223 1 88 1 77 1 352 1
860 0 5 340 1 420 1 116 1 179 1 226 1
861 0 5 341 1 89 1 317 1 443 1 272 1
862 0 5 342 1 214 1 201 1 431 1 133 1
863 0 5 343 1 141 1 344 1 155 1 118 1
864 0 5 344 1 141 1 118 1 155 1 343 1
865 0 5 345 1 249 1 124 1 462 1 126 1
866 0 5 346 1 42 1 445 1 328 1 102 1
867 0 5 347 1 419 1 125 1 461 1 29 1
868 0 5 348 1 382 1 316 1 196 1 132 1
869 0 5 349 1 51 1 407 1 237 1 277 1
870 0 5 350 1 464 1 463 1 336 1 223 1
871 0 5 351 1 170 1 286 1 300 1 305 1
872 0 5 352 1 336 1 386 1 223 1 463 1
873 0 5 353 1 288 1 219 1 234 1 296 1
874 0 5 354 1 109 1 497 1 32 1 27 1
875 0 5 355 1 202 1 297 1 468 1 115 1
876 0 5 356 1 423 1 314 1 219 1 264 1
877 0 5 357 1 15 1 25 1 274 1 101 1
878 0 5 358 1 1 1 284 1 78 1 241 1
879 0 5 359 1 53 1 425 1 458 1 222 1
880 0 5 360 1 438 1 417 1 252 1 482 1
881 0 5 361 1 489 1 368 1 180 1 193 1
882 0 5 362 1 415 1 162 1 72 1 203 1
883 0 5 363 1 324 1 37 1 90 1 110 1
884 0 5 364 1 373 1 410 1 319 1 255 1
885 0 5 365 1 230 1 169 1 295 1 424 1
886 0 5 366 1 225 1 133 1 333 1 267 1
887 0 5 367 1 453 1 132 1 172 1 329 1
888 0 5 368 1 361 1 231 1 193 1 180 1
889 0 5 369 1 360 1 417 1 252 1 438 1
890 0 5 370 1 126 1 91 1 432 1 345 1
891 0 5 371 1 229 1 439 1 43 1 340 1
892 0 5 372 1 165 1 109 1 277 1 497 1
893 0 5 373 1 97 1 364 1 129 1 319 1
894 0 5 374 1 56 1 410 1 470 1 150 1
895 0 5 375 1 411 1 71 1 61 1 70 1
896 0 5 376 1 186 1 143 1 97 1 4 1
897 0 5 377 1 61 1 122 1 375 1 378 1
898 0 5 378 1 122 1 33 1 73 1 377 1
899 0 5 379 1 76 1 149 1 71 1 411 1
900 0 5 380 1 447 1 413 1 45 1 66 1
901 0 5 381 1 293 1 489 1 136 1 137 1
902 0 5 382 1 75 1 196 1 132 1 176 1
903 0 5 383 1 499 1 4 1 44 1 243 1
904 0 5 384 1 247 1 101 1 30 1 473 1
905 0 5 385 1 494 1 3 1 229 1 38 1
906 0 5 386 1 330 1 292 1 278 1 352 1
907 0 5 387 1 1 1 107 1 185 1 292 1
908 0 5 388 1 301 1 153 1 151 1 326 1
909 0 5 389 1 187 1 242 1 18 1 402 1
910 0 5 390 1 417 1 286 1 252 1 296 1
911 0 5 391 1 478 1 27 1 47 1 88 1
912 0 5 392 1 54 1 232 1 469 1 36 1
913 0 5 393 1 285 1 119 1 177 1 238 1
914 0 5 394 1 204 1 163 1 196 1 251 1
915 0 5 395 1 213 1 327 1 242 1 18 1
916 0 5 396 1 191 1 13 1 299 1 343 1
917 0 5 397 1 485 1 34 1 152 1 143 1
918 0 5 398 1 146 1 480 1 389 1 233 1
919 0 5 399 1 412 1 275 1 248 1 403 1
920 0 5 400 1 16 1 174 1 134 1 235 1
921 0 5 401 1 20 1 235 1 134 1 27 1
922 0 5 402 1 487 1 320 1 190 1 481 1
923 0 5 403 1 399 1 41 1 275 1 157 1
924 0 5 404 1 356 1 164 1 296 1 219 1
925 0 5 405 1 492 1 268 1 145 1 13 1
926 0 5 406 1 456 1 462 1 259 1 335 1
927 0 5 407 1 165 1 277 1 223 1 386 1
928 0 5 408 1 131 1 260 1 211 1 173 1
929 0 5 409 1 262 1 99 1 21 1 210 1
930 0 5 410 1 138 1 364 1 495 1 374 1
931 0 5 411 1 375 1 71 1 379 1 76 1
932 0 5 412 1 248 1 332 1 433 1 451 1
933 0 5 413 1 66 1 45 1 346 1 102 1
934 0 5 414 1 243 1 160 1 4 1 383 1
935 0 5 415 1 72 1 16 1 203 1 134 1
936 0 5 416 1 325 1 32 1 354 1 51 1
937 0 5 417 1 252 1 390 1 369 1 438 1
938 0 5 418 1 1 1 185 1 241 1 168 1
939 0 5 419 1 461 1 347 1 67 1 29 1
940 0 5 420 1 179 1 116 1 226 1 340 1
941 0 5 421 1 225 1 108 1 130 1 208 1
942 0 5 422 1 333 1 337 1 225 1 208 1
943 0 5 423 1 314 1 198 1 448 1 356 1
944 0 5 424 1 175 1 434 1 493 1 482 1
945 0 5 425 1 359 1 50 1 458 1 53 1
946 0 5 426 1 113 1 70 1 475 1 329 1
947 0 5 427 1 344 1 96 1 335 1 191 1
948 0 5 428 1 307 1 227 1 477 1 253 1
949 0 5 429 1 220 1 467 1 244 1 60 1
950 0 5 430 1 106 1 177 1 194 1 30 1
951 0 5 431 1 154 1 121 1 225 1 85 1
952 0 5 432 1 91 1 294 1 111 1 57 1
953 0 5 433 1 366 1 267 1 133 1 248 1
954 0 5 434 1 105 1 157 1 493 1 424 1
955 0 5 435 1 254 1 83 1 182 1 289 1
956 0 5 436 1 2 1 197 1 310 1 428 1
957 0 5 437 1 70 1 163 1 446 1 475 1
958 0 5 438 1 482 1 21 1 164 1 311 1
959 0 5 439 1 371 1 261 1 289 1 242 1
960 0 5 440 1 201 1 128 1 188 1 181 1
961 0 5 441 1 29 1 313 1 442 1 80 1
962 0 5 442 1 334 1 56 1 29 1 251 1
963 0 5 443 1 341 1 317 1 89 1 272 1
964 0 5 444 1 300 1 351 1 170 1 205 1
965 0 5 445 1 346 1 102 1 419 1 380 1
966 0 5 446 1 437 1 139 1 475 1 149 1
967 0 5 447 1 17 1 413 1 380 1 45 1
968 0 5 448 1 198 1 58 1 183 1 263 1
969 0 5 449 1 474 1 130 1 175 1 86 1
970 0 5 450 1 9 1 197 1 2 1 436 1
971 0 5 451 1 59 1 267 1 274 1 433 1
972 0 5 452 1 161 1 79 1 49 1 14 1
973 0 5 453 1 342 1 367 1 172 1 61 1
974 0 5 454 1 320 1 190 1 171 1 184 1
975 0 5 455 1 258 1 261 1 60 1 327 1
976 0 5 456 1 259 1 462 1 335 1 23 1
977 0 5 457 1 85 1 181 1 188 1 133 1
978 0 5 458 1 194 1 6 1 281 1 247 1
979 0 5 459 1 96 1 427 1 92 1 87 1
980 0 5 460 1 128 1 266 1 172 1 188 1
981 0 5 461 1 273 1 471 1 442 1 419 1
982 0 5 462 1 124 1 335 1 23 1 259 1
983 0 5 463 1 217 1 237 1 336 1 349 1
984 0 5 464 1 339 1 223 1 352 1 336 1
985 0 5 465 1 143 1 4 1 376 1 255 1
986 0 5 466 1 239 1 287 1 95 1 94 1
987 0 5 467 1 338 1 298 1 429 1 220 1
988 0 5 468 1 437 1 22 1 375 1 355 1
989 0 5 469 1 232 1 153 1 151 1 368 1
990 0 5 470 1 374 1 56 1 291 1 150 1
991 0 5 471 1 63 1 442 1 6 1 273 1
992 0 5 472 1 496 1 173 1 137 1 408 1
993 0 5 473 1 101 1 10 1 15 1 384 1
994 0 5 474 1 86 1 449 1 62 1 130 1
995 0 5 475 1 446 1 70 1 149 1 426 1
996 0 5 476 1 269 1 64 1 20 1 315 1
997 0 5 477 1 227 1 428 1 307 1 253 1
998 0 5 478 1 391 1 47 1 88 1 27 1
999 0 5 479 1 470 1 163 1 206 1 374 1
1000 0 5 480 1 264 1 233 1 276 1 398 1
1001 0 5 481 1 283 1 302 1 264 1 28 1
1002 0 5 482 1 493 1 157 1 434 1 424 1
1003 0 5 483 1 216 1 34 1 82 1 195 1
1004 0 5 484 1 290 1 98 1 113 1 475 1
1005 0 5 485 1 17 1 150 1 143 1 397 1
1006 0 5 486 1 147 1 139 1 319 1 446 1
1007 0 5 487 1 402 1 320 1 190 1 28 1
1008 0 5 488 1 120 1 168 1 126 1 370 1
1009 0 5 489 1 180 1 137 1 496 1 381 1
1010 0 5 490 1 397 1 189 1 317 1 34 1
1011 0 5 491 1 319 1 364 1 373 1 139 1
1012 0 5 492 1 145 1 268 1 405 1 13 1
1013 0 5 493 1 482 1 157 1 434 1 424 1
1014 0 5 494 1 107 1 35 1 303 1 93 1
1015 0 5 495 1 138 1 410 1 374 1 442 1
1016 0 5 496 1 137 1 293 1 472 1 173 1
1017 0 5 497 1 277 1 354 1 325 1 323 1
1018 0 5 498 1 55 1 451 1 59 1 310 1
1019 0 5 499 1 4 1 465 1 383 1 245 1
1020 0 5 500 1 236 1 207 1 132 1 460 1
1021 0 5 501 1 443 1 317 1 272 1 74 1
1022 0 5 502 0 520 1 519 1 518 1 517 1
1023 0 5 503 0 520 1 519 1 518 1 517 1
1024 0 5 504 0 520 1 519 1 518 1 517 1
1025 0 5 505 0 520 1 519 1 518 1 517 1
1026 0 5 506 0 520 1 519 1 518 1 517 1
1027 0 5 507 0 520 1 519 1 518 1 517 1
1028 0 5 508 0 520 1 519 1 518 1 517 1
1029 0 5 509 0 520 1 519 1 518 1 517 1
1030 0 5 510 0 520 1 519 1 518 1 517 1
1031 0 5 511 0 520 1 519 1 518 1 517 1
1032 0 5 512 0 520 1 519 1 518 1 517 1
1033 0 5 513 0 520 1 519 1 518 1 517 1
1034 0 5 514 0 520 1 519 1 518 1 517 1
1035 0 5 515 0 520 1 519 1 518 1 517 1
1036 0 5 516 0 520 1 519 1 518 1 517 1
1037 0 5 517 0 520 1 519 1 518 1 517 1
1038 0 5 518 0 520 1 519 1 518 1 517 1
1039 0 5 519 0 520 1 519 1 518 1 517 1
1040 0 5 520 0 520 1 519 1 518 1 517 1
-1
EOF
