1040
1 0 5 521 0 1040 1 1039 1 1038 1 1037 1
2 0 5 522 1 680 1 992 1 692 1 969 1
3 0 5 523 1 999 1 703 1 714 1 963 1
4 0 5 524 1 695 1 654 1 694 1 604 1
5 0 5 525 1 808 1 655 1 935 1 934 1
6 0 5 526 1 961 1 847 1 711 1 814 1
7 0 5 527 1 919 1 553 1 946 1 842 1
8 0 5 528 1 985 1 1002 1 656 1 908 1
9 0 5 529 1 744 1 674 1 897 1 934 1
10 0 5 530 1 834 1 609 1 883 1 637 1
11 0 5 531 1 641 1 835 1 552 1 533 1
12 0 5 532 1 831 1 673 1 723 1 851 1
13 0 5 533 1 897 1 958 1 744 1 832 1
14 0 5 534 1 1008 1 755 1 1021 1 550 1
15 0 5 535 1 916 1 868 1 998 1 606 1
16 0 5 536 1 830 1 638 1 771 1 932 1
17 0 5 537 1 791 1 619 1 768 1 929 1
18 0 5 538 1 958 1 814 1 980 1 628 1
19 0 5 539 1 923 1 646 1 887 1 787 1
20 0 5 540 1 777 1 794 1 856 1 558 1
21 0 5 541 1 978 1 937 1 551 1 803 1
22 0 5 542 1 562 1 1010 1 748 1 1009 1
23 0 5 543 1 644 1 937 1 668 1 572 1
24 0 5 544 1 548 1 930 1 565 1 803 1
25 0 5 545 1 978 1 1012 1 937 1 551 1
26 0 5 546 1 742 1 724 1 929 1 535 1
27 0 5 547 1 623 1 555 1 579 1 825 1
28 0 5 548 1 544 1 930 1 565 1 803 1
29 0 5 549 1 1013 1 573 1 678 1 991 1
30 0 5 550 1 1021 1 1008 1 534 1 755 1
31 0 5 551 1 1012 1 694 1 572 1 937 1
32 0 5 552 1 698 1 641 1 636 1 531 1
33 0 5 553 1 527 1 946 1 979 1 594 1
34 0 5 554 1 965 1 1002 1 588 1 690 1
35 0 5 555 1 547 1 623 1 605 1 794 1
36 0 5 556 1 956 1 815 1 921 1 614 1
37 0 5 557 1 659 1 821 1 865 1 932 1
38 0 5 558 1 944 1 1004 1 540 1 918 1
39 0 5 559 1 1011 1 521 1 727 1 702 1
40 0 5 560 1 648 1 767 1 652 1 612 1
41 0 5 561 1 898 1 983 1 608 1 956 1
42 0 5 562 1 750 1 960 1 729 1 962 1
43 0 5 563 1 812 1 962 1 882 1 741 1
44 0 5 564 1 891 1 542 1 954 1 667 1
45 0 5 565 1 548 1 544 1 918 1 930 1
46 0 5 566 1 1006 1 869 1 693 1 899 1
47 0 5 567 1 601 1 783 1 688 1 709 1
48 0 5 568 1 676 1 603 1 578 1 850 1
49 0 5 569 1 874 1 1019 1 910 1 811 1
50 0 5 570 1 762 1 990 1 942 1 538 1
51 0 5 571 1 617 1 870 1 765 1 948 1
52 0 5 572 1 937 1 849 1 543 1 611 1
53 0 5 573 1 844 1 991 1 721 1 1013 1
54 0 5 574 1 939 1 983 1 577 1 898 1
55 0 5 575 1 804 1 679 1 611 1 849 1
56 0 5 576 1 769 1 859 1 1014 1 927 1
57 0 5 577 1 947 1 771 1 574 1 687 1
58 0 5 578 1 922 1 909 1 568 1 603 1
59 0 5 579 1 597 1 825 1 856 1 605 1
60 0 5 580 1 855 1 778 1 722 1 951 1
61 0 5 581 1 943 1 643 1 724 1 610 1
62 0 5 582 1 885 1 805 1 927 1 903 1
63 0 5 583 1 861 1 726 1 976 1 708 1
64 0 5 584 1 802 1 953 1 980 1 628 1
65 0 5 585 1 612 1 588 1 862 1 776 1
66 0 5 586 1 964 1 850 1 793 1 827 1
67 0 5 587 1 658 1 602 1 651 1 963 1
68 0 5 588 1 767 1 585 1 965 1 776 1
69 0 5 589 1 748 1 962 1 613 1 1020 1
70 0 5 590 1 974 1 884 1 1004 1 868 1
71 0 5 591 1 729 1 999 1 561 1 1010 1
72 0 5 592 1 521 1 752 1 992 1 969 1
73 0 5 593 1 809 1 677 1 682 1 915 1
74 0 5 594 1 766 1 723 1 527 1 946 1
75 0 5 595 1 911 1 669 1 784 1 730 1
76 0 5 596 1 784 1 993 1 669 1 595 1
77 0 5 597 1 1017 1 792 1 892 1 788 1
78 0 5 598 1 877 1 1007 1 996 1 797 1
79 0 5 599 1 961 1 889 1 953 1 1008 1
80 0 5 600 1 1005 1 764 1 890 1 950 1
81 0 5 601 1 688 1 755 1 709 1 881 1
82 0 5 602 1 587 1 658 1 898 1 651 1
83 0 5 603 1 872 1 864 1 568 1 909 1
84 0 5 604 1 968 1 917 1 678 1 896 1
85 0 5 605 1 555 1 856 1 746 1 560 1
86 0 5 606 1 907 1 916 1 535 1 998 1
87 0 5 607 1 521 1 845 1 1000 1 992 1
88 0 5 608 1 815 1 561 1 710 1 798 1
89 0 5 609 1 899 1 893 1 851 1 906 1
90 0 5 610 1 943 1 643 1 581 1 616 1
91 0 5 611 1 679 1 829 1 646 1 717 1
92 0 5 612 1 690 1 560 1 878 1 767 1
93 0 5 613 1 995 1 748 1 589 1 720 1
94 0 5 614 1 642 1 740 1 956 1 561 1
95 0 5 615 1 932 1 830 1 536 1 557 1
96 0 5 616 1 751 1 581 1 610 1 943 1
97 0 5 617 1 765 1 768 1 955 1 775 1
98 0 5 618 1 739 1 629 1 885 1 650 1
99 0 5 619 1 826 1 768 1 929 1 546 1
100 0 5 620 1 700 1 935 1 883 1 530 1
101 0 5 621 1 805 1 912 1 927 1 903 1
102 0 5 622 1 868 1 916 1 606 1 929 1
103 0 5 623 1 828 1 547 1 746 1 605 1
104 0 5 624 1 882 1 713 1 750 1 1009 1
105 0 5 625 1 661 1 945 1 822 1 773 1
106 0 5 626 1 1016 1 565 1 944 1 1005 1
107 0 5 627 1 813 1 672 1 929 1 635 1
108 0 5 628 1 570 1 762 1 786 1 901 1
109 0 5 629 1 725 1 707 1 714 1 867 1
110 0 5 630 1 668 1 731 1 816 1 875 1
111 0 5 631 1 938 1 682 1 593 1 915 1
112 0 5 632 1 835 1 900 1 840 1 897 1
113 0 5 633 1 635 1 973 1 548 1 565 1
114 0 5 634 1 736 1 675 1 956 1 945 1
115 0 5 635 1 973 1 627 1 929 1 813 1
116 0 5 636 1 744 1 711 1 847 1 533 1
117 0 5 637 1 843 1 787 1 763 1 829 1
118 0 5 638 1 771 1 536 1 687 1 947 1
119 0 5 639 1 642 1 710 1 608 1 806 1
120 0 5 640 1 734 1 770 1 691 1 572 1
121 0 5 641 1 552 1 531 1 698 1 744 1
122 0 5 642 1 556 1 639 1 614 1 710 1
123 0 5 643 1 775 1 617 1 765 1 948 1
124 0 5 644 1 1014 1 820 1 978 1 543 1
125 0 5 645 1 821 1 954 1 838 1 853 1
126 0 5 646 1 539 1 923 1 787 1 810 1
127 0 5 647 1 776 1 870 1 571 1 852 1
128 0 5 648 1 652 1 746 1 772 1 878 1
129 0 5 649 1 926 1 647 1 776 1 895 1
130 0 5 650 1 716 1 766 1 618 1 739 1
131 0 5 651 1 587 1 602 1 735 1 658 1
132 0 5 652 1 772 1 746 1 605 1 648 1
133 0 5 653 1 838 1 591 1 608 1 645 1
134 0 5 654 1 678 1 779 1 837 1 604 1
135 0 5 655 1 525 1 700 1 935 1 808 1
136 0 5 656 1 914 1 908 1 854 1 701 1
137 0 5 657 1 746 1 605 1 1016 1 626 1
138 0 5 658 1 602 1 587 1 898 1 983 1
139 0 5 659 1 557 1 865 1 989 1 706 1
140 0 5 660 1 823 1 842 1 749 1 728 1
141 0 5 661 1 625 1 945 1 822 1 773 1
142 0 5 662 1 924 1 632 1 840 1 934 1
143 0 5 663 1 880 1 664 1 586 1 833 1
144 0 5 664 1 921 1 574 1 880 1 833 1
145 0 5 665 1 752 1 600 1 781 1 920 1
146 0 5 666 1 691 1 949 1 640 1 650 1
147 0 5 667 1 954 1 993 1 669 1 564 1
148 0 5 668 1 545 1 876 1 630 1 731 1
149 0 5 669 1 993 1 911 1 596 1 954 1
150 0 5 670 1 1001 1 894 1 933 1 706 1
151 0 5 671 1 752 1 788 1 680 1 522 1
152 0 5 672 1 912 1 621 1 813 1 922 1
153 0 5 673 1 851 1 723 1 766 1 594 1
154 0 5 674 1 529 1 897 1 744 1 832 1
155 0 5 675 1 568 1 736 1 634 1 956 1
156 0 5 676 1 850 1 793 1 568 1 586 1
157 0 5 677 1 858 1 720 1 995 1 719 1
158 0 5 678 1 549 1 1013 1 704 1 991 1
159 0 5 679 1 717 1 787 1 763 1 949 1
160 0 5 680 1 969 1 992 1 522 1 692 1
161 0 5 681 1 1020 1 757 1 915 1 873 1
162 0 5 682 1 631 1 933 1 670 1 960 1
163 0 5 683 1 705 1 695 1 848 1 800 1
164 0 5 684 1 953 1 797 1 980 1 802 1
165 0 5 685 1 761 1 731 1 820 1 668 1
166 0 5 686 1 987 1 886 1 795 1 719 1
167 0 5 687 1 774 1 798 1 653 1 947 1
168 0 5 688 1 709 1 755 1 790 1 848 1
169 0 5 689 1 959 1 1015 1 578 1 603 1
170 0 5 690 1 767 1 782 1 612 1 585 1
171 0 5 691 1 739 1 618 1 650 1 666 1
172 0 5 692 1 521 1 992 1 607 1 969 1
173 0 5 693 1 737 1 987 1 832 1 795 1
174 0 5 694 1 575 1 551 1 572 1 804 1
175 0 5 695 1 683 1 705 1 988 1 678 1
176 0 5 696 1 537 1 690 1 612 1 768 1
177 0 5 697 1 866 1 925 1 753 1 873 1
178 0 5 698 1 711 1 636 1 847 1 744 1
179 0 5 699 1 743 1 537 1 791 1 657 1
180 0 5 700 1 879 1 900 1 996 1 980 1
181 0 5 701 1 975 1 616 1 751 1 793 1
182 0 5 702 1 559 1 727 1 1011 1 966 1
183 0 5 703 1 523 1 867 1 707 1 999 1
184 0 5 704 1 966 1 1013 1 968 1 702 1
185 0 5 705 1 800 1 573 1 778 1 695 1
186 0 5 706 1 933 1 670 1 659 1 1001 1
187 0 5 707 1 703 1 714 1 629 1 523 1
188 0 5 708 1 909 1 603 1 726 1 758 1
189 0 5 709 1 688 1 971 1 800 1 848 1
190 0 5 710 1 639 1 642 1 608 1 815 1
191 0 5 711 1 636 1 526 1 847 1 698 1
192 0 5 712 1 663 1 833 1 880 1 664 1
193 0 5 713 1 1009 1 624 1 1010 1 989 1
194 0 5 714 1 523 1 707 1 999 1 963 1
195 0 5 715 1 1021 1 747 1 550 1 881 1
196 0 5 716 1 650 1 829 1 766 1 905 1
197 0 5 717 1 646 1 763 1 787 1 679 1
198 0 5 718 1 984 1 732 1 952 1 931 1
199 0 5 719 1 886 1 858 1 686 1 677 1
200 0 5 720 1 677 1 613 1 995 1 858 1
201 0 5 721 1 991 1 573 1 678 1 778 1
202 0 5 722 1 778 1 721 1 534 1 855 1
203 0 5 723 1 594 1 843 1 942 1 901 1
204 0 5 724 1 861 1 581 1 546 1 922 1
205 0 5 725 1 994 1 661 1 625 1 750 1
206 0 5 726 1 708 1 603 1 976 1 909 1
207 0 5 727 1 702 1 559 1 1011 1 1018 1
208 0 5 728 1 749 1 660 1 994 1 725 1
209 0 5 729 1 750 1 945 1 562 1 999 1
210 0 5 730 1 806 1 817 1 911 1 639 1
211 0 5 731 1 630 1 668 1 816 1 875 1
212 0 5 732 1 718 1 984 1 952 1 931 1
213 0 5 733 1 873 1 741 1 796 1 624 1
214 0 5 734 1 621 1 640 1 978 1 770 1
215 0 5 735 1 651 1 602 1 760 1 872 1
216 0 5 736 1 675 1 634 1 661 1 625 1
217 0 5 737 1 795 1 693 1 857 1 987 1
218 0 5 738 1 1017 1 788 1 792 1 950 1
219 0 5 739 1 618 1 650 1 629 1 885 1
220 0 5 740 1 614 1 956 1 921 1 561 1
221 0 5 741 1 750 1 812 1 733 1 563 1
222 0 5 742 1 724 1 998 1 546 1 929 1
223 0 5 743 1 537 1 619 1 791 1 929 1
224 0 5 744 1 529 1 636 1 711 1 897 1
225 0 5 745 1 694 1 575 1 572 1 551 1
226 0 5 746 1 560 1 555 1 648 1 652 1
227 0 5 747 1 881 1 715 1 755 1 534 1
228 0 5 748 1 613 1 542 1 589 1 562 1
229 0 5 749 1 660 1 823 1 842 1 994 1
230 0 5 750 1 773 1 822 1 741 1 882 1
231 0 5 751 1 793 1 724 1 581 1 616 1
232 0 5 752 1 592 1 969 1 788 1 680 1
233 0 5 753 1 982 1 867 1 703 1 707 1
234 0 5 754 1 761 1 820 1 789 1 685 1
235 0 5 755 1 534 1 881 1 722 1 747 1
236 0 5 756 1 759 1 888 1 540 1 825 1
237 0 5 757 1 915 1 681 1 593 1 839 1
238 0 5 758 1 936 1 972 1 909 1 940 1
239 0 5 759 1 888 1 825 1 756 1 816 1
240 0 5 760 1 735 1 867 1 703 1 523 1
241 0 5 761 1 884 1 731 1 685 1 630 1
242 0 5 762 1 628 1 990 1 923 1 901 1
243 0 5 763 1 786 1 787 1 646 1 539 1
244 0 5 764 1 1005 1 803 1 551 1 930 1
245 0 5 765 1 967 1 948 1 617 1 696 1
246 0 5 766 1 994 1 532 1 905 1 716 1
247 0 5 767 1 585 1 588 1 612 1 560 1
248 0 5 768 1 955 1 785 1 967 1 540 1
249 0 5 769 1 644 1 543 1 859 1 1014 1
250 0 5 770 1 666 1 691 1 849 1 640 1
251 0 5 771 1 577 1 947 1 638 1 687 1
252 0 5 772 1 605 1 746 1 555 1 623 1
253 0 5 773 1 661 1 750 1 629 1 725 1
254 0 5 774 1 653 1 687 1 838 1 798 1
255 0 5 775 1 852 1 649 1 785 1 895 1
256 0 5 776 1 870 1 862 1 647 1 852 1
257 0 5 777 1 794 1 856 1 759 1 756 1
258 0 5 778 1 721 1 705 1 573 1 800 1
259 0 5 779 1 654 1 951 1 837 1 678 1
260 0 5 780 1 979 1 946 1 810 1 762 1
261 0 5 781 1 892 1 920 1 738 1 788 1
262 0 5 782 1 612 1 690 1 767 1 965 1
263 0 5 783 1 863 1 790 1 567 1 709 1
264 0 5 784 1 595 1 993 1 596 1 669 1
265 0 5 785 1 775 1 643 1 617 1 768 1
266 0 5 786 1 834 1 901 1 942 1 787 1
267 0 5 787 1 786 1 763 1 646 1 530 1
268 0 5 788 1 738 1 892 1 592 1 752 1
269 0 5 789 1 754 1 1014 1 644 1 820 1
270 0 5 790 1 715 1 863 1 783 1 567 1
271 0 5 791 1 619 1 768 1 537 1 929 1
272 0 5 792 1 1017 1 626 1 1016 1 918 1
273 0 5 793 1 676 1 850 1 586 1 964 1
274 0 5 794 1 825 1 856 1 579 1 605 1
275 0 5 795 1 719 1 686 1 987 1 677 1
276 0 5 796 1 807 1 733 1 741 1 563 1
277 0 5 797 1 684 1 953 1 980 1 802 1
278 0 5 798 1 687 1 653 1 608 1 774 1
279 0 5 799 1 809 1 977 1 593 1 894 1
280 0 5 800 1 970 1 705 1 848 1 778 1
281 0 5 801 1 940 1 758 1 909 1 914 1
282 0 5 802 1 526 1 584 1 980 1 684 1
283 0 5 803 1 541 1 978 1 930 1 630 1
284 0 5 804 1 819 1 575 1 646 1 717 1
285 0 5 805 1 582 1 927 1 885 1 903 1
286 0 5 806 1 817 1 608 1 639 1 710 1
287 0 5 807 1 818 1 733 1 563 1 741 1
288 0 5 808 1 869 1 935 1 906 1 693 1
289 0 5 809 1 593 1 799 1 977 1 677 1
290 0 5 810 1 780 1 787 1 942 1 786 1
291 0 5 811 1 988 1 910 1 569 1 524 1
292 0 5 812 1 741 1 563 1 750 1 882 1
293 0 5 813 1 672 1 912 1 973 1 929 1
294 0 5 814 1 538 1 847 1 533 1 958 1
295 0 5 815 1 561 1 614 1 817 1 806 1
296 0 5 816 1 875 1 918 1 671 1 944 1
297 0 5 817 1 806 1 815 1 798 1 608 1
298 0 5 818 1 831 1 673 1 851 1 987 1
299 0 5 819 1 971 1 863 1 804 1 951 1
300 0 5 820 1 685 1 978 1 644 1 668 1
301 0 5 821 1 596 1 784 1 645 1 557 1
302 0 5 822 1 773 1 945 1 625 1 661 1
303 0 5 823 1 576 1 842 1 749 1 660 1
304 0 5 824 1 848 1 567 1 601 1 1003 1
305 0 5 825 1 579 1 597 1 918 1 555 1
306 0 5 826 1 546 1 768 1 619 1 929 1
307 0 5 827 1 610 1 616 1 701 1 943 1
308 0 5 828 1 1000 1 607 1 623 1 788 1
309 0 5 829 1 905 1 716 1 843 1 650 1
310 0 5 830 1 536 1 638 1 730 1 595 1
311 0 5 831 1 532 1 673 1 851 1 818 1
312 0 5 832 1 981 1 941 1 674 1 693 1
313 0 5 833 1 712 1 663 1 664 1 850 1
314 0 5 834 1 883 1 609 1 899 1 893 1
315 0 5 835 1 531 1 897 1 533 1 840 1
316 0 5 836 1 720 1 977 1 894 1 799 1
317 0 5 837 1 970 1 654 1 951 1 779 1
318 0 5 838 1 645 1 853 1 653 1 774 1
319 0 5 839 1 857 1 934 1 674 1 858 1
320 0 5 840 1 934 1 632 1 897 1 674 1
321 0 5 841 1 524 1 694 1 860 1 569 1
322 0 5 842 1 660 1 527 1 769 1 576 1
323 0 5 843 1 829 1 594 1 905 1 723 1
324 0 5 844 1 702 1 1013 1 573 1 704 1
325 0 5 845 1 521 1 607 1 1000 1 992 1
326 0 5 846 1 692 1 522 1 896 1 992 1
327 0 5 847 1 814 1 980 1 526 1 636 1
328 0 5 848 1 601 1 705 1 755 1 800 1
329 0 5 849 1 611 1 650 1 829 1 572 1
330 0 5 850 1 586 1 909 1 568 1 676 1
331 0 5 851 1 723 1 893 1 831 1 942 1
332 0 5 852 1 895 1 870 1 776 1 571 1
333 0 5 853 1 989 1 564 1 645 1 838 1
334 0 5 854 1 656 1 908 1 785 1 775 1
335 0 5 855 1 580 1 778 1 951 1 970 1
336 0 5 856 1 579 1 794 1 540 1 605 1
337 0 5 857 1 674 1 839 1 934 1 737 1
338 0 5 858 1 839 1 719 1 677 1 857 1
339 0 5 859 1 769 1 543 1 576 1 842 1
340 0 5 860 1 841 1 524 1 910 1 569 1
341 0 5 861 1 581 1 726 1 976 1 724 1
342 0 5 862 1 878 1 647 1 870 1 776 1
343 0 5 863 1 790 1 646 1 783 1 819 1
344 0 5 864 1 833 1 712 1 850 1 664 1
345 0 5 865 1 853 1 659 1 557 1 989 1
346 0 5 866 1 697 1 1020 1 925 1 681 1
347 0 5 867 1 753 1 707 1 703 1 982 1
348 0 5 868 1 590 1 974 1 884 1 929 1
349 0 5 869 1 906 1 693 1 808 1 893 1
350 0 5 870 1 571 1 617 1 776 1 765 1
351 0 5 871 1 569 1 874 1 727 1 904 1
352 0 5 872 1 939 1 602 1 603 1 864 1
353 0 5 873 1 796 1 733 1 807 1 1020 1
354 0 5 874 1 910 1 569 1 1019 1 896 1
355 0 5 875 1 671 1 816 1 788 1 752 1
356 0 5 876 1 545 1 902 1 668 1 917 1
357 0 5 877 1 797 1 684 1 598 1 980 1
358 0 5 878 1 862 1 870 1 617 1 765 1
359 0 5 879 1 996 1 900 1 980 1 847 1
360 0 5 880 1 664 1 663 1 921 1 574 1
361 0 5 881 1 747 1 755 1 534 1 715 1
362 0 5 882 1 962 1 563 1 741 1 750 1
363 0 5 883 1 899 1 834 1 609 1 893 1
364 0 5 884 1 731 1 685 1 820 1 868 1
365 0 5 885 1 582 1 903 1 629 1 927 1
366 0 5 886 1 686 1 987 1 818 1 719 1
367 0 5 887 1 628 1 762 1 834 1 923 1
368 0 5 888 1 759 1 825 1 756 1 816 1
369 0 5 889 1 990 1 599 1 961 1 722 1
370 0 5 890 1 764 1 551 1 1005 1 930 1
371 0 5 891 1 564 1 1010 1 1009 1 729 1
372 0 5 892 1 738 1 788 1 792 1 920 1
373 0 5 893 1 566 1 808 1 899 1 1006 1
374 0 5 894 1 799 1 613 1 836 1 957 1
375 0 5 895 1 926 1 852 1 649 1 870 1
376 0 5 896 1 1018 1 727 1 846 1 692 1
377 0 5 897 1 533 1 674 1 840 1 934 1
378 0 5 898 1 561 1 956 1 602 1 634 1
379 0 5 899 1 893 1 609 1 883 1 851 1
380 0 5 900 1 632 1 533 1 980 1 847 1
381 0 5 901 1 810 1 942 1 780 1 723 1
382 0 5 902 1 986 1 846 1 968 1 917 1
383 0 5 903 1 859 1 927 1 576 1 769 1
384 0 5 904 1 1019 1 569 1 665 1 874 1
385 0 5 905 1 716 1 829 1 594 1 650 1
386 0 5 906 1 866 1 925 1 869 1 697 1
387 0 5 907 1 998 1 606 1 922 1 916 1
388 0 5 908 1 854 1 656 1 1002 1 985 1
389 0 5 909 1 864 1 603 1 708 1 568 1
390 0 5 910 1 811 1 874 1 524 1 569 1
391 0 5 911 1 730 1 669 1 817 1 806 1
392 0 5 912 1 1015 1 959 1 973 1 535 1
393 0 5 913 1 892 1 781 1 665 1 607 1
394 0 5 914 1 701 1 909 1 975 1 751 1
395 0 5 915 1 757 1 593 1 681 1 839 1
396 0 5 916 1 535 1 868 1 622 1 998 1
397 0 5 917 1 604 1 846 1 896 1 902 1
398 0 5 918 1 816 1 875 1 944 1 671 1
399 0 5 919 1 876 1 545 1 668 1 575 1
400 0 5 920 1 950 1 738 1 1017 1 792 1
401 0 5 921 1 740 1 956 1 614 1 664 1
402 0 5 922 1 606 1 907 1 959 1 578 1
403 0 5 923 1 887 1 762 1 628 1 539 1
404 0 5 924 1 662 1 900 1 531 1 700 1
405 0 5 925 1 697 1 866 1 609 1 869 1
406 0 5 926 1 649 1 895 1 647 1 776 1
407 0 5 927 1 903 1 805 1 582 1 885 1
408 0 5 928 1 717 1 679 1 763 1 863 1
409 0 5 929 1 826 1 619 1 973 1 537 1
410 0 5 930 1 803 1 544 1 978 1 541 1
411 0 5 931 1 683 1 695 1 988 1 1003 1
412 0 5 932 1 615 1 830 1 536 1 557 1
413 0 5 933 1 957 1 670 1 706 1 1001 1
414 0 5 934 1 840 1 839 1 662 1 857 1
415 0 5 935 1 655 1 808 1 525 1 883 1
416 0 5 936 1 758 1 972 1 574 1 603 1
417 0 5 937 1 572 1 543 1 919 1 611 1
418 0 5 938 1 682 1 593 1 915 1 836 1
419 0 5 939 1 574 1 898 1 983 1 561 1
420 0 5 940 1 801 1 914 1 909 1 758 1
421 0 5 941 1 1006 1 981 1 832 1 693 1
422 0 5 942 1 901 1 810 1 786 1 780 1
423 0 5 943 1 643 1 581 1 610 1 765 1
424 0 5 944 1 918 1 756 1 558 1 973 1
425 0 5 945 1 822 1 625 1 591 1 634 1
426 0 5 946 1 553 1 527 1 979 1 594 1
427 0 5 947 1 687 1 577 1 639 1 710 1
428 0 5 948 1 696 1 967 1 765 1 617 1
429 0 5 949 1 849 1 637 1 650 1 829 1
430 0 5 950 1 626 1 1016 1 792 1 1017 1
431 0 5 951 1 779 1 837 1 970 1 971 1
432 0 5 952 1 931 1 988 1 984 1 844 1
433 0 5 953 1 584 1 526 1 599 1 961 1
434 0 5 954 1 667 1 669 1 653 1 564 1
435 0 5 955 1 785 1 878 1 768 1 862 1
436 0 5 956 1 634 1 561 1 740 1 898 1
437 0 5 957 1 960 1 670 1 733 1 894 1
438 0 5 958 1 538 1 941 1 533 1 1006 1
439 0 5 959 1 578 1 689 1 922 1 1015 1
440 0 5 960 1 989 1 733 1 957 1 624 1
441 0 5 961 1 599 1 889 1 990 1 570 1
442 0 5 962 1 562 1 882 1 563 1 995 1
443 0 5 963 1 999 1 714 1 713 1 707 1
444 0 5 964 1 827 1 793 1 616 1 610 1
445 0 5 965 1 588 1 554 1 585 1 776 1
446 0 5 966 1 1018 1 1011 1 727 1 968 1
447 0 5 967 1 948 1 696 1 765 1 617 1
448 0 5 968 1 896 1 702 1 1018 1 727 1
449 0 5 969 1 521 1 992 1 592 1 692 1
450 0 5 970 1 837 1 800 1 705 1 951 1
451 0 5 971 1 951 1 819 1 783 1 863 1
452 0 5 972 1 758 1 936 1 940 1 801 1
453 0 5 973 1 929 1 813 1 826 1 558 1
454 0 5 974 1 1004 1 756 1 888 1 759 1
455 0 5 975 1 616 1 751 1 701 1 943 1
456 0 5 976 1 583 1 726 1 724 1 861 1
457 0 5 977 1 836 1 799 1 809 1 720 1
458 0 5 978 1 644 1 820 1 543 1 668 1
459 0 5 979 1 946 1 553 1 780 1 717 1
460 0 5 980 1 900 1 802 1 847 1 814 1
461 0 5 981 1 832 1 674 1 719 1 958 1
462 0 5 982 1 960 1 733 1 753 1 713 1
463 0 5 983 1 798 1 608 1 561 1 687 1
464 0 5 984 1 952 1 732 1 931 1 718 1
465 0 5 985 1 908 1 854 1 1002 1 656 1
466 0 5 986 1 846 1 654 1 917 1 1019 1
467 0 5 987 1 818 1 686 1 832 1 795 1
468 0 5 988 1 811 1 695 1 952 1 549 1
469 0 5 989 1 706 1 659 1 933 1 960 1
470 0 5 990 1 762 1 628 1 1008 1 550 1
471 0 5 991 1 1013 1 704 1 573 1 678 1
472 0 5 992 1 521 1 845 1 607 1 788 1
473 0 5 993 1 667 1 669 1 596 1 542 1
474 0 5 994 1 728 1 725 1 749 1 766 1
475 0 5 995 1 589 1 748 1 613 1 720 1
476 0 5 996 1 1007 1 879 1 877 1 598 1
477 0 5 997 1 695 1 931 1 988 1 952 1
478 0 5 998 1 907 1 916 1 535 1 606 1
479 0 5 999 1 963 1 714 1 713 1 624 1
480 0 5 1000 1 607 1 521 1 828 1 892 1
481 0 5 1001 1 894 1 670 1 957 1 748 1
482 0 5 1002 1 528 1 775 1 985 1 554 1
483 0 5 1003 1 824 1 800 1 709 1 567 1
484 0 5 1004 1 756 1 558 1 944 1 888 1
485 0 5 1005 1 544 1 565 1 930 1 764 1
486 0 5 1006 1 941 1 693 1 832 1 981 1
487 0 5 1007 1 598 1 996 1 877 1 879 1
488 0 5 1008 1 722 1 889 1 599 1 580 1
489 0 5 1009 1 1010 1 713 1 562 1 624 1
490 0 5 1010 1 891 1 1009 1 564 1 562 1
491 0 5 1011 1 521 1 845 1 1018 1 966 1
492 0 5 1012 1 917 1 694 1 541 1 846 1
493 0 5 1013 1 704 1 702 1 966 1 549 1
494 0 5 1014 1 789 1 644 1 754 1 820 1
495 0 5 1015 1 689 1 805 1 885 1 959 1
496 0 5 1016 1 944 1 626 1 565 1 657 1
497 0 5 1017 1 792 1 738 1 950 1 828 1
498 0 5 1018 1 727 1 692 1 702 1 992 1
499 0 5 1019 1 1012 1 569 1 874 1 910 1
500 0 5 1020 1 681 1 873 1 995 1 563 1
501 0 5 1021 1 550 1 1008 1 534 1 755 1
502 0 5 1022 0 521 1 1022 1 1023 1 1024 1
503 0 5 1023 0 521 1 1022 1 1023 1 1024 1
504 0 5 1024 0 521 1 1022 1 1023 1 1024 1
505 0 5 1025 0 521 1 1022 1 1023 1 1024 1
506 0 5 1026 0 521 1 1022 1 1023 1 1024 1
507 0 5 1027 0 521 1 1022 1 1023 1 1024 1
508 0 5 1028 0 521 1 1022 1 1023 1 1024 1
509 0 5 1029 0 521 1 1022 1 1023 1 1024 1
510 0 5 1030 0 521 1 1022 1 1023 1 1024 1
511 0 5 1031 0 521 1 1022 1 1023 1 1024 1
512 0 5 1032 0 521 1 1022 1 1023 1 1024 1
513 0 5 1033 0 521 1 1022 1 1023 1 1024 1
514 0 5 1034 0 521 1 1022 1 1023 1 1024 1
515 0 5 1035 0 521 1 1022 1 1023 1 1024 1
516 0 5 1036 0 521 1 1022 1 1023 1 1024 1
517 0 5 1037 0 521 1 1022 1 1023 1 1024 1
518 0 5 1038 0 521 1 1022 1 1023 1 1024 1
519 0 5 1039 0 521 1 1022 1 1023 1 1024 1
520 0 5 1040 0 521 1 1022 1 1023 1 1024 1
521 0 5 1 0 520 1 519 1 518 1 517 1
522 0 5 2 1 326 1 151 1 160 1 376 1
523 0 5 3 1 183 1 194 1 187 1 240 1
524 0 5 4 1 321 1 390 1 354 1 291 1
525 0 5 5 1 135 1 415 1 288 1 349 1
526 0 5 6 1 191 1 282 1 433 1 327 1
527 0 5 7 1 33 1 74 1 426 1 322 1
528 0 5 8 1 482 1 388 1 96 1 255 1
529 0 5 9 1 154 1 224 1 377 1 11 1
530 0 5 10 1 117 1 267 1 314 1 367 1
531 0 5 11 1 315 1 404 1 377 1 121 1
532 0 5 12 1 311 1 246 1 331 1 385 1
533 0 5 13 1 377 1 438 1 380 1 315 1
534 0 5 14 1 235 1 361 1 202 1 501 1
535 0 5 15 1 396 1 478 1 86 1 222 1
536 0 5 16 1 310 1 412 1 95 1 118 1
537 0 5 17 1 179 1 409 1 271 1 223 1
538 0 5 18 1 294 1 438 1 108 1 13 1
539 0 5 19 1 126 1 243 1 403 1 343 1
540 0 5 20 1 38 1 484 1 336 1 236 1
541 0 5 21 1 283 1 458 1 244 1 410 1
542 0 5 22 1 44 1 228 1 434 1 147 1
543 0 5 23 1 417 1 339 1 52 1 249 1
544 0 5 24 1 28 1 485 1 410 1 45 1
545 0 5 25 1 148 1 399 1 356 1 110 1
546 0 5 26 1 306 1 222 1 204 1 409 1
547 0 5 27 1 35 1 103 1 85 1 272 1
548 0 5 28 1 45 1 24 1 410 1 485 1
549 0 5 29 1 158 1 468 1 175 1 493 1
550 0 5 30 1 501 1 14 1 195 1 235 1
551 0 5 31 1 174 1 21 1 244 1 417 1
552 0 5 32 1 121 1 178 1 11 1 380 1
553 0 5 33 1 426 1 459 1 7 1 74 1
554 0 5 34 1 170 1 445 1 262 1 92 1
555 0 5 35 1 85 1 226 1 252 1 27 1
556 0 5 36 1 122 1 295 1 94 1 190 1
557 0 5 37 1 139 1 95 1 345 1 412 1
558 0 5 38 1 484 1 424 1 398 1 20 1
559 0 5 39 1 182 1 207 1 446 1 498 1
560 0 5 40 1 226 1 92 1 85 1 137 1
561 0 5 41 1 378 1 88 1 463 1 94 1
562 0 5 42 1 442 1 209 1 489 1 362 1
563 0 5 43 1 292 1 362 1 442 1 287 1
564 0 5 44 1 371 1 333 1 434 1 440 1
565 0 5 45 1 485 1 106 1 28 1 24 1
566 0 5 46 1 373 1 486 1 349 1 379 1
567 0 5 47 1 304 1 263 1 270 1 343 1
568 0 5 48 1 155 1 389 1 83 1 58 1
569 0 5 49 1 354 1 499 1 291 1 390 1
570 0 5 50 1 108 1 18 1 242 1 381 1
571 0 5 51 1 350 1 255 1 332 1 256 1
572 0 5 52 1 417 1 31 1 23 1 120 1
573 0 5 53 1 201 1 185 1 29 1 258 1
574 0 5 54 1 419 1 416 1 57 1 144 1
575 0 5 55 1 174 1 284 1 459 1 91 1
576 0 5 56 1 303 1 339 1 249 1 383 1
577 0 5 57 1 251 1 427 1 54 1 118 1
578 0 5 58 1 439 1 48 1 402 1 169 1
579 0 5 59 1 305 1 336 1 274 1 85 1
580 0 5 60 1 335 1 202 1 431 1 450 1
581 0 5 61 1 341 1 204 1 423 1 231 1
582 0 5 62 1 285 1 365 1 407 1 495 1
583 0 5 63 1 456 1 206 1 402 1 188 1
584 0 5 64 1 433 1 282 1 108 1 164 1
585 0 5 65 1 247 1 68 1 445 1 92 1
586 0 5 66 1 330 1 273 1 143 1 156 1
587 0 5 67 1 131 1 82 1 138 1 215 1
588 0 5 68 1 445 1 247 1 65 1 34 1
589 0 5 69 1 475 1 228 1 93 1 157 1
590 0 5 70 1 348 1 409 1 364 1 15 1
591 0 5 71 1 133 1 209 1 278 1 88 1
592 0 5 72 1 232 1 268 1 87 1 480 1
593 0 5 73 1 395 1 289 1 418 1 279 1
594 0 5 74 1 203 1 323 1 385 1 153 1
595 0 5 75 1 264 1 310 1 412 1 76 1
596 0 5 76 1 301 1 149 1 473 1 264 1
597 0 5 77 1 59 1 305 1 268 1 151 1
598 0 5 78 1 487 1 357 1 476 1 180 1
599 0 5 79 1 441 1 369 1 433 1 488 1
600 0 5 80 1 145 1 77 1 261 1 151 1
601 0 5 81 1 47 1 328 1 304 1 270 1
602 0 5 82 1 131 1 352 1 67 1 138 1
603 0 5 83 1 188 1 389 1 352 1 48 1
604 0 5 84 1 397 1 134 1 4 1 29 1
605 0 5 85 1 252 1 336 1 274 1 132 1
606 0 5 86 1 387 1 402 1 15 1 396 1
607 0 5 87 1 480 1 308 1 1 1 268 1
608 0 5 88 1 190 1 278 1 286 1 463 1
609 0 5 89 1 379 1 314 1 363 1 405 1
610 0 5 90 1 307 1 96 1 423 1 61 1
611 0 5 91 1 329 1 55 1 52 1 159 1
612 0 5 92 1 65 1 262 1 247 1 170 1
613 0 5 93 1 228 1 200 1 374 1 475 1
614 0 5 94 1 220 1 122 1 401 1 295 1
615 0 5 95 1 412 1 37 1 118 1 16 1
616 0 5 96 1 455 1 231 1 181 1 307 1
617 0 5 97 1 51 1 265 1 123 1 350 1
618 0 5 98 1 219 1 171 1 130 1 196 1
619 0 5 99 1 271 1 409 1 17 1 306 1
620 0 5 100 1 10 1 415 1 314 1 367 1
621 0 5 101 1 214 1 107 1 285 1 392 1
622 0 5 102 1 396 1 15 1 86 1 478 1
623 0 5 103 1 27 1 272 1 35 1 308 1
624 0 5 104 1 193 1 213 1 362 1 440 1
625 0 5 105 1 141 1 205 1 302 1 425 1
626 0 5 106 1 430 1 496 1 272 1 424 1
627 0 5 107 1 113 1 115 1 293 1 392 1
628 0 5 108 1 242 1 367 1 64 1 403 1
629 0 5 109 1 187 1 365 1 98 1 194 1
630 0 5 110 1 211 1 148 1 241 1 165 1
631 0 5 111 1 162 1 418 1 237 1 500 1
632 0 5 112 1 380 1 142 1 320 1 414 1
633 0 5 113 1 45 1 241 1 485 1 368 1
634 0 5 114 1 436 1 216 1 378 1 155 1
635 0 5 115 1 113 1 107 1 409 1 453 1
636 0 5 116 1 191 1 178 1 224 1 327 1
637 0 5 117 1 429 1 267 1 243 1 309 1
638 0 5 118 1 16 1 310 1 251 1 412 1
639 0 5 119 1 190 1 122 1 427 1 286 1
640 0 5 120 1 214 1 250 1 146 1 52 1
641 0 5 121 1 11 1 32 1 178 1 13 1
642 0 5 122 1 119 1 94 1 190 1 401 1
643 0 5 123 1 423 1 265 1 61 1 90 1
644 0 5 124 1 458 1 23 1 249 1 494 1
645 0 5 125 1 318 1 333 1 301 1 133 1
646 0 5 126 1 197 1 343 1 267 1 19 1
647 0 5 127 1 129 1 342 1 256 1 358 1
648 0 5 128 1 40 1 226 1 252 1 92 1
649 0 5 129 1 406 1 255 1 375 1 256 1
650 0 5 130 1 196 1 329 1 171 1 385 1
651 0 5 131 1 215 1 67 1 82 1 240 1
652 0 5 132 1 128 1 226 1 40 1 85 1
653 0 5 133 1 254 1 278 1 434 1 318 1
654 0 5 134 1 259 1 317 1 4 1 431 1
655 0 5 135 1 415 1 5 1 180 1 380 1
656 0 5 136 1 334 1 388 1 420 1 281 1
657 0 5 137 1 496 1 179 1 85 1 368 1
658 0 5 138 1 67 1 82 1 131 1 215 1
659 0 5 139 1 37 1 469 1 186 1 333 1
660 0 5 140 1 229 1 208 1 322 1 303 1
661 0 5 141 1 105 1 205 1 302 1 216 1
662 0 5 142 1 404 1 414 1 135 1 5 1
663 0 5 143 1 192 1 360 1 313 1 401 1
664 0 5 144 1 360 1 401 1 143 1 192 1
665 0 5 145 1 393 1 261 1 384 1 151 1
666 0 5 146 1 250 1 171 1 120 1 329 1
667 0 5 147 1 473 1 434 1 44 1 301 1
668 0 5 148 1 110 1 458 1 211 1 399 1
669 0 5 149 1 75 1 473 1 76 1 434 1
670 0 5 150 1 413 1 437 1 186 1 481 1
671 0 5 151 1 355 1 296 1 268 1 232 1
672 0 5 152 1 293 1 107 1 409 1 115 1
673 0 5 153 1 467 1 12 1 311 1 298 1
674 0 5 154 1 337 1 377 1 461 1 312 1
675 0 5 155 1 216 1 114 1 436 1 83 1
676 0 5 156 1 273 1 48 1 330 1 231 1
677 0 5 157 1 200 1 73 1 199 1 338 1
678 0 5 158 1 134 1 175 1 29 1 317 1
679 0 5 159 1 91 1 55 1 408 1 197 1
680 0 5 160 1 2 1 151 1 232 1 326 1
681 0 5 161 1 500 1 237 1 395 1 346 1
682 0 5 162 1 111 1 73 1 440 1 150 1
683 0 5 163 1 411 1 175 1 280 1 328 1
684 0 5 164 1 277 1 357 1 282 1 64 1
685 0 5 165 1 300 1 364 1 241 1 234 1
686 0 5 166 1 366 1 199 1 275 1 467 1
687 0 5 167 1 278 1 427 1 254 1 463 1
688 0 5 168 1 81 1 189 1 47 1 328 1
689 0 5 169 1 495 1 439 1 392 1 58 1
690 0 5 170 1 92 1 262 1 247 1 265 1
691 0 5 171 1 146 1 250 1 219 1 98 1
692 0 5 172 1 326 1 2 1 376 1 498 1
693 0 5 173 1 349 1 486 1 46 1 217 1
694 0 5 174 1 31 1 225 1 4 1 492 1
695 0 5 175 1 163 1 411 1 468 1 185 1
696 0 5 176 1 428 1 447 1 358 1 245 1
697 0 5 177 1 405 1 346 1 386 1 233 1
698 0 5 178 1 32 1 191 1 121 1 116 1
699 0 5 179 1 85 1 226 1 223 1 137 1
700 0 5 180 1 100 1 135 1 359 1 476 1
701 0 5 181 1 394 1 455 1 136 1 307 1
702 0 5 182 1 207 1 493 1 376 1 498 1
703 0 5 183 1 187 1 3 1 240 1 347 1
704 0 5 184 1 493 1 471 1 29 1 158 1
705 0 5 185 1 163 1 280 1 258 1 328 1
706 0 5 186 1 469 1 437 1 139 1 413 1
707 0 5 187 1 109 1 194 1 347 1 183 1
708 0 5 188 1 206 1 389 1 83 1 63 1
709 0 5 189 1 168 1 263 1 280 1 81 1
710 0 5 190 1 119 1 88 1 122 1 427 1
711 0 5 191 1 178 1 6 1 224 1 116 1
712 0 5 192 1 313 1 344 1 281 1 420 1
713 0 5 193 1 489 1 104 1 443 1 479 1
714 0 5 194 1 443 1 187 1 3 1 479 1
715 0 5 195 1 227 1 270 1 361 1 81 1
716 0 5 196 1 130 1 385 1 309 1 246 1
717 0 5 197 1 408 1 159 1 91 1 55 1
718 0 5 198 1 212 1 351 1 464 1 432 1
719 0 5 199 1 275 1 338 1 366 1 157 1
720 0 5 200 1 316 1 157 1 93 1 475 1
721 0 5 201 1 258 1 202 1 185 1 335 1
722 0 5 202 1 488 1 235 1 14 1 258 1
723 0 5 203 1 74 1 153 1 331 1 12 1
724 0 5 204 1 222 1 341 1 231 1 456 1
725 0 5 205 1 109 1 230 1 474 1 208 1
726 0 5 206 1 63 1 341 1 456 1 188 1
727 0 5 207 1 498 1 182 1 376 1 446 1
728 0 5 208 1 474 1 246 1 140 1 205 1
729 0 5 209 1 71 1 230 1 479 1 489 1
730 0 5 210 1 391 1 75 1 310 1 149 1
731 0 5 211 1 364 1 165 1 241 1 110 1
732 0 5 212 1 198 1 464 1 432 1 411 1
733 0 5 213 1 462 1 440 1 221 1 287 1
734 0 5 214 1 120 1 250 1 410 1 458 1
735 0 5 215 1 240 1 131 1 352 1 82 1
736 0 5 216 1 114 1 155 1 141 1 105 1
737 0 5 217 1 173 1 337 1 312 1 421 1
738 0 5 218 1 372 1 268 1 400 1 497 1
739 0 5 219 1 171 1 98 1 130 1 285 1
740 0 5 220 1 401 1 94 1 436 1 54 1
741 0 5 221 1 292 1 213 1 230 1 287 1
742 0 5 222 1 26 1 204 1 306 1 409 1
743 0 5 223 1 179 1 115 1 409 1 271 1
744 0 5 224 1 116 1 13 1 154 1 178 1
745 0 5 225 1 25 1 466 1 55 1 174 1
746 0 5 226 1 137 1 252 1 85 1 38 1
747 0 5 227 1 361 1 195 1 235 1 168 1
748 0 5 228 1 93 1 69 1 475 1 22 1
749 0 5 229 1 208 1 140 1 474 1 303 1
750 0 5 230 1 221 1 292 1 302 1 362 1
751 0 5 231 1 96 1 455 1 181 1 341 1
752 0 5 232 1 151 1 355 1 268 1 296 1
753 0 5 233 1 347 1 177 1 462 1 183 1
754 0 5 234 1 269 1 494 1 300 1 458 1
755 0 5 235 1 14 1 361 1 81 1 168 1
756 0 5 236 1 484 1 454 1 424 1 38 1
757 0 5 237 1 395 1 161 1 418 1 73 1
758 0 5 238 1 452 1 416 1 420 1 281 1
759 0 5 239 1 236 1 368 1 484 1 257 1
760 0 5 240 1 3 1 215 1 183 1 347 1
761 0 5 241 1 165 1 234 1 300 1 269 1
762 0 5 242 1 50 1 367 1 108 1 403 1
763 0 5 243 1 197 1 267 1 117 1 10 1
764 0 5 244 1 370 1 31 1 485 1 80 1
765 0 5 245 1 97 1 123 1 51 1 447 1
766 0 5 246 1 74 1 196 1 130 1 12 1
767 0 5 247 1 68 1 262 1 92 1 170 1
768 0 5 248 1 271 1 265 1 26 1 435 1
769 0 5 249 1 56 1 339 1 383 1 23 1
770 0 5 250 1 120 1 146 1 214 1 171 1
771 0 5 251 1 118 1 57 1 427 1 16 1
772 0 5 252 1 132 1 128 1 85 1 226 1
773 0 5 253 1 302 1 230 1 105 1 425 1
774 0 5 254 1 167 1 278 1 318 1 463 1
775 0 5 255 1 123 1 265 1 334 1 97 1
776 0 5 256 1 127 1 129 1 342 1 332 1
777 0 5 257 1 20 1 274 1 336 1 484 1
778 0 5 258 1 202 1 185 1 280 1 335 1
779 0 5 259 1 431 1 134 1 317 1 451 1
780 0 5 260 1 290 1 381 1 422 1 459 1
781 0 5 261 1 393 1 145 1 77 1 268 1
782 0 5 262 1 170 1 40 1 34 1 445 1
783 0 5 263 1 451 1 47 1 343 1 270 1
784 0 5 264 1 76 1 301 1 75 1 149 1
785 0 5 265 1 435 1 248 1 255 1 334 1
786 0 5 266 1 267 1 243 1 108 1 422 1
787 0 5 267 1 243 1 197 1 290 1 266 1
788 0 5 268 1 218 1 372 1 151 1 355 1
789 0 5 269 1 494 1 234 1 124 1 101 1
790 0 5 270 1 343 1 263 1 189 1 168 1
791 0 5 271 1 17 1 223 1 179 1 409 1
792 0 5 272 1 497 1 372 1 218 1 400 1
793 0 5 273 1 231 1 156 1 48 1 330 1
794 0 5 274 1 257 1 336 1 20 1 35 1
795 0 5 275 1 217 1 166 1 173 1 467 1
796 0 5 276 1 353 1 213 1 287 1 221 1
797 0 5 277 1 357 1 164 1 282 1 460 1
798 0 5 278 1 167 1 463 1 254 1 88 1
799 0 5 279 1 374 1 289 1 457 1 395 1
800 0 5 280 1 185 1 450 1 189 1 163 1
801 0 5 281 1 420 1 416 1 452 1 238 1
802 0 5 282 1 64 1 460 1 164 1 277 1
803 0 5 283 1 410 1 21 1 244 1 458 1
804 0 5 284 1 55 1 299 1 4 1 174 1
805 0 5 285 1 62 1 407 1 101 1 495 1
806 0 5 286 1 210 1 297 1 119 1 88 1
807 0 5 287 1 276 1 353 1 221 1 213 1
808 0 5 288 1 5 1 415 1 363 1 349 1
809 0 5 289 1 73 1 279 1 457 1 395 1
810 0 5 290 1 381 1 422 1 267 1 108 1
811 0 5 291 1 468 1 390 1 4 1 354 1
812 0 5 292 1 43 1 221 1 230 1 287 1
813 0 5 293 1 107 1 152 1 409 1 453 1
814 0 5 294 1 327 1 18 1 460 1 224 1
815 0 5 295 1 297 1 88 1 190 1 286 1
816 0 5 296 1 398 1 110 1 355 1 211 1
817 0 5 297 1 286 1 210 1 88 1 391 1
818 0 5 298 1 287 1 467 1 153 1 366 1
819 0 5 299 1 284 1 451 1 343 1 189 1
820 0 5 300 1 234 1 124 1 458 1 165 1
821 0 5 301 1 125 1 37 1 333 1 318 1
822 0 5 302 1 425 1 230 1 105 1 209 1
823 0 5 303 1 140 1 229 1 208 1 322 1
824 0 5 304 1 483 1 47 1 235 1 189 1
825 0 5 305 1 274 1 368 1 239 1 236 1
826 0 5 306 1 99 1 409 1 453 1 271 1
827 0 5 307 1 444 1 66 1 181 1 273 1
828 0 5 308 1 103 1 480 1 268 1 372 1
829 0 5 309 1 323 1 196 1 385 1 329 1
830 0 5 310 1 16 1 95 1 412 1 118 1
831 0 5 311 1 298 1 12 1 331 1 246 1
832 0 5 312 1 461 1 421 1 486 1 13 1
833 0 5 313 1 344 1 192 1 330 1 144 1
834 0 5 314 1 266 1 10 1 363 1 89 1
835 0 5 315 1 112 1 380 1 320 1 11 1
836 0 5 316 1 457 1 374 1 418 1 73 1
837 0 5 317 1 450 1 134 1 259 1 431 1
838 0 5 318 1 133 1 254 1 333 1 278 1
839 0 5 319 1 338 1 337 1 414 1 395 1
840 0 5 320 1 414 1 377 1 142 1 112 1
841 0 5 321 1 340 1 174 1 466 1 376 1
842 0 5 322 1 140 1 303 1 339 1 208 1
843 0 5 323 1 203 1 309 1 117 1 385 1
844 0 5 324 1 53 1 29 1 493 1 471 1
845 0 5 325 1 1 1 87 1 207 1 472 1
846 0 5 326 1 397 1 376 1 2 1 382 1
847 0 5 327 1 294 1 6 1 460 1 380 1
848 0 5 328 1 304 1 280 1 163 1 189 1
849 0 5 329 1 429 1 52 1 250 1 171 1
850 0 5 330 1 156 1 273 1 48 1 155 1
851 0 5 331 1 153 1 89 1 12 1 311 1
852 0 5 332 1 255 1 375 1 256 1 127 1
853 0 5 333 1 345 1 318 1 125 1 133 1
854 0 5 334 1 388 1 465 1 136 1 482 1
855 0 5 335 1 60 1 202 1 431 1 450 1
856 0 5 336 1 85 1 274 1 257 1 20 1
857 0 5 337 1 319 1 414 1 13 1 338 1
858 0 5 338 1 157 1 199 1 319 1 200 1
859 0 5 339 1 383 1 249 1 56 1 23 1
860 0 5 340 1 321 1 466 1 477 1 376 1
861 0 5 341 1 63 1 204 1 456 1 222 1
862 0 5 342 1 358 1 256 1 65 1 92 1
863 0 5 343 1 263 1 299 1 270 1 451 1
864 0 5 344 1 389 1 83 1 352 1 54 1
865 0 5 345 1 139 1 37 1 193 1 254 1
866 0 5 346 1 177 1 386 1 405 1 161 1
867 0 5 347 1 233 1 183 1 240 1 3 1
868 0 5 348 1 396 1 15 1 102 1 409 1
869 0 5 349 1 288 1 46 1 386 1 89 1
870 0 5 350 1 332 1 256 1 51 1 255 1
871 0 5 351 1 1 1 325 1 39 1 207 1
872 0 5 352 1 83 1 188 1 416 1 238 1
873 0 5 353 1 213 1 500 1 177 1 346 1
874 0 5 354 1 49 1 390 1 499 1 291 1
875 0 5 355 1 296 1 398 1 110 1 268 1
876 0 5 356 1 399 1 148 1 397 1 417 1
877 0 5 357 1 78 1 277 1 164 1 180 1
878 0 5 358 1 342 1 435 1 92 1 65 1
879 0 5 359 1 180 1 460 1 380 1 476 1
880 0 5 360 1 143 1 192 1 144 1 401 1
881 0 5 361 1 227 1 235 1 168 1 270 1
882 0 5 362 1 104 1 442 1 221 1 43 1
883 0 5 363 1 314 1 415 1 379 1 89 1
884 0 5 364 1 241 1 234 1 348 1 70 1
885 0 5 365 1 62 1 495 1 383 1 98 1
886 0 5 366 1 199 1 166 1 275 1 467 1
887 0 5 367 1 403 1 19 1 30 1 243 1
888 0 5 368 1 236 1 239 1 484 1 424 1
889 0 5 369 1 79 1 488 1 441 1 50 1
890 0 5 370 1 244 1 80 1 25 1 31 1
891 0 5 371 1 490 1 44 1 489 1 443 1
892 0 5 372 1 261 1 268 1 480 1 87 1
893 0 5 373 1 379 1 89 1 331 1 363 1
894 0 5 374 1 481 1 150 1 437 1 316 1
895 0 5 375 1 332 1 406 1 129 1 255 1
896 0 5 376 1 448 1 397 1 326 1 84 1
897 0 5 377 1 13 1 315 1 154 1 320 1
898 0 5 378 1 41 1 82 1 419 1 443 1
899 0 5 379 1 89 1 363 1 314 1 46 1
900 0 5 380 1 460 1 404 1 112 1 359 1
901 0 5 381 1 422 1 266 1 108 1 203 1
902 0 5 382 1 55 1 397 1 356 1 259 1
903 0 5 383 1 407 1 365 1 101 1 249 1
904 0 5 384 1 1 1 145 1 376 1 326 1
905 0 5 385 1 309 1 323 1 196 1 246 1
906 0 5 386 1 349 1 288 1 89 1 173 1
907 0 5 387 1 86 1 478 1 402 1 396 1
908 0 5 388 1 465 1 334 1 136 1 63 1
909 0 5 389 1 188 1 58 1 83 1 420 1
910 0 5 390 1 354 1 291 1 49 1 4 1
911 0 5 391 1 75 1 149 1 210 1 434 1
912 0 5 392 1 152 1 101 1 409 1 293 1
913 0 5 393 1 1 1 308 1 480 1 325 1
914 0 5 394 1 136 1 420 1 281 1 389 1
915 0 5 395 1 237 1 418 1 73 1 161 1
916 0 5 396 1 15 1 478 1 86 1 102 1
917 0 5 397 1 492 1 55 1 174 1 84 1
918 0 5 398 1 424 1 296 1 272 1 45 1
919 0 5 399 1 7 1 417 1 33 1 23 1
920 0 5 400 1 261 1 372 1 145 1 480 1
921 0 5 401 1 144 1 220 1 360 1 94 1
922 0 5 402 1 58 1 204 1 152 1 439 1
923 0 5 403 1 19 1 242 1 30 1 108 1
924 0 5 404 1 142 1 180 1 135 1 414 1
925 0 5 405 1 386 1 177 1 346 1 89 1
926 0 5 406 1 375 1 129 1 255 1 256 1
927 0 5 407 1 285 1 365 1 383 1 101 1
928 0 5 408 1 159 1 55 1 197 1 284 1
929 0 5 409 1 453 1 222 1 115 1 152 1
930 0 5 410 1 24 1 28 1 485 1 244 1
931 0 5 411 1 432 1 464 1 212 1 163 1
932 0 5 412 1 95 1 37 1 118 1 310 1
933 0 5 413 1 186 1 162 1 469 1 440 1
934 0 5 414 1 320 1 337 1 142 1 319 1
935 0 5 415 1 288 1 5 1 363 1 135 1
936 0 5 416 1 238 1 452 1 83 1 344 1
937 0 5 417 1 52 1 23 1 21 1 31 1
938 0 5 418 1 111 1 162 1 237 1 73 1
939 0 5 419 1 54 1 352 1 463 1 378 1
940 0 5 420 1 281 1 452 1 238 1 416 1
941 0 5 421 1 486 1 438 1 312 1 46 1
942 0 5 422 1 381 1 266 1 203 1 267 1
943 0 5 423 1 61 1 90 1 96 1 231 1
944 0 5 424 1 38 1 484 1 496 1 398 1
945 0 5 425 1 71 1 209 1 302 1 105 1
946 0 5 426 1 459 1 33 1 74 1 7 1
947 0 5 427 1 57 1 251 1 88 1 118 1
948 0 5 428 1 447 1 245 1 123 1 51 1
949 0 5 429 1 146 1 159 1 171 1 197 1
950 0 5 430 1 400 1 272 1 218 1 497 1
951 0 5 431 1 451 1 259 1 317 1 299 1
952 0 5 432 1 464 1 468 1 198 1 212 1
953 0 5 433 1 164 1 64 1 277 1 79 1
954 0 5 434 1 147 1 44 1 125 1 149 1
955 0 5 435 1 248 1 97 1 265 1 92 1
956 0 5 436 1 220 1 94 1 378 1 41 1
957 0 5 437 1 413 1 440 1 481 1 374 1
958 0 5 438 1 18 1 13 1 461 1 294 1
959 0 5 439 1 169 1 402 1 392 1 58 1
960 0 5 440 1 437 1 462 1 213 1 442 1
961 0 5 441 1 79 1 6 1 50 1 369 1
962 0 5 442 1 362 1 69 1 43 1 213 1
963 0 5 443 1 479 1 194 1 3 1 82 1
964 0 5 444 1 66 1 273 1 307 1 156 1
965 0 5 445 1 34 1 170 1 68 1 262 1
966 0 5 446 1 184 1 493 1 448 1 29 1
967 0 5 447 1 245 1 428 1 123 1 248 1
968 0 5 448 1 84 1 390 1 376 1 354 1
969 0 5 449 1 160 1 232 1 2 1 268 1
970 0 5 450 1 317 1 280 1 431 1 185 1
971 0 5 451 1 299 1 189 1 4 1 431 1
972 0 5 452 1 238 1 416 1 83 1 394 1
973 0 5 453 1 115 1 424 1 409 1 293 1
974 0 5 454 1 70 1 409 1 348 1 38 1
975 0 5 455 1 181 1 394 1 136 1 231 1
976 0 5 456 1 341 1 63 1 402 1 206 1
977 0 5 457 1 279 1 289 1 316 1 73 1
978 0 5 458 1 21 1 283 1 410 1 124 1
979 0 5 459 1 260 1 33 1 426 1 126 1
980 0 5 460 1 282 1 164 1 327 1 277 1
981 0 5 461 1 312 1 421 1 486 1 438 1
982 0 5 462 1 233 1 183 1 347 1 193 1
983 0 5 463 1 41 1 54 1 419 1 378 1
984 0 5 464 1 198 1 212 1 432 1 411 1
985 0 5 465 1 8 1 482 1 136 1 334 1
986 0 5 466 1 382 1 356 1 397 1 84 1
987 0 5 467 1 166 1 366 1 173 1 275 1
988 0 5 468 1 291 1 432 1 411 1 175 1
989 0 5 469 1 333 1 440 1 139 1 162 1
990 0 5 470 1 369 1 50 1 242 1 79 1
991 0 5 471 1 201 1 53 1 29 1 158 1
992 0 5 472 1 172 1 449 1 2 1 232 1
993 0 5 473 1 147 1 149 1 76 1 264 1
994 0 5 474 1 246 1 205 1 208 1 322 1
995 0 5 475 1 93 1 442 1 157 1 200 1
996 0 5 476 1 359 1 487 1 180 1 357 1
997 0 5 477 1 432 1 175 1 411 1 340 1
998 0 5 478 1 387 1 222 1 15 1 396 1
999 0 5 479 1 3 1 443 1 194 1 209 1
1000 0 5 480 1 308 1 1 1 87 1 393 1
1001 0 5 481 1 150 1 437 1 413 1 374 1
1002 0 5 482 1 34 1 8 1 465 1 334 1
1003 0 5 483 1 328 1 175 1 304 1 47 1
1004 0 5 484 1 454 1 38 1 398 1 424 1
1005 0 5 485 1 244 1 80 1 45 1 24 1
1006 0 5 486 1 46 1 421 1 438 1 312 1
1007 0 5 487 1 476 1 78 1 359 1 357 1
1008 0 5 488 1 14 1 30 1 501 1 79 1
1009 0 5 489 1 193 1 490 1 440 1 22 1
1010 0 5 490 1 489 1 371 1 22 1 44 1
1011 0 5 491 1 39 1 207 1 446 1 182 1
1012 0 5 492 1 499 1 31 1 21 1 174 1
1013 0 5 493 1 29 1 471 1 468 1 158 1
1014 0 5 494 1 124 1 269 1 249 1 339 1
1015 0 5 495 1 392 1 169 1 101 1 439 1
1016 0 5 496 1 106 1 430 1 272 1 424 1
1017 0 5 497 1 218 1 272 1 372 1 268 1
1018 0 5 498 1 376 1 446 1 448 1 207 1
1019 0 5 499 1 384 1 354 1 49 1 390 1
1020 0 5 500 1 161 1 346 1 177 1 437 1
1021 0 5 501 1 30 1 195 1 14 1 361 1
1022 0 5 502 0 520 1 519 1 518 1 517 1
1023 0 5 503 0 520 1 519 1 518 1 517 1
1024 0 5 504 0 520 1 519 1 518 1 517 1
1025 0 5 505 0 520 1 519 1 518 1 517 1
1026 0 5 506 0 520 1 519 1 518 1 517 1
1027 0 5 507 0 520 1 519 1 518 1 517 1
1028 0 5 508 0 520 1 519 1 518 1 517 1
1029 0 5 509 0 520 1 519 1 518 1 517 1
1030 0 5 510 0 520 1 519 1 518 1 517 1
1031 0 5 511 0 520 1 519 1 518 1 517 1
1032 0 5 512 0 520 1 519 1 518 1 517 1
1033 0 5 513 0 520 1 519 1 518 1 517 1
1034 0 5 514 0 520 1 519 1 518 1 517 1
1035 0 5 515 0 520 1 519 1 518 1 517 1
1036 0 5 516 0 520 1 519 1 518 1 517 1
1037 0 5 517 0 520 1 519 1 518 1 517 1
1038 0 5 518 0 520 1 519 1 518 1 517 1
1039 0 5 519 0 520 1 519 1 518 1 517 1
1040 0 5 520 0 520 1 519 1 518 1 517 1
-1
EOF
