1040
1 0 5 521 0 1040 1 1039 1 1038 1 1037 1
2 0 5 522 1 980 1 1001 1 611 1 923 1
3 0 5 523 1 525 1 854 1 726 1 713 1
4 0 5 524 1 1005 1 863 1 832 1 743 1
5 0 5 525 1 999 1 601 1 882 1 523 1
6 0 5 526 1 777 1 709 1 623 1 551 1
7 0 5 527 1 833 1 969 1 788 1 708 1
8 0 5 528 1 868 1 627 1 595 1 723 1
9 0 5 529 1 948 1 809 1 746 1 760 1
10 0 5 530 1 806 1 955 1 954 1 712 1
11 0 5 531 1 960 1 847 1 672 1 680 1
12 0 5 532 1 818 1 977 1 547 1 946 1
13 0 5 533 1 755 1 896 1 583 1 973 1
14 0 5 534 1 732 1 790 1 582 1 680 1
15 0 5 535 1 522 1 961 1 955 1 940 1
16 0 5 536 1 736 1 843 1 953 1 683 1
17 0 5 537 1 665 1 595 1 593 1 900 1
18 0 5 538 1 871 1 632 1 674 1 800 1
19 0 5 539 1 645 1 945 1 573 1 680 1
20 0 5 540 1 983 1 1008 1 568 1 621 1
21 0 5 541 1 538 1 632 1 871 1 844 1
22 0 5 542 1 561 1 788 1 875 1 838 1
23 0 5 543 1 977 1 547 1 1014 1 872 1
24 0 5 544 1 704 1 842 1 1011 1 828 1
25 0 5 545 1 933 1 645 1 1020 1 587 1
26 0 5 546 1 679 1 656 1 921 1 583 1
27 0 5 547 1 977 1 690 1 543 1 872 1
28 0 5 548 1 852 1 635 1 606 1 827 1
29 0 5 549 1 911 1 971 1 611 1 825 1
30 0 5 550 1 854 1 713 1 523 1 832 1
31 0 5 551 1 599 1 552 1 772 1 526 1
32 0 5 552 1 939 1 858 1 829 1 973 1
33 0 5 553 1 845 1 658 1 884 1 847 1
34 0 5 554 1 711 1 583 1 896 1 543 1
35 0 5 555 1 906 1 642 1 900 1 595 1
36 0 5 556 1 919 1 959 1 639 1 758 1
37 0 5 557 1 560 1 807 1 724 1 793 1
38 0 5 558 1 580 1 578 1 987 1 606 1
39 0 5 559 1 794 1 893 1 952 1 857 1
40 0 5 560 1 724 1 793 1 618 1 831 1
41 0 5 561 1 838 1 542 1 737 1 959 1
42 0 5 562 1 695 1 850 1 841 1 970 1
43 0 5 563 1 810 1 836 1 731 1 912 1
44 0 5 564 1 902 1 640 1 908 1 771 1
45 0 5 565 1 662 1 938 1 1000 1 975 1
46 0 5 566 1 1009 1 934 1 1004 1 793 1
47 0 5 567 1 529 1 746 1 747 1 643 1
48 0 5 568 1 742 1 666 1 721 1 540 1
49 0 5 569 1 897 1 947 1 915 1 550 1
50 0 5 570 1 694 1 655 1 651 1 985 1
51 0 5 571 1 696 1 855 1 865 1 612 1
52 0 5 572 1 685 1 693 1 932 1 989 1
53 0 5 573 1 680 1 864 1 539 1 945 1
54 0 5 574 1 616 1 660 1 810 1 759 1
55 0 5 575 1 817 1 904 1 788 1 542 1
56 0 5 576 1 661 1 605 1 584 1 699 1
57 0 5 577 1 997 1 787 1 716 1 598 1
58 0 5 578 1 856 1 771 1 908 1 762 1
59 0 5 579 1 674 1 871 1 814 1 800 1
60 0 5 580 1 558 1 987 1 578 1 853 1
61 0 5 581 1 800 1 695 1 562 1 850 1
62 0 5 582 1 534 1 972 1 732 1 898 1
63 0 5 583 1 711 1 533 1 896 1 654 1
64 0 5 584 1 661 1 699 1 915 1 799 1
65 0 5 585 1 816 1 898 1 731 1 545 1
66 0 5 586 1 1012 1 596 1 703 1 980 1
67 0 5 587 1 782 1 768 1 826 1 849 1
68 0 5 588 1 994 1 794 1 857 1 840 1
69 0 5 589 1 796 1 992 1 889 1 981 1
70 0 5 590 1 946 1 872 1 798 1 1014 1
71 0 5 591 1 848 1 651 1 738 1 902 1
72 0 5 592 1 765 1 622 1 975 1 940 1
73 0 5 593 1 883 1 978 1 537 1 860 1
74 0 5 594 1 646 1 521 1 980 1 789 1
75 0 5 595 1 860 1 537 1 723 1 900 1
76 0 5 596 1 1016 1 703 1 942 1 893 1
77 0 5 597 1 832 1 550 1 947 1 743 1
78 0 5 598 1 988 1 577 1 735 1 865 1
79 0 5 599 1 575 1 817 1 862 1 533 1
80 0 5 600 1 879 1 819 1 814 1 1019 1
81 0 5 601 1 576 1 960 1 531 1 882 1
82 0 5 602 1 725 1 920 1 799 1 628 1
83 0 5 603 1 617 1 989 1 807 1 682 1
84 0 5 604 1 609 1 626 1 765 1 1019 1
85 0 5 605 1 601 1 628 1 960 1 661 1
86 0 5 606 1 852 1 965 1 781 1 668 1
87 0 5 607 1 981 1 894 1 664 1 878 1
88 0 5 608 1 1002 1 738 1 635 1 730 1
89 0 5 609 1 722 1 604 1 666 1 728 1
90 0 5 610 1 925 1 878 1 691 1 962 1
91 0 5 611 1 911 1 522 1 980 1 971 1
92 0 5 612 1 696 1 753 1 694 1 651 1
93 0 5 613 1 521 1 802 1 689 1 917 1
94 0 5 614 1 659 1 829 1 916 1 870 1
95 0 5 615 1 967 1 660 1 634 1 607 1
96 0 5 616 1 660 1 868 1 528 1 810 1
97 0 5 617 1 831 1 618 1 560 1 603 1
98 0 5 618 1 625 1 793 1 617 1 682 1
99 0 5 619 1 653 1 731 1 861 1 889 1
100 0 5 620 1 637 1 913 1 797 1 869 1
101 0 5 621 1 721 1 1008 1 675 1 1017 1
102 0 5 622 1 649 1 676 1 1021 1 765 1
103 0 5 623 1 941 1 843 1 953 1 801 1
104 0 5 624 1 825 1 860 1 971 1 595 1
105 0 5 625 1 682 1 566 1 1009 1 793 1
106 0 5 626 1 1019 1 714 1 650 1 604 1
107 0 5 627 1 900 1 555 1 528 1 595 1
108 0 5 628 1 725 1 998 1 790 1 576 1
109 0 5 629 1 824 1 688 1 758 1 745 1
110 0 5 630 1 521 1 851 1 823 1 789 1
111 0 5 631 1 1013 1 966 1 598 1 577 1
112 0 5 632 1 674 1 594 1 871 1 646 1
113 0 5 633 1 644 1 827 1 881 1 965 1
114 0 5 634 1 615 1 806 1 530 1 664 1
115 0 5 635 1 1002 1 730 1 644 1 633 1
116 0 5 636 1 909 1 937 1 786 1 770 1
117 0 5 637 1 620 1 913 1 797 1 805 1
118 0 5 638 1 709 1 905 1 755 1 684 1
119 0 5 639 1 681 1 785 1 904 1 556 1
120 0 5 640 1 564 1 762 1 902 1 771 1
121 0 5 641 1 952 1 559 1 986 1 802 1
122 0 5 642 1 631 1 723 1 537 1 966 1
123 0 5 643 1 567 1 948 1 529 1 809 1
124 0 5 644 1 741 1 723 1 881 1 876 1
125 0 5 645 1 826 1 539 1 793 1 933 1
126 0 5 646 1 594 1 521 1 667 1 980 1
127 0 5 647 1 769 1 878 1 894 1 715 1
128 0 5 648 1 910 1 975 1 968 1 974 1
129 0 5 649 1 676 1 1021 1 568 1 765 1
130 0 5 650 1 714 1 626 1 931 1 1017 1
131 0 5 651 1 890 1 612 1 694 1 591 1
132 0 5 652 1 922 1 684 1 764 1 801 1
133 0 5 653 1 861 1 992 1 889 1 619 1
134 0 5 654 1 546 1 679 1 921 1 656 1
135 0 5 655 1 570 1 985 1 805 1 694 1
136 0 5 656 1 679 1 921 1 684 1 880 1
137 0 5 657 1 677 1 730 1 773 1 612 1
138 0 5 658 1 845 1 847 1 924 1 863 1
139 0 5 659 1 846 1 792 1 964 1 870 1
140 0 5 660 1 912 1 563 1 810 1 615 1
141 0 5 661 1 605 1 576 1 960 1 799 1
142 0 5 662 1 565 1 822 1 938 1 1000 1
143 0 5 663 1 947 1 601 1 915 1 743 1
144 0 5 664 1 958 1 522 1 955 1 981 1
145 0 5 665 1 716 1 900 1 883 1 537 1
146 0 5 666 1 935 1 721 1 722 1 765 1
147 0 5 667 1 646 1 1010 1 879 1 995 1
148 0 5 668 1 608 1 1002 1 908 1 987 1
149 0 5 669 1 559 1 1011 1 729 1 952 1
150 0 5 670 1 692 1 972 1 963 1 582 1
151 0 5 671 1 545 1 717 1 933 1 849 1
152 0 5 672 1 573 1 945 1 847 1 531 1
153 0 5 673 1 616 1 868 1 842 1 528 1
154 0 5 674 1 600 1 871 1 579 1 632 1
155 0 5 675 1 1017 1 678 1 621 1 650 1
156 0 5 676 1 1021 1 568 1 649 1 1015 1
157 0 5 677 1 773 1 657 1 987 1 612 1
158 0 5 678 1 675 1 1017 1 650 1 721 1
159 0 5 679 1 921 1 970 1 656 1 654 1
160 0 5 680 1 864 1 790 1 991 1 573 1
161 0 5 681 1 959 1 556 1 639 1 785 1
162 0 5 682 1 807 1 618 1 603 1 625 1
163 0 5 683 1 705 1 953 1 736 1 536 1
164 0 5 684 1 656 1 921 1 818 1 654 1
165 0 5 685 1 693 1 932 1 924 1 686 1
166 0 5 686 1 884 1 924 1 831 1 845 1
167 0 5 687 1 718 1 691 1 610 1 929 1
168 0 5 688 1 708 1 629 1 797 1 838 1
169 0 5 689 1 917 1 802 1 521 1 613 1
170 0 5 690 1 977 1 546 1 547 1 543 1
171 0 5 691 1 929 1 859 1 878 1 610 1
172 0 5 692 1 963 1 582 1 972 1 751 1
173 0 5 693 1 932 1 989 1 685 1 734 1
174 0 5 694 1 651 1 655 1 570 1 753 1
175 0 5 695 1 850 1 877 1 562 1 970 1
176 0 5 696 1 855 1 571 1 612 1 753 1
177 0 5 697 1 532 1 918 1 818 1 977 1
178 0 5 698 1 521 1 819 1 851 1 761 1
179 0 5 699 1 799 1 584 1 628 1 576 1
180 0 5 700 1 938 1 929 1 718 1 769 1
181 0 5 701 1 966 1 642 1 792 1 906 1
182 0 5 702 1 581 1 579 1 754 1 871 1
183 0 5 703 1 961 1 980 1 535 1 1016 1
184 0 5 704 1 939 1 627 1 528 1 868 1
185 0 5 705 1 953 1 683 1 707 1 918 1
186 0 5 706 1 982 1 680 1 534 1 991 1
187 0 5 707 1 918 1 818 1 697 1 953 1
188 0 5 708 1 875 1 838 1 969 1 688 1
189 0 5 709 1 755 1 638 1 533 1 905 1
190 0 5 710 1 984 1 950 1 955 1 1010 1
191 0 5 711 1 554 1 583 1 543 1 896 1
192 0 5 712 1 775 1 954 1 795 1 530 1
193 0 5 713 1 726 1 550 1 523 1 854 1
194 0 5 714 1 626 1 1019 1 667 1 650 1
195 0 5 715 1 894 1 647 1 836 1 889 1
196 0 5 716 1 735 1 808 1 665 1 740 1
197 0 5 717 1 671 1 849 1 827 1 587 1
198 0 5 718 1 700 1 687 1 691 1 929 1
199 0 5 719 1 867 1 836 1 1001 1 589 1
200 0 5 720 1 767 1 926 1 766 1 570 1
201 0 5 721 1 678 1 675 1 621 1 722 1
202 0 5 722 1 728 1 666 1 721 1 609 1
203 0 5 723 1 741 1 883 1 906 1 595 1
204 0 5 724 1 945 1 793 1 847 1 672 1
205 0 5 725 1 602 1 628 1 920 1 799 1
206 0 5 726 1 713 1 523 1 550 1 524 1
207 0 5 727 1 899 1 837 1 908 1 781 1
208 0 5 728 1 609 1 678 1 765 1 1017 1
209 0 5 729 1 1011 1 942 1 544 1 596 1
210 0 5 730 1 668 1 635 1 612 1 820 1
211 0 5 731 1 1020 1 889 1 619 1 861 1
212 0 5 732 1 830 1 991 1 790 1 534 1
213 0 5 733 1 812 1 928 1 933 1 793 1
214 0 5 734 1 603 1 989 1 617 1 727 1
215 0 5 735 1 716 1 808 1 966 1 740 1
216 0 5 736 1 683 1 536 1 705 1 843 1
217 0 5 737 1 988 1 838 1 688 1 577 1
218 0 5 738 1 895 1 837 1 591 1 899 1
219 0 5 739 1 653 1 861 1 619 1 680 1
220 0 5 740 1 820 1 808 1 735 1 949 1
221 0 5 741 1 876 1 723 1 756 1 644 1
222 0 5 742 1 540 1 1008 1 568 1 983 1
223 0 5 743 1 832 1 524 1 597 1 779 1
224 0 5 744 1 521 1 851 1 911 1 923 1
225 0 5 745 1 629 1 824 1 797 1 913 1
226 0 5 746 1 567 1 529 1 903 1 747 1
227 0 5 747 1 903 1 746 1 990 1 567 1
228 0 5 748 1 775 1 1006 1 931 1 667 1
229 0 5 749 1 792 1 964 1 957 1 846 1
230 0 5 750 1 754 1 702 1 622 1 814 1
231 0 5 751 1 663 1 943 1 915 1 947 1
232 0 5 752 1 545 1 671 1 991 1 982 1
233 0 5 753 1 655 1 951 1 979 1 903 1
234 0 5 754 1 702 1 750 1 814 1 800 1
235 0 5 755 1 654 1 921 1 905 1 970 1
236 0 5 756 1 876 1 860 1 741 1 723 1
237 0 5 757 1 813 1 846 1 957 1 964 1
238 0 5 758 1 629 1 688 1 919 1 875 1
239 0 5 759 1 574 1 660 1 616 1 892 1
240 0 5 760 1 753 1 805 1 869 1 927 1
241 0 5 761 1 819 1 689 1 917 1 698 1
242 0 5 762 1 640 1 771 1 564 1 902 1
243 0 5 763 1 865 1 735 1 988 1 571 1
244 0 5 764 1 652 1 684 1 922 1 638 1
245 0 5 765 1 676 1 714 1 666 1 568 1
246 0 5 766 1 720 1 926 1 767 1 888 1
247 0 5 767 1 926 1 720 1 869 1 805 1
248 0 5 768 1 587 1 826 1 545 1 1020 1
249 0 5 769 1 795 1 954 1 712 1 981 1
250 0 5 770 1 885 1 639 1 786 1 937 1
251 0 5 771 1 762 1 578 1 908 1 591 1
252 0 5 772 1 599 1 862 1 551 1 623 1
253 0 5 773 1 677 1 612 1 657 1 987 1
254 0 5 774 1 823 1 893 1 596 1 586 1
255 0 5 775 1 1006 1 748 1 712 1 954 1
256 0 5 776 1 912 1 971 1 961 1 942 1
257 0 5 777 1 764 1 526 1 652 1 801 1
258 0 5 778 1 925 1 582 1 898 1 610 1
259 0 5 779 1 597 1 897 1 726 1 743 1
260 0 5 780 1 978 1 808 1 740 1 735 1
261 0 5 781 1 727 1 928 1 812 1 1009 1
262 0 5 782 1 587 1 849 1 644 1 826 1
263 0 5 783 1 1007 1 637 1 620 1 913 1
264 0 5 784 1 891 1 938 1 610 1 718 1
265 0 5 785 1 976 1 599 1 639 1 885 1
266 0 5 786 1 770 1 909 1 636 1 639 1
267 0 5 787 1 821 1 788 1 577 1 561 1
268 0 5 788 1 527 1 561 1 838 1 787 1
269 0 5 789 1 521 1 630 1 823 1 744 1
270 0 5 790 1 830 1 998 1 628 1 534 1
271 0 5 791 1 945 1 658 1 732 1 991 1
272 0 5 792 1 964 1 966 1 957 1 701 1
273 0 5 793 1 618 1 625 1 566 1 724 1
274 0 5 794 1 802 1 641 1 857 1 893 1
275 0 5 795 1 954 1 712 1 530 1 769 1
276 0 5 796 1 611 1 971 1 589 1 981 1
277 0 5 797 1 745 1 913 1 620 1 688 1
278 0 5 798 1 590 1 937 1 946 1 1014 1
279 0 5 799 1 602 1 699 1 584 1 628 1
280 0 5 800 1 814 1 579 1 761 1 674 1
281 0 5 801 1 623 1 922 1 843 1 953 1
282 0 5 802 1 613 1 521 1 689 1 917 1
283 0 5 803 1 976 1 821 1 787 1 785 1
284 0 5 804 1 944 1 962 1 582 1 972 1
285 0 5 805 1 985 1 571 1 696 1 855 1
286 0 5 806 1 634 1 530 1 955 1 859 1
287 0 5 807 1 557 1 566 1 560 1 793 1
288 0 5 808 1 780 1 735 1 978 1 740 1
289 0 5 809 1 1007 1 948 1 760 1 869 1
290 0 5 810 1 731 1 836 1 768 1 1020 1
291 0 5 811 1 914 1 824 1 590 1 959 1
292 0 5 812 1 928 1 733 1 781 1 1009 1
293 0 5 813 1 643 1 783 1 1007 1 757 1
294 0 5 814 1 579 1 800 1 674 1 819 1
295 0 5 815 1 740 1 890 1 949 1 855 1
296 0 5 816 1 717 1 768 1 545 1 587 1
297 0 5 817 1 575 1 904 1 639 1 788 1
298 0 5 818 1 690 1 918 1 684 1 922 1
299 0 5 819 1 698 1 761 1 841 1 814 1
300 0 5 820 1 635 1 633 1 749 1 701 1
301 0 5 821 1 973 1 787 1 588 1 874 1
302 0 5 822 1 662 1 621 1 1008 1 565 1
303 0 5 823 1 893 1 851 1 521 1 559 1
304 0 5 824 1 811 1 919 1 914 1 959 1
305 0 5 825 1 549 1 971 1 860 1 624 1
306 0 5 826 1 645 1 619 1 933 1 782 1
307 0 5 827 1 633 1 644 1 965 1 548 1
308 0 5 828 1 704 1 552 1 842 1 624 1
309 0 5 829 1 858 1 904 1 803 1 552 1
310 0 5 830 1 790 1 963 1 751 1 732 1
311 0 5 831 1 924 1 617 1 560 1 686 1
312 0 5 832 1 743 1 524 1 726 1 999 1
313 0 5 833 1 969 1 527 1 708 1 788 1
314 0 5 834 1 901 1 562 1 581 1 841 1
315 0 5 835 1 766 1 979 1 951 1 570 1
316 0 5 836 1 589 1 889 1 719 1 894 1
317 0 5 837 1 899 1 738 1 934 1 682 1
318 0 5 838 1 737 1 708 1 788 1 561 1
319 0 5 839 1 551 1 986 1 952 1 559 1
320 0 5 840 1 588 1 994 1 857 1 624 1
321 0 5 841 1 562 1 917 1 689 1 695 1
322 0 5 842 1 673 1 624 1 528 1 868 1
323 0 5 843 1 536 1 736 1 953 1 941 1
324 0 5 844 1 581 1 841 1 689 1 562 1
325 0 5 845 1 847 1 557 1 658 1 560 1
326 0 5 846 1 757 1 957 1 964 1 792 1
327 0 5 847 1 672 1 845 1 531 1 573 1
328 0 5 848 1 895 1 651 1 890 1 902 1
329 0 5 849 1 965 1 827 1 671 1 548 1
330 0 5 850 1 970 1 638 1 905 1 562 1
331 0 5 851 1 521 1 823 1 641 1 789 1
332 0 5 852 1 606 1 853 1 558 1 580 1
333 0 5 853 1 657 1 677 1 773 1 668 1
334 0 5 854 1 523 1 525 1 713 1 947 1
335 0 5 855 1 949 1 815 1 571 1 985 1
336 0 5 856 1 987 1 578 1 930 1 771 1
337 0 5 857 1 994 1 552 1 794 1 1018 1
338 0 5 858 1 803 1 821 1 939 1 599 1
339 0 5 859 1 954 1 795 1 691 1 530 1
340 0 5 860 1 624 1 756 1 593 1 825 1
341 0 5 861 1 889 1 715 1 992 1 731 1
342 0 5 862 1 885 1 936 1 639 1 599 1
343 0 5 863 1 1005 1 884 1 524 1 999 1
344 0 5 864 1 739 1 619 1 653 1 573 1
345 0 5 865 1 763 1 571 1 735 1 855 1
346 0 5 866 1 594 1 646 1 592 1 596 1
347 0 5 867 1 719 1 796 1 611 1 1001 1
348 0 5 868 1 627 1 528 1 595 1 723 1
349 0 5 869 1 805 1 760 1 948 1 767 1
350 0 5 870 1 829 1 659 1 939 1 900 1
351 0 5 871 1 632 1 538 1 674 1 579 1
352 0 5 872 1 547 1 543 1 1014 1 690 1
353 0 5 873 1 752 1 671 1 545 1 982 1
354 0 5 874 1 588 1 973 1 857 1 994 1
355 0 5 875 1 542 1 708 1 561 1 838 1
356 0 5 876 1 756 1 741 1 644 1 860 1
357 0 5 877 1 777 1 652 1 526 1 801 1
358 0 5 878 1 859 1 691 1 769 1 647 1
359 0 5 879 1 521 1 789 1 851 1 823 1
360 0 5 880 1 761 1 921 1 654 1 905 1
361 0 5 881 1 820 1 633 1 723 1 876 1
362 0 5 882 1 531 1 601 1 999 1 523 1
363 0 5 883 1 593 1 723 1 978 1 900 1
364 0 5 884 1 553 1 658 1 845 1 557 1
365 0 5 885 1 862 1 785 1 639 1 770 1
366 0 5 886 1 636 1 909 1 786 1 817 1
367 0 5 887 1 973 1 874 1 857 1 994 1
368 0 5 888 1 835 1 979 1 903 1 766 1
369 0 5 889 1 992 1 836 1 861 1 589 1
370 0 5 890 1 694 1 848 1 612 1 730 1
371 0 5 891 1 718 1 687 1 610 1 799 1
372 0 5 892 1 759 1 574 1 660 1 616 1
373 0 5 893 1 596 1 729 1 559 1 942 1
374 0 5 894 1 647 1 715 1 981 1 836 1
375 0 5 895 1 934 1 848 1 730 1 899 1
376 0 5 896 1 887 1 583 1 711 1 554 1
377 0 5 897 1 779 1 597 1 569 1 947 1
378 0 5 898 1 706 1 534 1 582 1 967 1
379 0 5 899 1 837 1 682 1 738 1 934 1
380 0 5 900 1 555 1 883 1 665 1 595 1
381 0 5 901 1 695 1 581 1 562 1 905 1
382 0 5 902 1 591 1 908 1 651 1 848 1
383 0 5 903 1 951 1 746 1 888 1 747 1
384 0 5 904 1 788 1 681 1 542 1 527 1
385 0 5 905 1 638 1 970 1 526 1 709 1
386 0 5 906 1 642 1 555 1 701 1 723 1
387 0 5 907 1 806 1 530 1 634 1 955 1
388 0 5 908 1 771 1 578 1 591 1 762 1
389 0 5 909 1 786 1 636 1 937 1 770 1
390 0 5 910 1 742 1 983 1 648 1 974 1
391 0 5 911 1 630 1 744 1 851 1 549 1
392 0 5 912 1 563 1 810 1 615 1 867 1
393 0 5 913 1 797 1 620 1 783 1 637 1
394 0 5 914 1 798 1 811 1 590 1 824 1
395 0 5 915 1 569 1 943 1 584 1 947 1
396 0 5 916 1 614 1 659 1 870 1 939 1
397 0 5 917 1 689 1 802 1 613 1 521 1
398 0 5 918 1 697 1 818 1 532 1 977 1
399 0 5 919 1 758 1 875 1 959 1 824 1
400 0 5 920 1 769 1 647 1 700 1 687 1
401 0 5 921 1 880 1 656 1 638 1 684 1
402 0 5 922 1 707 1 818 1 652 1 684 1
403 0 5 923 1 744 1 980 1 646 1 594 1
404 0 5 924 1 686 1 831 1 845 1 560 1
405 0 5 925 1 804 1 944 1 610 1 778 1
406 0 5 926 1 869 1 767 1 720 1 805 1
407 0 5 927 1 783 1 760 1 869 1 637 1
408 0 5 928 1 781 1 812 1 733 1 727 1
409 0 5 929 1 878 1 859 1 700 1 687 1
410 0 5 930 1 990 1 773 1 987 1 856 1
411 0 5 931 1 995 1 667 1 1000 1 748 1
412 0 5 932 1 989 1 734 1 693 1 685 1
413 0 5 933 1 733 1 826 1 645 1 812 1
414 0 5 934 1 1004 1 566 1 895 1 1009 1
415 0 5 935 1 975 1 722 1 721 1 1008 1
416 0 5 936 1 996 1 862 1 956 1 941 1
417 0 5 937 1 914 1 798 1 590 1 946 1
418 0 5 938 1 1000 1 700 1 565 1 662 1
419 0 5 939 1 870 1 916 1 595 1 829 1
420 0 5 940 1 950 1 710 1 530 1 535 1
421 0 5 941 1 936 1 843 1 536 1 996 1
422 0 5 942 1 842 1 776 1 1016 1 673 1
423 0 5 943 1 584 1 699 1 576 1 915 1
424 0 5 944 1 962 1 804 1 582 1 972 1
425 0 5 945 1 539 1 573 1 864 1 680 1
426 0 5 946 1 872 1 1014 1 798 1 590 1
427 0 5 947 1 569 1 897 1 584 1 597 1
428 0 5 948 1 809 1 760 1 1007 1 869 1
429 0 5 949 1 815 1 855 1 740 1 696 1
430 0 5 950 1 710 1 955 1 1010 1 984 1
431 0 5 951 1 766 1 979 1 888 1 903 1
432 0 5 952 1 986 1 559 1 641 1 857 1
433 0 5 953 1 707 1 536 1 683 1 736 1
434 0 5 954 1 795 1 712 1 530 1 775 1
435 0 5 955 1 664 1 530 1 958 1 522 1
436 0 5 956 1 996 1 885 1 770 1 785 1
437 0 5 957 1 964 1 757 1 846 1 792 1
438 0 5 958 1 607 1 664 1 859 1 955 1
439 0 5 959 1 556 1 919 1 875 1 639 1
440 0 5 960 1 531 1 790 1 628 1 605 1
441 0 5 961 1 535 1 703 1 611 1 522 1
442 0 5 962 1 993 1 784 1 944 1 804 1
443 0 5 963 1 751 1 663 1 943 1 830 1
444 0 5 964 1 957 1 792 1 757 1 846 1
445 0 5 965 1 827 1 606 1 633 1 849 1
446 0 5 966 1 701 1 631 1 716 1 642 1
447 0 5 967 1 778 1 898 1 610 1 925 1
448 0 5 968 1 974 1 648 1 984 1 975 1
449 0 5 969 1 813 1 737 1 688 1 708 1
450 0 5 970 1 905 1 526 1 709 1 917 1
451 0 5 971 1 549 1 911 1 611 1 1016 1
452 0 5 972 1 670 1 582 1 692 1 628 1
453 0 5 973 1 1018 1 874 1 552 1 599 1
454 0 5 974 1 968 1 910 1 984 1 648 1
455 0 5 975 1 995 1 648 1 931 1 666 1
456 0 5 976 1 803 1 785 1 681 1 599 1
457 0 5 977 1 547 1 818 1 690 1 543 1
458 0 5 978 1 883 1 537 1 808 1 900 1
459 0 5 979 1 888 1 835 1 570 1 951 1
460 0 5 980 1 789 1 703 1 646 1 594 1
461 0 5 981 1 1001 1 719 1 522 1 664 1
462 0 5 982 1 873 1 545 1 752 1 991 1
463 0 5 983 1 822 1 540 1 568 1 1008 1
464 0 5 984 1 955 1 565 1 710 1 530 1
465 0 5 985 1 694 1 529 1 612 1 753 1
466 0 5 986 1 559 1 857 1 552 1 952 1
467 0 5 987 1 853 1 930 1 856 1 558 1
468 0 5 988 1 763 1 865 1 735 1 571 1
469 0 5 989 1 734 1 856 1 603 1 578 1
470 0 5 990 1 747 1 930 1 979 1 903 1
471 0 5 991 1 791 1 663 1 830 1 945 1
472 0 5 992 1 861 1 715 1 894 1 836 1
473 0 5 993 1 784 1 962 1 610 1 925 1
474 0 5 994 1 857 1 840 1 588 1 1018 1
475 0 5 995 1 931 1 667 1 1010 1 1000 1
476 0 5 996 1 956 1 583 1 711 1 554 1
477 0 5 997 1 787 1 577 1 716 1 665 1
478 0 5 998 1 739 1 894 1 628 1 715 1
479 0 5 999 1 882 1 525 1 1005 1 832 1
480 0 5 1000 1 748 1 1010 1 931 1 995 1
481 0 5 1001 1 867 1 719 1 981 1 522 1
482 0 5 1002 1 635 1 668 1 608 1 853 1
483 0 5 1003 1 801 1 623 1 953 1 843 1
484 0 5 1004 1 1009 1 934 1 566 1 633 1
485 0 5 1005 1 863 1 524 1 999 1 832 1
486 0 5 1006 1 923 1 744 1 667 1 775 1
487 0 5 1007 1 927 1 809 1 643 1 948 1
488 0 5 1008 1 621 1 540 1 983 1 568 1
489 0 5 1009 1 1004 1 566 1 933 1 633 1
490 0 5 1010 1 667 1 522 1 1006 1 775 1
491 0 5 1011 1 828 1 842 1 544 1 942 1
492 0 5 1012 1 1016 1 892 1 776 1 942 1
493 0 5 1013 1 598 1 577 1 997 1 631 1
494 0 5 1014 1 543 1 554 1 872 1 711 1
495 0 5 1015 1 604 1 666 1 765 1 722 1
496 0 5 1016 1 776 1 1012 1 703 1 961 1
497 0 5 1017 1 650 1 678 1 675 1 621 1
498 0 5 1018 1 857 1 588 1 994 1 973 1
499 0 5 1019 1 714 1 626 1 728 1 765 1
500 0 5 1020 1 768 1 619 1 731 1 826 1
501 0 5 1021 1 1015 1 622 1 604 1 765 1
502 0 5 1022 0 521 1 1022 1 1023 1 1024 1
503 0 5 1023 0 521 1 1022 1 1023 1 1024 1
504 0 5 1024 0 521 1 1022 1 1023 1 1024 1
505 0 5 1025 0 521 1 1022 1 1023 1 1024 1
506 0 5 1026 0 521 1 1022 1 1023 1 1024 1
507 0 5 1027 0 521 1 1022 1 1023 1 1024 1
508 0 5 1028 0 521 1 1022 1 1023 1 1024 1
509 0 5 1029 0 521 1 1022 1 1023 1 1024 1
510 0 5 1030 0 521 1 1022 1 1023 1 1024 1
511 0 5 1031 0 521 1 1022 1 1023 1 1024 1
512 0 5 1032 0 521 1 1022 1 1023 1 1024 1
513 0 5 1033 0 521 1 1022 1 1023 1 1024 1
514 0 5 1034 0 521 1 1022 1 1023 1 1024 1
515 0 5 1035 0 521 1 1022 1 1023 1 1024 1
516 0 5 1036 0 521 1 1022 1 1023 1 1024 1
517 0 5 1037 0 521 1 1022 1 1023 1 1024 1
518 0 5 1038 0 521 1 1022 1 1023 1 1024 1
519 0 5 1039 0 521 1 1022 1 1023 1 1024 1
520 0 5 1040 0 521 1 1022 1 1023 1 1024 1
521 0 5 1 0 520 1 519 1 518 1 517 1
522 0 5 2 1 15 1 91 1 144 1 481 1
523 0 5 3 1 334 1 206 1 193 1 5 1
524 0 5 4 1 485 1 223 1 312 1 343 1
525 0 5 5 1 3 1 334 1 479 1 312 1
526 0 5 6 1 257 1 450 1 385 1 466 1
527 0 5 7 1 268 1 384 1 313 1 22 1
528 0 5 8 1 348 1 107 1 96 1 153 1
529 0 5 9 1 47 1 226 1 123 1 289 1
530 0 5 10 1 387 1 339 1 286 1 114 1
531 0 5 11 1 362 1 81 1 440 1 152 1
532 0 5 12 1 177 1 398 1 298 1 457 1
533 0 5 13 1 63 1 189 1 79 1 476 1
534 0 5 14 1 62 1 378 1 270 1 212 1
535 0 5 15 1 441 1 183 1 460 1 435 1
536 0 5 16 1 323 1 433 1 216 1 185 1
537 0 5 17 1 75 1 458 1 477 1 145 1
538 0 5 18 1 21 1 351 1 112 1 59 1
539 0 5 19 1 425 1 125 1 271 1 53 1
540 0 5 20 1 222 1 488 1 463 1 48 1
541 0 5 21 1 1 1 324 1 346 1 254 1
542 0 5 22 1 355 1 384 1 41 1 318 1
543 0 5 23 1 494 1 352 1 191 1 457 1
544 0 5 24 1 149 1 491 1 209 1 39 1
545 0 5 25 1 232 1 151 1 248 1 67 1
546 0 5 26 1 134 1 170 1 164 1 63 1
547 0 5 27 1 352 1 457 1 23 1 170 1
548 0 5 28 1 307 1 445 1 329 1 86 1
549 0 5 29 1 451 1 305 1 91 1 391 1
550 0 5 30 1 193 1 77 1 206 1 312 1
551 0 5 31 1 319 1 6 1 252 1 79 1
552 0 5 32 1 337 1 31 1 453 1 309 1
553 0 5 33 1 364 1 138 1 325 1 166 1
554 0 5 34 1 191 1 494 1 23 1 476 1
555 0 5 35 1 380 1 107 1 386 1 8 1
556 0 5 36 1 439 1 161 1 399 1 238 1
557 0 5 37 1 287 1 325 1 166 1 364 1
558 0 5 38 1 60 1 332 1 467 1 58 1
559 0 5 39 1 121 1 466 1 149 1 373 1
560 0 5 40 1 37 1 287 1 311 1 97 1
561 0 5 41 1 22 1 268 1 355 1 318 1
562 0 5 42 1 321 1 61 1 330 1 175 1
563 0 5 43 1 392 1 140 1 290 1 95 1
564 0 5 44 1 120 1 382 1 251 1 388 1
565 0 5 45 1 142 1 464 1 418 1 302 1
566 0 5 46 1 489 1 105 1 414 1 484 1
567 0 5 47 1 226 1 123 1 383 1 227 1
568 0 5 48 1 156 1 20 1 222 1 488 1
569 0 5 49 1 395 1 427 1 377 1 334 1
570 0 5 50 1 135 1 174 1 459 1 233 1
571 0 5 51 1 176 1 345 1 285 1 240 1
572 0 5 52 1 165 1 412 1 173 1 311 1
573 0 5 53 1 152 1 425 1 160 1 19 1
574 0 5 54 1 239 1 140 1 153 1 372 1
575 0 5 55 1 297 1 79 1 384 1 342 1
576 0 5 56 1 81 1 141 1 423 1 108 1
577 0 5 57 1 78 1 477 1 493 1 267 1
578 0 5 58 1 336 1 38 1 388 1 251 1
579 0 5 59 1 294 1 182 1 280 1 112 1
580 0 5 60 1 38 1 332 1 482 1 58 1
581 0 5 61 1 324 1 182 1 381 1 234 1
582 0 5 62 1 452 1 172 1 258 1 310 1
583 0 5 63 1 376 1 191 1 34 1 476 1
584 0 5 64 1 423 1 179 1 279 1 56 1
585 0 5 65 1 43 1 290 1 219 1 500 1
586 0 5 66 1 1 1 254 1 74 1 346 1
587 0 5 67 1 248 1 262 1 25 1 197 1
588 0 5 68 1 498 1 301 1 320 1 453 1
589 0 5 69 1 316 1 276 1 369 1 199 1
590 0 5 70 1 278 1 394 1 291 1 426 1
591 0 5 71 1 382 1 388 1 218 1 131 1
592 0 5 72 1 21 1 346 1 245 1 74 1
593 0 5 73 1 363 1 458 1 17 1 340 1
594 0 5 74 1 346 1 126 1 460 1 1 1
595 0 5 75 1 17 1 122 1 107 1 380 1
596 0 5 76 1 373 1 254 1 66 1 303 1
597 0 5 77 1 259 1 377 1 223 1 427 1
598 0 5 78 1 493 1 57 1 446 1 345 1
599 0 5 79 1 252 1 265 1 338 1 456 1
600 0 5 80 1 154 1 59 1 294 1 112 1
601 0 5 81 1 362 1 85 1 5 1 143 1
602 0 5 82 1 205 1 279 1 108 1 371 1
603 0 5 83 1 214 1 162 1 469 1 97 1
604 0 5 84 1 495 1 89 1 245 1 208 1
605 0 5 85 1 141 1 56 1 81 1 440 1
606 0 5 86 1 332 1 445 1 38 1 28 1
607 0 5 87 1 438 1 144 1 95 1 114 1
608 0 5 88 1 148 1 482 1 115 1 210 1
609 0 5 89 1 84 1 208 1 202 1 201 1
610 0 5 90 1 371 1 167 1 171 1 358 1
611 0 5 91 1 276 1 2 1 441 1 347 1
612 0 5 92 1 253 1 210 1 176 1 131 1
613 0 5 93 1 282 1 397 1 169 1 1 1
614 0 5 94 1 396 1 419 1 139 1 350 1
615 0 5 95 1 114 1 140 1 392 1 43 1
616 0 5 96 1 54 1 153 1 239 1 140 1
617 0 5 97 1 83 1 311 1 469 1 40 1
618 0 5 98 1 273 1 162 1 97 1 40 1
619 0 5 99 1 344 1 500 1 306 1 211 1
620 0 5 100 1 117 1 393 1 263 1 407 1
621 0 5 101 1 488 1 302 1 201 1 208 1
622 0 5 102 1 72 1 245 1 495 1 501 1
623 0 5 103 1 281 1 483 1 6 1 433 1
624 0 5 104 1 340 1 422 1 75 1 322 1
625 0 5 105 1 98 1 273 1 162 1 213 1
626 0 5 106 1 194 1 130 1 84 1 245 1
627 0 5 107 1 348 1 184 1 8 1 386 1
628 0 5 108 1 205 1 270 1 179 1 279 1
629 0 5 109 1 225 1 238 1 168 1 188 1
630 0 5 110 1 391 1 269 1 460 1 303 1
631 0 5 111 1 122 1 446 1 493 1 181 1
632 0 5 112 1 351 1 18 1 21 1 1 1
633 0 5 113 1 307 1 445 1 115 1 124 1
634 0 5 114 1 286 1 387 1 10 1 95 1
635 0 5 115 1 482 1 210 1 88 1 28 1
636 0 5 116 1 366 1 389 1 266 1 250 1
637 0 5 117 1 100 1 263 1 407 1 393 1
638 0 5 118 1 385 1 330 1 189 1 6 1
639 0 5 119 1 365 1 250 1 161 1 342 1
640 0 5 120 1 242 1 44 1 251 1 382 1
641 0 5 121 1 1 1 303 1 39 1 254 1
642 0 5 122 1 386 1 181 1 35 1 446 1
643 0 5 123 1 293 1 487 1 47 1 428 1
644 0 5 124 1 113 1 307 1 262 1 221 1
645 0 5 125 1 19 1 306 1 25 1 413 1
646 0 5 126 1 74 1 460 1 147 1 1 1
647 0 5 127 1 374 1 400 1 358 1 195 1
648 0 5 128 1 448 1 455 1 390 1 454 1
649 0 5 129 1 102 1 156 1 72 1 245 1
650 0 5 130 1 497 1 101 1 488 1 208 1
651 0 5 131 1 174 1 328 1 92 1 71 1
652 0 5 132 1 244 1 257 1 402 1 357 1
653 0 5 133 1 99 1 344 1 341 1 195 1
654 0 5 134 1 235 1 63 1 164 1 401 1
655 0 5 135 1 233 1 50 1 174 1 406 1
656 0 5 136 1 164 1 26 1 132 1 170 1
657 0 5 137 1 333 1 157 1 253 1 467 1
658 0 5 138 1 33 1 271 1 325 1 343 1
659 0 5 139 1 94 1 350 1 272 1 326 1
660 0 5 140 1 54 1 114 1 96 1 239 1
661 0 5 141 1 64 1 56 1 85 1 427 1
662 0 5 142 1 302 1 45 1 418 1 464 1
663 0 5 143 1 231 1 443 1 310 1 77 1
664 0 5 144 1 435 1 114 1 87 1 461 1
665 0 5 145 1 17 1 380 1 477 1 196 1
666 0 5 146 1 48 1 495 1 245 1 202 1
667 0 5 147 1 490 1 411 1 475 1 126 1
668 0 5 148 1 482 1 210 1 333 1 86 1
669 0 5 149 1 1 1 39 1 319 1 254 1
670 0 5 150 1 452 1 62 1 212 1 284 1
671 0 5 151 1 197 1 329 1 353 1 413 1
672 0 5 152 1 327 1 425 1 53 1 325 1
673 0 5 153 1 322 1 422 1 491 1 24 1
674 0 5 154 1 59 1 112 1 294 1 18 1
675 0 5 155 1 158 1 201 1 101 1 497 1
676 0 5 156 1 129 1 245 1 102 1 72 1
677 0 5 157 1 253 1 137 1 333 1 467 1
678 0 5 158 1 155 1 201 1 208 1 497 1
679 0 5 159 1 136 1 26 1 170 1 134 1
680 0 5 160 1 53 1 425 1 19 1 271 1
681 0 5 161 1 119 1 384 1 456 1 250 1
682 0 5 162 1 105 1 379 1 317 1 83 1
683 0 5 163 1 216 1 185 1 433 1 16 1
684 0 5 164 1 244 1 132 1 136 1 402 1
685 0 5 165 1 52 1 412 1 173 1 33 1
686 0 5 166 1 404 1 311 1 138 1 325 1
687 0 5 167 1 198 1 371 1 409 1 90 1
688 0 5 168 1 109 1 449 1 238 1 217 1
689 0 5 169 1 397 1 282 1 241 1 1 1
690 0 5 170 1 298 1 27 1 457 1 23 1
691 0 5 171 1 339 1 167 1 358 1 90 1
692 0 5 172 1 150 1 452 1 62 1 424 1
693 0 5 173 1 165 1 412 1 52 1 214 1
694 0 5 174 1 50 1 92 1 233 1 131 1
695 0 5 175 1 42 1 381 1 61 1 330 1
696 0 5 176 1 51 1 92 1 285 1 240 1
697 0 5 177 1 398 1 187 1 298 1 185 1
698 0 5 178 1 299 1 241 1 169 1 397 1
699 0 5 179 1 64 1 423 1 279 1 56 1
700 0 5 180 1 198 1 418 1 409 1 400 1
701 0 5 181 1 446 1 386 1 272 1 35 1
702 0 5 182 1 230 1 234 1 21 1 61 1
703 0 5 183 1 76 1 460 1 441 1 496 1
704 0 5 184 1 308 1 24 1 491 1 322 1
705 0 5 185 1 163 1 433 1 216 1 187 1
706 0 5 186 1 378 1 462 1 500 1 25 1
707 0 5 187 1 402 1 433 1 185 1 298 1
708 0 5 188 1 168 1 318 1 355 1 313 1
709 0 5 189 1 118 1 6 1 385 1 13 1
710 0 5 190 1 430 1 464 1 420 1 454 1
711 0 5 191 1 34 1 63 1 494 1 476 1
712 0 5 192 1 434 1 275 1 10 1 490 1
713 0 5 193 1 206 1 334 1 30 1 3 1
714 0 5 194 1 130 1 245 1 106 1 499 1
715 0 5 195 1 374 1 341 1 316 1 127 1
716 0 5 196 1 215 1 145 1 446 1 380 1
717 0 5 197 1 296 1 151 1 329 1 307 1
718 0 5 198 1 167 1 371 1 180 1 400 1
719 0 5 199 1 347 1 481 1 461 1 316 1
720 0 5 200 1 246 1 406 1 247 1 315 1
721 0 5 201 1 101 1 415 1 48 1 158 1
722 0 5 202 1 89 1 415 1 201 1 84 1
723 0 5 203 1 124 1 221 1 75 1 122 1
724 0 5 204 1 40 1 37 1 152 1 325 1
725 0 5 205 1 108 1 82 1 279 1 179 1
726 0 5 206 1 193 1 312 1 259 1 3 1
727 0 5 207 1 261 1 86 1 88 1 408 1
728 0 5 208 1 202 1 201 1 89 1 415 1
729 0 5 209 1 373 1 76 1 254 1 149 1
730 0 5 210 1 115 1 137 1 375 1 88 1
731 0 5 211 1 290 1 99 1 500 1 341 1
732 0 5 212 1 14 1 62 1 310 1 172 1
733 0 5 213 1 413 1 292 1 408 1 25 1
734 0 5 214 1 469 1 412 1 173 1 98 1
735 0 5 215 1 196 1 243 1 78 1 345 1
736 0 5 216 1 16 1 323 1 433 1 163 1
737 0 5 217 1 318 1 449 1 168 1 57 1
738 0 5 218 1 317 1 379 1 88 1 71 1
739 0 5 219 1 344 1 478 1 160 1 133 1
740 0 5 220 1 295 1 196 1 215 1 288 1
741 0 5 221 1 203 1 124 1 356 1 236 1
742 0 5 222 1 48 1 390 1 128 1 20 1
743 0 5 223 1 312 1 4 1 77 1 259 1
744 0 5 224 1 403 1 391 1 460 1 269 1
745 0 5 225 1 277 1 168 1 109 1 393 1
746 0 5 226 1 227 1 47 1 383 1 9 1
747 0 5 227 1 470 1 383 1 226 1 47 1
748 0 5 228 1 480 1 255 1 411 1 490 1
749 0 5 229 1 444 1 272 1 326 1 78 1
750 0 5 230 1 234 1 21 1 381 1 314 1
751 0 5 231 1 443 1 310 1 172 1 143 1
752 0 5 232 1 353 1 462 1 151 1 25 1
753 0 5 233 1 240 1 92 1 174 1 176 1
754 0 5 234 1 230 1 182 1 21 1 324 1
755 0 5 235 1 189 1 13 1 118 1 63 1
756 0 5 236 1 356 1 221 1 340 1 262 1
757 0 5 237 1 326 1 437 1 139 1 293 1
758 0 5 238 1 399 1 109 1 168 1 36 1
759 0 5 239 1 372 1 422 1 153 1 96 1
760 0 5 240 1 349 1 407 1 428 1 9 1
761 0 5 241 1 360 1 280 1 450 1 294 1
762 0 5 242 1 251 1 58 1 388 1 120 1
763 0 5 243 1 468 1 345 1 78 1 215 1
764 0 5 244 1 257 1 132 1 402 1 281 1
765 0 5 245 1 72 1 495 1 208 1 84 1
766 0 5 246 1 315 1 431 1 459 1 200 1
767 0 5 247 1 200 1 406 1 246 1 349 1
768 0 5 248 1 500 1 67 1 290 1 296 1
769 0 5 249 1 127 1 358 1 275 1 434 1
770 0 5 250 1 266 1 436 1 365 1 36 1
771 0 5 251 1 388 1 58 1 336 1 382 1
772 0 5 252 1 31 1 354 1 367 1 416 1
773 0 5 253 1 157 1 333 1 137 1 410 1
774 0 5 254 1 1 1 303 1 74 1 346 1
775 0 5 255 1 192 1 490 1 228 1 275 1
776 0 5 256 1 496 1 422 1 492 1 76 1
777 0 5 257 1 357 1 6 1 132 1 385 1
778 0 5 258 1 447 1 95 1 424 1 62 1
779 0 5 259 1 377 1 223 1 143 1 427 1
780 0 5 260 1 288 1 196 1 458 1 215 1
781 0 5 261 1 408 1 207 1 86 1 292 1
782 0 5 262 1 67 1 306 1 290 1 248 1
783 0 5 263 1 407 1 293 1 393 1 168 1
784 0 5 264 1 473 1 442 1 418 1 371 1
785 0 5 265 1 365 1 119 1 456 1 436 1
786 0 5 266 1 389 1 250 1 116 1 366 1
787 0 5 267 1 477 1 283 1 301 1 57 1
788 0 5 268 1 384 1 22 1 267 1 318 1
789 0 5 269 1 460 1 110 1 74 1 126 1
790 0 5 270 1 310 1 212 1 160 1 108 1
791 0 5 271 1 471 1 232 1 212 1 160 1
792 0 5 272 1 444 1 437 1 229 1 326 1
793 0 5 273 1 98 1 125 1 40 1 105 1
794 0 5 274 1 39 1 68 1 337 1 282 1
795 0 5 275 1 434 1 339 1 249 1 192 1
796 0 5 276 1 69 1 347 1 199 1 461 1
797 0 5 277 1 393 1 225 1 100 1 168 1
798 0 5 278 1 394 1 417 1 70 1 426 1
799 0 5 279 1 179 1 371 1 82 1 64 1
800 0 5 280 1 61 1 294 1 234 1 18 1
801 0 5 281 1 483 1 132 1 257 1 103 1
802 0 5 282 1 93 1 397 1 169 1 121 1
803 0 5 283 1 456 1 338 1 309 1 265 1
804 0 5 284 1 405 1 424 1 442 1 90 1
805 0 5 285 1 349 1 240 1 135 1 406 1
806 0 5 286 1 10 1 387 1 114 1 190 1
807 0 5 287 1 162 1 37 1 83 1 105 1
808 0 5 288 1 215 1 196 1 220 1 260 1
809 0 5 289 1 428 1 9 1 487 1 123 1
810 0 5 290 1 43 1 140 1 392 1 96 1
811 0 5 291 1 304 1 394 1 399 1 417 1
812 0 5 292 1 213 1 408 1 261 1 413 1
813 0 5 293 1 237 1 449 1 123 1 437 1
814 0 5 294 1 280 1 234 1 59 1 61 1
815 0 5 295 1 429 1 335 1 220 1 51 1
816 0 5 296 1 65 1 197 1 290 1 25 1
817 0 5 297 1 55 1 79 1 119 1 161 1
818 0 5 298 1 457 1 164 1 402 1 187 1
819 0 5 299 1 241 1 294 1 280 1 178 1
820 0 5 300 1 220 1 361 1 210 1 375 1
821 0 5 301 1 267 1 283 1 338 1 477 1
822 0 5 302 1 463 1 142 1 45 1 488 1
823 0 5 303 1 1 1 254 1 110 1 331 1
824 0 5 304 1 109 1 225 1 291 1 238 1
825 0 5 305 1 104 1 340 1 451 1 29 1
826 0 5 306 1 125 1 248 1 413 1 262 1
827 0 5 307 1 113 1 445 1 329 1 115 1
828 0 5 308 1 149 1 491 1 24 1 184 1
829 0 5 309 1 350 1 32 1 94 1 419 1
830 0 5 310 1 212 1 270 1 160 1 14 1
831 0 5 311 1 97 1 166 1 404 1 40 1
832 0 5 312 1 77 1 223 1 4 1 479 1
833 0 5 313 1 7 1 188 1 384 1 22 1
834 0 5 314 1 1 1 324 1 321 1 21 1
835 0 5 315 1 368 1 459 1 406 1 431 1
836 0 5 316 1 199 1 369 1 290 1 43 1
837 0 5 317 1 379 1 207 1 218 1 489 1
838 0 5 318 1 188 1 217 1 41 1 168 1
839 0 5 319 1 121 1 321 1 149 1 39 1
840 0 5 320 1 68 1 474 1 104 1 498 1
841 0 5 321 1 1 1 324 1 42 1 61 1
842 0 5 322 1 422 1 491 1 24 1 153 1
843 0 5 323 1 103 1 16 1 421 1 281 1
844 0 5 324 1 1 1 21 1 314 1 321 1
845 0 5 325 1 33 1 138 1 166 1 364 1
846 0 5 326 1 139 1 237 1 437 1 444 1
847 0 5 327 1 325 1 138 1 152 1 425 1
848 0 5 328 1 71 1 375 1 382 1 131 1
849 0 5 329 1 197 1 262 1 445 1 151 1
850 0 5 330 1 175 1 42 1 61 1 450 1
851 0 5 331 1 110 1 303 1 391 1 1 1
852 0 5 332 1 28 1 86 1 445 1 38 1
853 0 5 333 1 467 1 86 1 332 1 482 1
854 0 5 334 1 30 1 3 1 5 1 427 1
855 0 5 335 1 176 1 51 1 345 1 429 1
856 0 5 336 1 58 1 38 1 469 1 467 1
857 0 5 337 1 498 1 466 1 474 1 68 1
858 0 5 338 1 309 1 32 1 453 1 419 1
859 0 5 339 1 409 1 358 1 171 1 10 1
860 0 5 340 1 75 1 236 1 104 1 356 1
861 0 5 341 1 133 1 369 1 99 1 195 1
862 0 5 342 1 365 1 416 1 79 1 250 1
863 0 5 343 1 485 1 4 1 138 1 479 1
864 0 5 344 1 160 1 53 1 425 1 19 1
865 0 5 345 1 243 1 468 1 78 1 51 1
866 0 5 346 1 1 1 254 1 21 1 303 1
867 0 5 347 1 481 1 199 1 461 1 316 1
868 0 5 348 1 8 1 96 1 153 1 107 1
869 0 5 349 1 406 1 247 1 407 1 289 1
870 0 5 350 1 419 1 94 1 139 1 107 1
871 0 5 351 1 18 1 59 1 112 1 21 1
872 0 5 352 1 426 1 70 1 494 1 23 1
873 0 5 353 1 462 1 232 1 151 1 25 1
874 0 5 354 1 301 1 453 1 367 1 498 1
875 0 5 355 1 188 1 22 1 238 1 399 1
876 0 5 356 1 236 1 221 1 124 1 262 1
877 0 5 357 1 175 1 6 1 281 1 385 1
878 0 5 358 1 409 1 127 1 90 1 171 1
879 0 5 359 1 80 1 112 1 126 1 74 1
880 0 5 360 1 401 1 118 1 450 1 385 1
881 0 5 361 1 113 1 484 1 489 1 124 1
882 0 5 362 1 479 1 5 1 81 1 3 1
883 0 5 363 1 380 1 145 1 458 1 203 1
884 0 5 364 1 166 1 343 1 33 1 325 1
885 0 5 365 1 342 1 250 1 436 1 265 1
886 0 5 366 1 297 1 266 1 389 1 116 1
887 0 5 367 1 376 1 13 1 63 1 498 1
888 0 5 368 1 459 1 383 1 431 1 233 1
889 0 5 369 1 341 1 316 1 211 1 133 1
890 0 5 370 1 131 1 295 1 328 1 174 1
891 0 5 371 1 264 1 90 1 418 1 167 1
892 0 5 372 1 492 1 239 1 153 1 256 1
893 0 5 373 1 303 1 254 1 1 1 39 1
894 0 5 374 1 195 1 127 1 87 1 316 1
895 0 5 375 1 218 1 328 1 414 1 379 1
896 0 5 376 1 13 1 63 1 34 1 191 1
897 0 5 377 1 49 1 427 1 259 1 395 1
898 0 5 378 1 62 1 65 1 258 1 14 1
899 0 5 379 1 317 1 207 1 218 1 162 1
900 0 5 380 1 145 1 107 1 35 1 75 1
901 0 5 381 1 314 1 324 1 21 1 321 1
902 0 5 382 1 44 1 328 1 71 1 120 1
903 0 5 383 1 227 1 226 1 233 1 431 1
904 0 5 384 1 55 1 119 1 309 1 297 1
905 0 5 385 1 450 1 330 1 118 1 235 1
906 0 5 386 1 35 1 203 1 107 1 8 1
907 0 5 387 1 420 1 15 1 430 1 403 1
908 0 5 388 1 207 1 58 1 382 1 336 1
909 0 5 389 1 116 1 366 1 266 1 250 1
910 0 5 390 1 128 1 454 1 222 1 448 1
911 0 5 391 1 29 1 269 1 460 1 110 1
912 0 5 392 1 256 1 140 1 43 1 114 1
913 0 5 393 1 100 1 117 1 277 1 263 1
914 0 5 394 1 417 1 291 1 304 1 70 1
915 0 5 395 1 49 1 64 1 143 1 423 1
916 0 5 396 1 419 1 94 1 79 1 32 1
917 0 5 397 1 169 1 321 1 241 1 282 1
918 0 5 398 1 187 1 298 1 177 1 185 1
919 0 5 399 1 36 1 439 1 238 1 304 1
920 0 5 400 1 82 1 478 1 205 1 358 1
921 0 5 401 1 136 1 159 1 164 1 235 1
922 0 5 402 1 132 1 281 1 244 1 298 1
923 0 5 403 1 486 1 2 1 126 1 460 1
924 0 5 404 1 311 1 138 1 166 1 97 1
925 0 5 405 1 90 1 258 1 447 1 62 1
926 0 5 406 1 247 1 200 1 246 1 431 1
927 0 5 407 1 487 1 240 1 263 1 349 1
928 0 5 408 1 292 1 261 1 213 1 413 1
929 0 5 409 1 171 1 180 1 167 1 358 1
930 0 5 410 1 467 1 336 1 470 1 253 1
931 0 5 411 1 475 1 480 1 455 1 490 1
932 0 5 412 1 173 1 165 1 52 1 469 1
933 0 5 413 1 25 1 306 1 213 1 151 1
934 0 5 414 1 375 1 484 1 46 1 317 1
935 0 5 415 1 146 1 455 1 48 1 201 1
936 0 5 416 1 421 1 342 1 365 1 250 1
937 0 5 417 1 436 1 116 1 250 1 278 1
938 0 5 418 1 180 1 45 1 264 1 142 1
939 0 5 419 1 32 1 184 1 338 1 350 1
940 0 5 420 1 15 1 464 1 183 1 190 1
941 0 5 421 1 103 1 323 1 416 1 16 1
942 0 5 422 1 209 1 76 1 256 1 373 1
943 0 5 423 1 395 1 231 1 270 1 310 1
944 0 5 424 1 284 1 405 1 442 1 90 1
945 0 5 425 1 271 1 19 1 152 1 204 1
946 0 5 426 1 70 1 278 1 494 1 417 1
947 0 5 427 1 49 1 143 1 334 1 77 1
948 0 5 428 1 289 1 9 1 123 1 349 1
949 0 5 429 1 335 1 345 1 220 1 176 1
950 0 5 430 1 420 1 190 1 455 1 464 1
951 0 5 431 1 383 1 315 1 233 1 459 1
952 0 5 432 1 121 1 39 1 319 1 466 1
953 0 5 433 1 185 1 323 1 483 1 281 1
954 0 5 434 1 275 1 339 1 192 1 10 1
955 0 5 435 1 464 1 10 1 15 1 430 1
956 0 5 436 1 476 1 416 1 250 1 365 1
957 0 5 437 1 444 1 326 1 237 1 272 1
958 0 5 438 1 144 1 435 1 114 1 87 1
959 0 5 439 1 161 1 36 1 399 1 119 1
960 0 5 440 1 11 1 81 1 85 1 270 1
961 0 5 441 1 183 1 15 1 256 1 496 1
962 0 5 442 1 424 1 473 1 284 1 90 1
963 0 5 443 1 172 1 310 1 150 1 62 1
964 0 5 444 1 437 1 272 1 326 1 229 1
965 0 5 445 1 329 1 307 1 86 1 113 1
966 0 5 446 1 181 1 272 1 122 1 215 1
967 0 5 447 1 95 1 378 1 409 1 405 1
968 0 5 448 1 454 1 128 1 455 1 420 1
969 0 5 449 1 313 1 7 1 188 1 293 1
970 0 5 450 1 330 1 385 1 42 1 235 1
971 0 5 451 1 276 1 305 1 256 1 29 1
972 0 5 452 1 150 1 62 1 172 1 270 1
973 0 5 453 1 301 1 13 1 498 1 338 1
974 0 5 454 1 448 1 390 1 464 1 455 1
975 0 5 455 1 415 1 128 1 464 1 420 1
976 0 5 456 1 265 1 283 1 338 1 119 1
977 0 5 457 1 27 1 23 1 170 1 298 1
978 0 5 458 1 260 1 288 1 145 1 363 1
979 0 5 459 1 315 1 431 1 233 1 368 1
980 0 5 460 1 2 1 403 1 74 1 91 1
981 0 5 461 1 87 1 481 1 374 1 2 1
982 0 5 462 1 186 1 232 1 353 1 25 1
983 0 5 463 1 20 1 390 1 222 1 488 1
984 0 5 464 1 190 1 454 1 448 1 430 1
985 0 5 465 1 285 1 135 1 174 1 51 1
986 0 5 466 1 432 1 319 1 121 1 321 1
987 0 5 467 1 60 1 336 1 38 1 333 1
988 0 5 468 1 78 1 217 1 243 1 345 1
989 0 5 469 1 412 1 83 1 173 1 214 1
990 0 5 470 1 410 1 227 1 383 1 9 1
991 0 5 471 1 212 1 143 1 271 1 160 1
992 0 5 472 1 369 1 69 1 341 1 133 1
993 0 5 473 1 442 1 90 1 424 1 167 1
994 0 5 474 1 68 1 337 1 498 1 320 1
995 0 5 475 1 455 1 411 1 480 1 490 1
996 0 5 476 1 416 1 436 1 421 1 34 1
997 0 5 477 1 57 1 493 1 78 1 267 1
998 0 5 478 1 270 1 108 1 160 1 205 1
999 0 5 479 1 5 1 4 1 312 1 223 1
1000 0 5 480 1 418 1 45 1 411 1 490 1
1001 0 5 481 1 461 1 2 1 199 1 347 1
1002 0 5 482 1 148 1 115 1 88 1 210 1
1003 0 5 483 1 281 1 433 1 323 1 103 1
1004 0 5 484 1 414 1 489 1 46 1 105 1
1005 0 5 485 1 343 1 4 1 479 1 223 1
1006 0 5 486 1 255 1 490 1 228 1 2 1
1007 0 5 487 1 289 1 263 1 428 1 293 1
1008 0 5 488 1 222 1 20 1 302 1 101 1
1009 0 5 489 1 484 1 46 1 105 1 413 1
1010 0 5 490 1 2 1 430 1 147 1 10 1
1011 0 5 491 1 209 1 149 1 24 1 492 1
1012 0 5 492 1 66 1 496 1 422 1 76 1
1013 0 5 493 1 111 1 57 1 446 1 78 1
1014 0 5 494 1 426 1 352 1 23 1 34 1
1015 0 5 495 1 501 1 102 1 156 1 245 1
1016 0 5 496 1 76 1 492 1 422 1 451 1
1017 0 5 497 1 155 1 158 1 201 1 101 1
1018 0 5 498 1 453 1 13 1 68 1 337 1
1019 0 5 499 1 106 1 84 1 194 1 245 1
1020 0 5 500 1 211 1 290 1 248 1 25 1
1021 0 5 501 1 156 1 129 1 245 1 102 1
1022 0 5 502 0 520 1 519 1 518 1 517 1
1023 0 5 503 0 520 1 519 1 518 1 517 1
1024 0 5 504 0 520 1 519 1 518 1 517 1
1025 0 5 505 0 520 1 519 1 518 1 517 1
1026 0 5 506 0 520 1 519 1 518 1 517 1
1027 0 5 507 0 520 1 519 1 518 1 517 1
1028 0 5 508 0 520 1 519 1 518 1 517 1
1029 0 5 509 0 520 1 519 1 518 1 517 1
1030 0 5 510 0 520 1 519 1 518 1 517 1
1031 0 5 511 0 520 1 519 1 518 1 517 1
1032 0 5 512 0 520 1 519 1 518 1 517 1
1033 0 5 513 0 520 1 519 1 518 1 517 1
1034 0 5 514 0 520 1 519 1 518 1 517 1
1035 0 5 515 0 520 1 519 1 518 1 517 1
1036 0 5 516 0 520 1 519 1 518 1 517 1
1037 0 5 517 0 520 1 519 1 518 1 517 1
1038 0 5 518 0 520 1 519 1 518 1 517 1
1039 0 5 519 0 520 1 519 1 518 1 517 1
1040 0 5 520 0 520 1 519 1 518 1 517 1
-1
EOF
