1040
1 0 5 521 0 1040 1 1039 1 1038 1 1037 1
2 0 5 522 1 871 1 550 1 945 1 575 1
3 0 5 523 1 663 1 567 1 679 1 976 1
4 0 5 524 1 807 1 831 1 692 1 972 1
5 0 5 525 1 864 1 853 1 538 1 963 1
6 0 5 526 1 955 1 739 1 975 1 535 1
7 0 5 527 1 632 1 538 1 560 1 890 1
8 0 5 528 1 686 1 954 1 860 1 736 1
9 0 5 529 1 664 1 521 1 775 1 703 1
10 0 5 530 1 995 1 817 1 954 1 605 1
11 0 5 531 1 672 1 762 1 642 1 533 1
12 0 5 532 1 987 1 699 1 633 1 644 1
13 0 5 533 1 753 1 531 1 698 1 818 1
14 0 5 534 1 913 1 587 1 588 1 899 1
15 0 5 535 1 694 1 762 1 843 1 526 1
16 0 5 536 1 681 1 825 1 879 1 847 1
17 0 5 537 1 769 1 887 1 890 1 822 1
18 0 5 538 1 527 1 683 1 922 1 564 1
19 0 5 539 1 556 1 853 1 525 1 595 1
20 0 5 540 1 923 1 658 1 928 1 608 1
21 0 5 541 1 1000 1 836 1 675 1 1004 1
22 0 5 542 1 872 1 983 1 816 1 784 1
23 0 5 543 1 610 1 840 1 684 1 811 1
24 0 5 544 1 620 1 628 1 812 1 591 1
25 0 5 545 1 736 1 670 1 995 1 605 1
26 0 5 546 1 630 1 973 1 670 1 995 1
27 0 5 547 1 641 1 946 1 885 1 781 1
28 0 5 548 1 958 1 609 1 618 1 855 1
29 0 5 549 1 966 1 659 1 885 1 718 1
30 0 5 550 1 580 1 760 1 1012 1 704 1
31 0 5 551 1 868 1 951 1 581 1 754 1
32 0 5 552 1 739 1 836 1 675 1 526 1
33 0 5 553 1 988 1 772 1 634 1 635 1
34 0 5 554 1 1007 1 936 1 986 1 624 1
35 0 5 555 1 993 1 644 1 649 1 910 1
36 0 5 556 1 952 1 853 1 525 1 841 1
37 0 5 557 1 770 1 801 1 814 1 893 1
38 0 5 558 1 883 1 787 1 607 1 571 1
39 0 5 559 1 540 1 658 1 923 1 608 1
40 0 5 560 1 861 1 860 1 799 1 952 1
41 0 5 561 1 904 1 975 1 912 1 694 1
42 0 5 562 1 931 1 695 1 573 1 624 1
43 0 5 563 1 895 1 783 1 845 1 979 1
44 0 5 564 1 842 1 939 1 922 1 841 1
45 0 5 565 1 592 1 640 1 703 1 708 1
46 0 5 566 1 1014 1 852 1 574 1 747 1
47 0 5 567 1 523 1 733 1 805 1 937 1
48 0 5 568 1 981 1 1018 1 542 1 816 1
49 0 5 569 1 778 1 909 1 562 1 624 1
50 0 5 570 1 984 1 648 1 925 1 859 1
51 0 5 571 1 957 1 873 1 891 1 883 1
52 0 5 572 1 738 1 886 1 705 1 686 1
53 0 5 573 1 956 1 988 1 624 1 562 1
54 0 5 574 1 894 1 852 1 960 1 744 1
55 0 5 575 1 792 1 522 1 871 1 945 1
56 0 5 576 1 703 1 664 1 775 1 677 1
57 0 5 577 1 928 1 597 1 658 1 724 1
58 0 5 578 1 990 1 901 1 884 1 773 1
59 0 5 579 1 697 1 780 1 977 1 944 1
60 0 5 580 1 704 1 760 1 1012 1 780 1
61 0 5 581 1 858 1 698 1 583 1 533 1
62 0 5 582 1 612 1 835 1 763 1 625 1
63 0 5 583 1 619 1 533 1 531 1 762 1
64 0 5 584 1 907 1 866 1 844 1 1018 1
65 0 5 585 1 1011 1 595 1 967 1 996 1
66 0 5 586 1 818 1 935 1 533 1 753 1
67 0 5 587 1 534 1 808 1 913 1 815 1
68 0 5 588 1 997 1 815 1 587 1 785 1
69 0 5 589 1 976 1 936 1 722 1 927 1
70 0 5 590 1 979 1 974 1 697 1 944 1
71 0 5 591 1 842 1 620 1 593 1 727 1
72 0 5 592 1 703 1 612 1 763 1 708 1
73 0 5 593 1 727 1 556 1 539 1 680 1
74 0 5 594 1 720 1 905 1 732 1 964 1
75 0 5 595 1 891 1 804 1 879 1 571 1
76 0 5 596 1 731 1 856 1 933 1 767 1
77 0 5 597 1 797 1 662 1 573 1 956 1
78 0 5 598 1 547 1 849 1 781 1 641 1
79 0 5 599 1 582 1 612 1 862 1 859 1
80 0 5 600 1 666 1 749 1 950 1 947 1
81 0 5 601 1 938 1 969 1 850 1 1020 1
82 0 5 602 1 764 1 945 1 918 1 654 1
83 0 5 603 1 785 1 972 1 710 1 794 1
84 0 5 604 1 700 1 914 1 653 1 881 1
85 0 5 605 1 930 1 995 1 545 1 1005 1
86 0 5 606 1 645 1 970 1 992 1 712 1
87 0 5 607 1 741 1 628 1 887 1 769 1
88 0 5 608 1 910 1 846 1 923 1 890 1
89 0 5 609 1 958 1 701 1 991 1 855 1
90 0 5 610 1 840 1 543 1 811 1 626 1
91 0 5 611 1 617 1 655 1 723 1 854 1
92 0 5 612 1 763 1 702 1 968 1 582 1
93 0 5 613 1 730 1 931 1 685 1 925 1
94 0 5 614 1 672 1 893 1 642 1 753 1
95 0 5 615 1 740 1 924 1 771 1 800 1
96 0 5 616 1 833 1 651 1 800 1 924 1
97 0 5 617 1 655 1 611 1 723 1 915 1
98 0 5 618 1 548 1 609 1 855 1 958 1
99 0 5 619 1 531 1 583 1 762 1 533 1
100 0 5 620 1 963 1 591 1 593 1 853 1
101 0 5 621 1 827 1 537 1 769 1 888 1
102 0 5 622 1 834 1 820 1 714 1 643 1
103 0 5 623 1 654 1 602 1 915 1 764 1
104 0 5 624 1 562 1 909 1 573 1 986 1
105 0 5 625 1 999 1 582 1 989 1 650 1
106 0 5 626 1 744 1 755 1 566 1 574 1
107 0 5 627 1 967 1 996 1 1011 1 585 1
108 0 5 628 1 544 1 963 1 853 1 620 1
109 0 5 629 1 824 1 871 1 729 1 913 1
110 0 5 630 1 670 1 973 1 749 1 995 1
111 0 5 631 1 883 1 1015 1 819 1 571 1
112 0 5 632 1 826 1 928 1 538 1 560 1
113 0 5 633 1 530 1 995 1 930 1 605 1
114 0 5 634 1 942 1 582 1 553 1 612 1
115 0 5 635 1 553 1 634 1 674 1 988 1
116 0 5 636 1 650 1 849 1 635 1 884 1
117 0 5 637 1 550 1 982 1 1012 1 575 1
118 0 5 638 1 606 1 930 1 992 1 1005 1
119 0 5 639 1 854 1 906 1 915 1 646 1
120 0 5 640 1 942 1 953 1 708 1 703 1
121 0 5 641 1 781 1 547 1 946 1 885 1
122 0 5 642 1 893 1 672 1 614 1 770 1
123 0 5 643 1 737 1 751 1 652 1 834 1
124 0 5 644 1 993 1 699 1 649 1 532 1
125 0 5 645 1 791 1 606 1 971 1 970 1
126 0 5 646 1 601 1 938 1 639 1 795 1
127 0 5 647 1 682 1 856 1 767 1 714 1
128 0 5 648 1 931 1 892 1 800 1 743 1
129 0 5 649 1 644 1 699 1 817 1 693 1
130 0 5 650 1 636 1 674 1 884 1 635 1
131 0 5 651 1 616 1 833 1 800 1 924 1
132 0 5 652 1 832 1 924 1 615 1 643 1
133 0 5 653 1 882 1 881 1 832 1 569 1
134 0 5 654 1 824 1 764 1 602 1 629 1
135 0 5 655 1 723 1 617 1 918 1 916 1
136 0 5 656 1 603 1 794 1 728 1 941 1
137 0 5 657 1 973 1 994 1 992 1 930 1
138 0 5 658 1 577 1 823 1 908 1 724 1
139 0 5 659 1 724 1 966 1 559 1 929 1
140 0 5 660 1 1003 1 952 1 857 1 841 1
141 0 5 661 1 757 1 652 1 615 1 832 1
142 0 5 662 1 797 1 573 1 597 1 956 1
143 0 5 663 1 679 1 733 1 523 1 784 1
144 0 5 664 1 576 1 775 1 703 1 640 1
145 0 5 665 1 889 1 659 1 743 1 597 1
146 0 5 666 1 947 1 749 1 919 1 600 1
147 0 5 667 1 740 1 870 1 751 1 1013 1
148 0 5 668 1 971 1 791 1 905 1 992 1
149 0 5 669 1 876 1 726 1 960 1 1016 1
150 0 5 670 1 545 1 749 1 995 1 954 1
151 0 5 671 1 911 1 729 1 871 1 794 1
152 0 5 672 1 614 1 893 1 531 1 642 1
153 0 5 673 1 826 1 789 1 928 1 722 1
154 0 5 674 1 634 1 635 1 553 1 988 1
155 0 5 675 1 790 1 836 1 1000 1 541 1
156 0 5 676 1 922 1 660 1 564 1 683 1
157 0 5 677 1 1020 1 935 1 795 1 775 1
158 0 5 678 1 745 1 761 1 888 1 980 1
159 0 5 679 1 976 1 663 1 523 1 805 1
160 0 5 680 1 593 1 720 1 727 1 594 1
161 0 5 681 1 879 1 536 1 847 1 825 1
162 0 5 682 1 767 1 856 1 647 1 596 1
163 0 5 683 1 922 1 713 1 676 1 538 1
164 0 5 684 1 985 1 669 1 811 1 726 1
165 0 5 685 1 742 1 801 1 774 1 821 1
166 0 5 686 1 528 1 738 1 848 1 705 1
167 0 5 687 1 829 1 688 1 814 1 734 1
168 0 5 688 1 687 1 821 1 809 1 828 1
169 0 5 689 1 719 1 755 1 783 1 977 1
170 0 5 690 1 819 1 1015 1 542 1 897 1
171 0 5 691 1 754 1 529 1 775 1 640 1
172 0 5 692 1 524 1 831 1 603 1 807 1
173 0 5 693 1 1016 1 817 1 633 1 530 1
174 0 5 694 1 754 1 912 1 535 1 975 1
175 0 5 695 1 562 1 573 1 986 1 833 1
176 0 5 696 1 637 1 880 1 982 1 945 1
177 0 5 697 1 944 1 979 1 590 1 974 1
178 0 5 698 1 1020 1 858 1 818 1 753 1
179 0 5 699 1 532 1 693 1 1016 1 987 1
180 0 5 700 1 678 1 980 1 604 1 914 1
181 0 5 701 1 991 1 855 1 784 1 609 1
182 0 5 702 1 902 1 968 1 639 1 854 1
183 0 5 703 1 709 1 795 1 576 1 664 1
184 0 5 704 1 580 1 760 1 780 1 550 1
185 0 5 705 1 572 1 779 1 919 1 711 1
186 0 5 706 1 551 1 694 1 843 1 754 1
187 0 5 707 1 891 1 864 1 873 1 571 1
188 0 5 708 1 576 1 592 1 754 1 951 1
189 0 5 709 1 795 1 677 1 775 1 953 1
190 0 5 710 1 656 1 785 1 941 1 934 1
191 0 5 711 1 528 1 686 1 779 1 705 1
192 0 5 712 1 970 1 878 1 875 1 732 1
193 0 5 713 1 1017 1 683 1 887 1 676 1
194 0 5 714 1 731 1 856 1 596 1 933 1
195 0 5 715 1 892 1 743 1 648 1 800 1
196 0 5 716 1 636 1 849 1 650 1 989 1
197 0 5 717 1 927 1 589 1 936 1 765 1
198 0 5 718 1 788 1 797 1 597 1 662 1
199 0 5 719 1 977 1 689 1 579 1 783 1
200 0 5 720 1 680 1 594 1 905 1 971 1
201 0 5 721 1 1010 1 759 1 750 1 886 1
202 0 5 722 1 554 1 936 1 778 1 673 1
203 0 5 723 1 918 1 916 1 899 1 602 1
204 0 5 724 1 559 1 577 1 658 1 597 1
205 0 5 725 1 717 1 927 1 813 1 957 1
206 0 5 726 1 876 1 633 1 811 1 1016 1
207 0 5 727 1 841 1 593 1 556 1 564 1
208 0 5 728 1 934 1 941 1 710 1 794 1
209 0 5 729 1 746 1 773 1 671 1 911 1
210 0 5 730 1 521 1 613 1 931 1 685 1
211 0 5 731 1 643 1 596 1 1013 1 714 1
212 0 5 732 1 594 1 964 1 606 1 645 1
213 0 5 733 1 663 1 1006 1 523 1 766 1
214 0 5 734 1 814 1 687 1 1000 1 829 1
215 0 5 735 1 875 1 970 1 712 1 973 1
216 0 5 736 1 738 1 799 1 1002 1 861 1
217 0 5 737 1 652 1 615 1 1019 1 924 1
218 0 5 738 1 759 1 686 1 779 1 528 1
219 0 5 739 1 526 1 552 1 955 1 903 1
220 0 5 740 1 771 1 961 1 615 1 667 1
221 0 5 741 1 812 1 628 1 544 1 607 1
222 0 5 742 1 829 1 774 1 688 1 814 1
223 0 5 743 1 648 1 881 1 882 1 653 1
224 0 5 744 1 626 1 543 1 574 1 894 1
225 0 5 745 1 761 1 863 1 802 1 766 1
226 0 5 746 1 900 1 943 1 773 1 729 1
227 0 5 747 1 803 1 1014 1 852 1 750 1
228 0 5 748 1 965 1 1004 1 1000 1 541 1
229 0 5 749 1 670 1 947 1 779 1 600 1
230 0 5 750 1 747 1 721 1 759 1 803 1
231 0 5 751 1 1013 1 667 1 834 1 937 1
232 0 5 752 1 851 1 1002 1 658 1 799 1
233 0 5 753 1 818 1 533 1 672 1 614 1
234 0 5 754 1 951 1 694 1 858 1 912 1
235 0 5 755 1 783 1 689 1 563 1 977 1
236 0 5 756 1 552 1 758 1 526 1 541 1
237 0 5 757 1 771 1 615 1 740 1 833 1
238 0 5 758 1 748 1 965 1 814 1 828 1
239 0 5 759 1 705 1 779 1 686 1 721 1
240 0 5 760 1 1012 1 704 1 780 1 580 1
241 0 5 761 1 863 1 745 1 888 1 865 1
242 0 5 762 1 619 1 583 1 535 1 531 1
243 0 5 763 1 835 1 582 1 906 1 795 1
244 0 5 764 1 602 1 522 1 629 1 945 1
245 0 5 765 1 725 1 957 1 717 1 927 1
246 0 5 766 1 1001 1 802 1 663 1 784 1
247 0 5 767 1 714 1 596 1 856 1 933 1
248 0 5 768 1 665 1 889 1 984 1 743 1
249 0 5 769 1 865 1 887 1 537 1 932 1
250 0 5 770 1 521 1 893 1 557 1 801 1
251 0 5 771 1 961 1 740 1 870 1 615 1
252 0 5 772 1 598 1 849 1 625 1 582 1
253 0 5 773 1 943 1 990 1 900 1 901 1
254 0 5 774 1 821 1 685 1 742 1 688 1
255 0 5 775 1 953 1 640 1 709 1 677 1
256 0 5 776 1 1008 1 588 1 815 1 997 1
257 0 5 777 1 677 1 582 1 968 1 612 1
258 0 5 778 1 722 1 1007 1 569 1 980 1
259 0 5 779 1 711 1 759 1 528 1 919 1
260 0 5 780 1 579 1 590 1 704 1 1012 1
261 0 5 781 1 880 1 721 1 982 1 598 1
262 0 5 782 1 825 1 872 1 991 1 847 1
263 0 5 783 1 755 1 977 1 563 1 689 1
264 0 5 784 1 542 1 1001 1 991 1 701 1
265 0 5 785 1 728 1 710 1 934 1 603 1
266 0 5 786 1 1004 1 965 1 1000 1 748 1
267 0 5 787 1 607 1 741 1 883 1 544 1
268 0 5 788 1 718 1 851 1 908 1 823 1
269 0 5 789 1 673 1 928 1 527 1 890 1
270 0 5 790 1 838 1 675 1 836 1 917 1
271 0 5 791 1 668 1 971 1 973 1 645 1
272 0 5 792 1 867 1 901 1 945 1 871 1
273 0 5 793 1 939 1 1017 1 538 1 676 1
274 0 5 794 1 877 1 911 1 729 1 603 1
275 0 5 795 1 677 1 763 1 646 1 850 1
276 0 5 796 1 859 1 869 1 896 1 862 1
277 0 5 797 1 718 1 662 1 956 1 788 1
278 0 5 798 1 847 1 898 1 927 1 804 1
279 0 5 799 1 1002 1 736 1 860 1 752 1
280 0 5 800 1 881 1 833 1 652 1 616 1
281 0 5 801 1 557 1 742 1 829 1 821 1
282 0 5 802 1 980 1 766 1 1001 1 863 1
283 0 5 803 1 848 1 747 1 1014 1 686 1
284 0 5 804 1 898 1 725 1 891 1 879 1
285 0 5 805 1 937 1 567 1 976 1 615 1
286 0 5 806 1 972 1 920 1 1008 1 776 1
287 0 5 807 1 831 1 972 1 603 1 697 1
288 0 5 808 1 587 1 913 1 815 1 785 1
289 0 5 809 1 828 1 959 1 688 1 715 1
290 0 5 810 1 948 1 758 1 1021 1 829 1
291 0 5 811 1 985 1 726 1 546 1 543 1
292 0 5 812 1 964 1 591 1 732 1 594 1
293 0 5 813 1 798 1 782 1 927 1 784 1
294 0 5 814 1 734 1 829 1 557 1 687 1
295 0 5 815 1 808 1 997 1 587 1 785 1
296 0 5 816 1 897 1 690 1 542 1 568 1
297 0 5 817 1 693 1 954 1 649 1 1016 1
298 0 5 818 1 753 1 614 1 533 1 586 1
299 0 5 819 1 1015 1 996 1 681 1 631 1
300 0 5 820 1 622 1 800 1 715 1 737 1
301 0 5 821 1 742 1 801 1 829 1 774 1
302 0 5 822 1 789 1 527 1 673 1 890 1
303 0 5 823 1 658 1 788 1 718 1 724 1
304 0 5 824 1 629 1 729 1 913 1 773 1
305 0 5 825 1 536 1 782 1 681 1 872 1
306 0 5 826 1 722 1 554 1 936 1 928 1
307 0 5 827 1 621 1 537 1 769 1 865 1
308 0 5 828 1 809 1 688 1 856 1 687 1
309 0 5 829 1 801 1 734 1 687 1 814 1
310 0 5 830 1 844 1 937 1 584 1 866 1
311 0 5 831 1 807 1 603 1 972 1 524 1
312 0 5 832 1 1006 1 652 1 661 1 805 1
313 0 5 833 1 949 1 924 1 615 1 771 1
314 0 5 834 1 921 1 937 1 751 1 805 1
315 0 5 835 1 625 1 582 1 763 1 598 1
316 0 5 836 1 675 1 790 1 541 1 1000 1
317 0 5 837 1 717 1 571 1 927 1 765 1
318 0 5 838 1 917 1 978 1 770 1 790 1
319 0 5 839 1 845 1 947 1 974 1 919 1
320 0 5 840 1 684 1 543 1 744 1 669 1
321 0 5 841 1 1003 1 556 1 952 1 857 1
322 0 5 842 1 591 1 564 1 793 1 939 1
323 0 5 843 1 535 1 868 1 694 1 762 1
324 0 5 844 1 584 1 866 1 907 1 568 1
325 0 5 845 1 839 1 947 1 974 1 950 1
326 0 5 846 1 890 1 910 1 608 1 860 1
327 0 5 847 1 798 1 804 1 898 1 879 1
328 0 5 848 1 649 1 1014 1 960 1 803 1
329 0 5 849 1 772 1 635 1 989 1 553 1
330 0 5 850 1 777 1 763 1 935 1 835 1
331 0 5 851 1 716 1 752 1 662 1 738 1
332 0 5 852 1 919 1 759 1 574 1 803 1
333 0 5 853 1 864 1 525 1 539 1 963 1
334 0 5 854 1 915 1 623 1 943 1 654 1
335 0 5 855 1 609 1 962 1 926 1 983 1
336 0 5 856 1 933 1 714 1 596 1 647 1
337 0 5 857 1 660 1 1003 1 841 1 952 1
338 0 5 858 1 698 1 583 1 619 1 531 1
339 0 5 859 1 772 1 862 1 849 1 582 1
340 0 5 860 1 799 1 736 1 954 1 1002 1
341 0 5 861 1 1002 1 736 1 560 1 752 1
342 0 5 862 1 598 1 772 1 859 1 582 1
343 0 5 863 1 837 1 778 1 980 1 717 1
344 0 5 864 1 707 1 525 1 853 1 963 1
345 0 5 865 1 887 1 707 1 883 1 761 1
346 0 5 866 1 1018 1 568 1 907 1 844 1
347 0 5 867 1 792 1 901 1 886 1 578 1
348 0 5 868 1 843 1 551 1 583 1 535 1
349 0 5 869 1 859 1 984 1 768 1 862 1
350 0 5 870 1 998 1 1019 1 961 1 688 1
351 0 5 871 1 671 1 522 1 575 1 629 1
352 0 5 872 1 991 1 782 1 855 1 701 1
353 0 5 873 1 571 1 957 1 707 1 765 1
354 0 5 874 1 567 1 937 1 907 1 958 1
355 0 5 875 1 878 1 970 1 638 1 735 1
356 0 5 876 1 726 1 1016 1 669 1 699 1
357 0 5 877 1 729 1 911 1 794 1 671 1
358 0 5 878 1 638 1 875 1 633 1 606 1
359 0 5 879 1 847 1 804 1 681 1 536 1
360 0 5 880 1 696 1 982 1 637 1 1010 1
361 0 5 881 1 653 1 882 1 743 1 569 1
362 0 5 882 1 569 1 881 1 653 1 914 1
363 0 5 883 1 787 1 631 1 571 1 996 1
364 0 5 884 1 650 1 990 1 578 1 636 1
365 0 5 885 1 750 1 966 1 549 1 946 1
366 0 5 886 1 867 1 575 1 884 1 721 1
367 0 5 887 1 628 1 932 1 769 1 713 1
368 0 5 888 1 678 1 761 1 778 1 827 1
369 0 5 889 1 659 1 665 1 597 1 940 1
370 0 5 890 1 822 1 527 1 846 1 923 1
371 0 5 891 1 595 1 571 1 707 1 725 1
372 0 5 892 1 800 1 648 1 949 1 737 1
373 0 5 893 1 521 1 672 1 770 1 614 1
374 0 5 894 1 960 1 574 1 669 1 852 1
375 0 5 895 1 950 1 979 1 845 1 563 1
376 0 5 896 1 869 1 859 1 984 1 768 1
377 0 5 897 1 690 1 816 1 962 1 542 1
378 0 5 898 1 804 1 927 1 725 1 784 1
379 0 5 899 1 1008 1 916 1 776 1 534 1
380 0 5 900 1 943 1 746 1 990 1 773 1
381 0 5 901 1 578 1 773 1 990 1 945 1
382 0 5 902 1 968 1 854 1 602 1 654 1
383 0 5 903 1 978 1 762 1 955 1 535 1
384 0 5 904 1 975 1 694 1 912 1 810 1
385 0 5 905 1 971 1 668 1 720 1 992 1
386 0 5 906 1 646 1 639 1 795 1 702 1
387 0 5 907 1 866 1 874 1 584 1 962 1
388 0 5 908 1 823 1 559 1 788 1 658 1
389 0 5 909 1 624 1 778 1 986 1 1007 1
390 0 5 910 1 846 1 608 1 890 1 923 1
391 0 5 911 1 794 1 671 1 877 1 729 1
392 0 5 912 1 975 1 642 1 754 1 535 1
393 0 5 913 1 808 1 794 1 911 1 534 1
394 0 5 914 1 604 1 700 1 881 1 1006 1
395 0 5 915 1 623 1 854 1 654 1 943 1
396 0 5 916 1 899 1 1008 1 534 1 776 1
397 0 5 917 1 642 1 978 1 838 1 790 1
398 0 5 918 1 764 1 916 1 602 1 723 1
399 0 5 919 1 759 1 779 1 947 1 894 1
400 0 5 920 1 692 1 806 1 524 1 972 1
401 0 5 921 1 830 1 937 1 844 1 731 1
402 0 5 922 1 676 1 538 1 683 1 660 1
403 0 5 923 1 608 1 540 1 890 1 910 1
404 0 5 924 1 651 1 615 1 652 1 616 1
405 0 5 925 1 648 1 859 1 613 1 896 1
406 0 5 926 1 618 1 962 1 548 1 855 1
407 0 5 927 1 813 1 589 1 798 1 784 1
408 0 5 928 1 577 1 789 1 673 1 822 1
409 0 5 929 1 827 1 621 1 888 1 940 1
410 0 5 930 1 1005 1 605 1 638 1 992 1
411 0 5 931 1 613 1 562 1 573 1 616 1
412 0 5 932 1 713 1 537 1 887 1 683 1
413 0 5 933 1 1019 1 737 1 1013 1 870 1
414 0 5 934 1 941 1 710 1 728 1 656 1
415 0 5 935 1 586 1 677 1 850 1 969 1
416 0 5 936 1 722 1 1007 1 589 1 554 1
417 0 5 937 1 567 1 1013 1 805 1 1006 1
418 0 5 938 1 969 1 601 1 850 1 677 1
419 0 5 939 1 564 1 793 1 842 1 676 1
420 0 5 940 1 929 1 659 1 724 1 549 1
421 0 5 941 1 710 1 656 1 934 1 728 1
422 0 5 942 1 521 1 529 1 640 1 763 1
423 0 5 943 1 900 1 773 1 746 1 824 1
424 0 5 944 1 697 1 590 1 603 1 979 1
425 0 5 945 1 696 1 901 1 522 1 792 1
426 0 5 946 1 885 1 966 1 750 1 781 1
427 0 5 947 1 705 1 845 1 572 1 839 1
428 0 5 948 1 758 1 828 1 809 1 1021 1
429 0 5 949 1 961 1 737 1 774 1 800 1
430 0 5 950 1 600 1 666 1 563 1 749 1
431 0 5 951 1 581 1 858 1 754 1 694 1
432 0 5 952 1 560 1 556 1 660 1 683 1
433 0 5 953 1 640 1 677 1 529 1 942 1
434 0 5 954 1 860 1 545 1 670 1 995 1
435 0 5 955 1 903 1 762 1 526 1 739 1
436 0 5 956 1 988 1 573 1 553 1 931 1
437 0 5 957 1 765 1 996 1 571 1 891 1
438 0 5 958 1 874 1 907 1 609 1 548 1
439 0 5 959 1 715 1 809 1 688 1 828 1
440 0 5 960 1 669 1 894 1 574 1 852 1
441 0 5 961 1 774 1 870 1 821 1 949 1
442 0 5 962 1 926 1 618 1 548 1 855 1
443 0 5 963 1 853 1 620 1 525 1 591 1
444 0 5 964 1 732 1 812 1 1005 1 680 1
445 0 5 965 1 786 1 734 1 814 1 687 1
446 0 5 966 1 908 1 659 1 788 1 718 1
447 0 5 967 1 585 1 1011 1 627 1 539 1
448 0 5 968 1 639 1 854 1 702 1 915 1
449 0 5 969 1 935 1 850 1 586 1 777 1
450 0 5 970 1 735 1 712 1 875 1 878 1
451 0 5 971 1 905 1 668 1 992 1 994 1
452 0 5 972 1 920 1 603 1 710 1 806 1
453 0 5 973 1 657 1 546 1 992 1 994 1
454 0 5 974 1 839 1 845 1 919 1 947 1
455 0 5 975 1 912 1 526 1 535 1 762 1
456 0 5 976 1 661 1 757 1 615 1 805 1
457 0 5 977 1 719 1 783 1 579 1 780 1
458 0 5 978 1 917 1 531 1 583 1 642 1
459 0 5 979 1 590 1 974 1 697 1 563 1
460 0 5 980 1 863 1 832 1 802 1 589 1
461 0 5 981 1 816 1 897 1 962 1 568 1
462 0 5 982 1 1010 1 886 1 880 1 721 1
463 0 5 983 1 542 1 1018 1 855 1 872 1
464 0 5 984 1 665 1 768 1 889 1 859 1
465 0 5 985 1 811 1 546 1 726 1 950 1
466 0 5 986 1 695 1 562 1 624 1 909 1
467 0 5 987 1 712 1 633 1 532 1 699 1
468 0 5 988 1 553 1 634 1 635 1 989 1
469 0 5 989 1 674 1 635 1 999 1 849 1
470 0 5 990 1 884 1 773 1 900 1 578 1
471 0 5 991 1 701 1 784 1 855 1 609 1
472 0 5 992 1 994 1 973 1 657 1 930 1
473 0 5 993 1 932 1 644 1 683 1 713 1
474 0 5 994 1 657 1 992 1 973 1 930 1
475 0 5 995 1 605 1 545 1 546 1 930 1
476 0 5 996 1 627 1 879 1 681 1 536 1
477 0 5 997 1 588 1 815 1 808 1 587 1
478 0 5 998 1 856 1 688 1 1019 1 870 1
479 0 5 999 1 989 1 674 1 650 1 849 1
480 0 5 1000 1 541 1 836 1 734 1 675 1
481 0 5 1001 1 802 1 766 1 784 1 927 1
482 0 5 1002 1 752 1 851 1 658 1 799 1
483 0 5 1003 1 857 1 660 1 841 1 1005 1
484 0 5 1004 1 786 1 1000 1 541 1 748 1
485 0 5 1005 1 680 1 930 1 712 1 720 1
486 0 5 1006 1 733 1 832 1 805 1 766 1
487 0 5 1007 1 909 1 986 1 695 1 562 1
488 0 5 1008 1 776 1 588 1 587 1 815 1
489 0 5 1009 1 906 1 708 1 646 1 1020 1
490 0 5 1010 1 721 1 982 1 880 1 886 1
491 0 5 1011 1 873 1 595 1 996 1 571 1
492 0 5 1012 1 760 1 780 1 575 1 550 1
493 0 5 1013 1 937 1 751 1 667 1 933 1
494 0 5 1014 1 566 1 574 1 852 1 747 1
495 0 5 1015 1 819 1 631 1 1001 1 784 1
496 0 5 1016 1 693 1 876 1 699 1 817 1
497 0 5 1017 1 793 1 538 1 939 1 676 1
498 0 5 1018 1 983 1 855 1 542 1 962 1
499 0 5 1019 1 870 1 667 1 998 1 961 1
500 0 5 1020 1 586 1 581 1 677 1 698 1
501 0 5 1021 1 959 1 828 1 809 1 688 1
502 0 5 1022 0 521 1 1022 1 1023 1 1024 1
503 0 5 1023 0 521 1 1022 1 1023 1 1024 1
504 0 5 1024 0 521 1 1022 1 1023 1 1024 1
505 0 5 1025 0 521 1 1022 1 1023 1 1024 1
506 0 5 1026 0 521 1 1022 1 1023 1 1024 1
507 0 5 1027 0 521 1 1022 1 1023 1 1024 1
508 0 5 1028 0 521 1 1022 1 1023 1 1024 1
509 0 5 1029 0 521 1 1022 1 1023 1 1024 1
510 0 5 1030 0 521 1 1022 1 1023 1 1024 1
511 0 5 1031 0 521 1 1022 1 1023 1 1024 1
512 0 5 1032 0 521 1 1022 1 1023 1 1024 1
513 0 5 1033 0 521 1 1022 1 1023 1 1024 1
514 0 5 1034 0 521 1 1022 1 1023 1 1024 1
515 0 5 1035 0 521 1 1022 1 1023 1 1024 1
516 0 5 1036 0 521 1 1022 1 1023 1 1024 1
517 0 5 1037 0 521 1 1022 1 1023 1 1024 1
518 0 5 1038 0 521 1 1022 1 1023 1 1024 1
519 0 5 1039 0 521 1 1022 1 1023 1 1024 1
520 0 5 1040 0 521 1 1022 1 1023 1 1024 1
521 0 5 1 0 520 1 519 1 518 1 517 1
522 0 5 2 1 55 1 425 1 244 1 351 1
523 0 5 3 1 47 1 213 1 159 1 143 1
524 0 5 4 1 172 1 311 1 400 1 452 1
525 0 5 5 1 333 1 344 1 443 1 36 1
526 0 5 6 1 219 1 455 1 435 1 318 1
527 0 5 7 1 18 1 302 1 370 1 5 1
528 0 5 8 1 191 1 166 1 259 1 434 1
529 0 5 9 1 1 1 433 1 422 1 171 1
530 0 5 10 1 113 1 173 1 297 1 206 1
531 0 5 11 1 99 1 63 1 13 1 242 1
532 0 5 12 1 179 1 467 1 124 1 356 1
533 0 5 13 1 63 1 233 1 298 1 66 1
534 0 5 14 1 67 1 393 1 396 1 68 1
535 0 5 15 1 323 1 455 1 6 1 242 1
536 0 5 16 1 305 1 161 1 359 1 352 1
537 0 5 17 1 307 1 412 1 101 1 367 1
538 0 5 18 1 7 1 402 1 497 1 5 1
539 0 5 19 1 36 1 333 1 73 1 5 1
540 0 5 20 1 39 1 403 1 138 1 370 1
541 0 5 21 1 480 1 484 1 316 1 228 1
542 0 5 22 1 463 1 170 1 264 1 498 1
543 0 5 23 1 224 1 90 1 106 1 320 1
544 0 5 24 1 108 1 71 1 221 1 292 1
545 0 5 25 1 150 1 475 1 85 1 434 1
546 0 5 26 1 465 1 291 1 475 1 453 1
547 0 5 27 1 78 1 121 1 426 1 261 1
548 0 5 28 1 98 1 406 1 89 1 442 1
549 0 5 29 1 365 1 420 1 268 1 426 1
550 0 5 30 1 117 1 2 1 492 1 184 1
551 0 5 31 1 186 1 348 1 431 1 323 1
552 0 5 32 1 236 1 219 1 6 1 455 1
553 0 5 33 1 468 1 115 1 436 1 329 1
554 0 5 34 1 202 1 306 1 416 1 487 1
555 0 5 35 1 328 1 124 1 473 1 129 1
556 0 5 36 1 207 1 321 1 73 1 44 1
557 0 5 37 1 281 1 294 1 309 1 214 1
558 0 5 38 1 363 1 267 1 345 1 87 1
559 0 5 39 1 204 1 139 1 388 1 446 1
560 0 5 40 1 432 1 7 1 340 1 163 1
561 0 5 41 1 1 1 171 1 384 1 290 1
562 0 5 42 1 104 1 175 1 49 1 466 1
563 0 5 43 1 399 1 263 1 235 1 459 1
564 0 5 44 1 419 1 322 1 156 1 402 1
565 0 5 45 1 1 1 171 1 114 1 422 1
566 0 5 46 1 494 1 106 1 224 1 227 1
567 0 5 47 1 417 1 3 1 285 1 213 1
568 0 5 48 1 346 1 461 1 296 1 22 1
569 0 5 49 1 362 1 258 1 133 1 223 1
570 0 5 50 1 1 1 276 1 376 1 349 1
571 0 5 51 1 353 1 437 1 371 1 317 1
572 0 5 52 1 185 1 427 1 166 1 239 1
573 0 5 53 1 142 1 104 1 175 1 436 1
574 0 5 54 1 374 1 46 1 494 1 224 1
575 0 5 55 1 366 1 492 1 117 1 2 1
576 0 5 56 1 188 1 144 1 183 1 9 1
577 0 5 57 1 408 1 138 1 204 1 303 1
578 0 5 58 1 381 1 347 1 425 1 364 1
579 0 5 59 1 260 1 457 1 199 1 70 1
580 0 5 60 1 30 1 184 1 240 1 492 1
581 0 5 61 1 431 1 500 1 31 1 63 1
582 0 5 62 1 243 1 79 1 105 1 315 1
583 0 5 63 1 99 1 338 1 242 1 61 1
584 0 5 64 1 324 1 387 1 417 1 310 1
585 0 5 65 1 447 1 491 1 75 1 107 1
586 0 5 66 1 415 1 500 1 298 1 157 1
587 0 5 67 1 288 1 14 1 68 1 295 1
588 0 5 68 1 477 1 256 1 488 1 295 1
589 0 5 69 1 407 1 460 1 416 1 197 1
590 0 5 70 1 459 1 424 1 260 1 457 1
591 0 5 71 1 322 1 292 1 443 1 100 1
592 0 5 72 1 45 1 120 1 188 1 183 1
593 0 5 73 1 160 1 207 1 71 1 100 1
594 0 5 74 1 212 1 200 1 485 1 385 1
595 0 5 75 1 371 1 491 1 51 1 65 1
596 0 5 76 1 247 1 194 1 211 1 336 1
597 0 5 77 1 198 1 57 1 142 1 369 1
598 0 5 78 1 252 1 339 1 342 1 261 1
599 0 5 79 1 1 1 276 1 405 1 62 1
600 0 5 80 1 430 1 146 1 229 1 375 1
601 0 5 81 1 126 1 418 1 449 1 380 1
602 0 5 82 1 244 1 134 1 398 1 103 1
603 0 5 83 1 311 1 452 1 136 1 287 1
604 0 5 84 1 394 1 180 1 362 1 361 1
605 0 5 85 1 475 1 410 1 10 1 337 1
606 0 5 86 1 118 1 125 1 212 1 74 1
607 0 5 87 1 267 1 38 1 221 1 363 1
608 0 5 88 1 403 1 390 1 326 1 20 1
609 0 5 89 1 335 1 438 1 28 1 181 1
610 0 5 90 1 23 1 106 1 224 1 149 1
611 0 5 91 1 97 1 135 1 382 1 119 1
612 0 5 92 1 62 1 79 1 72 1 45 1
613 0 5 93 1 411 1 210 1 405 1 50 1
614 0 5 94 1 152 1 298 1 233 1 11 1
615 0 5 95 1 132 1 404 1 217 1 237 1
616 0 5 96 1 131 1 280 1 404 1 133 1
617 0 5 97 1 91 1 135 1 119 1 395 1
618 0 5 98 1 406 1 442 1 28 1 335 1
619 0 5 99 1 63 1 242 1 338 1 61 1
620 0 5 100 1 24 1 443 1 71 1 108 1
621 0 5 101 1 409 1 307 1 368 1 241 1
622 0 5 102 1 300 1 123 1 413 1 194 1
623 0 5 103 1 395 1 334 1 134 1 82 1
624 0 5 104 1 389 1 49 1 466 1 53 1
625 0 5 105 1 315 1 252 1 62 1 329 1
626 0 5 106 1 224 1 494 1 46 1 235 1
627 0 5 107 1 476 1 447 1 491 1 65 1
628 0 5 108 1 367 1 24 1 221 1 87 1
629 0 5 109 1 304 1 134 1 244 1 351 1
630 0 5 110 1 26 1 150 1 465 1 229 1
631 0 5 111 1 495 1 363 1 299 1 51 1
632 0 5 112 1 7 1 153 1 269 1 40 1
633 0 5 113 1 467 1 206 1 173 1 358 1
634 0 5 114 1 154 1 115 1 468 1 33 1
635 0 5 115 1 154 1 329 1 469 1 130 1
636 0 5 116 1 196 1 130 1 364 1 329 1
637 0 5 117 1 176 1 462 1 360 1 425 1
638 0 5 118 1 358 1 355 1 410 1 485 1
639 0 5 119 1 448 1 386 1 182 1 243 1
640 0 5 120 1 433 1 255 1 1 1 45 1
641 0 5 121 1 27 1 78 1 426 1 261 1
642 0 5 122 1 397 1 11 1 392 1 242 1
643 0 5 123 1 211 1 132 1 194 1 280 1
644 0 5 124 1 129 1 473 1 35 1 173 1
645 0 5 125 1 86 1 271 1 212 1 118 1
646 0 5 126 1 386 1 275 1 500 1 119 1
647 0 5 127 1 336 1 162 1 289 1 194 1
648 0 5 128 1 223 1 372 1 50 1 195 1
649 0 5 129 1 328 1 297 1 124 1 35 1
650 0 5 130 1 116 1 364 1 329 1 196 1
651 0 5 131 1 404 1 96 1 280 1 132 1
652 0 5 132 1 217 1 312 1 123 1 404 1
653 0 5 133 1 361 1 362 1 280 1 49 1
654 0 5 134 1 103 1 82 1 244 1 398 1
655 0 5 135 1 97 1 91 1 398 1 203 1
656 0 5 136 1 190 1 421 1 414 1 83 1
657 0 5 137 1 453 1 474 1 472 1 271 1
658 0 5 138 1 303 1 39 1 57 1 388 1
659 0 5 139 1 369 1 420 1 446 1 29 1
660 0 5 140 1 156 1 337 1 483 1 402 1
661 0 5 141 1 456 1 312 1 132 1 285 1
662 0 5 142 1 77 1 277 1 198 1 268 1
663 0 5 143 1 3 1 213 1 159 1 246 1
664 0 5 144 1 9 1 56 1 1 1 120 1
665 0 5 145 1 464 1 248 1 369 1 223 1
666 0 5 146 1 80 1 430 1 229 1 399 1
667 0 5 147 1 499 1 231 1 493 1 350 1
668 0 5 148 1 271 1 385 1 451 1 200 1
669 0 5 149 1 440 1 164 1 356 1 374 1
670 0 5 150 1 229 1 25 1 434 1 206 1
671 0 5 151 1 351 1 391 1 209 1 357 1
672 0 5 152 1 11 1 94 1 233 1 298 1
673 0 5 153 1 269 1 302 1 258 1 408 1
674 0 5 154 1 469 1 130 1 116 1 115 1
675 0 5 155 1 316 1 32 1 21 1 480 1
676 0 5 156 1 402 1 163 1 44 1 273 1
677 0 5 157 1 275 1 433 1 500 1 189 1
678 0 5 158 1 368 1 180 1 225 1 241 1
679 0 5 159 1 143 1 3 1 213 1 486 1
680 0 5 160 1 200 1 485 1 444 1 74 1
681 0 5 161 1 16 1 359 1 299 1 305 1
682 0 5 162 1 127 1 336 1 289 1 102 1
683 0 5 163 1 473 1 193 1 402 1 18 1
684 0 5 164 1 320 1 23 1 149 1 291 1
685 0 5 165 1 254 1 429 1 301 1 93 1
686 0 5 166 1 8 1 191 1 239 1 283 1
687 0 5 167 1 168 1 214 1 294 1 309 1
688 0 5 168 1 167 1 289 1 308 1 350 1
689 0 5 169 1 199 1 235 1 263 1 457 1
690 0 5 170 1 377 1 296 1 299 1 22 1
691 0 5 171 1 1 1 122 1 41 1 384 1
692 0 5 172 1 400 1 4 1 452 1 311 1
693 0 5 173 1 496 1 297 1 179 1 129 1
694 0 5 174 1 15 1 323 1 186 1 431 1
695 0 5 175 1 466 1 42 1 487 1 104 1
696 0 5 176 1 360 1 425 1 117 1 2 1
697 0 5 177 1 424 1 459 1 59 1 70 1
698 0 5 178 1 338 1 61 1 500 1 13 1
699 0 5 179 1 129 1 124 1 12 1 149 1
700 0 5 180 1 84 1 394 1 362 1 158 1
701 0 5 181 1 471 1 352 1 264 1 89 1
702 0 5 182 1 72 1 92 1 448 1 382 1
703 0 5 183 1 56 1 144 1 72 1 9 1
704 0 5 184 1 60 1 240 1 260 1 30 1
705 0 5 185 1 427 1 239 1 166 1 52 1
706 0 5 186 1 122 1 94 1 373 1 392 1
707 0 5 187 1 344 1 345 1 353 1 371 1
708 0 5 188 1 120 1 72 1 489 1 94 1
709 0 5 189 1 183 1 433 1 275 1 255 1
710 0 5 190 1 421 1 414 1 265 1 452 1
711 0 5 191 1 259 1 8 1 166 1 239 1
712 0 5 192 1 467 1 450 1 485 1 212 1
713 0 5 193 1 412 1 163 1 473 1 367 1
714 0 5 194 1 247 1 336 1 300 1 76 1
715 0 5 195 1 439 1 289 1 308 1 300 1
716 0 5 196 1 331 1 268 1 116 1 329 1
717 0 5 197 1 205 1 317 1 245 1 416 1
718 0 5 198 1 268 1 277 1 303 1 446 1
719 0 5 199 1 169 1 457 1 59 1 263 1
720 0 5 200 1 74 1 160 1 385 1 148 1
721 0 5 201 1 490 1 230 1 239 1 261 1
722 0 5 202 1 306 1 258 1 416 1 153 1
723 0 5 203 1 135 1 398 1 82 1 244 1
724 0 5 204 1 139 1 138 1 57 1 303 1
725 0 5 205 1 245 1 284 1 371 1 197 1
726 0 5 206 1 356 1 291 1 149 1 164 1
727 0 5 207 1 73 1 321 1 160 1 71 1
728 0 5 208 1 265 1 414 1 190 1 83 1
729 0 5 209 1 151 1 357 1 391 1 109 1
730 0 5 210 1 93 1 411 1 405 1 33 1
731 0 5 211 1 76 1 194 1 336 1 102 1
732 0 5 212 1 444 1 292 1 74 1 192 1
733 0 5 213 1 486 1 143 1 47 1 246 1
734 0 5 214 1 294 1 445 1 309 1 480 1
735 0 5 215 1 450 1 467 1 355 1 192 1
736 0 5 216 1 8 1 340 1 279 1 166 1
737 0 5 217 1 123 1 429 1 132 1 372 1
738 0 5 218 1 52 1 216 1 166 1 8 1
739 0 5 219 1 32 1 6 1 435 1 383 1
740 0 5 220 1 147 1 95 1 231 1 237 1
741 0 5 221 1 87 1 367 1 267 1 292 1
742 0 5 222 1 301 1 254 1 165 1 441 1
743 0 5 223 1 128 1 195 1 362 1 372 1
744 0 5 224 1 106 1 494 1 46 1 374 1
745 0 5 225 1 158 1 241 1 368 1 246 1
746 0 5 226 1 209 1 423 1 380 1 253 1
747 0 5 227 1 230 1 46 1 494 1 283 1
748 0 5 228 1 238 1 484 1 445 1 266 1
749 0 5 229 1 150 1 146 1 80 1 206 1
750 0 5 230 1 201 1 365 1 426 1 227 1
751 0 5 231 1 123 1 493 1 314 1 285 1
752 0 5 232 1 482 1 268 1 279 1 138 1
753 0 5 233 1 13 1 298 1 178 1 338 1
754 0 5 234 1 174 1 431 1 392 1 186 1
755 0 5 235 1 263 1 169 1 106 1 46 1
756 0 5 236 1 15 1 6 1 238 1 228 1
757 0 5 237 1 141 1 456 1 95 1 220 1
758 0 5 238 1 236 1 290 1 308 1 428 1
759 0 5 239 1 399 1 201 1 332 1 230 1
760 0 5 240 1 60 1 492 1 184 1 30 1
761 0 5 241 1 225 1 158 1 345 1 368 1
762 0 5 242 1 383 1 15 1 11 1 99 1
763 0 5 243 1 275 1 92 1 433 1 330 1
764 0 5 244 1 398 1 82 1 134 1 103 1
765 0 5 245 1 437 1 353 1 197 1 317 1
766 0 5 246 1 481 1 282 1 213 1 460 1
767 0 5 247 1 162 1 308 1 76 1 127 1
768 0 5 248 1 464 1 50 1 376 1 349 1
769 0 5 249 1 17 1 367 1 307 1 101 1
770 0 5 250 1 37 1 318 1 455 1 294 1
771 0 5 251 1 220 1 237 1 95 1 429 1
772 0 5 252 1 339 1 329 1 33 1 342 1
773 0 5 253 1 209 1 423 1 381 1 58 1
774 0 5 254 1 441 1 429 1 165 1 301 1
775 0 5 255 1 144 1 56 1 9 1 189 1
776 0 5 256 1 488 1 379 1 396 1 286 1
777 0 5 257 1 330 1 449 1 415 1 62 1
778 0 5 258 1 49 1 202 1 389 1 104 1
779 0 5 259 1 185 1 399 1 239 1 229 1
780 0 5 260 1 184 1 492 1 59 1 457 1
781 0 5 261 1 121 1 78 1 426 1 462 1
782 0 5 262 1 293 1 352 1 305 1 22 1
783 0 5 263 1 235 1 457 1 399 1 169 1
784 0 5 264 1 481 1 181 1 471 1 352 1
785 0 5 265 1 83 1 288 1 190 1 68 1
786 0 5 266 1 445 1 484 1 228 1 238 1
787 0 5 267 1 363 1 38 1 87 1 221 1
788 0 5 268 1 198 1 303 1 388 1 138 1
789 0 5 269 1 302 1 153 1 408 1 57 1
790 0 5 270 1 155 1 316 1 318 1 32 1
791 0 5 271 1 125 1 148 1 118 1 200 1
792 0 5 272 1 55 1 347 1 425 1 381 1
793 0 5 273 1 497 1 419 1 322 1 156 1
794 0 5 274 1 391 1 393 1 357 1 83 1
795 0 5 275 1 189 1 183 1 157 1 243 1
796 0 5 276 1 1 1 50 1 79 1 376 1
797 0 5 277 1 77 1 142 1 198 1 268 1
798 0 5 278 1 327 1 293 1 407 1 264 1
799 0 5 279 1 340 1 216 1 482 1 40 1
800 0 5 280 1 372 1 96 1 217 1 131 1
801 0 5 281 1 309 1 301 1 165 1 294 1
802 0 5 282 1 481 1 246 1 460 1 225 1
803 0 5 283 1 227 1 365 1 230 1 239 1
804 0 5 284 1 359 1 327 1 75 1 51 1
805 0 5 285 1 417 1 47 1 312 1 159 1
806 0 5 286 1 400 1 452 1 295 1 477 1
807 0 5 287 1 4 1 311 1 452 1 172 1
808 0 5 288 1 295 1 393 1 477 1 67 1
809 0 5 289 1 308 1 168 1 439 1 501 1
810 0 5 290 1 1 1 384 1 41 1 501 1
811 0 5 291 1 465 1 206 1 164 1 90 1
812 0 5 292 1 221 1 444 1 212 1 74 1
813 0 5 293 1 407 1 197 1 317 1 264 1
814 0 5 294 1 214 1 445 1 167 1 309 1
815 0 5 295 1 477 1 256 1 288 1 68 1
816 0 5 296 1 461 1 377 1 22 1 170 1
817 0 5 297 1 173 1 129 1 10 1 496 1
818 0 5 298 1 66 1 233 1 178 1 13 1
819 0 5 299 1 495 1 170 1 111 1 293 1
820 0 5 300 1 102 1 439 1 123 1 195 1
821 0 5 301 1 254 1 168 1 441 1 350 1
822 0 5 302 1 370 1 153 1 408 1 326 1
823 0 5 303 1 388 1 138 1 268 1 198 1
824 0 5 304 1 109 1 134 1 244 1 423 1
825 0 5 305 1 262 1 16 1 161 1 352 1
826 0 5 306 1 153 1 112 1 416 1 408 1
827 0 5 307 1 101 1 409 1 368 1 345 1
828 0 5 308 1 289 1 168 1 439 1 195 1
829 0 5 309 1 167 1 294 1 301 1 214 1
830 0 5 310 1 401 1 213 1 486 1 324 1
831 0 5 311 1 287 1 4 1 172 1 59 1
832 0 5 312 1 132 1 486 1 133 1 141 1
833 0 5 313 1 96 1 280 1 131 1 429 1
834 0 5 314 1 102 1 231 1 123 1 417 1
835 0 5 315 1 243 1 62 1 78 1 330 1
836 0 5 316 1 21 1 155 1 480 1 32 1
837 0 5 317 1 343 1 407 1 293 1 111 1
838 0 5 318 1 270 1 32 1 6 1 458 1
839 0 5 319 1 454 1 427 1 325 1 399 1
840 0 5 320 1 90 1 23 1 224 1 440 1
841 0 5 321 1 207 1 337 1 44 1 140 1
842 0 5 322 1 44 1 71 1 419 1 273 1
843 0 5 323 1 348 1 186 1 15 1 31 1
844 0 5 324 1 310 1 64 1 346 1 213 1
845 0 5 325 1 319 1 427 1 454 1 375 1
846 0 5 326 1 390 1 88 1 370 1 193 1
847 0 5 327 1 359 1 278 1 161 1 262 1
848 0 5 328 1 283 1 166 1 227 1 129 1
849 0 5 329 1 252 1 78 1 196 1 116 1
850 0 5 330 1 449 1 275 1 415 1 418 1
851 0 5 331 1 232 1 268 1 198 1 482 1
852 0 5 332 1 54 1 46 1 494 1 227 1
853 0 5 333 1 443 1 5 1 36 1 344 1
854 0 5 334 1 119 1 448 1 395 1 382 1
855 0 5 335 1 498 1 181 1 463 1 352 1
856 0 5 336 1 194 1 76 1 162 1 308 1
857 0 5 337 1 483 1 321 1 140 1 485 1
858 0 5 338 1 61 1 178 1 431 1 234 1
859 0 5 339 1 349 1 276 1 376 1 342 1
860 0 5 340 1 434 1 8 1 279 1 326 1
861 0 5 341 1 40 1 279 1 216 1 340 1
862 0 5 342 1 339 1 276 1 79 1 349 1
863 0 5 343 1 460 1 241 1 225 1 282 1
864 0 5 344 1 333 1 5 1 187 1 443 1
865 0 5 345 1 249 1 367 1 363 1 241 1
866 0 5 346 1 387 1 64 1 324 1 310 1
867 0 5 347 1 272 1 366 1 55 1 58 1
868 0 5 348 1 31 1 323 1 186 1 15 1
869 0 5 349 1 376 1 276 1 50 1 79 1
870 0 5 350 1 499 1 441 1 147 1 217 1
871 0 5 351 1 2 1 109 1 55 1 151 1
872 0 5 352 1 22 1 262 1 463 1 264 1
873 0 5 353 1 491 1 51 1 345 1 317 1
874 0 5 354 1 438 1 387 1 89 1 28 1
875 0 5 355 1 215 1 450 1 358 1 192 1
876 0 5 356 1 149 1 206 1 496 1 173 1
877 0 5 357 1 274 1 391 1 393 1 151 1
878 0 5 358 1 355 1 192 1 450 1 485 1
879 0 5 359 1 161 1 75 1 327 1 16 1
880 0 5 360 1 261 1 490 1 462 1 176 1
881 0 5 361 1 280 1 223 1 133 1 362 1
882 0 5 362 1 133 1 361 1 223 1 180 1
883 0 5 363 1 38 1 111 1 345 1 51 1
884 0 5 364 1 366 1 58 1 347 1 130 1
885 0 5 365 1 426 1 121 1 27 1 29 1
886 0 5 366 1 347 1 52 1 490 1 462 1
887 0 5 367 1 345 1 412 1 249 1 193 1
888 0 5 368 1 158 1 225 1 409 1 241 1
889 0 5 369 1 145 1 464 1 248 1 139 1
890 0 5 370 1 326 1 302 1 269 1 390 1
891 0 5 371 1 187 1 75 1 51 1 353 1
892 0 5 372 1 195 1 128 1 308 1 439 1
893 0 5 373 1 122 1 250 1 392 1 11 1
894 0 5 374 1 54 1 440 1 399 1 224 1
895 0 5 375 1 43 1 430 1 459 1 399 1
896 0 5 376 1 1 1 276 1 405 1 50 1
897 0 5 377 1 296 1 461 1 170 1 22 1
898 0 5 378 1 284 1 278 1 327 1 407 1
899 0 5 379 1 396 1 398 1 203 1 488 1
900 0 5 380 1 226 1 423 1 253 1 470 1
901 0 5 381 1 272 1 58 1 347 1 425 1
902 0 5 382 1 182 1 448 1 119 1 334 1
903 0 5 383 1 435 1 219 1 242 1 6 1
904 0 5 384 1 41 1 1 1 455 1 171 1
905 0 5 385 1 451 1 148 1 200 1 74 1
906 0 5 386 1 489 1 119 1 72 1 243 1
907 0 5 387 1 64 1 438 1 324 1 346 1
908 0 5 388 1 446 1 138 1 268 1 198 1
909 0 5 389 1 487 1 49 1 104 1 466 1
910 0 5 390 1 88 1 326 1 403 1 370 1
911 0 5 391 1 151 1 357 1 393 1 274 1
912 0 5 392 1 455 1 174 1 6 1 242 1
913 0 5 393 1 14 1 288 1 109 1 67 1
914 0 5 394 1 362 1 84 1 180 1 486 1
915 0 5 395 1 334 1 119 1 103 1 448 1
916 0 5 396 1 398 1 379 1 203 1 135 1
917 0 5 397 1 458 1 318 1 270 1 6 1
918 0 5 398 1 203 1 82 1 134 1 30 1
919 0 5 399 1 332 1 146 1 259 1 319 1
920 0 5 400 1 452 1 286 1 4 1 311 1
921 0 5 401 1 314 1 102 1 310 1 486 1
922 0 5 402 1 156 1 163 1 18 1 44 1
923 0 5 403 1 20 1 88 1 39 1 370 1
924 0 5 404 1 95 1 132 1 313 1 217 1
925 0 5 405 1 1 1 50 1 128 1 93 1
926 0 5 406 1 442 1 335 1 461 1 352 1
927 0 5 407 1 197 1 293 1 278 1 317 1
928 0 5 408 1 57 1 269 1 153 1 138 1
929 0 5 409 1 420 1 368 1 139 1 307 1
930 0 5 410 1 85 1 118 1 113 1 485 1
931 0 5 411 1 42 1 128 1 104 1 49 1
932 0 5 412 1 473 1 367 1 163 1 390 1
933 0 5 413 1 336 1 217 1 493 1 76 1
934 0 5 414 1 208 1 265 1 190 1 421 1
935 0 5 415 1 449 1 157 1 66 1 500 1
936 0 5 416 1 202 1 69 1 34 1 197 1
937 0 5 417 1 493 1 285 1 314 1 231 1
938 0 5 418 1 81 1 126 1 330 1 415 1
939 0 5 419 1 273 1 44 1 322 1 497 1
940 0 5 420 1 369 1 145 1 139 1 446 1
941 0 5 421 1 414 1 208 1 190 1 136 1
942 0 5 422 1 120 1 433 1 114 1 9 1
943 0 5 423 1 253 1 226 1 380 1 209 1
944 0 5 424 1 177 1 59 1 459 1 70 1
945 0 5 425 1 2 1 82 1 55 1 272 1
946 0 5 426 1 27 1 121 1 365 1 78 1
947 0 5 427 1 146 1 319 1 229 1 399 1
948 0 5 428 1 290 1 501 1 384 1 222 1
949 0 5 429 1 313 1 372 1 217 1 441 1
950 0 5 430 1 375 1 80 1 146 1 229 1
951 0 5 431 1 234 1 31 1 174 1 188 1
952 0 5 432 1 140 1 36 1 321 1 18 1
953 0 5 433 1 255 1 120 1 189 1 157 1
954 0 5 434 1 297 1 8 1 10 1 229 1
955 0 5 435 1 6 1 383 1 219 1 242 1
956 0 5 436 1 53 1 142 1 277 1 77 1
957 0 5 437 1 51 1 353 1 245 1 317 1
958 0 5 438 1 28 1 89 1 387 1 98 1
959 0 5 439 1 289 1 501 1 168 1 308 1
960 0 5 440 1 374 1 149 1 54 1 328 1
961 0 5 441 1 429 1 251 1 350 1 220 1
962 0 5 442 1 335 1 406 1 461 1 352 1
963 0 5 443 1 100 1 333 1 108 1 5 1
964 0 5 444 1 292 1 212 1 74 1 71 1
965 0 5 445 1 228 1 266 1 238 1 167 1
966 0 5 446 1 29 1 426 1 139 1 365 1
967 0 5 447 1 107 1 65 1 75 1 476 1
968 0 5 448 1 382 1 182 1 92 1 62 1
969 0 5 449 1 418 1 81 1 415 1 330 1
970 0 5 450 1 192 1 215 1 86 1 355 1
971 0 5 451 1 385 1 148 1 271 1 125 1
972 0 5 452 1 286 1 287 1 83 1 311 1
973 0 5 453 1 137 1 474 1 271 1 472 1
974 0 5 454 1 459 1 319 1 70 1 424 1
975 0 5 455 1 392 1 384 1 6 1 174 1
976 0 5 456 1 159 1 285 1 47 1 312 1
977 0 5 457 1 199 1 263 1 59 1 260 1
978 0 5 458 1 383 1 318 1 242 1 397 1
979 0 5 459 1 70 1 375 1 424 1 177 1
980 0 5 460 1 282 1 258 1 197 1 180 1
981 0 5 461 1 48 1 170 1 346 1 296 1
982 0 5 462 1 360 1 117 1 490 1 261 1
983 0 5 463 1 498 1 22 1 352 1 335 1
984 0 5 464 1 349 1 50 1 248 1 376 1
985 0 5 465 1 164 1 291 1 206 1 430 1
986 0 5 466 1 487 1 389 1 34 1 104 1
987 0 5 467 1 12 1 179 1 291 1 356 1
988 0 5 468 1 436 1 33 1 53 1 115 1
989 0 5 469 1 479 1 329 1 252 1 130 1
990 0 5 470 1 58 1 364 1 253 1 381 1
991 0 5 471 1 352 1 181 1 264 1 89 1
992 0 5 472 1 451 1 474 1 148 1 385 1
993 0 5 473 1 35 1 124 1 412 1 163 1
994 0 5 474 1 472 1 137 1 451 1 385 1
995 0 5 475 1 10 1 85 1 113 1 434 1
996 0 5 476 1 299 1 437 1 491 1 363 1
997 0 5 477 1 68 1 295 1 256 1 488 1
998 0 5 478 1 350 1 499 1 480 1 168 1
999 0 5 479 1 105 1 469 1 130 1 62 1
1000 0 5 480 1 21 1 484 1 214 1 228 1
1001 0 5 481 1 246 1 282 1 264 1 495 1
1002 0 5 482 1 279 1 232 1 216 1 138 1
1003 0 5 483 1 140 1 321 1 337 1 485 1
1004 0 5 484 1 266 1 228 1 21 1 238 1
1005 0 5 485 1 410 1 118 1 444 1 85 1
1006 0 5 486 1 312 1 213 1 417 1 285 1
1007 0 5 487 1 34 1 258 1 416 1 389 1
1008 0 5 488 1 379 1 256 1 396 1 68 1
1009 0 5 489 1 72 1 188 1 66 1 56 1
1010 0 5 490 1 201 1 462 1 261 1 239 1
1011 0 5 491 1 65 1 353 1 363 1 447 1
1012 0 5 492 1 240 1 117 1 30 1 60 1
1013 0 5 493 1 231 1 417 1 211 1 413 1
1014 0 5 494 1 46 1 227 1 283 1 54 1
1015 0 5 495 1 299 1 111 1 170 1 22 1
1016 0 5 496 1 173 1 356 1 149 1 297 1
1017 0 5 497 1 193 1 273 1 163 1 322 1
1018 0 5 498 1 346 1 463 1 264 1 387 1
1019 0 5 499 1 413 1 217 1 350 1 441 1
1020 0 5 500 1 157 1 178 1 61 1 275 1
1021 0 5 501 1 1 1 290 1 428 1 50 1
1022 0 5 502 0 520 1 519 1 518 1 517 1
1023 0 5 503 0 520 1 519 1 518 1 517 1
1024 0 5 504 0 520 1 519 1 518 1 517 1
1025 0 5 505 0 520 1 519 1 518 1 517 1
1026 0 5 506 0 520 1 519 1 518 1 517 1
1027 0 5 507 0 520 1 519 1 518 1 517 1
1028 0 5 508 0 520 1 519 1 518 1 517 1
1029 0 5 509 0 520 1 519 1 518 1 517 1
1030 0 5 510 0 520 1 519 1 518 1 517 1
1031 0 5 511 0 520 1 519 1 518 1 517 1
1032 0 5 512 0 520 1 519 1 518 1 517 1
1033 0 5 513 0 520 1 519 1 518 1 517 1
1034 0 5 514 0 520 1 519 1 518 1 517 1
1035 0 5 515 0 520 1 519 1 518 1 517 1
1036 0 5 516 0 520 1 519 1 518 1 517 1
1037 0 5 517 0 520 1 519 1 518 1 517 1
1038 0 5 518 0 520 1 519 1 518 1 517 1
1039 0 5 519 0 520 1 519 1 518 1 517 1
1040 0 5 520 0 520 1 519 1 518 1 517 1
-1
EOF
