1040
1 0 5 521 0 1040 1 1039 1 1038 1 1037 1
2 0 5 522 1 733 1 527 1 974 1 784 1
3 0 5 523 1 540 1 640 1 758 1 1006 1
4 0 5 524 1 792 1 831 1 870 1 856 1
5 0 5 525 1 642 1 886 1 897 1 989 1
6 0 5 526 1 908 1 984 1 533 1 594 1
7 0 5 527 1 597 1 733 1 784 1 758 1
8 0 5 528 1 960 1 703 1 754 1 781 1
9 0 5 529 1 870 1 768 1 823 1 809 1
10 0 5 530 1 895 1 964 1 566 1 631 1
11 0 5 531 1 1008 1 965 1 972 1 557 1
12 0 5 532 1 869 1 623 1 759 1 789 1
13 0 5 533 1 890 1 736 1 553 1 984 1
14 0 5 534 1 697 1 666 1 937 1 699 1
15 0 5 535 1 774 1 998 1 720 1 944 1
16 0 5 536 1 665 1 1015 1 929 1 760 1
17 0 5 537 1 521 1 924 1 1021 1 614 1
18 0 5 538 1 666 1 697 1 759 1 534 1
19 0 5 539 1 770 1 615 1 542 1 559 1
20 0 5 540 1 570 1 800 1 653 1 640 1
21 0 5 541 1 715 1 920 1 609 1 760 1
22 0 5 542 1 909 1 853 1 539 1 618 1
23 0 5 543 1 848 1 844 1 899 1 858 1
24 0 5 544 1 860 1 614 1 571 1 914 1
25 0 5 545 1 841 1 681 1 871 1 945 1
26 0 5 546 1 892 1 875 1 748 1 809 1
27 0 5 547 1 910 1 747 1 730 1 844 1
28 0 5 548 1 578 1 670 1 600 1 663 1
29 0 5 549 1 552 1 765 1 562 1 702 1
30 0 5 550 1 684 1 772 1 794 1 578 1
31 0 5 551 1 655 1 780 1 901 1 1002 1
32 0 5 552 1 582 1 562 1 549 1 607 1
33 0 5 553 1 890 1 564 1 986 1 561 1
34 0 5 554 1 685 1 928 1 976 1 873 1
35 0 5 555 1 712 1 651 1 880 1 654 1
36 0 5 556 1 935 1 690 1 650 1 946 1
37 0 5 557 1 976 1 965 1 531 1 945 1
38 0 5 558 1 644 1 646 1 937 1 628 1
39 0 5 559 1 783 1 813 1 884 1 855 1
40 0 5 560 1 795 1 751 1 840 1 704 1
41 0 5 561 1 1012 1 776 1 933 1 731 1
42 0 5 562 1 954 1 582 1 913 1 552 1
43 0 5 563 1 802 1 573 1 676 1 685 1
44 0 5 564 1 583 1 736 1 553 1 847 1
45 0 5 565 1 780 1 655 1 851 1 903 1
46 0 5 566 1 769 1 723 1 823 1 838 1
47 0 5 567 1 963 1 591 1 738 1 674 1
48 0 5 568 1 575 1 569 1 906 1 791 1
49 0 5 569 1 568 1 883 1 575 1 906 1
50 0 5 570 1 818 1 653 1 540 1 800 1
51 0 5 571 1 660 1 614 1 544 1 924 1
52 0 5 572 1 639 1 974 1 821 1 970 1
53 0 5 573 1 928 1 764 1 676 1 685 1
54 0 5 574 1 957 1 671 1 968 1 787 1
55 0 5 575 1 791 1 906 1 893 1 761 1
56 0 5 576 1 669 1 931 1 579 1 837 1
57 0 5 577 1 627 1 734 1 530 1 904 1
58 0 5 578 1 701 1 772 1 684 1 550 1
59 0 5 579 1 782 1 773 1 837 1 649 1
60 0 5 580 1 953 1 983 1 721 1 1021 1
61 0 5 581 1 699 1 899 1 719 1 538 1
62 0 5 582 1 845 1 552 1 912 1 607 1
63 0 5 583 1 1015 1 939 1 847 1 986 1
64 0 5 584 1 669 1 931 1 848 1 805 1
65 0 5 585 1 619 1 985 1 556 1 611 1
66 0 5 586 1 632 1 943 1 905 1 789 1
67 0 5 587 1 845 1 912 1 582 1 623 1
68 0 5 588 1 656 1 660 1 873 1 1008 1
69 0 5 589 1 539 1 615 1 668 1 710 1
70 0 5 590 1 909 1 906 1 784 1 597 1
71 0 5 591 1 567 1 674 1 769 1 963 1
72 0 5 592 1 625 1 845 1 646 1 912 1
73 0 5 593 1 850 1 861 1 807 1 826 1
74 0 5 594 1 526 1 908 1 533 1 984 1
75 0 5 595 1 844 1 998 1 858 1 922 1
76 0 5 596 1 995 1 923 1 811 1 815 1
77 0 5 597 1 784 1 590 1 791 1 606 1
78 0 5 598 1 793 1 889 1 968 1 957 1
79 0 5 599 1 927 1 901 1 648 1 891 1
80 0 5 600 1 968 1 870 1 823 1 529 1
81 0 5 601 1 885 1 711 1 663 1 636 1
82 0 5 602 1 932 1 726 1 1002 1 624 1
83 0 5 603 1 803 1 816 1 995 1 996 1
84 0 5 604 1 760 1 966 1 936 1 796 1
85 0 5 605 1 679 1 775 1 858 1 595 1
86 0 5 606 1 798 1 935 1 909 1 542 1
87 0 5 607 1 925 1 799 1 738 1 637 1
88 0 5 608 1 916 1 705 1 816 1 996 1
89 0 5 609 1 541 1 760 1 888 1 715 1
90 0 5 610 1 871 1 728 1 612 1 729 1
91 0 5 611 1 985 1 619 1 682 1 1014 1
92 0 5 612 1 672 1 728 1 871 1 677 1
93 0 5 613 1 830 1 756 1 863 1 929 1
94 0 5 614 1 924 1 521 1 580 1 990 1
95 0 5 615 1 530 1 577 1 904 1 964 1
96 0 5 616 1 952 1 817 1 1010 1 846 1
97 0 5 617 1 846 1 817 1 883 1 893 1
98 0 5 618 1 542 1 804 1 1010 1 590 1
99 0 5 619 1 611 1 682 1 620 1 627 1
100 0 5 620 1 636 1 642 1 978 1 886 1
101 0 5 621 1 643 1 625 1 987 1 646 1
102 0 5 622 1 948 1 673 1 968 1 892 1
103 0 5 623 1 610 1 871 1 1019 1 532 1
104 0 5 624 1 1002 1 551 1 602 1 828 1
105 0 5 625 1 621 1 592 1 646 1 845 1
106 0 5 626 1 818 1 1018 1 921 1 811 1
107 0 5 627 1 620 1 885 1 978 1 601 1
108 0 5 628 1 646 1 956 1 558 1 629 1
109 0 5 629 1 956 1 692 1 628 1 852 1
110 0 5 630 1 980 1 979 1 998 1 874 1
111 0 5 631 1 895 1 530 1 964 1 865 1
112 0 5 632 1 586 1 867 1 881 1 789 1
113 0 5 633 1 801 1 843 1 855 1 682 1
114 0 5 634 1 549 1 668 1 702 1 765 1
115 0 5 635 1 839 1 894 1 938 1 718 1
116 0 5 636 1 711 1 807 1 601 1 620 1
117 0 5 637 1 738 1 607 1 1019 1 925 1
118 0 5 638 1 757 1 850 1 897 1 737 1
119 0 5 639 1 821 1 572 1 733 1 970 1
120 0 5 640 1 722 1 540 1 829 1 570 1
121 0 5 641 1 648 1 677 1 927 1 812 1
122 0 5 642 1 989 1 525 1 897 1 711 1
123 0 5 643 1 987 1 759 1 699 1 581 1
124 0 5 644 1 937 1 698 1 852 1 726 1
125 0 5 645 1 1009 1 647 1 926 1 695 1
126 0 5 646 1 558 1 678 1 621 1 628 1
127 0 5 647 1 926 1 941 1 825 1 1009 1
128 0 5 648 1 641 1 927 1 724 1 901 1
129 0 5 649 1 854 1 756 1 881 1 1001 1
130 0 5 650 1 946 1 763 1 982 1 935 1
131 0 5 651 1 812 1 696 1 901 1 654 1
132 0 5 652 1 752 1 797 1 921 1 725 1
133 0 5 653 1 800 1 540 1 570 1 811 1
134 0 5 654 1 555 1 651 1 880 1 712 1
135 0 5 655 1 680 1 780 1 565 1 551 1
136 0 5 656 1 708 1 977 1 660 1 706 1
137 0 5 657 1 718 1 971 1 939 1 808 1
138 0 5 658 1 930 1 982 1 778 1 950 1
139 0 5 659 1 775 1 679 1 774 1 595 1
140 0 5 660 1 928 1 1008 1 554 1 876 1
141 0 5 661 1 865 1 528 1 744 1 961 1
142 0 5 662 1 732 1 822 1 894 1 856 1
143 0 5 663 1 548 1 989 1 711 1 862 1
144 0 5 664 1 991 1 871 1 700 1 876 1
145 0 5 665 1 929 1 536 1 1015 1 947 1
146 0 5 666 1 919 1 602 1 719 1 538 1
147 0 5 667 1 704 1 547 1 910 1 747 1
148 0 5 668 1 702 1 589 1 765 1 962 1
149 0 5 669 1 931 1 576 1 584 1 899 1
150 0 5 670 1 857 1 600 1 994 1 949 1
151 0 5 671 1 823 1 862 1 968 1 673 1
152 0 5 672 1 664 1 991 1 700 1 965 1
153 0 5 673 1 622 1 968 1 671 1 892 1
154 0 5 674 1 591 1 911 1 769 1 567 1
155 0 5 675 1 841 1 545 1 681 1 945 1
156 0 5 676 1 880 1 764 1 712 1 573 1
157 0 5 677 1 729 1 965 1 814 1 932 1
158 0 5 678 1 592 1 625 1 646 1 621 1
159 0 5 679 1 605 1 595 1 659 1 858 1
160 0 5 680 1 951 1 835 1 828 1 551 1
161 0 5 681 1 545 1 841 1 873 1 891 1
162 0 5 682 1 1014 1 1017 1 886 1 855 1
163 0 5 683 1 975 1 875 1 748 1 943 1
164 0 5 684 1 550 1 772 1 701 1 578 1
165 0 5 685 1 873 1 976 1 554 1 928 1
166 0 5 686 1 757 1 638 1 670 1 548 1
167 0 5 687 1 709 1 722 1 640 1 829 1
168 0 5 688 1 705 1 1021 1 580 1 742 1
169 0 5 689 1 645 1 820 1 1009 1 920 1
170 0 5 690 1 633 1 982 1 855 1 843 1
171 0 5 691 1 889 1 949 1 857 1 670 1
172 0 5 692 1 628 1 646 1 558 1 956 1
173 0 5 693 1 905 1 789 1 792 1 973 1
174 0 5 694 1 897 1 638 1 682 1 886 1
175 0 5 695 1 926 1 836 1 715 1 1009 1
176 0 5 696 1 972 1 1021 1 965 1 531 1
177 0 5 697 1 534 1 538 1 699 1 581 1
178 0 5 698 1 988 1 644 1 852 1 558 1
179 0 5 699 1 581 1 538 1 759 1 697 1
180 0 5 700 1 876 1 664 1 917 1 871 1
181 0 5 701 1 911 1 674 1 684 1 772 1
182 0 5 702 1 765 1 668 1 549 1 552 1
183 0 5 703 1 781 1 832 1 872 1 887 1
184 0 5 704 1 547 1 795 1 667 1 910 1
185 0 5 705 1 764 1 608 1 688 1 580 1
186 0 5 706 1 912 1 977 1 549 1 552 1
187 0 5 707 1 767 1 962 1 940 1 804 1
188 0 5 708 1 977 1 706 1 545 1 871 1
189 0 5 709 1 762 1 687 1 527 1 829 1
190 0 5 710 1 853 1 589 1 539 1 542 1
191 0 5 711 1 601 1 548 1 989 1 663 1
192 0 5 712 1 880 1 555 1 651 1 557 1
193 0 5 713 1 915 1 1011 1 882 1 805 1
194 0 5 714 1 994 1 1012 1 968 1 598 1
195 0 5 715 1 920 1 536 1 777 1 839 1
196 0 5 716 1 1018 1 626 1 921 1 815 1
197 0 5 717 1 752 1 996 1 990 1 902 1
198 0 5 718 1 938 1 839 1 933 1 635 1
199 0 5 719 1 919 1 899 1 666 1 786 1
200 0 5 720 1 535 1 774 1 944 1 646 1
201 0 5 721 1 902 1 521 1 983 1 580 1
202 0 5 722 1 727 1 640 1 523 1 829 1
203 0 5 723 1 566 1 963 1 838 1 738 1
204 0 5 724 1 812 1 880 1 641 1 651 1
205 0 5 725 1 829 1 716 1 626 1 921 1
206 0 5 726 1 602 1 740 1 903 1 730 1
207 0 5 727 1 735 1 970 1 900 1 1006 1
208 0 5 728 1 612 1 729 1 871 1 610 1
209 0 5 729 1 672 1 728 1 612 1 965 1
210 0 5 730 1 740 1 624 1 747 1 851 1
211 0 5 731 1 561 1 986 1 553 1 776 1
212 0 5 732 1 894 1 662 1 822 1 808 1
213 0 5 733 1 784 1 974 1 572 1 821 1
214 0 5 734 1 755 1 864 1 577 1 671 1
215 0 5 735 1 521 1 860 1 872 1 918 1
216 0 5 736 1 984 1 564 1 890 1 553 1
217 0 5 737 1 686 1 638 1 757 1 694 1
218 0 5 738 1 607 1 963 1 637 1 896 1
219 0 5 739 1 794 1 843 1 942 1 898 1
220 0 5 740 1 624 1 851 1 602 1 726 1
221 0 5 741 1 788 1 954 1 913 1 943 1
222 0 5 742 1 981 1 983 1 721 1 696 1
223 0 5 743 1 986 1 847 1 833 1 939 1
224 0 5 744 1 528 1 1010 1 661 1 783 1
225 0 5 745 1 872 1 800 1 1006 1 907 1
226 0 5 746 1 1005 1 967 1 796 1 863 1
227 0 5 747 1 730 1 786 1 547 1 919 1
228 0 5 748 1 546 1 809 1 768 1 892 1
229 0 5 749 1 834 1 819 1 804 1 589 1
230 0 5 750 1 776 1 822 1 662 1 856 1
231 0 5 751 1 840 1 560 1 979 1 630 1
232 0 5 752 1 921 1 603 1 725 1 797 1
233 0 5 753 1 629 1 675 1 545 1 841 1
234 0 5 754 1 781 1 872 1 918 1 703 1
235 0 5 755 1 864 1 734 1 577 1 627 1
236 0 5 756 1 854 1 649 1 1005 1 1001 1
237 0 5 757 1 638 1 670 1 686 1 663 1
238 0 5 758 1 523 1 761 1 722 1 800 1
239 0 5 759 1 532 1 538 1 869 1 931 1
240 0 5 760 1 609 1 541 1 604 1 715 1
241 0 5 761 1 758 1 859 1 791 1 893 1
242 0 5 762 1 527 1 709 1 758 1 687 1
243 0 5 763 1 658 1 930 1 982 1 946 1
244 0 5 764 1 676 1 563 1 705 1 802 1
245 0 5 765 1 549 1 1000 1 741 1 896 1
246 0 5 766 1 837 1 825 1 649 1 576 1
247 0 5 767 1 940 1 707 1 804 1 618 1
248 0 5 768 1 524 1 529 1 809 1 823 1
249 0 5 769 1 674 1 591 1 566 1 723 1
250 0 5 770 1 615 1 813 1 631 1 559 1
251 0 5 771 1 878 1 966 1 997 1 958 1
252 0 5 772 1 701 1 578 1 550 1 794 1
253 0 5 773 1 579 1 837 1 782 1 576 1
254 0 5 774 1 997 1 659 1 679 1 998 1
255 0 5 775 1 605 1 659 1 915 1 713 1
256 0 5 776 1 1012 1 750 1 822 1 561 1
257 0 5 777 1 806 1 609 1 888 1 541 1
258 0 5 778 1 849 1 1020 1 826 1 694 1
259 0 5 779 1 1020 1 807 1 950 1 778 1
260 0 5 780 1 655 1 565 1 551 1 840 1
261 0 5 781 1 703 1 832 1 872 1 918 1
262 0 5 782 1 579 1 773 1 693 1 837 1
263 0 5 783 1 744 1 865 1 1010 1 559 1
264 0 5 784 1 590 1 597 1 639 1 1003 1
265 0 5 785 1 1016 1 838 1 799 1 896 1
266 0 5 786 1 747 1 922 1 543 1 919 1
267 0 5 787 1 949 1 691 1 889 1 793 1
268 0 5 788 1 943 1 683 1 1001 1 1013 1
269 0 5 789 1 973 1 693 1 1004 1 869 1
270 0 5 790 1 771 1 966 1 997 1 775 1
271 0 5 791 1 761 1 859 1 758 1 575 1
272 0 5 792 1 524 1 693 1 785 1 870 1
273 0 5 793 1 598 1 957 1 984 1 968 1
274 0 5 794 1 942 1 843 1 550 1 684 1
275 0 5 795 1 667 1 704 1 747 1 910 1
276 0 5 796 1 936 1 863 1 604 1 966 1
277 0 5 797 1 815 1 803 1 716 1 603 1
278 0 5 798 1 935 1 810 1 556 1 606 1
279 0 5 799 1 896 1 607 1 738 1 838 1
280 0 5 800 1 653 1 540 1 745 1 900 1
281 0 5 801 1 843 1 942 1 855 1 898 1
282 0 5 802 1 563 1 880 1 685 1 676 1
283 0 5 803 1 797 1 603 1 816 1 815 1
284 0 5 804 1 618 1 962 1 961 1 1010 1
285 0 5 805 1 713 1 669 1 584 1 825 1
286 0 5 806 1 657 1 971 1 777 1 939 1
287 0 5 807 1 1020 1 682 1 1014 1 778 1
288 0 5 808 1 833 1 933 1 894 1 938 1
289 0 5 809 1 748 1 524 1 768 1 673 1
290 0 5 810 1 556 1 853 1 935 1 798 1
291 0 5 811 1 969 1 521 1 818 1 570 1
292 0 5 812 1 724 1 651 1 696 1 880 1
293 0 5 813 1 559 1 964 1 701 1 904 1
294 0 5 814 1 677 1 729 1 932 1 965 1
295 0 5 815 1 923 1 596 1 1018 1 902 1
296 0 5 816 1 608 1 996 1 603 1 995 1
297 0 5 817 1 616 1 893 1 952 1 846 1
298 0 5 818 1 811 1 570 1 969 1 626 1
299 0 5 819 1 710 1 834 1 542 1 853 1
300 0 5 820 1 689 1 645 1 926 1 1009 1
301 0 5 821 1 970 1 639 1 974 1 761 1
302 0 5 822 1 662 1 732 1 776 1 877 1
303 0 5 823 1 870 1 768 1 529 1 566 1
304 0 5 824 1 613 1 863 1 746 1 967 1
305 0 5 825 1 766 1 926 1 836 1 649 1
306 0 5 826 1 861 1 593 1 778 1 850 1
307 0 5 827 1 967 1 746 1 824 1 756 1
308 0 5 828 1 835 1 901 1 927 1 641 1
309 0 5 829 1 640 1 687 1 523 1 722 1
310 0 5 830 1 756 1 809 1 929 1 877 1
311 0 5 831 1 856 1 750 1 870 1 524 1
312 0 5 832 1 521 1 887 1 872 1 745 1
313 0 5 833 1 933 1 808 1 939 1 731 1
314 0 5 834 1 819 1 589 1 810 1 710 1
315 0 5 835 1 599 1 828 1 891 1 945 1
316 0 5 836 1 649 1 695 1 926 1 825 1
317 0 5 837 1 773 1 766 1 576 1 649 1
318 0 5 838 1 723 1 785 1 896 1 799 1
319 0 5 839 1 635 1 894 1 695 1 938 1
320 0 5 840 1 560 1 551 1 851 1 780 1
321 0 5 841 1 545 1 891 1 681 1 945 1
322 0 5 842 1 650 1 556 1 763 1 946 1
323 0 5 843 1 855 1 883 1 794 1 801 1
324 0 5 844 1 922 1 543 1 786 1 858 1
325 0 5 845 1 582 1 587 1 869 1 912 1
326 0 5 846 1 817 1 893 1 952 1 617 1
327 0 5 847 1 743 1 939 1 971 1 833 1
328 0 5 848 1 584 1 543 1 899 1 669 1
329 0 5 849 1 826 1 861 1 1020 1 778 1
330 0 5 850 1 694 1 778 1 897 1 638 1
331 0 5 851 1 624 1 565 1 903 1 988 1
332 0 5 852 1 698 1 955 1 988 1 903 1
333 0 5 853 1 539 1 542 1 710 1 855 1
334 0 5 854 1 756 1 649 1 926 1 1005 1
335 0 5 855 1 794 1 559 1 690 1 633 1
336 0 5 856 1 831 1 750 1 948 1 524 1
337 0 5 857 1 691 1 994 1 949 1 670 1
338 0 5 858 1 882 1 844 1 1011 1 915 1
339 0 5 859 1 745 1 1006 1 758 1 761 1
340 0 5 860 1 521 1 735 1 907 1 918 1
341 0 5 861 1 593 1 850 1 826 1 849 1
342 0 5 862 1 574 1 548 1 823 1 787 1
343 0 5 863 1 936 1 1005 1 824 1 746 1
344 0 5 864 1 734 1 577 1 671 1 530 1
345 0 5 865 1 783 1 661 1 961 1 744 1
346 0 5 866 1 688 1 554 1 928 1 573 1
347 0 5 867 1 987 1 789 1 759 1 958 1
348 0 5 868 1 546 1 1013 1 748 1 892 1
349 0 5 869 1 532 1 623 1 789 1 582 1
350 0 5 870 1 529 1 823 1 524 1 831 1
351 0 5 871 1 700 1 876 1 729 1 672 1
352 0 5 872 1 832 1 918 1 879 1 974 1
353 0 5 873 1 675 1 681 1 965 1 976 1
354 0 5 874 1 595 1 980 1 998 1 679 1
355 0 5 875 1 824 1 892 1 613 1 830 1
356 0 5 876 1 991 1 1008 1 917 1 700 1
357 0 5 877 1 947 1 822 1 808 1 894 1
358 0 5 878 1 958 1 854 1 934 1 881 1
359 0 5 879 1 900 1 918 1 1006 1 872 1
360 0 5 880 1 557 1 696 1 712 1 945 1
361 0 5 881 1 632 1 649 1 878 1 958 1
362 0 5 882 1 1011 1 915 1 858 1 713 1
363 0 5 883 1 617 1 884 1 906 1 893 1
364 0 5 884 1 883 1 817 1 617 1 846 1
365 0 5 885 1 862 1 601 1 627 1 787 1
366 0 5 886 1 525 1 897 1 642 1 620 1
367 0 5 887 1 521 1 832 1 872 1 703 1
368 0 5 888 1 777 1 583 1 609 1 760 1
369 0 5 889 1 857 1 691 1 598 1 787 1
370 0 5 890 1 553 1 564 1 736 1 533 1
371 0 5 891 1 945 1 976 1 557 1 965 1
372 0 5 892 1 875 1 622 1 809 1 948 1
373 0 5 893 1 952 1 817 1 761 1 846 1
374 0 5 894 1 947 1 808 1 662 1 635 1
375 0 5 895 1 631 1 530 1 964 1 838 1
376 0 5 896 1 799 1 738 1 838 1 607 1
377 0 5 897 1 737 1 686 1 638 1 757 1
378 0 5 898 1 739 1 942 1 843 1 694 1
379 0 5 899 1 719 1 543 1 584 1 848 1
380 0 5 900 1 879 1 800 1 745 1 918 1
381 0 5 901 1 648 1 651 1 724 1 927 1
382 0 5 902 1 521 1 969 1 811 1 818 1
383 0 5 903 1 851 1 988 1 565 1 680 1
384 0 5 904 1 964 1 813 1 530 1 1017 1
385 0 5 905 1 1016 1 799 1 693 1 896 1
386 0 5 906 1 568 1 893 1 575 1 846 1
387 0 5 907 1 722 1 733 1 999 1 727 1
388 0 5 908 1 533 1 594 1 526 1 736 1
389 0 5 909 1 542 1 569 1 590 1 568 1
390 0 5 910 1 624 1 851 1 747 1 730 1
391 0 5 911 1 591 1 567 1 701 1 769 1
392 0 5 912 1 587 1 845 1 582 1 706 1
393 0 5 913 1 954 1 678 1 632 1 586 1
394 0 5 914 1 887 1 521 1 860 1 917 1
395 0 5 915 1 941 1 858 1 713 1 647 1
396 0 5 916 1 742 1 995 1 721 1 580 1
397 0 5 917 1 914 1 887 1 961 1 876 1
398 0 5 918 1 872 1 974 1 879 1 999 1
399 0 5 919 1 726 1 666 1 747 1 719 1
400 0 5 920 1 715 1 777 1 541 1 689 1
401 0 5 921 1 725 1 626 1 1018 1 716 1
402 0 5 922 1 786 1 844 1 747 1 543 1
403 0 5 923 1 596 1 995 1 811 1 1018 1
404 0 5 924 1 614 1 688 1 521 1 580 1
405 0 5 925 1 1019 1 637 1 738 1 963 1
406 0 5 926 1 825 1 836 1 854 1 766 1
407 0 5 927 1 648 1 641 1 724 1 901 1
408 0 5 928 1 573 1 554 1 976 1 873 1
409 0 5 929 1 877 1 947 1 536 1 665 1
410 0 5 930 1 658 1 982 1 778 1 950 1
411 0 5 931 1 669 1 576 1 584 1 899 1
412 0 5 932 1 814 1 729 1 677 1 728 1
413 0 5 933 1 731 1 938 1 561 1 718 1
414 0 5 934 1 805 1 713 1 958 1 1011 1
415 0 5 935 1 650 1 909 1 542 1 690 1
416 0 5 936 1 604 1 863 1 966 1 760 1
417 0 5 937 1 534 1 699 1 581 1 666 1
418 0 5 938 1 635 1 718 1 839 1 894 1
419 0 5 939 1 971 1 847 1 833 1 808 1
420 0 5 940 1 804 1 618 1 749 1 767 1
421 0 5 941 1 647 1 926 1 825 1 713 1
422 0 5 942 1 898 1 794 1 739 1 843 1
423 0 5 943 1 683 1 586 1 1001 1 632 1
424 0 5 944 1 720 1 993 1 535 1 621 1
425 0 5 945 1 891 1 557 1 965 1 724 1
426 0 5 946 1 763 1 982 1 650 1 556 1
427 0 5 947 1 894 1 877 1 808 1 929 1
428 0 5 948 1 594 1 622 1 856 1 831 1
429 0 5 949 1 670 1 691 1 989 1 787 1
430 0 5 950 1 778 1 1020 1 930 1 658 1
431 0 5 951 1 835 1 828 1 599 1 680 1
432 0 5 952 1 859 1 791 1 616 1 846 1
433 0 5 953 1 990 1 580 1 916 1 721 1
434 0 5 954 1 586 1 992 1 913 1 632 1
435 0 5 955 1 979 1 956 1 852 1 988 1
436 0 5 956 1 852 1 698 1 644 1 558 1
437 0 5 957 1 787 1 793 1 574 1 968 1
438 0 5 958 1 934 1 878 1 881 1 771 1
439 0 5 959 1 827 1 1013 1 824 1 1001 1
440 0 5 960 1 754 1 703 1 781 1 872 1
441 0 5 961 1 661 1 962 1 804 1 917 1
442 0 5 962 1 961 1 661 1 589 1 804 1
443 0 5 963 1 637 1 738 1 925 1 896 1
444 0 5 964 1 813 1 904 1 895 1 674 1
445 0 5 965 1 531 1 972 1 873 1 557 1
446 0 5 966 1 820 1 796 1 604 1 967 1
447 0 5 967 1 746 1 966 1 854 1 1005 1
448 0 5 968 1 671 1 622 1 673 1 870 1
449 0 5 969 1 521 1 811 1 902 1 626 1
450 0 5 970 1 1006 1 727 1 879 1 859 1
451 0 5 971 1 939 1 806 1 847 1 986 1
452 0 5 972 1 696 1 965 1 1021 1 1008 1
453 0 5 973 1 1004 1 799 1 693 1 789 1
454 0 5 974 1 572 1 639 1 821 1 999 1
455 0 5 975 1 868 1 748 1 683 1 546 1
456 0 5 976 1 557 1 681 1 873 1 945 1
457 0 5 977 1 706 1 871 1 708 1 552 1
458 0 5 978 1 1017 1 620 1 548 1 904 1
459 0 5 979 1 751 1 630 1 560 1 955 1
460 0 5 980 1 874 1 998 1 595 1 630 1
461 0 5 981 1 983 1 537 1 721 1 742 1
462 0 5 982 1 690 1 633 1 569 1 801 1
463 0 5 983 1 537 1 721 1 742 1 981 1
464 0 5 984 1 793 1 598 1 731 1 622 1
465 0 5 985 1 611 1 682 1 807 1 619 1
466 0 5 986 1 743 1 553 1 731 1 583 1
467 0 5 987 1 867 1 643 1 581 1 759 1
468 0 5 988 1 903 1 851 1 630 1 680 1
469 0 5 989 1 663 1 642 1 711 1 548 1
470 0 5 990 1 953 1 721 1 902 1 995 1
471 0 5 991 1 876 1 917 1 1008 1 1021 1
472 0 5 992 1 913 1 954 1 741 1 678 1
473 0 5 993 1 992 1 944 1 954 1 678 1
474 0 5 994 1 714 1 1012 1 598 1 968 1
475 0 5 995 1 721 1 902 1 990 1 996 1
476 0 5 996 1 816 1 990 1 608 1 953 1
477 0 5 997 1 790 1 771 1 958 1 878 1
478 0 5 998 1 980 1 630 1 595 1 786 1
479 0 5 999 1 522 1 974 1 733 1 918 1
480 0 5 1000 1 975 1 785 1 683 1 741 1
481 0 5 1001 1 881 1 827 1 632 1 1013 1
482 0 5 1002 1 828 1 927 1 901 1 551 1
483 0 5 1003 1 606 1 590 1 618 1 784 1
484 0 5 1004 1 896 1 869 1 1016 1 973 1
485 0 5 1005 1 863 1 824 1 756 1 746 1
486 0 5 1006 1 900 1 879 1 745 1 859 1
487 0 5 1007 1 654 1 551 1 555 1 712 1
488 0 5 1008 1 1021 1 991 1 876 1 531 1
489 0 5 1009 1 695 1 715 1 645 1 926 1
490 0 5 1010 1 528 1 783 1 618 1 744 1
491 0 5 1011 1 882 1 713 1 543 1 915 1
492 0 5 1012 1 714 1 994 1 598 1 776 1
493 0 5 1013 1 959 1 1001 1 827 1 824 1
494 0 5 1014 1 1017 1 886 1 682 1 978 1
495 0 5 1015 1 536 1 808 1 777 1 939 1
496 0 5 1016 1 785 1 905 1 799 1 896 1
497 0 5 1017 1 978 1 904 1 886 1 620 1
498 0 5 1018 1 815 1 921 1 626 1 716 1
499 0 5 1019 1 700 1 917 1 664 1 871 1
500 0 5 1020 1 950 1 778 1 779 1 807 1
501 0 5 1021 1 924 1 688 1 614 1 537 1
502 0 5 1022 0 521 1 1022 1 1023 1 1024 1
503 0 5 1023 0 521 1 1022 1 1023 1 1024 1
504 0 5 1024 0 521 1 1022 1 1023 1 1024 1
505 0 5 1025 0 521 1 1022 1 1023 1 1024 1
506 0 5 1026 0 521 1 1022 1 1023 1 1024 1
507 0 5 1027 0 521 1 1022 1 1023 1 1024 1
508 0 5 1028 0 521 1 1022 1 1023 1 1024 1
509 0 5 1029 0 521 1 1022 1 1023 1 1024 1
510 0 5 1030 0 521 1 1022 1 1023 1 1024 1
511 0 5 1031 0 521 1 1022 1 1023 1 1024 1
512 0 5 1032 0 521 1 1022 1 1023 1 1024 1
513 0 5 1033 0 521 1 1022 1 1023 1 1024 1
514 0 5 1034 0 521 1 1022 1 1023 1 1024 1
515 0 5 1035 0 521 1 1022 1 1023 1 1024 1
516 0 5 1036 0 521 1 1022 1 1023 1 1024 1
517 0 5 1037 0 521 1 1022 1 1023 1 1024 1
518 0 5 1038 0 521 1 1022 1 1023 1 1024 1
519 0 5 1039 0 521 1 1022 1 1023 1 1024 1
520 0 5 1040 0 521 1 1022 1 1023 1 1024 1
521 0 5 1 0 520 1 519 1 518 1 517 1
522 0 5 2 1 479 1 225 1 202 1 213 1
523 0 5 3 1 238 1 309 1 202 1 486 1
524 0 5 4 1 272 1 248 1 289 1 350 1
525 0 5 5 1 366 1 122 1 100 1 458 1
526 0 5 6 1 74 1 388 1 267 1 13 1
527 0 5 7 1 242 1 2 1 189 1 77 1
528 0 5 8 1 224 1 490 1 141 1 440 1
529 0 5 9 1 350 1 248 1 303 1 289 1
530 0 5 10 1 95 1 384 1 111 1 375 1
531 0 5 11 1 445 1 37 1 488 1 456 1
532 0 5 12 1 239 1 349 1 325 1 103 1
533 0 5 13 1 388 1 6 1 370 1 216 1
534 0 5 14 1 177 1 417 1 146 1 18 1
535 0 5 15 1 200 1 478 1 38 1 126 1
536 0 5 16 1 495 1 409 1 145 1 195 1
537 0 5 17 1 463 1 461 1 501 1 60 1
538 0 5 18 1 177 1 179 1 61 1 146 1
539 0 5 19 1 333 1 69 1 190 1 22 1
540 0 5 20 1 3 1 120 1 50 1 238 1
541 0 5 21 1 89 1 240 1 400 1 257 1
542 0 5 22 1 98 1 389 1 333 1 190 1
543 0 5 23 1 379 1 324 1 266 1 491 1
544 0 5 24 1 1 1 340 1 51 1 140 1
545 0 5 25 1 161 1 321 1 233 1 456 1
546 0 5 26 1 228 1 348 1 372 1 163 1
547 0 5 27 1 184 1 147 1 227 1 402 1
548 0 5 28 1 143 1 191 1 458 1 342 1
549 0 5 29 1 114 1 245 1 32 1 186 1
550 0 5 30 1 164 1 274 1 252 1 58 1
551 0 5 31 1 260 1 320 1 104 1 135 1
552 0 5 32 1 29 1 62 1 186 1 245 1
553 0 5 33 1 370 1 466 1 13 1 211 1
554 0 5 34 1 408 1 165 1 140 1 53 1
555 0 5 35 1 134 1 192 1 487 1 360 1
556 0 5 36 1 290 1 65 1 278 1 426 1
557 0 5 37 1 456 1 425 1 360 1 371 1
558 0 5 38 1 126 1 108 1 178 1 436 1
559 0 5 39 1 293 1 335 1 263 1 333 1
560 0 5 40 1 320 1 459 1 231 1 110 1
561 0 5 41 1 211 1 413 1 33 1 313 1
562 0 5 42 1 32 1 29 1 245 1 434 1
563 0 5 43 1 244 1 282 1 165 1 53 1
564 0 5 44 1 216 1 33 1 327 1 63 1
565 0 5 45 1 331 1 260 1 383 1 31 1
566 0 5 46 1 203 1 249 1 10 1 303 1
567 0 5 47 1 71 1 391 1 111 1 375 1
568 0 5 48 1 49 1 386 1 389 1 77 1
569 0 5 49 1 389 1 48 1 462 1 170 1
570 0 5 50 1 20 1 298 1 120 1 3 1
571 0 5 51 1 1 1 24 1 404 1 140 1
572 0 5 52 1 454 1 213 1 119 1 301 1
573 0 5 53 1 408 1 43 1 156 1 346 1
574 0 5 54 1 342 1 437 1 151 1 267 1
575 0 5 55 1 48 1 49 1 386 1 271 1
576 0 5 56 1 149 1 59 1 246 1 285 1
577 0 5 57 1 235 1 95 1 344 1 214 1
578 0 5 58 1 28 1 252 1 164 1 181 1
579 0 5 59 1 253 1 262 1 317 1 129 1
580 0 5 60 1 433 1 404 1 168 1 185 1
581 0 5 61 1 179 1 467 1 417 1 177 1
582 0 5 62 1 32 1 325 1 42 1 67 1
583 0 5 63 1 44 1 368 1 466 1 419 1
584 0 5 64 1 328 1 379 1 285 1 414 1
585 0 5 65 1 99 1 36 1 243 1 170 1
586 0 5 66 1 112 1 434 1 423 1 393 1
587 0 5 67 1 392 1 325 1 186 1 62 1
588 0 5 68 1 51 1 452 1 144 1 140 1
589 0 5 69 1 190 1 442 1 148 1 314 1
590 0 5 70 1 264 1 77 1 389 1 98 1
591 0 5 71 1 154 1 249 1 391 1 47 1
592 0 5 72 1 158 1 105 1 325 1 393 1
593 0 5 73 1 341 1 306 1 287 1 259 1
594 0 5 74 1 428 1 388 1 216 1 13 1
595 0 5 75 1 354 1 159 1 478 1 460 1
596 0 5 76 1 403 1 295 1 475 1 382 1
597 0 5 77 1 7 1 264 1 70 1 483 1
598 0 5 78 1 273 1 464 1 369 1 474 1
599 0 5 79 1 315 1 431 1 308 1 425 1
600 0 5 80 1 150 1 448 1 28 1 46 1
601 0 5 81 1 191 1 365 1 116 1 107 1
602 0 5 82 1 206 1 146 1 104 1 482 1
603 0 5 83 1 283 1 232 1 197 1 296 1
604 0 5 84 1 416 1 240 1 276 1 446 1
605 0 5 85 1 159 1 255 1 139 1 75 1
606 0 5 86 1 483 1 278 1 290 1 389 1
607 0 5 87 1 218 1 279 1 376 1 32 1
608 0 5 88 1 296 1 185 1 476 1 475 1
609 0 5 89 1 240 1 257 1 21 1 368 1
610 0 5 90 1 103 1 351 1 208 1 186 1
611 0 5 91 1 99 1 465 1 65 1 335 1
612 0 5 92 1 208 1 90 1 209 1 103 1
613 0 5 93 1 304 1 355 1 236 1 343 1
614 0 5 94 1 1 1 404 1 501 1 24 1
615 0 5 95 1 250 1 69 1 10 1 19 1
616 0 5 96 1 297 1 373 1 326 1 97 1
617 0 5 97 1 363 1 364 1 326 1 373 1
618 0 5 98 1 284 1 420 1 22 1 490 1
619 0 5 99 1 65 1 91 1 465 1 107 1
620 0 5 100 1 107 1 458 1 122 1 497 1
621 0 5 101 1 105 1 126 1 123 1 158 1
622 0 5 102 1 153 1 428 1 372 1 448 1
623 0 5 103 1 12 1 349 1 392 1 67 1
624 0 5 104 1 331 1 220 1 206 1 31 1
625 0 5 105 1 72 1 101 1 158 1 325 1
626 0 5 106 1 196 1 401 1 498 1 298 1
627 0 5 107 1 57 1 365 1 99 1 100 1
628 0 5 108 1 172 1 109 1 436 1 126 1
629 0 5 109 1 155 1 233 1 108 1 172 1
630 0 5 110 1 459 1 435 1 178 1 478 1
631 0 5 111 1 375 1 444 1 95 1 10 1
632 0 5 112 1 361 1 66 1 423 1 481 1
633 0 5 113 1 170 1 462 1 335 1 162 1
634 0 5 114 1 29 1 442 1 148 1 32 1
635 0 5 115 1 418 1 319 1 374 1 198 1
636 0 5 116 1 100 1 365 1 107 1 81 1
637 0 5 117 1 443 1 218 1 405 1 87 1
638 0 5 118 1 237 1 217 1 174 1 330 1
639 0 5 119 1 52 1 264 1 301 1 454 1
640 0 5 120 1 3 1 309 1 202 1 20 1
641 0 5 121 1 128 1 407 1 204 1 381 1
642 0 5 122 1 5 1 469 1 100 1 366 1
643 0 5 123 1 101 1 467 1 61 1 179 1
644 0 5 124 1 38 1 178 1 436 1 332 1
645 0 5 125 1 169 1 300 1 489 1 175 1
646 0 5 126 1 38 1 108 1 105 1 101 1
647 0 5 127 1 421 1 395 1 125 1 285 1
648 0 5 128 1 381 1 407 1 79 1 204 1
649 0 5 129 1 334 1 361 1 236 1 316 1
650 0 5 130 1 415 1 322 1 36 1 426 1
651 0 5 131 1 292 1 381 1 35 1 134 1
652 0 5 132 1 277 1 197 1 232 1 401 1
653 0 5 133 1 280 1 50 1 20 1 120 1
654 0 5 134 1 487 1 131 1 79 1 35 1
655 0 5 135 1 31 1 260 1 45 1 383 1
656 0 5 136 1 68 1 488 1 356 1 209 1
657 0 5 137 1 286 1 257 1 451 1 419 1
658 0 5 138 1 410 1 243 1 430 1 259 1
659 0 5 139 1 254 1 255 1 159 1 478 1
660 0 5 140 1 51 1 408 1 68 1 34 1
661 0 5 141 1 441 1 345 1 442 1 224 1
662 0 5 142 1 302 1 374 1 230 1 256 1
663 0 5 143 1 469 1 191 1 81 1 237 1
664 0 5 144 1 180 1 152 1 356 1 209 1
665 0 5 145 1 16 1 409 1 495 1 485 1
666 0 5 146 1 18 1 14 1 199 1 399 1
667 0 5 147 1 275 1 184 1 227 1 220 1
668 0 5 148 1 114 1 182 1 69 1 29 1
669 0 5 149 1 56 1 64 1 285 1 328 1
670 0 5 150 1 429 1 28 1 337 1 143 1
671 0 5 151 1 448 1 153 1 344 1 365 1
672 0 5 152 1 209 1 92 1 351 1 180 1
673 0 5 153 1 102 1 448 1 151 1 289 1
674 0 5 154 1 249 1 181 1 444 1 71 1
675 0 5 155 1 353 1 233 1 456 1 121 1
676 0 5 156 1 244 1 53 1 43 1 185 1
677 0 5 157 1 294 1 412 1 425 1 371 1
678 0 5 158 1 393 1 126 1 101 1 473 1
679 0 5 159 1 85 1 139 1 255 1 254 1
680 0 5 160 1 135 1 31 1 383 1 468 1
681 0 5 161 1 353 1 456 1 25 1 321 1
682 0 5 162 1 287 1 465 1 494 1 91 1
683 0 5 163 1 423 1 268 1 455 1 348 1
684 0 5 164 1 30 1 58 1 181 1 335 1
685 0 5 165 1 34 1 53 1 43 1 156 1
686 0 5 166 1 217 1 237 1 118 1 377 1
687 0 5 167 1 309 1 120 1 387 1 238 1
688 0 5 168 1 346 1 404 1 501 1 185 1
689 0 5 169 1 300 1 400 1 84 1 446 1
690 0 5 170 1 462 1 335 1 36 1 389 1
691 0 5 171 1 429 1 337 1 267 1 369 1
692 0 5 172 1 109 1 108 1 417 1 38 1
693 0 5 173 1 272 1 269 1 453 1 163 1
694 0 5 174 1 330 1 217 1 258 1 306 1
695 0 5 175 1 489 1 195 1 125 1 400 1
696 0 5 176 1 360 1 204 1 452 1 445 1
697 0 5 177 1 14 1 18 1 179 1 61 1
698 0 5 178 1 332 1 436 1 124 1 468 1
699 0 5 179 1 61 1 177 1 417 1 467 1
700 0 5 180 1 351 1 499 1 356 1 488 1
701 0 5 181 1 58 1 252 1 293 1 164 1
702 0 5 182 1 148 1 245 1 114 1 29 1
703 0 5 183 1 261 1 440 1 234 1 8 1
704 0 5 184 1 147 1 275 1 40 1 354 1
705 0 5 185 1 168 1 88 1 346 1 244 1
706 0 5 186 1 457 1 392 1 188 1 67 1
707 0 5 187 1 247 1 398 1 420 1 479 1
708 0 5 188 1 136 1 457 1 186 1 233 1
709 0 5 189 1 167 1 387 1 242 1 238 1
710 0 5 190 1 299 1 69 1 333 1 314 1
711 0 5 191 1 116 1 122 1 81 1 143 1
712 0 5 192 1 35 1 360 1 156 1 134 1
713 0 5 193 1 285 1 491 1 362 1 414 1
714 0 5 194 1 492 1 474 1 78 1 337 1
715 0 5 195 1 21 1 400 1 175 1 240 1
716 0 5 196 1 205 1 498 1 277 1 401 1
717 0 5 197 1 1 1 470 1 94 1 215 1
718 0 5 198 1 137 1 413 1 418 1 319 1
719 0 5 199 1 379 1 146 1 61 1 399 1
720 0 5 200 1 424 1 15 1 254 1 126 1
721 0 5 201 1 475 1 463 1 470 1 60 1
722 0 5 202 1 120 1 167 1 387 1 309 1
723 0 5 203 1 318 1 46 1 249 1 376 1
724 0 5 204 1 292 1 128 1 407 1 79 1
725 0 5 205 1 401 1 232 1 132 1 197 1
726 0 5 206 1 399 1 178 1 110 1 220 1
727 0 5 207 1 202 1 450 1 387 1 359 1
728 0 5 208 1 209 1 90 1 92 1 351 1
729 0 5 209 1 157 1 294 1 208 1 412 1
730 0 5 210 1 227 1 206 1 399 1 220 1
731 0 5 211 1 413 1 41 1 464 1 33 1
732 0 5 212 1 142 1 302 1 374 1 288 1
733 0 5 213 1 2 1 7 1 238 1 119 1
734 0 5 214 1 235 1 344 1 57 1 107 1
735 0 5 215 1 207 1 1 1 340 1 359 1
736 0 5 216 1 13 1 44 1 370 1 464 1
737 0 5 217 1 377 1 174 1 330 1 122 1
738 0 5 218 1 376 1 443 1 279 1 87 1
739 0 5 219 1 378 1 422 1 274 1 323 1
740 0 5 220 1 210 1 206 1 399 1 383 1
741 0 5 221 1 245 1 480 1 434 1 268 1
742 0 5 222 1 396 1 176 1 168 1 501 1
743 0 5 223 1 466 1 327 1 419 1 313 1
744 0 5 224 1 263 1 141 1 345 1 490 1
745 0 5 225 1 339 1 486 1 380 1 359 1
746 0 5 226 1 447 1 307 1 343 1 485 1
747 0 5 227 1 266 1 27 1 399 1 210 1
748 0 5 228 1 289 1 26 1 455 1 163 1
749 0 5 229 1 420 1 98 1 247 1 187 1
750 0 5 230 1 256 1 336 1 311 1 302 1
751 0 5 231 1 459 1 40 1 110 1 468 1
752 0 5 232 1 197 1 132 1 83 1 277 1
753 0 5 233 1 353 1 161 1 25 1 321 1
754 0 5 234 1 440 1 8 1 261 1 183 1
755 0 5 235 1 214 1 344 1 95 1 107 1
756 0 5 236 1 334 1 129 1 485 1 93 1
757 0 5 237 1 166 1 217 1 118 1 377 1
758 0 5 238 1 241 1 3 1 7 1 271 1
759 0 5 239 1 347 1 123 1 18 1 467 1
760 0 5 240 1 84 1 89 1 368 1 257 1
761 0 5 241 1 271 1 373 1 238 1 7 1
762 0 5 242 1 189 1 167 1 2 1 7 1
763 0 5 243 1 426 1 130 1 322 1 415 1
764 0 5 244 1 185 1 53 1 156 1 346 1
765 0 5 245 1 182 1 29 1 148 1 42 1
766 0 5 246 1 305 1 317 1 285 1 406 1
767 0 5 247 1 187 1 420 1 398 1 479 1
768 0 5 248 1 9 1 303 1 228 1 289 1
769 0 5 249 1 46 1 154 1 203 1 71 1
770 0 5 250 1 19 1 333 1 293 1 69 1
771 0 5 251 1 270 1 438 1 477 1 447 1
772 0 5 252 1 58 1 30 1 164 1 181 1
773 0 5 253 1 317 1 59 1 262 1 246 1
774 0 5 254 1 15 1 139 1 200 1 478 1
775 0 5 255 1 139 1 85 1 254 1 270 1
776 0 5 256 1 230 1 41 1 302 1 211 1
777 0 5 257 1 368 1 400 1 195 1 495 1
778 0 5 258 1 430 1 287 1 500 1 138 1
779 0 5 259 1 465 1 500 1 430 1 410 1
780 0 5 260 1 45 1 31 1 135 1 331 1
781 0 5 261 1 183 1 234 1 440 1 8 1
782 0 5 262 1 59 1 253 1 173 1 129 1
783 0 5 263 1 345 1 39 1 490 1 141 1
784 0 5 264 1 213 1 77 1 7 1 70 1
785 0 5 265 1 496 1 318 1 480 1 272 1
786 0 5 266 1 402 1 478 1 324 1 227 1
787 0 5 267 1 437 1 369 1 54 1 429 1
788 0 5 268 1 221 1 434 1 480 1 439 1
789 0 5 269 1 173 1 347 1 66 1 112 1
790 0 5 270 1 477 1 438 1 446 1 255 1
791 0 5 271 1 55 1 432 1 241 1 77 1
792 0 5 272 1 4 1 173 1 248 1 289 1
793 0 5 273 1 464 1 78 1 267 1 437 1
794 0 5 274 1 335 1 422 1 30 1 323 1
795 0 5 275 1 40 1 184 1 320 1 220 1
796 0 5 276 1 226 1 446 1 447 1 84 1
797 0 5 277 1 283 1 132 1 232 1 83 1
798 0 5 278 1 86 1 290 1 389 1 22 1
799 0 5 279 1 376 1 385 1 87 1 496 1
800 0 5 280 1 20 1 133 1 3 1 380 1
801 0 5 281 1 113 1 323 1 462 1 162 1
802 0 5 282 1 43 1 244 1 165 1 156 1
803 0 5 283 1 83 1 277 1 232 1 197 1
804 0 5 284 1 420 1 98 1 442 1 441 1
805 0 5 285 1 414 1 64 1 193 1 421 1
806 0 5 286 1 257 1 451 1 419 1 495 1
807 0 5 287 1 259 1 116 1 465 1 329 1
808 0 5 288 1 313 1 495 1 374 1 427 1
809 0 5 289 1 248 1 228 1 310 1 372 1
810 0 5 290 1 278 1 314 1 86 1 299 1
811 0 5 291 1 298 1 76 1 449 1 106 1
812 0 5 292 1 131 1 204 1 381 1 121 1
813 0 5 293 1 384 1 444 1 39 1 250 1
814 0 5 294 1 412 1 157 1 209 1 425 1
815 0 5 295 1 277 1 498 1 196 1 475 1
816 0 5 296 1 476 1 83 1 88 1 197 1
817 0 5 297 1 326 1 373 1 96 1 97 1
818 0 5 298 1 106 1 50 1 291 1 76 1
819 0 5 299 1 314 1 229 1 86 1 290 1
820 0 5 300 1 446 1 169 1 84 1 489 1
821 0 5 301 1 119 1 52 1 213 1 454 1
822 0 5 302 1 256 1 357 1 230 1 142 1
823 0 5 303 1 151 1 350 1 248 1 9 1
824 0 5 304 1 485 1 343 1 439 1 307 1
825 0 5 305 1 406 1 246 1 334 1 317 1
826 0 5 306 1 329 1 258 1 287 1 341 1
827 0 5 307 1 439 1 481 1 493 1 304 1
828 0 5 308 1 482 1 431 1 79 1 31 1
829 0 5 309 1 205 1 120 1 202 1 238 1
830 0 5 310 1 93 1 355 1 289 1 236 1
831 0 5 311 1 336 1 4 1 428 1 350 1
832 0 5 312 1 352 1 183 1 261 1 359 1
833 0 5 313 1 288 1 419 1 327 1 223 1
834 0 5 314 1 229 1 299 1 190 1 98 1
835 0 5 315 1 431 1 308 1 79 1 160 1
836 0 5 316 1 406 1 175 1 305 1 129 1
837 0 5 317 1 246 1 253 1 129 1 59 1
838 0 5 318 1 265 1 376 1 279 1 203 1
839 0 5 319 1 115 1 374 1 418 1 195 1
840 0 5 320 1 231 1 331 1 135 1 468 1
841 0 5 321 1 25 1 161 1 155 1 456 1
842 0 5 322 1 278 1 49 1 243 1 170 1
843 0 5 323 1 281 1 274 1 422 1 113 1
844 0 5 324 1 75 1 338 1 402 1 23 1
845 0 5 325 1 67 1 62 1 392 1 72 1
846 0 5 326 1 97 1 373 1 386 1 363 1
847 0 5 327 1 223 1 419 1 451 1 63 1
848 0 5 328 1 23 1 64 1 379 1 285 1
849 0 5 329 1 258 1 259 1 287 1 500 1
850 0 5 330 1 73 1 341 1 306 1 174 1
851 0 5 331 1 220 1 383 1 468 1 45 1
852 0 5 332 1 436 1 178 1 124 1 435 1
853 0 5 333 1 190 1 22 1 299 1 36 1
854 0 5 334 1 129 1 236 1 447 1 358 1
855 0 5 335 1 323 1 39 1 333 1 281 1
856 0 5 336 1 311 1 428 1 4 1 102 1
857 0 5 337 1 369 1 150 1 171 1 474 1
858 0 5 338 1 75 1 395 1 362 1 159 1
859 0 5 339 1 432 1 241 1 271 1 238 1
860 0 5 340 1 1 1 24 1 215 1 359 1
861 0 5 341 1 306 1 73 1 329 1 258 1
862 0 5 342 1 365 1 151 1 458 1 143 1
863 0 5 343 1 485 1 276 1 416 1 226 1
864 0 5 344 1 235 1 214 1 57 1 95 1
865 0 5 345 1 141 1 263 1 111 1 39 1
866 0 5 346 1 1 1 51 1 433 1 185 1
867 0 5 347 1 467 1 112 1 361 1 101 1
868 0 5 348 1 455 1 493 1 423 1 310 1
869 0 5 349 1 12 1 325 1 484 1 269 1
870 0 5 350 1 9 1 303 1 4 1 272 1
871 0 5 351 1 90 1 208 1 103 1 457 1
872 0 5 352 1 398 1 234 1 261 1 359 1
873 0 5 353 1 165 1 456 1 161 1 34 1
874 0 5 354 1 460 1 110 1 478 1 159 1
875 0 5 355 1 372 1 26 1 163 1 348 1
876 0 5 356 1 180 1 471 1 488 1 351 1
877 0 5 357 1 427 1 409 1 302 1 310 1
878 0 5 358 1 251 1 361 1 438 1 334 1
879 0 5 359 1 486 1 380 1 398 1 352 1
880 0 5 360 1 192 1 204 1 156 1 35 1
881 0 5 361 1 481 1 112 1 129 1 438 1
882 0 5 362 1 491 1 338 1 193 1 414 1
883 0 5 363 1 364 1 323 1 49 1 97 1
884 0 5 364 1 39 1 363 1 22 1 97 1
885 0 5 365 1 81 1 107 1 57 1 100 1
886 0 5 366 1 494 1 5 1 174 1 458 1
887 0 5 367 1 394 1 183 1 261 1 352 1
888 0 5 368 1 89 1 257 1 419 1 240 1
889 0 5 369 1 171 1 78 1 267 1 464 1
890 0 5 370 1 13 1 216 1 33 1 44 1
891 0 5 371 1 425 1 321 1 79 1 456 1
892 0 5 372 1 26 1 355 1 228 1 102 1
893 0 5 373 1 55 1 386 1 326 1 297 1
894 0 5 374 1 427 1 115 1 319 1 288 1
895 0 5 375 1 10 1 111 1 444 1 95 1
896 0 5 376 1 279 1 484 1 218 1 245 1
897 0 5 377 1 174 1 122 1 366 1 5 1
898 0 5 378 1 422 1 174 1 258 1 281 1
899 0 5 379 1 61 1 199 1 64 1 328 1
900 0 5 380 1 486 1 359 1 207 1 352 1
901 0 5 381 1 79 1 308 1 128 1 31 1
902 0 5 382 1 201 1 475 1 470 1 449 1
903 0 5 383 1 468 1 331 1 178 1 206 1
904 0 5 384 1 444 1 497 1 95 1 458 1
905 0 5 385 1 496 1 173 1 66 1 265 1
906 0 5 386 1 55 1 70 1 48 1 363 1
907 0 5 387 1 340 1 225 1 207 1 202 1
908 0 5 388 1 6 1 428 1 74 1 13 1
909 0 5 389 1 22 1 415 1 70 1 98 1
910 0 5 390 1 27 1 147 1 184 1 227 1
911 0 5 391 1 154 1 181 1 58 1 252 1
912 0 5 392 1 186 1 67 1 62 1 325 1
913 0 5 393 1 472 1 434 1 42 1 221 1
914 0 5 394 1 397 1 471 1 359 1 24 1
915 0 5 395 1 193 1 362 1 338 1 491 1
916 0 5 396 1 88 1 433 1 470 1 60 1
917 0 5 397 1 141 1 471 1 356 1 499 1
918 0 5 398 1 359 1 352 1 234 1 261 1
919 0 5 399 1 199 1 146 1 266 1 206 1
920 0 5 400 1 195 1 21 1 257 1 240 1
921 0 5 401 1 232 1 498 1 132 1 106 1
922 0 5 402 1 324 1 266 1 75 1 227 1
923 0 5 403 1 295 1 76 1 475 1 382 1
924 0 5 404 1 94 1 501 1 17 1 1 1
925 0 5 405 1 87 1 349 1 218 1 443 1
926 0 5 406 1 175 1 334 1 305 1 246 1
927 0 5 407 1 79 1 128 1 308 1 482 1
928 0 5 408 1 53 1 34 1 346 1 165 1
929 0 5 409 1 145 1 310 1 427 1 93 1
930 0 5 410 1 138 1 243 1 430 1 259 1
931 0 5 411 1 149 1 56 1 64 1 239 1
932 0 5 412 1 82 1 294 1 407 1 157 1
933 0 5 413 1 313 1 41 1 288 1 198 1
934 0 5 414 1 438 1 347 1 358 1 285 1
935 0 5 415 1 278 1 36 1 86 1 290 1
936 0 5 416 1 276 1 343 1 84 1 485 1
937 0 5 417 1 124 1 14 1 38 1 177 1
938 0 5 418 1 198 1 413 1 115 1 374 1
939 0 5 419 1 451 1 327 1 313 1 495 1
940 0 5 420 1 247 1 187 1 398 1 98 1
941 0 5 421 1 395 1 127 1 285 1 193 1
942 0 5 422 1 274 1 281 1 378 1 323 1
943 0 5 423 1 268 1 66 1 163 1 221 1
944 0 5 424 1 473 1 200 1 15 1 101 1
945 0 5 425 1 371 1 456 1 79 1 321 1
946 0 5 426 1 130 1 36 1 243 1 322 1
947 0 5 427 1 357 1 409 1 374 1 288 1
948 0 5 428 1 102 1 372 1 336 1 153 1
949 0 5 429 1 171 1 267 1 337 1 150 1
950 0 5 430 1 500 1 410 1 138 1 259 1
951 0 5 431 1 160 1 135 1 315 1 79 1
952 0 5 432 1 96 1 373 1 326 1 271 1
953 0 5 433 1 470 1 60 1 476 1 185 1
954 0 5 434 1 393 1 42 1 472 1 221 1
955 0 5 435 1 332 1 459 1 436 1 124 1
956 0 5 436 1 109 1 435 1 332 1 468 1
957 0 5 437 1 54 1 273 1 267 1 78 1
958 0 5 438 1 358 1 361 1 414 1 285 1
959 0 5 439 1 493 1 307 1 304 1 268 1
960 0 5 440 1 8 1 490 1 234 1 224 1
961 0 5 441 1 442 1 284 1 345 1 141 1
962 0 5 442 1 441 1 284 1 187 1 420 1
963 0 5 443 1 47 1 218 1 203 1 376 1
964 0 5 444 1 384 1 293 1 111 1 95 1
965 0 5 445 1 37 1 353 1 157 1 11 1
966 0 5 446 1 251 1 84 1 447 1 416 1
967 0 5 447 1 307 1 226 1 485 1 446 1
968 0 5 448 1 153 1 151 1 102 1 273 1
969 0 5 449 1 291 1 382 1 298 1 106 1
970 0 5 450 1 301 1 207 1 119 1 52 1
971 0 5 451 1 419 1 137 1 327 1 466 1
972 0 5 452 1 176 1 445 1 11 1 425 1
973 0 5 453 1 269 1 173 1 385 1 484 1
974 0 5 454 1 52 1 213 1 398 1 301 1
975 0 5 455 1 163 1 480 1 228 1 348 1
976 0 5 456 1 37 1 165 1 371 1 34 1
977 0 5 457 1 188 1 186 1 136 1 32 1
978 0 5 458 1 497 1 494 1 107 1 100 1
979 0 5 459 1 435 1 110 1 231 1 332 1
980 0 5 460 1 478 1 354 1 110 1 159 1
981 0 5 461 1 222 1 463 1 168 1 501 1
982 0 5 462 1 170 1 410 1 138 1 243 1
983 0 5 463 1 461 1 60 1 222 1 201 1
984 0 5 464 1 216 1 102 1 6 1 273 1
985 0 5 465 1 91 1 65 1 99 1 162 1
986 0 5 466 1 223 1 33 1 211 1 327 1
987 0 5 467 1 123 1 347 1 101 1 179 1
988 0 5 468 1 383 1 178 1 332 1 331 1
989 0 5 469 1 122 1 143 1 191 1 429 1
990 0 5 470 1 433 1 475 1 197 1 476 1
991 0 5 471 1 356 1 488 1 144 1 152 1
992 0 5 472 1 473 1 434 1 221 1 393 1
993 0 5 473 1 424 1 434 1 393 1 105 1
994 0 5 474 1 194 1 337 1 150 1 78 1
995 0 5 475 1 76 1 396 1 83 1 470 1
996 0 5 476 1 197 1 296 1 475 1 83 1
997 0 5 477 1 254 1 251 1 255 1 270 1
998 0 5 478 1 75 1 110 1 460 1 15 1
999 0 5 479 1 387 1 398 1 454 1 213 1
1000 0 5 480 1 245 1 376 1 221 1 10 1
1001 0 5 481 1 236 1 493 1 423 1 129 1
1002 0 5 482 1 104 1 31 1 308 1 331 1
1003 0 5 483 1 98 1 264 1 70 1 213 1
1004 0 5 484 1 453 1 269 1 173 1 279 1
1005 0 5 485 1 226 1 236 1 343 1 334 1
1006 0 5 486 1 450 1 207 1 359 1 339 1
1007 0 5 487 1 282 1 425 1 79 1 192 1
1008 0 5 488 1 11 1 356 1 471 1 140 1
1009 0 5 489 1 125 1 127 1 175 1 169 1
1010 0 5 490 1 263 1 224 1 98 1 96 1
1011 0 5 491 1 362 1 338 1 193 1 414 1
1012 0 5 492 1 256 1 41 1 474 1 194 1
1013 0 5 493 1 439 1 361 1 163 1 423 1
1014 0 5 494 1 162 1 287 1 100 1 116 1
1015 0 5 495 1 63 1 16 1 145 1 409 1
1016 0 5 496 1 385 1 265 1 484 1 173 1
1017 0 5 497 1 494 1 458 1 162 1 384 1
1018 0 5 498 1 196 1 106 1 401 1 76 1
1019 0 5 499 1 405 1 103 1 62 1 117 1
1020 0 5 500 1 259 1 287 1 430 1 258 1
1021 0 5 501 1 11 1 60 1 168 1 404 1
1022 0 5 502 0 520 1 519 1 518 1 517 1
1023 0 5 503 0 520 1 519 1 518 1 517 1
1024 0 5 504 0 520 1 519 1 518 1 517 1
1025 0 5 505 0 520 1 519 1 518 1 517 1
1026 0 5 506 0 520 1 519 1 518 1 517 1
1027 0 5 507 0 520 1 519 1 518 1 517 1
1028 0 5 508 0 520 1 519 1 518 1 517 1
1029 0 5 509 0 520 1 519 1 518 1 517 1
1030 0 5 510 0 520 1 519 1 518 1 517 1
1031 0 5 511 0 520 1 519 1 518 1 517 1
1032 0 5 512 0 520 1 519 1 518 1 517 1
1033 0 5 513 0 520 1 519 1 518 1 517 1
1034 0 5 514 0 520 1 519 1 518 1 517 1
1035 0 5 515 0 520 1 519 1 518 1 517 1
1036 0 5 516 0 520 1 519 1 518 1 517 1
1037 0 5 517 0 520 1 519 1 518 1 517 1
1038 0 5 518 0 520 1 519 1 518 1 517 1
1039 0 5 519 0 520 1 519 1 518 1 517 1
1040 0 5 520 0 520 1 519 1 518 1 517 1
-1
EOF
