1040
1 0 5 521 0 1040 1 1039 1 1038 1 1037 1
2 0 5 522 1 679 1 663 1 926 1 837 1
3 0 5 523 1 854 1 758 1 845 1 742 1
4 0 5 524 1 987 1 907 1 525 1 873 1
5 0 5 525 1 939 1 706 1 695 1 767 1
6 0 5 526 1 859 1 551 1 620 1 547 1
7 0 5 527 1 784 1 542 1 860 1 979 1
8 0 5 528 1 807 1 521 1 658 1 947 1
9 0 5 529 1 868 1 708 1 950 1 626 1
10 0 5 530 1 651 1 631 1 565 1 863 1
11 0 5 531 1 910 1 962 1 683 1 536 1
12 0 5 532 1 911 1 928 1 595 1 715 1
13 0 5 533 1 633 1 997 1 906 1 974 1
14 0 5 534 1 781 1 841 1 908 1 724 1
15 0 5 535 1 1007 1 528 1 807 1 949 1
16 0 5 536 1 825 1 531 1 659 1 951 1
17 0 5 537 1 1011 1 864 1 824 1 684 1
18 0 5 538 1 723 1 732 1 610 1 774 1
19 0 5 539 1 840 1 719 1 702 1 976 1
20 0 5 540 1 809 1 935 1 753 1 697 1
21 0 5 541 1 927 1 845 1 831 1 799 1
22 0 5 542 1 809 1 540 1 935 1 753 1
23 0 5 543 1 621 1 952 1 981 1 602 1
24 0 5 544 1 727 1 838 1 761 1 675 1
25 0 5 545 1 536 1 825 1 531 1 962 1
26 0 5 546 1 592 1 771 1 712 1 563 1
27 0 5 547 1 698 1 526 1 859 1 904 1
28 0 5 548 1 958 1 871 1 998 1 915 1
29 0 5 549 1 853 1 996 1 944 1 650 1
30 0 5 550 1 783 1 616 1 679 1 663 1
31 0 5 551 1 941 1 526 1 859 1 637 1
32 0 5 552 1 765 1 806 1 994 1 977 1
33 0 5 553 1 880 1 878 1 625 1 1021 1
34 0 5 554 1 850 1 904 1 698 1 776 1
35 0 5 555 1 580 1 614 1 687 1 771 1
36 0 5 556 1 716 1 980 1 962 1 648 1
37 0 5 557 1 787 1 796 1 797 1 551 1
38 0 5 558 1 713 1 730 1 682 1 827 1
39 0 5 559 1 601 1 1020 1 935 1 753 1
40 0 5 560 1 1006 1 603 1 634 1 855 1
41 0 5 561 1 521 1 807 1 587 1 626 1
42 0 5 562 1 907 1 869 1 989 1 987 1
43 0 5 563 1 546 1 771 1 916 1 592 1
44 0 5 564 1 782 1 964 1 875 1 895 1
45 0 5 565 1 530 1 812 1 846 1 863 1
46 0 5 566 1 523 1 830 1 541 1 845 1
47 0 5 567 1 988 1 856 1 985 1 922 1
48 0 5 568 1 617 1 748 1 904 1 637 1
49 0 5 569 1 874 1 934 1 896 1 872 1
50 0 5 570 1 688 1 974 1 704 1 592 1
51 0 5 571 1 580 1 657 1 687 1 933 1
52 0 5 572 1 594 1 582 1 842 1 706 1
53 0 5 573 1 670 1 968 1 648 1 796 1
54 0 5 574 1 528 1 643 1 923 1 1011 1
55 0 5 575 1 750 1 918 1 866 1 875 1
56 0 5 576 1 902 1 767 1 1015 1 819 1
57 0 5 577 1 867 1 798 1 956 1 735 1
58 0 5 578 1 643 1 596 1 574 1 923 1
59 0 5 579 1 852 1 1016 1 919 1 984 1
60 0 5 580 1 555 1 614 1 933 1 771 1
61 0 5 581 1 645 1 681 1 721 1 909 1
62 0 5 582 1 842 1 788 1 880 1 593 1
63 0 5 583 1 550 1 663 1 522 1 679 1
64 0 5 584 1 641 1 836 1 829 1 803 1
65 0 5 585 1 680 1 702 1 694 1 943 1
66 0 5 586 1 652 1 984 1 873 1 624 1
67 0 5 587 1 521 1 708 1 868 1 658 1
68 0 5 588 1 925 1 953 1 969 1 803 1
69 0 5 589 1 785 1 843 1 668 1 599 1
70 0 5 590 1 635 1 833 1 711 1 863 1
71 0 5 591 1 740 1 612 1 662 1 659 1
72 0 5 592 1 974 1 771 1 712 1 906 1
73 0 5 593 1 788 1 529 1 890 1 842 1
74 0 5 594 1 751 1 749 1 989 1 993 1
75 0 5 595 1 818 1 959 1 532 1 966 1
76 0 5 596 1 853 1 650 1 578 1 949 1
77 0 5 597 1 949 1 612 1 768 1 864 1
78 0 5 598 1 999 1 704 1 614 1 687 1
79 0 5 599 1 779 1 668 1 734 1 589 1
80 0 5 600 1 685 1 725 1 885 1 699 1
81 0 5 601 1 1020 1 935 1 559 1 542 1
82 0 5 602 1 881 1 952 1 543 1 981 1
83 0 5 603 1 855 1 738 1 760 1 1006 1
84 0 5 604 1 575 1 814 1 866 1 825 1
85 0 5 605 1 875 1 965 1 817 1 756 1
86 0 5 606 1 957 1 683 1 851 1 531 1
87 0 5 607 1 656 1 649 1 610 1 761 1
88 0 5 608 1 978 1 831 1 872 1 637 1
89 0 5 609 1 931 1 864 1 837 1 1001 1
90 0 5 610 1 675 1 723 1 732 1 538 1
91 0 5 611 1 675 1 963 1 760 1 892 1
92 0 5 612 1 591 1 662 1 834 1 596 1
93 0 5 613 1 998 1 755 1 876 1 628 1
94 0 5 614 1 704 1 771 1 598 1 999 1
95 0 5 615 1 700 1 682 1 713 1 953 1
96 0 5 616 1 883 1 909 1 783 1 900 1
97 0 5 617 1 872 1 789 1 748 1 990 1
98 0 5 618 1 955 1 940 1 636 1 981 1
99 0 5 619 1 671 1 637 1 971 1 941 1
100 0 5 620 1 698 1 547 1 904 1 696 1
101 0 5 621 1 792 1 958 1 795 1 981 1
102 0 5 622 1 720 1 581 1 783 1 909 1
103 0 5 623 1 692 1 701 1 970 1 778 1
104 0 5 624 1 984 1 586 1 652 1 873 1
105 0 5 625 1 1021 1 880 1 553 1 878 1
106 0 5 626 1 521 1 807 1 587 1 708 1
107 0 5 627 1 522 1 888 1 639 1 804 1
108 0 5 628 1 724 1 876 1 882 1 755 1
109 0 5 629 1 961 1 719 1 822 1 906 1
110 0 5 630 1 896 1 569 1 872 1 934 1
111 0 5 631 1 863 1 812 1 530 1 897 1
112 0 5 632 1 746 1 754 1 710 1 861 1
113 0 5 633 1 533 1 997 1 995 1 974 1
114 0 5 634 1 905 1 1003 1 763 1 770 1
115 0 5 635 1 833 1 590 1 656 1 945 1
116 0 5 636 1 936 1 661 1 669 1 618 1
117 0 5 637 1 941 1 569 1 872 1 830 1
118 0 5 638 1 589 1 810 1 581 1 721 1
119 0 5 639 1 901 1 808 1 663 1 890 1
120 0 5 640 1 595 1 966 1 818 1 911 1
121 0 5 641 1 836 1 803 1 959 1 829 1
122 0 5 642 1 995 1 794 1 997 1 629 1
123 0 5 643 1 574 1 923 1 949 1 864 1
124 0 5 644 1 768 1 597 1 937 1 735 1
125 0 5 645 1 734 1 779 1 722 1 1013 1
126 0 5 646 1 732 1 863 1 1008 1 538 1
127 0 5 647 1 680 1 811 1 943 1 746 1
128 0 5 648 1 573 1 670 1 884 1 716 1
129 0 5 649 1 761 1 699 1 656 1 685 1
130 0 5 650 1 528 1 574 1 643 1 923 1
131 0 5 651 1 711 1 530 1 850 1 631 1
132 0 5 652 1 946 1 695 1 586 1 939 1
133 0 5 653 1 745 1 871 1 926 1 1001 1
134 0 5 654 1 666 1 966 1 818 1 870 1
135 0 5 655 1 808 1 625 1 689 1 553 1
136 0 5 656 1 763 1 945 1 833 1 635 1
137 0 5 657 1 933 1 686 1 632 1 754 1
138 0 5 658 1 561 1 521 1 807 1 1011 1
139 0 5 659 1 951 1 847 1 918 1 910 1
140 0 5 660 1 950 1 924 1 1012 1 529 1
141 0 5 661 1 813 1 786 1 720 1 1017 1
142 0 5 662 1 834 1 591 1 612 1 578 1
143 0 5 663 1 679 1 783 1 550 1 901 1
144 0 5 664 1 770 1 847 1 937 1 612 1
145 0 5 665 1 521 1 1007 1 626 1 807 1
146 0 5 666 1 693 1 654 1 802 1 959 1
147 0 5 667 1 943 1 677 1 670 1 523 1
148 0 5 668 1 681 1 589 1 779 1 722 1
149 0 5 669 1 674 1 928 1 936 1 952 1
150 0 5 670 1 758 1 648 1 884 1 677 1
151 0 5 671 1 608 1 619 1 872 1 568 1
152 0 5 672 1 714 1 741 1 893 1 942 1
153 0 5 673 1 899 1 602 1 849 1 991 1
154 0 5 674 1 953 1 709 1 618 1 588 1
155 0 5 675 1 963 1 544 1 791 1 727 1
156 0 5 676 1 828 1 913 1 829 1 764 1
157 0 5 677 1 886 1 667 1 758 1 777 1
158 0 5 678 1 848 1 897 1 948 1 977 1
159 0 5 679 1 926 1 663 1 550 1 783 1
160 0 5 680 1 647 1 585 1 943 1 702 1
161 0 5 681 1 890 1 721 1 581 1 909 1
162 0 5 682 1 558 1 953 1 969 1 700 1
163 0 5 683 1 531 1 957 1 962 1 980 1
164 0 5 684 1 824 1 537 1 1011 1 773 1
165 0 5 685 1 699 1 725 1 600 1 649 1
166 0 5 686 1 746 1 657 1 933 1 754 1
167 0 5 687 1 960 1 688 1 598 1 999 1
168 0 5 688 1 687 1 570 1 986 1 960 1
169 0 5 689 1 717 1 1005 1 844 1 739 1
170 0 5 690 1 832 1 1020 1 773 1 684 1
171 0 5 691 1 821 1 728 1 786 1 661 1
172 0 5 692 1 970 1 623 1 778 1 730 1
173 0 5 693 1 666 1 802 1 960 1 654 1
174 0 5 694 1 972 1 585 1 822 1 680 1
175 0 5 695 1 946 1 652 1 939 1 586 1
176 0 5 696 1 982 1 994 1 775 1 707 1
177 0 5 697 1 1004 1 1002 1 710 1 542 1
178 0 5 698 1 620 1 554 1 904 1 846 1
179 0 5 699 1 649 1 685 1 600 1 855 1
180 0 5 700 1 682 1 730 1 713 1 615 1
181 0 5 701 1 623 1 986 1 778 1 970 1
182 0 5 702 1 539 1 585 1 801 1 943 1
183 0 5 703 1 858 1 998 1 628 1 876 1
184 0 5 704 1 906 1 570 1 861 1 960 1
185 0 5 705 1 917 1 892 1 948 1 814 1
186 0 5 706 1 737 1 873 1 1015 1 525 1
187 0 5 707 1 884 1 772 1 743 1 894 1
188 0 5 708 1 521 1 587 1 626 1 529 1
189 0 5 709 1 602 1 731 1 674 1 813 1
190 0 5 710 1 861 1 697 1 1004 1 968 1
191 0 5 711 1 863 1 590 1 631 1 530 1
192 0 5 712 1 906 1 546 1 614 1 592 1
193 0 5 713 1 558 1 700 1 730 1 827 1
194 0 5 714 1 733 1 672 1 741 1 800 1
195 0 5 715 1 816 1 969 1 532 1 731 1
196 0 5 716 1 648 1 556 1 962 1 573 1
197 0 5 717 1 582 1 880 1 889 1 842 1
198 0 5 718 1 958 1 724 1 613 1 882 1
199 0 5 719 1 539 1 822 1 629 1 840 1
200 0 5 720 1 826 1 835 1 621 1 981 1
201 0 5 721 1 810 1 681 1 638 1 785 1
202 0 5 722 1 843 1 599 1 779 1 734 1
203 0 5 723 1 780 1 930 1 538 1 774 1
204 0 5 724 1 613 1 1002 1 628 1 882 1
205 0 5 725 1 600 1 685 1 885 1 699 1
206 0 5 726 1 1013 1 921 1 581 1 795 1
207 0 5 727 1 838 1 761 1 610 1 607 1
208 0 5 728 1 640 1 911 1 821 1 786 1
209 0 5 729 1 920 1 967 1 1004 1 697 1
210 0 5 730 1 827 1 692 1 970 1 862 1
211 0 5 731 1 764 1 816 1 969 1 709 1
212 0 5 732 1 610 1 538 1 791 1 723 1
213 0 5 733 1 887 1 855 1 685 1 714 1
214 0 5 734 1 722 1 843 1 599 1 622 1
215 0 5 735 1 860 1 957 1 834 1 935 1
216 0 5 736 1 940 1 618 1 691 1 936 1
217 0 5 737 1 593 1 1015 1 788 1 624 1
218 0 5 738 1 603 1 855 1 1003 1 1006 1
219 0 5 739 1 912 1 625 1 553 1 888 1
220 0 5 740 1 759 1 994 1 894 1 877 1
221 0 5 741 1 942 1 672 1 885 1 893 1
222 0 5 742 1 943 1 845 1 667 1 677 1
223 0 5 743 1 753 1 772 1 957 1 894 1
224 0 5 744 1 676 1 803 1 913 1 828 1
225 0 5 745 1 871 1 998 1 653 1 1001 1
226 0 5 746 1 710 1 632 1 647 1 968 1
227 0 5 747 1 915 1 548 1 871 1 755 1
228 0 5 748 1 568 1 904 1 617 1 789 1
229 0 5 749 1 706 1 751 1 993 1 869 1
230 0 5 750 1 895 1 575 1 875 1 964 1
231 0 5 751 1 993 1 749 1 869 1 706 1
232 0 5 752 1 865 1 783 1 900 1 826 1
233 0 5 753 1 559 1 935 1 601 1 743 1
234 0 5 754 1 632 1 657 1 686 1 697 1
235 0 5 755 1 628 1 882 1 781 1 876 1
236 0 5 756 1 817 1 605 1 965 1 790 1
237 0 5 757 1 714 1 1019 1 733 1 844 1
238 0 5 758 1 667 1 523 1 670 1 677 1
239 0 5 759 1 894 1 982 1 707 1 740 1
240 0 5 760 1 738 1 855 1 603 1 1006 1
241 0 5 761 1 649 1 607 1 656 1 1003 1
242 0 5 762 1 865 1 826 1 581 1 835 1
243 0 5 763 1 1003 1 977 1 945 1 983 1
244 0 5 764 1 682 1 731 1 969 1 730 1
245 0 5 765 1 853 1 596 1 650 1 549 1
246 0 5 766 1 818 1 595 1 532 1 640 1
247 0 5 767 1 576 1 902 1 939 1 1015 1
248 0 5 768 1 937 1 578 1 644 1 597 1
249 0 5 769 1 962 1 547 1 750 1 895 1
250 0 5 770 1 948 1 664 1 918 1 866 1
251 0 5 771 1 712 1 694 1 614 1 972 1
252 0 5 772 1 743 1 527 1 884 1 707 1
253 0 5 773 1 537 1 1011 1 684 1 824 1
254 0 5 774 1 1008 1 930 1 646 1 875 1
255 0 5 775 1 620 1 551 1 547 1 859 1
256 0 5 776 1 975 1 530 1 547 1 812 1
257 0 5 777 1 886 1 677 1 943 1 742 1
258 0 5 778 1 986 1 827 1 862 1 991 1
259 0 5 779 1 668 1 722 1 645 1 589 1
260 0 5 780 1 930 1 723 1 875 1 774 1
261 0 5 781 1 908 1 534 1 755 1 703 1
262 0 5 782 1 776 1 565 1 964 1 975 1
263 0 5 783 1 752 1 550 1 871 1 663 1
264 0 5 784 1 979 1 527 1 980 1 797 1
265 0 5 785 1 939 1 810 1 589 1 525 1
266 0 5 786 1 661 1 813 1 1017 1 1014 1
267 0 5 787 1 796 1 557 1 551 1 941 1
268 0 5 788 1 593 1 924 1 529 1 625 1
269 0 5 789 1 990 1 896 1 815 1 904 1
270 0 5 790 1 538 1 610 1 791 1 723 1
271 0 5 791 1 790 1 723 1 963 1 610 1
272 0 5 792 1 795 1 622 1 726 1 958 1
273 0 5 793 1 527 1 920 1 851 1 784 1
274 0 5 794 1 642 1 811 1 585 1 742 1
275 0 5 795 1 726 1 921 1 622 1 958 1
276 0 5 796 1 702 1 787 1 677 1 943 1
277 0 5 797 1 557 1 573 1 787 1 968 1
278 0 5 798 1 755 1 781 1 908 1 577 1
279 0 5 799 1 541 1 976 1 927 1 845 1
280 0 5 800 1 1019 1 757 1 889 1 714 1
281 0 5 801 1 805 1 903 1 702 1 840 1
282 0 5 802 1 870 1 960 1 986 1 841 1
283 0 5 803 1 913 1 715 1 836 1 676 1
284 0 5 804 1 931 1 528 1 947 1 643 1
285 0 5 805 1 972 1 976 1 840 1 694 1
286 0 5 806 1 877 1 552 1 994 1 740 1
287 0 5 807 1 521 1 528 1 535 1 658 1
288 0 5 808 1 891 1 593 1 842 1 639 1
289 0 5 809 1 540 1 935 1 753 1 542 1
290 0 5 810 1 638 1 721 1 785 1 589 1
291 0 5 811 1 794 1 777 1 968 1 886 1
292 0 5 812 1 565 1 973 1 846 1 530 1
293 0 5 813 1 1017 1 981 1 952 1 1014 1
294 0 5 814 1 604 1 866 1 948 1 678 1
295 0 5 815 1 775 1 758 1 620 1 874 1
296 0 5 816 1 731 1 709 1 715 1 849 1
297 0 5 817 1 756 1 605 1 965 1 790 1
298 0 5 818 1 966 1 654 1 870 1 571 1
299 0 5 819 1 572 1 1015 1 902 1 576 1
300 0 5 820 1 898 1 1007 1 947 1 893 1
301 0 5 821 1 728 1 661 1 786 1 636 1
302 0 5 822 1 719 1 629 1 906 1 539 1
303 0 5 823 1 983 1 905 1 932 1 947 1
304 0 5 824 1 587 1 1011 1 561 1 684 1
305 0 5 825 1 769 1 531 1 750 1 895 1
306 0 5 826 1 762 1 835 1 720 1 865 1
307 0 5 827 1 862 1 991 1 778 1 730 1
308 0 5 828 1 829 1 764 1 692 1 701 1
309 0 5 829 1 693 1 803 1 836 1 959 1
310 0 5 830 1 872 1 914 1 523 1 934 1
311 0 5 831 1 1010 1 978 1 566 1 830 1
312 0 5 832 1 690 1 1002 1 601 1 542 1
313 0 5 833 1 635 1 945 1 656 1 897 1
314 0 5 834 1 662 1 612 1 591 1 935 1
315 0 5 835 1 1009 1 826 1 720 1 645 1
316 0 5 836 1 829 1 959 1 803 1 641 1
317 0 5 837 1 1001 1 609 1 931 1 537 1
318 0 5 838 1 607 1 761 1 727 1 610 1
319 0 5 839 1 893 1 947 1 898 1 672 1
320 0 5 840 1 976 1 539 1 702 1 805 1
321 0 5 841 1 755 1 628 1 534 1 882 1
322 0 5 842 1 582 1 624 1 891 1 984 1
323 0 5 843 1 599 1 589 1 722 1 645 1
324 0 5 844 1 912 1 880 1 672 1 553 1
325 0 5 845 1 799 1 541 1 927 1 742 1
326 0 5 846 1 696 1 975 1 698 1 565 1
327 0 5 847 1 918 1 659 1 664 1 951 1
328 0 5 848 1 977 1 552 1 945 1 765 1
329 0 5 849 1 673 1 899 1 991 1 816 1
330 0 5 850 1 651 1 776 1 530 1 812 1
331 0 5 851 1 793 1 957 1 527 1 606 1
332 0 5 852 1 919 1 579 1 586 1 1016 1
333 0 5 853 1 596 1 650 1 578 1 549 1
334 0 5 854 1 742 1 758 1 523 1 677 1
335 0 5 855 1 603 1 1006 1 1003 1 738 1
336 0 5 856 1 922 1 581 1 988 1 843 1
337 0 5 857 1 985 1 581 1 909 1 567 1
338 0 5 858 1 967 1 1002 1 703 1 729 1
339 0 5 859 1 526 1 904 1 620 1 748 1
340 0 5 860 1 527 1 729 1 867 1 957 1
341 0 5 861 1 999 1 632 1 710 1 697 1
342 0 5 862 1 991 1 827 1 778 1 970 1
343 0 5 863 1 631 1 897 1 590 1 833 1
344 0 5 864 1 923 1 690 1 949 1 643 1
345 0 5 865 1 762 1 581 1 826 1 622 1
346 0 5 866 1 948 1 575 1 678 1 814 1
347 0 5 867 1 703 1 860 1 858 1 729 1
348 0 5 868 1 521 1 626 1 708 1 950 1
349 0 5 869 1 562 1 989 1 751 1 749 1
350 0 5 870 1 899 1 802 1 841 1 818 1
351 0 5 871 1 747 1 548 1 915 1 958 1
352 0 5 872 1 830 1 914 1 617 1 569 1
353 0 5 873 1 525 1 749 1 706 1 624 1
354 0 5 874 1 896 1 815 1 758 1 990 1
355 0 5 875 1 964 1 866 1 863 1 575 1
356 0 5 876 1 998 1 628 1 882 1 724 1
357 0 5 877 1 662 1 559 1 753 1 806 1
358 0 5 878 1 1012 1 1021 1 924 1 880 1
359 0 5 879 1 736 1 691 1 936 1 636 1
360 0 5 880 1 553 1 625 1 1012 1 582 1
361 0 5 881 1 952 1 981 1 543 1 602 1
362 0 5 882 1 718 1 876 1 628 1 747 1
363 0 5 883 1 900 1 857 1 909 1 752 1
364 0 5 884 1 772 1 707 1 696 1 648 1
365 0 5 885 1 741 1 942 1 685 1 725 1
366 0 5 886 1 677 1 811 1 794 1 742 1
367 0 5 887 1 725 1 885 1 600 1 685 1
368 0 5 888 1 521 1 587 1 868 1 528 1
369 0 5 889 1 800 1 717 1 689 1 553 1
370 0 5 890 1 529 1 587 1 868 1 902 1
371 0 5 891 1 842 1 582 1 989 1 593 1
372 0 5 892 1 611 1 760 1 705 1 1006 1
373 0 5 893 1 672 1 823 1 820 1 898 1
374 0 5 894 1 707 1 759 1 982 1 753 1
375 0 5 895 1 750 1 565 1 547 1 964 1
376 0 5 896 1 874 1 789 1 990 1 815 1
377 0 5 897 1 678 1 977 1 863 1 833 1
378 0 5 898 1 1007 1 947 1 823 1 665 1
379 0 5 899 1 870 1 673 1 543 1 709 1
380 0 5 900 1 752 1 821 1 865 1 783 1
381 0 5 901 1 989 1 721 1 909 1 890 1
382 0 5 902 1 1015 1 819 1 572 1 767 1
383 0 5 903 1 801 1 805 1 702 1 840 1
384 0 5 904 1 748 1 620 1 554 1 698 1
385 0 5 905 1 944 1 634 1 983 1 996 1
386 0 5 906 1 592 1 995 1 614 1 629 1
387 0 5 907 1 562 1 524 1 987 1 993 1
388 0 5 908 1 703 1 781 1 867 1 858 1
389 0 5 909 1 857 1 581 1 890 1 681 1
390 0 5 910 1 683 1 659 1 664 1 612 1
391 0 5 911 1 928 1 595 1 532 1 1014 1
392 0 5 912 1 844 1 739 1 553 1 625 1
393 0 5 913 1 615 1 676 1 682 1 828 1
394 0 5 914 1 934 1 569 1 874 1 830 1
395 0 5 915 1 992 1 548 1 871 1 621 1
396 0 5 916 1 563 1 771 1 546 1 592 1
397 0 5 917 1 814 1 604 1 705 1 948 1
398 0 5 918 1 847 1 659 1 951 1 575 1
399 0 5 919 1 852 1 993 1 624 1 1016 1
400 0 5 920 1 1004 1 754 1 729 1 686 1
401 0 5 921 1 954 1 958 1 622 1 795 1
402 0 5 922 1 856 1 581 1 988 1 843 1
403 0 5 923 1 658 1 949 1 561 1 528 1
404 0 5 924 1 625 1 950 1 660 1 880 1
405 0 5 925 1 803 1 588 1 913 1 953 1
406 0 5 926 1 653 1 679 1 1001 1 745 1
407 0 5 927 1 831 1 541 1 1010 1 914 1
408 0 5 928 1 911 1 1014 1 786 1 661 1
409 0 5 929 1 985 1 987 1 567 1 810 1
410 0 5 930 1 774 1 780 1 1008 1 875 1
411 0 5 931 1 609 1 864 1 644 1 1001 1
412 0 5 932 1 937 1 644 1 947 1 823 1
413 0 5 933 1 657 1 861 1 686 1 632 1
414 0 5 934 1 569 1 914 1 874 1 523 1
415 0 5 935 1 601 1 559 1 834 1 753 1
416 0 5 936 1 669 1 636 1 691 1 661 1
417 0 5 937 1 597 1 768 1 644 1 664 1
418 0 5 938 1 823 1 932 1 898 1 839 1
419 0 5 939 1 767 1 525 1 695 1 576 1
420 0 5 940 1 636 1 669 1 618 1 936 1
421 0 5 941 1 637 1 551 1 619 1 874 1
422 0 5 942 1 820 1 535 1 893 1 672 1
423 0 5 943 1 777 1 794 1 742 1 647 1
424 0 5 944 1 983 1 996 1 820 1 942 1
425 0 5 945 1 656 1 833 1 763 1 635 1
426 0 5 946 1 695 1 652 1 939 1 586 1
427 0 5 947 1 535 1 839 1 823 1 898 1
428 0 5 948 1 866 1 770 1 897 1 814 1
429 0 5 949 1 578 1 650 1 643 1 923 1
430 0 5 950 1 626 1 708 1 529 1 660 1
431 0 5 951 1 740 1 994 1 612 1 848 1
432 0 5 952 1 543 1 881 1 981 1 813 1
433 0 5 953 1 969 1 674 1 588 1 558 1
434 0 5 954 1 684 1 824 1 921 1 726 1
435 0 5 955 1 981 1 835 1 618 1 813 1
436 0 5 956 1 867 1 577 1 735 1 1001 1
437 0 5 957 1 980 1 683 1 860 1 793 1
438 0 5 958 1 921 1 954 1 795 1 792 1
439 0 5 959 1 532 1 836 1 829 1 693 1
440 0 5 960 1 986 1 687 1 802 1 870 1
441 0 5 961 1 633 1 533 1 995 1 629 1
442 0 5 962 1 769 1 716 1 980 1 556 1
443 0 5 963 1 791 1 544 1 675 1 790 1
444 0 5 964 1 564 1 875 1 565 1 895 1
445 0 5 965 1 817 1 756 1 605 1 875 1
446 0 5 966 1 818 1 654 1 841 1 595 1
447 0 5 967 1 697 1 754 1 729 1 920 1
448 0 5 968 1 573 1 647 1 772 1 1004 1
449 0 5 969 1 715 1 953 1 558 1 764 1
450 0 5 970 1 778 1 862 1 827 1 991 1
451 0 5 971 1 619 1 671 1 978 1 608 1
452 0 5 972 1 694 1 719 1 822 1 585 1
453 0 5 973 1 975 1 812 1 846 1 547 1
454 0 5 974 1 570 1 592 1 961 1 906 1
455 0 5 975 1 846 1 973 1 812 1 547 1
456 0 5 976 1 742 1 840 1 845 1 539 1
457 0 5 977 1 848 1 945 1 763 1 765 1
458 0 5 978 1 566 1 831 1 608 1 830 1
459 0 5 979 1 968 1 920 1 784 1 980 1
460 0 5 980 1 556 1 784 1 957 1 527 1
461 0 5 981 1 720 1 881 1 543 1 602 1
462 0 5 982 1 696 1 759 1 740 1 994 1
463 0 5 983 1 905 1 942 1 944 1 820 1
464 0 5 984 1 586 1 624 1 873 1 652 1
465 0 5 985 1 567 1 901 1 810 1 909 1
466 0 5 986 1 778 1 960 1 802 1 688 1
467 0 5 987 1 524 1 785 1 907 1 810 1
468 0 5 988 1 856 1 922 1 581 1 810 1
469 0 5 989 1 869 1 901 1 562 1 721 1
470 0 5 990 1 789 1 896 1 815 1 620 1
471 0 5 991 1 849 1 827 1 816 1 778 1
472 0 5 992 1 548 1 841 1 882 1 718 1
473 0 5 993 1 873 1 751 1 749 1 869 1
474 0 5 994 1 806 1 877 1 552 1 696 1
475 0 5 995 1 997 1 629 1 704 1 585 1
476 0 5 996 1 549 1 944 1 765 1 853 1
477 0 5 997 1 822 1 704 1 906 1 642 1
478 0 5 998 1 690 1 876 1 613 1 1001 1
479 0 5 999 1 598 1 704 1 861 1 687 1
480 0 5 1000 1 916 1 563 1 546 1 555 1
481 0 5 1001 1 956 1 745 1 864 1 537 1
482 0 5 1002 1 832 1 542 1 809 1 690 1
483 0 5 1003 1 634 1 763 1 855 1 945 1
484 0 5 1004 1 697 1 968 1 746 1 527 1
485 0 5 1005 1 844 1 800 1 889 1 839 1
486 0 5 1006 1 1003 1 603 1 760 1 892 1
487 0 5 1007 1 521 1 665 1 807 1 898 1
488 0 5 1008 1 646 1 723 1 538 1 732 1
489 0 5 1009 1 734 1 645 1 835 1 826 1
490 0 5 1010 1 630 1 831 1 914 1 934 1
491 0 5 1011 1 658 1 824 1 561 1 923 1
492 0 5 1012 1 660 1 924 1 1021 1 878 1
493 0 5 1013 1 622 1 726 1 681 1 645 1
494 0 5 1014 1 1017 1 543 1 709 1 786 1
495 0 5 1015 1 819 1 737 1 721 1 902 1
496 0 5 1016 1 579 1 842 1 852 1 984 1
497 0 5 1017 1 1014 1 786 1 661 1 813 1
498 0 5 1018 1 965 1 605 1 817 1 964 1
499 0 5 1019 1 757 1 844 1 714 1 672 1
500 0 5 1020 1 773 1 578 1 601 1 537 1
501 0 5 1021 1 878 1 626 1 625 1 521 1
502 0 5 1022 0 521 1 1022 1 1023 1 1024 1
503 0 5 1023 0 521 1 1022 1 1023 1 1024 1
504 0 5 1024 0 521 1 1022 1 1023 1 1024 1
505 0 5 1025 0 521 1 1022 1 1023 1 1024 1
506 0 5 1026 0 521 1 1022 1 1023 1 1024 1
507 0 5 1027 0 521 1 1022 1 1023 1 1024 1
508 0 5 1028 0 521 1 1022 1 1023 1 1024 1
509 0 5 1029 0 521 1 1022 1 1023 1 1024 1
510 0 5 1030 0 521 1 1022 1 1023 1 1024 1
511 0 5 1031 0 521 1 1022 1 1023 1 1024 1
512 0 5 1032 0 521 1 1022 1 1023 1 1024 1
513 0 5 1033 0 521 1 1022 1 1023 1 1024 1
514 0 5 1034 0 521 1 1022 1 1023 1 1024 1
515 0 5 1035 0 521 1 1022 1 1023 1 1024 1
516 0 5 1036 0 521 1 1022 1 1023 1 1024 1
517 0 5 1037 0 521 1 1022 1 1023 1 1024 1
518 0 5 1038 0 521 1 1022 1 1023 1 1024 1
519 0 5 1039 0 521 1 1022 1 1023 1 1024 1
520 0 5 1040 0 521 1 1022 1 1023 1 1024 1
521 0 5 1 0 520 1 519 1 518 1 517 1
522 0 5 2 1 107 1 1 1 63 1 143 1
523 0 5 3 1 46 1 238 1 334 1 310 1
524 0 5 4 1 467 1 387 1 353 1 473 1
525 0 5 5 1 353 1 419 1 4 1 265 1
526 0 5 6 1 31 1 339 1 27 1 100 1
527 0 5 7 1 340 1 264 1 273 1 252 1
528 0 5 8 1 130 1 15 1 429 1 54 1
529 0 5 9 1 370 1 73 1 430 1 268 1
530 0 5 10 1 45 1 256 1 191 1 131 1
531 0 5 11 1 163 1 305 1 16 1 437 1
532 0 5 12 1 439 1 75 1 391 1 195 1
533 0 5 13 1 113 1 441 1 477 1 109 1
534 0 5 14 1 261 1 321 1 235 1 112 1
535 0 5 15 1 427 1 422 1 378 1 300 1
536 0 5 16 1 25 1 139 1 305 1 11 1
537 0 5 17 1 253 1 164 1 170 1 481 1
538 0 5 18 1 270 1 212 1 90 1 126 1
539 0 5 19 1 199 1 320 1 182 1 302 1
540 0 5 20 1 289 1 22 1 177 1 7 1
541 0 5 21 1 279 1 46 1 407 1 325 1
542 0 5 22 1 482 1 177 1 7 1 289 1
543 0 5 23 1 432 1 494 1 361 1 461 1
544 0 5 24 1 90 1 155 1 443 1 212 1
545 0 5 25 1 11 1 16 1 390 1 249 1
546 0 5 26 1 43 1 192 1 72 1 480 1
547 0 5 27 1 256 1 249 1 100 1 375 1
548 0 5 28 1 472 1 227 1 351 1 478 1
549 0 5 29 1 476 1 424 1 333 1 463 1
550 0 5 30 1 143 1 159 1 263 1 63 1
551 0 5 31 1 421 1 6 1 196 1 27 1
552 0 5 32 1 328 1 286 1 474 1 457 1
553 0 5 33 1 360 1 105 1 219 1 324 1
554 0 5 34 1 178 1 384 1 100 1 256 1
555 0 5 35 1 51 1 60 1 167 1 413 1
556 0 5 36 1 460 1 196 1 442 1 459 1
557 0 5 37 1 277 1 267 1 276 1 150 1
558 0 5 38 1 193 1 162 1 449 1 244 1
559 0 5 39 1 415 1 233 1 357 1 81 1
560 0 5 40 1 385 1 152 1 463 1 80 1
561 0 5 41 1 138 1 491 1 304 1 403 1
562 0 5 42 1 349 1 387 1 469 1 467 1
563 0 5 43 1 396 1 480 1 26 1 251 1
564 0 5 44 1 444 1 375 1 355 1 453 1
565 0 5 45 1 292 1 375 1 326 1 262 1
566 0 5 46 1 458 1 311 1 117 1 310 1
567 0 5 47 1 465 1 409 1 337 1 467 1
568 0 5 48 1 228 1 117 1 384 1 421 1
569 0 5 49 1 414 1 117 1 352 1 394 1
570 0 5 50 1 168 1 454 1 184 1 78 1
571 0 5 51 1 298 1 120 1 60 1 137 1
572 0 5 52 1 299 1 382 1 495 1 56 1
573 0 5 53 1 448 1 128 1 277 1 459 1
574 0 5 54 1 123 1 58 1 130 1 403 1
575 0 5 55 1 84 1 346 1 230 1 398 1
576 0 5 56 1 247 1 495 1 419 1 382 1
577 0 5 57 1 436 1 278 1 93 1 215 1
578 0 5 58 1 429 1 248 1 76 1 314 1
579 0 5 59 1 496 1 332 1 399 1 74 1
580 0 5 60 1 35 1 51 1 413 1 167 1
581 0 5 61 1 118 1 337 1 389 1 201 1
582 0 5 62 1 322 1 197 1 371 1 360 1
583 0 5 63 1 1 1 119 1 368 1 107 1
584 0 5 64 1 316 1 309 1 121 1 12 1
585 0 5 65 1 174 1 160 1 182 1 452 1
586 0 5 66 1 464 1 104 1 353 1 332 1
587 0 5 67 1 370 1 304 1 368 1 188 1
588 0 5 68 1 433 1 154 1 405 1 64 1
589 0 5 69 1 118 1 323 1 265 1 125 1
590 0 5 70 1 191 1 115 1 343 1 126 1
591 0 5 71 1 92 1 142 1 314 1 437 1
592 0 5 72 1 26 1 454 1 386 1 192 1
593 0 5 73 1 217 1 268 1 371 1 288 1
594 0 5 74 1 231 1 229 1 469 1 349 1
595 0 5 75 1 120 1 391 1 12 1 446 1
596 0 5 76 1 333 1 58 1 92 1 429 1
597 0 5 77 1 417 1 124 1 248 1 92 1
598 0 5 78 1 479 1 94 1 167 1 50 1
599 0 5 79 1 202 1 323 1 214 1 69 1
600 0 5 80 1 205 1 367 1 165 1 179 1
601 0 5 81 1 415 1 39 1 170 1 289 1
602 0 5 82 1 189 1 153 1 361 1 23 1
603 0 5 83 1 335 1 218 1 486 1 240 1
604 0 5 84 1 294 1 397 1 185 1 55 1
605 0 5 85 1 236 1 445 1 498 1 297 1
606 0 5 86 1 331 1 437 1 163 1 390 1
607 0 5 87 1 318 1 241 1 129 1 207 1
608 0 5 88 1 151 1 117 1 458 1 451 1
609 0 5 89 1 411 1 317 1 284 1 481 1
610 0 5 90 1 212 1 18 1 270 1 271 1
611 0 5 91 1 372 1 83 1 486 1 240 1
612 0 5 92 1 71 1 142 1 314 1 144 1
613 0 5 93 1 204 1 478 1 198 1 362 1
614 0 5 94 1 78 1 60 1 386 1 192 1
615 0 5 95 1 393 1 180 1 162 1 244 1
616 0 5 96 1 30 1 363 1 389 1 380 1
617 0 5 97 1 48 1 352 1 228 1 269 1
618 0 5 98 1 293 1 420 1 435 1 154 1
619 0 5 99 1 451 1 151 1 421 1 48 1
620 0 5 100 1 178 1 384 1 339 1 6 1
621 0 5 101 1 23 1 461 1 472 1 200 1
622 0 5 102 1 493 1 275 1 272 1 345 1
623 0 5 103 1 181 1 172 1 210 1 308 1
624 0 5 104 1 322 1 464 1 399 1 353 1
625 0 5 105 1 404 1 33 1 219 1 360 1
626 0 5 106 1 430 1 348 1 501 1 9 1
627 0 5 107 1 1 1 284 1 368 1 304 1
628 0 5 108 1 321 1 356 1 235 1 204 1
629 0 5 109 1 475 1 302 1 199 1 386 1
630 0 5 110 1 490 1 394 1 352 1 310 1
631 0 5 111 1 343 1 10 1 191 1 45 1
632 0 5 112 1 341 1 234 1 226 1 413 1
633 0 5 113 1 441 1 13 1 454 1 475 1
634 0 5 114 1 483 1 385 1 463 1 303 1
635 0 5 115 1 70 1 313 1 343 1 425 1
636 0 5 116 1 420 1 416 1 98 1 216 1
637 0 5 117 1 421 1 99 1 31 1 267 1
638 0 5 118 1 290 1 201 1 265 1 61 1
639 0 5 119 1 371 1 288 1 2 1 381 1
640 0 5 120 1 208 1 235 1 75 1 298 1
641 0 5 121 1 64 1 316 1 309 1 439 1
642 0 5 122 1 274 1 302 1 386 1 65 1
643 0 5 123 1 58 1 429 1 344 1 403 1
644 0 5 124 1 417 1 248 1 412 1 411 1
645 0 5 125 1 61 1 489 1 259 1 323 1
646 0 5 126 1 488 1 254 1 236 1 343 1
647 0 5 127 1 160 1 226 1 190 1 448 1
648 0 5 128 1 196 1 150 1 53 1 364 1
649 0 5 129 1 179 1 241 1 165 1 483 1
650 0 5 130 1 333 1 76 1 429 1 29 1
651 0 5 131 1 330 1 10 1 191 1 256 1
652 0 5 132 1 66 1 426 1 175 1 104 1
653 0 5 133 1 406 1 225 1 30 1 263 1
654 0 5 134 1 146 1 446 1 298 1 75 1
655 0 5 135 1 1 1 169 1 33 1 288 1
656 0 5 136 1 425 1 313 1 115 1 483 1
657 0 5 137 1 234 1 166 1 413 1 51 1
658 0 5 138 1 403 1 491 1 8 1 17 1
659 0 5 139 1 327 1 398 1 390 1 92 1
660 0 5 140 1 492 1 404 1 268 1 430 1
661 0 5 141 1 266 1 116 1 497 1 301 1
662 0 5 142 1 314 1 71 1 92 1 357 1
663 0 5 143 1 159 1 2 1 263 1 30 1
664 0 5 144 1 250 1 327 1 390 1 417 1
665 0 5 145 1 487 1 378 1 373 1 300 1
666 0 5 146 1 173 1 134 1 446 1 298 1
667 0 5 147 1 238 1 157 1 222 1 334 1
668 0 5 148 1 259 1 79 1 69 1 125 1
669 0 5 149 1 416 1 420 1 116 1 154 1
670 0 5 150 1 53 1 128 1 238 1 196 1
671 0 5 151 1 99 1 451 1 458 1 228 1
672 0 5 152 1 373 1 324 1 319 1 422 1
673 0 5 153 1 329 1 471 1 379 1 82 1
674 0 5 154 1 149 1 433 1 189 1 408 1
675 0 5 155 1 90 1 91 1 443 1 218 1
676 0 5 156 1 224 1 393 1 309 1 283 1
677 0 5 157 1 366 1 257 1 334 1 150 1
678 0 5 158 1 377 1 346 1 343 1 294 1
679 0 5 159 1 2 1 143 1 30 1 406 1
680 0 5 160 1 65 1 127 1 174 1 182 1
681 0 5 161 1 148 1 61 1 201 1 389 1
682 0 5 162 1 180 1 244 1 95 1 393 1
683 0 5 163 1 86 1 390 1 437 1 11 1
684 0 5 164 1 93 1 170 1 17 1 434 1
685 0 5 165 1 80 1 205 1 179 1 367 1
686 0 5 166 1 234 1 400 1 413 1 137 1
687 0 5 167 1 168 1 440 1 78 1 479 1
688 0 5 168 1 50 1 167 1 454 1 466 1
689 0 5 169 1 1 1 369 1 33 1 105 1
690 0 5 170 1 312 1 478 1 482 1 481 1
691 0 5 171 1 416 1 359 1 301 1 208 1
692 0 5 172 1 103 1 210 1 308 1 450 1
693 0 5 173 1 146 1 309 1 439 1 134 1
694 0 5 174 1 452 1 65 1 285 1 182 1
695 0 5 175 1 426 1 132 1 5 1 419 1
696 0 5 176 1 462 1 326 1 100 1 364 1
697 0 5 177 1 447 1 484 1 190 1 341 1
698 0 5 178 1 27 1 100 1 326 1 384 1
699 0 5 179 1 165 1 129 1 80 1 367 1
700 0 5 180 1 95 1 193 1 210 1 162 1
701 0 5 181 1 454 1 258 1 103 1 466 1
702 0 5 182 1 65 1 19 1 452 1 320 1
703 0 5 183 1 388 1 347 1 338 1 478 1
704 0 5 184 1 94 1 78 1 479 1 50 1
705 0 5 185 1 397 1 486 1 372 1 240 1
706 0 5 186 1 229 1 5 1 353 1 231 1
707 0 5 187 1 374 1 364 1 239 1 176 1
708 0 5 188 1 430 1 9 1 67 1 348 1
709 0 5 189 1 296 1 494 1 154 1 408 1
710 0 5 190 1 226 1 112 1 177 1 341 1
711 0 5 191 1 131 1 10 1 126 1 343 1
712 0 5 192 1 251 1 72 1 26 1 94 1
713 0 5 193 1 38 1 180 1 210 1 95 1
714 0 5 194 1 237 1 152 1 485 1 499 1
715 0 5 195 1 449 1 296 1 12 1 154 1
716 0 5 196 1 36 1 442 1 128 1 53 1
717 0 5 197 1 169 1 369 1 135 1 322 1
718 0 5 198 1 362 1 472 1 28 1 108 1
719 0 5 199 1 302 1 109 1 19 1 452 1
720 0 5 200 1 461 1 293 1 306 1 497 1
721 0 5 201 1 381 1 118 1 290 1 495 1
722 0 5 202 1 214 1 259 1 323 1 125 1
723 0 5 203 1 18 1 90 1 270 1 271 1
724 0 5 204 1 108 1 198 1 478 1 356 1
725 0 5 205 1 367 1 80 1 165 1 179 1
726 0 5 206 1 275 1 493 1 263 1 272 1
727 0 5 207 1 24 1 90 1 318 1 241 1
728 0 5 208 1 301 1 171 1 120 1 391 1
729 0 5 209 1 340 1 447 1 400 1 347 1
730 0 5 210 1 180 1 38 1 244 1 172 1
731 0 5 211 1 296 1 244 1 189 1 195 1
732 0 5 212 1 126 1 18 1 90 1 270 1
733 0 5 213 1 194 1 237 1 152 1 165 1
734 0 5 214 1 125 1 489 1 79 1 202 1
735 0 5 215 1 436 1 340 1 437 1 57 1
736 0 5 216 1 359 1 171 1 416 1 293 1
737 0 5 217 1 186 1 495 1 104 1 73 1
738 0 5 218 1 240 1 83 1 335 1 486 1
739 0 5 219 1 392 1 1 1 169 1 324 1
740 0 5 220 1 431 1 71 1 462 1 92 1
741 0 5 221 1 365 1 152 1 422 1 463 1
742 0 5 222 1 456 1 334 1 423 1 257 1
743 0 5 223 1 252 1 187 1 364 1 374 1
744 0 5 224 1 283 1 309 1 316 1 393 1
745 0 5 225 1 133 1 481 1 406 1 351 1
746 0 5 226 1 112 1 166 1 484 1 127 1
747 0 5 227 1 351 1 235 1 362 1 356 1
748 0 5 228 1 384 1 97 1 48 1 339 1
749 0 5 229 1 231 1 353 1 74 1 349 1
750 0 5 230 1 55 1 375 1 355 1 305 1
751 0 5 231 1 229 1 74 1 473 1 349 1
752 0 5 232 1 263 1 380 1 363 1 96 1
753 0 5 233 1 223 1 20 1 289 1 415 1
754 0 5 234 1 447 1 112 1 400 1 166 1
755 0 5 235 1 321 1 278 1 108 1 362 1
756 0 5 236 1 297 1 445 1 85 1 498 1
757 0 5 237 1 499 1 280 1 324 1 367 1
758 0 5 238 1 150 1 334 1 157 1 354 1
759 0 5 239 1 220 1 462 1 374 1 176 1
760 0 5 240 1 83 1 40 1 486 1 91 1
761 0 5 241 1 129 1 318 1 207 1 24 1
762 0 5 242 1 345 1 306 1 232 1 200 1
763 0 5 243 1 136 1 483 1 114 1 425 1
764 0 5 244 1 211 1 308 1 449 1 195 1
765 0 5 245 1 32 1 457 1 29 1 476 1
766 0 5 246 1 120 1 298 1 75 1 208 1
767 0 5 247 1 419 1 56 1 382 1 118 1
768 0 5 248 1 124 1 417 1 77 1 429 1
769 0 5 249 1 305 1 442 1 230 1 375 1
770 0 5 250 1 144 1 428 1 114 1 327 1
771 0 5 251 1 26 1 94 1 72 1 43 1
772 0 5 252 1 364 1 187 1 448 1 128 1
773 0 5 253 1 500 1 170 1 344 1 164 1
774 0 5 254 1 410 1 236 1 203 1 212 1
775 0 5 255 1 295 1 176 1 364 1 354 1
776 0 5 256 1 262 1 330 1 455 1 10 1
777 0 5 257 1 423 1 291 1 157 1 334 1
778 0 5 258 1 466 1 307 1 342 1 309 1
779 0 5 259 1 79 1 125 1 214 1 61 1
780 0 5 260 1 203 1 410 1 254 1 212 1
781 0 5 261 1 14 1 388 1 347 1 235 1
782 0 5 262 1 44 1 256 1 45 1 34 1
783 0 5 263 1 30 1 232 1 143 1 380 1
784 0 5 264 1 7 1 459 1 460 1 437 1
785 0 5 265 1 69 1 467 1 118 1 290 1
786 0 5 266 1 141 1 497 1 408 1 494 1
787 0 5 267 1 37 1 276 1 277 1 196 1
788 0 5 268 1 73 1 62 1 217 1 322 1
789 0 5 269 1 470 1 376 1 97 1 228 1
790 0 5 270 1 271 1 236 1 212 1 443 1
791 0 5 271 1 443 1 270 1 212 1 155 1
792 0 5 272 1 101 1 275 1 28 1 438 1
793 0 5 273 1 331 1 437 1 400 1 459 1
794 0 5 274 1 291 1 423 1 122 1 127 1
795 0 5 275 1 272 1 438 1 101 1 206 1
796 0 5 276 1 267 1 37 1 53 1 277 1
797 0 5 277 1 459 1 448 1 36 1 166 1
798 0 5 278 1 57 1 93 1 225 1 478 1
799 0 5 279 1 325 1 456 1 222 1 21 1
800 0 5 280 1 369 1 485 1 197 1 194 1
801 0 5 281 1 383 1 182 1 320 1 285 1
802 0 5 282 1 440 1 173 1 350 1 146 1
803 0 5 283 1 316 1 121 1 64 1 296 1
804 0 5 284 1 1 1 107 1 427 1 2 1
805 0 5 285 1 281 1 383 1 320 1 452 1
806 0 5 286 1 474 1 32 1 431 1 220 1
807 0 5 287 1 8 1 15 1 138 1 41 1
808 0 5 288 1 135 1 119 1 322 1 370 1
809 0 5 289 1 22 1 20 1 482 1 7 1
810 0 5 290 1 201 1 118 1 265 1 467 1
811 0 5 291 1 366 1 127 1 274 1 448 1
812 0 5 292 1 45 1 453 1 326 1 256 1
813 0 5 293 1 141 1 266 1 497 1 494 1
814 0 5 294 1 397 1 84 1 346 1 428 1
815 0 5 295 1 354 1 470 1 269 1 376 1
816 0 5 296 1 195 1 211 1 12 1 449 1
817 0 5 297 1 236 1 445 1 85 1 498 1
818 0 5 298 1 75 1 446 1 134 1 246 1
819 0 5 299 1 495 1 382 1 217 1 56 1
820 0 5 300 1 422 1 424 1 373 1 463 1
821 0 5 301 1 171 1 208 1 116 1 416 1
822 0 5 302 1 199 1 109 1 174 1 386 1
823 0 5 303 1 418 1 373 1 319 1 427 1
824 0 5 304 1 164 1 491 1 17 1 253 1
825 0 5 305 1 16 1 25 1 11 1 55 1
826 0 5 306 1 200 1 242 1 232 1 380 1
827 0 5 307 1 210 1 258 1 342 1 450 1
828 0 5 308 1 156 1 393 1 162 1 95 1
829 0 5 309 1 308 1 316 1 439 1 121 1
830 0 5 310 1 352 1 46 1 117 1 394 1
831 0 5 311 1 407 1 88 1 458 1 279 1
832 0 5 312 1 482 1 170 1 478 1 347 1
833 0 5 313 1 115 1 425 1 343 1 70 1
834 0 5 314 1 142 1 92 1 248 1 415 1
835 0 5 315 1 200 1 435 1 306 1 461 1
836 0 5 316 1 121 1 439 1 309 1 64 1
837 0 5 317 1 284 1 89 1 2 1 481 1
838 0 5 318 1 207 1 24 1 241 1 90 1
839 0 5 319 1 427 1 373 1 378 1 418 1
840 0 5 320 1 19 1 456 1 285 1 182 1
841 0 5 321 1 14 1 350 1 472 1 446 1
842 0 5 322 1 371 1 62 1 496 1 197 1
843 0 5 323 1 202 1 214 1 69 1 402 1
844 0 5 324 1 392 1 485 1 499 1 169 1
845 0 5 325 1 21 1 222 1 46 1 279 1
846 0 5 326 1 455 1 292 1 45 1 375 1
847 0 5 327 1 398 1 144 1 139 1 390 1
848 0 5 328 1 158 1 457 1 431 1 377 1
849 0 5 329 1 471 1 296 1 189 1 342 1
850 0 5 330 1 34 1 256 1 262 1 178 1
851 0 5 331 1 86 1 273 1 437 1 215 1
852 0 5 332 1 59 1 399 1 496 1 74 1
853 0 5 333 1 76 1 29 1 429 1 245 1
854 0 5 334 1 3 1 238 1 222 1 257 1
855 0 5 335 1 83 1 240 1 218 1 483 1
856 0 5 336 1 468 1 402 1 47 1 467 1
857 0 5 337 1 389 1 363 1 96 1 47 1
858 0 5 338 1 183 1 347 1 447 1 388 1
859 0 5 339 1 6 1 27 1 100 1 384 1
860 0 5 340 1 215 1 347 1 7 1 437 1
861 0 5 341 1 190 1 413 1 479 1 112 1
862 0 5 342 1 307 1 450 1 210 1 258 1
863 0 5 343 1 191 1 377 1 355 1 158 1
864 0 5 344 1 411 1 89 1 77 1 17 1
865 0 5 345 1 242 1 232 1 380 1 306 1
866 0 5 346 1 428 1 294 1 84 1 355 1
867 0 5 347 1 436 1 57 1 388 1 340 1
868 0 5 348 1 9 1 67 1 501 1 268 1
869 0 5 349 1 469 1 42 1 231 1 229 1
870 0 5 350 1 282 1 298 1 134 1 446 1
871 0 5 351 1 225 1 28 1 263 1 133 1
872 0 5 352 1 310 1 97 1 49 1 117 1
873 0 5 353 1 473 1 66 1 186 1 5 1
874 0 5 354 1 376 1 49 1 394 1 470 1
875 0 5 355 1 85 1 346 1 444 1 254 1
876 0 5 356 1 108 1 478 1 362 1 28 1
877 0 5 357 1 286 1 220 1 474 1 374 1
878 0 5 358 1 501 1 33 1 105 1 360 1
879 0 5 359 1 116 1 216 1 420 1 416 1
880 0 5 360 1 33 1 324 1 105 1 62 1
881 0 5 361 1 82 1 432 1 461 1 23 1
882 0 5 362 1 356 1 108 1 472 1 235 1
883 0 5 363 1 96 1 389 1 380 1 30 1
884 0 5 364 1 187 1 128 1 150 1 252 1
885 0 5 365 1 205 1 80 1 367 1 221 1
886 0 5 366 1 257 1 157 1 291 1 150 1
887 0 5 367 1 213 1 221 1 165 1 205 1
888 0 5 368 1 1 1 219 1 107 1 8 1
889 0 5 369 1 197 1 485 1 280 1 135 1
890 0 5 370 1 161 1 201 1 73 1 389 1
891 0 5 371 1 288 1 322 1 469 1 229 1
892 0 5 372 1 185 1 486 1 397 1 83 1
893 0 5 373 1 319 1 152 1 422 1 221 1
894 0 5 374 1 239 1 220 1 462 1 364 1
895 0 5 375 1 230 1 355 1 305 1 249 1
896 0 5 376 1 354 1 470 1 269 1 49 1
897 0 5 377 1 158 1 343 1 428 1 346 1
898 0 5 378 1 300 1 319 1 373 1 418 1
899 0 5 379 1 153 1 350 1 23 1 298 1
900 0 5 380 1 363 1 232 1 96 1 301 1
901 0 5 381 1 119 1 469 1 143 1 389 1
902 0 5 382 1 56 1 247 1 495 1 370 1
903 0 5 383 1 281 1 182 1 320 1 423 1
904 0 5 384 1 228 1 339 1 100 1 178 1
905 0 5 385 1 114 1 463 1 303 1 152 1
906 0 5 386 1 192 1 184 1 302 1 454 1
907 0 5 387 1 42 1 4 1 467 1 353 1
908 0 5 388 1 261 1 14 1 347 1 235 1
909 0 5 389 1 363 1 337 1 61 1 143 1
910 0 5 390 1 11 1 139 1 163 1 305 1
911 0 5 391 1 12 1 408 1 208 1 75 1
912 0 5 392 1 219 1 324 1 169 1 1 1
913 0 5 393 1 283 1 156 1 224 1 405 1
914 0 5 394 1 310 1 414 1 352 1 49 1
915 0 5 395 1 227 1 28 1 351 1 497 1
916 0 5 396 1 480 1 43 1 251 1 26 1
917 0 5 397 1 185 1 294 1 84 1 428 1
918 0 5 398 1 327 1 55 1 139 1 250 1
919 0 5 399 1 332 1 74 1 231 1 496 1
920 0 5 400 1 209 1 459 1 273 1 447 1
921 0 5 401 1 438 1 206 1 275 1 493 1
922 0 5 402 1 336 1 468 1 47 1 345 1
923 0 5 403 1 344 1 123 1 429 1 58 1
924 0 5 404 1 140 1 268 1 358 1 501 1
925 0 5 405 1 68 1 162 1 95 1 180 1
926 0 5 406 1 159 1 2 1 30 1 133 1
927 0 5 407 1 21 1 46 1 279 1 310 1
928 0 5 408 1 391 1 149 1 12 1 195 1
929 0 5 409 1 469 1 467 1 387 1 381 1
930 0 5 410 1 260 1 254 1 203 1 212 1
931 0 5 411 1 317 1 89 1 284 1 8 1
932 0 5 412 1 418 1 303 1 124 1 77 1
933 0 5 413 1 137 1 166 1 234 1 51 1
934 0 5 414 1 394 1 49 1 310 1 352 1
935 0 5 415 1 289 1 233 1 20 1 314 1
936 0 5 416 1 116 1 149 1 420 1 216 1
937 0 5 417 1 248 1 144 1 412 1 124 1
938 0 5 418 1 284 1 427 1 487 1 319 1
939 0 5 419 1 5 1 265 1 353 1 247 1
940 0 5 420 1 216 1 98 1 116 1 149 1
941 0 5 421 1 117 1 31 1 97 1 99 1
942 0 5 422 1 221 1 463 1 424 1 300 1
943 0 5 423 1 222 1 257 1 127 1 160 1
944 0 5 424 1 385 1 463 1 29 1 476 1
945 0 5 425 1 457 1 313 1 136 1 483 1
946 0 5 426 1 132 1 175 1 66 1 5 1
947 0 5 427 1 319 1 378 1 412 1 300 1
948 0 5 428 1 250 1 346 1 158 1 397 1
949 0 5 429 1 77 1 403 1 344 1 76 1
950 0 5 430 1 140 1 404 1 9 1 348 1
951 0 5 431 1 139 1 398 1 92 1 327 1
952 0 5 432 1 361 1 23 1 82 1 293 1
953 0 5 433 1 154 1 162 1 68 1 449 1
954 0 5 434 1 401 1 438 1 206 1 275 1
955 0 5 435 1 98 1 293 1 200 1 497 1
956 0 5 436 1 481 1 317 1 57 1 215 1
957 0 5 437 1 86 1 163 1 460 1 340 1
958 0 5 438 1 198 1 28 1 275 1 351 1
959 0 5 439 1 75 1 316 1 121 1 309 1
960 0 5 440 1 167 1 466 1 282 1 184 1
961 0 5 441 1 109 1 454 1 475 1 386 1
962 0 5 442 1 249 1 11 1 163 1 196 1
963 0 5 443 1 155 1 91 1 271 1 270 1
964 0 5 444 1 355 1 375 1 262 1 230 1
965 0 5 445 1 498 1 85 1 297 1 236 1
966 0 5 446 1 298 1 134 1 120 1 75 1
967 0 5 447 1 338 1 209 1 177 1 400 1
968 0 5 448 1 484 1 459 1 53 1 291 1
969 0 5 449 1 433 1 162 1 68 1 244 1
970 0 5 450 1 172 1 210 1 342 1 181 1
971 0 5 451 1 99 1 151 1 88 1 458 1
972 0 5 452 1 285 1 174 1 182 1 65 1
973 0 5 453 1 455 1 292 1 326 1 256 1
974 0 5 454 1 72 1 50 1 386 1 184 1
975 0 5 455 1 453 1 326 1 256 1 262 1
976 0 5 456 1 320 1 285 1 279 1 19 1
977 0 5 457 1 328 1 377 1 158 1 243 1
978 0 5 458 1 88 1 311 1 46 1 451 1
979 0 5 459 1 264 1 7 1 460 1 400 1
980 0 5 460 1 437 1 36 1 459 1 264 1
981 0 5 461 1 435 1 361 1 293 1 432 1
982 0 5 462 1 176 1 239 1 374 1 364 1
983 0 5 463 1 424 1 303 1 385 1 114 1
984 0 5 464 1 104 1 66 1 496 1 322 1
985 0 5 465 1 409 1 337 1 47 1 469 1
986 0 5 466 1 440 1 258 1 168 1 309 1
987 0 5 467 1 4 1 387 1 409 1 42 1
988 0 5 468 1 47 1 402 1 336 1 467 1
989 0 5 469 1 381 1 349 1 42 1 74 1
990 0 5 470 1 269 1 376 1 97 1 354 1
991 0 5 471 1 342 1 307 1 244 1 258 1
992 0 5 472 1 395 1 321 1 28 1 227 1
993 0 5 473 1 231 1 399 1 229 1 387 1
994 0 5 474 1 176 1 431 1 220 1 462 1
995 0 5 475 1 122 1 386 1 184 1 109 1
996 0 5 476 1 424 1 457 1 29 1 463 1
997 0 5 477 1 475 1 184 1 122 1 386 1
998 0 5 478 1 356 1 225 1 28 1 183 1
999 0 5 479 1 341 1 78 1 167 1 190 1
1000 0 5 480 1 35 1 60 1 94 1 43 1
1001 0 5 481 1 317 1 225 1 478 1 411 1
1002 0 5 482 1 338 1 204 1 312 1 177 1
1003 0 5 483 1 486 1 114 1 243 1 335 1
1004 0 5 484 1 177 1 400 1 190 1 459 1
1005 0 5 485 1 169 1 280 1 369 1 418 1
1006 0 5 486 1 40 1 335 1 83 1 218 1
1007 0 5 487 1 378 1 15 1 300 1 373 1
1008 0 5 488 1 254 1 126 1 410 1 260 1
1009 0 5 489 1 315 1 306 1 125 1 242 1
1010 0 5 490 1 311 1 407 1 310 1 394 1
1011 0 5 491 1 17 1 253 1 164 1 304 1
1012 0 5 492 1 358 1 140 1 360 1 501 1
1013 0 5 493 1 206 1 61 1 125 1 275 1
1014 0 5 494 1 497 1 408 1 391 1 293 1
1015 0 5 495 1 382 1 217 1 56 1 186 1
1016 0 5 496 1 59 1 74 1 231 1 399 1
1017 0 5 497 1 494 1 293 1 266 1 141 1
1018 0 5 498 1 297 1 85 1 230 1 355 1
1019 0 5 499 1 280 1 237 1 324 1 485 1
1020 0 5 500 1 81 1 170 1 39 1 415 1
1021 0 5 501 1 105 1 358 1 33 1 348 1
1022 0 5 502 0 520 1 519 1 518 1 517 1
1023 0 5 503 0 520 1 519 1 518 1 517 1
1024 0 5 504 0 520 1 519 1 518 1 517 1
1025 0 5 505 0 520 1 519 1 518 1 517 1
1026 0 5 506 0 520 1 519 1 518 1 517 1
1027 0 5 507 0 520 1 519 1 518 1 517 1
1028 0 5 508 0 520 1 519 1 518 1 517 1
1029 0 5 509 0 520 1 519 1 518 1 517 1
1030 0 5 510 0 520 1 519 1 518 1 517 1
1031 0 5 511 0 520 1 519 1 518 1 517 1
1032 0 5 512 0 520 1 519 1 518 1 517 1
1033 0 5 513 0 520 1 519 1 518 1 517 1
1034 0 5 514 0 520 1 519 1 518 1 517 1
1035 0 5 515 0 520 1 519 1 518 1 517 1
1036 0 5 516 0 520 1 519 1 518 1 517 1
1037 0 5 517 0 520 1 519 1 518 1 517 1
1038 0 5 518 0 520 1 519 1 518 1 517 1
1039 0 5 519 0 520 1 519 1 518 1 517 1
1040 0 5 520 0 520 1 519 1 518 1 517 1
-1
EOF
