1040
1 0 5 521 0 1040 1 1039 1 1038 1 1037 1
2 0 5 522 1 678 1 981 1 726 1 889 1
3 0 5 523 1 770 1 967 1 632 1 899 1
4 0 5 524 1 961 1 720 1 990 1 742 1
5 0 5 525 1 589 1 935 1 696 1 691 1
6 0 5 526 1 804 1 543 1 808 1 998 1
7 0 5 527 1 560 1 677 1 577 1 930 1
8 0 5 528 1 993 1 879 1 881 1 984 1
9 0 5 529 1 763 1 914 1 674 1 812 1
10 0 5 530 1 864 1 1015 1 748 1 559 1
11 0 5 531 1 565 1 715 1 582 1 752 1
12 0 5 532 1 893 1 991 1 899 1 610 1
13 0 5 533 1 832 1 524 1 624 1 619 1
14 0 5 534 1 941 1 574 1 580 1 943 1
15 0 5 535 1 779 1 841 1 703 1 541 1
16 0 5 536 1 867 1 583 1 954 1 668 1
17 0 5 537 1 816 1 940 1 643 1 889 1
18 0 5 538 1 718 1 993 1 924 1 894 1
19 0 5 539 1 588 1 906 1 968 1 1008 1
20 0 5 540 1 703 1 549 1 845 1 581 1
21 0 5 541 1 535 1 841 1 779 1 703 1
22 0 5 542 1 664 1 639 1 679 1 675 1
23 0 5 543 1 661 1 630 1 950 1 662 1
24 0 5 544 1 994 1 931 1 858 1 763 1
25 0 5 545 1 965 1 569 1 928 1 716 1
26 0 5 546 1 798 1 956 1 642 1 942 1
27 0 5 547 1 902 1 824 1 907 1 709 1
28 0 5 548 1 566 1 1018 1 857 1 712 1
29 0 5 549 1 705 1 818 1 845 1 692 1
30 0 5 550 1 657 1 641 1 882 1 593 1
31 0 5 551 1 764 1 1014 1 865 1 880 1
32 0 5 552 1 1018 1 857 1 553 1 849 1
33 0 5 553 1 962 1 849 1 684 1 973 1
34 0 5 554 1 693 1 971 1 618 1 644 1
35 0 5 555 1 669 1 599 1 833 1 1013 1
36 0 5 556 1 892 1 989 1 1011 1 944 1
37 0 5 557 1 737 1 692 1 753 1 606 1
38 0 5 558 1 570 1 860 1 831 1 774 1
39 0 5 559 1 929 1 990 1 916 1 720 1
40 0 5 560 1 677 1 952 1 527 1 930 1
41 0 5 561 1 998 1 586 1 813 1 719 1
42 0 5 562 1 768 1 679 1 590 1 778 1
43 0 5 563 1 800 1 658 1 616 1 838 1
44 0 5 564 1 757 1 809 1 909 1 602 1
45 0 5 565 1 531 1 582 1 957 1 752 1
46 0 5 566 1 662 1 792 1 712 1 548 1
47 0 5 567 1 844 1 989 1 697 1 541 1
48 0 5 568 1 963 1 1009 1 785 1 636 1
49 0 5 569 1 612 1 545 1 972 1 716 1
50 0 5 570 1 824 1 558 1 882 1 600 1
51 0 5 571 1 778 1 562 1 590 1 626 1
52 0 5 572 1 923 1 604 1 611 1 989 1
53 0 5 573 1 768 1 957 1 963 1 1009 1
54 0 5 574 1 783 1 534 1 941 1 688 1
55 0 5 575 1 753 1 939 1 922 1 606 1
56 0 5 576 1 739 1 960 1 920 1 766 1
57 0 5 577 1 930 1 677 1 560 1 527 1
58 0 5 578 1 548 1 712 1 717 1 566 1
59 0 5 579 1 886 1 973 1 684 1 769 1
60 0 5 580 1 934 1 694 1 534 1 815 1
61 0 5 581 1 842 1 540 1 780 1 580 1
62 0 5 582 1 607 1 568 1 958 1 1009 1
63 0 5 583 1 536 1 867 1 954 1 668 1
64 0 5 584 1 835 1 839 1 1000 1 776 1
65 0 5 585 1 1017 1 721 1 617 1 640 1
66 0 5 586 1 813 1 938 1 1000 1 872 1
67 0 5 587 1 714 1 977 1 615 1 921 1
68 0 5 588 1 806 1 968 1 988 1 719 1
69 0 5 589 1 814 1 920 1 691 1 525 1
70 0 5 590 1 571 1 778 1 626 1 562 1
71 0 5 591 1 613 1 638 1 776 1 1011 1
72 0 5 592 1 669 1 826 1 833 1 665 1
73 0 5 593 1 606 1 710 1 995 1 1014 1
74 0 5 594 1 731 1 681 1 596 1 888 1
75 0 5 595 1 999 1 638 1 823 1 870 1
76 0 5 596 1 847 1 682 1 731 1 683 1
77 0 5 597 1 1002 1 860 1 774 1 558 1
78 0 5 598 1 883 1 850 1 852 1 907 1
79 0 5 599 1 800 1 838 1 723 1 616 1
80 0 5 600 1 902 1 547 1 570 1 824 1
81 0 5 601 1 771 1 617 1 952 1 585 1
82 0 5 602 1 564 1 809 1 948 1 757 1
83 0 5 603 1 789 1 604 1 728 1 923 1
84 0 5 604 1 789 1 603 1 611 1 728 1
85 0 5 605 1 917 1 712 1 847 1 786 1
86 0 5 606 1 1014 1 939 1 995 1 865 1
87 0 5 607 1 568 1 1009 1 958 1 582 1
88 0 5 608 1 1020 1 817 1 730 1 694 1
89 0 5 609 1 884 1 942 1 803 1 814 1
90 0 5 610 1 788 1 870 1 959 1 999 1
91 0 5 611 1 604 1 713 1 728 1 603 1
92 0 5 612 1 569 1 794 1 972 1 932 1
93 0 5 613 1 1011 1 591 1 789 1 776 1
94 0 5 614 1 958 1 997 1 615 1 607 1
95 0 5 615 1 921 1 977 1 997 1 743 1
96 0 5 616 1 563 1 800 1 833 1 838 1
97 0 5 617 1 601 1 585 1 771 1 987 1
98 0 5 618 1 971 1 693 1 553 1 668 1
99 0 5 619 1 904 1 533 1 1002 1 1019 1
100 0 5 620 1 612 1 818 1 845 1 796 1
101 0 5 621 1 751 1 938 1 759 1 872 1
102 0 5 622 1 649 1 1021 1 534 1 883 1
103 0 5 623 1 936 1 1013 1 724 1 635 1
104 0 5 624 1 850 1 852 1 774 1 533 1
105 0 5 625 1 782 1 1004 1 780 1 842 1
106 0 5 626 1 667 1 590 1 527 1 777 1
107 0 5 627 1 836 1 684 1 643 1 1003 1
108 0 5 628 1 937 1 746 1 729 1 834 1
109 0 5 629 1 1007 1 691 1 653 1 654 1
110 0 5 630 1 950 1 821 1 661 1 738 1
111 0 5 631 1 947 1 748 1 822 1 916 1
112 0 5 632 1 791 1 650 1 967 1 523 1
113 0 5 633 1 734 1 737 1 547 1 699 1
114 0 5 634 1 755 1 923 1 572 1 798 1
115 0 5 635 1 723 1 623 1 654 1 797 1
116 0 5 636 1 933 1 957 1 1009 1 648 1
117 0 5 637 1 732 1 945 1 790 1 647 1
118 0 5 638 1 966 1 974 1 546 1 788 1
119 0 5 639 1 542 1 679 1 664 1 675 1
120 0 5 640 1 802 1 721 1 1017 1 585 1
121 0 5 641 1 773 1 558 1 570 1 882 1
122 0 5 642 1 982 1 891 1 942 1 956 1
123 0 5 643 1 889 1 537 1 668 1 981 1
124 0 5 644 1 954 1 583 1 668 1 849 1
125 0 5 645 1 922 1 865 1 790 1 995 1
126 0 5 646 1 730 1 817 1 1020 1 830 1
127 0 5 647 1 945 1 637 1 749 1 790 1
128 0 5 648 1 795 1 573 1 1005 1 933 1
129 0 5 649 1 765 1 622 1 883 1 1021 1
130 0 5 650 1 787 1 632 1 523 1 967 1
131 0 5 651 1 526 1 804 1 744 1 898 1
132 0 5 652 1 627 1 643 1 706 1 940 1
133 0 5 653 1 797 1 658 1 739 1 871 1
134 0 5 654 1 635 1 797 1 691 1 905 1
135 0 5 655 1 650 1 700 1 967 1 770 1
136 0 5 656 1 545 1 928 1 716 1 965 1
137 0 5 657 1 710 1 882 1 593 1 551 1
138 0 5 658 1 707 1 948 1 653 1 905 1
139 0 5 659 1 880 1 633 1 737 1 699 1
140 0 5 660 1 1019 1 953 1 904 1 937 1
141 0 5 661 1 821 1 630 1 950 1 738 1
142 0 5 662 1 566 1 548 1 712 1 857 1
143 0 5 663 1 995 1 922 1 593 1 709 1
144 0 5 664 1 675 1 542 1 754 1 1017 1
145 0 5 665 1 749 1 833 1 972 1 616 1
146 0 5 666 1 715 1 752 1 864 1 1015 1
147 0 5 667 1 777 1 925 1 987 1 874 1
148 0 5 668 1 954 1 717 1 643 1 867 1
149 0 5 669 1 555 1 592 1 826 1 833 1
150 0 5 670 1 1012 1 828 1 558 1 570 1
151 0 5 671 1 949 1 823 1 755 1 854 1
152 0 5 672 1 713 1 611 1 934 1 580 1
153 0 5 673 1 637 1 790 1 753 1 647 1
154 0 5 674 1 741 1 596 1 943 1 812 1
155 0 5 675 1 754 1 664 1 1017 1 952 1
156 0 5 676 1 698 1 862 1 840 1 749 1
157 0 5 677 1 577 1 527 1 571 1 930 1
158 0 5 678 1 808 1 975 1 643 1 976 1
159 0 5 679 1 799 1 667 1 778 1 585 1
160 0 5 680 1 772 1 839 1 859 1 810 1
161 0 5 681 1 702 1 858 1 946 1 731 1
162 0 5 682 1 916 1 596 1 786 1 552 1
163 0 5 683 1 855 1 596 1 682 1 878 1
164 0 5 684 1 553 1 973 1 579 1 962 1
165 0 5 685 1 671 1 949 1 823 1 798 1
166 0 5 686 1 544 1 994 1 829 1 858 1
167 0 5 687 1 925 1 816 1 805 1 874 1
168 0 5 688 1 943 1 534 1 878 1 970 1
169 0 5 689 1 758 1 805 1 897 1 687 1
170 0 5 690 1 853 1 782 1 625 1 951 1
171 0 5 691 1 654 1 589 1 629 1 920 1
172 0 5 692 1 887 1 732 1 709 1 753 1
173 0 5 693 1 618 1 971 1 954 1 668 1
174 0 5 694 1 885 1 725 1 941 1 815 1
175 0 5 695 1 554 1 822 1 849 1 918 1
176 0 5 696 1 871 1 1007 1 739 1 653 1
177 0 5 697 1 830 1 844 1 541 1 580 1
178 0 5 698 1 862 1 749 1 665 1 910 1
179 0 5 699 1 633 1 880 1 820 1 831 1
180 0 5 700 1 655 1 650 1 967 1 770 1
181 0 5 701 1 964 1 752 1 614 1 582 1
182 0 5 702 1 858 1 529 1 763 1 994 1
183 0 5 703 1 845 1 540 1 809 1 779 1
184 0 5 704 1 727 1 912 1 746 1 587 1
185 0 5 705 1 692 1 922 1 663 1 549 1
186 0 5 706 1 1003 1 627 1 643 1 652 1
187 0 5 707 1 739 1 653 1 691 1 635 1
188 0 5 708 1 735 1 935 1 844 1 982 1
189 0 5 709 1 926 1 736 1 663 1 606 1
190 0 5 710 1 600 1 1014 1 593 1 882 1
191 0 5 711 1 747 1 996 1 969 1 873 1
192 0 5 712 1 856 1 578 1 808 1 566 1
193 0 5 713 1 728 1 611 1 604 1 603 1
194 0 5 714 1 977 1 587 1 752 1 912 1
195 0 5 715 1 531 1 701 1 752 1 565 1
196 0 5 716 1 656 1 569 1 928 1 972 1
197 0 5 717 1 975 1 976 1 808 1 678 1
198 0 5 718 1 894 1 993 1 538 1 924 1
199 0 5 719 1 988 1 813 1 588 1 586 1
200 0 5 720 1 990 1 961 1 742 1 812 1
201 0 5 721 1 687 1 901 1 987 1 585 1
202 0 5 722 1 1008 1 1001 1 706 1 1003 1
203 0 5 723 1 599 1 838 1 905 1 800 1
204 0 5 724 1 936 1 965 1 928 1 1013 1
205 0 5 725 1 885 1 694 1 815 1 913 1
206 0 5 726 1 866 1 992 1 522 1 981 1
207 0 5 727 1 587 1 704 1 714 1 912 1
208 0 5 728 1 923 1 603 1 572 1 634 1
209 0 5 729 1 834 1 628 1 937 1 528 1
210 0 5 730 1 541 1 535 1 697 1 817 1
211 0 5 731 1 681 1 946 1 783 1 594 1
212 0 5 732 1 909 1 692 1 564 1 887 1
213 0 5 733 1 743 1 533 1 832 1 904 1
214 0 5 734 1 737 1 852 1 774 1 633 1
215 0 5 735 1 935 1 525 1 696 1 708 1
216 0 5 736 1 709 1 926 1 557 1 765 1
217 0 5 737 1 557 1 734 1 633 1 606 1
218 0 5 738 1 955 1 978 1 594 1 596 1
219 0 5 739 1 576 1 653 1 920 1 797 1
220 0 5 740 1 523 1 1000 1 776 1 899 1
221 0 5 741 1 786 1 559 1 596 1 847 1
222 0 5 742 1 812 1 741 1 674 1 961 1
223 0 5 743 1 524 1 832 1 533 1 733 1
224 0 5 744 1 719 1 898 1 998 1 621 1
225 0 5 745 1 854 1 761 1 791 1 823 1
226 0 5 746 1 900 1 628 1 704 1 924 1
227 0 5 747 1 733 1 615 1 743 1 832 1
228 0 5 748 1 530 1 916 1 559 1 631 1
229 0 5 749 1 647 1 910 1 665 1 945 1
230 0 5 750 1 645 1 767 1 801 1 593 1
231 0 5 751 1 872 1 1000 1 899 1 938 1
232 0 5 752 1 701 1 964 1 715 1 614 1
233 0 5 753 1 692 1 732 1 637 1 575 1
234 0 5 754 1 952 1 675 1 1017 1 601 1
235 0 5 755 1 811 1 923 1 859 1 798 1
236 0 5 756 1 608 1 694 1 725 1 913 1
237 0 5 757 1 809 1 909 1 564 1 602 1
238 0 5 758 1 689 1 771 1 687 1 805 1
239 0 5 759 1 621 1 781 1 959 1 532 1
240 0 5 760 1 912 1 969 1 827 1 714 1
241 0 5 761 1 859 1 791 1 854 1 745 1
242 0 5 762 1 591 1 532 1 638 1 893 1
243 0 5 763 1 914 1 931 1 529 1 994 1
244 0 5 764 1 659 1 880 1 865 1 551 1
245 0 5 765 1 736 1 649 1 883 1 902 1
246 0 5 766 1 920 1 960 1 576 1 837 1
247 0 5 767 1 750 1 645 1 818 1 637 1
248 0 5 768 1 639 1 679 1 542 1 573 1
249 0 5 769 1 843 1 973 1 590 1 626 1
250 0 5 770 1 967 1 655 1 700 1 650 1
251 0 5 771 1 758 1 640 1 585 1 617 1
252 0 5 772 1 521 1 680 1 825 1 810 1
253 0 5 773 1 984 1 538 1 558 1 863 1
254 0 5 774 1 852 1 624 1 1002 1 558 1
255 0 5 775 1 897 1 816 1 874 1 925 1
256 0 5 776 1 810 1 781 1 680 1 591 1
257 0 5 777 1 925 1 987 1 667 1 617 1
258 0 5 778 1 562 1 590 1 679 1 667 1
259 0 5 779 1 794 1 703 1 612 1 972 1
260 0 5 780 1 842 1 1004 1 934 1 986 1
261 0 5 781 1 762 1 591 1 532 1 776 1
262 0 5 782 1 1004 1 625 1 934 1 842 1
263 0 5 783 1 855 1 574 1 941 1 683 1
264 0 5 784 1 940 1 992 1 793 1 846 1
265 0 5 785 1 1006 1 918 1 822 1 963 1
266 0 5 786 1 605 1 847 1 596 1 741 1
267 0 5 787 1 740 1 632 1 523 1 650 1
268 0 5 788 1 870 1 595 1 999 1 893 1
269 0 5 789 1 521 1 875 1 792 1 604 1
270 0 5 790 1 945 1 673 1 865 1 637 1
271 0 5 791 1 632 1 745 1 761 1 859 1
272 0 5 792 1 913 1 789 1 756 1 521 1
273 0 5 793 1 784 1 846 1 889 1 940 1
274 0 5 794 1 932 1 696 1 972 1 871 1
275 0 5 795 1 573 1 648 1 957 1 1005 1
276 0 5 796 1 620 1 841 1 779 1 703 1
277 0 5 797 1 905 1 654 1 707 1 653 1
278 0 5 798 1 956 1 755 1 642 1 634 1
279 0 5 799 1 868 1 585 1 901 1 1017 1
280 0 5 800 1 563 1 838 1 616 1 658 1
281 0 5 801 1 767 1 750 1 645 1 980 1
282 0 5 802 1 640 1 721 1 1017 1 585 1
283 0 5 803 1 708 1 891 1 525 1 735 1
284 0 5 804 1 898 1 998 1 521 1 526 1
285 0 5 805 1 689 1 987 1 758 1 901 1
286 0 5 806 1 968 1 988 1 588 1 719 1
287 0 5 807 1 818 1 750 1 593 1 549 1
288 0 5 808 1 521 1 678 1 804 1 976 1
289 0 5 809 1 986 1 837 1 909 1 887 1
290 0 5 810 1 825 1 521 1 776 1 839 1
291 0 5 811 1 772 1 680 1 859 1 634 1
292 0 5 812 1 674 1 741 1 529 1 742 1
293 0 5 813 1 586 1 898 1 825 1 1000 1
294 0 5 814 1 685 1 589 1 920 1 798 1
295 0 5 815 1 983 1 934 1 848 1 580 1
296 0 5 816 1 537 1 775 1 874 1 940 1
297 0 5 817 1 697 1 830 1 730 1 1020 1
298 0 5 818 1 980 1 845 1 807 1 705 1
299 0 5 819 1 863 1 877 1 860 1 827 1
300 0 5 820 1 699 1 985 1 880 1 881 1
301 0 5 821 1 978 1 594 1 950 1 738 1
302 0 5 822 1 947 1 631 1 849 1 695 1
303 0 5 823 1 745 1 854 1 671 1 632 1
304 0 5 824 1 882 1 547 1 985 1 902 1
305 0 5 825 1 561 1 839 1 772 1 1000 1
306 0 5 826 1 592 1 833 1 665 1 669 1
307 0 5 827 1 969 1 979 1 819 1 760 1
308 0 5 828 1 670 1 1012 1 558 1 600 1
309 0 5 829 1 864 1 544 1 858 1 914 1
310 0 5 830 1 540 1 581 1 697 1 703 1
311 0 5 831 1 985 1 879 1 1019 1 558 1
312 0 5 832 1 533 1 524 1 743 1 733 1
313 0 5 833 1 665 1 616 1 826 1 563 1
314 0 5 834 1 993 1 729 1 894 1 528 1
315 0 5 835 1 839 1 584 1 776 1 810 1
316 0 5 836 1 579 1 769 1 886 1 684 1
317 0 5 837 1 960 1 986 1 932 1 541 1
318 0 5 838 1 616 1 905 1 658 1 723 1
319 0 5 839 1 776 1 810 1 835 1 825 1
320 0 5 840 1 910 1 896 1 676 1 801 1
321 0 5 841 1 796 1 779 1 620 1 703 1
322 0 5 842 1 1004 1 780 1 581 1 580 1
323 0 5 843 1 915 1 590 1 769 1 1005 1
324 0 5 844 1 697 1 982 1 541 1 779 1
325 0 5 845 1 549 1 818 1 612 1 703 1
326 0 5 846 1 793 1 784 1 1008 1 889 1
327 0 5 847 1 605 1 786 1 596 1 878 1
328 0 5 848 1 917 1 943 1 815 1 983 1
329 0 5 849 1 693 1 618 1 971 1 644 1
330 0 5 850 1 951 1 690 1 853 1 852 1
331 0 5 851 1 829 1 760 1 666 1 715 1
332 0 5 852 1 850 1 907 1 734 1 598 1
333 0 5 853 1 934 1 688 1 534 1 690 1
334 0 5 854 1 761 1 859 1 745 1 791 1
335 0 5 855 1 683 1 943 1 878 1 574 1
336 0 5 856 1 521 1 808 1 976 1 712 1
337 0 5 857 1 578 1 1018 1 552 1 682 1
338 0 5 858 1 686 1 702 1 763 1 544 1
339 0 5 859 1 680 1 811 1 761 1 854 1
340 0 5 860 1 597 1 831 1 558 1 984 1
341 0 5 861 1 807 1 540 1 535 1 549 1
342 0 5 862 1 665 1 698 1 972 1 676 1
343 0 5 863 1 877 1 819 1 984 1 773 1
344 0 5 864 1 1015 1 933 1 1005 1 666 1
345 0 5 865 1 939 1 790 1 551 1 1014 1
346 0 5 866 1 561 1 992 1 726 1 678 1
347 0 5 867 1 618 1 816 1 668 1 684 1
348 0 5 868 1 901 1 585 1 799 1 987 1
349 0 5 869 1 662 1 566 1 875 1 792 1
350 0 5 870 1 999 1 893 1 595 1 532 1
351 0 5 871 1 1007 1 653 1 696 1 629 1
352 0 5 872 1 751 1 586 1 938 1 1000 1
353 0 5 873 1 996 1 711 1 914 1 969 1
354 0 5 874 1 775 1 925 1 805 1 816 1
355 0 5 875 1 792 1 521 1 869 1 566 1
356 0 5 876 1 543 1 662 1 661 1 917 1
357 0 5 877 1 860 1 558 1 570 1 984 1
358 0 5 878 1 847 1 596 1 970 1 848 1
359 0 5 879 1 984 1 528 1 881 1 831 1
360 0 5 880 1 659 1 699 1 820 1 633 1
361 0 5 881 1 1010 1 993 1 528 1 820 1
362 0 5 882 1 985 1 820 1 824 1 570 1
363 0 5 883 1 690 1 765 1 534 1 580 1
364 0 5 884 1 942 1 803 1 609 1 891 1
365 0 5 885 1 725 1 672 1 815 1 983 1
366 0 5 886 1 973 1 769 1 579 1 626 1
367 0 5 887 1 625 1 581 1 782 1 1004 1
368 0 5 888 1 731 1 594 1 783 1 596 1
369 0 5 889 1 981 1 992 1 522 1 726 1
370 0 5 890 1 946 1 994 1 574 1 622 1
371 0 5 891 1 803 1 708 1 814 1 942 1
372 0 5 892 1 944 1 989 1 567 1 974 1
373 0 5 893 1 532 1 991 1 899 1 788 1
374 0 5 894 1 924 1 834 1 718 1 729 1
375 0 5 895 1 781 1 959 1 759 1 591 1
376 0 5 896 1 676 1 910 1 840 1 801 1
377 0 5 897 1 889 1 583 1 689 1 644 1
378 0 5 898 1 813 1 804 1 521 1 810 1
379 0 5 899 1 523 1 991 1 770 1 751 1
380 0 5 900 1 704 1 746 1 921 1 912 1
381 0 5 901 1 721 1 987 1 868 1 585 1
382 0 5 902 1 547 1 709 1 926 1 824 1
383 0 5 903 1 556 1 1011 1 613 1 591 1
384 0 5 904 1 919 1 619 1 660 1 953 1
385 0 5 905 1 797 1 658 1 838 1 723 1
386 0 5 906 1 539 1 1008 1 968 1 998 1
387 0 5 907 1 598 1 765 1 852 1 926 1
388 0 5 908 1 974 1 892 1 944 1 638 1
389 0 5 909 1 887 1 809 1 564 1 986 1
390 0 5 910 1 896 1 840 1 749 1 676 1
391 0 5 911 1 552 1 962 1 553 1 978 1
392 0 5 912 1 900 1 704 1 727 1 714 1
393 0 5 913 1 756 1 608 1 725 1 885 1
394 0 5 914 1 873 1 996 1 763 1 529 1
395 0 5 915 1 1005 1 933 1 947 1 822 1
396 0 5 916 1 559 1 682 1 552 1 741 1
397 0 5 917 1 950 1 712 1 566 1 856 1
398 0 5 918 1 695 1 554 1 785 1 1006 1
399 0 5 919 1 743 1 733 1 533 1 904 1
400 0 5 920 1 691 1 589 1 739 1 576 1
401 0 5 921 1 953 1 912 1 704 1 615 1
402 0 5 922 1 575 1 663 1 939 1 995 1
403 0 5 923 1 634 1 603 1 728 1 572 1
404 0 5 924 1 834 1 628 1 729 1 894 1
405 0 5 925 1 874 1 805 1 987 1 777 1
406 0 5 926 1 907 1 736 1 598 1 547 1
407 0 5 927 1 928 1 635 1 653 1 972 1
408 0 5 928 1 1013 1 724 1 965 1 545 1
409 0 5 929 1 1006 1 559 1 918 1 695 1
410 0 5 930 1 571 1 577 1 560 1 952 1
411 0 5 931 1 1021 1 914 1 994 1 763 1
412 0 5 932 1 972 1 809 1 837 1 703 1
413 0 5 933 1 636 1 666 1 864 1 957 1
414 0 5 934 1 672 1 815 1 580 1 983 1
415 0 5 935 1 525 1 696 1 1007 1 708 1
416 0 5 936 1 724 1 555 1 965 1 623 1
417 0 5 937 1 729 1 879 1 660 1 528 1
418 0 5 938 1 1000 1 872 1 751 1 586 1
419 0 5 939 1 575 1 865 1 606 1 1014 1
420 0 5 940 1 537 1 784 1 816 1 793 1
421 0 5 941 1 534 1 694 1 580 1 783 1
422 0 5 942 1 891 1 803 1 814 1 525 1
423 0 5 943 1 970 1 848 1 878 1 847 1
424 0 5 944 1 989 1 567 1 844 1 974 1
425 0 5 945 1 673 1 790 1 647 1 637 1
426 0 5 946 1 574 1 890 1 702 1 994 1
427 0 5 947 1 631 1 822 1 915 1 962 1
428 0 5 948 1 602 1 658 1 653 1 739 1
429 0 5 949 1 823 1 755 1 671 1 854 1
430 0 5 950 1 738 1 955 1 978 1 1018 1
431 0 5 951 1 688 1 690 1 853 1 674 1
432 0 5 952 1 601 1 754 1 560 1 640 1
433 0 5 953 1 660 1 919 1 904 1 937 1
434 0 5 954 1 668 1 717 1 867 1 583 1
435 0 5 955 1 978 1 596 1 683 1 855 1
436 0 5 956 1 642 1 634 1 923 1 798 1
437 0 5 957 1 565 1 795 1 568 1 648 1
438 0 5 958 1 582 1 607 1 614 1 568 1
439 0 5 959 1 638 1 788 1 762 1 532 1
440 0 5 960 1 837 1 576 1 739 1 986 1
441 0 5 961 1 742 1 990 1 812 1 720 1
442 0 5 962 1 911 1 553 1 552 1 849 1
443 0 5 963 1 785 1 1009 1 568 1 573 1
444 0 5 964 1 614 1 701 1 752 1 997 1
445 0 5 965 1 545 1 826 1 833 1 716 1
446 0 5 966 1 546 1 942 1 638 1 891 1
447 0 5 967 1 700 1 770 1 655 1 632 1
448 0 5 968 1 1001 1 806 1 588 1 1008 1
449 0 5 969 1 827 1 760 1 819 1 979 1
450 0 5 970 1 878 1 943 1 848 1 847 1
451 0 5 971 1 644 1 618 1 954 1 693 1
452 0 5 972 1 948 1 569 1 794 1 932 1
453 0 5 973 1 626 1 553 1 684 1 667 1
454 0 5 974 1 966 1 803 1 884 1 891 1
455 0 5 975 1 976 1 808 1 678 1 712 1
456 0 5 976 1 521 1 808 1 678 1 717 1
457 0 5 977 1 997 1 615 1 714 1 587 1
458 0 5 978 1 682 1 596 1 911 1 955 1
459 0 5 979 1 819 1 827 1 969 1 597 1
460 0 5 980 1 801 1 767 1 818 1 896 1
461 0 5 981 1 522 1 889 1 846 1 643 1
462 0 5 982 1 766 1 891 1 956 1 525 1
463 0 5 983 1 672 1 815 1 848 1 885 1
464 0 5 984 1 831 1 538 1 879 1 877 1
465 0 5 985 1 820 1 831 1 984 1 699 1
466 0 5 986 1 780 1 837 1 842 1 809 1
467 0 5 987 1 617 1 925 1 805 1 901 1
468 0 5 988 1 719 1 588 1 806 1 586 1
469 0 5 989 1 567 1 944 1 844 1 885 1
470 0 5 990 1 961 1 742 1 720 1 812 1
471 0 5 991 1 899 1 523 1 893 1 632 1
472 0 5 992 1 726 1 866 1 981 1 522 1
473 0 5 993 1 881 1 528 1 834 1 894 1
474 0 5 994 1 544 1 931 1 858 1 702 1
475 0 5 995 1 593 1 606 1 663 1 705 1
476 0 5 996 1 711 1 524 1 747 1 990 1
477 0 5 997 1 615 1 701 1 964 1 977 1
478 0 5 998 1 906 1 539 1 719 1 898 1
479 0 5 999 1 595 1 893 1 532 1 870 1
480 0 5 1000 1 584 1 835 1 938 1 586 1
481 0 5 1001 1 846 1 1003 1 784 1 793 1
482 0 5 1002 1 774 1 624 1 619 1 1019 1
483 0 5 1003 1 652 1 627 1 706 1 1001 1
484 0 5 1004 1 842 1 780 1 934 1 883 1
485 0 5 1005 1 947 1 915 1 822 1 1009 1
486 0 5 1006 1 929 1 918 1 1009 1 822 1
487 0 5 1007 1 629 1 696 1 691 1 871 1
488 0 5 1008 1 652 1 981 1 846 1 522 1
489 0 5 1009 1 1006 1 963 1 929 1 636 1
490 0 5 1010 1 834 1 879 1 894 1 881 1
491 0 5 1011 1 603 1 613 1 789 1 591 1
492 0 5 1012 1 641 1 558 1 570 1 828 1
493 0 5 1013 1 623 1 928 1 724 1 838 1
494 0 5 1014 1 551 1 764 1 710 1 606 1
495 0 5 1015 1 666 1 864 1 1005 1 530 1
496 0 5 1016 1 769 1 915 1 843 1 748 1
497 0 5 1017 1 640 1 585 1 802 1 721 1
498 0 5 1018 1 857 1 578 1 552 1 682 1
499 0 5 1019 1 619 1 831 1 660 1 904 1
500 0 5 1020 1 646 1 817 1 580 1 730 1
501 0 5 1021 1 622 1 765 1 649 1 883 1
502 0 5 1022 0 521 1 1022 1 1023 1 1024 1
503 0 5 1023 0 521 1 1022 1 1023 1 1024 1
504 0 5 1024 0 521 1 1022 1 1023 1 1024 1
505 0 5 1025 0 521 1 1022 1 1023 1 1024 1
506 0 5 1026 0 521 1 1022 1 1023 1 1024 1
507 0 5 1027 0 521 1 1022 1 1023 1 1024 1
508 0 5 1028 0 521 1 1022 1 1023 1 1024 1
509 0 5 1029 0 521 1 1022 1 1023 1 1024 1
510 0 5 1030 0 521 1 1022 1 1023 1 1024 1
511 0 5 1031 0 521 1 1022 1 1023 1 1024 1
512 0 5 1032 0 521 1 1022 1 1023 1 1024 1
513 0 5 1033 0 521 1 1022 1 1023 1 1024 1
514 0 5 1034 0 521 1 1022 1 1023 1 1024 1
515 0 5 1035 0 521 1 1022 1 1023 1 1024 1
516 0 5 1036 0 521 1 1022 1 1023 1 1024 1
517 0 5 1037 0 521 1 1022 1 1023 1 1024 1
518 0 5 1038 0 521 1 1022 1 1023 1 1024 1
519 0 5 1039 0 521 1 1022 1 1023 1 1024 1
520 0 5 1040 0 521 1 1022 1 1023 1 1024 1
521 0 5 1 0 520 1 519 1 518 1 517 1
522 0 5 2 1 461 1 206 1 488 1 123 1
523 0 5 3 1 379 1 471 1 447 1 112 1
524 0 5 4 1 223 1 312 1 13 1 476 1
525 0 5 5 1 415 1 283 1 69 1 215 1
526 0 5 6 1 1 1 284 1 131 1 355 1
527 0 5 7 1 157 1 40 1 57 1 410 1
528 0 5 8 1 473 1 359 1 314 1 417 1
529 0 5 9 1 182 1 243 1 39 1 54 1
530 0 5 10 1 228 1 111 1 495 1 496 1
531 0 5 11 1 45 1 195 1 437 1 146 1
532 0 5 12 1 373 1 242 1 479 1 350 1
533 0 5 13 1 312 1 213 1 99 1 223 1
534 0 5 14 1 421 1 54 1 60 1 363 1
535 0 5 15 1 21 1 210 1 324 1 321 1
536 0 5 16 1 63 1 124 1 434 1 148 1
537 0 5 17 1 420 1 296 1 123 1 273 1
538 0 5 18 1 253 1 464 1 198 1 404 1
539 0 5 19 1 386 1 478 1 224 1 68 1
540 0 5 20 1 310 1 61 1 183 1 341 1
541 0 5 21 1 210 1 324 1 15 1 310 1
542 0 5 22 1 119 1 144 1 155 1 248 1
543 0 5 23 1 356 1 355 1 141 1 110 1
544 0 5 24 1 474 1 166 1 338 1 182 1
545 0 5 25 1 445 1 136 1 49 1 408 1
546 0 5 26 1 446 1 118 1 424 1 122 1
547 0 5 27 1 382 1 80 1 304 1 113 1
548 0 5 28 1 58 1 142 1 46 1 397 1
549 0 5 29 1 325 1 20 1 185 1 298 1
550 0 5 30 1 304 1 137 1 121 1 362 1
551 0 5 31 1 494 1 345 1 190 1 86 1
552 0 5 32 1 391 1 396 1 442 1 498 1
553 0 5 33 1 164 1 32 1 453 1 98 1
554 0 5 34 1 175 1 398 1 329 1 173 1
555 0 5 35 1 149 1 416 1 204 1 493 1
556 0 5 36 1 383 1 393 1 272 1 469 1
557 0 5 37 1 217 1 216 1 406 1 233 1
558 0 5 38 1 357 1 50 1 492 1 253 1
559 0 5 39 1 396 1 409 1 10 1 228 1
560 0 5 40 1 7 1 432 1 410 1 157 1
561 0 5 41 1 346 1 305 1 378 1 293 1
562 0 5 42 1 258 1 51 1 70 1 128 1
563 0 5 43 1 96 1 280 1 313 1 318 1
564 0 5 44 1 82 1 212 1 237 1 389 1
565 0 5 45 1 11 1 437 1 195 1 146 1
566 0 5 46 1 28 1 142 1 349 1 397 1
567 0 5 47 1 469 1 424 1 324 1 372 1
568 0 5 48 1 87 1 62 1 437 1 443 1
569 0 5 49 1 92 1 25 1 452 1 196 1
570 0 5 50 1 38 1 362 1 80 1 492 1
571 0 5 51 1 410 1 70 1 157 1 57 1
572 0 5 52 1 208 1 403 1 114 1 436 1
573 0 5 53 1 275 1 128 1 437 1 443 1
574 0 5 54 1 426 1 263 1 14 1 335 1
575 0 5 55 1 419 1 402 1 86 1 233 1
576 0 5 56 1 219 1 246 1 440 1 400 1
577 0 5 57 1 157 1 410 1 40 1 7 1
578 0 5 58 1 337 1 498 1 28 1 142 1
579 0 5 59 1 316 1 164 1 366 1 249 1
580 0 5 60 1 421 1 414 1 14 1 363 1
581 0 5 61 1 367 1 310 1 322 1 20 1
582 0 5 62 1 438 1 45 1 87 1 11 1
583 0 5 63 1 377 1 124 1 16 1 434 1
584 0 5 64 1 480 1 315 1 319 1 418 1
585 0 5 65 1 497 1 97 1 251 1 348 1
586 0 5 66 1 293 1 352 1 468 1 418 1
587 0 5 67 1 207 1 194 1 457 1 184 1
588 0 5 68 1 19 1 468 1 286 1 199 1
589 0 5 69 1 5 1 171 1 400 1 246 1
590 0 5 70 1 323 1 42 1 51 1 106 1
591 0 5 71 1 242 1 93 1 256 1 491 1
592 0 5 72 1 306 1 149 1 313 1 35 1
593 0 5 73 1 475 1 190 1 143 1 125 1
594 0 5 74 1 368 1 301 1 218 1 458 1
595 0 5 75 1 479 1 350 1 268 1 373 1
596 0 5 76 1 435 1 163 1 162 1 458 1
597 0 5 77 1 340 1 38 1 357 1 50 1
598 0 5 78 1 387 1 332 1 406 1 245 1
599 0 5 79 1 203 1 35 1 318 1 280 1
600 0 5 80 1 190 1 73 1 50 1 308 1
601 0 5 81 1 432 1 97 1 40 1 497 1
602 0 5 82 1 428 1 289 1 237 1 342 1
603 0 5 83 1 491 1 208 1 403 1 84 1
604 0 5 84 1 91 1 52 1 193 1 152 1
605 0 5 85 1 327 1 266 1 58 1 28 1
606 0 5 86 1 73 1 475 1 419 1 494 1
607 0 5 87 1 62 1 438 1 48 1 45 1
608 0 5 88 1 236 1 393 1 174 1 297 1
609 0 5 89 1 454 1 364 1 118 1 422 1
610 0 5 90 1 12 1 439 1 268 1 118 1
611 0 5 91 1 193 1 152 1 52 1 208 1
612 0 5 92 1 49 1 259 1 100 1 325 1
613 0 5 93 1 71 1 491 1 383 1 256 1
614 0 5 94 1 444 1 232 1 438 1 181 1
615 0 5 95 1 227 1 477 1 457 1 213 1
616 0 5 96 1 318 1 313 1 79 1 280 1
617 0 5 97 1 81 1 467 1 65 1 251 1
618 0 5 98 1 173 1 329 1 451 1 34 1
619 0 5 99 1 499 1 384 1 13 1 399 1
620 0 5 100 1 276 1 321 1 298 1 325 1
621 0 5 101 1 239 1 224 1 352 1 160 1
622 0 5 102 1 501 1 129 1 14 1 370 1
623 0 5 103 1 493 1 115 1 407 1 408 1
624 0 5 104 1 254 1 482 1 13 1 332 1
625 0 5 105 1 367 1 262 1 170 1 484 1
626 0 5 106 1 453 1 70 1 366 1 249 1
627 0 5 107 1 132 1 186 1 483 1 316 1
628 0 5 108 1 209 1 226 1 404 1 314 1
629 0 5 109 1 487 1 133 1 171 1 351 1
630 0 5 110 1 141 1 23 1 356 1 430 1
631 0 5 111 1 427 1 302 1 485 1 228 1
632 0 5 112 1 271 1 3 1 447 1 130 1
633 0 5 113 1 179 1 139 1 304 1 214 1
634 0 5 114 1 403 1 436 1 208 1 429 1
635 0 5 115 1 134 1 407 1 103 1 277 1
636 0 5 116 1 413 1 489 1 48 1 437 1
637 0 5 117 1 127 1 153 1 233 1 270 1
638 0 5 118 1 439 1 242 1 388 1 446 1
639 0 5 119 1 248 1 22 1 144 1 42 1
640 0 5 120 1 497 1 282 1 251 1 65 1
641 0 5 121 1 30 1 492 1 150 1 50 1
642 0 5 122 1 436 1 278 1 424 1 26 1
643 0 5 123 1 132 1 17 1 148 1 158 1
644 0 5 124 1 451 1 329 1 123 1 148 1
645 0 5 125 1 230 1 247 1 281 1 402 1
646 0 5 126 1 500 1 210 1 297 1 174 1
647 0 5 127 1 229 1 117 1 153 1 425 1
648 0 5 128 1 275 1 437 1 116 1 70 1
649 0 5 129 1 102 1 245 1 501 1 14 1
650 0 5 130 1 135 1 180 1 112 1 447 1
651 0 5 131 1 1 1 288 1 349 1 455 1
652 0 5 132 1 483 1 488 1 481 1 326 1
653 0 5 133 1 219 1 351 1 109 1 138 1
654 0 5 134 1 171 1 277 1 109 1 115 1
655 0 5 135 1 180 1 250 1 447 1 3 1
656 0 5 136 1 196 1 408 1 342 1 452 1
657 0 5 137 1 30 1 73 1 362 1 402 1
658 0 5 138 1 385 1 318 1 133 1 277 1
659 0 5 139 1 360 1 244 1 179 1 31 1
660 0 5 140 1 433 1 499 1 417 1 384 1
661 0 5 141 1 23 1 356 1 349 1 110 1
662 0 5 142 1 349 1 46 1 23 1 356 1
663 0 5 143 1 402 1 475 1 185 1 189 1
664 0 5 144 1 22 1 155 1 119 1 234 1
665 0 5 145 1 342 1 313 1 306 1 229 1
666 0 5 146 1 495 1 413 1 344 1 116 1
667 0 5 147 1 106 1 257 1 453 1 405 1
668 0 5 148 1 434 1 124 1 123 1 98 1
669 0 5 149 1 35 1 72 1 306 1 416 1
670 0 5 150 1 308 1 492 1 357 1 482 1
671 0 5 151 1 165 1 303 1 429 1 334 1
672 0 5 152 1 414 1 365 1 463 1 205 1
673 0 5 153 1 425 1 270 1 127 1 345 1
674 0 5 154 1 292 1 9 1 222 1 441 1
675 0 5 155 1 144 1 234 1 432 1 22 1
676 0 5 156 1 376 1 342 1 390 1 320 1
677 0 5 157 1 40 1 7 1 57 1 410 1
678 0 5 158 1 2 1 455 1 123 1 206 1
679 0 5 159 1 42 1 119 1 248 1 22 1
680 0 5 160 1 339 1 271 1 291 1 256 1
681 0 5 161 1 211 1 74 1 458 1 263 1
682 0 5 162 1 396 1 163 1 76 1 458 1
683 0 5 163 1 335 1 435 1 263 1 76 1
684 0 5 164 1 107 1 453 1 33 1 59 1
685 0 5 165 1 294 1 69 1 400 1 303 1
686 0 5 166 1 338 1 182 1 411 1 24 1
687 0 5 167 1 201 1 238 1 169 1 467 1
688 0 5 168 1 431 1 333 1 14 1 54 1
689 0 5 169 1 238 1 285 1 377 1 296 1
690 0 5 170 1 363 1 330 1 333 1 78 1
691 0 5 171 1 400 1 109 1 69 1 134 1
692 0 5 172 1 233 1 185 1 212 1 29 1
693 0 5 173 1 329 1 98 1 34 1 451 1
694 0 5 174 1 421 1 60 1 205 1 335 1
695 0 5 175 1 398 1 302 1 409 1 486 1
696 0 5 176 1 351 1 487 1 415 1 5 1
697 0 5 177 1 297 1 324 1 210 1 310 1
698 0 5 178 1 156 1 342 1 320 1 390 1
699 0 5 179 1 300 1 360 1 139 1 465 1
700 0 5 180 1 135 1 447 1 250 1 3 1
701 0 5 181 1 232 1 477 1 195 1 444 1
702 0 5 182 1 161 1 338 1 474 1 426 1
703 0 5 183 1 20 1 259 1 15 1 412 1
704 0 5 184 1 380 1 392 1 226 1 207 1
705 0 5 185 1 29 1 298 1 143 1 247 1
706 0 5 186 1 132 1 483 1 202 1 107 1
707 0 5 187 1 138 1 277 1 133 1 385 1
708 0 5 188 1 283 1 371 1 415 1 324 1
709 0 5 189 1 216 1 382 1 27 1 172 1
710 0 5 190 1 137 1 73 1 494 1 382 1
711 0 5 191 1 476 1 353 1 449 1 394 1
712 0 5 192 1 58 1 46 1 28 1 85 1
713 0 5 193 1 152 1 91 1 208 1 365 1
714 0 5 194 1 67 1 457 1 207 1 392 1
715 0 5 195 1 146 1 11 1 232 1 45 1
716 0 5 196 1 25 1 136 1 49 1 408 1
717 0 5 197 1 434 1 148 1 85 1 58 1
718 0 5 198 1 18 1 374 1 473 1 253 1
719 0 5 199 1 224 1 468 1 478 1 68 1
720 0 5 200 1 4 1 470 1 39 1 441 1
721 0 5 201 1 381 1 65 1 467 1 497 1
722 0 5 202 1 19 1 483 1 273 1 186 1
723 0 5 203 1 115 1 79 1 318 1 385 1
724 0 5 204 1 416 1 103 1 408 1 493 1
725 0 5 205 1 365 1 174 1 393 1 60 1
726 0 5 206 1 472 1 2 1 488 1 461 1
727 0 5 207 1 184 1 392 1 67 1 194 1
728 0 5 208 1 193 1 403 1 469 1 114 1
729 0 5 209 1 417 1 404 1 314 1 108 1
730 0 5 210 1 126 1 297 1 88 1 324 1
731 0 5 211 1 74 1 76 1 368 1 458 1
732 0 5 212 1 117 1 233 1 172 1 127 1
733 0 5 213 1 399 1 227 1 223 1 13 1
734 0 5 214 1 113 1 332 1 217 1 254 1
735 0 5 215 1 188 1 283 1 5 1 69 1
736 0 5 216 1 245 1 189 1 406 1 172 1
737 0 5 217 1 214 1 139 1 37 1 113 1
738 0 5 218 1 430 1 435 1 301 1 458 1
739 0 5 219 1 56 1 133 1 400 1 176 1
740 0 5 220 1 267 1 480 1 305 1 3 1
741 0 5 221 1 154 1 292 1 222 1 396 1
742 0 5 222 1 441 1 470 1 292 1 200 1
743 0 5 223 1 399 1 213 1 312 1 227 1
744 0 5 224 1 1 1 131 1 284 1 199 1
745 0 5 225 1 303 1 271 1 334 1 241 1
746 0 5 226 1 380 1 108 1 392 1 343 1
747 0 5 227 1 191 1 213 1 401 1 477 1
748 0 5 228 1 458 1 111 1 10 1 496 1
749 0 5 229 1 145 1 178 1 390 1 127 1
750 0 5 230 1 247 1 281 1 73 1 125 1
751 0 5 231 1 101 1 352 1 418 1 379 1
752 0 5 232 1 181 1 194 1 195 1 146 1
753 0 5 233 1 55 1 117 1 172 1 270 1
754 0 5 234 1 155 1 432 1 497 1 81 1
755 0 5 235 1 114 1 429 1 278 1 403 1
756 0 5 236 1 393 1 272 1 88 1 174 1
757 0 5 237 1 44 1 82 1 212 1 389 1
758 0 5 238 1 169 1 251 1 285 1 467 1
759 0 5 239 1 375 1 101 1 305 1 160 1
760 0 5 240 1 449 1 307 1 194 1 392 1
761 0 5 241 1 334 1 271 1 225 1 339 1
762 0 5 242 1 261 1 439 1 239 1 375 1
763 0 5 243 1 9 1 182 1 338 1 24 1
764 0 5 244 1 31 1 494 1 139 1 345 1
765 0 5 245 1 129 1 363 1 387 1 501 1
766 0 5 246 1 462 1 400 1 56 1 317 1
767 0 5 247 1 281 1 230 1 460 1 298 1
768 0 5 248 1 53 1 42 1 128 1 275 1
769 0 5 249 1 496 1 366 1 323 1 316 1
770 0 5 250 1 3 1 447 1 379 1 135 1
771 0 5 251 1 81 1 238 1 97 1 65 1
772 0 5 252 1 160 1 291 1 71 1 256 1
773 0 5 253 1 121 1 50 1 343 1 38 1
774 0 5 254 1 482 1 214 1 77 1 332 1
775 0 5 255 1 354 1 296 1 405 1 17 1
776 0 5 256 1 319 1 239 1 290 1 315 1
777 0 5 257 1 147 1 405 1 467 1 106 1
778 0 5 258 1 51 1 70 1 42 1 159 1
779 0 5 259 1 15 1 321 1 215 1 183 1
780 0 5 260 1 466 1 322 1 61 1 484 1
781 0 5 261 1 375 1 239 1 242 1 256 1
782 0 5 262 1 105 1 367 1 170 1 484 1
783 0 5 263 1 54 1 421 1 435 1 76 1
784 0 5 264 1 273 1 420 1 326 1 481 1
785 0 5 265 1 443 1 489 1 486 1 159 1
786 0 5 266 1 221 1 327 1 162 1 76 1
787 0 5 267 1 130 1 112 1 135 1 3 1
788 0 5 268 1 90 1 439 1 373 1 12 1
789 0 5 269 1 83 1 272 1 491 1 84 1
790 0 5 270 1 153 1 425 1 345 1 117 1
791 0 5 271 1 112 1 241 1 225 1 339 1
792 0 5 272 1 355 1 1 1 46 1 142 1
793 0 5 273 1 326 1 264 1 481 1 420 1
794 0 5 274 1 259 1 92 1 452 1 49 1
795 0 5 275 1 128 1 437 1 116 1 485 1
796 0 5 276 1 321 1 15 1 100 1 21 1
797 0 5 277 1 385 1 133 1 134 1 115 1
798 0 5 278 1 26 1 114 1 436 1 235 1
799 0 5 279 1 159 1 348 1 381 1 65 1
800 0 5 280 1 79 1 43 1 96 1 35 1
801 0 5 281 1 460 1 230 1 73 1 247 1
802 0 5 282 1 120 1 497 1 251 1 348 1
803 0 5 283 1 371 1 422 1 364 1 454 1
804 0 5 284 1 6 1 1 1 378 1 131 1
805 0 5 285 1 169 1 467 1 405 1 377 1
806 0 5 286 1 68 1 468 1 448 1 19 1
807 0 5 287 1 298 1 230 1 29 1 185 1
808 0 5 288 1 158 1 455 1 336 1 284 1
809 0 5 289 1 237 1 412 1 183 1 389 1
810 0 5 290 1 256 1 319 1 378 1 315 1
811 0 5 291 1 235 1 339 1 334 1 71 1
812 0 5 292 1 222 1 9 1 470 1 154 1
813 0 5 293 1 378 1 66 1 199 1 468 1
814 0 5 294 1 69 1 371 1 422 1 5 1
815 0 5 295 1 414 1 365 1 174 1 463 1
816 0 5 296 1 17 1 255 1 420 1 354 1
817 0 5 297 1 88 1 126 1 174 1 210 1
818 0 5 298 1 287 1 325 1 29 1 100 1
819 0 5 299 1 459 1 307 1 343 1 449 1
820 0 5 300 1 465 1 362 1 179 1 360 1
821 0 5 301 1 141 1 110 1 58 1 28 1
822 0 5 302 1 427 1 111 1 485 1 395 1
823 0 5 303 1 429 1 75 1 151 1 225 1
824 0 5 304 1 50 1 27 1 362 1 382 1
825 0 5 305 1 290 1 66 1 378 1 293 1
826 0 5 306 1 72 1 445 1 313 1 149 1
827 0 5 307 1 449 1 459 1 240 1 191 1
828 0 5 308 1 50 1 492 1 150 1 38 1
829 0 5 309 1 331 1 166 1 24 1 344 1
830 0 5 310 1 177 1 297 1 126 1 210 1
831 0 5 311 1 464 1 465 1 499 1 359 1
832 0 5 312 1 13 1 213 1 223 1 227 1
833 0 5 313 1 145 1 306 1 445 1 35 1
834 0 5 314 1 209 1 404 1 374 1 417 1
835 0 5 315 1 64 1 480 1 319 1 256 1
836 0 5 316 1 107 1 249 1 98 1 347 1
837 0 5 317 1 466 1 440 1 289 1 412 1
838 0 5 318 1 79 1 203 1 385 1 280 1
839 0 5 319 1 315 1 64 1 256 1 480 1
840 0 5 320 1 125 1 247 1 390 1 376 1
841 0 5 321 1 15 1 21 1 276 1 100 1
842 0 5 322 1 61 1 484 1 260 1 60 1
843 0 5 323 1 249 1 496 1 70 1 395 1
844 0 5 324 1 47 1 469 1 424 1 177 1
845 0 5 325 1 183 1 20 1 298 1 92 1
846 0 5 326 1 481 1 273 1 488 1 264 1
847 0 5 327 1 358 1 76 1 266 1 423 1
848 0 5 328 1 463 1 295 1 450 1 358 1
849 0 5 329 1 33 1 302 1 32 1 124 1
850 0 5 330 1 332 1 104 1 78 1 387 1
851 0 5 331 1 344 1 240 1 146 1 309 1
852 0 5 332 1 214 1 254 1 104 1 387 1
853 0 5 333 1 170 1 363 1 14 1 330 1
854 0 5 334 1 225 1 303 1 429 1 271 1
855 0 5 335 1 163 1 263 1 435 1 76 1
856 0 5 336 1 192 1 46 1 397 1 58 1
857 0 5 337 1 498 1 32 1 28 1 142 1
858 0 5 338 1 182 1 24 1 161 1 474 1
859 0 5 339 1 241 1 334 1 271 1 225 1
860 0 5 340 1 357 1 38 1 77 1 464 1
861 0 5 341 1 172 1 325 1 20 1 310 1
862 0 5 342 1 178 1 49 1 156 1 452 1
863 0 5 343 1 299 1 253 1 459 1 307 1
864 0 5 344 1 10 1 495 1 413 1 146 1
865 0 5 345 1 419 1 270 1 244 1 125 1
866 0 5 346 1 206 1 472 1 2 1 461 1
867 0 5 347 1 16 1 434 1 124 1 148 1
868 0 5 348 1 279 1 381 1 65 1 467 1
869 0 5 349 1 1 1 6 1 355 1 142 1
870 0 5 350 1 268 1 479 1 75 1 373 1
871 0 5 351 1 176 1 133 1 487 1 109 1
872 0 5 352 1 231 1 418 1 101 1 66 1
873 0 5 353 1 394 1 191 1 243 1 309 1
874 0 5 354 1 405 1 255 1 296 1 257 1
875 0 5 355 1 1 1 269 1 46 1 349 1
876 0 5 356 1 1 1 131 1 355 1 142 1
877 0 5 357 1 343 1 464 1 299 1 253 1
878 0 5 358 1 450 1 163 1 335 1 423 1
879 0 5 359 1 311 1 8 1 417 1 464 1
880 0 5 360 1 139 1 244 1 179 1 300 1
881 0 5 361 1 473 1 359 1 8 1 300 1
882 0 5 362 1 304 1 50 1 190 1 382 1
883 0 5 363 1 78 1 129 1 245 1 333 1
884 0 5 364 1 89 1 454 1 283 1 188 1
885 0 5 365 1 205 1 174 1 463 1 152 1
886 0 5 366 1 59 1 316 1 249 1 106 1
887 0 5 367 1 172 1 389 1 20 1 212 1
888 0 5 368 1 74 1 435 1 263 1 211 1
889 0 5 369 1 123 1 461 1 273 1 17 1
890 0 5 370 1 426 1 500 1 161 1 474 1
891 0 5 371 1 422 1 462 1 122 1 283 1
892 0 5 372 1 36 1 388 1 424 1 469 1
893 0 5 373 1 12 1 479 1 350 1 242 1
894 0 5 374 1 198 1 404 1 314 1 473 1
895 0 5 375 1 1 1 256 1 261 1 131 1
896 0 5 376 1 390 1 320 1 125 1 460 1
897 0 5 377 1 255 1 296 1 169 1 354 1
898 0 5 378 1 293 1 284 1 224 1 1 1
899 0 5 379 1 471 1 231 1 373 1 3 1
900 0 5 380 1 392 1 226 1 207 1 240 1
901 0 5 381 1 348 1 467 1 285 1 65 1
902 0 5 382 1 27 1 80 1 304 1 190 1
903 0 5 383 1 1 1 349 1 355 1 491 1
904 0 5 384 1 99 1 433 1 140 1 399 1
905 0 5 385 1 277 1 318 1 203 1 115 1
906 0 5 386 1 478 1 19 1 284 1 6 1
907 0 5 387 1 406 1 27 1 332 1 382 1
908 0 5 388 1 372 1 118 1 52 1 446 1
909 0 5 389 1 212 1 237 1 289 1 172 1
910 0 5 390 1 320 1 229 1 376 1 125 1
911 0 5 391 1 442 1 458 1 33 1 164 1
912 0 5 392 1 240 1 184 1 401 1 232 1
913 0 5 393 1 272 1 205 1 46 1 236 1
914 0 5 394 1 243 1 411 1 9 1 470 1
915 0 5 395 1 323 1 496 1 485 1 302 1
916 0 5 396 1 162 1 39 1 228 1 111 1
917 0 5 397 1 328 1 85 1 28 1 46 1
918 0 5 398 1 486 1 265 1 409 1 302 1
919 0 5 399 1 384 1 433 1 213 1 401 1
920 0 5 400 1 69 1 246 1 219 1 56 1
921 0 5 401 1 95 1 227 1 380 1 226 1
922 0 5 402 1 125 1 143 1 185 1 55 1
923 0 5 403 1 208 1 114 1 52 1 235 1
924 0 5 404 1 374 1 226 1 343 1 198 1
925 0 5 405 1 257 1 467 1 354 1 147 1
926 0 5 406 1 189 1 216 1 382 1 27 1
927 0 5 407 1 215 1 176 1 133 1 351 1
928 0 5 408 1 136 1 204 1 25 1 493 1
929 0 5 409 1 486 1 489 1 39 1 396 1
930 0 5 410 1 57 1 40 1 157 1 432 1
931 0 5 411 1 474 1 24 1 243 1 338 1
932 0 5 412 1 274 1 317 1 92 1 452 1
933 0 5 413 1 395 1 344 1 116 1 128 1
934 0 5 414 1 60 1 333 1 295 1 484 1
935 0 5 415 1 215 1 5 1 188 1 283 1
936 0 5 416 1 204 1 103 1 408 1 136 1
937 0 5 417 1 108 1 209 1 140 1 433 1
938 0 5 418 1 66 1 101 1 352 1 480 1
939 0 5 419 1 345 1 86 1 55 1 125 1
940 0 5 420 1 264 1 17 1 296 1 273 1
941 0 5 421 1 14 1 335 1 263 1 174 1
942 0 5 422 1 364 1 371 1 122 1 89 1
943 0 5 423 1 168 1 154 1 14 1 450 1
944 0 5 424 1 372 1 469 1 388 1 47 1
945 0 5 425 1 127 1 270 1 117 1 229 1
946 0 5 426 1 211 1 370 1 161 1 76 1
947 0 5 427 1 302 1 485 1 111 1 395 1
948 0 5 428 1 452 1 138 1 133 1 82 1
949 0 5 429 1 151 1 165 1 303 1 334 1
950 0 5 430 1 110 1 141 1 397 1 301 1
951 0 5 431 1 330 1 333 1 170 1 168 1
952 0 5 432 1 234 1 81 1 40 1 410 1
953 0 5 433 1 401 1 140 1 384 1 417 1
954 0 5 434 1 148 1 124 1 173 1 451 1
955 0 5 435 1 218 1 458 1 430 1 76 1
956 0 5 436 1 278 1 26 1 122 1 114 1
957 0 5 437 1 53 1 116 1 45 1 413 1
958 0 5 438 1 94 1 87 1 62 1 232 1
959 0 5 439 1 375 1 239 1 373 1 118 1
960 0 5 440 1 317 1 246 1 56 1 219 1
961 0 5 441 1 4 1 470 1 200 1 39 1
962 0 5 442 1 33 1 391 1 164 1 427 1
963 0 5 443 1 48 1 489 1 53 1 87 1
964 0 5 444 1 181 1 232 1 477 1 457 1
965 0 5 445 1 25 1 204 1 408 1 416 1
966 0 5 446 1 454 1 118 1 388 1 122 1
967 0 5 447 1 250 1 3 1 135 1 112 1
968 0 5 448 1 286 1 19 1 68 1 386 1
969 0 5 449 1 307 1 240 1 459 1 191 1
970 0 5 450 1 423 1 358 1 168 1 335 1
971 0 5 451 1 98 1 173 1 34 1 329 1
972 0 5 452 1 412 1 133 1 49 1 92 1
973 0 5 453 1 366 1 164 1 249 1 59 1
974 0 5 454 1 118 1 388 1 424 1 372 1
975 0 5 455 1 197 1 158 1 192 1 2 1
976 0 5 456 1 455 1 197 1 158 1 336 1
977 0 5 457 1 194 1 95 1 477 1 67 1
978 0 5 458 1 435 1 301 1 32 1 218 1
979 0 5 459 1 307 1 449 1 411 1 357 1
980 0 5 460 1 298 1 281 1 320 1 247 1
981 0 5 461 1 369 1 2 1 488 1 123 1
982 0 5 462 1 122 1 324 1 371 1 188 1
983 0 5 463 1 295 1 414 1 365 1 205 1
984 0 5 464 1 253 1 359 1 465 1 357 1
985 0 5 465 1 311 1 300 1 362 1 304 1
986 0 5 466 1 289 1 317 1 61 1 260 1
987 0 5 467 1 257 1 285 1 381 1 97 1
988 0 5 468 1 199 1 286 1 68 1 224 1
989 0 5 469 1 424 1 36 1 372 1 47 1
990 0 5 470 1 200 1 39 1 441 1 4 1
991 0 5 471 1 373 1 379 1 12 1 3 1
992 0 5 472 1 369 1 264 1 206 1 63 1
993 0 5 473 1 314 1 8 1 198 1 18 1
994 0 5 474 1 24 1 182 1 243 1 338 1
995 0 5 475 1 143 1 86 1 73 1 125 1
996 0 5 476 1 353 1 191 1 477 1 227 1
997 0 5 477 1 457 1 95 1 94 1 194 1
998 0 5 478 1 284 1 224 1 386 1 6 1
999 0 5 479 1 75 1 350 1 268 1 373 1
1000 0 5 480 1 418 1 231 1 66 1 293 1
1001 0 5 481 1 448 1 202 1 483 1 132 1
1002 0 5 482 1 77 1 254 1 99 1 499 1
1003 0 5 483 1 186 1 481 1 202 1 107 1
1004 0 5 484 1 322 1 262 1 105 1 260 1
1005 0 5 485 1 395 1 495 1 344 1 128 1
1006 0 5 486 1 409 1 489 1 265 1 302 1
1007 0 5 487 1 109 1 351 1 176 1 171 1
1008 0 5 488 1 202 1 386 1 326 1 19 1
1009 0 5 489 1 443 1 87 1 48 1 116 1
1010 0 5 490 1 361 1 473 1 198 1 8 1
1011 0 5 491 1 93 1 36 1 71 1 372 1
1012 0 5 492 1 150 1 308 1 80 1 121 1
1013 0 5 493 1 408 1 103 1 35 1 204 1
1014 0 5 494 1 86 1 190 1 31 1 345 1
1015 0 5 495 1 344 1 10 1 146 1 413 1
1016 0 5 496 1 395 1 249 1 323 1 391 1
1017 0 5 497 1 65 1 282 1 234 1 251 1
1018 0 5 498 1 32 1 337 1 28 1 142 1
1019 0 5 499 1 140 1 311 1 99 1 482 1
1020 0 5 500 1 88 1 126 1 297 1 174 1
1021 0 5 501 1 411 1 102 1 14 1 129 1
1022 0 5 502 0 520 1 519 1 518 1 517 1
1023 0 5 503 0 520 1 519 1 518 1 517 1
1024 0 5 504 0 520 1 519 1 518 1 517 1
1025 0 5 505 0 520 1 519 1 518 1 517 1
1026 0 5 506 0 520 1 519 1 518 1 517 1
1027 0 5 507 0 520 1 519 1 518 1 517 1
1028 0 5 508 0 520 1 519 1 518 1 517 1
1029 0 5 509 0 520 1 519 1 518 1 517 1
1030 0 5 510 0 520 1 519 1 518 1 517 1
1031 0 5 511 0 520 1 519 1 518 1 517 1
1032 0 5 512 0 520 1 519 1 518 1 517 1
1033 0 5 513 0 520 1 519 1 518 1 517 1
1034 0 5 514 0 520 1 519 1 518 1 517 1
1035 0 5 515 0 520 1 519 1 518 1 517 1
1036 0 5 516 0 520 1 519 1 518 1 517 1
1037 0 5 517 0 520 1 519 1 518 1 517 1
1038 0 5 518 0 520 1 519 1 518 1 517 1
1039 0 5 519 0 520 1 519 1 518 1 517 1
1040 0 5 520 0 520 1 519 1 518 1 517 1
-1
EOF
