1040
1 0 5 521 0 1040 1 1039 1 1038 1 1037 1
2 0 5 522 1 552 1 998 1 671 1 561 1
3 0 5 523 1 532 1 730 1 736 1 650 1
4 0 5 524 1 934 1 907 1 792 1 856 1
5 0 5 525 1 927 1 840 1 638 1 924 1
6 0 5 526 1 959 1 705 1 617 1 630 1
7 0 5 527 1 691 1 776 1 835 1 611 1
8 0 5 528 1 545 1 843 1 690 1 898 1
9 0 5 529 1 904 1 997 1 925 1 648 1
10 0 5 530 1 543 1 640 1 533 1 733 1
11 0 5 531 1 783 1 710 1 1009 1 798 1
12 0 5 532 1 730 1 523 1 678 1 663 1
13 0 5 533 1 733 1 1004 1 557 1 640 1
14 0 5 534 1 977 1 685 1 606 1 836 1
15 0 5 535 1 714 1 790 1 912 1 773 1
16 0 5 536 1 746 1 687 1 637 1 709 1
17 0 5 537 1 1005 1 928 1 875 1 943 1
18 0 5 538 1 621 1 555 1 712 1 543 1
19 0 5 539 1 629 1 589 1 881 1 966 1
20 0 5 540 1 835 1 527 1 691 1 922 1
21 0 5 541 1 814 1 579 1 817 1 983 1
22 0 5 542 1 604 1 568 1 647 1 886 1
23 0 5 543 1 530 1 648 1 640 1 819 1
24 0 5 544 1 720 1 786 1 728 1 751 1
25 0 5 545 1 843 1 528 1 730 1 690 1
26 0 5 546 1 1009 1 845 1 785 1 774 1
27 0 5 547 1 575 1 862 1 968 1 777 1
28 0 5 548 1 941 1 993 1 618 1 728 1
29 0 5 549 1 830 1 670 1 608 1 689 1
30 0 5 550 1 873 1 603 1 620 1 578 1
31 0 5 551 1 865 1 745 1 790 1 714 1
32 0 5 552 1 561 1 522 1 986 1 562 1
33 0 5 553 1 794 1 799 1 808 1 732 1
34 0 5 554 1 715 1 804 1 936 1 742 1
35 0 5 555 1 911 1 627 1 718 1 821 1
36 0 5 556 1 934 1 624 1 851 1 658 1
37 0 5 557 1 733 1 854 1 856 1 533 1
38 0 5 558 1 957 1 766 1 816 1 767 1
39 0 5 559 1 872 1 1016 1 952 1 960 1
40 0 5 560 1 666 1 1011 1 704 1 1003 1
41 0 5 561 1 522 1 552 1 890 1 771 1
42 0 5 562 1 998 1 664 1 563 1 885 1
43 0 5 563 1 562 1 756 1 552 1 664 1
44 0 5 564 1 673 1 603 1 785 1 629 1
45 0 5 565 1 907 1 831 1 856 1 594 1
46 0 5 566 1 916 1 955 1 962 1 905 1
47 0 5 567 1 740 1 702 1 1007 1 902 1
48 0 5 568 1 542 1 604 1 647 1 1017 1
49 0 5 569 1 736 1 888 1 663 1 858 1
50 0 5 570 1 547 1 575 1 968 1 688 1
51 0 5 571 1 697 1 986 1 902 1 1007 1
52 0 5 572 1 619 1 955 1 567 1 703 1
53 0 5 573 1 780 1 649 1 693 1 692 1
54 0 5 574 1 660 1 525 1 597 1 698 1
55 0 5 575 1 688 1 547 1 777 1 968 1
56 0 5 576 1 521 1 674 1 865 1 771 1
57 0 5 577 1 659 1 534 1 977 1 633 1
58 0 5 578 1 620 1 785 1 598 1 953 1
59 0 5 579 1 541 1 764 1 817 1 983 1
60 0 5 580 1 986 1 552 1 890 1 939 1
61 0 5 581 1 879 1 1020 1 683 1 1005 1
62 0 5 582 1 943 1 657 1 875 1 759 1
63 0 5 583 1 971 1 677 1 759 1 839 1
64 0 5 584 1 828 1 715 1 742 1 800 1
65 0 5 585 1 748 1 850 1 614 1 841 1
66 0 5 586 1 989 1 834 1 858 1 590 1
67 0 5 587 1 698 1 893 1 707 1 833 1
68 0 5 588 1 815 1 924 1 835 1 833 1
69 0 5 589 1 920 1 629 1 881 1 743 1
70 0 5 590 1 921 1 930 1 834 1 826 1
71 0 5 591 1 713 1 807 1 782 1 755 1
72 0 5 592 1 768 1 683 1 1020 1 1005 1
73 0 5 593 1 884 1 1019 1 889 1 627 1
74 0 5 594 1 795 1 856 1 649 1 565 1
75 0 5 595 1 979 1 862 1 559 1 718 1
76 0 5 596 1 712 1 718 1 555 1 862 1
77 0 5 597 1 949 1 1010 1 574 1 660 1
78 0 5 598 1 917 1 620 1 578 1 800 1
79 0 5 599 1 875 1 582 1 928 1 583 1
80 0 5 600 1 803 1 539 1 966 1 602 1
81 0 5 601 1 752 1 663 1 897 1 954 1
82 0 5 602 1 966 1 760 1 539 1 778 1
83 0 5 603 1 655 1 873 1 620 1 726 1
84 0 5 604 1 895 1 1017 1 542 1 568 1
85 0 5 605 1 978 1 753 1 884 1 900 1
86 0 5 606 1 685 1 836 1 534 1 1003 1
87 0 5 607 1 716 1 591 1 722 1 765 1
88 0 5 608 1 1003 1 791 1 560 1 874 1
89 0 5 609 1 749 1 906 1 836 1 1018 1
90 0 5 610 1 654 1 857 1 784 1 934 1
91 0 5 611 1 776 1 772 1 750 1 686 1
92 0 5 612 1 839 1 880 1 788 1 938 1
93 0 5 613 1 741 1 753 1 1001 1 801 1
94 0 5 614 1 632 1 694 1 1020 1 748 1
95 0 5 615 1 563 1 763 1 696 1 842 1
96 0 5 616 1 793 1 964 1 1020 1 676 1
97 0 5 617 1 705 1 521 1 732 1 695 1
98 0 5 618 1 926 1 941 1 548 1 922 1
99 0 5 619 1 697 1 572 1 902 1 846 1
100 0 5 620 1 578 1 598 1 550 1 785 1
101 0 5 621 1 555 1 538 1 712 1 911 1
102 0 5 622 1 929 1 751 1 1002 1 972 1
103 0 5 623 1 656 1 619 1 722 1 572 1
104 0 5 624 1 628 1 658 1 755 1 556 1
105 0 5 625 1 536 1 852 1 746 1 700 1
106 0 5 626 1 900 1 1001 1 801 1 752 1
107 0 5 627 1 1004 1 821 1 847 1 533 1
108 0 5 628 1 624 1 851 1 658 1 755 1
109 0 5 629 1 589 1 881 1 673 1 743 1
110 0 5 630 1 732 1 915 1 805 1 705 1
111 0 5 631 1 744 1 769 1 898 1 884 1
112 0 5 632 1 672 1 614 1 809 1 943 1
113 0 5 633 1 668 1 606 1 659 1 685 1
114 0 5 634 1 995 1 925 1 1011 1 994 1
115 0 5 635 1 932 1 655 1 657 1 880 1
116 0 5 636 1 987 1 717 1 814 1 742 1
117 0 5 637 1 946 1 756 1 782 1 935 1
118 0 5 638 1 840 1 949 1 980 1 1010 1
119 0 5 639 1 648 1 925 1 1010 1 806 1
120 0 5 640 1 530 1 543 1 854 1 1004 1
121 0 5 641 1 820 1 1017 1 908 1 686 1
122 0 5 642 1 967 1 822 1 812 1 879 1
123 0 5 643 1 762 1 928 1 729 1 739 1
124 0 5 644 1 869 1 951 1 825 1 628 1
125 0 5 645 1 855 1 760 1 903 1 602 1
126 0 5 646 1 725 1 848 1 811 1 962 1
127 0 5 647 1 698 1 1017 1 588 1 660 1
128 0 5 648 1 925 1 529 1 1021 1 639 1
129 0 5 649 1 970 1 693 1 996 1 704 1
130 0 5 650 1 867 1 730 1 532 1 523 1
131 0 5 651 1 648 1 963 1 761 1 929 1
132 0 5 652 1 894 1 932 1 990 1 880 1
133 0 5 653 1 899 1 976 1 665 1 814 1
134 0 5 654 1 784 1 610 1 524 1 565 1
135 0 5 655 1 635 1 657 1 603 1 932 1
136 0 5 656 1 955 1 623 1 633 1 572 1
137 0 5 657 1 599 1 655 1 582 1 873 1
138 0 5 658 1 624 1 851 1 628 1 792 1
139 0 5 659 1 534 1 977 1 606 1 633 1
140 0 5 660 1 871 1 525 1 574 1 588 1
141 0 5 661 1 861 1 981 1 772 1 973 1
142 0 5 662 1 764 1 961 1 797 1 940 1
143 0 5 663 1 954 1 888 1 601 1 569 1
144 0 5 664 1 562 1 986 1 671 1 958 1
145 0 5 665 1 1008 1 574 1 653 1 660 1
146 0 5 666 1 704 1 649 1 693 1 594 1
147 0 5 667 1 581 1 879 1 1005 1 762 1
148 0 5 668 1 633 1 988 1 606 1 722 1
149 0 5 669 1 837 1 558 1 767 1 957 1
150 0 5 670 1 689 1 608 1 791 1 830 1
151 0 5 671 1 664 1 522 1 986 1 998 1
152 0 5 672 1 809 1 632 1 582 1 942 1
153 0 5 673 1 679 1 785 1 603 1 564 1
154 0 5 674 1 890 1 521 1 745 1 738 1
155 0 5 675 1 857 1 1014 1 765 1 558 1
156 0 5 676 1 805 1 793 1 747 1 964 1
157 0 5 677 1 684 1 809 1 721 1 583 1
158 0 5 678 1 781 1 601 1 730 1 897 1
159 0 5 679 1 531 1 1009 1 603 1 673 1
160 0 5 680 1 852 1 536 1 687 1 722 1
161 0 5 681 1 643 1 928 1 599 1 682 1
162 0 5 682 1 681 1 878 1 880 1 817 1
163 0 5 683 1 592 1 768 1 747 1 964 1
164 0 5 684 1 721 1 583 1 971 1 809 1
165 0 5 685 1 775 1 860 1 606 1 534 1
166 0 5 686 1 707 1 820 1 1017 1 919 1
167 0 5 687 1 709 1 887 1 607 1 782 1
168 0 5 688 1 777 1 575 1 547 1 781 1
169 0 5 689 1 560 1 608 1 534 1 685 1
170 0 5 690 1 954 1 528 1 898 1 974 1
171 0 5 691 1 776 1 919 1 527 1 540 1
172 0 5 692 1 824 1 780 1 866 1 634 1
173 0 5 693 1 996 1 649 1 970 1 651 1
174 0 5 694 1 942 1 672 1 632 1 582 1
175 0 5 695 1 521 1 948 1 702 1 740 1
176 0 5 696 1 763 1 756 1 782 1 615 1
177 0 5 697 1 896 1 757 1 890 1 552 1
178 0 5 698 1 597 1 844 1 707 1 587 1
179 0 5 699 1 947 1 773 1 939 1 1012 1
180 0 5 700 1 625 1 723 1 746 1 852 1
181 0 5 701 1 703 1 757 1 891 1 882 1
182 0 5 702 1 740 1 913 1 567 1 695 1
183 0 5 703 1 701 1 882 1 863 1 572 1
184 0 5 704 1 819 1 649 1 693 1 666 1
185 0 5 705 1 630 1 732 1 521 1 617 1
186 0 5 706 1 940 1 871 1 835 1 815 1
187 0 5 707 1 587 1 698 1 883 1 686 1
188 0 5 708 1 532 1 523 1 569 1 736 1
189 0 5 709 1 687 1 782 1 887 1 946 1
190 0 5 710 1 774 1 798 1 783 1 742 1
191 0 5 711 1 912 1 773 1 1012 1 790 1
192 0 5 712 1 761 1 1002 1 538 1 718 1
193 0 5 713 1 882 1 848 1 591 1 853 1
194 0 5 714 1 738 1 790 1 1012 1 745 1
195 0 5 715 1 554 1 742 1 636 1 804 1
196 0 5 716 1 765 1 607 1 591 1 669 1
197 0 5 717 1 810 1 950 1 987 1 878 1
198 0 5 718 1 596 1 712 1 821 1 960 1
199 0 5 719 1 878 1 682 1 817 1 901 1
200 0 5 720 1 728 1 544 1 866 1 548 1
201 0 5 721 1 537 1 583 1 599 1 684 1
202 0 5 722 1 668 1 607 1 853 1 807 1
203 0 5 723 1 671 1 982 1 852 1 664 1
204 0 5 724 1 923 1 844 1 806 1 639 1
205 0 5 725 1 770 1 962 1 812 1 646 1
206 0 5 726 1 953 1 603 1 810 1 679 1
207 0 5 727 1 811 1 1006 1 783 1 742 1
208 0 5 728 1 993 1 548 1 707 1 720 1
209 0 5 729 1 643 1 937 1 762 1 739 1
210 0 5 730 1 650 1 678 1 838 1 867 1
211 0 5 731 1 984 1 864 1 825 1 989 1
212 0 5 732 1 913 1 965 1 630 1 617 1
213 0 5 733 1 533 1 557 1 856 1 801 1
214 0 5 734 1 864 1 984 1 731 1 888 1
215 0 5 735 1 616 1 879 1 1020 1 803 1
216 0 5 736 1 523 1 569 1 867 1 650 1
217 0 5 737 1 829 1 562 1 796 1 998 1
218 0 5 738 1 674 1 1012 1 714 1 745 1
219 0 5 739 1 937 1 643 1 762 1 729 1
220 0 5 740 1 702 1 913 1 695 1 863 1
221 0 5 741 1 801 1 1001 1 613 1 753 1
222 0 5 742 1 715 1 636 1 584 1 798 1
223 0 5 743 1 881 1 1015 1 916 1 962 1
224 0 5 744 1 769 1 631 1 884 1 605 1
225 0 5 745 1 576 1 674 1 521 1 738 1
226 0 5 746 1 637 1 625 1 536 1 852 1
227 0 5 747 1 956 1 879 1 964 1 642 1
228 0 5 748 1 850 1 614 1 841 1 585 1
229 0 5 749 1 848 1 609 1 1003 1 836 1
230 0 5 750 1 919 1 772 1 973 1 611 1
231 0 5 751 1 786 1 929 1 944 1 868 1
232 0 5 752 1 900 1 851 1 626 1 1001 1
233 0 5 753 1 613 1 851 1 1001 1 741 1
234 0 5 754 1 951 1 825 1 834 1 888 1
235 0 5 755 1 556 1 591 1 610 1 624 1
236 0 5 756 1 935 1 946 1 763 1 782 1
237 0 5 757 1 896 1 703 1 701 1 948 1
238 0 5 758 1 802 1 696 1 763 1 615 1
239 0 5 759 1 677 1 876 1 999 1 582 1
240 0 5 760 1 566 1 589 1 549 1 966 1
241 0 5 761 1 1002 1 963 1 972 1 929 1
242 0 5 762 1 667 1 1006 1 729 1 643 1
243 0 5 763 1 842 1 615 1 563 1 782 1
244 0 5 764 1 653 1 899 1 814 1 976 1
245 0 5 765 1 755 1 716 1 607 1 591 1
246 0 5 766 1 816 1 823 1 765 1 716 1
247 0 5 767 1 1000 1 1014 1 675 1 957 1
248 0 5 768 1 964 1 956 1 747 1 592 1
249 0 5 769 1 605 1 744 1 753 1 900 1
250 0 5 770 1 905 1 812 1 962 1 572 1
251 0 5 771 1 561 1 865 1 909 1 745 1
252 0 5 772 1 750 1 611 1 661 1 919 1
253 0 5 773 1 711 1 1012 1 790 1 912 1
254 0 5 774 1 710 1 584 1 783 1 991 1
255 0 5 775 1 860 1 784 1 654 1 1018 1
256 0 5 776 1 611 1 750 1 772 1 527 1
257 0 5 777 1 781 1 678 1 547 1 575 1
258 0 5 778 1 602 1 903 1 760 1 966 1
259 0 5 779 1 521 1 915 1 956 1 967 1
260 0 5 780 1 692 1 824 1 866 1 651 1
261 0 5 781 1 897 1 678 1 777 1 601 1
262 0 5 782 1 756 1 887 1 709 1 946 1
263 0 5 783 1 774 1 710 1 727 1 798 1
264 0 5 784 1 1018 1 988 1 654 1 836 1
265 0 5 785 1 726 1 679 1 603 1 578 1
266 0 5 786 1 544 1 751 1 868 1 720 1
267 0 5 787 1 772 1 872 1 993 1 868 1
268 0 5 788 1 682 1 817 1 719 1 880 1
269 0 5 789 1 990 1 961 1 662 1 652 1
270 0 5 790 1 1012 1 714 1 738 1 771 1
271 0 5 791 1 608 1 1003 1 955 1 874 1
272 0 5 792 1 524 1 624 1 658 1 1001 1
273 0 5 793 1 676 1 768 1 683 1 964 1
274 0 5 794 1 808 1 600 1 803 1 553 1
275 0 5 795 1 594 1 649 1 970 1 831 1
276 0 5 796 1 909 1 829 1 885 1 562 1
277 0 5 797 1 886 1 961 1 542 1 662 1
278 0 5 798 1 742 1 845 1 710 1 950 1
279 0 5 799 1 903 1 702 1 567 1 553 1
280 0 5 800 1 892 1 828 1 584 1 976 1
281 0 5 801 1 733 1 626 1 911 1 1001 1
282 0 5 802 1 696 1 758 1 763 1 615 1
283 0 5 803 1 966 1 735 1 760 1 616 1
284 0 5 804 1 975 1 1021 1 936 1 554 1
285 0 5 805 1 779 1 630 1 915 1 965 1
286 0 5 806 1 639 1 973 1 648 1 883 1
287 0 5 807 1 853 1 846 1 713 1 591 1
288 0 5 808 1 600 1 803 1 794 1 602 1
289 0 5 809 1 537 1 684 1 1005 1 875 1
290 0 5 810 1 739 1 950 1 717 1 845 1
291 0 5 811 1 646 1 725 1 1006 1 727 1
292 0 5 812 1 905 1 642 1 770 1 962 1
293 0 5 813 1 901 1 983 1 579 1 817 1
294 0 5 814 1 636 1 541 1 894 1 717 1
295 0 5 815 1 588 1 835 1 871 1 706 1
296 0 5 816 1 766 1 765 1 716 1 558 1
297 0 5 817 1 719 1 541 1 682 1 901 1
298 0 5 818 1 814 1 636 1 715 1 717 1
299 0 5 819 1 1011 1 634 1 991 1 648 1
300 0 5 820 1 686 1 1017 1 835 1 641 1
301 0 5 821 1 847 1 627 1 718 1 862 1
302 0 5 822 1 967 1 965 1 779 1 702 1
303 0 5 823 1 766 1 558 1 816 1 834 1
304 0 5 824 1 866 1 844 1 692 1 780 1
305 0 5 825 1 754 1 989 1 731 1 984 1
306 0 5 826 1 590 1 1013 1 930 1 823 1
307 0 5 827 1 540 1 895 1 832 1 908 1
308 0 5 828 1 800 1 892 1 584 1 742 1
309 0 5 829 1 796 1 909 1 737 1 562 1
310 0 5 830 1 670 1 608 1 549 1 689 1
311 0 5 831 1 565 1 907 1 1001 1 857 1
312 0 5 832 1 827 1 908 1 922 1 895 1
313 0 5 833 1 587 1 893 1 924 1 927 1
314 0 5 834 1 586 1 590 1 989 1 858 1
315 0 5 835 1 815 1 871 1 588 1 527 1
316 0 5 836 1 906 1 609 1 606 1 749 1
317 0 5 837 1 767 1 675 1 669 1 558 1
318 0 5 838 1 898 1 974 1 690 1 843 1
319 0 5 839 1 612 1 788 1 880 1 971 1
320 0 5 840 1 980 1 949 1 638 1 1010 1
321 0 5 841 1 694 1 942 1 850 1 748 1
322 0 5 842 1 615 1 562 1 563 1 737 1
323 0 5 843 1 838 1 898 1 545 1 974 1
324 0 5 844 1 724 1 923 1 1021 1 698 1
325 0 5 845 1 950 1 785 1 953 1 578 1
326 0 5 846 1 853 1 882 1 703 1 572 1
327 0 5 847 1 821 1 593 1 1019 1 627 1
328 0 5 848 1 882 1 853 1 955 1 846 1
329 0 5 849 1 657 1 873 1 876 1 635 1
330 0 5 850 1 841 1 585 1 748 1 614 1
331 0 5 851 1 658 1 628 1 753 1 792 1
332 0 5 852 1 680 1 986 1 625 1 700 1
333 0 5 853 1 846 1 807 1 591 1 713 1
334 0 5 854 1 609 1 530 1 557 1 640 1
335 0 5 855 1 874 1 566 1 903 1 760 1
336 0 5 856 1 557 1 565 1 854 1 831 1
337 0 5 857 1 610 1 675 1 654 1 784 1
338 0 5 858 1 888 1 984 1 569 1 663 1
339 0 5 859 1 564 1 850 1 539 1 629 1
340 0 5 860 1 594 1 654 1 775 1 784 1
341 0 5 861 1 661 1 973 1 981 1 993 1
342 0 5 862 1 821 1 960 1 596 1 718 1
343 0 5 863 1 572 1 770 1 740 1 905 1
344 0 5 864 1 731 1 734 1 754 1 984 1
345 0 5 865 1 551 1 576 1 745 1 771 1
346 0 5 866 1 824 1 720 1 544 1 751 1
347 0 5 867 1 734 1 736 1 730 1 864 1
348 0 5 868 1 993 1 872 1 728 1 787 1
349 0 5 869 1 758 1 802 1 628 1 951 1
350 0 5 870 1 933 1 901 1 653 1 985 1
351 0 5 871 1 706 1 933 1 985 1 940 1
352 0 5 872 1 787 1 559 1 772 1 868 1
353 0 5 873 1 849 1 550 1 655 1 603 1
354 0 5 874 1 791 1 608 1 955 1 659 1
355 0 5 875 1 943 1 928 1 599 1 537 1
356 0 5 876 1 931 1 677 1 759 1 583 1
357 0 5 877 1 823 1 834 1 590 1 930 1
358 0 5 878 1 729 1 818 1 717 1 987 1
359 0 5 879 1 642 1 747 1 735 1 1020 1
360 0 5 880 1 788 1 612 1 932 1 938 1
361 0 5 881 1 1015 1 743 1 629 1 531 1
362 0 5 882 1 701 1 891 1 848 1 713 1
363 0 5 883 1 893 1 973 1 707 1 587 1
364 0 5 884 1 978 1 593 1 1019 1 605 1
365 0 5 885 1 580 1 891 1 563 1 562 1
366 0 5 886 1 797 1 662 1 961 1 542 1
367 0 5 887 1 607 1 782 1 709 1 687 1
368 0 5 888 1 954 1 663 1 601 1 754 1
369 0 5 889 1 981 1 960 1 593 1 1019 1
370 0 5 890 1 697 1 561 1 552 1 939 1
371 0 5 891 1 885 1 563 1 580 1 562 1
372 0 5 892 1 976 1 800 1 828 1 936 1
373 0 5 893 1 883 1 638 1 525 1 587 1
374 0 5 894 1 938 1 880 1 817 1 878 1
375 0 5 895 1 908 1 604 1 641 1 827 1
376 0 5 896 1 757 1 948 1 695 1 703 1
377 0 5 897 1 631 1 744 1 769 1 898 1
378 0 5 898 1 974 1 690 1 838 1 528 1
379 0 5 899 1 983 1 813 1 579 1 541 1
380 0 5 900 1 752 1 753 1 626 1 601 1
381 0 5 901 1 817 1 813 1 579 1 653 1
382 0 5 902 1 623 1 656 1 697 1 567 1
383 0 5 903 1 855 1 760 1 566 1 602 1
384 0 5 904 1 997 1 727 1 529 1 936 1
385 0 5 905 1 863 1 770 1 812 1 962 1
386 0 5 906 1 854 1 836 1 609 1 856 1
387 0 5 907 1 524 1 856 1 565 1 934 1
388 0 5 908 1 641 1 820 1 1017 1 686 1
389 0 5 909 1 865 1 576 1 551 1 561 1
390 0 5 910 1 918 1 567 1 695 1 799 1
391 0 5 911 1 801 1 626 1 555 1 627 1
392 0 5 912 1 711 1 551 1 773 1 790 1
393 0 5 913 1 965 1 702 1 630 1 805 1
394 0 5 914 1 795 1 968 1 596 1 626 1
395 0 5 915 1 521 1 805 1 779 1 965 1
396 0 5 916 1 962 1 920 1 905 1 566 1
397 0 5 917 1 598 1 620 1 800 1 578 1
398 0 5 918 1 799 1 945 1 567 1 553 1
399 0 5 919 1 527 1 691 1 750 1 835 1
400 0 5 920 1 743 1 916 1 566 1 962 1
401 0 5 921 1 930 1 877 1 590 1 984 1
402 0 5 922 1 832 1 691 1 827 1 919 1
403 0 5 923 1 944 1 724 1 844 1 806 1
404 0 5 924 1 927 1 833 1 893 1 525 1
405 0 5 925 1 994 1 529 1 1021 1 648 1
406 0 5 926 1 922 1 832 1 787 1 941 1
407 0 5 927 1 924 1 833 1 525 1 893 1
408 0 5 928 1 643 1 1005 1 762 1 875 1
409 0 5 929 1 751 1 963 1 868 1 1002 1
410 0 5 930 1 921 1 877 1 569 1 858 1
411 0 5 931 1 876 1 999 1 677 1 759 1
412 0 5 932 1 652 1 938 1 894 1 880 1
413 0 5 933 1 525 1 924 1 870 1 871 1
414 0 5 934 1 556 1 792 1 524 1 610 1
415 0 5 935 1 842 1 664 1 756 1 562 1
416 0 5 936 1 1021 1 1010 1 529 1 804 1
417 0 5 937 1 928 1 943 1 739 1 1005 1
418 0 5 938 1 612 1 839 1 583 1 880 1
419 0 5 939 1 552 1 1012 1 890 1 571 1
420 0 5 940 1 985 1 706 1 871 1 870 1
421 0 5 941 1 618 1 926 1 548 1 728 1
422 0 5 942 1 999 1 694 1 582 1 672 1
423 0 5 943 1 875 1 937 1 582 1 809 1
424 0 5 944 1 973 1 923 1 806 1 883 1
425 0 5 945 1 808 1 799 1 553 1 903 1
426 0 5 946 1 756 1 709 1 935 1 782 1
427 0 5 947 1 773 1 1012 1 790 1 939 1
428 0 5 948 1 521 1 890 1 695 1 896 1
429 0 5 949 1 1010 1 840 1 597 1 980 1
430 0 5 950 1 953 1 810 1 717 1 845 1
431 0 5 951 1 644 1 869 1 754 1 825 1
432 0 5 952 1 889 1 960 1 1019 1 981 1
433 0 5 953 1 726 1 950 1 810 1 845 1
434 0 5 954 1 601 1 888 1 663 1 754 1
435 0 5 955 1 863 1 791 1 572 1 566 1
436 0 5 956 1 915 1 747 1 879 1 768 1
437 0 5 957 1 1014 1 767 1 675 1 930 1
438 0 5 958 1 737 1 998 1 562 1 935 1
439 0 5 959 1 535 1 526 1 714 1 521 1
440 0 5 960 1 952 1 1019 1 889 1 593 1
441 0 5 961 1 662 1 797 1 886 1 764 1
442 0 5 962 1 812 1 905 1 916 1 770 1
443 0 5 963 1 538 1 712 1 944 1 751 1
444 0 5 964 1 747 1 793 1 676 1 683 1
445 0 5 965 1 521 1 705 1 630 1 805 1
446 0 5 966 1 539 1 760 1 566 1 589 1
447 0 5 967 1 822 1 965 1 779 1 642 1
448 0 5 968 1 862 1 570 1 992 1 596 1
449 0 5 969 1 1007 1 902 1 567 1 571 1
450 0 5 970 1 651 1 538 1 621 1 856 1
451 0 5 971 1 721 1 599 1 681 1 875 1
452 0 5 972 1 1016 1 1002 1 929 1 559 1
453 0 5 973 1 806 1 883 1 750 1 707 1
454 0 5 974 1 898 1 690 1 838 1 528 1
455 0 5 975 1 804 1 994 1 529 1 936 1
456 0 5 976 1 665 1 554 1 715 1 1008 1
457 0 5 977 1 534 1 560 1 685 1 775 1
458 0 5 978 1 884 1 613 1 605 1 593 1
459 0 5 979 1 862 1 595 1 718 1 960 1
460 0 5 980 1 818 1 840 1 638 1 949 1
461 0 5 981 1 889 1 593 1 861 1 847 1
462 0 5 982 1 671 1 700 1 723 1 664 1
463 0 5 983 1 813 1 899 1 579 1 541 1
464 0 5 984 1 858 1 569 1 734 1 731 1
465 0 5 985 1 870 1 933 1 940 1 871 1
466 0 5 986 1 680 1 536 1 664 1 552 1
467 0 5 987 1 717 1 636 1 810 1 950 1
468 0 5 988 1 1018 1 784 1 807 1 765 1
469 0 5 989 1 825 1 586 1 754 1 834 1
470 0 5 990 1 579 1 800 1 541 1 764 1
471 0 5 991 1 995 1 1011 1 584 1 634 1
472 0 5 992 1 570 1 968 1 688 1 575 1
473 0 5 993 1 868 1 787 1 728 1 872 1
474 0 5 994 1 975 1 1021 1 529 1 925 1
475 0 5 995 1 994 1 692 1 828 1 975 1
476 0 5 996 1 914 1 693 1 795 1 649 1
477 0 5 997 1 727 1 904 1 529 1 1011 1
478 0 5 998 1 958 1 737 1 829 1 522 1
479 0 5 999 1 759 1 931 1 942 1 582 1
480 0 5 1000 1 675 1 767 1 752 1 565 1
481 0 5 1001 1 831 1 626 1 792 1 856 1
482 0 5 1002 1 972 1 622 1 761 1 963 1
483 0 5 1003 1 906 1 791 1 606 1 646 1
484 0 5 1004 1 640 1 533 1 627 1 733 1
485 0 5 1005 1 581 1 592 1 1020 1 683 1
486 0 5 1006 1 962 1 725 1 811 1 743 1
487 0 5 1007 1 902 1 656 1 623 1 567 1
488 0 5 1008 1 574 1 653 1 665 1 840 1
489 0 5 1009 1 531 1 785 1 845 1 783 1
490 0 5 1010 1 949 1 936 1 639 1 597 1
491 0 5 1011 1 819 1 634 1 648 1 997 1
492 0 5 1012 1 771 1 790 1 561 1 714 1
493 0 5 1013 1 826 1 823 1 590 1 558 1
494 0 5 1014 1 957 1 930 1 921 1 767 1
495 0 5 1015 1 735 1 1020 1 616 1 667 1
496 0 5 1016 1 559 1 972 1 872 1 868 1
497 0 5 1017 1 647 1 835 1 588 1 820 1
498 0 5 1018 1 988 1 836 1 784 1 807 1
499 0 5 1019 1 847 1 593 1 981 1 889 1
500 0 5 1020 1 683 1 614 1 581 1 616 1
501 0 5 1021 1 844 1 936 1 804 1 994 1
502 0 5 1022 0 521 1 1022 1 1023 1 1024 1
503 0 5 1023 0 521 1 1022 1 1023 1 1024 1
504 0 5 1024 0 521 1 1022 1 1023 1 1024 1
505 0 5 1025 0 521 1 1022 1 1023 1 1024 1
506 0 5 1026 0 521 1 1022 1 1023 1 1024 1
507 0 5 1027 0 521 1 1022 1 1023 1 1024 1
508 0 5 1028 0 521 1 1022 1 1023 1 1024 1
509 0 5 1029 0 521 1 1022 1 1023 1 1024 1
510 0 5 1030 0 521 1 1022 1 1023 1 1024 1
511 0 5 1031 0 521 1 1022 1 1023 1 1024 1
512 0 5 1032 0 521 1 1022 1 1023 1 1024 1
513 0 5 1033 0 521 1 1022 1 1023 1 1024 1
514 0 5 1034 0 521 1 1022 1 1023 1 1024 1
515 0 5 1035 0 521 1 1022 1 1023 1 1024 1
516 0 5 1036 0 521 1 1022 1 1023 1 1024 1
517 0 5 1037 0 521 1 1022 1 1023 1 1024 1
518 0 5 1038 0 521 1 1022 1 1023 1 1024 1
519 0 5 1039 0 521 1 1022 1 1023 1 1024 1
520 0 5 1040 0 521 1 1022 1 1023 1 1024 1
521 0 5 1 0 520 1 519 1 518 1 517 1
522 0 5 2 1 41 1 151 1 32 1 478 1
523 0 5 3 1 216 1 12 1 188 1 49 1
524 0 5 4 1 387 1 272 1 414 1 134 1
525 0 5 5 1 413 1 140 1 407 1 54 1
526 0 5 6 1 1 1 439 1 15 1 97 1
527 0 5 7 1 399 1 171 1 20 1 315 1
528 0 5 8 1 234 1 25 1 434 1 368 1
529 0 5 9 1 405 1 416 1 119 1 455 1
530 0 5 10 1 120 1 23 1 334 1 484 1
531 0 5 11 1 159 1 489 1 361 1 265 1
532 0 5 12 1 3 1 188 1 216 1 210 1
533 0 5 13 1 213 1 484 1 281 1 37 1
534 0 5 14 1 457 1 139 1 57 1 86 1
535 0 5 15 1 439 1 1 1 6 1 253 1
536 0 5 16 1 105 1 466 1 160 1 117 1
537 0 5 17 1 289 1 201 1 355 1 79 1
538 0 5 18 1 443 1 450 1 101 1 192 1
539 0 5 19 1 446 1 80 1 240 1 82 1
540 0 5 20 1 307 1 315 1 171 1 399 1
541 0 5 21 1 59 1 294 1 470 1 379 1
542 0 5 22 1 48 1 277 1 366 1 84 1
543 0 5 23 1 10 1 120 1 128 1 334 1
544 0 5 24 1 266 1 200 1 346 1 231 1
545 0 5 25 1 8 1 323 1 234 1 434 1
546 0 5 26 1 489 1 153 1 325 1 44 1
547 0 5 27 1 50 1 55 1 257 1 168 1
548 0 5 28 1 208 1 421 1 231 1 200 1
549 0 5 29 1 310 1 240 1 435 1 335 1
550 0 5 30 1 353 1 100 1 58 1 83 1
551 0 5 31 1 392 1 345 1 389 1 251 1
552 0 5 32 1 2 1 41 1 419 1 370 1
553 0 5 33 1 279 1 425 1 398 1 274 1
554 0 5 34 1 195 1 284 1 456 1 416 1
555 0 5 35 1 101 1 391 1 76 1 18 1
556 0 5 36 1 235 1 414 1 90 1 104 1
557 0 5 37 1 336 1 213 1 13 1 334 1
558 0 5 38 1 149 1 303 1 296 1 357 1
559 0 5 39 1 496 1 459 1 75 1 352 1
560 0 5 40 1 169 1 457 1 88 1 150 1
561 0 5 41 1 251 1 370 1 32 1 492 1
562 0 5 42 1 144 1 217 1 32 1 2 1
563 0 5 43 1 42 1 371 1 415 1 426 1
564 0 5 44 1 339 1 361 1 153 1 83 1
565 0 5 45 1 311 1 387 1 336 1 74 1
566 0 5 46 1 240 1 335 1 400 1 446 1
567 0 5 47 1 182 1 279 1 398 1 382 1
568 0 5 48 1 22 1 84 1 166 1 187 1
569 0 5 49 1 338 1 464 1 216 1 410 1
570 0 5 50 1 472 1 448 1 168 1 257 1
571 0 5 51 1 419 1 449 1 60 1 183 1
572 0 5 52 1 343 1 99 1 136 1 435 1
573 0 5 53 1 173 1 129 1 172 1 260 1
574 0 5 54 1 488 1 140 1 77 1 127 1
575 0 5 55 1 27 1 168 1 50 1 257 1
576 0 5 56 1 225 1 345 1 251 1 270 1
577 0 5 57 1 139 1 136 1 169 1 113 1
578 0 5 58 1 100 1 325 1 265 1 489 1
579 0 5 59 1 470 1 21 1 381 1 463 1
580 0 5 60 1 365 1 276 1 370 1 41 1
581 0 5 61 1 147 1 485 1 500 1 215 1
582 0 5 62 1 423 1 79 1 137 1 152 1
583 0 5 63 1 164 1 201 1 418 1 157 1
584 0 5 64 1 222 1 308 1 254 1 471 1
585 0 5 65 1 330 1 228 1 321 1 94 1
586 0 5 66 1 314 1 70 1 469 1 357 1
587 0 5 67 1 187 1 313 1 127 1 178 1
588 0 5 68 1 295 1 140 1 315 1 127 1
589 0 5 69 1 109 1 19 1 240 1 446 1
590 0 5 70 1 306 1 357 1 303 1 314 1
591 0 5 71 1 196 1 87 1 235 1 287 1
592 0 5 72 1 163 1 485 1 248 1 61 1
593 0 5 73 1 499 1 327 1 364 1 301 1
594 0 5 74 1 340 1 275 1 45 1 184 1
595 0 5 75 1 459 1 27 1 448 1 192 1
596 0 5 76 1 198 1 342 1 394 1 301 1
597 0 5 77 1 178 1 140 1 429 1 54 1
598 0 5 78 1 397 1 100 1 58 1 30 1
599 0 5 79 1 137 1 201 1 355 1 164 1
600 0 5 80 1 288 1 274 1 425 1 33 1
601 0 5 81 1 434 1 143 1 158 1 368 1
602 0 5 82 1 258 1 446 1 80 1 383 1
603 0 5 83 1 30 1 206 1 265 1 159 1
604 0 5 84 1 22 1 375 1 48 1 497 1
605 0 5 85 1 249 1 458 1 364 1 380 1
606 0 5 86 1 113 1 316 1 483 1 139 1
607 0 5 87 1 367 1 196 1 245 1 167 1
608 0 5 88 1 271 1 354 1 169 1 150 1
609 0 5 89 1 334 1 316 1 386 1 498 1
610 0 5 90 1 337 1 134 1 414 1 468 1
611 0 5 91 1 256 1 252 1 7 1 230 1
612 0 5 92 1 418 1 319 1 360 1 374 1
613 0 5 93 1 233 1 458 1 221 1 85 1
614 0 5 94 1 500 1 228 1 112 1 96 1
615 0 5 95 1 322 1 243 1 238 1 176 1
616 0 5 96 1 215 1 495 1 500 1 283 1
617 0 5 97 1 1 1 212 1 6 1 185 1
618 0 5 98 1 421 1 28 1 406 1 166 1
619 0 5 99 1 52 1 103 1 136 1 343 1
620 0 5 100 1 58 1 78 1 30 1 83 1
621 0 5 101 1 18 1 443 1 450 1 192 1
622 0 5 102 1 482 1 231 1 452 1 348 1
623 0 5 103 1 382 1 136 1 487 1 113 1
624 0 5 104 1 138 1 36 1 108 1 331 1
625 0 5 105 1 180 1 332 1 160 1 16 1
626 0 5 106 1 380 1 391 1 481 1 281 1
627 0 5 107 1 301 1 35 1 391 1 458 1
628 0 5 108 1 104 1 138 1 331 1 36 1
629 0 5 109 1 19 1 69 1 361 1 44 1
630 0 5 110 1 185 1 285 1 445 1 212 1
631 0 5 111 1 377 1 224 1 249 1 85 1
632 0 5 112 1 94 1 152 1 174 1 422 1
633 0 5 113 1 148 1 136 1 139 1 86 1
634 0 5 114 1 491 1 299 1 471 1 475 1
635 0 5 115 1 135 1 83 1 353 1 137 1
636 0 5 116 1 294 1 222 1 467 1 195 1
637 0 5 117 1 226 1 16 1 144 1 262 1
638 0 5 118 1 5 1 373 1 460 1 429 1
639 0 5 119 1 286 1 490 1 416 1 128 1
640 0 5 120 1 484 1 10 1 334 1 23 1
641 0 5 121 1 388 1 375 1 307 1 84 1
642 0 5 122 1 359 1 292 1 227 1 283 1
643 0 5 123 1 408 1 219 1 242 1 209 1
644 0 5 124 1 431 1 234 1 305 1 70 1
645 0 5 125 1 182 1 47 1 279 1 220 1
646 0 5 126 1 291 1 483 1 271 1 205 1
647 0 5 127 1 497 1 22 1 48 1 84 1
648 0 5 128 1 119 1 131 1 405 1 23 1
649 0 5 129 1 173 1 275 1 184 1 74 1
650 0 5 130 1 210 1 3 1 216 1 12 1
651 0 5 131 1 450 1 260 1 173 1 241 1
652 0 5 132 1 412 1 470 1 360 1 30 1
653 0 5 133 1 244 1 350 1 488 1 379 1
654 0 5 134 1 90 1 340 1 264 1 337 1
655 0 5 135 1 83 1 353 1 115 1 137 1
656 0 5 136 1 103 1 382 1 487 1 99 1
657 0 5 137 1 329 1 62 1 115 1 135 1
658 0 5 138 1 331 1 36 1 104 1 108 1
659 0 5 139 1 57 1 113 1 86 1 148 1
660 0 5 140 1 54 1 77 1 127 1 407 1
661 0 5 141 1 461 1 341 1 252 1 453 1
662 0 5 142 1 441 1 366 1 277 1 420 1
663 0 5 143 1 81 1 368 1 434 1 49 1
664 0 5 144 1 415 1 151 1 42 1 466 1
665 0 5 145 1 456 1 133 1 488 1 244 1
666 0 5 146 1 40 1 184 1 299 1 173 1
667 0 5 147 1 242 1 495 1 61 1 417 1
668 0 5 148 1 202 1 113 1 86 1 139 1
669 0 5 149 1 317 1 196 1 155 1 38 1
670 0 5 150 1 29 1 310 1 169 1 139 1
671 0 5 151 1 203 1 462 1 144 1 2 1
672 0 5 152 1 112 1 174 1 422 1 62 1
673 0 5 153 1 44 1 109 1 159 1 265 1
674 0 5 154 1 218 1 225 1 1 1 194 1
675 0 5 155 1 357 1 247 1 337 1 494 1
676 0 5 156 1 273 1 444 1 96 1 283 1
677 0 5 157 1 239 1 356 1 411 1 63 1
678 0 5 158 1 261 1 257 1 210 1 12 1
679 0 5 159 1 153 1 265 1 11 1 206 1
680 0 5 160 1 332 1 466 1 105 1 16 1
681 0 5 161 1 162 1 319 1 360 1 123 1
682 0 5 162 1 268 1 199 1 297 1 360 1
683 0 5 163 1 500 1 72 1 61 1 273 1
684 0 5 164 1 157 1 289 1 201 1 79 1
685 0 5 165 1 86 1 14 1 457 1 113 1
686 0 5 166 1 300 1 121 1 187 1 388 1
687 0 5 167 1 189 1 160 1 16 1 367 1
688 0 5 168 1 55 1 257 1 50 1 27 1
689 0 5 169 1 150 1 310 1 457 1 29 1
690 0 5 170 1 318 1 378 1 454 1 8 1
691 0 5 171 1 7 1 399 1 20 1 402 1
692 0 5 172 1 260 1 475 1 53 1 114 1
693 0 5 173 1 129 1 184 1 275 1 53 1
694 0 5 174 1 321 1 94 1 422 1 228 1
695 0 5 175 1 220 1 376 1 182 1 1 1
696 0 5 176 1 282 1 238 1 262 1 296 1
697 0 5 177 1 370 1 99 1 382 1 32 1
698 0 5 178 1 127 1 67 1 187 1 324 1
699 0 5 179 1 1 1 15 1 427 1 439 1
700 0 5 180 1 462 1 332 1 105 1 203 1
701 0 5 181 1 362 1 237 1 183 1 326 1
702 0 5 182 1 220 1 279 1 47 1 175 1
703 0 5 183 1 181 1 237 1 99 1 52 1
704 0 5 184 1 146 1 40 1 299 1 74 1
705 0 5 185 1 97 1 445 1 6 1 110 1
706 0 5 186 1 351 1 315 1 420 1 295 1
707 0 5 187 1 166 1 67 1 178 1 208 1
708 0 5 188 1 49 1 3 1 216 1 12 1
709 0 5 189 1 167 1 426 1 262 1 367 1
710 0 5 190 1 254 1 263 1 11 1 278 1
711 0 5 191 1 392 1 253 1 15 1 427 1
712 0 5 192 1 76 1 443 1 198 1 101 1
713 0 5 193 1 71 1 287 1 229 1 333 1
714 0 5 194 1 15 1 270 1 218 1 31 1
715 0 5 195 1 34 1 64 1 222 1 456 1
716 0 5 196 1 87 1 245 1 296 1 367 1
717 0 5 197 1 467 1 294 1 430 1 116 1
718 0 5 198 1 76 1 301 1 342 1 459 1
719 0 5 199 1 297 1 268 1 381 1 374 1
720 0 5 200 1 24 1 346 1 208 1 266 1
721 0 5 201 1 451 1 164 1 157 1 289 1
722 0 5 202 1 160 1 87 1 148 1 103 1
723 0 5 203 1 180 1 462 1 332 1 105 1
724 0 5 204 1 324 1 403 1 346 1 501 1
725 0 5 205 1 126 1 291 1 385 1 442 1
726 0 5 206 1 433 1 265 1 83 1 159 1
727 0 5 207 1 477 1 384 1 263 1 254 1
728 0 5 208 1 200 1 346 1 28 1 473 1
729 0 5 209 1 242 1 123 1 219 1 290 1
730 0 5 210 1 12 1 158 1 3 1 130 1
731 0 5 211 1 344 1 464 1 305 1 306 1
732 0 5 212 1 110 1 97 1 33 1 185 1
733 0 5 213 1 13 1 37 1 281 1 481 1
734 0 5 214 1 347 1 344 1 464 1 211 1
735 0 5 215 1 495 1 283 1 359 1 96 1
736 0 5 216 1 49 1 347 1 3 1 143 1
737 0 5 217 1 438 1 478 1 322 1 42 1
738 0 5 218 1 194 1 1 1 270 1 154 1
739 0 5 219 1 290 1 417 1 123 1 83 1
740 0 5 220 1 47 1 182 1 343 1 175 1
741 0 5 221 1 93 1 281 1 233 1 458 1
742 0 5 222 1 278 1 195 1 308 1 64 1
743 0 5 223 1 400 1 361 1 109 1 69 1
744 0 5 224 1 111 1 377 1 249 1 85 1
745 0 5 225 1 31 1 251 1 345 1 194 1
746 0 5 226 1 16 1 105 1 180 1 160 1
747 0 5 227 1 444 1 156 1 248 1 359 1
748 0 5 228 1 65 1 321 1 330 1 94 1
749 0 5 229 1 89 1 316 1 386 1 498 1
750 0 5 230 1 252 1 256 1 453 1 399 1
751 0 5 231 1 266 1 409 1 346 1 443 1
752 0 5 232 1 380 1 81 1 106 1 481 1
753 0 5 233 1 85 1 380 1 458 1 106 1
754 0 5 234 1 305 1 368 1 434 1 469 1
755 0 5 235 1 245 1 71 1 104 1 90 1
756 0 5 236 1 426 1 262 1 176 1 117 1
757 0 5 237 1 376 1 177 1 99 1 52 1
758 0 5 238 1 349 1 282 1 296 1 303 1
759 0 5 239 1 479 1 62 1 356 1 63 1
760 0 5 240 1 446 1 258 1 283 1 46 1
761 0 5 241 1 192 1 131 1 482 1 409 1
762 0 5 242 1 123 1 219 1 147 1 417 1
763 0 5 243 1 176 1 322 1 236 1 282 1
764 0 5 244 1 142 1 59 1 470 1 441 1
765 0 5 245 1 196 1 296 1 468 1 87 1
766 0 5 246 1 296 1 303 1 38 1 357 1
767 0 5 247 1 317 1 437 1 494 1 480 1
768 0 5 248 1 72 1 163 1 273 1 61 1
769 0 5 249 1 224 1 111 1 377 1 85 1
770 0 5 250 1 205 1 385 1 343 1 442 1
771 0 5 251 1 492 1 41 1 270 1 345 1
772 0 5 252 1 267 1 230 1 352 1 256 1
773 0 5 253 1 191 1 427 1 15 1 392 1
774 0 5 254 1 263 1 190 1 11 1 471 1
775 0 5 255 1 165 1 340 1 498 1 468 1
776 0 5 256 1 171 1 7 1 399 1 230 1
777 0 5 257 1 168 1 261 1 158 1 27 1
778 0 5 258 1 398 1 279 1 47 1 33 1
779 0 5 259 1 285 1 395 1 110 1 445 1
780 0 5 260 1 53 1 172 1 304 1 346 1
781 0 5 261 1 158 1 257 1 168 1 55 1
782 0 5 262 1 367 1 189 1 71 1 117 1
783 0 5 263 1 11 1 190 1 254 1 207 1
784 0 5 264 1 134 1 498 1 468 1 90 1
785 0 5 265 1 58 1 325 1 153 1 489 1
786 0 5 266 1 231 1 24 1 346 1 409 1
787 0 5 267 1 352 1 473 1 348 1 406 1
788 0 5 268 1 360 1 319 1 92 1 374 1
789 0 5 269 1 397 1 441 1 59 1 379 1
790 0 5 270 1 15 1 492 1 194 1 253 1
791 0 5 271 1 354 1 483 1 88 1 435 1
792 0 5 272 1 414 1 481 1 4 1 36 1
793 0 5 273 1 96 1 444 1 156 1 500 1
794 0 5 274 1 33 1 425 1 288 1 283 1
795 0 5 275 1 394 1 74 1 476 1 106 1
796 0 5 276 1 309 1 217 1 478 1 42 1
797 0 5 277 1 366 1 441 1 142 1 22 1
798 0 5 278 1 190 1 325 1 11 1 254 1
799 0 5 279 1 398 1 33 1 425 1 390 1
800 0 5 280 1 308 1 372 1 64 1 397 1
801 0 5 281 1 221 1 391 1 106 1 481 1
802 0 5 282 1 238 1 349 1 296 1 176 1
803 0 5 283 1 80 1 288 1 274 1 96 1
804 0 5 284 1 455 1 34 1 416 1 474 1
805 0 5 285 1 156 1 395 1 110 1 393 1
806 0 5 286 1 453 1 424 1 363 1 443 1
807 0 5 287 1 333 1 71 1 498 1 468 1
808 0 5 288 1 425 1 274 1 33 1 283 1
809 0 5 289 1 152 1 157 1 423 1 164 1
810 0 5 290 1 197 1 430 1 206 1 433 1
811 0 5 291 1 207 1 477 1 126 1 483 1
812 0 5 292 1 442 1 385 1 250 1 396 1
813 0 5 293 1 463 1 379 1 381 1 350 1
814 0 5 294 1 21 1 244 1 116 1 379 1
815 0 5 295 1 315 1 68 1 497 1 127 1
816 0 5 296 1 246 1 38 1 303 1 367 1
817 0 5 297 1 381 1 59 1 268 1 21 1
818 0 5 298 1 460 1 358 1 294 1 59 1
819 0 5 299 1 184 1 491 1 114 1 23 1
820 0 5 300 1 121 1 166 1 388 1 497 1
821 0 5 301 1 342 1 327 1 107 1 198 1
822 0 5 302 1 447 1 122 1 393 1 182 1
823 0 5 303 1 357 1 246 1 493 1 296 1
824 0 5 304 1 172 1 346 1 260 1 200 1
825 0 5 305 1 469 1 211 1 234 1 464 1
826 0 5 306 1 493 1 70 1 437 1 494 1
827 0 5 307 1 312 1 406 1 402 1 375 1
828 0 5 308 1 64 1 475 1 372 1 280 1
829 0 5 309 1 217 1 478 1 42 1 276 1
830 0 5 310 1 29 1 169 1 150 1 88 1
831 0 5 311 1 45 1 481 1 275 1 336 1
832 0 5 312 1 402 1 406 1 307 1 375 1
833 0 5 313 1 404 1 407 1 67 1 68 1
834 0 5 314 1 357 1 303 1 70 1 66 1
835 0 5 315 1 295 1 497 1 68 1 7 1
836 0 5 316 1 498 1 386 1 86 1 89 1
837 0 5 317 1 149 1 155 1 468 1 247 1
838 0 5 318 1 323 1 454 1 8 1 378 1
839 0 5 319 1 418 1 92 1 63 1 360 1
840 0 5 320 1 429 1 5 1 460 1 488 1
841 0 5 321 1 330 1 228 1 65 1 94 1
842 0 5 322 1 415 1 243 1 176 1 262 1
843 0 5 323 1 25 1 318 1 8 1 234 1
844 0 5 324 1 501 1 178 1 204 1 304 1
845 0 5 325 1 278 1 489 1 265 1 433 1
846 0 5 326 1 333 1 287 1 99 1 52 1
847 0 5 327 1 499 1 301 1 107 1 73 1
848 0 5 328 1 326 1 362 1 271 1 333 1
849 0 5 329 1 353 1 137 1 360 1 239 1
850 0 5 330 1 228 1 321 1 65 1 339 1
851 0 5 331 1 233 1 232 1 36 1 138 1
852 0 5 332 1 160 1 105 1 32 1 180 1
853 0 5 333 1 287 1 326 1 202 1 71 1
854 0 5 334 1 37 1 386 1 336 1 120 1
855 0 5 335 1 383 1 125 1 258 1 354 1
856 0 5 336 1 37 1 387 1 74 1 45 1
857 0 5 337 1 155 1 90 1 311 1 134 1
858 0 5 338 1 464 1 49 1 66 1 410 1
859 0 5 339 1 19 1 330 1 109 1 44 1
860 0 5 340 1 255 1 74 1 134 1 165 1
861 0 5 341 1 141 1 461 1 453 1 496 1
862 0 5 342 1 459 1 448 1 76 1 301 1
863 0 5 343 1 435 1 385 1 220 1 182 1
864 0 5 344 1 214 1 211 1 464 1 469 1
865 0 5 345 1 31 1 389 1 251 1 270 1
866 0 5 346 1 304 1 172 1 260 1 200 1
867 0 5 347 1 130 1 216 1 210 1 49 1
868 0 5 348 1 473 1 409 1 231 1 208 1
869 0 5 349 1 124 1 431 1 235 1 303 1
870 0 5 350 1 465 1 420 1 351 1 413 1
871 0 5 351 1 140 1 295 1 186 1 420 1
872 0 5 352 1 39 1 267 1 348 1 496 1
873 0 5 353 1 30 1 329 1 83 1 137 1
874 0 5 354 1 335 1 271 1 88 1 396 1
875 0 5 355 1 79 1 423 1 62 1 201 1
876 0 5 356 1 411 1 239 1 329 1 63 1
877 0 5 357 1 401 1 410 1 70 1 303 1
878 0 5 358 1 197 1 374 1 467 1 116 1
879 0 5 359 1 61 1 147 1 227 1 215 1
880 0 5 360 1 92 1 319 1 374 1 115 1
881 0 5 361 1 223 1 109 1 400 1 69 1
882 0 5 362 1 193 1 326 1 328 1 183 1
883 0 5 363 1 373 1 453 1 187 1 67 1
884 0 5 364 1 73 1 458 1 85 1 327 1
885 0 5 365 1 371 1 42 1 276 1 41 1
886 0 5 366 1 277 1 22 1 441 1 142 1
887 0 5 367 1 167 1 262 1 189 1 87 1
888 0 5 368 1 434 1 338 1 143 1 49 1
889 0 5 369 1 432 1 461 1 73 1 440 1
890 0 5 370 1 154 1 41 1 419 1 32 1
891 0 5 371 1 362 1 42 1 181 1 183 1
892 0 5 372 1 280 1 308 1 304 1 501 1
893 0 5 373 1 363 1 67 1 313 1 407 1
894 0 5 374 1 132 1 294 1 412 1 197 1
895 0 5 375 1 84 1 307 1 48 1 22 1
896 0 5 376 1 237 1 177 1 220 1 182 1
897 0 5 377 1 261 1 81 1 158 1 380 1
898 0 5 378 1 318 1 454 1 323 1 111 1
899 0 5 379 1 133 1 244 1 463 1 350 1
900 0 5 380 1 106 1 232 1 81 1 85 1
901 0 5 381 1 293 1 350 1 59 1 379 1
902 0 5 382 1 487 1 449 1 99 1 47 1
903 0 5 383 1 279 1 258 1 425 1 125 1
904 0 5 384 1 9 1 477 1 416 1 405 1
905 0 5 385 1 442 1 250 1 396 1 343 1
906 0 5 386 1 316 1 483 1 89 1 134 1
907 0 5 387 1 45 1 311 1 4 1 481 1
908 0 5 388 1 375 1 121 1 307 1 312 1
909 0 5 389 1 276 1 251 1 478 1 309 1
910 0 5 390 1 1 1 398 1 370 1 47 1
911 0 5 391 1 35 1 281 1 106 1 458 1
912 0 5 392 1 191 1 15 1 427 1 253 1
913 0 5 393 1 212 1 182 1 220 1 33 1
914 0 5 394 1 476 1 448 1 275 1 472 1
915 0 5 395 1 436 1 110 1 259 1 285 1
916 0 5 396 1 46 1 442 1 400 1 385 1
917 0 5 397 1 78 1 100 1 379 1 58 1
918 0 5 398 1 1 1 390 1 33 1 279 1
919 0 5 399 1 230 1 171 1 252 1 166 1
920 0 5 400 1 69 1 396 1 46 1 361 1
921 0 5 401 1 410 1 70 1 494 1 437 1
922 0 5 402 1 406 1 20 1 312 1 171 1
923 0 5 403 1 204 1 424 1 324 1 346 1
924 0 5 404 1 407 1 68 1 313 1 5 1
925 0 5 405 1 128 1 119 1 474 1 114 1
926 0 5 406 1 98 1 421 1 208 1 28 1
927 0 5 407 1 404 1 5 1 313 1 140 1
928 0 5 408 1 417 1 355 1 79 1 123 1
929 0 5 409 1 102 1 231 1 131 1 452 1
930 0 5 410 1 401 1 70 1 494 1 338 1
931 0 5 411 1 356 1 479 1 239 1 329 1
932 0 5 412 1 115 1 132 1 360 1 83 1
933 0 5 413 1 350 1 351 1 465 1 420 1
934 0 5 414 1 4 1 36 1 90 1 387 1
935 0 5 415 1 236 1 426 1 117 1 42 1
936 0 5 416 1 501 1 284 1 490 1 34 1
937 0 5 417 1 219 1 423 1 355 1 495 1
938 0 5 418 1 374 1 92 1 360 1 412 1
939 0 5 419 1 427 1 370 1 179 1 32 1
940 0 5 420 1 186 1 351 1 277 1 465 1
941 0 5 421 1 28 1 98 1 406 1 352 1
942 0 5 422 1 174 1 479 1 321 1 62 1
943 0 5 423 1 355 1 62 1 417 1 79 1
944 0 5 424 1 403 1 231 1 24 1 324 1
945 0 5 425 1 398 1 33 1 449 1 445 1
946 0 5 426 1 117 1 262 1 236 1 189 1
947 0 5 427 1 179 1 1 1 15 1 253 1
948 0 5 428 1 376 1 175 1 237 1 370 1
949 0 5 429 1 490 1 77 1 118 1 34 1
950 0 5 430 1 197 1 325 1 433 1 290 1
951 0 5 431 1 234 1 124 1 305 1 314 1
952 0 5 432 1 440 1 39 1 459 1 342 1
953 0 5 433 1 430 1 206 1 325 1 58 1
954 0 5 434 1 368 1 143 1 81 1 338 1
955 0 5 435 1 136 1 46 1 354 1 52 1
956 0 5 436 1 227 1 248 1 359 1 156 1
957 0 5 437 1 38 1 494 1 247 1 155 1
958 0 5 438 1 478 1 415 1 144 1 151 1
959 0 5 439 1 6 1 1 1 225 1 97 1
960 0 5 440 1 432 1 342 1 459 1 198 1
961 0 5 441 1 277 1 142 1 366 1 420 1
962 0 5 442 1 396 1 46 1 205 1 385 1
963 0 5 443 1 131 1 409 1 241 1 192 1
964 0 5 444 1 248 1 96 1 156 1 227 1
965 0 5 445 1 393 1 212 1 185 1 110 1
966 0 5 446 1 283 1 82 1 80 1 240 1
967 0 5 447 1 122 1 302 1 393 1 182 1
968 0 5 448 1 472 1 394 1 342 1 27 1
969 0 5 449 1 398 1 183 1 487 1 175 1
970 0 5 450 1 129 1 173 1 275 1 74 1
971 0 5 451 1 63 1 289 1 164 1 201 1
972 0 5 452 1 482 1 496 1 241 1 102 1
973 0 5 453 1 424 1 363 1 286 1 230 1
974 0 5 454 1 378 1 318 1 323 1 8 1
975 0 5 455 1 474 1 284 1 475 1 34 1
976 0 5 456 1 372 1 133 1 244 1 280 1
977 0 5 457 1 14 1 139 1 57 1 468 1
978 0 5 458 1 364 1 85 1 391 1 73 1
979 0 5 459 1 75 1 27 1 448 1 342 1
980 0 5 460 1 320 1 118 1 429 1 490 1
981 0 5 461 1 369 1 499 1 432 1 440 1
982 0 5 462 1 203 1 180 1 32 1 151 1
983 0 5 463 1 379 1 293 1 59 1 294 1
984 0 5 464 1 211 1 338 1 214 1 49 1
985 0 5 465 1 420 1 351 1 350 1 140 1
986 0 5 466 1 332 1 144 1 32 1 151 1
987 0 5 467 1 116 1 197 1 433 1 430 1
988 0 5 468 1 498 1 264 1 148 1 134 1
989 0 5 469 1 66 1 305 1 211 1 314 1
990 0 5 470 1 269 1 132 1 280 1 397 1
991 0 5 471 1 254 1 299 1 475 1 64 1
992 0 5 472 1 448 1 50 1 27 1 106 1
993 0 5 473 1 348 1 208 1 28 1 231 1
994 0 5 474 1 405 1 475 1 455 1 284 1
995 0 5 475 1 114 1 471 1 491 1 172 1
996 0 5 476 1 173 1 129 1 275 1 35 1
997 0 5 477 1 384 1 9 1 491 1 455 1
998 0 5 478 1 438 1 42 1 151 1 2 1
999 0 5 479 1 422 1 411 1 239 1 62 1
1000 0 5 480 1 247 1 45 1 155 1 311 1
1001 0 5 481 1 106 1 221 1 311 1 281 1
1002 0 5 482 1 241 1 452 1 192 1 102 1
1003 0 5 483 1 88 1 271 1 86 1 316 1
1004 0 5 484 1 107 1 13 1 101 1 120 1
1005 0 5 485 1 17 1 61 1 417 1 423 1
1006 0 5 486 1 242 1 291 1 205 1 361 1
1007 0 5 487 1 449 1 47 1 382 1 52 1
1008 0 5 488 1 145 1 456 1 133 1 294 1
1009 0 5 489 1 26 1 159 1 11 1 265 1
1010 0 5 490 1 429 1 416 1 77 1 119 1
1011 0 5 491 1 299 1 471 1 40 1 386 1
1012 0 5 492 1 270 1 253 1 218 1 194 1
1013 0 5 493 1 437 1 306 1 38 1 494 1
1014 0 5 494 1 437 1 247 1 155 1 38 1
1015 0 5 495 1 361 1 223 1 109 1 215 1
1016 0 5 496 1 452 1 39 1 352 1 482 1
1017 0 5 497 1 121 1 300 1 166 1 127 1
1018 0 5 498 1 264 1 468 1 316 1 148 1
1019 0 5 499 1 327 1 440 1 73 1 432 1
1020 0 5 500 1 96 1 61 1 495 1 215 1
1021 0 5 501 1 416 1 284 1 405 1 474 1
1022 0 5 502 0 520 1 519 1 518 1 517 1
1023 0 5 503 0 520 1 519 1 518 1 517 1
1024 0 5 504 0 520 1 519 1 518 1 517 1
1025 0 5 505 0 520 1 519 1 518 1 517 1
1026 0 5 506 0 520 1 519 1 518 1 517 1
1027 0 5 507 0 520 1 519 1 518 1 517 1
1028 0 5 508 0 520 1 519 1 518 1 517 1
1029 0 5 509 0 520 1 519 1 518 1 517 1
1030 0 5 510 0 520 1 519 1 518 1 517 1
1031 0 5 511 0 520 1 519 1 518 1 517 1
1032 0 5 512 0 520 1 519 1 518 1 517 1
1033 0 5 513 0 520 1 519 1 518 1 517 1
1034 0 5 514 0 520 1 519 1 518 1 517 1
1035 0 5 515 0 520 1 519 1 518 1 517 1
1036 0 5 516 0 520 1 519 1 518 1 517 1
1037 0 5 517 0 520 1 519 1 518 1 517 1
1038 0 5 518 0 520 1 519 1 518 1 517 1
1039 0 5 519 0 520 1 519 1 518 1 517 1
1040 0 5 520 0 520 1 519 1 518 1 517 1
-1
EOF
