872
1 0 5 437 0 872 1 871 1 870 1 869 1
2 0 5 438 1 679 1 769 1 829 1 777 1
3 0 5 439 1 666 1 820 1 516 1 496 1
4 0 5 440 1 692 1 824 1 811 1 549 1
5 0 5 441 1 621 1 554 1 648 1 585 1
6 0 5 442 1 439 1 797 1 516 1 558 1
7 0 5 443 1 780 1 467 1 745 1 807 1
8 0 5 444 1 756 1 525 1 682 1 786 1
9 0 5 445 1 837 1 470 1 680 1 570 1
10 0 5 446 1 497 1 491 1 494 1 821 1
11 0 5 447 1 754 1 605 1 724 1 461 1
12 0 5 448 1 477 1 479 1 541 1 494 1
13 0 5 449 1 520 1 637 1 639 1 685 1
14 0 5 450 1 445 1 823 1 680 1 579 1
15 0 5 451 1 685 1 639 1 642 1 788 1
16 0 5 452 1 763 1 694 1 634 1 590 1
17 0 5 453 1 817 1 746 1 677 1 493 1
18 0 5 454 1 792 1 693 1 538 1 495 1
19 0 5 455 1 769 1 517 1 594 1 639 1
20 0 5 456 1 518 1 708 1 686 1 714 1
21 0 5 457 1 581 1 722 1 585 1 672 1
22 0 5 458 1 502 1 473 1 759 1 504 1
23 0 5 459 1 569 1 738 1 536 1 633 1
24 0 5 460 1 633 1 536 1 459 1 576 1
25 0 5 461 1 641 1 587 1 543 1 754 1
26 0 5 462 1 694 1 791 1 486 1 475 1
27 0 5 463 1 775 1 493 1 677 1 599 1
28 0 5 464 1 805 1 654 1 506 1 597 1
29 0 5 465 1 664 1 646 1 760 1 574 1
30 0 5 466 1 757 1 827 1 581 1 457 1
31 0 5 467 1 530 1 737 1 586 1 560 1
32 0 5 468 1 611 1 836 1 764 1 604 1
33 0 5 469 1 738 1 714 1 798 1 576 1
34 0 5 470 1 570 1 532 1 484 1 482 1
35 0 5 471 1 733 1 744 1 764 1 519 1
36 0 5 472 1 726 1 612 1 558 1 516 1
37 0 5 473 1 815 1 514 1 504 1 816 1
38 0 5 474 1 730 1 746 1 564 1 608 1
39 0 5 475 1 533 1 590 1 656 1 486 1
40 0 5 476 1 582 1 603 1 719 1 832 1
41 0 5 477 1 497 1 479 1 491 1 494 1
42 0 5 478 1 539 1 565 1 440 1 503 1
43 0 5 479 1 771 1 477 1 664 1 646 1
44 0 5 480 1 681 1 625 1 606 1 601 1
45 0 5 481 1 832 1 472 1 487 1 485 1
46 0 5 482 1 710 1 799 1 652 1 484 1
47 0 5 483 1 684 1 508 1 649 1 672 1
48 0 5 484 1 652 1 710 1 482 1 799 1
49 0 5 485 1 797 1 832 1 476 1 587 1
50 0 5 486 1 791 1 628 1 694 1 763 1
51 0 5 487 1 832 1 481 1 587 1 485 1
52 0 5 488 1 545 1 735 1 663 1 748 1
53 0 5 489 1 648 1 797 1 705 1 554 1
54 0 5 490 1 577 1 807 1 743 1 822 1
55 0 5 491 1 497 1 615 1 446 1 477 1
56 0 5 492 1 758 1 708 1 649 1 714 1
57 0 5 493 1 677 1 578 1 775 1 627 1
58 0 5 494 1 646 1 446 1 591 1 497 1
59 0 5 495 1 795 1 522 1 530 1 788 1
60 0 5 496 1 820 1 439 1 516 1 505 1
61 0 5 497 1 491 1 821 1 446 1 615 1
62 0 5 498 1 672 1 508 1 723 1 722 1
63 0 5 499 1 689 1 642 1 701 1 577 1
64 0 5 500 1 593 1 619 1 607 1 670 1
65 0 5 501 1 475 1 590 1 801 1 656 1
66 0 5 502 1 534 1 473 1 816 1 458 1
67 0 5 503 1 704 1 668 1 836 1 440 1
68 0 5 504 1 571 1 638 1 514 1 800 1
69 0 5 505 1 782 1 666 1 563 1 496 1
70 0 5 506 1 556 1 573 1 597 1 570 1
71 0 5 507 1 505 1 759 1 782 1 632 1
72 0 5 508 1 672 1 483 1 684 1 596 1
73 0 5 509 1 814 1 608 1 564 1 798 1
74 0 5 510 1 622 1 695 1 513 1 837 1
75 0 5 511 1 803 1 566 1 470 1 578 1
76 0 5 512 1 787 1 814 1 659 1 608 1
77 0 5 513 1 437 1 813 1 695 1 544 1
78 0 5 514 1 638 1 504 1 571 1 816 1
79 0 5 515 1 657 1 562 1 631 1 618 1
80 0 5 516 1 712 1 442 1 439 1 496 1
81 0 5 517 1 438 1 455 1 829 1 769 1
82 0 5 518 1 669 1 456 1 686 1 550 1
83 0 5 519 1 744 1 764 1 626 1 806 1
84 0 5 520 1 637 1 449 1 639 1 635 1
85 0 5 521 1 555 1 607 1 545 1 718 1
86 0 5 522 1 772 1 531 1 756 1 561 1
87 0 5 523 1 527 1 614 1 739 1 681 1
88 0 5 524 1 667 1 571 1 815 1 588 1
89 0 5 525 1 643 1 818 1 444 1 795 1
90 0 5 526 1 650 1 631 1 636 1 619 1
91 0 5 527 1 600 1 681 1 739 1 614 1
92 0 5 528 1 735 1 790 1 605 1 724 1
93 0 5 529 1 599 1 651 1 775 1 470 1
94 0 5 530 1 560 1 737 1 788 1 795 1
95 0 5 531 1 555 1 682 1 561 1 772 1
96 0 5 532 1 652 1 583 1 570 1 805 1
97 0 5 533 1 656 1 590 1 475 1 501 1
98 0 5 534 1 584 1 502 1 816 1 815 1
99 0 5 535 1 781 1 567 1 687 1 831 1
100 0 5 536 1 789 1 683 1 460 1 633 1
101 0 5 537 1 736 1 611 1 742 1 468 1
102 0 5 538 1 693 1 454 1 768 1 737 1
103 0 5 539 1 478 1 565 1 440 1 692 1
104 0 5 540 1 547 1 822 1 699 1 620 1
105 0 5 541 1 448 1 831 1 663 1 813 1
106 0 5 542 1 548 1 829 1 818 1 552 1
107 0 5 543 1 784 1 724 1 834 1 562 1
108 0 5 544 1 774 1 695 1 623 1 513 1
109 0 5 545 1 488 1 748 1 605 1 663 1
110 0 5 546 1 579 1 828 1 601 1 510 1
111 0 5 547 1 776 1 620 1 540 1 830 1
112 0 5 548 1 542 1 829 1 818 1 438 1
113 0 5 549 1 811 1 736 1 692 1 668 1
114 0 5 550 1 669 1 708 1 686 1 684 1
115 0 5 551 1 674 1 789 1 675 1 536 1
116 0 5 552 1 455 1 829 1 818 1 679 1
117 0 5 553 1 609 1 761 1 575 1 437 1
118 0 5 554 1 648 1 797 1 705 1 441 1
119 0 5 555 1 826 1 607 1 729 1 753 1
120 0 5 556 1 573 1 478 1 506 1 597 1
121 0 5 557 1 464 1 805 1 506 1 687 1
122 0 5 558 1 712 1 487 1 442 1 472 1
123 0 5 559 1 583 1 570 1 506 1 597 1
124 0 5 560 1 530 1 788 1 795 1 495 1
125 0 5 561 1 531 1 521 1 682 1 522 1
126 0 5 562 1 717 1 698 1 784 1 740 1
127 0 5 563 1 800 1 572 1 782 1 734 1
128 0 5 564 1 746 1 608 1 662 1 599 1
129 0 5 565 1 511 1 566 1 539 1 478 1
130 0 5 566 1 803 1 565 1 511 1 478 1
131 0 5 567 1 695 1 813 1 713 1 774 1
132 0 5 568 1 630 1 706 1 783 1 631 1
133 0 5 569 1 738 1 459 1 633 1 798 1
134 0 5 570 1 583 1 559 1 640 1 597 1
135 0 5 571 1 504 1 667 1 458 1 524 1
136 0 5 572 1 800 1 563 1 720 1 734 1
137 0 5 573 1 478 1 597 1 556 1 733 1
138 0 5 574 1 623 1 544 1 760 1 626 1
139 0 5 575 1 761 1 605 1 553 1 437 1
140 0 5 576 1 469 1 738 1 702 1 569 1
141 0 5 577 1 490 1 743 1 701 1 642 1
142 0 5 578 1 677 1 493 1 775 1 482 1
143 0 5 579 1 828 1 546 1 823 1 696 1
144 0 5 580 1 779 1 650 1 636 1 618 1
145 0 5 581 1 722 1 457 1 466 1 585 1
146 0 5 582 1 603 1 719 1 832 1 476 1
147 0 5 583 1 570 1 652 1 597 1 559 1
148 0 5 584 1 568 1 534 1 816 1 721 1
149 0 5 585 1 457 1 581 1 722 1 757 1
150 0 5 586 1 499 1 745 1 642 1 780 1
151 0 5 587 1 832 1 485 1 711 1 719 1
152 0 5 588 1 524 1 699 1 667 1 547 1
153 0 5 589 1 800 1 782 1 572 1 563 1
154 0 5 590 1 656 1 475 1 533 1 486 1
155 0 5 591 1 494 1 446 1 595 1 646 1
156 0 5 592 1 738 1 765 1 659 1 469 1
157 0 5 593 1 500 1 636 1 767 1 706 1
158 0 5 594 1 785 1 455 1 517 1 438 1
159 0 5 595 1 628 1 703 1 552 1 818 1
160 0 5 596 1 508 1 483 1 672 1 624 1
161 0 5 597 1 506 1 583 1 654 1 640 1
162 0 5 598 1 750 1 619 1 617 1 636 1
163 0 5 599 1 529 1 651 1 775 1 680 1
164 0 5 600 1 739 1 606 1 828 1 725 1
165 0 5 601 1 509 1 546 1 579 1 696 1
166 0 5 602 1 818 1 525 1 542 1 548 1
167 0 5 603 1 485 1 711 1 719 1 832 1
168 0 5 604 1 806 1 744 1 766 1 654 1
169 0 5 605 1 447 1 523 1 625 1 437 1
170 0 5 606 1 510 1 681 1 725 1 579 1
171 0 5 607 1 670 1 825 1 593 1 778 1
172 0 5 608 1 804 1 564 1 662 1 474 1
173 0 5 609 1 553 1 622 1 575 1 725 1
174 0 5 610 1 815 1 534 1 783 1 584 1
175 0 5 611 1 537 1 468 1 742 1 736 1
176 0 5 612 1 496 1 721 1 820 1 472 1
177 0 5 613 1 732 1 633 1 757 1 644 1
178 0 5 614 1 624 1 688 1 719 1 711 1
179 0 5 615 1 772 1 774 1 663 1 544 1
180 0 5 616 1 821 1 786 1 615 1 665 1
181 0 5 617 1 619 1 670 1 636 1 650 1
182 0 5 618 1 631 1 580 1 740 1 515 1
183 0 5 619 1 617 1 670 1 636 1 650 1
184 0 5 620 1 776 1 822 1 547 1 830 1
185 0 5 621 1 554 1 648 1 585 1 441 1
186 0 5 622 1 725 1 761 1 510 1 437 1
187 0 5 623 1 544 1 774 1 574 1 695 1
188 0 5 624 1 672 1 508 1 819 1 596 1
189 0 5 625 1 480 1 687 1 813 1 567 1
190 0 5 626 1 766 1 519 1 760 1 806 1
191 0 5 627 1 463 1 493 1 453 1 677 1
192 0 5 628 1 595 1 486 1 703 1 690 1
193 0 5 629 1 644 1 833 1 827 1 810 1
194 0 5 630 1 568 1 584 1 515 1 631 1
195 0 5 631 1 526 1 618 1 650 1 515 1
196 0 5 632 1 507 1 782 1 759 1 505 1
197 0 5 633 1 459 1 536 1 569 1 460 1
198 0 5 634 1 452 1 835 1 801 1 763 1
199 0 5 635 1 637 1 701 1 689 1 642 1
200 0 5 636 1 619 1 617 1 526 1 750 1
201 0 5 637 1 520 1 449 1 635 1 639 1
202 0 5 638 1 504 1 571 1 514 1 800 1
203 0 5 639 1 455 1 520 1 449 1 685 1
204 0 5 640 1 654 1 570 1 597 1 781 1
205 0 5 641 1 834 1 784 1 543 1 721 1
206 0 5 642 1 701 1 743 1 637 1 635 1
207 0 5 643 1 602 1 818 1 525 1 542 1
208 0 5 644 1 833 1 629 1 757 1 722 1
209 0 5 645 1 683 1 660 1 613 1 789 1
210 0 5 646 1 591 1 494 1 446 1 664 1
211 0 5 647 1 696 1 662 1 798 1 731 1
212 0 5 648 1 554 1 489 1 705 1 797 1
213 0 5 649 1 498 1 758 1 508 1 672 1
214 0 5 650 1 526 1 631 1 580 1 617 1
215 0 5 651 1 599 1 529 1 775 1 680 1
216 0 5 652 1 747 1 532 1 570 1 805 1
217 0 5 653 1 673 1 661 1 655 1 724 1
218 0 5 654 1 640 1 597 1 744 1 506 1
219 0 5 655 1 653 1 605 1 673 1 741 1
220 0 5 656 1 533 1 590 1 703 1 475 1
221 0 5 657 1 724 1 515 1 618 1 631 1
222 0 5 658 1 462 1 793 1 742 1 801 1
223 0 5 659 1 675 1 765 1 551 1 702 1
224 0 5 660 1 757 1 723 1 466 1 645 1
225 0 5 661 1 740 1 618 1 580 1 657 1
226 0 5 662 1 752 1 647 1 696 1 686 1
227 0 5 663 1 615 1 772 1 488 1 545 1
228 0 5 664 1 771 1 646 1 465 1 835 1
229 0 5 665 1 821 1 772 1 522 1 616 1
230 0 5 666 1 716 1 721 1 439 1 442 1
231 0 5 667 1 571 1 524 1 815 1 588 1
232 0 5 668 1 549 1 836 1 704 1 824 1
233 0 5 669 1 719 1 686 1 739 1 550 1
234 0 5 670 1 521 1 700 1 500 1 650 1
235 0 5 671 1 776 1 830 1 700 1 667 1
236 0 5 672 1 508 1 585 1 684 1 457 1
237 0 5 673 1 661 1 653 1 741 1 655 1
238 0 5 674 1 551 1 576 1 789 1 702 1
239 0 5 675 1 702 1 551 1 674 1 576 1
240 0 5 676 1 808 1 793 1 802 1 691 1
241 0 5 677 1 493 1 578 1 453 1 627 1
242 0 5 678 1 538 1 729 1 768 1 737 1
243 0 5 679 1 777 1 595 1 769 1 438 1
244 0 5 680 1 799 1 445 1 652 1 599 1
245 0 5 681 1 707 1 480 1 606 1 600 1
246 0 5 682 1 561 1 444 1 495 1 795 1
247 0 5 683 1 789 1 536 1 645 1 765 1
248 0 5 684 1 770 1 758 1 660 1 483 1
249 0 5 685 1 785 1 639 1 451 1 455 1
250 0 5 686 1 669 1 550 1 647 1 518 1
251 0 5 687 1 773 1 557 1 535 1 831 1
252 0 5 688 1 596 1 483 1 550 1 508 1
253 0 5 689 1 635 1 701 1 637 1 455 1
254 0 5 690 1 703 1 475 1 590 1 628 1
255 0 5 691 1 808 1 676 1 793 1 802 1
256 0 5 692 1 440 1 824 1 549 1 811 1
257 0 5 693 1 538 1 454 1 792 1 495 1
258 0 5 694 1 791 1 462 1 486 1 763 1
259 0 5 695 1 774 1 513 1 544 1 813 1
260 0 5 696 1 752 1 662 1 828 1 647 1
261 0 5 697 1 626 1 763 1 452 1 744 1
262 0 5 698 1 762 1 784 1 562 1 543 1
263 0 5 699 1 588 1 547 1 776 1 524 1
264 0 5 700 1 607 1 812 1 715 1 822 1
265 0 5 701 1 642 1 743 1 637 1 577 1
266 0 5 702 1 576 1 469 1 551 1 675 1
267 0 5 703 1 690 1 628 1 595 1 475 1
268 0 5 704 1 836 1 604 1 668 1 468 1
269 0 5 705 1 809 1 797 1 487 1 485 1
270 0 5 706 1 783 1 598 1 750 1 610 1
271 0 5 707 1 794 1 601 1 681 1 550 1
272 0 5 708 1 758 1 714 1 518 1 550 1
273 0 5 709 1 693 1 807 1 737 1 743 1
274 0 5 710 1 799 1 627 1 484 1 482 1
275 0 5 711 1 603 1 485 1 819 1 587 1
276 0 5 712 1 558 1 516 1 442 1 489 1
277 0 5 713 1 567 1 781 1 805 1 535 1
278 0 5 714 1 708 1 518 1 469 1 738 1
279 0 5 715 1 588 1 812 1 767 1 547 1
280 0 5 716 1 481 1 543 1 784 1 487 1
281 0 5 717 1 698 1 762 1 784 1 543 1
282 0 5 718 1 735 1 790 1 741 1 528 1
283 0 5 719 1 725 1 832 1 796 1 819 1
284 0 5 720 1 589 1 734 1 782 1 572 1
285 0 5 721 1 716 1 762 1 612 1 698 1
286 0 5 722 1 457 1 581 1 672 1 585 1
287 0 5 723 1 649 1 660 1 613 1 498 1
288 0 5 724 1 790 1 543 1 661 1 528 1
289 0 5 725 1 622 1 761 1 719 1 510 1
290 0 5 726 1 516 1 612 1 558 1 820 1
291 0 5 727 1 501 1 690 1 703 1 634 1
292 0 5 728 1 535 1 687 1 773 1 831 1
293 0 5 729 1 768 1 678 1 538 1 737 1
294 0 5 730 1 474 1 608 1 804 1 677 1
295 0 5 731 1 798 1 755 1 647 1 592 1
296 0 5 732 1 613 1 498 1 723 1 633 1
297 0 5 733 1 836 1 471 1 468 1 549 1
298 0 5 734 1 589 1 800 1 563 1 572 1
299 0 5 735 1 528 1 605 1 790 1 761 1
300 0 5 736 1 793 1 611 1 537 1 691 1
301 0 5 737 1 530 1 693 1 467 1 560 1
302 0 5 738 1 569 1 576 1 469 1 714 1
303 0 5 739 1 725 1 600 1 622 1 523 1
304 0 5 740 1 618 1 661 1 562 1 724 1
305 0 5 741 1 718 1 605 1 748 1 528 1
306 0 5 742 1 462 1 611 1 736 1 537 1
307 0 5 743 1 642 1 807 1 701 1 737 1
308 0 5 744 1 471 1 519 1 626 1 806 1
309 0 5 745 1 586 1 499 1 780 1 642 1
310 0 5 746 1 474 1 608 1 453 1 804 1
311 0 5 747 1 570 1 583 1 559 1 532 1
312 0 5 748 1 541 1 531 1 786 1 521 1
313 0 5 749 1 810 1 629 1 644 1 827 1
314 0 5 750 1 598 1 619 1 617 1 636 1
315 0 5 751 1 778 1 812 1 500 1 580 1
316 0 5 752 1 662 1 696 1 647 1 606 1
317 0 5 753 1 822 1 715 1 812 1 540 1
318 0 5 754 1 461 1 447 1 796 1 711 1
319 0 5 755 1 456 1 592 1 731 1 708 1
320 0 5 756 1 772 1 786 1 444 1 525 1
321 0 5 757 1 827 1 613 1 644 1 660 1
322 0 5 758 1 492 1 649 1 708 1 714 1
323 0 5 759 1 507 1 534 1 458 1 632 1
324 0 5 760 1 766 1 465 1 835 1 763 1
325 0 5 761 1 575 1 790 1 622 1 437 1
326 0 5 762 1 698 1 784 1 543 1 721 1
327 0 5 763 1 452 1 835 1 626 1 697 1
328 0 5 764 1 519 1 744 1 626 1 471 1
329 0 5 765 1 683 1 536 1 645 1 738 1
330 0 5 766 1 626 1 760 1 640 1 574 1
331 0 5 767 1 593 1 620 1 700 1 822 1
332 0 5 768 1 443 1 780 1 693 1 467 1
333 0 5 769 1 438 1 679 1 517 1 595 1
334 0 5 770 1 645 1 660 1 765 1 684 1
335 0 5 771 1 664 1 479 1 494 1 646 1
336 0 5 772 1 545 1 488 1 615 1 756 1
337 0 5 773 1 557 1 687 1 728 1 535 1
338 0 5 774 1 544 1 695 1 513 1 615 1
339 0 5 775 1 599 1 493 1 529 1 677 1
340 0 5 776 1 830 1 671 1 571 1 667 1
341 0 5 777 1 679 1 665 1 446 1 595 1
342 0 5 778 1 607 1 825 1 812 1 593 1
343 0 5 779 1 706 1 783 1 630 1 580 1
344 0 5 780 1 443 1 745 1 586 1 467 1
345 0 5 781 1 535 1 687 1 567 1 773 1
346 0 5 782 1 720 1 505 1 572 1 734 1
347 0 5 783 1 610 1 706 1 584 1 598 1
348 0 5 784 1 543 1 562 1 698 1 724 1
349 0 5 785 1 685 1 594 1 769 1 438 1
350 0 5 786 1 616 1 756 1 643 1 525 1
351 0 5 787 1 512 1 659 1 814 1 608 1
352 0 5 788 1 451 1 560 1 685 1 795 1
353 0 5 789 1 460 1 613 1 536 1 645 1
354 0 5 790 1 761 1 528 1 735 1 437 1
355 0 5 791 1 486 1 694 1 835 1 764 1
356 0 5 792 1 495 1 538 1 555 1 561 1
357 0 5 793 1 802 1 676 1 691 1 808 1
358 0 5 794 1 755 1 550 1 647 1 731 1
359 0 5 795 1 788 1 495 1 560 1 548 1
360 0 5 796 1 761 1 719 1 553 1 725 1
361 0 5 797 1 489 1 705 1 554 1 809 1
362 0 5 798 1 731 1 814 1 647 1 592 1
363 0 5 799 1 482 1 680 1 484 1 823 1
364 0 5 800 1 563 1 572 1 638 1 720 1
365 0 5 801 1 475 1 501 1 590 1 634 1
366 0 5 802 1 793 1 691 1 676 1 808 1
367 0 5 803 1 566 1 511 1 565 1 677 1
368 0 5 804 1 608 1 730 1 474 1 651 1
369 0 5 805 1 532 1 559 1 506 1 597 1
370 0 5 806 1 766 1 744 1 640 1 626 1
371 0 5 807 1 709 1 743 1 693 1 490 1
372 0 5 808 1 676 1 691 1 802 1 793 1
373 0 5 809 1 476 1 705 1 582 1 797 1
374 0 5 810 1 749 1 644 1 827 1 585 1
375 0 5 811 1 808 1 691 1 549 1 676 1
376 0 5 812 1 715 1 767 1 700 1 822 1
377 0 5 813 1 513 1 567 1 541 1 695 1
378 0 5 814 1 512 1 798 1 731 1 608 1
379 0 5 815 1 610 1 473 1 534 1 816 1
380 0 5 816 1 534 1 815 1 514 1 610 1
381 0 5 817 1 746 1 677 1 474 1 564 1
382 0 5 818 1 552 1 679 1 542 1 595 1
383 0 5 819 1 719 1 624 1 688 1 711 1
384 0 5 820 1 439 1 496 1 666 1 632 1
385 0 5 821 1 615 1 663 1 616 1 772 1
386 0 5 822 1 540 1 547 1 620 1 768 1
387 0 5 823 1 450 1 680 1 445 1 799 1
388 0 5 824 1 692 1 668 1 549 1 811 1
389 0 5 825 1 751 1 778 1 593 1 500 1
390 0 5 826 1 753 1 812 1 778 1 715 1
391 0 5 827 1 810 1 757 1 644 1 629 1
392 0 5 828 1 696 1 579 1 606 1 546 1
393 0 5 829 1 438 1 455 1 517 1 679 1
394 0 5 830 1 776 1 671 1 822 1 700 1
395 0 5 831 1 728 1 773 1 535 1 687 1
396 0 5 832 1 719 1 724 1 796 1 476 1
397 0 5 833 1 476 1 582 1 819 1 603 1
398 0 5 834 1 612 1 721 1 472 1 481 1
399 0 5 835 1 452 1 763 1 697 1 664 1
400 0 5 836 1 611 1 468 1 736 1 704 1
401 0 5 837 1 510 1 445 1 680 1 535 1
402 0 5 838 0 437 1 838 1 839 1 840 1
403 0 5 839 0 437 1 838 1 839 1 840 1
404 0 5 840 0 437 1 838 1 839 1 840 1
405 0 5 841 0 437 1 838 1 839 1 840 1
406 0 5 842 0 437 1 838 1 839 1 840 1
407 0 5 843 0 437 1 838 1 839 1 840 1
408 0 5 844 0 437 1 838 1 839 1 840 1
409 0 5 845 0 437 1 838 1 839 1 840 1
410 0 5 846 0 437 1 838 1 839 1 840 1
411 0 5 847 0 437 1 838 1 839 1 840 1
412 0 5 848 0 437 1 838 1 839 1 840 1
413 0 5 849 0 437 1 838 1 839 1 840 1
414 0 5 850 0 437 1 838 1 839 1 840 1
415 0 5 851 0 437 1 838 1 839 1 840 1
416 0 5 852 0 437 1 838 1 839 1 840 1
417 0 5 853 0 437 1 838 1 839 1 840 1
418 0 5 854 0 437 1 838 1 839 1 840 1
419 0 5 855 0 437 1 838 1 839 1 840 1
420 0 5 856 0 437 1 838 1 839 1 840 1
421 0 5 857 0 437 1 838 1 839 1 840 1
422 0 5 858 0 437 1 838 1 839 1 840 1
423 0 5 859 0 437 1 838 1 839 1 840 1
424 0 5 860 0 437 1 838 1 839 1 840 1
425 0 5 861 0 437 1 838 1 839 1 840 1
426 0 5 862 0 437 1 838 1 839 1 840 1
427 0 5 863 0 437 1 838 1 839 1 840 1
428 0 5 864 0 437 1 838 1 839 1 840 1
429 0 5 865 0 437 1 838 1 839 1 840 1
430 0 5 866 0 437 1 838 1 839 1 840 1
431 0 5 867 0 437 1 838 1 839 1 840 1
432 0 5 868 0 437 1 838 1 839 1 840 1
433 0 5 869 0 437 1 838 1 839 1 840 1
434 0 5 870 0 437 1 838 1 839 1 840 1
435 0 5 871 0 437 1 838 1 839 1 840 1
436 0 5 872 0 437 1 838 1 839 1 840 1
437 0 5 1 0 436 1 435 1 434 1 433 1
438 0 5 2 1 333 1 81 1 393 1 349 1
439 0 5 3 1 60 1 6 1 384 1 80 1
440 0 5 4 1 256 1 103 1 297 1 113 1
441 0 5 5 1 118 1 185 1 212 1 149 1
442 0 5 6 1 276 1 80 1 122 1 3 1
443 0 5 7 1 332 1 344 1 31 1 293 1
444 0 5 8 1 246 1 350 1 89 1 359 1
445 0 5 9 1 14 1 244 1 401 1 46 1
446 0 5 10 1 61 1 210 1 155 1 41 1
447 0 5 11 1 169 1 318 1 139 1 288 1
448 0 5 12 1 105 1 180 1 55 1 43 1
449 0 5 13 1 201 1 84 1 203 1 349 1
450 0 5 14 1 387 1 143 1 363 1 244 1
451 0 5 15 1 352 1 359 1 124 1 94 1
452 0 5 16 1 327 1 198 1 261 1 399 1
453 0 5 17 1 191 1 241 1 310 1 27 1
454 0 5 18 1 257 1 102 1 301 1 273 1
455 0 5 19 1 116 1 203 1 81 1 15 1
456 0 5 20 1 319 1 82 1 278 1 362 1
457 0 5 21 1 149 1 145 1 286 1 213 1
458 0 5 22 1 66 1 323 1 135 1 88 1
459 0 5 23 1 197 1 24 1 133 1 140 1
460 0 5 24 1 353 1 100 1 23 1 197 1
461 0 5 25 1 318 1 11 1 151 1 275 1
462 0 5 26 1 222 1 258 1 306 1 154 1
463 0 5 27 1 191 1 363 1 57 1 46 1
464 0 5 28 1 121 1 369 1 218 1 161 1
465 0 5 29 1 228 1 210 1 43 1 335 1
466 0 5 30 1 145 1 224 1 321 1 213 1
467 0 5 31 1 7 1 332 1 301 1 293 1
468 0 5 32 1 400 1 175 1 101 1 306 1
469 0 5 33 1 140 1 278 1 266 1 302 1
470 0 5 34 1 46 1 48 1 339 1 244 1
471 0 5 35 1 297 1 308 1 261 1 328 1
472 0 5 36 1 45 1 176 1 80 1 122 1
473 0 5 37 1 379 1 66 1 22 1 68 1
474 0 5 38 1 294 1 310 1 368 1 381 1
475 0 5 39 1 154 1 365 1 97 1 65 1
476 0 5 40 1 397 1 373 1 146 1 49 1
477 0 5 41 1 12 1 43 1 55 1 180 1
478 0 5 42 1 137 1 103 1 120 1 129 1
479 0 5 43 1 41 1 12 1 335 1 210 1
480 0 5 44 1 189 1 245 1 170 1 91 1
481 0 5 45 1 280 1 51 1 36 1 107 1
482 0 5 46 1 363 1 48 1 274 1 27 1
483 0 5 47 1 160 1 72 1 248 1 252 1
484 0 5 48 1 363 1 274 1 46 1 27 1
485 0 5 49 1 275 1 167 1 151 1 51 1
486 0 5 50 1 355 1 26 1 154 1 192 1
487 0 5 51 1 122 1 45 1 49 1 290 1
488 0 5 52 1 109 1 227 1 336 1 312 1
489 0 5 53 1 212 1 361 1 276 1 118 1
490 0 5 54 1 141 1 344 1 371 1 386 1
491 0 5 55 1 41 1 61 1 10 1 210 1
492 0 5 56 1 322 1 278 1 272 1 213 1
493 0 5 57 1 241 1 142 1 191 1 27 1
494 0 5 58 1 210 1 41 1 10 1 155 1
495 0 5 59 1 359 1 246 1 124 1 356 1
496 0 5 60 1 176 1 384 1 80 1 290 1
497 0 5 61 1 10 1 41 1 55 1 58 1
498 0 5 62 1 296 1 213 1 287 1 322 1
499 0 5 63 1 309 1 150 1 265 1 253 1
500 0 5 64 1 315 1 157 1 389 1 200 1
501 0 5 65 1 291 1 365 1 97 1 254 1
502 0 5 66 1 22 1 148 1 98 1 323 1
503 0 5 67 1 113 1 388 1 232 1 4 1
504 0 5 68 1 202 1 135 1 78 1 37 1
505 0 5 69 1 71 1 196 1 60 1 346 1
506 0 5 70 1 120 1 161 1 123 1 28 1
507 0 5 71 1 196 1 323 1 69 1 176 1
508 0 5 72 1 160 1 236 1 47 1 62 1
509 0 5 73 1 165 1 378 1 128 1 362 1
510 0 5 74 1 401 1 189 1 170 1 110 1
511 0 5 75 1 129 1 367 1 130 1 142 1
512 0 5 76 1 378 1 351 1 38 1 381 1
513 0 5 77 1 259 1 377 1 74 1 189 1
514 0 5 78 1 202 1 37 1 68 1 380 1
515 0 5 79 1 221 1 194 1 281 1 195 1
516 0 5 80 1 276 1 60 1 290 1 36 1
517 0 5 81 1 19 1 333 1 2 1 158 1
518 0 5 82 1 20 1 278 1 272 1 319 1
519 0 5 83 1 328 1 35 1 308 1 190 1
520 0 5 84 1 201 1 13 1 203 1 265 1
521 0 5 85 1 234 1 312 1 125 1 171 1
522 0 5 86 1 8 1 59 1 229 1 246 1
523 0 5 87 1 169 1 91 1 303 1 245 1
524 0 5 88 1 152 1 231 1 263 1 135 1
525 0 5 89 1 350 1 8 1 166 1 207 1
526 0 5 90 1 195 1 214 1 200 1 194 1
527 0 5 91 1 87 1 245 1 303 1 189 1
528 0 5 92 1 299 1 1 1 354 1 139 1
529 0 5 93 1 163 1 215 1 339 1 368 1
530 0 5 94 1 31 1 124 1 301 1 359 1
531 0 5 95 1 125 1 86 1 312 1 246 1
532 0 5 96 1 369 1 311 1 216 1 147 1
533 0 5 97 1 39 1 220 1 154 1 65 1
534 0 5 98 1 380 1 66 1 148 1 379 1
535 0 5 99 1 345 1 277 1 292 1 395 1
536 0 5 100 1 247 1 329 1 353 1 24 1
537 0 5 101 1 300 1 175 1 306 1 400 1
538 0 5 102 1 242 1 257 1 18 1 293 1
539 0 5 103 1 42 1 129 1 256 1 388 1
540 0 5 104 1 386 1 111 1 263 1 264 1
541 0 5 105 1 312 1 377 1 189 1 1 1
542 0 5 106 1 112 1 166 1 382 1 207 1
543 0 5 107 1 348 1 326 1 205 1 281 1
544 0 5 108 1 187 1 338 1 138 1 259 1
545 0 5 109 1 312 1 52 1 179 1 336 1
546 0 5 110 1 165 1 189 1 392 1 143 1
547 0 5 111 1 104 1 386 1 263 1 184 1
548 0 5 112 1 106 1 359 1 166 1 393 1
549 0 5 113 1 232 1 388 1 400 1 4 1
550 0 5 114 1 82 1 358 1 272 1 319 1
551 0 5 115 1 239 1 238 1 266 1 223 1
552 0 5 116 1 382 1 159 1 106 1 112 1
553 0 5 117 1 173 1 360 1 139 1 11 1
554 0 5 118 1 185 1 212 1 5 1 361 1
555 0 5 119 1 85 1 356 1 95 1 390 1
556 0 5 120 1 70 1 137 1 161 1 42 1
557 0 5 121 1 337 1 251 1 395 1 28 1
558 0 5 122 1 276 1 290 1 36 1 60 1
559 0 5 123 1 147 1 134 1 311 1 369 1
560 0 5 124 1 94 1 359 1 352 1 301 1
561 0 5 125 1 246 1 59 1 86 1 8 1
562 0 5 126 1 262 1 348 1 79 1 107 1
563 0 5 127 1 364 1 153 1 69 1 136 1
564 0 5 128 1 73 1 172 1 38 1 381 1
565 0 5 129 1 130 1 103 1 367 1 42 1
566 0 5 130 1 367 1 129 1 75 1 191 1
567 0 5 131 1 277 1 377 1 189 1 345 1
568 0 5 132 1 148 1 194 1 347 1 79 1
569 0 5 133 1 23 1 197 1 302 1 33 1
570 0 5 134 1 147 1 311 1 123 1 34 1
571 0 5 135 1 88 1 231 1 68 1 202 1
572 0 5 136 1 127 1 364 1 153 1 69 1
573 0 5 137 1 120 1 70 1 161 1 42 1
574 0 5 138 1 187 1 335 1 190 1 29 1
575 0 5 139 1 1 1 325 1 169 1 117 1
576 0 5 140 1 266 1 302 1 33 1 239 1
577 0 5 141 1 54 1 265 1 63 1 307 1
578 0 5 142 1 241 1 57 1 339 1 75 1
579 0 5 143 1 110 1 392 1 165 1 189 1
580 0 5 144 1 315 1 182 1 225 1 389 1
581 0 5 145 1 21 1 149 1 30 1 286 1
582 0 5 146 1 40 1 397 1 373 1 167 1
583 0 5 147 1 134 1 311 1 123 1 96 1
584 0 5 148 1 98 1 194 1 174 1 380 1
585 0 5 149 1 185 1 236 1 145 1 72 1
586 0 5 150 1 309 1 31 1 63 1 7 1
587 0 5 151 1 51 1 275 1 25 1 45 1
588 0 5 152 1 263 1 279 1 231 1 135 1
589 0 5 153 1 298 1 284 1 136 1 364 1
590 0 5 154 1 39 1 220 1 65 1 97 1
591 0 5 155 1 210 1 159 1 58 1 41 1
592 0 5 156 1 362 1 319 1 295 1 223 1
593 0 5 157 1 331 1 64 1 315 1 171 1
594 0 5 158 1 19 1 349 1 203 1 333 1
595 0 5 159 1 155 1 192 1 267 1 333 1
596 0 5 160 1 252 1 188 1 72 1 47 1
597 0 5 161 1 218 1 147 1 311 1 120 1
598 0 5 162 1 314 1 270 1 347 1 200 1
599 0 5 163 1 93 1 215 1 339 1 27 1
600 0 5 164 1 91 1 303 1 392 1 170 1
601 0 5 165 1 271 1 73 1 110 1 358 1
602 0 5 166 1 207 1 350 1 89 1 106 1
603 0 5 167 1 275 1 146 1 40 1 397 1
604 0 5 168 1 32 1 308 1 268 1 83 1
605 0 5 169 1 139 1 305 1 1 1 189 1
606 0 5 170 1 392 1 316 1 245 1 164 1
607 0 5 171 1 342 1 264 1 119 1 64 1
608 0 5 172 1 368 1 294 1 73 1 310 1
609 0 5 173 1 117 1 360 1 303 1 164 1
610 0 5 174 1 379 1 347 1 148 1 270 1
611 0 5 175 1 400 1 101 1 32 1 300 1
612 0 5 176 1 398 1 290 1 36 1 285 1
613 0 5 177 1 296 1 209 1 353 1 321 1
614 0 5 178 1 275 1 91 1 383 1 87 1
615 0 5 179 1 385 1 227 1 55 1 61 1
616 0 5 180 1 350 1 61 1 229 1 385 1
617 0 5 181 1 183 1 200 1 162 1 90 1
618 0 5 182 1 195 1 304 1 221 1 225 1
619 0 5 183 1 181 1 200 1 162 1 314 1
620 0 5 184 1 331 1 111 1 386 1 104 1
621 0 5 185 1 5 1 118 1 212 1 149 1
622 0 5 186 1 289 1 74 1 303 1 173 1
623 0 5 187 1 138 1 108 1 345 1 131 1
624 0 5 188 1 178 1 160 1 383 1 236 1
625 0 5 189 1 44 1 1 1 169 1 377 1
626 0 5 190 1 261 1 330 1 83 1 328 1
627 0 5 191 1 274 1 57 1 241 1 363 1
628 0 5 192 1 159 1 267 1 254 1 154 1
629 0 5 193 1 313 1 208 1 391 1 149 1
630 0 5 194 1 132 1 148 1 195 1 79 1
631 0 5 195 1 182 1 79 1 90 1 194 1
632 0 5 196 1 71 1 285 1 80 1 323 1
633 0 5 197 1 24 1 133 1 23 1 100 1
634 0 5 198 1 16 1 327 1 399 1 291 1
635 0 5 199 1 253 1 201 1 265 1 206 1
636 0 5 200 1 90 1 183 1 195 1 157 1
637 0 5 201 1 199 1 13 1 84 1 265 1
638 0 5 202 1 78 1 68 1 364 1 135 1
639 0 5 203 1 15 1 201 1 84 1 13 1
640 0 5 204 1 218 1 134 1 330 1 345 1
641 0 5 205 1 25 1 107 1 348 1 151 1
642 0 5 206 1 265 1 63 1 307 1 150 1
643 0 5 207 1 89 1 350 1 359 1 320 1
644 0 5 208 1 193 1 313 1 391 1 321 1
645 0 5 209 1 334 1 247 1 353 1 224 1
646 0 5 210 1 58 1 155 1 43 1 41 1
647 0 5 211 1 362 1 226 1 73 1 319 1
648 0 5 212 1 118 1 53 1 185 1 361 1
649 0 5 213 1 322 1 287 1 56 1 47 1
650 0 5 214 1 90 1 195 1 144 1 200 1
651 0 5 215 1 93 1 163 1 339 1 368 1
652 0 5 216 1 147 1 48 1 46 1 244 1
653 0 5 217 1 237 1 219 1 305 1 288 1
654 0 5 218 1 28 1 204 1 369 1 161 1
655 0 5 219 1 217 1 237 1 305 1 1 1
656 0 5 220 1 39 1 97 1 154 1 65 1
657 0 5 221 1 79 1 182 1 304 1 281 1
658 0 5 222 1 297 1 365 1 35 1 328 1
659 0 5 223 1 351 1 156 1 362 1 378 1
660 0 5 224 1 334 1 209 1 287 1 321 1
661 0 5 225 1 237 1 304 1 217 1 182 1
662 0 5 226 1 316 1 211 1 128 1 260 1
663 0 5 227 1 385 1 105 1 180 1 179 1
664 0 5 228 1 29 1 43 1 335 1 210 1
665 0 5 229 1 341 1 350 1 89 1 166 1
666 0 5 230 1 3 1 69 1 176 1 384 1
667 0 5 231 1 88 1 135 1 152 1 379 1
668 0 5 232 1 388 1 113 1 400 1 268 1
669 0 5 233 1 250 1 82 1 114 1 20 1
670 0 5 234 1 171 1 181 1 183 1 64 1
671 0 5 235 1 340 1 394 1 184 1 152 1
672 0 5 236 1 72 1 188 1 160 1 62 1
673 0 5 237 1 217 1 219 1 305 1 304 1
674 0 5 238 1 115 1 239 1 223 1 266 1
675 0 5 239 1 223 1 115 1 266 1 140 1
676 0 5 240 1 372 1 357 1 113 1 255 1
677 0 5 241 1 57 1 142 1 191 1 381 1
678 0 5 242 1 293 1 119 1 102 1 332 1
679 0 5 243 1 2 1 333 1 116 1 382 1
680 0 5 244 1 363 1 46 1 14 1 163 1
681 0 5 245 1 44 1 91 1 189 1 170 1
682 0 5 246 1 8 1 125 1 59 1 320 1
683 0 5 247 1 329 1 209 1 100 1 334 1
684 0 5 248 1 47 1 72 1 334 1 114 1
685 0 5 249 1 15 1 349 1 203 1 352 1
686 0 5 250 1 82 1 20 1 226 1 114 1
687 0 5 251 1 345 1 337 1 99 1 292 1
688 0 5 252 1 178 1 383 1 160 1 188 1
689 0 5 253 1 63 1 206 1 203 1 150 1
690 0 5 254 1 267 1 291 1 65 1 154 1
691 0 5 255 1 372 1 300 1 375 1 113 1
692 0 5 256 1 4 1 388 1 113 1 103 1
693 0 5 257 1 273 1 18 1 301 1 332 1
694 0 5 258 1 26 1 16 1 306 1 32 1
695 0 5 259 1 131 1 77 1 74 1 338 1
696 0 5 260 1 392 1 211 1 165 1 226 1
697 0 5 261 1 327 1 399 1 228 1 35 1
698 0 5 262 1 281 1 326 1 126 1 348 1
699 0 5 263 1 152 1 231 1 135 1 279 1
700 0 5 264 1 376 1 331 1 235 1 386 1
701 0 5 265 1 63 1 253 1 199 1 206 1
702 0 5 266 1 239 1 140 1 223 1 238 1
703 0 5 267 1 254 1 220 1 192 1 159 1
704 0 5 268 1 400 1 232 1 67 1 137 1
705 0 5 269 1 361 1 373 1 53 1 118 1
706 0 5 270 1 343 1 132 1 347 1 174 1
707 0 5 271 1 245 1 91 1 165 1 358 1
708 0 5 272 1 278 1 20 1 56 1 322 1
709 0 5 273 1 371 1 54 1 307 1 332 1
710 0 5 274 1 48 1 46 1 191 1 363 1
711 0 5 275 1 178 1 167 1 151 1 25 1
712 0 5 276 1 80 1 122 1 361 1 60 1
713 0 5 277 1 369 1 131 1 345 1 14 1
714 0 5 278 1 272 1 33 1 56 1 20 1
715 0 5 279 1 376 1 264 1 152 1 386 1
716 0 5 280 1 230 1 285 1 384 1 326 1
717 0 5 281 1 126 1 326 1 79 1 262 1
718 0 5 282 1 234 1 305 1 288 1 85 1
719 0 5 283 1 383 1 178 1 167 1 396 1
720 0 5 284 1 346 1 136 1 153 1 364 1
721 0 5 285 1 176 1 230 1 326 1 398 1
722 0 5 286 1 145 1 21 1 149 1 62 1
723 0 5 287 1 296 1 224 1 62 1 30 1
724 0 5 288 1 107 1 221 1 348 1 281 1
725 0 5 289 1 186 1 303 1 283 1 170 1
726 0 5 290 1 36 1 80 1 384 1 122 1
727 0 5 291 1 65 1 29 1 198 1 399 1
728 0 5 292 1 395 1 337 1 345 1 99 1
729 0 5 293 1 242 1 119 1 332 1 102 1
730 0 5 294 1 368 1 38 1 381 1 172 1
731 0 5 295 1 362 1 319 1 378 1 211 1
732 0 5 296 1 177 1 197 1 62 1 287 1
733 0 5 297 1 35 1 308 1 137 1 328 1
734 0 5 298 1 284 1 153 1 136 1 127 1
735 0 5 299 1 1 1 92 1 52 1 139 1
736 0 5 300 1 101 1 113 1 400 1 306 1
737 0 5 301 1 31 1 94 1 307 1 273 1
738 0 5 302 1 156 1 133 1 23 1 33 1
739 0 5 303 1 91 1 164 1 233 1 1 1
740 0 5 304 1 225 1 182 1 126 1 288 1
741 0 5 305 1 237 1 219 1 217 1 282 1
742 0 5 306 1 222 1 101 1 175 1 300 1
743 0 5 307 1 265 1 141 1 371 1 54 1
744 0 5 308 1 35 1 83 1 328 1 370 1
745 0 5 309 1 150 1 344 1 7 1 63 1
746 0 5 310 1 381 1 128 1 17 1 38 1
747 0 5 311 1 216 1 147 1 48 1 46 1
748 0 5 312 1 305 1 109 1 52 1 105 1
749 0 5 313 1 374 1 391 1 193 1 321 1
750 0 5 314 1 162 1 270 1 200 1 64 1
751 0 5 315 1 389 1 342 1 64 1 144 1
752 0 5 316 1 260 1 226 1 211 1 128 1
753 0 5 317 1 390 1 119 1 264 1 386 1
754 0 5 318 1 11 1 25 1 151 1 360 1
755 0 5 319 1 358 1 295 1 362 1 211 1
756 0 5 320 1 350 1 8 1 229 1 246 1
757 0 5 321 1 30 1 224 1 391 1 177 1
758 0 5 322 1 56 1 272 1 213 1 248 1
759 0 5 323 1 196 1 71 1 285 1 22 1
760 0 5 324 1 330 1 29 1 138 1 58 1
761 0 5 325 1 139 1 186 1 360 1 289 1
762 0 5 326 1 262 1 281 1 285 1 126 1
763 0 5 327 1 16 1 261 1 399 1 198 1
764 0 5 328 1 83 1 35 1 32 1 308 1
765 0 5 329 1 247 1 156 1 334 1 209 1
766 0 5 330 1 370 1 190 1 261 1 395 1
767 0 5 331 1 279 1 376 1 184 1 264 1
768 0 5 332 1 293 1 242 1 273 1 54 1
769 0 5 333 1 19 1 2 1 349 1 243 1
770 0 5 334 1 248 1 47 1 224 1 287 1
771 0 5 335 1 43 1 228 1 41 1 210 1
772 0 5 336 1 86 1 229 1 227 1 179 1
773 0 5 337 1 251 1 395 1 292 1 345 1
774 0 5 338 1 108 1 259 1 187 1 179 1
775 0 5 339 1 27 1 93 1 215 1 57 1
776 0 5 340 1 394 1 235 1 111 1 263 1
777 0 5 341 1 243 1 2 1 382 1 10 1
778 0 5 342 1 315 1 389 1 264 1 390 1
779 0 5 343 1 144 1 315 1 389 1 182 1
780 0 5 344 1 7 1 332 1 293 1 309 1
781 0 5 345 1 277 1 292 1 99 1 395 1
782 0 5 346 1 69 1 196 1 153 1 71 1
783 0 5 347 1 270 1 343 1 174 1 148 1
784 0 5 348 1 107 1 281 1 205 1 326 1
785 0 5 349 1 249 1 158 1 203 1 15 1
786 0 5 350 1 8 1 180 1 246 1 320 1
787 0 5 351 1 76 1 223 1 378 1 381 1
788 0 5 352 1 359 1 124 1 15 1 94 1
789 0 5 353 1 247 1 100 1 115 1 209 1
790 0 5 354 1 288 1 139 1 325 1 1 1
791 0 5 355 1 258 1 26 1 50 1 154 1
792 0 5 356 1 18 1 257 1 246 1 119 1
793 0 5 357 1 300 1 222 1 366 1 240 1
794 0 5 358 1 271 1 319 1 114 1 165 1
795 0 5 359 1 59 1 124 1 94 1 8 1
796 0 5 360 1 275 1 396 1 283 1 318 1
797 0 5 361 1 49 1 269 1 53 1 6 1
798 0 5 362 1 295 1 378 1 211 1 33 1
799 0 5 363 1 274 1 244 1 46 1 48 1
800 0 5 364 1 127 1 153 1 136 1 68 1
801 0 5 365 1 65 1 198 1 327 1 97 1
802 0 5 366 1 357 1 300 1 372 1 255 1
803 0 5 367 1 130 1 75 1 129 1 142 1
804 0 5 368 1 294 1 172 1 128 1 215 1
805 0 5 369 1 28 1 277 1 121 1 96 1
806 0 5 370 1 168 1 308 1 83 1 190 1
807 0 5 371 1 54 1 307 1 273 1 7 1
808 0 5 372 1 255 1 240 1 375 1 300 1
809 0 5 373 1 269 1 361 1 118 1 49 1
810 0 5 374 1 391 1 313 1 193 1 208 1
811 0 5 375 1 113 1 4 1 388 1 372 1
812 0 5 376 1 279 1 264 1 390 1 315 1
813 0 5 377 1 77 1 259 1 189 1 131 1
814 0 5 378 1 73 1 362 1 76 1 351 1
815 0 5 379 1 37 1 174 1 88 1 380 1
816 0 5 380 1 66 1 37 1 148 1 98 1
817 0 5 381 1 17 1 241 1 310 1 191 1
818 0 5 382 1 166 1 159 1 207 1 89 1
819 0 5 383 1 275 1 178 1 188 1 397 1
820 0 5 384 1 60 1 3 1 176 1 290 1
821 0 5 385 1 61 1 10 1 229 1 180 1
822 0 5 386 1 104 1 264 1 184 1 54 1
823 0 5 387 1 363 1 14 1 143 1 244 1
824 0 5 388 1 4 1 232 1 256 1 113 1
825 0 5 389 1 315 1 342 1 171 1 144 1
826 0 5 390 1 119 1 264 1 342 1 332 1
827 0 5 391 1 321 1 30 1 313 1 193 1
828 0 5 392 1 110 1 143 1 316 1 164 1
829 0 5 393 1 116 1 2 1 112 1 333 1
830 0 5 394 1 340 1 235 1 111 1 184 1
831 0 5 395 1 292 1 99 1 345 1 251 1
832 0 5 396 1 151 1 45 1 51 1 167 1
833 0 5 397 1 208 1 193 1 286 1 21 1
834 0 5 398 1 205 1 107 1 348 1 45 1
835 0 5 399 1 327 1 228 1 198 1 16 1
836 0 5 400 1 297 1 232 1 268 1 32 1
837 0 5 401 1 9 1 74 1 244 1 277 1
838 0 5 402 0 436 1 435 1 434 1 433 1
839 0 5 403 0 436 1 435 1 434 1 433 1
840 0 5 404 0 436 1 435 1 434 1 433 1
841 0 5 405 0 436 1 435 1 434 1 433 1
842 0 5 406 0 436 1 435 1 434 1 433 1
843 0 5 407 0 436 1 435 1 434 1 433 1
844 0 5 408 0 436 1 435 1 434 1 433 1
845 0 5 409 0 436 1 435 1 434 1 433 1
846 0 5 410 0 436 1 435 1 434 1 433 1
847 0 5 411 0 436 1 435 1 434 1 433 1
848 0 5 412 0 436 1 435 1 434 1 433 1
849 0 5 413 0 436 1 435 1 434 1 433 1
850 0 5 414 0 436 1 435 1 434 1 433 1
851 0 5 415 0 436 1 435 1 434 1 433 1
852 0 5 416 0 436 1 435 1 434 1 433 1
853 0 5 417 0 436 1 435 1 434 1 433 1
854 0 5 418 0 436 1 435 1 434 1 433 1
855 0 5 419 0 436 1 435 1 434 1 433 1
856 0 5 420 0 436 1 435 1 434 1 433 1
857 0 5 421 0 436 1 435 1 434 1 433 1
858 0 5 422 0 436 1 435 1 434 1 433 1
859 0 5 423 0 436 1 435 1 434 1 433 1
860 0 5 424 0 436 1 435 1 434 1 433 1
861 0 5 425 0 436 1 435 1 434 1 433 1
862 0 5 426 0 436 1 435 1 434 1 433 1
863 0 5 427 0 436 1 435 1 434 1 433 1
864 0 5 428 0 436 1 435 1 434 1 433 1
865 0 5 429 0 436 1 435 1 434 1 433 1
866 0 5 430 0 436 1 435 1 434 1 433 1
867 0 5 431 0 436 1 435 1 434 1 433 1
868 0 5 432 0 436 1 435 1 434 1 433 1
869 0 5 433 0 436 1 435 1 434 1 433 1
870 0 5 434 0 436 1 435 1 434 1 433 1
871 0 5 435 0 436 1 435 1 434 1 433 1
872 0 5 436 0 436 1 435 1 434 1 433 1
-1
EOF
