872
1 0 5 437 0 872 1 871 1 870 1 869 1
2 0 5 438 1 517 1 829 1 769 1 594 1
3 0 5 439 1 612 1 712 1 496 1 726 1
4 0 5 440 1 692 1 503 1 824 1 811 1
5 0 5 441 1 621 1 554 1 648 1 585 1
6 0 5 442 1 712 1 516 1 558 1 489 1
7 0 5 443 1 709 1 743 1 745 1 807 1
8 0 5 444 1 525 1 522 1 756 1 786 1
9 0 5 445 1 837 1 546 1 450 1 687 1
10 0 5 446 1 497 1 494 1 491 1 477 1
11 0 5 447 1 754 1 724 1 461 1 543 1
12 0 5 448 1 615 1 477 1 497 1 771 1
13 0 5 449 1 639 1 451 1 637 1 642 1
14 0 5 450 1 445 1 823 1 837 1 799 1
15 0 5 451 1 685 1 795 1 560 1 639 1
16 0 5 452 1 694 1 634 1 791 1 763 1
17 0 5 453 1 817 1 746 1 677 1 474 1
18 0 5 454 1 555 1 538 1 792 1 693 1
19 0 5 455 1 769 1 517 1 594 1 595 1
20 0 5 456 1 794 1 518 1 550 1 686 1
21 0 5 457 1 581 1 585 1 466 1 833 1
22 0 5 458 1 473 1 502 1 514 1 504 1
23 0 5 459 1 738 1 569 1 702 1 536 1
24 0 5 460 1 536 1 633 1 459 1 702 1
25 0 5 461 1 481 1 832 1 754 1 641 1
26 0 5 462 1 658 1 791 1 694 1 486 1
27 0 5 463 1 775 1 799 1 529 1 578 1
28 0 5 464 1 597 1 557 1 713 1 506 1
29 0 5 465 1 664 1 760 1 771 1 591 1
30 0 5 466 1 660 1 827 1 757 1 723 1
31 0 5 467 1 530 1 743 1 737 1 642 1
32 0 5 468 1 611 1 519 1 742 1 836 1
33 0 5 469 1 576 1 738 1 551 1 702 1
34 0 5 470 1 799 1 710 1 652 1 484 1
35 0 5 471 1 519 1 468 1 764 1 733 1
36 0 5 472 1 726 1 516 1 558 1 820 1
37 0 5 473 1 502 1 458 1 514 1 534 1
38 0 5 474 1 730 1 746 1 608 1 804 1
39 0 5 475 1 533 1 656 1 590 1 703 1
40 0 5 476 1 582 1 603 1 711 1 719 1
41 0 5 477 1 448 1 497 1 491 1 479 1
42 0 5 478 1 539 1 565 1 824 1 692 1
43 0 5 479 1 646 1 497 1 664 1 494 1
44 0 5 480 1 681 1 625 1 606 1 601 1
45 0 5 481 1 487 1 716 1 472 1 461 1
46 0 5 482 1 799 1 710 1 484 1 445 1
47 0 5 483 1 649 1 684 1 758 1 498 1
48 0 5 484 1 710 1 799 1 470 1 482 1
49 0 5 485 1 587 1 476 1 487 1 832 1
50 0 5 486 1 462 1 475 1 791 1 656 1
51 0 5 487 1 481 1 485 1 587 1 832 1
52 0 5 488 1 545 1 748 1 663 1 541 1
53 0 5 489 1 712 1 648 1 797 1 705 1
54 0 5 490 1 780 1 577 1 443 1 745 1
55 0 5 491 1 497 1 446 1 477 1 448 1
56 0 5 492 1 758 1 684 1 765 1 708 1
57 0 5 493 1 578 1 677 1 627 1 482 1
58 0 5 494 1 446 1 591 1 646 1 771 1
59 0 5 495 1 792 1 795 1 530 1 454 1
60 0 5 496 1 666 1 442 1 820 1 516 1
61 0 5 497 1 491 1 477 1 446 1 448 1
62 0 5 498 1 723 1 649 1 596 1 466 1
63 0 5 499 1 701 1 745 1 577 1 586 1
64 0 5 500 1 593 1 751 1 670 1 636 1
65 0 5 501 1 656 1 727 1 533 1 475 1
66 0 5 502 1 458 1 514 1 534 1 473 1
67 0 5 503 1 704 1 824 1 668 1 573 1
68 0 5 504 1 638 1 571 1 514 1 473 1
69 0 5 505 1 632 1 507 1 720 1 782 1
70 0 5 506 1 556 1 747 1 573 1 597 1
71 0 5 507 1 632 1 759 1 505 1 563 1
72 0 5 508 1 672 1 596 1 585 1 649 1
73 0 5 509 1 814 1 608 1 564 1 474 1
74 0 5 510 1 513 1 622 1 606 1 828 1
75 0 5 511 1 803 1 566 1 578 1 484 1
76 0 5 512 1 787 1 608 1 659 1 474 1
77 0 5 513 1 813 1 695 1 663 1 437 1
78 0 5 514 1 502 1 473 1 458 1 534 1
79 0 5 515 1 562 1 717 1 630 1 657 1
80 0 5 516 1 442 1 558 1 712 1 726 1
81 0 5 517 1 438 1 829 1 769 1 594 1
82 0 5 518 1 456 1 794 1 550 1 686 1
83 0 5 519 1 764 1 468 1 611 1 604 1
84 0 5 520 1 449 1 639 1 637 1 642 1
85 0 5 521 1 531 1 748 1 772 1 718 1
86 0 5 522 1 682 1 756 1 525 1 772 1
87 0 5 523 1 527 1 725 1 739 1 609 1
88 0 5 524 1 667 1 571 1 699 1 779 1
89 0 5 525 1 602 1 665 1 643 1 756 1
90 0 5 526 1 636 1 630 1 650 1 580 1
91 0 5 527 1 600 1 739 1 725 1 681 1
92 0 5 528 1 735 1 605 1 790 1 575 1
93 0 5 529 1 651 1 775 1 599 1 463 1
94 0 5 530 1 560 1 788 1 795 1 785 1
95 0 5 531 1 561 1 682 1 521 1 772 1
96 0 5 532 1 652 1 805 1 713 1 773 1
97 0 5 533 1 475 1 656 1 590 1 628 1
98 0 5 534 1 759 1 610 1 502 1 816 1
99 0 5 535 1 728 1 567 1 831 1 781 1
100 0 5 536 1 789 1 633 1 551 1 683 1
101 0 5 537 1 736 1 611 1 742 1 468 1
102 0 5 538 1 454 1 678 1 729 1 693 1
103 0 5 539 1 565 1 824 1 573 1 478 1
104 0 5 540 1 620 1 822 1 547 1 490 1
105 0 5 541 1 663 1 786 1 625 1 615 1
106 0 5 542 1 548 1 552 1 438 1 679 1
107 0 5 543 1 784 1 562 1 716 1 641 1
108 0 5 544 1 774 1 623 1 695 1 760 1
109 0 5 545 1 748 1 437 1 488 1 521 1
110 0 5 546 1 579 1 510 1 606 1 752 1
111 0 5 547 1 620 1 830 1 699 1 540 1
112 0 5 548 1 542 1 438 1 829 1 517 1
113 0 5 549 1 691 1 736 1 811 1 668 1
114 0 5 550 1 669 1 688 1 755 1 794 1
115 0 5 551 1 674 1 459 1 702 1 675 1
116 0 5 552 1 679 1 517 1 769 1 438 1
117 0 5 553 1 761 1 609 1 523 1 605 1
118 0 5 554 1 648 1 797 1 489 1 809 1
119 0 5 555 1 607 1 670 1 792 1 729 1
120 0 5 556 1 478 1 506 1 573 1 704 1
121 0 5 557 1 464 1 506 1 559 1 597 1
122 0 5 558 1 712 1 442 1 516 1 726 1
123 0 5 559 1 506 1 652 1 556 1 597 1
124 0 5 560 1 795 1 530 1 495 1 737 1
125 0 5 561 1 682 1 531 1 444 1 522 1
126 0 5 562 1 717 1 762 1 784 1 698 1
127 0 5 563 1 572 1 720 1 734 1 800 1
128 0 5 564 1 662 1 509 1 608 1 746 1
129 0 5 565 1 511 1 692 1 566 1 539 1
130 0 5 566 1 511 1 565 1 803 1 539 1
131 0 5 567 1 695 1 513 1 774 1 544 1
132 0 5 568 1 598 1 630 1 515 1 698 1
133 0 5 569 1 714 1 708 1 738 1 492 1
134 0 5 570 1 506 1 652 1 583 1 597 1
135 0 5 571 1 504 1 638 1 524 1 667 1
136 0 5 572 1 734 1 800 1 720 1 638 1
137 0 5 573 1 556 1 478 1 604 1 704 1
138 0 5 574 1 760 1 623 1 771 1 544 1
139 0 5 575 1 605 1 761 1 735 1 609 1
140 0 5 576 1 738 1 459 1 702 1 569 1
141 0 5 577 1 745 1 499 1 490 1 780 1
142 0 5 578 1 493 1 677 1 565 1 511 1
143 0 5 579 1 752 1 546 1 828 1 510 1
144 0 5 580 1 526 1 636 1 630 1 779 1
145 0 5 581 1 457 1 466 1 585 1 827 1
146 0 5 582 1 476 1 719 1 603 1 441 1
147 0 5 583 1 506 1 652 1 570 1 559 1
148 0 5 584 1 568 1 779 1 534 1 630 1
149 0 5 585 1 457 1 581 1 722 1 827 1
150 0 5 586 1 499 1 743 1 745 1 642 1
151 0 5 587 1 832 1 461 1 487 1 719 1
152 0 5 588 1 699 1 524 1 671 1 667 1
153 0 5 589 1 720 1 734 1 563 1 782 1
154 0 5 590 1 656 1 703 1 475 1 533 1
155 0 5 591 1 552 1 494 1 446 1 595 1
156 0 5 592 1 765 1 738 1 659 1 469 1
157 0 5 593 1 670 1 778 1 751 1 500 1
158 0 5 594 1 517 1 438 1 829 1 785 1
159 0 5 595 1 628 1 703 1 679 1 591 1
160 0 5 596 1 688 1 649 1 508 1 498 1
161 0 5 597 1 506 1 654 1 556 1 573 1
162 0 5 598 1 750 1 636 1 619 1 500 1
163 0 5 599 1 529 1 450 1 680 1 799 1
164 0 5 600 1 669 1 739 1 725 1 622 1
165 0 5 601 1 752 1 509 1 647 1 823 1
166 0 5 602 1 643 1 542 1 525 1 548 1
167 0 5 603 1 719 1 711 1 833 1 582 1
168 0 5 604 1 744 1 806 1 766 1 764 1
169 0 5 605 1 575 1 437 1 528 1 735 1
170 0 5 606 1 510 1 579 1 546 1 752 1
171 0 5 607 1 778 1 670 1 555 1 700 1
172 0 5 608 1 804 1 746 1 798 1 474 1
173 0 5 609 1 761 1 622 1 553 1 725 1
174 0 5 610 1 815 1 568 1 534 1 706 1
175 0 5 611 1 537 1 736 1 468 1 742 1
176 0 5 612 1 666 1 472 1 726 1 721 1
177 0 5 613 1 732 1 645 1 660 1 757 1
178 0 5 614 1 819 1 624 1 719 1 688 1
179 0 5 615 1 448 1 821 1 616 1 663 1
180 0 5 616 1 821 1 497 1 665 1 525 1
181 0 5 617 1 670 1 619 1 636 1 526 1
182 0 5 618 1 630 1 515 1 526 1 740 1
183 0 5 619 1 670 1 617 1 636 1 526 1
184 0 5 620 1 547 1 540 1 822 1 830 1
185 0 5 621 1 554 1 648 1 585 1 441 1
186 0 5 622 1 761 1 437 1 796 1 575 1
187 0 5 623 1 544 1 574 1 774 1 760 1
188 0 5 624 1 672 1 508 1 833 1 596 1
189 0 5 625 1 480 1 513 1 837 1 681 1
190 0 5 626 1 760 1 519 1 766 1 574 1
191 0 5 627 1 463 1 677 1 493 1 710 1
192 0 5 628 1 595 1 703 1 690 1 656 1
193 0 5 629 1 827 1 644 1 833 1 585 1
194 0 5 630 1 568 1 562 1 762 1 584 1
195 0 5 631 1 526 1 630 1 779 1 515 1
196 0 5 632 1 507 1 505 1 759 1 666 1
197 0 5 633 1 536 1 645 1 770 1 492 1
198 0 5 634 1 452 1 835 1 763 1 801 1
199 0 5 635 1 689 1 637 1 642 1 586 1
200 0 5 636 1 526 1 619 1 617 1 750 1
201 0 5 637 1 635 1 689 1 642 1 520 1
202 0 5 638 1 571 1 504 1 563 1 800 1
203 0 5 639 1 449 1 520 1 451 1 637 1
204 0 5 640 1 557 1 728 1 831 1 597 1
205 0 5 641 1 716 1 562 1 834 1 784 1
206 0 5 642 1 586 1 637 1 520 1 743 1
207 0 5 643 1 525 1 602 1 542 1 548 1
208 0 5 644 1 827 1 629 1 749 1 757 1
209 0 5 645 1 770 1 613 1 732 1 723 1
210 0 5 646 1 591 1 494 1 446 1 760 1
211 0 5 647 1 752 1 798 1 755 1 509 1
212 0 5 648 1 489 1 554 1 712 1 621 1
213 0 5 649 1 498 1 596 1 723 1 483 1
214 0 5 650 1 526 1 617 1 619 1 636 1
215 0 5 651 1 529 1 599 1 680 1 564 1
216 0 5 652 1 747 1 532 1 805 1 583 1
217 0 5 653 1 673 1 655 1 740 1 741 1
218 0 5 654 1 597 1 557 1 831 1 728 1
219 0 5 655 1 673 1 653 1 741 1 740 1
220 0 5 656 1 475 1 533 1 590 1 628 1
221 0 5 657 1 740 1 661 1 515 1 717 1
222 0 5 658 1 462 1 742 1 736 1 486 1
223 0 5 659 1 675 1 702 1 551 1 765 1
224 0 5 660 1 466 1 723 1 732 1 757 1
225 0 5 661 1 740 1 657 1 515 1 526 1
226 0 5 662 1 828 1 696 1 647 1 752 1
227 0 5 663 1 615 1 513 1 772 1 488 1
228 0 5 664 1 760 1 465 1 646 1 479 1
229 0 5 665 1 616 1 756 1 497 1 525 1
230 0 5 666 1 612 1 496 1 442 1 820 1
231 0 5 667 1 571 1 524 1 588 1 699 1
232 0 5 668 1 704 1 549 1 503 1 824 1
233 0 5 669 1 688 1 550 1 794 1 755 1
234 0 5 670 1 607 1 521 1 555 1 593 1
235 0 5 671 1 830 1 776 1 593 1 588 1
236 0 5 672 1 508 1 585 1 833 1 819 1
237 0 5 673 1 653 1 655 1 740 1 741 1
238 0 5 674 1 702 1 459 1 576 1 675 1
239 0 5 675 1 551 1 702 1 576 1 674 1
240 0 5 676 1 808 1 802 1 691 1 811 1
241 0 5 677 1 578 1 493 1 627 1 775 1
242 0 5 678 1 729 1 768 1 538 1 737 1
243 0 5 679 1 818 1 777 1 769 1 595 1
244 0 5 680 1 799 1 823 1 445 1 710 1
245 0 5 681 1 707 1 606 1 601 1 480 1
246 0 5 682 1 522 1 531 1 525 1 756 1
247 0 5 683 1 789 1 765 1 536 1 592 1
248 0 5 684 1 758 1 492 1 770 1 550 1
249 0 5 685 1 785 1 451 1 594 1 795 1
250 0 5 686 1 669 1 794 1 606 1 688 1
251 0 5 687 1 557 1 713 1 837 1 728 1
252 0 5 688 1 669 1 596 1 719 1 819 1
253 0 5 689 1 635 1 637 1 642 1 701 1
254 0 5 690 1 703 1 628 1 727 1 501 1
255 0 5 691 1 808 1 811 1 802 1 668 1
256 0 5 692 1 440 1 503 1 549 1 824 1
257 0 5 693 1 454 1 538 1 555 1 792 1
258 0 5 694 1 791 1 486 1 658 1 634 1
259 0 5 695 1 774 1 813 1 544 1 513 1
260 0 5 696 1 828 1 546 1 606 1 662 1
261 0 5 697 1 471 1 763 1 634 1 835 1
262 0 5 698 1 562 1 762 1 717 1 784 1
263 0 5 699 1 830 1 524 1 588 1 667 1
264 0 5 700 1 822 1 826 1 778 1 812 1
265 0 5 701 1 635 1 689 1 637 1 642 1
266 0 5 702 1 576 1 551 1 675 1 659 1
267 0 5 703 1 628 1 690 1 656 1 501 1
268 0 5 704 1 604 1 503 1 836 1 668 1
269 0 5 705 1 797 1 489 1 809 1 554 1
270 0 5 706 1 598 1 630 1 610 1 783 1
271 0 5 707 1 752 1 601 1 669 1 794 1
272 0 5 708 1 550 1 592 1 755 1 518 1
273 0 5 709 1 807 1 737 1 768 1 530 1
274 0 5 710 1 627 1 484 1 799 1 482 1
275 0 5 711 1 719 1 603 1 832 1 833 1
276 0 5 712 1 442 1 516 1 558 1 489 1
277 0 5 713 1 781 1 773 1 567 1 535 1
278 0 5 714 1 518 1 708 1 550 1 755 1
279 0 5 715 1 767 1 822 1 700 1 620 1
280 0 5 716 1 834 1 612 1 472 1 726 1
281 0 5 717 1 562 1 698 1 784 1 762 1
282 0 5 718 1 741 1 521 1 673 1 655 1
283 0 5 719 1 603 1 711 1 819 1 832 1
284 0 5 720 1 734 1 572 1 589 1 782 1
285 0 5 721 1 612 1 762 1 834 1 716 1
286 0 5 722 1 581 1 833 1 466 1 457 1
287 0 5 723 1 732 1 660 1 498 1 649 1
288 0 5 724 1 717 1 562 1 673 1 543 1
289 0 5 725 1 622 1 523 1 609 1 600 1
290 0 5 726 1 472 1 820 1 496 1 666 1
291 0 5 727 1 501 1 690 1 634 1 591 1
292 0 5 728 1 831 1 557 1 687 1 773 1
293 0 5 729 1 678 1 768 1 737 1 467 1
294 0 5 730 1 453 1 817 1 474 1 787 1
295 0 5 731 1 592 1 814 1 755 1 469 1
296 0 5 732 1 613 1 723 1 660 1 770 1
297 0 5 733 1 604 1 704 1 468 1 471 1
298 0 5 734 1 782 1 505 1 589 1 800 1
299 0 5 735 1 528 1 605 1 488 1 718 1
300 0 5 736 1 549 1 611 1 742 1 537 1
301 0 5 737 1 530 1 693 1 467 1 538 1
302 0 5 738 1 569 1 469 1 714 1 576 1
303 0 5 739 1 523 1 622 1 600 1 725 1
304 0 5 740 1 717 1 562 1 657 1 661 1
305 0 5 741 1 718 1 655 1 673 1 653 1
306 0 5 742 1 736 1 611 1 658 1 468 1
307 0 5 743 1 586 1 467 1 709 1 642 1
308 0 5 744 1 471 1 519 1 766 1 806 1
309 0 5 745 1 499 1 577 1 586 1 780 1
310 0 5 746 1 804 1 474 1 608 1 730 1
311 0 5 747 1 583 1 570 1 532 1 559 1
312 0 5 748 1 545 1 772 1 521 1 488 1
313 0 5 749 1 827 1 810 1 585 1 629 1
314 0 5 750 1 500 1 636 1 598 1 593 1
315 0 5 751 1 825 1 500 1 778 1 593 1
316 0 5 752 1 696 1 662 1 647 1 828 1
317 0 5 753 1 822 1 700 1 768 1 826 1
318 0 5 754 1 461 1 447 1 796 1 832 1
319 0 5 755 1 731 1 456 1 794 1 550 1
320 0 5 756 1 772 1 525 1 786 1 522 1
321 0 5 757 1 827 1 466 1 660 1 629 1
322 0 5 758 1 492 1 684 1 550 1 708 1
323 0 5 759 1 507 1 632 1 534 1 502 1
324 0 5 760 1 771 1 835 1 465 1 763 1
325 0 5 761 1 575 1 553 1 796 1 622 1
326 0 5 762 1 698 1 721 1 562 1 784 1
327 0 5 763 1 452 1 835 1 634 1 801 1
328 0 5 764 1 519 1 471 1 468 1 744 1
329 0 5 765 1 683 1 536 1 592 1 659 1
330 0 5 766 1 626 1 760 1 574 1 806 1
331 0 5 767 1 588 1 700 1 715 1 812 1
332 0 5 768 1 780 1 729 1 709 1 443 1
333 0 5 769 1 455 1 517 1 438 1 679 1
334 0 5 770 1 492 1 684 1 758 1 732 1
335 0 5 771 1 574 1 479 1 623 1 448 1
336 0 5 772 1 663 1 748 1 756 1 786 1
337 0 5 773 1 728 1 831 1 713 1 557 1
338 0 5 774 1 695 1 544 1 615 1 813 1
339 0 5 775 1 529 1 651 1 578 1 493 1
340 0 5 776 1 671 1 547 1 620 1 540 1
341 0 5 777 1 818 1 679 1 446 1 525 1
342 0 5 778 1 826 1 670 1 751 1 825 1
343 0 5 779 1 706 1 630 1 783 1 750 1
344 0 5 780 1 443 1 490 1 709 1 745 1
345 0 5 781 1 535 1 728 1 713 1 567 1
346 0 5 782 1 505 1 720 1 507 1 632 1
347 0 5 783 1 610 1 630 1 524 1 706 1
348 0 5 784 1 543 1 562 1 717 1 641 1
349 0 5 785 1 594 1 685 1 517 1 451 1
350 0 5 786 1 602 1 616 1 525 1 821 1
351 0 5 787 1 659 1 730 1 675 1 474 1
352 0 5 788 1 785 1 451 1 685 1 639 1
353 0 5 789 1 460 1 551 1 765 1 613 1
354 0 5 790 1 528 1 655 1 761 1 735 1
355 0 5 791 1 486 1 658 1 694 1 835 1
356 0 5 792 1 555 1 678 1 495 1 682 1
357 0 5 793 1 658 1 802 1 742 1 676 1
358 0 5 794 1 686 1 755 1 669 1 456 1
359 0 5 795 1 495 1 525 1 560 1 530 1
360 0 5 796 1 754 1 461 1 523 1 719 1
361 0 5 797 1 705 1 809 1 489 1 712 1
362 0 5 798 1 731 1 814 1 647 1 755 1
363 0 5 799 1 463 1 482 1 484 1 470 1
364 0 5 800 1 563 1 638 1 514 1 572 1
365 0 5 801 1 486 1 462 1 791 1 501 1
366 0 5 802 1 793 1 676 1 742 1 736 1
367 0 5 803 1 566 1 511 1 565 1 578 1
368 0 5 804 1 564 1 608 1 647 1 798 1
369 0 5 805 1 713 1 773 1 781 1 532 1
370 0 5 806 1 766 1 744 1 471 1 519 1
371 0 5 807 1 737 1 490 1 768 1 743 1
372 0 5 808 1 676 1 802 1 691 1 811 1
373 0 5 809 1 476 1 487 1 582 1 485 1
374 0 5 810 1 749 1 827 1 644 1 585 1
375 0 5 811 1 691 1 808 1 692 1 440 1
376 0 5 812 1 715 1 767 1 700 1 822 1
377 0 5 813 1 567 1 513 1 541 1 605 1
378 0 5 814 1 512 1 798 1 608 1 731 1
379 0 5 815 1 610 1 571 1 534 1 816 1
380 0 5 816 1 534 1 502 1 610 1 779 1
381 0 5 817 1 453 1 730 1 746 1 677 1
382 0 5 818 1 777 1 679 1 552 1 542 1
383 0 5 819 1 833 1 719 1 624 1 596 1
384 0 5 820 1 496 1 442 1 666 1 516 1
385 0 5 821 1 616 1 615 1 497 1 448 1
386 0 5 822 1 540 1 620 1 700 1 490 1
387 0 5 823 1 799 1 680 1 450 1 445 1
388 0 5 824 1 549 1 668 1 692 1 440 1
389 0 5 825 1 751 1 500 1 778 1 779 1
390 0 5 826 1 753 1 700 1 729 1 678 1
391 0 5 827 1 810 1 749 1 644 1 757 1
392 0 5 828 1 546 1 606 1 752 1 510 1
393 0 5 829 1 438 1 517 1 769 1 679 1
394 0 5 830 1 776 1 671 1 547 1 620 1
395 0 5 831 1 574 1 623 1 771 1 567 1
396 0 5 832 1 711 1 587 1 603 1 461 1
397 0 5 833 1 582 1 476 1 441 1 819 1
398 0 5 834 1 716 1 612 1 721 1 472 1
399 0 5 835 1 452 1 634 1 763 1 465 1
400 0 5 836 1 733 1 604 1 736 1 704 1
401 0 5 837 1 823 1 713 1 510 1 579 1
402 0 5 838 0 437 1 838 1 839 1 840 1
403 0 5 839 0 437 1 838 1 839 1 840 1
404 0 5 840 0 437 1 838 1 839 1 840 1
405 0 5 841 0 437 1 838 1 839 1 840 1
406 0 5 842 0 437 1 838 1 839 1 840 1
407 0 5 843 0 437 1 838 1 839 1 840 1
408 0 5 844 0 437 1 838 1 839 1 840 1
409 0 5 845 0 437 1 838 1 839 1 840 1
410 0 5 846 0 437 1 838 1 839 1 840 1
411 0 5 847 0 437 1 838 1 839 1 840 1
412 0 5 848 0 437 1 838 1 839 1 840 1
413 0 5 849 0 437 1 838 1 839 1 840 1
414 0 5 850 0 437 1 838 1 839 1 840 1
415 0 5 851 0 437 1 838 1 839 1 840 1
416 0 5 852 0 437 1 838 1 839 1 840 1
417 0 5 853 0 437 1 838 1 839 1 840 1
418 0 5 854 0 437 1 838 1 839 1 840 1
419 0 5 855 0 437 1 838 1 839 1 840 1
420 0 5 856 0 437 1 838 1 839 1 840 1
421 0 5 857 0 437 1 838 1 839 1 840 1
422 0 5 858 0 437 1 838 1 839 1 840 1
423 0 5 859 0 437 1 838 1 839 1 840 1
424 0 5 860 0 437 1 838 1 839 1 840 1
425 0 5 861 0 437 1 838 1 839 1 840 1
426 0 5 862 0 437 1 838 1 839 1 840 1
427 0 5 863 0 437 1 838 1 839 1 840 1
428 0 5 864 0 437 1 838 1 839 1 840 1
429 0 5 865 0 437 1 838 1 839 1 840 1
430 0 5 866 0 437 1 838 1 839 1 840 1
431 0 5 867 0 437 1 838 1 839 1 840 1
432 0 5 868 0 437 1 838 1 839 1 840 1
433 0 5 869 0 437 1 838 1 839 1 840 1
434 0 5 870 0 437 1 838 1 839 1 840 1
435 0 5 871 0 437 1 838 1 839 1 840 1
436 0 5 872 0 437 1 838 1 839 1 840 1
437 0 5 1 0 436 1 435 1 434 1 433 1
438 0 5 2 1 81 1 112 1 393 1 158 1
439 0 5 3 1 176 1 290 1 36 1 60 1
440 0 5 4 1 388 1 375 1 129 1 256 1
441 0 5 5 1 397 1 146 1 149 1 118 1
442 0 5 6 1 276 1 80 1 122 1 60 1
443 0 5 7 1 344 1 332 1 307 1 54 1
444 0 5 8 1 125 1 86 1 320 1 350 1
445 0 5 9 1 14 1 244 1 46 1 34 1
446 0 5 10 1 58 1 155 1 55 1 210 1
447 0 5 11 1 318 1 360 1 117 1 169 1
448 0 5 12 1 41 1 335 1 179 1 105 1
449 0 5 13 1 84 1 203 1 15 1 201 1
450 0 5 14 1 244 1 163 1 387 1 363 1
451 0 5 15 1 249 1 349 1 352 1 203 1
452 0 5 16 1 327 1 198 1 399 1 365 1
453 0 5 17 1 381 1 310 1 241 1 294 1
454 0 5 18 1 257 1 102 1 301 1 59 1
455 0 5 19 1 333 1 159 1 158 1 84 1
456 0 5 20 1 82 1 319 1 358 1 278 1
457 0 5 21 1 145 1 149 1 286 1 236 1
458 0 5 22 1 66 1 78 1 37 1 68 1
459 0 5 23 1 24 1 140 1 238 1 133 1
460 0 5 24 1 353 1 23 1 238 1 100 1
461 0 5 25 1 318 1 396 1 11 1 360 1
462 0 5 26 1 222 1 365 1 50 1 258 1
463 0 5 27 1 191 1 363 1 274 1 57 1
464 0 5 28 1 121 1 147 1 134 1 161 1
465 0 5 29 1 228 1 399 1 58 1 43 1
466 0 5 30 1 145 1 321 1 224 1 149 1
467 0 5 31 1 301 1 242 1 307 1 293 1
468 0 5 32 1 83 1 35 1 175 1 328 1
469 0 5 33 1 295 1 302 1 156 1 140 1
470 0 5 34 1 363 1 48 1 46 1 244 1
471 0 5 35 1 308 1 261 1 370 1 328 1
472 0 5 36 1 290 1 176 1 122 1 384 1
473 0 5 37 1 22 1 66 1 78 1 68 1
474 0 5 38 1 310 1 172 1 368 1 73 1
475 0 5 39 1 97 1 154 1 65 1 220 1
476 0 5 40 1 373 1 146 1 397 1 49 1
477 0 5 41 1 55 1 12 1 61 1 43 1
478 0 5 42 1 120 1 137 1 103 1 274 1
479 0 5 43 1 335 1 228 1 210 1 41 1
480 0 5 44 1 189 1 245 1 170 1 289 1
481 0 5 45 1 51 1 25 1 205 1 318 1
482 0 5 46 1 274 1 363 1 57 1 48 1
483 0 5 47 1 72 1 213 1 188 1 248 1
484 0 5 48 1 363 1 274 1 46 1 142 1
485 0 5 49 1 51 1 275 1 167 1 373 1
486 0 5 50 1 365 1 154 1 39 1 355 1
487 0 5 51 1 373 1 290 1 49 1 361 1
488 0 5 52 1 227 1 299 1 109 1 336 1
489 0 5 53 1 212 1 276 1 118 1 361 1
490 0 5 54 1 371 1 344 1 386 1 141 1
491 0 5 55 1 10 1 61 1 41 1 335 1
492 0 5 56 1 334 1 322 1 197 1 248 1
493 0 5 57 1 142 1 241 1 191 1 339 1
494 0 5 58 1 155 1 210 1 10 1 43 1
495 0 5 59 1 359 1 124 1 242 1 94 1
496 0 5 60 1 176 1 290 1 384 1 3 1
497 0 5 61 1 55 1 10 1 180 1 41 1
498 0 5 62 1 213 1 30 1 47 1 287 1
499 0 5 63 1 309 1 141 1 150 1 307 1
500 0 5 64 1 315 1 389 1 157 1 314 1
501 0 5 65 1 291 1 365 1 254 1 220 1
502 0 5 66 1 78 1 37 1 22 1 380 1
503 0 5 67 1 232 1 268 1 375 1 42 1
504 0 5 68 1 135 1 202 1 22 1 66 1
505 0 5 69 1 346 1 196 1 298 1 71 1
506 0 5 70 1 147 1 134 1 121 1 120 1
507 0 5 71 1 323 1 196 1 69 1 98 1
508 0 5 72 1 188 1 236 1 62 1 213 1
509 0 5 73 1 165 1 128 1 211 1 172 1
510 0 5 74 1 170 1 401 1 110 1 392 1
511 0 5 75 1 129 1 130 1 142 1 367 1
512 0 5 76 1 378 1 172 1 38 1 310 1
513 0 5 77 1 377 1 227 1 131 1 189 1
514 0 5 78 1 22 1 66 1 37 1 202 1
515 0 5 79 1 304 1 132 1 281 1 126 1
516 0 5 80 1 6 1 122 1 36 1 276 1
517 0 5 81 1 2 1 158 1 112 1 333 1
518 0 5 82 1 278 1 20 1 272 1 319 1
519 0 5 83 1 35 1 328 1 308 1 190 1
520 0 5 84 1 265 1 203 1 349 1 206 1
521 0 5 85 1 282 1 171 1 95 1 246 1
522 0 5 86 1 246 1 8 1 320 1 59 1
523 0 5 87 1 289 1 303 1 117 1 360 1
524 0 5 88 1 152 1 263 1 231 1 343 1
525 0 5 89 1 8 1 207 1 166 1 359 1
526 0 5 90 1 214 1 144 1 200 1 195 1
527 0 5 91 1 87 1 303 1 289 1 178 1
528 0 5 92 1 354 1 299 1 139 1 169 1
529 0 5 93 1 339 1 215 1 163 1 57 1
530 0 5 94 1 31 1 301 1 124 1 59 1
531 0 5 95 1 246 1 125 1 336 1 85 1
532 0 5 96 1 277 1 311 1 216 1 34 1
533 0 5 97 1 39 1 220 1 65 1 154 1
534 0 5 98 1 66 1 380 1 78 1 174 1
535 0 5 99 1 345 1 277 1 292 1 337 1
536 0 5 100 1 24 1 197 1 247 1 329 1
537 0 5 101 1 175 1 300 1 222 1 306 1
538 0 5 102 1 242 1 257 1 18 1 301 1
539 0 5 103 1 42 1 129 1 130 1 256 1
540 0 5 104 1 386 1 184 1 111 1 340 1
541 0 5 105 1 377 1 336 1 1 1 52 1
542 0 5 106 1 112 1 166 1 116 1 207 1
543 0 5 107 1 126 1 281 1 348 1 326 1
544 0 5 108 1 187 1 338 1 259 1 131 1
545 0 5 109 1 312 1 52 1 227 1 336 1
546 0 5 110 1 392 1 260 1 170 1 226 1
547 0 5 111 1 184 1 340 1 104 1 263 1
548 0 5 112 1 106 1 166 1 207 1 116 1
549 0 5 113 1 388 1 300 1 232 1 375 1
550 0 5 114 1 233 1 272 1 82 1 322 1
551 0 5 115 1 239 1 33 1 266 1 223 1
552 0 5 116 1 155 1 106 1 382 1 112 1
553 0 5 117 1 325 1 173 1 139 1 186 1
554 0 5 118 1 185 1 5 1 212 1 361 1
555 0 5 119 1 18 1 171 1 356 1 257 1
556 0 5 120 1 70 1 137 1 161 1 147 1
557 0 5 121 1 251 1 292 1 337 1 28 1
558 0 5 122 1 80 1 6 1 36 1 276 1
559 0 5 123 1 121 1 311 1 137 1 147 1
560 0 5 124 1 94 1 15 1 352 1 349 1
561 0 5 125 1 95 1 246 1 86 1 8 1
562 0 5 126 1 281 1 304 1 262 1 79 1
563 0 5 127 1 364 1 78 1 202 1 298 1
564 0 5 128 1 368 1 73 1 172 1 310 1
565 0 5 129 1 42 1 142 1 130 1 103 1
566 0 5 130 1 367 1 129 1 75 1 142 1
567 0 5 131 1 99 1 277 1 377 1 345 1
568 0 5 132 1 194 1 148 1 174 1 347 1
569 0 5 133 1 302 1 23 1 140 1 33 1
570 0 5 134 1 311 1 147 1 137 1 277 1
571 0 5 135 1 231 1 88 1 68 1 202 1
572 0 5 136 1 127 1 298 1 284 1 364 1
573 0 5 137 1 120 1 103 1 161 1 67 1
574 0 5 138 1 187 1 395 1 335 1 99 1
575 0 5 139 1 325 1 1 1 169 1 186 1
576 0 5 140 1 33 1 266 1 239 1 238 1
577 0 5 141 1 309 1 54 1 63 1 265 1
578 0 5 142 1 241 1 57 1 339 1 75 1
579 0 5 143 1 110 1 392 1 170 1 401 1
580 0 5 144 1 90 1 270 1 389 1 200 1
581 0 5 145 1 21 1 149 1 286 1 30 1
582 0 5 146 1 40 1 397 1 178 1 167 1
583 0 5 147 1 311 1 137 1 70 1 216 1
584 0 5 148 1 98 1 194 1 174 1 379 1
585 0 5 149 1 21 1 145 1 236 1 397 1
586 0 5 150 1 307 1 206 1 265 1 309 1
587 0 5 151 1 396 1 51 1 49 1 25 1
588 0 5 152 1 263 1 331 1 231 1 340 1
589 0 5 153 1 284 1 298 1 136 1 364 1
590 0 5 154 1 65 1 39 1 220 1 97 1
591 0 5 155 1 210 1 58 1 291 1 29 1
592 0 5 156 1 295 1 272 1 302 1 329 1
593 0 5 157 1 64 1 315 1 314 1 171 1
594 0 5 158 1 349 1 19 1 249 1 15 1
595 0 5 159 1 192 1 155 1 267 1 243 1
596 0 5 160 1 62 1 213 1 188 1 252 1
597 0 5 161 1 121 1 137 1 28 1 147 1
598 0 5 162 1 270 1 132 1 314 1 200 1
599 0 5 163 1 93 1 215 1 339 1 244 1
600 0 5 164 1 91 1 303 1 289 1 245 1
601 0 5 165 1 271 1 44 1 110 1 392 1
602 0 5 166 1 89 1 350 1 207 1 8 1
603 0 5 167 1 283 1 275 1 40 1 396 1
604 0 5 168 1 297 1 83 1 268 1 400 1
605 0 5 169 1 139 1 1 1 92 1 299 1
606 0 5 170 1 392 1 260 1 74 1 44 1
607 0 5 171 1 234 1 119 1 342 1 157 1
608 0 5 172 1 368 1 73 1 38 1 128 1
609 0 5 173 1 289 1 117 1 139 1 164 1
610 0 5 174 1 379 1 270 1 98 1 347 1
611 0 5 175 1 32 1 83 1 101 1 300 1
612 0 5 176 1 285 1 3 1 230 1 36 1
613 0 5 177 1 296 1 209 1 224 1 30 1
614 0 5 178 1 360 1 383 1 188 1 275 1
615 0 5 179 1 227 1 385 1 105 1 12 1
616 0 5 180 1 229 1 385 1 350 1 227 1
617 0 5 181 1 183 1 79 1 200 1 214 1
618 0 5 182 1 304 1 79 1 195 1 214 1
619 0 5 183 1 200 1 181 1 389 1 64 1
620 0 5 184 1 104 1 111 1 340 1 386 1
621 0 5 185 1 5 1 118 1 397 1 149 1
622 0 5 186 1 289 1 303 1 173 1 1 1
623 0 5 187 1 138 1 395 1 99 1 108 1
624 0 5 188 1 178 1 383 1 160 1 236 1
625 0 5 189 1 44 1 169 1 1 1 289 1
626 0 5 190 1 330 1 261 1 308 1 327 1
627 0 5 191 1 274 1 57 1 241 1 163 1
628 0 5 192 1 267 1 159 1 254 1 155 1
629 0 5 193 1 208 1 30 1 391 1 321 1
630 0 5 194 1 270 1 343 1 79 1 304 1
631 0 5 195 1 304 1 194 1 182 1 214 1
632 0 5 196 1 69 1 71 1 323 1 176 1
633 0 5 197 1 24 1 23 1 100 1 209 1
634 0 5 198 1 16 1 327 1 399 1 154 1
635 0 5 199 1 253 1 201 1 265 1 206 1
636 0 5 200 1 314 1 90 1 162 1 315 1
637 0 5 201 1 265 1 199 1 84 1 206 1
638 0 5 202 1 68 1 135 1 364 1 22 1
639 0 5 203 1 13 1 84 1 15 1 352 1
640 0 5 204 1 121 1 161 1 147 1 123 1
641 0 5 205 1 126 1 326 1 281 1 262 1
642 0 5 206 1 265 1 201 1 371 1 307 1
643 0 5 207 1 166 1 89 1 243 1 112 1
644 0 5 208 1 391 1 30 1 193 1 374 1
645 0 5 209 1 197 1 177 1 24 1 296 1
646 0 5 210 1 43 1 228 1 58 1 29 1
647 0 5 211 1 368 1 226 1 362 1 260 1
648 0 5 212 1 53 1 118 1 185 1 5 1
649 0 5 213 1 47 1 62 1 287 1 160 1
650 0 5 214 1 304 1 90 1 389 1 195 1
651 0 5 215 1 339 1 93 1 241 1 57 1
652 0 5 216 1 34 1 311 1 134 1 96 1
653 0 5 217 1 237 1 219 1 11 1 305 1
654 0 5 218 1 161 1 121 1 147 1 28 1
655 0 5 219 1 217 1 237 1 305 1 354 1
656 0 5 220 1 97 1 154 1 65 1 39 1
657 0 5 221 1 304 1 79 1 225 1 182 1
658 0 5 222 1 26 1 357 1 306 1 258 1
659 0 5 223 1 156 1 295 1 351 1 266 1
660 0 5 224 1 30 1 287 1 177 1 296 1
661 0 5 225 1 304 1 221 1 79 1 182 1
662 0 5 226 1 128 1 260 1 316 1 172 1
663 0 5 227 1 105 1 336 1 52 1 77 1
664 0 5 228 1 29 1 43 1 399 1 335 1
665 0 5 229 1 89 1 350 1 180 1 320 1
666 0 5 230 1 176 1 290 1 60 1 36 1
667 0 5 231 1 88 1 152 1 263 1 135 1
668 0 5 232 1 388 1 268 1 113 1 67 1
669 0 5 233 1 114 1 252 1 358 1 271 1
670 0 5 234 1 342 1 181 1 157 1 119 1
671 0 5 235 1 340 1 152 1 263 1 394 1
672 0 5 236 1 188 1 72 1 62 1 383 1
673 0 5 237 1 217 1 219 1 305 1 288 1
674 0 5 238 1 115 1 239 1 266 1 140 1
675 0 5 239 1 223 1 266 1 238 1 351 1
676 0 5 240 1 372 1 366 1 255 1 375 1
677 0 5 241 1 142 1 57 1 191 1 339 1
678 0 5 242 1 293 1 102 1 332 1 390 1
679 0 5 243 1 116 1 382 1 106 1 341 1
680 0 5 244 1 387 1 363 1 163 1 215 1
681 0 5 245 1 44 1 189 1 170 1 91 1
682 0 5 246 1 86 1 125 1 8 1 95 1
683 0 5 247 1 329 1 100 1 156 1 302 1
684 0 5 248 1 47 1 334 1 322 1 56 1
685 0 5 249 1 15 1 349 1 352 1 158 1
686 0 5 250 1 358 1 114 1 272 1 82 1
687 0 5 251 1 292 1 121 1 337 1 345 1
688 0 5 252 1 233 1 114 1 160 1 178 1
689 0 5 253 1 265 1 201 1 199 1 206 1
690 0 5 254 1 267 1 291 1 155 1 154 1
691 0 5 255 1 113 1 375 1 240 1 300 1
692 0 5 256 1 129 1 388 1 4 1 375 1
693 0 5 257 1 301 1 102 1 371 1 18 1
694 0 5 258 1 16 1 26 1 50 1 355 1
695 0 5 259 1 131 1 338 1 108 1 77 1
696 0 5 260 1 316 1 226 1 165 1 211 1
697 0 5 261 1 399 1 327 1 330 1 370 1
698 0 5 262 1 126 1 281 1 326 1 79 1
699 0 5 263 1 152 1 279 1 111 1 331 1
700 0 5 264 1 331 1 376 1 279 1 390 1
701 0 5 265 1 63 1 206 1 199 1 150 1
702 0 5 266 1 223 1 140 1 23 1 239 1
703 0 5 267 1 192 1 254 1 154 1 39 1
704 0 5 268 1 232 1 67 1 137 1 120 1
705 0 5 269 1 361 1 118 1 122 1 53 1
706 0 5 270 1 343 1 347 1 314 1 174 1
707 0 5 271 1 245 1 44 1 170 1 233 1
708 0 5 272 1 133 1 278 1 322 1 56 1
709 0 5 273 1 7 1 332 1 307 1 371 1
710 0 5 274 1 48 1 46 1 34 1 191 1
711 0 5 275 1 396 1 283 1 178 1 40 1
712 0 5 276 1 53 1 6 1 122 1 80 1
713 0 5 277 1 251 1 401 1 99 1 337 1
714 0 5 278 1 133 1 302 1 33 1 23 1
715 0 5 279 1 376 1 331 1 264 1 152 1
716 0 5 280 1 398 1 126 1 281 1 205 1
717 0 5 281 1 304 1 126 1 79 1 262 1
718 0 5 282 1 305 1 92 1 299 1 354 1
719 0 5 283 1 275 1 383 1 178 1 252 1
720 0 5 284 1 127 1 346 1 153 1 136 1
721 0 5 285 1 176 1 326 1 281 1 126 1
722 0 5 286 1 149 1 236 1 72 1 30 1
723 0 5 287 1 62 1 30 1 296 1 224 1
724 0 5 288 1 11 1 217 1 79 1 219 1
725 0 5 289 1 303 1 186 1 164 1 173 1
726 0 5 290 1 36 1 176 1 122 1 80 1
727 0 5 291 1 65 1 254 1 267 1 365 1
728 0 5 292 1 99 1 337 1 345 1 251 1
729 0 5 293 1 242 1 332 1 102 1 390 1
730 0 5 294 1 38 1 351 1 310 1 381 1
731 0 5 295 1 362 1 319 1 211 1 156 1
732 0 5 296 1 287 1 177 1 30 1 224 1
733 0 5 297 1 35 1 268 1 400 1 83 1
734 0 5 298 1 136 1 284 1 127 1 153 1
735 0 5 299 1 1 1 92 1 139 1 169 1
736 0 5 300 1 113 1 101 1 175 1 306 1
737 0 5 301 1 371 1 242 1 102 1 124 1
738 0 5 302 1 156 1 23 1 133 1 140 1
739 0 5 303 1 91 1 164 1 289 1 186 1
740 0 5 304 1 221 1 237 1 225 1 182 1
741 0 5 305 1 219 1 282 1 217 1 237 1
742 0 5 306 1 222 1 175 1 300 1 101 1
743 0 5 307 1 31 1 150 1 371 1 7 1
744 0 5 308 1 83 1 370 1 35 1 168 1
745 0 5 309 1 141 1 150 1 63 1 307 1
746 0 5 310 1 38 1 172 1 368 1 128 1
747 0 5 311 1 216 1 70 1 120 1 137 1
748 0 5 312 1 109 1 336 1 227 1 52 1
749 0 5 313 1 374 1 391 1 208 1 30 1
750 0 5 314 1 162 1 270 1 64 1 157 1
751 0 5 315 1 157 1 342 1 64 1 389 1
752 0 5 316 1 165 1 211 1 271 1 143 1
753 0 5 317 1 390 1 264 1 171 1 386 1
754 0 5 318 1 11 1 360 1 25 1 396 1
755 0 5 319 1 295 1 358 1 114 1 211 1
756 0 5 320 1 86 1 8 1 246 1 336 1
757 0 5 321 1 30 1 224 1 391 1 177 1
758 0 5 322 1 56 1 248 1 47 1 334 1
759 0 5 323 1 98 1 71 1 196 1 148 1
760 0 5 324 1 138 1 228 1 190 1 187 1
761 0 5 325 1 139 1 117 1 186 1 173 1
762 0 5 326 1 126 1 281 1 262 1 148 1
763 0 5 327 1 16 1 261 1 198 1 399 1
764 0 5 328 1 83 1 35 1 308 1 370 1
765 0 5 329 1 156 1 247 1 56 1 223 1
766 0 5 330 1 370 1 308 1 190 1 395 1
767 0 5 331 1 279 1 376 1 152 1 235 1
768 0 5 332 1 293 1 242 1 371 1 273 1
769 0 5 333 1 19 1 243 1 116 1 112 1
770 0 5 334 1 197 1 209 1 248 1 296 1
771 0 5 335 1 138 1 324 1 29 1 43 1
772 0 5 336 1 320 1 227 1 86 1 246 1
773 0 5 337 1 277 1 292 1 99 1 96 1
774 0 5 338 1 108 1 187 1 259 1 131 1
775 0 5 339 1 27 1 142 1 57 1 191 1
776 0 5 340 1 394 1 235 1 263 1 111 1
777 0 5 341 1 382 1 243 1 155 1 106 1
778 0 5 342 1 171 1 157 1 389 1 315 1
779 0 5 343 1 389 1 314 1 315 1 195 1
780 0 5 344 1 54 1 332 1 7 1 293 1
781 0 5 345 1 277 1 99 1 337 1 369 1
782 0 5 346 1 298 1 69 1 284 1 153 1
783 0 5 347 1 343 1 270 1 174 1 379 1
784 0 5 348 1 126 1 281 1 326 1 79 1
785 0 5 349 1 352 1 249 1 112 1 94 1
786 0 5 350 1 8 1 320 1 180 1 336 1
787 0 5 351 1 76 1 294 1 223 1 378 1
788 0 5 352 1 94 1 124 1 359 1 31 1
789 0 5 353 1 247 1 100 1 329 1 209 1
790 0 5 354 1 92 1 219 1 169 1 139 1
791 0 5 355 1 258 1 26 1 16 1 365 1
792 0 5 356 1 18 1 59 1 119 1 257 1
793 0 5 357 1 366 1 240 1 222 1 300 1
794 0 5 358 1 20 1 82 1 114 1 233 1
795 0 5 359 1 124 1 94 1 59 1 15 1
796 0 5 360 1 396 1 186 1 283 1 173 1
797 0 5 361 1 269 1 118 1 53 1 122 1
798 0 5 362 1 378 1 211 1 172 1 368 1
799 0 5 363 1 46 1 244 1 387 1 48 1
800 0 5 364 1 202 1 136 1 298 1 78 1
801 0 5 365 1 97 1 198 1 65 1 50 1
802 0 5 366 1 240 1 357 1 372 1 255 1
803 0 5 367 1 75 1 130 1 129 1 142 1
804 0 5 368 1 310 1 172 1 38 1 128 1
805 0 5 369 1 277 1 96 1 34 1 216 1
806 0 5 370 1 308 1 83 1 190 1 330 1
807 0 5 371 1 273 1 7 1 307 1 150 1
808 0 5 372 1 255 1 240 1 375 1 113 1
809 0 5 373 1 361 1 118 1 269 1 53 1
810 0 5 374 1 391 1 313 1 208 1 30 1
811 0 5 375 1 255 1 240 1 113 1 388 1
812 0 5 376 1 331 1 264 1 279 1 342 1
813 0 5 377 1 77 1 259 1 338 1 131 1
814 0 5 378 1 73 1 295 1 362 1 211 1
815 0 5 379 1 174 1 37 1 98 1 135 1
816 0 5 380 1 98 1 66 1 379 1 37 1
817 0 5 381 1 17 1 294 1 310 1 241 1
818 0 5 382 1 243 1 341 1 116 1 155 1
819 0 5 383 1 178 1 283 1 252 1 160 1
820 0 5 384 1 290 1 176 1 60 1 36 1
821 0 5 385 1 180 1 227 1 179 1 350 1
822 0 5 386 1 317 1 104 1 264 1 331 1
823 0 5 387 1 401 1 14 1 244 1 363 1
824 0 5 388 1 42 1 67 1 103 1 232 1
825 0 5 389 1 315 1 342 1 157 1 64 1
826 0 5 390 1 342 1 264 1 171 1 317 1
827 0 5 391 1 30 1 321 1 208 1 193 1
828 0 5 392 1 260 1 226 1 110 1 170 1
829 0 5 393 1 112 1 2 1 81 1 106 1
830 0 5 394 1 263 1 111 1 235 1 152 1
831 0 5 395 1 292 1 99 1 337 1 345 1
832 0 5 396 1 151 1 275 1 25 1 49 1
833 0 5 397 1 188 1 383 1 236 1 146 1
834 0 5 398 1 280 1 326 1 285 1 281 1
835 0 5 399 1 228 1 327 1 198 1 261 1
836 0 5 400 1 268 1 297 1 83 1 232 1
837 0 5 401 1 14 1 277 1 9 1 244 1
838 0 5 402 0 436 1 435 1 434 1 433 1
839 0 5 403 0 436 1 435 1 434 1 433 1
840 0 5 404 0 436 1 435 1 434 1 433 1
841 0 5 405 0 436 1 435 1 434 1 433 1
842 0 5 406 0 436 1 435 1 434 1 433 1
843 0 5 407 0 436 1 435 1 434 1 433 1
844 0 5 408 0 436 1 435 1 434 1 433 1
845 0 5 409 0 436 1 435 1 434 1 433 1
846 0 5 410 0 436 1 435 1 434 1 433 1
847 0 5 411 0 436 1 435 1 434 1 433 1
848 0 5 412 0 436 1 435 1 434 1 433 1
849 0 5 413 0 436 1 435 1 434 1 433 1
850 0 5 414 0 436 1 435 1 434 1 433 1
851 0 5 415 0 436 1 435 1 434 1 433 1
852 0 5 416 0 436 1 435 1 434 1 433 1
853 0 5 417 0 436 1 435 1 434 1 433 1
854 0 5 418 0 436 1 435 1 434 1 433 1
855 0 5 419 0 436 1 435 1 434 1 433 1
856 0 5 420 0 436 1 435 1 434 1 433 1
857 0 5 421 0 436 1 435 1 434 1 433 1
858 0 5 422 0 436 1 435 1 434 1 433 1
859 0 5 423 0 436 1 435 1 434 1 433 1
860 0 5 424 0 436 1 435 1 434 1 433 1
861 0 5 425 0 436 1 435 1 434 1 433 1
862 0 5 426 0 436 1 435 1 434 1 433 1
863 0 5 427 0 436 1 435 1 434 1 433 1
864 0 5 428 0 436 1 435 1 434 1 433 1
865 0 5 429 0 436 1 435 1 434 1 433 1
866 0 5 430 0 436 1 435 1 434 1 433 1
867 0 5 431 0 436 1 435 1 434 1 433 1
868 0 5 432 0 436 1 435 1 434 1 433 1
869 0 5 433 0 436 1 435 1 434 1 433 1
870 0 5 434 0 436 1 435 1 434 1 433 1
871 0 5 435 0 436 1 435 1 434 1 433 1
872 0 5 436 0 436 1 435 1 434 1 433 1
-1
EOF
