1308
1 0 5 655 0 1308 1 1307 1 1306 1 1305 1
2 0 5 656 1 1202 1 685 1 959 1 875 1
3 0 5 657 1 1116 1 1056 1 781 1 1177 1
4 0 5 658 1 824 1 836 1 686 1 895 1
5 0 5 659 1 730 1 1011 1 693 1 991 1
6 0 5 660 1 1185 1 1240 1 1231 1 789 1
7 0 5 661 1 1134 1 902 1 812 1 1089 1
8 0 5 662 1 815 1 1010 1 1008 1 755 1
9 0 5 663 1 1046 1 866 1 934 1 835 1
10 0 5 664 1 1098 1 1021 1 1099 1 1020 1
11 0 5 665 1 810 1 674 1 1080 1 1055 1
12 0 5 666 1 1027 1 709 1 1037 1 826 1
13 0 5 667 1 696 1 1232 1 1208 1 1006 1
14 0 5 668 1 916 1 921 1 1205 1 894 1
15 0 5 669 1 1220 1 1224 1 1113 1 1119 1
16 0 5 670 1 674 1 810 1 1055 1 712 1
17 0 5 671 1 711 1 1072 1 767 1 655 1
18 0 5 672 1 914 1 712 1 1128 1 1070 1
19 0 5 673 1 992 1 811 1 907 1 1237 1
20 0 5 674 1 712 1 1055 1 735 1 810 1
21 0 5 675 1 829 1 856 1 968 1 802 1
22 0 5 676 1 736 1 709 1 1180 1 797 1
23 0 5 677 1 821 1 1003 1 1177 1 1056 1
24 0 5 678 1 1102 1 690 1 950 1 1203 1
25 0 5 679 1 1100 1 1032 1 863 1 973 1
26 0 5 680 1 1173 1 1175 1 893 1 812 1
27 0 5 681 1 773 1 1157 1 777 1 841 1
28 0 5 682 1 1108 1 869 1 906 1 1208 1
29 0 5 683 1 775 1 1168 1 1123 1 1179 1
30 0 5 684 1 785 1 867 1 732 1 1235 1
31 0 5 685 1 891 1 1115 1 875 1 959 1
32 0 5 686 1 895 1 824 1 658 1 1030 1
33 0 5 687 1 999 1 797 1 886 1 826 1
34 0 5 688 1 969 1 1214 1 1158 1 1123 1
35 0 5 689 1 956 1 1189 1 1123 1 1036 1
36 0 5 690 1 950 1 678 1 1102 1 1123 1
37 0 5 691 1 1249 1 932 1 970 1 1201 1
38 0 5 692 1 1154 1 1099 1 1098 1 1248 1
39 0 5 693 1 794 1 730 1 884 1 1009 1
40 0 5 694 1 785 1 665 1 1042 1 684 1
41 0 5 695 1 1114 1 1198 1 1136 1 782 1
42 0 5 696 1 667 1 1208 1 1232 1 1255 1
43 0 5 697 1 929 1 744 1 795 1 853 1
44 0 5 698 1 1182 1 859 1 1141 1 1155 1
45 0 5 699 1 990 1 953 1 1095 1 984 1
46 0 5 700 1 1243 1 820 1 811 1 1191 1
47 0 5 701 1 1054 1 985 1 1082 1 1227 1
48 0 5 702 1 793 1 800 1 744 1 830 1
49 0 5 703 1 1166 1 1229 1 814 1 954 1
50 0 5 704 1 796 1 1203 1 678 1 688 1
51 0 5 705 1 991 1 885 1 1056 1 1078 1
52 0 5 706 1 1179 1 969 1 688 1 683 1
53 0 5 707 1 740 1 939 1 1147 1 1086 1
54 0 5 708 1 1212 1 1244 1 1054 1 1172 1
55 0 5 709 1 1149 1 717 1 1216 1 865 1
56 0 5 710 1 956 1 742 1 1216 1 1149 1
57 0 5 711 1 756 1 1019 1 1072 1 877 1
58 0 5 712 1 674 1 1055 1 1128 1 735 1
59 0 5 713 1 724 1 1228 1 1188 1 981 1
60 0 5 714 1 1135 1 791 1 1220 1 1224 1
61 0 5 715 1 1076 1 1026 1 1059 1 916 1
62 0 5 716 1 1113 1 1242 1 1229 1 746 1
63 0 5 717 1 709 1 1149 1 1051 1 1040 1
64 0 5 718 1 1153 1 1232 1 871 1 1247 1
65 0 5 719 1 1037 1 855 1 854 1 1020 1
66 0 5 720 1 983 1 1080 1 1162 1 1039 1
67 0 5 721 1 1247 1 1153 1 895 1 1232 1
68 0 5 722 1 1199 1 804 1 1226 1 801 1
69 0 5 723 1 795 1 926 1 1122 1 853 1
70 0 5 724 1 1035 1 1046 1 1127 1 879 1
71 0 5 725 1 861 1 753 1 1055 1 1152 1
72 0 5 726 1 1053 1 659 1 862 1 894 1
73 0 5 727 1 795 1 1122 1 723 1 1105 1
74 0 5 728 1 1078 1 911 1 885 1 705 1
75 0 5 729 1 1165 1 1104 1 1044 1 1223 1
76 0 5 730 1 890 1 991 1 1087 1 885 1
77 0 5 731 1 1246 1 820 1 1243 1 1131 1
78 0 5 732 1 684 1 867 1 1235 1 785 1
79 0 5 733 1 977 1 783 1 1090 1 805 1
80 0 5 734 1 1145 1 1204 1 1156 1 1103 1
81 0 5 735 1 674 1 670 1 1125 1 712 1
82 0 5 736 1 1027 1 843 1 709 1 719 1
83 0 5 737 1 917 1 893 1 760 1 1111 1
84 0 5 738 1 1035 1 828 1 745 1 663 1
85 0 5 739 1 1005 1 1016 1 851 1 1018 1
86 0 5 740 1 682 1 1108 1 939 1 869 1
87 0 5 741 1 1183 1 961 1 907 1 1210 1
88 0 5 742 1 1149 1 1216 1 989 1 709 1
89 0 5 743 1 1002 1 1163 1 834 1 719 1
90 0 5 744 1 800 1 702 1 793 1 1104 1
91 0 5 745 1 828 1 1188 1 852 1 874 1
92 0 5 746 1 1229 1 1224 1 814 1 1113 1
93 0 5 747 1 1247 1 1232 1 721 1 1153 1
94 0 5 748 1 863 1 1051 1 717 1 1156 1
95 0 5 749 1 1235 1 867 1 732 1 684 1
96 0 5 750 1 994 1 1169 1 1034 1 968 1
97 0 5 751 1 850 1 978 1 860 1 798 1
98 0 5 752 1 1096 1 745 1 1136 1 828 1
99 0 5 753 1 1162 1 1152 1 1187 1 766 1
100 0 5 754 1 995 1 850 1 978 1 1151 1
101 0 5 755 1 1194 1 839 1 833 1 1207 1
102 0 5 756 1 1218 1 697 1 1066 1 711 1
103 0 5 757 1 802 1 970 1 986 1 968 1
104 0 5 758 1 1177 1 1056 1 903 1 1116 1
105 0 5 759 1 993 1 862 1 1157 1 894 1
106 0 5 760 1 1023 1 737 1 1101 1 917 1
107 0 5 761 1 877 1 827 1 711 1 1014 1
108 0 5 762 1 1200 1 996 1 786 1 897 1
109 0 5 763 1 1164 1 963 1 1162 1 972 1
110 0 5 764 1 877 1 827 1 1118 1 808 1
111 0 5 765 1 1252 1 784 1 1177 1 1114 1
112 0 5 766 1 753 1 846 1 972 1 1162 1
113 0 5 767 1 711 1 1043 1 1072 1 926 1
114 0 5 768 1 885 1 728 1 1078 1 911 1
115 0 5 769 1 793 1 767 1 1043 1 849 1
116 0 5 770 1 1251 1 868 1 987 1 1168 1
117 0 5 771 1 1133 1 860 1 732 1 867 1
118 0 5 772 1 894 1 655 1 912 1 773 1
119 0 5 773 1 912 1 772 1 783 1 958 1
120 0 5 774 1 1006 1 1120 1 1062 1 747 1
121 0 5 775 1 683 1 1168 1 1251 1 1123 1
122 0 5 776 1 975 1 1105 1 845 1 985 1
123 0 5 777 1 912 1 772 1 1245 1 773 1
124 0 5 778 1 812 1 1111 1 938 1 1064 1
125 0 5 779 1 1167 1 974 1 1093 1 1226 1
126 0 5 780 1 925 1 1148 1 869 1 1064 1
127 0 5 781 1 657 1 1116 1 1136 1 758 1
128 0 5 782 1 1114 1 1054 1 701 1 695 1
129 0 5 783 1 777 1 785 1 1130 1 773 1
130 0 5 784 1 765 1 1252 1 695 1 910 1
131 0 5 785 1 684 1 818 1 1130 1 867 1
132 0 5 786 1 875 1 897 1 762 1 685 1
133 0 5 787 1 675 1 995 1 829 1 1161 1
134 0 5 788 1 978 1 850 1 990 1 1133 1
135 0 5 789 1 872 1 774 1 1240 1 1185 1
136 0 5 790 1 972 1 1045 1 1048 1 904 1
137 0 5 791 1 982 1 714 1 1113 1 1220 1
138 0 5 792 1 836 1 1064 1 1148 1 869 1
139 0 5 793 1 711 1 767 1 1072 1 1043 1
140 0 5 794 1 884 1 730 1 1078 1 693 1
141 0 5 795 1 1177 1 1084 1 821 1 926 1
142 0 5 796 1 704 1 742 1 1203 1 710 1
143 0 5 797 1 999 1 687 1 989 1 1149 1
144 0 5 798 1 850 1 978 1 990 1 860 1
145 0 5 799 1 961 1 1210 1 741 1 1119 1
146 0 5 800 1 702 1 744 1 1024 1 1059 1
147 0 5 801 1 1093 1 1167 1 835 1 1226 1
148 0 5 802 1 968 1 757 1 986 1 675 1
149 0 5 803 1 830 1 1030 1 1059 1 895 1
150 0 5 804 1 835 1 1197 1 934 1 722 1
151 0 5 805 1 977 1 783 1 733 1 1236 1
152 0 5 806 1 829 1 675 1 968 1 1077 1
153 0 5 807 1 980 1 953 1 1184 1 1058 1
154 0 5 808 1 827 1 1026 1 1014 1 889 1
155 0 5 809 1 1098 1 1099 1 692 1 1020 1
156 0 5 810 1 1004 1 674 1 1055 1 670 1
157 0 5 811 1 992 1 673 1 700 1 1237 1
158 0 5 812 1 948 1 778 1 1026 1 686 1
159 0 5 813 1 1183 1 1067 1 741 1 988 1
160 0 5 814 1 1166 1 1229 1 979 1 899 1
161 0 5 815 1 983 1 1162 1 662 1 1010 1
162 0 5 816 1 1017 1 1025 1 769 1 793 1
163 0 5 817 1 829 1 675 1 1117 1 1161 1
164 0 5 818 1 927 1 783 1 1245 1 1193 1
165 0 5 819 1 1095 1 1142 1 1207 1 997 1
166 0 5 820 1 1243 1 731 1 1191 1 1246 1
167 0 5 821 1 926 1 767 1 671 1 1177 1
168 0 5 822 1 1236 1 805 1 919 1 977 1
169 0 5 823 1 954 1 703 1 1113 1 1166 1
170 0 5 824 1 658 1 686 1 836 1 895 1
171 0 5 825 1 937 1 1112 1 760 1 1023 1
172 0 5 826 1 1057 1 1037 1 664 1 886 1
173 0 5 827 1 877 1 1014 1 761 1 889 1
174 0 5 828 1 745 1 1188 1 852 1 874 1
175 0 5 829 1 817 1 675 1 806 1 1077 1
176 0 5 830 1 1059 1 803 1 800 1 702 1
177 0 5 831 1 694 1 783 1 684 1 785 1
178 0 5 832 1 1031 1 874 1 905 1 1195 1
179 0 5 833 1 839 1 755 1 662 1 867 1
180 0 5 834 1 826 1 1037 1 857 1 719 1
181 0 5 835 1 804 1 1197 1 866 1 934 1
182 0 5 836 1 824 1 686 1 812 1 658 1
183 0 5 837 1 853 1 814 1 1017 1 1025 1
184 0 5 838 1 1001 1 1174 1 945 1 1199 1
185 0 5 839 1 755 1 833 1 1194 1 662 1
186 0 5 840 1 894 1 772 1 912 1 892 1
187 0 5 841 1 894 1 772 1 912 1 840 1
188 0 5 842 1 979 1 1165 1 741 1 929 1
189 0 5 843 1 855 1 1238 1 951 1 719 1
190 0 5 844 1 967 1 944 1 1013 1 660 1
191 0 5 845 1 985 1 1227 1 727 1 936 1
192 0 5 846 1 766 1 790 1 972 1 1045 1
193 0 5 847 1 1166 1 1033 1 1229 1 814 1
194 0 5 848 1 998 1 920 1 1178 1 1129 1
195 0 5 849 1 1019 1 711 1 1043 1 821 1
196 0 5 850 1 978 1 754 1 995 1 788 1
197 0 5 851 1 1018 1 1132 1 1016 1 1005 1
198 0 5 852 1 1188 1 809 1 874 1 1074 1
199 0 5 853 1 795 1 837 1 1122 1 1105 1
200 0 5 854 1 942 1 1037 1 719 1 826 1
201 0 5 855 1 911 1 848 1 719 1 1178 1
202 0 5 856 1 949 1 1117 1 675 1 1041 1
203 0 5 857 1 826 1 886 1 1099 1 1037 1
204 0 5 858 1 979 1 1229 1 1224 1 741 1
205 0 5 859 1 863 1 935 1 898 1 932 1
206 0 5 860 1 990 1 1133 1 771 1 978 1
207 0 5 861 1 959 1 1055 1 1070 1 810 1
208 0 5 862 1 759 1 993 1 894 1 1157 1
209 0 5 863 1 1051 1 1150 1 935 1 998 1
210 0 5 864 1 1207 1 1095 1 1142 1 930 1
211 0 5 865 1 709 1 1149 1 1239 1 1040 1
212 0 5 866 1 835 1 934 1 663 1 804 1
213 0 5 867 1 684 1 785 1 732 1 1235 1
214 0 5 868 1 887 1 987 1 1061 1 1251 1
215 0 5 869 1 906 1 1148 1 682 1 1108 1
216 0 5 870 1 928 1 987 1 1088 1 1117 1
217 0 5 871 1 718 1 1232 1 1153 1 1030 1
218 0 5 872 1 1131 1 844 1 789 1 967 1
219 0 5 873 1 850 1 860 1 978 1 751 1
220 0 5 874 1 692 1 809 1 852 1 1154 1
221 0 5 875 1 891 1 685 1 786 1 1115 1
222 0 5 876 1 1177 1 1056 1 885 1 991 1
223 0 5 877 1 761 1 711 1 655 1 827 1
224 0 5 878 1 1044 1 1124 1 1104 1 729 1
225 0 5 879 1 1097 1 1127 1 976 1 724 1
226 0 5 880 1 991 1 730 1 1087 1 885 1
227 0 5 881 1 1183 1 907 1 1016 1 741 1
228 0 5 882 1 955 1 1140 1 1038 1 1023 1
229 0 5 883 1 886 1 913 1 826 1 1071 1
230 0 5 884 1 1078 1 1163 1 794 1 743 1
231 0 5 885 1 1078 1 1056 1 991 1 730 1
232 0 5 886 1 826 1 1074 1 1057 1 664 1
233 0 5 887 1 868 1 1061 1 984 1 1151 1
234 0 5 888 1 894 1 1205 1 772 1 919 1
235 0 5 889 1 1014 1 827 1 877 1 808 1
236 0 5 890 1 730 1 794 1 991 1 876 1
237 0 5 891 1 685 1 875 1 1115 1 959 1
238 0 5 892 1 1014 1 889 1 1091 1 827 1
239 0 5 893 1 1175 1 737 1 1173 1 1111 1
240 0 5 894 1 655 1 671 1 772 1 912 1
241 0 5 895 1 686 1 1030 1 869 1 824 1
242 0 5 896 1 953 1 1207 1 1095 1 990 1
243 0 5 897 1 786 1 1202 1 875 1 762 1
244 0 5 898 1 863 1 966 1 859 1 1249 1
245 0 5 899 1 1105 1 776 1 929 1 1166 1
246 0 5 900 1 765 1 1177 1 1056 1 1084 1
247 0 5 901 1 1074 1 1071 1 886 1 883 1
248 0 5 902 1 1134 1 1089 1 661 1 812 1
249 0 5 903 1 1177 1 1056 1 758 1 677 1
250 0 5 904 1 790 1 1164 1 972 1 1048 1
251 0 5 905 1 874 1 752 1 852 1 809 1
252 0 5 906 1 869 1 1148 1 780 1 925 1
253 0 5 907 1 1237 1 741 1 992 1 1183 1
254 0 5 908 1 910 1 1096 1 1136 1 1144 1
255 0 5 909 1 1075 1 1167 1 1197 1 835 1
256 0 5 910 1 908 1 1096 1 1136 1 1144 1
257 0 5 911 1 768 1 728 1 1020 1 1078 1
258 0 5 912 1 841 1 772 1 773 1 894 1
259 0 5 913 1 797 1 989 1 999 1 687 1
260 0 5 914 1 672 1 1070 1 712 1 1128 1
261 0 5 915 1 870 1 1079 1 868 1 928 1
262 0 5 916 1 822 1 715 1 1014 1 808 1
263 0 5 917 1 737 1 1111 1 778 1 1064 1
264 0 5 918 1 957 1 921 1 668 1 916 1
265 0 5 919 1 805 1 1236 1 977 1 912 1
266 0 5 920 1 848 1 998 1 1129 1 855 1
267 0 5 921 1 894 1 668 1 1205 1 916 1
268 0 5 922 1 1175 1 680 1 812 1 1173 1
269 0 5 923 1 1214 1 1007 1 1158 1 1088 1
270 0 5 924 1 877 1 1014 1 761 1 827 1
271 0 5 925 1 1064 1 780 1 938 1 906 1
272 0 5 926 1 821 1 767 1 711 1 1043 1
273 0 5 927 1 818 1 1193 1 783 1 1125 1
274 0 5 928 1 987 1 1088 1 870 1 1158 1
275 0 5 929 1 837 1 814 1 979 1 853 1
276 0 5 930 1 864 1 997 1 1142 1 1048 1
277 0 5 931 1 1157 1 1241 1 890 1 1155 1
278 0 5 932 1 1249 1 1201 1 898 1 859 1
279 0 5 933 1 995 1 1186 1 754 1 850 1
280 0 5 934 1 835 1 866 1 804 1 663 1
281 0 5 935 1 863 1 998 1 859 1 951 1
282 0 5 936 1 727 1 985 1 845 1 1114 1
283 0 5 937 1 1023 1 1139 1 825 1 1213 1
284 0 5 938 1 812 1 925 1 778 1 686 1
285 0 5 939 1 740 1 682 1 1108 1 941 1
286 0 5 940 1 852 1 809 1 905 1 874 1
287 0 5 941 1 869 1 906 1 1147 1 1108 1
288 0 5 942 1 854 1 676 1 736 1 1180 1
289 0 5 943 1 1059 1 1024 1 764 1 800 1
290 0 5 944 1 1013 1 1062 1 967 1 844 1
291 0 5 945 1 1199 1 976 1 838 1 722 1
292 0 5 946 1 1139 1 1038 1 1023 1 685 1
293 0 5 947 1 1175 1 1128 1 680 1 960 1
294 0 5 948 1 812 1 1173 1 1026 1 686 1
295 0 5 949 1 856 1 1103 1 748 1 1060 1
296 0 5 950 1 690 1 1102 1 678 1 1050 1
297 0 5 951 1 1238 1 843 1 709 1 1040 1
298 0 5 952 1 1012 1 1120 1 1013 1 1255 1
299 0 5 953 1 990 1 896 1 699 1 1095 1
300 0 5 954 1 823 1 703 1 1166 1 1113 1
301 0 5 955 1 882 1 1140 1 1038 1 1190 1
302 0 5 956 1 1036 1 689 1 710 1 1189 1
303 0 5 957 1 726 1 659 1 918 1 921 1
304 0 5 958 1 783 1 831 1 733 1 773 1
305 0 5 959 1 861 1 1055 1 1115 1 810 1
306 0 5 960 1 1143 1 1196 1 1128 1 712 1
307 0 5 961 1 1210 1 799 1 741 1 979 1
308 0 5 962 1 1187 1 1138 1 1048 1 1162 1
309 0 5 963 1 766 1 1164 1 763 1 897 1
310 0 5 964 1 711 1 793 1 1072 1 769 1
311 0 5 965 1 926 1 795 1 767 1 849 1
312 0 5 966 1 898 1 863 1 1051 1 1249 1
313 0 5 967 1 844 1 944 1 1013 1 1062 1
314 0 5 968 1 802 1 675 1 757 1 750 1
315 0 5 969 1 688 1 706 1 1179 1 1214 1
316 0 5 970 1 681 1 1063 1 1201 1 971 1
317 0 5 971 1 970 1 1063 1 1201 1 986 1
318 0 5 972 1 790 1 1045 1 1048 1 766 1
319 0 5 973 1 1100 1 679 1 1032 1 863 1
320 0 5 974 1 1167 1 779 1 1226 1 1244 1
321 0 5 975 1 985 1 701 1 1054 1 838 1
322 0 5 976 1 1199 1 945 1 722 1 1144 1
323 0 5 977 1 783 1 805 1 733 1 831 1
324 0 5 978 1 850 1 754 1 995 1 788 1
325 0 5 979 1 837 1 814 1 1229 1 741 1
326 0 5 980 1 807 1 1142 1 1058 1 1095 1
327 0 5 981 1 1073 1 1195 1 910 1 1096 1
328 0 5 982 1 1146 1 954 1 791 1 823 1
329 0 5 983 1 1162 1 720 1 815 1 1187 1
330 0 5 984 1 1151 1 990 1 953 1 1186 1
331 0 5 985 1 701 1 838 1 1054 1 975 1
332 0 5 986 1 970 1 757 1 802 1 971 1
333 0 5 987 1 928 1 1088 1 868 1 870 1
334 0 5 988 1 741 1 1183 1 1081 1 1016 1
335 0 5 989 1 797 1 913 1 1216 1 1149 1
336 0 5 990 1 699 1 953 1 984 1 896 1
337 0 5 991 1 1177 1 1056 1 821 1 730 1
338 0 5 992 1 1183 1 1210 1 741 1 1081 1
339 0 5 993 1 1182 1 1106 1 1141 1 759 1
340 0 5 994 1 1034 1 1121 1 850 1 750 1
341 0 5 995 1 754 1 850 1 978 1 1061 1
342 0 5 996 1 1200 1 846 1 762 1 766 1
343 0 5 997 1 1142 1 930 1 1095 1 1048 1
344 0 5 998 1 848 1 920 1 1150 1 1178 1
345 0 5 999 1 797 1 687 1 989 1 666 1
346 0 5 1000 1 1018 1 1016 1 1223 1 1083 1
347 0 5 1001 1 838 1 1172 1 782 1 1174 1
348 0 5 1002 1 834 1 1037 1 826 1 719 1
349 0 5 1003 1 821 1 1177 1 677 1 926 1
350 0 5 1004 1 810 1 1010 1 1125 1 674 1
351 0 5 1005 1 1016 1 739 1 1092 1 1018 1
352 0 5 1006 1 747 1 667 1 1062 1 1120 1
353 0 5 1007 1 923 1 887 1 868 1 1214 1
354 0 5 1008 1 785 1 662 1 1010 1 867 1
355 0 5 1009 1 794 1 884 1 693 1 730 1
356 0 5 1010 1 810 1 1004 1 815 1 662 1
357 0 5 1011 1 1068 1 1177 1 659 1 1084 1
358 0 5 1012 1 952 1 1255 1 1208 1 1013 1
359 0 5 1013 1 1062 1 967 1 944 1 1255 1
360 0 5 1014 1 877 1 655 1 827 1 889 1
361 0 5 1015 1 1044 1 830 1 1165 1 800 1
362 0 5 1016 1 1223 1 1018 1 1183 1 1081 1
363 0 5 1017 1 793 1 769 1 816 1 964 1
364 0 5 1018 1 1016 1 1223 1 1000 1 1005 1
365 0 5 1019 1 1072 1 711 1 671 1 767 1
366 0 5 1020 1 911 1 692 1 1098 1 1099 1
367 0 5 1021 1 1020 1 1171 1 1154 1 911 1
368 0 5 1022 1 1047 1 1109 1 1126 1 1244 1
369 0 5 1023 1 1101 1 760 1 937 1 1139 1
370 0 5 1024 1 877 1 711 1 793 1 827 1
371 0 5 1025 1 853 1 795 1 816 1 837 1
372 0 5 1026 1 948 1 812 1 1173 1 808 1
373 0 5 1027 1 666 1 709 1 1238 1 1037 1
374 0 5 1028 1 1074 1 852 1 1188 1 809 1
375 0 5 1029 1 1107 1 760 1 914 1 672 1
376 0 5 1030 1 895 1 686 1 803 1 718 1
377 0 5 1031 1 832 1 1195 1 905 1 1159 1
378 0 5 1032 1 863 1 1100 1 679 1 973 1
379 0 5 1033 1 847 1 814 1 1229 1 1166 1
380 0 5 1034 1 994 1 850 1 1121 1 978 1
381 0 5 1035 1 724 1 1127 1 1097 1 1046 1
382 0 5 1036 1 956 1 796 1 1216 1 710 1
383 0 5 1037 1 826 1 719 1 1057 1 664 1
384 0 5 1038 1 1213 1 946 1 1139 1 882 1
385 0 5 1039 1 1192 1 720 1 1080 1 983 1
386 0 5 1040 1 865 1 717 1 709 1 1204 1
387 0 5 1041 1 1079 1 1117 1 915 1 870 1
388 0 5 1042 1 665 1 1130 1 785 1 694 1
389 0 5 1043 1 767 1 711 1 1072 1 671 1
390 0 5 1044 1 729 1 878 1 1165 1 1223 1
391 0 5 1045 1 972 1 790 1 846 1 1048 1
392 0 5 1046 1 663 1 835 1 1097 1 866 1
393 0 5 1047 1 1022 1 1109 1 1126 1 1146 1
394 0 5 1048 1 1138 1 790 1 972 1 1142 1
395 0 5 1049 1 1244 1 1126 1 1146 1 1167 1
396 0 5 1050 1 690 1 1102 1 950 1 678 1
397 0 5 1051 1 863 1 1150 1 998 1 966 1
398 0 5 1052 1 846 1 766 1 753 1 790 1
399 0 5 1053 1 993 1 862 1 693 1 730 1
400 0 5 1054 1 701 1 1172 1 782 1 1174 1
401 0 5 1055 1 674 1 712 1 670 1 735 1
402 0 5 1056 1 1177 1 903 1 677 1 758 1
403 0 5 1057 1 826 1 1037 1 719 1 886 1
404 0 5 1058 1 864 1 1194 1 807 1 1207 1
405 0 5 1059 1 943 1 830 1 1024 1 800 1
406 0 5 1060 1 932 1 859 1 1249 1 1156 1
407 0 5 1061 1 984 1 1151 1 868 1 887 1
408 0 5 1062 1 1013 1 944 1 1006 1 1120 1
409 0 5 1063 1 970 1 1201 1 971 1 829 1
410 0 5 1064 1 925 1 836 1 869 1 778 1
411 0 5 1065 1 1110 1 707 1 1255 1 1250 1
412 0 5 1066 1 1084 1 899 1 795 1 697 1
413 0 5 1067 1 979 1 741 1 1165 1 1183 1
414 0 5 1068 1 900 1 1177 1 1009 1 1056 1
415 0 5 1069 1 1175 1 680 1 893 1 1173 1
416 0 5 1070 1 914 1 672 1 712 1 670 1
417 0 5 1071 1 1074 1 901 1 883 1 886 1
418 0 5 1072 1 711 1 767 1 671 1 1019 1
419 0 5 1073 1 879 1 1097 1 1127 1 981 1
420 0 5 1074 1 901 1 886 1 664 1 1099 1
421 0 5 1075 1 1167 1 835 1 1197 1 1226 1
422 0 5 1076 1 1219 1 686 1 1234 1 812 1
423 0 5 1077 1 806 1 968 1 675 1 829 1
424 0 5 1078 1 885 1 705 1 728 1 911 1
425 0 5 1079 1 1041 1 915 1 1214 1 1123 1
426 0 5 1080 1 720 1 983 1 815 1 665 1
427 0 5 1081 1 1016 1 1183 1 741 1 988 1
428 0 5 1082 1 1122 1 1233 1 727 1 1227 1
429 0 5 1083 1 851 1 1000 1 1153 1 1132 1
430 0 5 1084 1 900 1 776 1 1068 1 1066 1
431 0 5 1085 1 1248 1 1116 1 657 1 781 1
432 0 5 1086 1 1190 1 1140 1 1110 1 707 1
433 0 5 1087 1 991 1 730 1 885 1 1078 1
434 0 5 1088 1 928 1 987 1 870 1 868 1
435 0 5 1089 1 1134 1 902 1 661 1 889 1
436 0 5 1090 1 1245 1 733 1 1137 1 1042 1
437 0 5 1091 1 1014 1 889 1 761 1 1118 1
438 0 5 1092 1 1005 1 739 1 1131 1 872 1
439 0 5 1093 1 1167 1 1226 1 801 1 1244 1
440 0 5 1094 1 1234 1 1225 1 895 1 686 1
441 0 5 1095 1 953 1 819 1 1207 1 1142 1
442 0 5 1096 1 1136 1 910 1 908 1 784 1
443 0 5 1097 1 1144 1 1046 1 1127 1 1217 1
444 0 5 1098 1 1099 1 1021 1 692 1 1020 1
445 0 5 1099 1 1098 1 692 1 809 1 1020 1
446 0 5 1100 1 1040 1 679 1 1032 1 863 1
447 0 5 1101 1 760 1 1023 1 914 1 960 1
448 0 5 1102 1 678 1 690 1 1050 1 950 1
449 0 5 1103 1 949 1 734 1 1156 1 856 1
450 0 5 1104 1 1165 1 1183 1 1223 1 1016 1
451 0 5 1105 1 899 1 776 1 1166 1 853 1
452 0 5 1106 1 681 1 1201 1 970 1 1155 1
453 0 5 1107 1 1064 1 1029 1 925 1 672 1
454 0 5 1108 1 682 1 869 1 906 1 1208 1
455 0 5 1109 1 1126 1 1146 1 1049 1 1244 1
456 0 5 1110 1 1250 1 1065 1 1140 1 1213 1
457 0 5 1111 1 778 1 1064 1 812 1 938 1
458 0 5 1112 1 825 1 937 1 1023 1 712 1
459 0 5 1113 1 716 1 1229 1 746 1 1224 1
460 0 5 1114 1 782 1 727 1 1252 1 936 1
461 0 5 1115 1 959 1 685 1 861 1 891 1
462 0 5 1116 1 657 1 1056 1 1177 1 781 1
463 0 5 1117 1 915 1 1041 1 870 1 856 1
464 0 5 1118 1 1014 1 827 1 808 1 889 1
465 0 5 1119 1 1224 1 1220 1 1229 1 669 1
466 0 5 1120 1 1221 1 1006 1 1208 1 1062 1
467 0 5 1121 1 850 1 978 1 754 1 995 1
468 0 5 1122 1 795 1 723 1 926 1 853 1
469 0 5 1123 1 1158 1 1216 1 1214 1 683 1
470 0 5 1124 1 842 1 1104 1 881 1 878 1
471 0 5 1125 1 927 1 818 1 674 1 712 1
472 0 5 1126 1 1109 1 1049 1 1244 1 1146 1
473 0 5 1127 1 1097 1 879 1 1035 1 724 1
474 0 5 1128 1 712 1 672 1 1143 1 960 1
475 0 5 1129 1 848 1 1178 1 998 1 855 1
476 0 5 1130 1 785 1 783 1 818 1 1193 1
477 0 5 1131 1 872 1 1246 1 1243 1 731 1
478 0 5 1132 1 851 1 1018 1 1016 1 1206 1
479 0 5 1133 1 771 1 860 1 867 1 755 1
480 0 5 1134 1 889 1 1091 1 1089 1 902 1
481 0 5 1135 1 714 1 791 1 1220 1 1224 1
482 0 5 1136 1 781 1 1096 1 1144 1 874 1
483 0 5 1137 1 1215 1 674 1 1175 1 1245 1
484 0 5 1138 1 1048 1 997 1 962 1 819 1
485 0 5 1139 1 946 1 1023 1 685 1 1115 1
486 0 5 1140 1 1190 1 1086 1 707 1 955 1
487 0 5 1141 1 1155 1 698 1 1182 1 1201 1
488 0 5 1142 1 997 1 819 1 1095 1 953 1
489 0 5 1143 1 960 1 1128 1 1196 1 712 1
490 0 5 1144 1 1217 1 1198 1 1097 1 1136 1
491 0 5 1145 1 1204 1 748 1 734 1 863 1
492 0 5 1146 1 1049 1 1109 1 1244 1 1126 1
493 0 5 1147 1 941 1 1108 1 682 1 740 1
494 0 5 1148 1 686 1 895 1 869 1 780 1
495 0 5 1149 1 709 1 1216 1 710 1 1239 1
496 0 5 1150 1 920 1 998 1 848 1 1241 1
497 0 5 1151 1 984 1 1061 1 978 1 995 1
498 0 5 1152 1 1055 1 1162 1 810 1 983 1
499 0 5 1153 1 1247 1 1232 1 721 1 718 1
500 0 5 1154 1 692 1 781 1 874 1 1248 1
501 0 5 1155 1 1141 1 698 1 1201 1 932 1
502 0 5 1156 1 1145 1 748 1 734 1 1103 1
503 0 5 1157 1 894 1 655 1 772 1 931 1
504 0 5 1158 1 1214 1 1216 1 923 1 1088 1
505 0 5 1159 1 981 1 1195 1 1136 1 1031 1
506 0 5 1160 1 1025 1 814 1 816 1 965 1
507 0 5 1161 1 675 1 995 1 829 1 817 1
508 0 5 1162 1 1187 1 983 1 1152 1 962 1
509 0 5 1163 1 719 1 743 1 1002 1 911 1
510 0 5 1164 1 963 1 763 1 1045 1 972 1
511 0 5 1165 1 702 1 744 1 800 1 729 1
512 0 5 1166 1 814 1 1229 1 1105 1 847 1
513 0 5 1167 1 974 1 1244 1 1093 1 779 1
514 0 5 1168 1 1088 1 1251 1 775 1 987 1
515 0 5 1169 1 750 1 994 1 1034 1 802 1
516 0 5 1170 1 1206 1 1225 1 1000 1 1132 1
517 0 5 1171 1 1116 1 1248 1 1085 1 1154 1
518 0 5 1172 1 1054 1 1174 1 954 1 845 1
519 0 5 1173 1 812 1 948 1 893 1 680 1
520 0 5 1174 1 1109 1 1126 1 1172 1 838 1
521 0 5 1175 1 960 1 893 1 1143 1 680 1
522 0 5 1176 1 1229 1 814 1 746 1 1224 1
523 0 5 1177 1 1056 1 821 1 1068 1 900 1
524 0 5 1178 1 848 1 855 1 998 1 1129 1
525 0 5 1179 1 706 1 969 1 688 1 683 1
526 0 5 1180 1 736 1 709 1 676 1 1149 1
527 0 5 1181 1 773 1 958 1 681 1 772 1
528 0 5 1182 1 973 1 859 1 698 1 679 1
529 0 5 1183 1 741 1 813 1 1016 1 1081 1
530 0 5 1184 1 850 1 807 1 978 1 990 1
531 0 5 1185 1 660 1 1240 1 1231 1 789 1
532 0 5 1186 1 933 1 1251 1 1184 1 995 1
533 0 5 1187 1 1162 1 983 1 1048 1 962 1
534 0 5 1188 1 1228 1 852 1 1028 1 828 1
535 0 5 1189 1 689 1 1050 1 956 1 1123 1
536 0 5 1190 1 1086 1 1140 1 1110 1 707 1
537 0 5 1191 1 1209 1 1243 1 1210 1 961 1
538 0 5 1192 1 904 1 1048 1 1039 1 1164 1
539 0 5 1193 1 1245 1 840 1 892 1 912 1
540 0 5 1194 1 1058 1 1039 1 839 1 755 1
541 0 5 1195 1 981 1 1136 1 1096 1 1031 1
542 0 5 1196 1 960 1 1143 1 1128 1 712 1
543 0 5 1197 1 835 1 804 1 1075 1 801 1
544 0 5 1198 1 1217 1 695 1 1144 1 1136 1
545 0 5 1199 1 1226 1 722 1 1093 1 801 1
546 0 5 1200 1 1052 1 762 1 996 1 846 1
547 0 5 1201 1 970 1 681 1 1249 1 932 1
548 0 5 1202 1 897 1 875 1 786 1 685 1
549 0 5 1203 1 796 1 704 1 678 1 710 1
550 0 5 1204 1 717 1 1145 1 709 1 1040 1
551 0 5 1205 1 912 1 919 1 1236 1 772 1
552 0 5 1206 1 1132 1 1000 1 1170 1 851 1
553 0 5 1207 1 953 1 1095 1 896 1 990 1
554 0 5 1208 1 682 1 1108 1 1120 1 1221 1
555 0 5 1209 1 1210 1 1191 1 1243 1 961 1
556 0 5 1210 1 961 1 799 1 741 1 992 1
557 0 5 1211 1 894 1 862 1 772 1 759 1
558 0 5 1212 1 708 1 1244 1 1167 1 1093 1
559 0 5 1213 1 1038 1 882 1 1250 1 955 1
560 0 5 1214 1 923 1 1158 1 688 1 1123 1
561 0 5 1215 1 1137 1 674 1 892 1 1173 1
562 0 5 1216 1 1149 1 709 1 742 1 1123 1
563 0 5 1217 1 1198 1 1144 1 695 1 1136 1
564 0 5 1218 1 744 1 697 1 800 1 756 1
565 0 5 1219 1 1253 1 1076 1 925 1 686 1
566 0 5 1220 1 669 1 791 1 1119 1 1224 1
567 0 5 1221 1 869 1 1120 1 682 1 1108 1
568 0 5 1222 1 1029 1 1070 1 1107 1 914 1
569 0 5 1223 1 1016 1 1018 1 1183 1 1000 1
570 0 5 1224 1 1229 1 1176 1 746 1 1119 1
571 0 5 1225 1 1234 1 1094 1 895 1 1076 1
572 0 5 1226 1 1093 1 1167 1 1199 1 974 1
573 0 5 1227 1 1082 1 727 1 1122 1 1105 1
574 0 5 1228 1 1188 1 724 1 713 1 852 1
575 0 5 1229 1 1224 1 814 1 1166 1 746 1
576 0 5 1230 1 663 1 1093 1 801 1 779 1
577 0 5 1231 1 1240 1 660 1 1185 1 789 1
578 0 5 1232 1 1153 1 1247 1 721 1 718 1
579 0 5 1233 1 723 1 1160 1 1122 1 1025 1
580 0 5 1234 1 1225 1 1094 1 895 1 1076 1
581 0 5 1235 1 732 1 867 1 684 1 785 1
582 0 5 1236 1 805 1 919 1 977 1 733 1
583 0 5 1237 1 907 1 992 1 741 1 1183 1
584 0 5 1238 1 998 1 1150 1 848 1 863 1
585 0 5 1239 1 1149 1 865 1 709 1 1216 1
586 0 5 1240 1 660 1 1231 1 1185 1 789 1
587 0 5 1241 1 880 1 1087 1 998 1 863 1
588 0 5 1242 1 1229 1 1113 1 716 1 1224 1
589 0 5 1243 1 1209 1 1191 1 820 1 1210 1
590 0 5 1244 1 1167 1 1049 1 1093 1 974 1
591 0 5 1245 1 1193 1 892 1 1137 1 777 1
592 0 5 1246 1 731 1 820 1 1131 1 1005 1
593 0 5 1247 1 1153 1 1232 1 721 1 718 1
594 0 5 1248 1 1085 1 1116 1 1154 1 657 1
595 0 5 1249 1 932 1 898 1 859 1 1060 1
596 0 5 1250 1 1110 1 1213 1 1140 1 955 1
597 0 5 1251 1 770 1 1168 1 868 1 683 1
598 0 5 1252 1 765 1 784 1 1114 1 782 1
599 0 5 1253 1 1110 1 1250 1 1086 1 1190 1
600 0 5 1254 1 995 1 754 1 850 1 933 1
601 0 5 1255 1 1012 1 952 1 944 1 1208 1
602 0 5 1256 0 655 1 1256 1 1257 1 1258 1
603 0 5 1257 0 655 1 1256 1 1257 1 1258 1
604 0 5 1258 0 655 1 1256 1 1257 1 1258 1
605 0 5 1259 0 655 1 1256 1 1257 1 1258 1
606 0 5 1260 0 655 1 1256 1 1257 1 1258 1
607 0 5 1261 0 655 1 1256 1 1257 1 1258 1
608 0 5 1262 0 655 1 1256 1 1257 1 1258 1
609 0 5 1263 0 655 1 1256 1 1257 1 1258 1
610 0 5 1264 0 655 1 1256 1 1257 1 1258 1
611 0 5 1265 0 655 1 1256 1 1257 1 1258 1
612 0 5 1266 0 655 1 1256 1 1257 1 1258 1
613 0 5 1267 0 655 1 1256 1 1257 1 1258 1
614 0 5 1268 0 655 1 1256 1 1257 1 1258 1
615 0 5 1269 0 655 1 1256 1 1257 1 1258 1
616 0 5 1270 0 655 1 1256 1 1257 1 1258 1
617 0 5 1271 0 655 1 1256 1 1257 1 1258 1
618 0 5 1272 0 655 1 1256 1 1257 1 1258 1
619 0 5 1273 0 655 1 1256 1 1257 1 1258 1
620 0 5 1274 0 655 1 1256 1 1257 1 1258 1
621 0 5 1275 0 655 1 1256 1 1257 1 1258 1
622 0 5 1276 0 655 1 1256 1 1257 1 1258 1
623 0 5 1277 0 655 1 1256 1 1257 1 1258 1
624 0 5 1278 0 655 1 1256 1 1257 1 1258 1
625 0 5 1279 0 655 1 1256 1 1257 1 1258 1
626 0 5 1280 0 655 1 1256 1 1257 1 1258 1
627 0 5 1281 0 655 1 1256 1 1257 1 1258 1
628 0 5 1282 0 655 1 1256 1 1257 1 1258 1
629 0 5 1283 0 655 1 1256 1 1257 1 1258 1
630 0 5 1284 0 655 1 1256 1 1257 1 1258 1
631 0 5 1285 0 655 1 1256 1 1257 1 1258 1
632 0 5 1286 0 655 1 1256 1 1257 1 1258 1
633 0 5 1287 0 655 1 1256 1 1257 1 1258 1
634 0 5 1288 0 655 1 1256 1 1257 1 1258 1
635 0 5 1289 0 655 1 1256 1 1257 1 1258 1
636 0 5 1290 0 655 1 1256 1 1257 1 1258 1
637 0 5 1291 0 655 1 1256 1 1257 1 1258 1
638 0 5 1292 0 655 1 1256 1 1257 1 1258 1
639 0 5 1293 0 655 1 1256 1 1257 1 1258 1
640 0 5 1294 0 655 1 1256 1 1257 1 1258 1
641 0 5 1295 0 655 1 1256 1 1257 1 1258 1
642 0 5 1296 0 655 1 1256 1 1257 1 1258 1
643 0 5 1297 0 655 1 1256 1 1257 1 1258 1
644 0 5 1298 0 655 1 1256 1 1257 1 1258 1
645 0 5 1299 0 655 1 1256 1 1257 1 1258 1
646 0 5 1300 0 655 1 1256 1 1257 1 1258 1
647 0 5 1301 0 655 1 1256 1 1257 1 1258 1
648 0 5 1302 0 655 1 1256 1 1257 1 1258 1
649 0 5 1303 0 655 1 1256 1 1257 1 1258 1
650 0 5 1304 0 655 1 1256 1 1257 1 1258 1
651 0 5 1305 0 655 1 1256 1 1257 1 1258 1
652 0 5 1306 0 655 1 1256 1 1257 1 1258 1
653 0 5 1307 0 655 1 1256 1 1257 1 1258 1
654 0 5 1308 0 655 1 1256 1 1257 1 1258 1
655 0 5 1 0 654 1 653 1 652 1 651 1
656 0 5 2 1 458 1 401 1 283 1 548 1
657 0 5 3 1 462 1 431 1 127 1 594 1
658 0 5 4 1 170 1 32 1 241 1 182 1
659 0 5 5 1 72 1 303 1 357 1 264 1
660 0 5 6 1 531 1 586 1 577 1 190 1
661 0 5 7 1 519 1 480 1 372 1 248 1
662 0 5 8 1 354 1 356 1 179 1 161 1
663 0 5 9 1 392 1 212 1 443 1 563 1
664 0 5 10 1 172 1 232 1 444 1 383 1
665 0 5 11 1 388 1 40 1 20 1 426 1
666 0 5 12 1 373 1 345 1 33 1 143 1
667 0 5 13 1 42 1 352 1 217 1 64 1
668 0 5 14 1 267 1 1 1 264 1 240 1
669 0 5 15 1 566 1 465 1 459 1 62 1
670 0 5 16 1 156 1 401 1 305 1 58 1
671 0 5 17 1 1 1 240 1 360 1 418 1
672 0 5 18 1 260 1 447 1 474 1 416 1
673 0 5 19 1 157 1 85 1 583 1 253 1
674 0 5 20 1 156 1 11 1 16 1 401 1
675 0 5 21 1 175 1 314 1 103 1 332 1
676 0 5 22 1 526 1 82 1 288 1 259 1
677 0 5 23 1 337 1 51 1 402 1 523 1
678 0 5 24 1 448 1 296 1 36 1 396 1
679 0 5 25 1 319 1 378 1 446 1 244 1
680 0 5 26 1 519 1 415 1 521 1 239 1
681 0 5 27 1 317 1 527 1 547 1 316 1
682 0 5 28 1 454 1 285 1 86 1 215 1
683 0 5 29 1 121 1 469 1 514 1 261 1
684 0 5 30 1 581 1 213 1 131 1 78 1
685 0 5 31 1 461 1 237 1 485 1 2 1
686 0 5 32 1 241 1 376 1 294 1 494 1
687 0 5 33 1 345 1 259 1 335 1 143 1
688 0 5 34 1 469 1 315 1 52 1 29 1
689 0 5 35 1 302 1 535 1 469 1 382 1
690 0 5 36 1 296 1 396 1 448 1 24 1
691 0 5 37 1 547 1 332 1 278 1 316 1
692 0 5 38 1 155 1 366 1 444 1 445 1
693 0 5 39 1 140 1 76 1 355 1 231 1
694 0 5 40 1 177 1 131 1 30 1 213 1
695 0 5 41 1 544 1 563 1 130 1 490 1
696 0 5 42 1 13 1 217 1 64 1 601 1
697 0 5 43 1 564 1 102 1 275 1 412 1
698 0 5 44 1 501 1 528 1 487 1 319 1
699 0 5 45 1 336 1 299 1 441 1 242 1
700 0 5 46 1 157 1 253 1 589 1 556 1
701 0 5 47 1 331 1 321 1 400 1 191 1
702 0 5 48 1 511 1 146 1 139 1 90 1
703 0 5 49 1 300 1 169 1 459 1 62 1
704 0 5 50 1 142 1 549 1 382 1 24 1
705 0 5 51 1 424 1 74 1 257 1 231 1
706 0 5 52 1 525 1 315 1 29 1 34 1
707 0 5 53 1 486 1 411 1 86 1 285 1
708 0 5 54 1 558 1 590 1 520 1 455 1
709 0 5 55 1 211 1 562 1 495 1 585 1
710 0 5 56 1 302 1 382 1 562 1 585 1
711 0 5 57 1 139 1 418 1 113 1 223 1
712 0 5 58 1 20 1 401 1 306 1 474 1
713 0 5 59 1 574 1 98 1 327 1 251 1
714 0 5 60 1 481 1 193 1 137 1 570 1
715 0 5 61 1 262 1 173 1 235 1 360 1
716 0 5 62 1 459 1 588 1 15 1 300 1
717 0 5 63 1 550 1 386 1 446 1 491 1
718 0 5 64 1 217 1 499 1 376 1 578 1
719 0 5 65 1 201 1 509 1 189 1 383 1
720 0 5 66 1 426 1 329 1 385 1 538 1
721 0 5 67 1 499 1 593 1 578 1 93 1
722 0 5 68 1 545 1 150 1 322 1 291 1
723 0 5 69 1 468 1 199 1 73 1 451 1
724 0 5 70 1 225 1 473 1 574 1 59 1
725 0 5 71 1 568 1 207 1 221 1 305 1
726 0 5 72 1 303 1 240 1 264 1 1 1
727 0 5 73 1 573 1 468 1 282 1 460 1
728 0 5 74 1 424 1 257 1 231 1 201 1
729 0 5 75 1 511 1 390 1 224 1 188 1
730 0 5 76 1 236 1 140 1 226 1 433 1
731 0 5 77 1 592 1 166 1 135 1 531 1
732 0 5 78 1 581 1 213 1 95 1 30 1
733 0 5 79 1 436 1 304 1 258 1 323 1
734 0 5 80 1 502 1 449 1 491 1 550 1
735 0 5 81 1 20 1 58 1 16 1 401 1
736 0 5 82 1 526 1 189 1 297 1 22 1
737 0 5 83 1 106 1 263 1 239 1 271 1
738 0 5 84 1 392 1 381 1 70 1 9 1
739 0 5 85 1 351 1 438 1 362 1 197 1
740 0 5 86 1 285 1 493 1 53 1 454 1
741 0 5 87 1 253 1 529 1 583 1 427 1
742 0 5 88 1 562 1 335 1 56 1 142 1
743 0 5 89 1 509 1 257 1 424 1 230 1
744 0 5 90 1 511 1 564 1 48 1 146 1
745 0 5 91 1 174 1 98 1 251 1 59 1
746 0 5 92 1 459 1 62 1 15 1 570 1
747 0 5 93 1 352 1 67 1 593 1 578 1
748 0 5 94 1 502 1 491 1 80 1 550 1
749 0 5 95 1 581 1 219 1 213 1 97 1
750 0 5 96 1 515 1 340 1 380 1 148 1
751 0 5 97 1 219 1 144 1 467 1 380 1
752 0 5 98 1 251 1 256 1 91 1 442 1
753 0 5 99 1 112 1 192 1 508 1 342 1
754 0 5 100 1 341 1 467 1 324 1 196 1
755 0 5 101 1 179 1 95 1 185 1 581 1
756 0 5 102 1 564 1 57 1 412 1 264 1
757 0 5 103 1 332 1 148 1 317 1 380 1
758 0 5 104 1 462 1 3 1 127 1 594 1
759 0 5 105 1 208 1 240 1 557 1 399 1
760 0 5 106 1 369 1 447 1 171 1 83 1
761 0 5 107 1 173 1 223 1 235 1 360 1
762 0 5 108 1 546 1 342 1 132 1 243 1
763 0 5 109 1 510 1 309 1 66 1 508 1
764 0 5 110 1 176 1 289 1 405 1 464 1
765 0 5 111 1 246 1 598 1 130 1 430 1
766 0 5 112 1 309 1 192 1 508 1 318 1
767 0 5 113 1 389 1 139 1 272 1 418 1
768 0 5 114 1 257 1 74 1 201 1 194 1
769 0 5 115 1 511 1 363 1 48 1 183 1
770 0 5 116 1 597 1 532 1 514 1 216 1
771 0 5 117 1 479 1 206 1 103 1 134 1
772 0 5 118 1 123 1 258 1 503 1 240 1
773 0 5 119 1 123 1 527 1 304 1 27 1
774 0 5 120 1 135 1 408 1 352 1 359 1
775 0 5 121 1 29 1 514 1 469 1 261 1
776 0 5 122 1 245 1 430 1 193 1 379 1
777 0 5 123 1 539 1 591 1 129 1 119 1
778 0 5 124 1 239 1 263 1 158 1 457 1
779 0 5 125 1 320 1 513 1 572 1 439 1
780 0 5 126 1 271 1 252 1 494 1 565 1
781 0 5 127 1 3 1 482 1 462 1 431 1
782 0 5 128 1 460 1 598 1 321 1 130 1
783 0 5 129 1 123 1 304 1 323 1 79 1
784 0 5 130 1 111 1 598 1 442 1 254 1
785 0 5 131 1 581 1 476 1 30 1 213 1
786 0 5 132 1 243 1 548 1 221 1 461 1
787 0 5 133 1 175 1 507 1 423 1 96 1
788 0 5 134 1 324 1 196 1 206 1 97 1
789 0 5 135 1 531 1 586 1 577 1 6 1
790 0 5 136 1 391 1 318 1 250 1 394 1
791 0 5 137 1 566 1 193 1 60 1 379 1
792 0 5 138 1 410 1 453 1 432 1 215 1
793 0 5 139 1 48 1 115 1 146 1 370 1
794 0 5 140 1 236 1 39 1 355 1 76 1
795 0 5 141 1 69 1 468 1 73 1 199 1
796 0 5 142 1 50 1 382 1 549 1 24 1
797 0 5 143 1 259 1 345 1 335 1 33 1
798 0 5 144 1 97 1 219 1 467 1 530 1
799 0 5 145 1 556 1 307 1 465 1 555 1
800 0 5 146 1 90 1 48 1 564 1 511 1
801 0 5 147 1 439 1 545 1 68 1 572 1
802 0 5 148 1 103 1 332 1 317 1 314 1
803 0 5 149 1 176 1 376 1 64 1 361 1
804 0 5 150 1 181 1 68 1 225 1 280 1
805 0 5 151 1 79 1 323 1 168 1 582 1
806 0 5 152 1 175 1 423 1 409 1 21 1
807 0 5 153 1 326 1 299 1 530 1 553 1
808 0 5 154 1 235 1 173 1 360 1 372 1
809 0 5 155 1 444 1 198 1 220 1 445 1
810 0 5 156 1 350 1 356 1 11 1 305 1
811 0 5 157 1 19 1 583 1 85 1 46 1
812 0 5 158 1 294 1 519 1 372 1 284 1
813 0 5 159 1 529 1 87 1 362 1 334 1
814 0 5 160 1 379 1 512 1 575 1 183 1
815 0 5 161 1 8 1 426 1 329 1 356 1
816 0 5 162 1 371 1 363 1 183 1 506 1
817 0 5 163 1 175 1 507 1 152 1 21 1
818 0 5 164 1 476 1 131 1 356 1 273 1
819 0 5 165 1 441 1 343 1 488 1 553 1
820 0 5 166 1 592 1 537 1 46 1 555 1
821 0 5 167 1 272 1 337 1 523 1 113 1
822 0 5 168 1 262 1 360 1 582 1 551 1
823 0 5 169 1 300 1 328 1 459 1 193 1
824 0 5 170 1 32 1 182 1 241 1 494 1
825 0 5 171 1 458 1 283 1 369 1 474 1
826 0 5 172 1 403 1 203 1 383 1 180 1
827 0 5 173 1 154 1 235 1 360 1 107 1
828 0 5 174 1 91 1 98 1 59 1 442 1
829 0 5 175 1 21 1 409 1 163 1 152 1
830 0 5 176 1 149 1 405 1 223 1 361 1
831 0 5 177 1 304 1 95 1 323 1 129 1
832 0 5 178 1 377 1 220 1 38 1 500 1
833 0 5 179 1 101 1 185 1 95 1 8 1
834 0 5 180 1 348 1 89 1 203 1 445 1
835 0 5 181 1 150 1 392 1 543 1 280 1
836 0 5 182 1 410 1 138 1 32 1 284 1
837 0 5 183 1 199 1 275 1 325 1 188 1
838 0 5 184 1 331 1 347 1 282 1 321 1
839 0 5 185 1 179 1 101 1 8 1 540 1
840 0 5 186 1 539 1 187 1 591 1 123 1
841 0 5 187 1 258 1 27 1 119 1 118 1
842 0 5 188 1 470 1 325 1 224 1 511 1
843 0 5 189 1 201 1 297 1 524 1 281 1
844 0 5 190 1 313 1 290 1 218 1 408 1
845 0 5 191 1 282 1 331 1 573 1 122 1
846 0 5 192 1 342 1 391 1 398 1 112 1
847 0 5 193 1 379 1 512 1 122 1 160 1
848 0 5 194 1 524 1 475 1 344 1 201 1
849 0 5 195 1 311 1 310 1 115 1 139 1
850 0 5 196 1 144 1 467 1 324 1 97 1
851 0 5 197 1 478 1 429 1 85 1 362 1
852 0 5 198 1 286 1 374 1 220 1 574 1
853 0 5 199 1 183 1 468 1 69 1 451 1
854 0 5 200 1 288 1 65 1 180 1 348 1
855 0 5 201 1 524 1 189 1 475 1 65 1
856 0 5 202 1 295 1 463 1 80 1 21 1
857 0 5 203 1 180 1 247 1 403 1 445 1
858 0 5 204 1 307 1 325 1 575 1 465 1
859 0 5 205 1 281 1 278 1 528 1 406 1
860 0 5 206 1 97 1 219 1 144 1 95 1
861 0 5 207 1 305 1 461 1 71 1 221 1
862 0 5 208 1 240 1 72 1 399 1 557 1
863 0 5 209 1 281 1 205 1 94 1 244 1
864 0 5 210 1 276 1 553 1 441 1 488 1
865 0 5 211 1 386 1 585 1 55 1 446 1
866 0 5 212 1 280 1 392 1 150 1 181 1
867 0 5 213 1 581 1 95 1 30 1 78 1
868 0 5 214 1 407 1 233 1 333 1 116 1
869 0 5 215 1 252 1 28 1 454 1 241 1
870 0 5 216 1 274 1 333 1 463 1 261 1
871 0 5 217 1 64 1 429 1 376 1 578 1
872 0 5 218 1 477 1 135 1 531 1 586 1
873 0 5 219 1 97 1 144 1 467 1 380 1
874 0 5 220 1 251 1 38 1 155 1 500 1
875 0 5 221 1 132 1 461 1 237 1 548 1
876 0 5 222 1 424 1 231 1 431 1 337 1
877 0 5 223 1 173 1 360 1 107 1 235 1
878 0 5 224 1 390 1 470 1 75 1 450 1
879 0 5 225 1 473 1 419 1 70 1 443 1
880 0 5 226 1 587 1 433 1 277 1 503 1
881 0 5 227 1 470 1 253 1 529 1 362 1
882 0 5 228 1 301 1 559 1 384 1 486 1
883 0 5 229 1 259 1 247 1 417 1 203 1
884 0 5 230 1 140 1 355 1 39 1 424 1
885 0 5 231 1 424 1 222 1 433 1 51 1
886 0 5 232 1 229 1 203 1 403 1 247 1
887 0 5 233 1 407 1 214 1 353 1 333 1
888 0 5 234 1 240 1 267 1 1 1 14 1
889 0 5 235 1 154 1 173 1 238 1 360 1
890 0 5 236 1 76 1 337 1 140 1 222 1
891 0 5 237 1 31 1 461 1 221 1 485 1
892 0 5 238 1 591 1 154 1 539 1 235 1
893 0 5 239 1 521 1 26 1 83 1 519 1
894 0 5 240 1 186 1 503 1 187 1 118 1
895 0 5 241 1 376 1 32 1 67 1 440 1
896 0 5 242 1 299 1 441 1 553 1 336 1
897 0 5 243 1 548 1 132 1 309 1 2 1
898 0 5 244 1 205 1 278 1 312 1 595 1
899 0 5 245 1 451 1 275 1 412 1 122 1
900 0 5 246 1 430 1 414 1 523 1 402 1
901 0 5 247 1 420 1 417 1 203 1 445 1
902 0 5 248 1 480 1 435 1 7 1 519 1
903 0 5 249 1 462 1 104 1 3 1 402 1
904 0 5 250 1 538 1 136 1 394 1 385 1
905 0 5 251 1 98 1 220 1 286 1 178 1
906 0 5 252 1 215 1 126 1 271 1 493 1
907 0 5 253 1 583 1 87 1 227 1 529 1
908 0 5 254 1 256 1 442 1 130 1 98 1
909 0 5 255 1 421 1 320 1 181 1 125 1
910 0 5 256 1 254 1 442 1 98 1 130 1
911 0 5 257 1 201 1 366 1 74 1 424 1
912 0 5 258 1 123 1 118 1 119 1 527 1
913 0 5 259 1 229 1 335 1 143 1 22 1
914 0 5 260 1 18 1 447 1 416 1 58 1
915 0 5 261 1 425 1 463 1 387 1 216 1
916 0 5 262 1 14 1 360 1 267 1 1 1
917 0 5 263 1 83 1 106 1 271 1 239 1
918 0 5 264 1 1 1 57 1 303 1 240 1
919 0 5 265 1 79 1 551 1 582 1 258 1
920 0 5 266 1 344 1 194 1 475 1 524 1
921 0 5 267 1 14 1 1 1 264 1 240 1
922 0 5 268 1 26 1 521 1 519 1 415 1
923 0 5 269 1 353 1 560 1 504 1 274 1
924 0 5 270 1 110 1 464 1 405 1 235 1
925 0 5 271 1 126 1 284 1 410 1 565 1
926 0 5 272 1 167 1 69 1 468 1 113 1
927 0 5 273 1 164 1 471 1 81 1 350 1
928 0 5 274 1 333 1 434 1 216 1 261 1
929 0 5 275 1 43 1 245 1 188 1 160 1
930 0 5 276 1 343 1 210 1 165 1 488 1
931 0 5 277 1 503 1 236 1 205 1 528 1
932 0 5 278 1 406 1 595 1 501 1 205 1
933 0 5 279 1 532 1 600 1 507 1 341 1
934 0 5 280 1 150 1 212 1 68 1 181 1
935 0 5 281 1 205 1 209 1 297 1 524 1
936 0 5 282 1 191 1 598 1 321 1 111 1
937 0 5 283 1 171 1 458 1 369 1 384 1
938 0 5 284 1 271 1 294 1 263 1 126 1
939 0 5 285 1 86 1 493 1 53 1 287 1
940 0 5 286 1 198 1 374 1 155 1 251 1
941 0 5 287 1 493 1 86 1 285 1 53 1
942 0 5 288 1 200 1 297 1 526 1 65 1
943 0 5 289 1 405 1 176 1 149 1 361 1
944 0 5 290 1 313 1 190 1 408 1 601 1
945 0 5 291 1 130 1 184 1 322 1 225 1
946 0 5 292 1 485 1 384 1 369 1 228 1
947 0 5 293 1 521 1 489 1 26 1 306 1
948 0 5 294 1 372 1 158 1 519 1 32 1
949 0 5 295 1 449 1 80 1 202 1 502 1
950 0 5 296 1 36 1 448 1 24 1 396 1
951 0 5 297 1 189 1 584 1 281 1 82 1
952 0 5 298 1 358 1 601 1 359 1 411 1
953 0 5 299 1 45 1 336 1 553 1 441 1
954 0 5 300 1 169 1 328 1 459 1 193 1
955 0 5 301 1 228 1 486 1 384 1 559 1
956 0 5 302 1 35 1 56 1 585 1 535 1
957 0 5 303 1 264 1 1 1 240 1 72 1
958 0 5 304 1 527 1 119 1 258 1 79 1
959 0 5 305 1 461 1 207 1 156 1 221 1
960 0 5 306 1 542 1 489 1 447 1 521 1
961 0 5 307 1 556 1 145 1 87 1 555 1
962 0 5 308 1 533 1 508 1 484 1 394 1
963 0 5 309 1 510 1 109 1 250 1 66 1
964 0 5 310 1 48 1 511 1 146 1 115 1
965 0 5 311 1 199 1 69 1 468 1 506 1
966 0 5 312 1 244 1 595 1 94 1 397 1
967 0 5 313 1 190 1 290 1 359 1 601 1
968 0 5 314 1 103 1 332 1 148 1 21 1
969 0 5 315 1 52 1 34 1 296 1 525 1
970 0 5 316 1 409 1 332 1 317 1 103 1
971 0 5 317 1 332 1 409 1 316 1 103 1
972 0 5 318 1 391 1 136 1 394 1 192 1
973 0 5 319 1 528 1 378 1 446 1 587 1
974 0 5 320 1 513 1 572 1 125 1 395 1
975 0 5 321 1 122 1 331 1 47 1 460 1
976 0 5 322 1 225 1 291 1 473 1 545 1
977 0 5 323 1 79 1 151 1 582 1 265 1
978 0 5 324 1 144 1 97 1 467 1 196 1
979 0 5 325 1 188 1 204 1 413 1 275 1
980 0 5 326 1 153 1 441 1 488 1 404 1
981 0 5 327 1 541 1 505 1 482 1 59 1
982 0 5 328 1 193 1 137 1 492 1 47 1
983 0 5 329 1 66 1 508 1 426 1 161 1
984 0 5 330 1 497 1 407 1 336 1 45 1
985 0 5 331 1 321 1 191 1 47 1 282 1
986 0 5 332 1 103 1 317 1 148 1 316 1
987 0 5 333 1 274 1 434 1 216 1 116 1
988 0 5 334 1 427 1 529 1 87 1 338 1
989 0 5 335 1 259 1 562 1 345 1 33 1
990 0 5 336 1 45 1 299 1 330 1 206 1
991 0 5 337 1 433 1 226 1 222 1 236 1
992 0 5 338 1 583 1 253 1 157 1 19 1
993 0 5 339 1 399 1 208 1 105 1 487 1
994 0 5 340 1 380 1 96 1 467 1 219 1
995 0 5 341 1 279 1 100 1 407 1 467 1
996 0 5 342 1 391 1 192 1 108 1 546 1
997 0 5 343 1 276 1 488 1 165 1 210 1
998 0 5 344 1 524 1 475 1 194 1 281 1
999 0 5 345 1 33 1 259 1 335 1 143 1
1000 0 5 346 1 429 1 478 1 197 1 552 1
1001 0 5 347 1 184 1 331 1 518 1 128 1
1002 0 5 348 1 89 1 509 1 180 1 444 1
1003 0 5 349 1 523 1 167 1 337 1 23 1
1004 0 5 350 1 156 1 356 1 11 1 498 1
1005 0 5 351 1 438 1 85 1 197 1 429 1
1006 0 5 352 1 120 1 408 1 466 1 359 1
1007 0 5 353 1 269 1 434 1 274 1 333 1
1008 0 5 354 1 8 1 356 1 179 1 213 1
1009 0 5 355 1 140 1 414 1 39 1 231 1
1010 0 5 356 1 350 1 8 1 156 1 354 1
1011 0 5 357 1 523 1 412 1 5 1 430 1
1012 0 5 358 1 298 1 601 1 359 1 411 1
1013 0 5 359 1 290 1 408 1 313 1 601 1
1014 0 5 360 1 235 1 173 1 154 1 437 1
1015 0 5 361 1 390 1 511 1 149 1 75 1
1016 0 5 362 1 569 1 427 1 364 1 197 1
1017 0 5 363 1 183 1 199 1 162 1 371 1
1018 0 5 364 1 362 1 197 1 569 1 478 1
1019 0 5 365 1 223 1 418 1 113 1 389 1
1020 0 5 366 1 155 1 201 1 444 1 257 1
1021 0 5 367 1 444 1 445 1 10 1 172 1
1022 0 5 368 1 393 1 400 1 47 1 590 1
1023 0 5 369 1 447 1 106 1 283 1 485 1
1024 0 5 370 1 146 1 48 1 289 1 405 1
1025 0 5 371 1 199 1 506 1 183 1 579 1
1026 0 5 372 1 154 1 294 1 235 1 61 1
1027 0 5 373 1 82 1 12 1 33 1 55 1
1028 0 5 374 1 534 1 420 1 232 1 198 1
1029 0 5 375 1 568 1 106 1 171 1 369 1
1030 0 5 376 1 149 1 241 1 64 1 32 1
1031 0 5 377 1 178 1 541 1 127 1 505 1
1032 0 5 378 1 319 1 25 1 446 1 209 1
1033 0 5 379 1 193 1 245 1 160 1 512 1
1034 0 5 380 1 340 1 467 1 219 1 97 1
1035 0 5 381 1 70 1 473 1 59 1 225 1
1036 0 5 382 1 302 1 35 1 24 1 562 1
1037 0 5 383 1 403 1 172 1 65 1 180 1
1038 0 5 384 1 559 1 228 1 301 1 292 1
1039 0 5 385 1 540 1 538 1 426 1 404 1
1040 0 5 386 1 446 1 550 1 211 1 297 1
1041 0 5 387 1 425 1 463 1 261 1 202 1
1042 0 5 388 1 436 1 131 1 476 1 129 1
1043 0 5 389 1 113 1 139 1 418 1 272 1
1044 0 5 390 1 75 1 224 1 511 1 361 1
1045 0 5 391 1 318 1 136 1 192 1 510 1
1046 0 5 392 1 70 1 225 1 443 1 9 1
1047 0 5 393 1 368 1 400 1 128 1 47 1
1048 0 5 394 1 538 1 276 1 318 1 136 1
1049 0 5 395 1 492 1 472 1 590 1 455 1
1050 0 5 396 1 448 1 535 1 302 1 35 1
1051 0 5 397 1 209 1 94 1 312 1 281 1
1052 0 5 398 1 546 1 342 1 108 1 99 1
1053 0 5 399 1 72 1 240 1 1 1 303 1
1054 0 5 400 1 331 1 321 1 47 1 518 1
1055 0 5 401 1 156 1 20 1 305 1 207 1
1056 0 5 402 1 222 1 523 1 104 1 462 1
1057 0 5 403 1 172 1 383 1 180 1 203 1
1058 0 5 404 1 210 1 101 1 540 1 153 1
1059 0 5 405 1 176 1 149 1 289 1 146 1
1060 0 5 406 1 278 1 205 1 502 1 449 1
1061 0 5 407 1 497 1 532 1 233 1 330 1
1062 0 5 408 1 359 1 290 1 313 1 554 1
1063 0 5 409 1 317 1 316 1 501 1 547 1
1064 0 5 410 1 271 1 453 1 263 1 138 1
1065 0 5 411 1 456 1 599 1 601 1 432 1
1066 0 5 412 1 102 1 430 1 141 1 357 1
1067 0 5 413 1 529 1 159 1 87 1 325 1
1068 0 5 414 1 523 1 246 1 357 1 402 1
1069 0 5 415 1 26 1 521 1 239 1 268 1
1070 0 5 416 1 260 1 207 1 18 1 305 1
1071 0 5 417 1 247 1 203 1 259 1 229 1
1072 0 5 418 1 17 1 113 1 139 1 389 1
1073 0 5 419 1 327 1 490 1 443 1 225 1
1074 0 5 420 1 247 1 374 1 417 1 203 1
1075 0 5 421 1 150 1 513 1 255 1 320 1
1076 0 5 422 1 565 1 158 1 32 1 580 1
1077 0 5 423 1 409 1 175 1 152 1 314 1
1078 0 5 424 1 231 1 74 1 222 1 140 1
1079 0 5 425 1 387 1 261 1 463 1 560 1
1080 0 5 426 1 66 1 385 1 329 1 161 1
1081 0 5 427 1 334 1 529 1 583 1 85 1
1082 0 5 428 1 573 1 579 1 47 1 73 1
1083 0 5 429 1 346 1 64 1 351 1 499 1
1084 0 5 430 1 412 1 246 1 523 1 357 1
1085 0 5 431 1 594 1 517 1 222 1 38 1
1086 0 5 432 1 536 1 486 1 599 1 301 1
1087 0 5 433 1 475 1 226 1 524 1 76 1
1088 0 5 434 1 274 1 333 1 514 1 216 1
1089 0 5 435 1 480 1 248 1 561 1 238 1
1090 0 5 436 1 79 1 238 1 483 1 151 1
1091 0 5 437 1 238 1 235 1 480 1 360 1
1092 0 5 438 1 351 1 85 1 19 1 166 1
1093 0 5 439 1 545 1 513 1 572 1 147 1
1094 0 5 440 1 580 1 571 1 422 1 241 1
1095 0 5 441 1 553 1 210 1 165 1 299 1
1096 0 5 442 1 256 1 254 1 482 1 98 1
1097 0 5 443 1 225 1 473 1 490 1 419 1
1098 0 5 444 1 155 1 445 1 366 1 38 1
1099 0 5 445 1 444 1 155 1 366 1 38 1
1100 0 5 446 1 319 1 378 1 25 1 209 1
1101 0 5 447 1 369 1 106 1 485 1 542 1
1102 0 5 448 1 24 1 296 1 396 1 36 1
1103 0 5 449 1 80 1 502 1 406 1 278 1
1104 0 5 450 1 470 1 224 1 75 1 390 1
1105 0 5 451 1 245 1 199 1 468 1 122 1
1106 0 5 452 1 527 1 304 1 105 1 339 1
1107 0 5 453 1 301 1 18 1 228 1 260 1
1108 0 5 454 1 28 1 86 1 285 1 493 1
1109 0 5 455 1 472 1 492 1 520 1 395 1
1110 0 5 456 1 596 1 411 1 599 1 536 1
1111 0 5 457 1 263 1 239 1 124 1 83 1
1112 0 5 458 1 171 1 58 1 20 1 474 1
1113 0 5 459 1 62 1 15 1 137 1 92 1
1114 0 5 460 1 598 1 111 1 41 1 282 1
1115 0 5 461 1 305 1 31 1 485 1 237 1
1116 0 5 462 1 431 1 3 1 222 1 594 1
1117 0 5 463 1 202 1 387 1 216 1 491 1
1118 0 5 464 1 235 1 110 1 372 1 480 1
1119 0 5 465 1 15 1 566 1 145 1 570 1
1120 0 5 466 1 120 1 408 1 352 1 567 1
1121 0 5 467 1 380 1 97 1 219 1 144 1
1122 0 5 468 1 69 1 73 1 199 1 573 1
1123 0 5 469 1 562 1 35 1 29 1 425 1
1124 0 5 470 1 224 1 188 1 450 1 90 1
1125 0 5 471 1 350 1 401 1 81 1 20 1
1126 0 5 472 1 455 1 395 1 492 1 520 1
1127 0 5 473 1 225 1 70 1 443 1 254 1
1128 0 5 474 1 489 1 542 1 306 1 58 1
1129 0 5 475 1 524 1 201 1 281 1 344 1
1130 0 5 476 1 388 1 131 1 356 1 129 1
1131 0 5 477 1 218 1 592 1 438 1 166 1
1132 0 5 478 1 197 1 552 1 429 1 362 1
1133 0 5 479 1 117 1 206 1 103 1 219 1
1134 0 5 480 1 238 1 235 1 372 1 154 1
1135 0 5 481 1 60 1 193 1 379 1 570 1
1136 0 5 482 1 442 1 256 1 98 1 254 1
1137 0 5 483 1 591 1 436 1 561 1 11 1
1138 0 5 484 1 394 1 343 1 276 1 488 1
1139 0 5 485 1 292 1 369 1 384 1 283 1
1140 0 5 486 1 301 1 228 1 596 1 536 1
1141 0 5 487 1 501 1 44 1 528 1 409 1
1142 0 5 488 1 343 1 165 1 210 1 276 1
1143 0 5 489 1 306 1 542 1 447 1 521 1
1144 0 5 490 1 563 1 254 1 443 1 256 1
1145 0 5 491 1 550 1 80 1 502 1 406 1
1146 0 5 492 1 328 1 395 1 455 1 472 1
1147 0 5 493 1 287 1 285 1 53 1 86 1
1148 0 5 494 1 252 1 126 1 215 1 271 1
1149 0 5 495 1 562 1 585 1 88 1 55 1
1150 0 5 496 1 209 1 344 1 397 1 312 1
1151 0 5 497 1 407 1 330 1 532 1 336 1
1152 0 5 498 1 508 1 99 1 305 1 329 1
1153 0 5 499 1 64 1 593 1 578 1 217 1
1154 0 5 500 1 38 1 431 1 594 1 366 1
1155 0 5 501 1 487 1 409 1 277 1 44 1
1156 0 5 502 1 80 1 449 1 205 1 406 1
1157 0 5 503 1 277 1 118 1 527 1 27 1
1158 0 5 504 1 469 1 274 1 434 1 560 1
1159 0 5 505 1 127 1 327 1 541 1 377 1
1160 0 5 506 1 579 1 371 1 428 1 183 1
1161 0 5 507 1 175 1 163 1 133 1 21 1
1162 0 5 508 1 329 1 533 1 66 1 99 1
1163 0 5 509 1 89 1 230 1 257 1 140 1
1164 0 5 510 1 250 1 109 1 309 1 538 1
1165 0 5 511 1 75 1 188 1 48 1 390 1
1166 0 5 512 1 193 1 379 1 451 1 160 1
1167 0 5 513 1 320 1 590 1 125 1 439 1
1168 0 5 514 1 121 1 116 1 29 1 261 1
1169 0 5 515 1 96 1 95 1 340 1 148 1
1170 0 5 516 1 552 1 146 1 405 1 224 1
1171 0 5 517 1 431 1 594 1 38 1 366 1
1172 0 5 518 1 400 1 520 1 347 1 184 1
1173 0 5 519 1 294 1 372 1 26 1 158 1
1174 0 5 520 1 518 1 455 1 184 1 472 1
1175 0 5 521 1 239 1 26 1 306 1 415 1
1176 0 5 522 1 570 1 575 1 92 1 588 1
1177 0 5 523 1 402 1 222 1 104 1 462 1
1178 0 5 524 1 201 1 475 1 189 1 281 1
1179 0 5 525 1 52 1 315 1 29 1 36 1
1180 0 5 526 1 82 1 297 1 189 1 22 1
1181 0 5 527 1 119 1 118 1 258 1 304 1
1182 0 5 528 1 319 1 44 1 587 1 487 1
1183 0 5 529 1 427 1 87 1 227 1 334 1
1184 0 5 530 1 153 1 336 1 330 1 299 1
1185 0 5 531 1 6 1 586 1 577 1 166 1
1186 0 5 532 1 279 1 330 1 530 1 341 1
1187 0 5 533 1 508 1 329 1 99 1 394 1
1188 0 5 534 1 574 1 198 1 174 1 59 1
1189 0 5 535 1 35 1 302 1 396 1 469 1
1190 0 5 536 1 432 1 486 1 301 1 599 1
1191 0 5 537 1 555 1 589 1 166 1 46 1
1192 0 5 538 1 385 1 250 1 404 1 394 1
1193 0 5 539 1 591 1 123 1 476 1 186 1
1194 0 5 540 1 101 1 185 1 404 1 385 1
1195 0 5 541 1 505 1 327 1 482 1 377 1
1196 0 5 542 1 306 1 489 1 447 1 106 1
1197 0 5 543 1 150 1 181 1 421 1 68 1
1198 0 5 544 1 563 1 490 1 41 1 443 1
1199 0 5 545 1 68 1 291 1 572 1 184 1
1200 0 5 546 1 108 1 342 1 391 1 192 1
1201 0 5 547 1 278 1 501 1 317 1 409 1
1202 0 5 548 1 2 1 243 1 309 1 31 1
1203 0 5 549 1 382 1 24 1 448 1 296 1
1204 0 5 550 1 491 1 80 1 502 1 386 1
1205 0 5 551 1 240 1 267 1 14 1 234 1
1206 0 5 552 1 516 1 478 1 197 1 362 1
1207 0 5 553 1 210 1 441 1 165 1 299 1
1208 0 5 554 1 601 1 358 1 466 1 42 1
1209 0 5 555 1 537 1 589 1 166 1 46 1
1210 0 5 556 1 307 1 555 1 145 1 537 1
1211 0 5 557 1 240 1 72 1 267 1 1 1
1212 0 5 558 1 54 1 590 1 400 1 455 1
1213 0 5 559 1 384 1 171 1 596 1 369 1
1214 0 5 560 1 504 1 269 1 425 1 216 1
1215 0 5 561 1 483 1 591 1 20 1 436 1
1216 0 5 562 1 469 1 495 1 335 1 550 1
1217 0 5 563 1 544 1 490 1 41 1 443 1
1218 0 5 564 1 102 1 57 1 90 1 146 1
1219 0 5 565 1 422 1 32 1 124 1 599 1
1220 0 5 566 1 15 1 60 1 137 1 570 1
1221 0 5 567 1 466 1 554 1 408 1 352 1
1222 0 5 568 1 485 1 292 1 207 1 416 1
1223 0 5 569 1 362 1 427 1 364 1 478 1
1224 0 5 570 1 575 1 465 1 92 1 15 1
1225 0 5 571 1 580 1 440 1 516 1 241 1
1226 0 5 572 1 545 1 68 1 439 1 320 1
1227 0 5 573 1 191 1 122 1 282 1 73 1
1228 0 5 574 1 534 1 59 1 198 1 98 1
1229 0 5 575 1 92 1 570 1 379 1 193 1
1230 0 5 576 1 9 1 439 1 125 1 147 1
1231 0 5 577 1 586 1 6 1 531 1 135 1
1232 0 5 578 1 64 1 217 1 499 1 593 1
1233 0 5 579 1 428 1 573 1 512 1 451 1
1234 0 5 580 1 571 1 440 1 422 1 241 1
1235 0 5 581 1 95 1 78 1 213 1 30 1
1236 0 5 582 1 168 1 79 1 551 1 265 1
1237 0 5 583 1 253 1 87 1 529 1 19 1
1238 0 5 584 1 297 1 189 1 281 1 201 1
1239 0 5 585 1 211 1 386 1 495 1 55 1
1240 0 5 586 1 531 1 6 1 577 1 135 1
1241 0 5 587 1 277 1 205 1 475 1 528 1
1242 0 5 588 1 62 1 459 1 15 1 566 1
1243 0 5 589 1 537 1 46 1 166 1 555 1
1244 0 5 590 1 395 1 492 1 472 1 513 1
1245 0 5 591 1 539 1 123 1 436 1 238 1
1246 0 5 592 1 77 1 166 1 477 1 135 1
1247 0 5 593 1 64 1 499 1 578 1 67 1
1248 0 5 594 1 431 1 517 1 366 1 38 1
1249 0 5 595 1 278 1 37 1 547 1 406 1
1250 0 5 596 1 456 1 559 1 599 1 411 1
1251 0 5 597 1 116 1 532 1 514 1 261 1
1252 0 5 598 1 111 1 130 1 460 1 282 1
1253 0 5 599 1 565 1 432 1 456 1 536 1
1254 0 5 600 1 467 1 380 1 96 1 279 1
1255 0 5 601 1 358 1 411 1 359 1 554 1
1256 0 5 602 0 654 1 653 1 652 1 651 1
1257 0 5 603 0 654 1 653 1 652 1 651 1
1258 0 5 604 0 654 1 653 1 652 1 651 1
1259 0 5 605 0 654 1 653 1 652 1 651 1
1260 0 5 606 0 654 1 653 1 652 1 651 1
1261 0 5 607 0 654 1 653 1 652 1 651 1
1262 0 5 608 0 654 1 653 1 652 1 651 1
1263 0 5 609 0 654 1 653 1 652 1 651 1
1264 0 5 610 0 654 1 653 1 652 1 651 1
1265 0 5 611 0 654 1 653 1 652 1 651 1
1266 0 5 612 0 654 1 653 1 652 1 651 1
1267 0 5 613 0 654 1 653 1 652 1 651 1
1268 0 5 614 0 654 1 653 1 652 1 651 1
1269 0 5 615 0 654 1 653 1 652 1 651 1
1270 0 5 616 0 654 1 653 1 652 1 651 1
1271 0 5 617 0 654 1 653 1 652 1 651 1
1272 0 5 618 0 654 1 653 1 652 1 651 1
1273 0 5 619 0 654 1 653 1 652 1 651 1
1274 0 5 620 0 654 1 653 1 652 1 651 1
1275 0 5 621 0 654 1 653 1 652 1 651 1
1276 0 5 622 0 654 1 653 1 652 1 651 1
1277 0 5 623 0 654 1 653 1 652 1 651 1
1278 0 5 624 0 654 1 653 1 652 1 651 1
1279 0 5 625 0 654 1 653 1 652 1 651 1
1280 0 5 626 0 654 1 653 1 652 1 651 1
1281 0 5 627 0 654 1 653 1 652 1 651 1
1282 0 5 628 0 654 1 653 1 652 1 651 1
1283 0 5 629 0 654 1 653 1 652 1 651 1
1284 0 5 630 0 654 1 653 1 652 1 651 1
1285 0 5 631 0 654 1 653 1 652 1 651 1
1286 0 5 632 0 654 1 653 1 652 1 651 1
1287 0 5 633 0 654 1 653 1 652 1 651 1
1288 0 5 634 0 654 1 653 1 652 1 651 1
1289 0 5 635 0 654 1 653 1 652 1 651 1
1290 0 5 636 0 654 1 653 1 652 1 651 1
1291 0 5 637 0 654 1 653 1 652 1 651 1
1292 0 5 638 0 654 1 653 1 652 1 651 1
1293 0 5 639 0 654 1 653 1 652 1 651 1
1294 0 5 640 0 654 1 653 1 652 1 651 1
1295 0 5 641 0 654 1 653 1 652 1 651 1
1296 0 5 642 0 654 1 653 1 652 1 651 1
1297 0 5 643 0 654 1 653 1 652 1 651 1
1298 0 5 644 0 654 1 653 1 652 1 651 1
1299 0 5 645 0 654 1 653 1 652 1 651 1
1300 0 5 646 0 654 1 653 1 652 1 651 1
1301 0 5 647 0 654 1 653 1 652 1 651 1
1302 0 5 648 0 654 1 653 1 652 1 651 1
1303 0 5 649 0 654 1 653 1 652 1 651 1
1304 0 5 650 0 654 1 653 1 652 1 651 1
1305 0 5 651 0 654 1 653 1 652 1 651 1
1306 0 5 652 0 654 1 653 1 652 1 651 1
1307 0 5 653 0 654 1 653 1 652 1 651 1
1308 0 5 654 0 654 1 653 1 652 1 651 1
-1
EOF
