436
1 0 5 219 0 436 1 435 1 434 1 433 1
2 0 5 220 1 279 1 227 1 295 1 253 1
3 0 5 221 1 253 1 295 1 404 1 394 1
4 0 5 222 1 355 1 262 1 399 1 267 1
5 0 5 223 1 311 1 373 1 361 1 219 1
6 0 5 224 1 281 1 378 1 265 1 239 1
7 0 5 225 1 351 1 390 1 268 1 297 1
8 0 5 226 1 398 1 234 1 287 1 329 1
9 0 5 227 1 316 1 294 1 220 1 279 1
10 0 5 228 1 231 1 256 1 278 1 285 1
11 0 5 229 1 244 1 323 1 254 1 383 1
12 0 5 230 1 306 1 340 1 356 1 290 1
13 0 5 231 1 278 1 228 1 362 1 407 1
14 0 5 232 1 294 1 227 1 279 1 220 1
15 0 5 233 1 268 1 351 1 266 1 225 1
16 0 5 234 1 237 1 398 1 287 1 402 1
17 0 5 235 1 317 1 259 1 338 1 352 1
18 0 5 236 1 306 1 249 1 324 1 393 1
19 0 5 237 1 226 1 398 1 234 1 287 1
20 0 5 238 1 389 1 412 1 312 1 229 1
21 0 5 239 1 405 1 357 1 245 1 281 1
22 0 5 240 1 385 1 358 1 248 1 407 1
23 0 5 241 1 325 1 348 1 289 1 380 1
24 0 5 242 1 336 1 251 1 257 1 327 1
25 0 5 243 1 350 1 355 1 399 1 375 1
26 0 5 244 1 229 1 296 1 323 1 412 1
27 0 5 245 1 224 1 378 1 239 1 265 1
28 0 5 246 1 409 1 386 1 270 1 299 1
29 0 5 247 1 382 1 225 1 372 1 406 1
30 0 5 248 1 407 1 358 1 362 1 392 1
31 0 5 249 1 283 1 286 1 393 1 219 1
32 0 5 250 1 271 1 293 1 325 1 264 1
33 0 5 251 1 242 1 336 1 257 1 327 1
34 0 5 252 1 362 1 344 1 376 1 231 1
35 0 5 253 1 295 1 394 1 315 1 221 1
36 0 5 254 1 383 1 323 1 296 1 341 1
37 0 5 255 1 262 1 343 1 375 1 399 1
38 0 5 256 1 228 1 319 1 231 1 285 1
39 0 5 257 1 251 1 336 1 242 1 327 1
40 0 5 258 1 406 1 372 1 282 1 268 1
41 0 5 259 1 366 1 352 1 235 1 317 1
42 0 5 260 1 414 1 348 1 377 1 380 1
43 0 5 261 1 391 1 416 1 357 1 224 1
44 0 5 262 1 222 1 343 1 355 1 399 1
45 0 5 263 1 335 1 309 1 302 1 299 1
46 0 5 264 1 333 1 327 1 275 1 304 1
47 0 5 265 1 405 1 357 1 239 1 245 1
48 0 5 266 1 419 1 233 1 268 1 381 1
49 0 5 267 1 355 1 262 1 399 1 222 1
50 0 5 268 1 233 1 351 1 225 1 390 1
51 0 5 269 1 331 1 376 1 304 1 344 1
52 0 5 270 1 246 1 364 1 409 1 310 1
53 0 5 271 1 325 1 250 1 293 1 257 1
54 0 5 272 1 320 1 411 1 387 1 313 1
55 0 5 273 1 359 1 319 1 308 1 285 1
56 0 5 274 1 413 1 300 1 326 1 336 1
57 0 5 275 1 257 1 333 1 264 1 251 1
58 0 5 276 1 414 1 401 1 366 1 259 1
59 0 5 277 1 353 1 410 1 332 1 346 1
60 0 5 278 1 362 1 407 1 358 1 248 1
61 0 5 279 1 220 1 227 1 295 1 253 1
62 0 5 280 1 330 1 417 1 270 1 310 1
63 0 5 281 1 224 1 265 1 357 1 378 1
64 0 5 282 1 368 1 298 1 258 1 339 1
65 0 5 283 1 286 1 249 1 393 1 273 1
66 0 5 284 1 387 1 396 1 347 1 318 1
67 0 5 285 1 308 1 319 1 228 1 273 1
68 0 5 286 1 219 1 283 1 249 1 393 1
69 0 5 287 1 226 1 237 1 398 1 234 1
70 0 5 288 1 395 1 324 1 410 1 307 1
71 0 5 289 1 325 1 345 1 250 1 417 1
72 0 5 290 1 230 1 363 1 307 1 340 1
73 0 5 291 1 380 1 338 1 317 1 235 1
74 0 5 292 1 312 1 412 1 365 1 282 1
75 0 5 293 1 271 1 250 1 320 1 257 1
76 0 5 294 1 346 1 324 1 303 1 316 1
77 0 5 295 1 253 1 394 1 404 1 221 1
78 0 5 296 1 254 1 383 1 323 1 341 1
79 0 5 297 1 390 1 351 1 225 1 233 1
80 0 5 298 1 258 1 315 1 282 1 368 1
81 0 5 299 1 335 1 367 1 364 1 246 1
82 0 5 300 1 326 1 274 1 304 1 413 1
83 0 5 301 1 373 1 286 1 311 1 413 1
84 0 5 302 1 314 1 367 1 322 1 329 1
85 0 5 303 1 418 1 277 1 395 1 346 1
86 0 5 304 1 384 1 275 1 264 1 305 1
87 0 5 305 1 333 1 392 1 326 1 300 1
88 0 5 306 1 236 1 307 1 374 1 249 1
89 0 5 307 1 306 1 374 1 288 1 290 1
90 0 5 308 1 256 1 228 1 319 1 285 1
91 0 5 309 1 263 1 329 1 397 1 335 1
92 0 5 310 1 364 1 330 1 246 1 417 1
93 0 5 311 1 373 1 361 1 223 1 273 1
94 0 5 312 1 365 1 258 1 292 1 238 1
95 0 5 313 1 370 1 284 1 387 1 344 1
96 0 5 314 1 367 1 302 1 335 1 263 1
97 0 5 315 1 394 1 253 1 404 1 221 1
98 0 5 316 1 393 1 394 1 249 1 283 1
99 0 5 317 1 338 1 235 1 259 1 352 1
100 0 5 318 1 313 1 387 1 370 1 284 1
101 0 5 319 1 308 1 256 1 285 1 385 1
102 0 5 320 1 411 1 272 1 293 1 269 1
103 0 5 321 1 375 1 415 1 350 1 402 1
104 0 5 322 1 419 1 309 1 226 1 266 1
105 0 5 323 1 244 1 229 1 254 1 296 1
106 0 5 324 1 346 1 288 1 356 1 307 1
107 0 5 325 1 289 1 250 1 241 1 271 1
108 0 5 326 1 300 1 301 1 252 1 413 1
109 0 5 327 1 257 1 275 1 251 1 264 1
110 0 5 328 1 408 1 370 1 344 1 313 1
111 0 5 329 1 263 1 226 1 309 1 287 1
112 0 5 330 1 364 1 310 1 270 1 417 1
113 0 5 331 1 269 1 376 1 328 1 304 1
114 0 5 332 1 277 1 410 1 353 1 395 1
115 0 5 333 1 305 1 275 1 327 1 264 1
116 0 5 334 1 340 1 363 1 230 1 290 1
117 0 5 335 1 302 1 367 1 364 1 263 1
118 0 5 336 1 242 1 305 1 257 1 251 1
119 0 5 337 1 356 1 324 1 346 1 418 1
120 0 5 338 1 235 1 352 1 259 1 380 1
121 0 5 339 1 368 1 282 1 354 1 312 1
122 0 5 340 1 374 1 334 1 307 1 306 1
123 0 5 341 1 400 1 254 1 383 1 296 1
124 0 5 342 1 356 1 294 1 363 1 232 1
125 0 5 343 1 262 1 399 1 350 1 222 1
126 0 5 344 1 284 1 347 1 408 1 318 1
127 0 5 345 1 386 1 246 1 299 1 403 1
128 0 5 346 1 324 1 418 1 232 1 303 1
129 0 5 347 1 284 1 318 1 344 1 387 1
130 0 5 348 1 241 1 274 1 325 1 260 1
131 0 5 349 1 406 1 369 1 390 1 297 1
132 0 5 350 1 267 1 355 1 262 1 399 1
133 0 5 351 1 297 1 390 1 233 1 225 1
134 0 5 352 1 366 1 276 1 259 1 235 1
135 0 5 353 1 410 1 332 1 346 1 316 1
136 0 5 354 1 405 1 357 1 265 1 239 1
137 0 5 355 1 222 1 262 1 399 1 350 1
138 0 5 356 1 324 1 232 1 346 1 294 1
139 0 5 357 1 405 1 354 1 245 1 281 1
140 0 5 358 1 240 1 248 1 362 1 407 1
141 0 5 359 1 249 1 286 1 283 1 273 1
142 0 5 360 1 404 1 383 1 341 1 323 1
143 0 5 361 1 223 1 219 1 311 1 372 1
144 0 5 362 1 407 1 248 1 358 1 392 1
145 0 5 363 1 290 1 340 1 334 1 342 1
146 0 5 364 1 335 1 310 1 367 1 330 1
147 0 5 365 1 238 1 312 1 292 1 389 1
148 0 5 366 1 276 1 259 1 352 1 235 1
149 0 5 367 1 302 1 314 1 246 1 386 1
150 0 5 368 1 282 1 339 1 298 1 258 1
151 0 5 369 1 406 1 349 1 390 1 219 1
152 0 5 370 1 313 1 387 1 318 1 379 1
153 0 5 371 1 388 1 403 1 350 1 386 1
154 0 5 372 1 247 1 382 1 268 1 233 1
155 0 5 373 1 311 1 301 1 413 1 385 1
156 0 5 374 1 334 1 340 1 363 1 307 1
157 0 5 375 1 321 1 350 1 343 1 415 1
158 0 5 376 1 252 1 396 1 347 1 408 1
159 0 5 377 1 413 1 414 1 260 1 311 1
160 0 5 378 1 239 1 265 1 357 1 281 1
161 0 5 379 1 370 1 313 1 328 1 387 1
162 0 5 380 1 291 1 338 1 317 1 401 1
163 0 5 381 1 368 1 282 1 315 1 233 1
164 0 5 382 1 247 1 225 1 372 1 406 1
165 0 5 383 1 323 1 244 1 400 1 341 1
166 0 5 384 1 304 1 333 1 264 1 327 1
167 0 5 385 1 240 1 358 1 301 1 248 1
168 0 5 386 1 246 1 409 1 403 1 345 1
169 0 5 387 1 313 1 284 1 370 1 318 1
170 0 5 388 1 291 1 371 1 380 1 401 1
171 0 5 389 1 238 1 365 1 412 1 244 1
172 0 5 390 1 349 1 369 1 406 1 225 1
173 0 5 391 1 416 1 261 1 224 1 357 1
174 0 5 392 1 305 1 384 1 248 1 407 1
175 0 5 393 1 283 1 394 1 316 1 286 1
176 0 5 394 1 393 1 316 1 221 1 406 1
177 0 5 395 1 346 1 332 1 324 1 277 1
178 0 5 396 1 284 1 347 1 408 1 344 1
179 0 5 397 1 309 1 255 1 329 1 234 1
180 0 5 398 1 237 1 234 1 287 1 226 1
181 0 5 399 1 222 1 355 1 262 1 267 1
182 0 5 400 1 254 1 341 1 383 1 360 1
183 0 5 401 1 380 1 291 1 414 1 311 1
184 0 5 402 1 237 1 234 1 415 1 287 1
185 0 5 403 1 415 1 409 1 402 1 386 1
186 0 5 404 1 221 1 360 1 253 1 354 1
187 0 5 405 1 354 1 245 1 281 1 378 1
188 0 5 406 1 369 1 247 1 382 1 372 1
189 0 5 407 1 248 1 362 1 392 1 358 1
190 0 5 408 1 328 1 344 1 370 1 347 1
191 0 5 409 1 299 1 403 1 386 1 270 1
192 0 5 410 1 277 1 332 1 353 1 395 1
193 0 5 411 1 320 1 331 1 344 1 269 1
194 0 5 412 1 238 1 244 1 292 1 323 1
195 0 5 413 1 377 1 348 1 385 1 373 1
196 0 5 414 1 260 1 348 1 352 1 413 1
197 0 5 415 1 402 1 403 1 321 1 234 1
198 0 5 416 1 224 1 378 1 391 1 265 1
199 0 5 417 1 280 1 330 1 310 1 270 1
200 0 5 418 1 346 1 303 1 395 1 337 1
201 0 5 419 1 322 1 266 1 258 1 282 1
202 0 5 420 0 219 1 420 1 421 1 422 1
203 0 5 421 0 219 1 420 1 421 1 422 1
204 0 5 422 0 219 1 420 1 421 1 422 1
205 0 5 423 0 219 1 420 1 421 1 422 1
206 0 5 424 0 219 1 420 1 421 1 422 1
207 0 5 425 0 219 1 420 1 421 1 422 1
208 0 5 426 0 219 1 420 1 421 1 422 1
209 0 5 427 0 219 1 420 1 421 1 422 1
210 0 5 428 0 219 1 420 1 421 1 422 1
211 0 5 429 0 219 1 420 1 421 1 422 1
212 0 5 430 0 219 1 420 1 421 1 422 1
213 0 5 431 0 219 1 420 1 421 1 422 1
214 0 5 432 0 219 1 420 1 421 1 422 1
215 0 5 433 0 219 1 420 1 421 1 422 1
216 0 5 434 0 219 1 420 1 421 1 422 1
217 0 5 435 0 219 1 420 1 421 1 422 1
218 0 5 436 0 219 1 420 1 421 1 422 1
219 0 5 1 0 218 1 217 1 216 1 215 1
220 0 5 2 1 61 1 9 1 14 1 77 1
221 0 5 3 1 77 1 186 1 35 1 97 1
222 0 5 4 1 181 1 44 1 137 1 49 1
223 0 5 5 1 143 1 93 1 1 1 155 1
224 0 5 6 1 198 1 27 1 63 1 160 1
225 0 5 7 1 164 1 29 1 154 1 133 1
226 0 5 8 1 69 1 19 1 180 1 184 1
227 0 5 9 1 61 1 2 1 14 1 138 1
228 0 5 10 1 13 1 38 1 90 1 144 1
229 0 5 11 1 26 1 105 1 165 1 36 1
230 0 5 12 1 72 1 145 1 138 1 116 1
231 0 5 13 1 10 1 38 1 144 1 60 1
232 0 5 14 1 138 1 85 1 119 1 200 1
233 0 5 15 1 50 1 48 1 154 1 133 1
234 0 5 16 1 180 1 184 1 103 1 19 1
235 0 5 17 1 99 1 120 1 41 1 73 1
236 0 5 18 1 88 1 12 1 89 1 192 1
237 0 5 19 1 69 1 180 1 16 1 184 1
238 0 5 20 1 171 1 194 1 147 1 94 1
239 0 5 21 1 160 1 47 1 6 1 198 1
240 0 5 22 1 140 1 144 1 167 1 30 1
241 0 5 23 1 130 1 107 1 148 1 41 1
242 0 5 24 1 118 1 33 1 57 1 109 1
243 0 5 25 1 49 1 132 1 157 1 125 1
244 0 5 26 1 105 1 165 1 11 1 36 1
245 0 5 27 1 21 1 160 1 47 1 139 1
246 0 5 28 1 168 1 52 1 185 1 191 1
247 0 5 29 1 154 1 164 1 188 1 7 1
248 0 5 30 1 189 1 144 1 60 1 140 1
249 0 5 31 1 141 1 18 1 65 1 55 1
250 0 5 32 1 107 1 75 1 24 1 53 1
251 0 5 33 1 39 1 109 1 57 1 24 1
252 0 5 34 1 158 1 51 1 178 1 126 1
253 0 5 35 1 77 1 97 1 3 1 186 1
254 0 5 36 1 182 1 123 1 78 1 105 1
255 0 5 37 1 125 1 103 1 16 1 111 1
256 0 5 38 1 101 1 10 1 90 1 13 1
257 0 5 39 1 109 1 57 1 46 1 24 1
258 0 5 40 1 80 1 64 1 201 1 48 1
259 0 5 41 1 17 1 99 1 134 1 120 1
260 0 5 42 1 196 1 130 1 58 1 159 1
261 0 5 43 1 173 1 198 1 21 1 47 1
262 0 5 44 1 181 1 137 1 25 1 125 1
263 0 5 45 1 111 1 91 1 69 1 19 1
264 0 5 46 1 57 1 109 1 86 1 118 1
265 0 5 47 1 160 1 6 1 198 1 21 1
266 0 5 48 1 201 1 154 1 15 1 50 1
267 0 5 49 1 132 1 25 1 181 1 125 1
268 0 5 50 1 154 1 15 1 48 1 7 1
269 0 5 51 1 193 1 113 1 158 1 86 1
270 0 5 52 1 28 1 191 1 168 1 69 1
271 0 5 53 1 75 1 32 1 107 1 24 1
272 0 5 54 1 102 1 169 1 95 1 161 1
273 0 5 55 1 93 1 101 1 155 1 141 1
274 0 5 56 1 130 1 53 1 87 1 195 1
275 0 5 57 1 109 1 86 1 46 1 115 1
276 0 5 58 1 134 1 148 1 41 1 99 1
277 0 5 59 1 114 1 177 1 85 1 192 1
278 0 5 60 1 13 1 144 1 10 1 189 1
279 0 5 61 1 2 1 9 1 14 1 77 1
280 0 5 62 1 199 1 168 1 107 1 28 1
281 0 5 63 1 160 1 6 1 21 1 47 1
282 0 5 64 1 150 1 80 1 121 1 163 1
283 0 5 65 1 31 1 141 1 175 1 68 1
284 0 5 66 1 178 1 129 1 169 1 126 1
285 0 5 67 1 101 1 10 1 38 1 90 1
286 0 5 68 1 65 1 141 1 31 1 83 1
287 0 5 69 1 180 1 16 1 184 1 19 1
288 0 5 70 1 177 1 89 1 85 1 200 1
289 0 5 71 1 107 1 23 1 127 1 62 1
290 0 5 72 1 145 1 89 1 138 1 12 1
291 0 5 73 1 170 1 162 1 183 1 93 1
292 0 5 74 1 94 1 121 1 194 1 150 1
293 0 5 75 1 53 1 32 1 102 1 33 1
294 0 5 76 1 124 1 14 1 138 1 9 1
295 0 5 77 1 35 1 3 1 97 1 61 1
296 0 5 78 1 36 1 165 1 123 1 105 1
297 0 5 79 1 133 1 7 1 50 1 154 1
298 0 5 80 1 64 1 150 1 163 1 48 1
299 0 5 81 1 191 1 69 1 19 1 28 1
300 0 5 82 1 87 1 108 1 174 1 56 1
301 0 5 83 1 155 1 167 1 93 1 195 1
302 0 5 84 1 117 1 149 1 45 1 96 1
303 0 5 85 1 200 1 128 1 114 1 177 1
304 0 5 86 1 57 1 46 1 166 1 51 1
305 0 5 87 1 115 1 174 1 46 1 118 1
306 0 5 88 1 89 1 18 1 12 1 122 1
307 0 5 89 1 88 1 70 1 156 1 122 1
308 0 5 90 1 101 1 67 1 55 1 38 1
309 0 5 91 1 104 1 45 1 111 1 179 1
310 0 5 92 1 112 1 52 1 146 1 168 1
311 0 5 93 1 155 1 5 1 143 1 1 1
312 0 5 94 1 74 1 201 1 121 1 64 1
313 0 5 95 1 100 1 152 1 169 1 161 1
314 0 5 96 1 84 1 117 1 149 1 45 1
315 0 5 97 1 80 1 121 1 163 1 35 1
316 0 5 98 1 135 1 9 1 175 1 85 1
317 0 5 99 1 17 1 73 1 120 1 41 1
318 0 5 100 1 126 1 129 1 169 1 152 1
319 0 5 101 1 38 1 10 1 55 1 90 1
320 0 5 102 1 54 1 75 1 193 1 39 1
321 0 5 103 1 157 1 125 1 25 1 37 1
322 0 5 104 1 201 1 37 1 48 1 111 1
323 0 5 105 1 165 1 36 1 11 1 78 1
324 0 5 106 1 70 1 138 1 177 1 128 1
325 0 5 107 1 23 1 71 1 53 1 32 1
326 0 5 108 1 82 1 87 1 34 1 56 1
327 0 5 109 1 46 1 57 1 166 1 115 1
328 0 5 110 1 190 1 152 1 161 1 129 1
329 0 5 111 1 91 1 37 1 8 1 69 1
330 0 5 112 1 52 1 92 1 199 1 62 1
331 0 5 113 1 51 1 193 1 166 1 57 1
332 0 5 114 1 177 1 59 1 192 1 135 1
333 0 5 115 1 46 1 57 1 87 1 109 1
334 0 5 116 1 156 1 145 1 122 1 12 1
335 0 5 117 1 45 1 81 1 146 1 96 1
336 0 5 118 1 24 1 39 1 33 1 57 1
337 0 5 119 1 200 1 106 1 128 1 177 1
338 0 5 120 1 99 1 17 1 73 1 162 1
339 0 5 121 1 150 1 64 1 80 1 186 1
340 0 5 122 1 145 1 156 1 116 1 89 1
341 0 5 123 1 36 1 165 1 182 1 105 1
342 0 5 124 1 145 1 138 1 119 1 116 1
343 0 5 125 1 37 1 103 1 49 1 132 1
344 0 5 126 1 129 1 190 1 178 1 110 1
345 0 5 127 1 168 1 162 1 153 1 185 1
346 0 5 128 1 200 1 106 1 177 1 138 1
347 0 5 129 1 178 1 126 1 66 1 158 1
348 0 5 130 1 23 1 195 1 42 1 196 1
349 0 5 131 1 172 1 79 1 151 1 188 1
350 0 5 132 1 25 1 157 1 103 1 125 1
351 0 5 133 1 7 1 15 1 50 1 79 1
352 0 5 134 1 41 1 99 1 120 1 17 1
353 0 5 135 1 59 1 85 1 192 1 114 1
354 0 5 136 1 187 1 139 1 47 1 21 1
355 0 5 137 1 49 1 181 1 4 1 132 1
356 0 5 138 1 119 1 124 1 12 1 14 1
357 0 5 139 1 160 1 47 1 21 1 198 1
358 0 5 140 1 144 1 30 1 189 1 38 1
359 0 5 141 1 55 1 1 1 93 1 5 1
360 0 5 142 1 182 1 186 1 165 1 105 1
361 0 5 143 1 5 1 93 1 154 1 1 1
362 0 5 144 1 60 1 189 1 13 1 30 1
363 0 5 145 1 156 1 138 1 124 1 116 1
364 0 5 146 1 112 1 52 1 92 1 117 1
365 0 5 147 1 94 1 74 1 171 1 104 1
366 0 5 148 1 134 1 41 1 99 1 17 1
367 0 5 149 1 117 1 96 1 146 1 52 1
368 0 5 150 1 64 1 80 1 121 1 163 1
369 0 5 151 1 154 1 29 1 164 1 188 1
370 0 5 152 1 100 1 161 1 110 1 169 1
371 0 5 153 1 170 1 25 1 185 1 103 1
372 0 5 154 1 29 1 143 1 164 1 188 1
373 0 5 155 1 93 1 5 1 83 1 1 1
374 0 5 156 1 122 1 89 1 55 1 10 1
375 0 5 157 1 103 1 25 1 132 1 125 1
376 0 5 158 1 51 1 113 1 126 1 178 1
377 0 5 159 1 195 1 130 1 42 1 155 1
378 0 5 160 1 6 1 198 1 27 1 173 1
379 0 5 161 1 152 1 110 1 95 1 193 1
380 0 5 162 1 73 1 183 1 170 1 120 1
381 0 5 163 1 48 1 15 1 50 1 154 1
382 0 5 164 1 29 1 154 1 188 1 7 1
383 0 5 165 1 36 1 182 1 123 1 78 1
384 0 5 166 1 86 1 109 1 57 1 46 1
385 0 5 167 1 22 1 155 1 144 1 195 1
386 0 5 168 1 28 1 185 1 127 1 52 1
387 0 5 169 1 100 1 66 1 152 1 129 1
388 0 5 170 1 162 1 153 1 25 1 73 1
389 0 5 171 1 20 1 147 1 94 1 194 1
390 0 5 172 1 79 1 7 1 133 1 164 1
391 0 5 173 1 43 1 198 1 136 1 160 1
392 0 5 174 1 144 1 87 1 189 1 30 1
393 0 5 175 1 98 1 176 1 31 1 1 1
394 0 5 176 1 98 1 175 1 97 1 35 1
395 0 5 177 1 70 1 200 1 85 1 119 1
396 0 5 178 1 126 1 158 1 66 1 129 1
397 0 5 179 1 37 1 111 1 91 1 45 1
398 0 5 180 1 16 1 8 1 103 1 184 1
399 0 5 181 1 25 1 132 1 49 1 125 1
400 0 5 182 1 165 1 123 1 36 1 105 1
401 0 5 183 1 58 1 170 1 162 1 120 1
402 0 5 184 1 16 1 103 1 185 1 180 1
403 0 5 185 1 103 1 184 1 197 1 16 1
404 0 5 186 1 142 1 43 1 77 1 198 1
405 0 5 187 1 139 1 21 1 47 1 136 1
406 0 5 188 1 29 1 164 1 151 1 154 1
407 0 5 189 1 144 1 30 1 60 1 13 1
408 0 5 190 1 126 1 110 1 178 1 158 1
409 0 5 191 1 28 1 168 1 185 1 52 1
410 0 5 192 1 70 1 59 1 177 1 135 1
411 0 5 193 1 102 1 54 1 51 1 75 1
412 0 5 194 1 20 1 74 1 171 1 26 1
413 0 5 195 1 155 1 130 1 159 1 83 1
414 0 5 196 1 58 1 183 1 195 1 42 1
415 0 5 197 1 103 1 185 1 184 1 157 1
416 0 5 198 1 173 1 43 1 27 1 160 1
417 0 5 199 1 112 1 168 1 92 1 62 1
418 0 5 200 1 85 1 128 1 119 1 177 1
419 0 5 201 1 48 1 104 1 163 1 64 1
420 0 5 202 0 218 1 217 1 216 1 215 1
421 0 5 203 0 218 1 217 1 216 1 215 1
422 0 5 204 0 218 1 217 1 216 1 215 1
423 0 5 205 0 218 1 217 1 216 1 215 1
424 0 5 206 0 218 1 217 1 216 1 215 1
425 0 5 207 0 218 1 217 1 216 1 215 1
426 0 5 208 0 218 1 217 1 216 1 215 1
427 0 5 209 0 218 1 217 1 216 1 215 1
428 0 5 210 0 218 1 217 1 216 1 215 1
429 0 5 211 0 218 1 217 1 216 1 215 1
430 0 5 212 0 218 1 217 1 216 1 215 1
431 0 5 213 0 218 1 217 1 216 1 215 1
432 0 5 214 0 218 1 217 1 216 1 215 1
433 0 5 215 0 218 1 217 1 216 1 215 1
434 0 5 216 0 218 1 217 1 216 1 215 1
435 0 5 217 0 218 1 217 1 216 1 215 1
436 0 5 218 0 218 1 217 1 216 1 215 1
-1
EOF
