872
1 0 5 437 0 872 1 871 1 870 1 869 1
2 0 5 438 1 801 1 672 1 551 1 746 1
3 0 5 439 1 633 1 514 1 610 1 440 1
4 0 5 440 1 679 1 578 1 785 1 781 1
5 0 5 441 1 676 1 801 1 716 1 438 1
6 0 5 442 1 784 1 761 1 817 1 744 1
7 0 5 443 1 499 1 506 1 515 1 585 1
8 0 5 444 1 834 1 443 1 585 1 506 1
9 0 5 445 1 465 1 813 1 640 1 480 1
10 0 5 446 1 818 1 715 1 765 1 735 1
11 0 5 447 1 526 1 441 1 676 1 716 1
12 0 5 448 1 566 1 804 1 704 1 452 1
13 0 5 449 1 745 1 733 1 645 1 572 1
14 0 5 450 1 719 1 562 1 815 1 535 1
15 0 5 451 1 638 1 478 1 454 1 541 1
16 0 5 452 1 704 1 764 1 552 1 709 1
17 0 5 453 1 672 1 684 1 746 1 801 1
18 0 5 454 1 715 1 478 1 446 1 678 1
19 0 5 455 1 563 1 714 1 645 1 745 1
20 0 5 456 1 498 1 479 1 791 1 583 1
21 0 5 457 1 747 1 542 1 628 1 600 1
22 0 5 458 1 832 1 491 1 525 1 608 1
23 0 5 459 1 630 1 699 1 768 1 794 1
24 0 5 460 1 693 1 720 1 631 1 752 1
25 0 5 461 1 697 1 467 1 757 1 692 1
26 0 5 462 1 692 1 510 1 481 1 592 1
27 0 5 463 1 821 1 617 1 490 1 661 1
28 0 5 464 1 740 1 729 1 488 1 466 1
29 0 5 465 1 473 1 445 1 568 1 640 1
30 0 5 466 1 559 1 729 1 464 1 516 1
31 0 5 467 1 757 1 697 1 701 1 718 1
32 0 5 468 1 626 1 803 1 487 1 586 1
33 0 5 469 1 800 1 513 1 631 1 651 1
34 0 5 470 1 523 1 764 1 561 1 705 1
35 0 5 471 1 442 1 822 1 817 1 713 1
36 0 5 472 1 437 1 794 1 623 1 650 1
37 0 5 473 1 768 1 619 1 640 1 540 1
38 0 5 474 1 677 1 503 1 520 1 485 1
39 0 5 475 1 836 1 590 1 646 1 762 1
40 0 5 476 1 647 1 471 1 792 1 812 1
41 0 5 477 1 809 1 829 1 690 1 515 1
42 0 5 478 1 496 1 604 1 506 1 759 1
43 0 5 479 1 456 1 667 1 505 1 583 1
44 0 5 480 1 790 1 445 1 823 1 543 1
45 0 5 481 1 592 1 724 1 741 1 743 1
46 0 5 482 1 678 1 536 1 665 1 593 1
47 0 5 483 1 492 1 543 1 707 1 565 1
48 0 5 484 1 578 1 679 1 605 1 440 1
49 0 5 485 1 474 1 773 1 539 1 677 1
50 0 5 486 1 811 1 493 1 656 1 744 1
51 0 5 487 1 626 1 586 1 642 1 532 1
52 0 5 488 1 508 1 729 1 516 1 464 1
53 0 5 489 1 560 1 607 1 575 1 663 1
54 0 5 490 1 617 1 489 1 575 1 607 1
55 0 5 491 1 832 1 525 1 802 1 711 1
56 0 5 492 1 673 1 543 1 565 1 483 1
57 0 5 493 1 811 1 744 1 810 1 767 1
58 0 5 494 1 683 1 793 1 589 1 787 1
59 0 5 495 1 437 1 650 1 587 1 830 1
60 0 5 496 1 759 1 795 1 808 1 669 1
61 0 5 497 1 535 1 768 1 710 1 649 1
62 0 5 498 1 597 1 816 1 531 1 694 1
63 0 5 499 1 443 1 585 1 515 1 688 1
64 0 5 500 1 741 1 719 1 696 1 743 1
65 0 5 501 1 671 1 657 1 662 1 666 1
66 0 5 502 1 575 1 560 1 489 1 555 1
67 0 5 503 1 677 1 649 1 520 1 518 1
68 0 5 504 1 532 1 626 1 487 1 468 1
69 0 5 505 1 479 1 584 1 456 1 583 1
70 0 5 506 1 604 1 443 1 515 1 567 1
71 0 5 507 1 485 1 652 1 748 1 474 1
72 0 5 508 1 700 1 516 1 576 1 488 1
73 0 5 509 1 755 1 577 1 598 1 786 1
74 0 5 510 1 692 1 462 1 481 1 592 1
75 0 5 511 1 763 1 634 1 629 1 569 1
76 0 5 512 1 648 1 755 1 598 1 830 1
77 0 5 513 1 469 1 800 1 651 1 693 1
78 0 5 514 1 785 1 596 1 440 1 679 1
79 0 5 515 1 506 1 443 1 604 1 567 1
80 0 5 516 1 508 1 559 1 576 1 700 1
81 0 5 517 1 453 1 625 1 684 1 672 1
82 0 5 518 1 520 1 677 1 539 1 649 1
83 0 5 519 1 589 1 524 1 826 1 742 1
84 0 5 520 1 518 1 503 1 677 1 802 1
85 0 5 521 1 590 1 795 1 444 1 762 1
86 0 5 522 1 656 1 830 1 750 1 648 1
87 0 5 523 1 561 1 705 1 470 1 668 1
88 0 5 524 1 589 1 826 1 742 1 717 1
89 0 5 525 1 491 1 832 1 711 1 608 1
90 0 5 526 1 441 1 447 1 716 1 676 1
91 0 5 527 1 545 1 797 1 679 1 602 1
92 0 5 528 1 822 1 761 1 744 1 767 1
93 0 5 529 1 833 1 777 1 552 1 804 1
94 0 5 530 1 581 1 580 1 437 1 469 1
95 0 5 531 1 482 1 536 1 620 1 758 1
96 0 5 532 1 689 1 626 1 504 1 487 1
97 0 5 533 1 550 1 702 1 531 1 593 1
98 0 5 534 1 591 1 703 1 663 1 607 1
99 0 5 535 1 768 1 710 1 450 1 619 1
100 0 5 536 1 780 1 572 1 531 1 482 1
101 0 5 537 1 599 1 735 1 717 1 533 1
102 0 5 538 1 674 1 595 1 642 1 468 1
103 0 5 539 1 773 1 507 1 652 1 612 1
104 0 5 540 1 813 1 465 1 445 1 640 1
105 0 5 541 1 770 1 478 1 669 1 762 1
106 0 5 542 1 556 1 747 1 457 1 821 1
107 0 5 543 1 689 1 565 1 492 1 673 1
108 0 5 544 1 713 1 754 1 486 1 605 1
109 0 5 545 1 797 1 484 1 527 1 679 1
110 0 5 546 1 708 1 801 1 438 1 548 1
111 0 5 547 1 782 1 632 1 676 1 716 1
112 0 5 548 1 546 1 716 1 708 1 801 1
113 0 5 549 1 686 1 629 1 569 1 763 1
114 0 5 550 1 533 1 702 1 531 1 593 1
115 0 5 551 1 728 1 526 1 801 1 708 1
116 0 5 552 1 804 1 777 1 833 1 448 1
117 0 5 553 1 662 1 772 1 501 1 758 1
118 0 5 554 1 769 1 627 1 806 1 609 1
119 0 5 555 1 502 1 575 1 560 1 489 1
120 0 5 556 1 542 1 747 1 457 1 668 1
121 0 5 557 1 615 1 813 1 565 1 445 1
122 0 5 558 1 820 1 659 1 835 1 796 1
123 0 5 559 1 576 1 516 1 466 1 700 1
124 0 5 560 1 489 1 575 1 607 1 663 1
125 0 5 561 1 737 1 603 1 523 1 668 1
126 0 5 562 1 450 1 719 1 696 1 743 1
127 0 5 563 1 455 1 714 1 601 1 756 1
128 0 5 564 1 633 1 439 1 602 1 616 1
129 0 5 565 1 823 1 806 1 813 1 707 1
130 0 5 566 1 448 1 704 1 804 1 709 1
131 0 5 567 1 795 1 444 1 834 1 590 1
132 0 5 568 1 640 1 473 1 619 1 624 1
133 0 5 569 1 788 1 824 1 549 1 686 1
134 0 5 570 1 514 1 807 1 534 1 564 1
135 0 5 571 1 692 1 510 1 582 1 462 1
136 0 5 572 1 759 1 536 1 460 1 752 1
137 0 5 573 1 682 1 837 1 828 1 654 1
138 0 5 574 1 731 1 751 1 622 1 705 1
139 0 5 575 1 560 1 489 1 663 1 703 1
140 0 5 576 1 508 1 700 1 516 1 559 1
141 0 5 577 1 606 1 798 1 755 1 830 1
142 0 5 578 1 605 1 644 1 807 1 544 1
143 0 5 579 1 706 1 743 1 500 1 741 1
144 0 5 580 1 693 1 513 1 469 1 460 1
145 0 5 581 1 693 1 580 1 530 1 733 1
146 0 5 582 1 814 1 724 1 692 1 481 1
147 0 5 583 1 505 1 584 1 456 1 593 1
148 0 5 584 1 702 1 593 1 667 1 779 1
149 0 5 585 1 499 1 688 1 567 1 809 1
150 0 5 586 1 674 1 595 1 727 1 642 1
151 0 5 587 1 820 1 650 1 675 1 558 1
152 0 5 588 1 810 1 761 1 493 1 767 1
153 0 5 589 1 519 1 524 1 742 1 494 1
154 0 5 590 1 521 1 762 1 646 1 478 1
155 0 5 591 1 663 1 570 1 821 1 463 1
156 0 5 592 1 719 1 481 1 741 1 500 1
157 0 5 593 1 702 1 584 1 533 1 735 1
158 0 5 594 1 793 1 787 1 717 1 683 1
159 0 5 595 1 674 1 803 1 727 1 538 1
160 0 5 596 1 544 1 750 1 564 1 439 1
161 0 5 597 1 816 1 498 1 825 1 694 1
162 0 5 598 1 755 1 648 1 512 1 786 1
163 0 5 599 1 524 1 717 1 826 1 589 1
164 0 5 600 1 457 1 628 1 751 1 603 1
165 0 5 601 1 750 1 650 1 830 1 522 1
166 0 5 602 1 570 1 527 1 753 1 633 1
167 0 5 603 1 628 1 698 1 751 1 561 1
168 0 5 604 1 496 1 567 1 795 1 515 1
169 0 5 605 1 644 1 486 1 489 1 560 1
170 0 5 606 1 798 1 830 1 577 1 648 1
171 0 5 607 1 489 1 560 1 703 1 575 1
172 0 5 608 1 655 1 685 1 660 1 613 1
173 0 5 609 1 754 1 641 1 713 1 544 1
174 0 5 610 1 789 1 616 1 722 1 753 1
175 0 5 611 1 819 1 731 1 574 1 739 1
176 0 5 612 1 507 1 485 1 652 1 773 1
177 0 5 613 1 660 1 685 1 525 1 802 1
178 0 5 614 1 792 1 618 1 812 1 734 1
179 0 5 615 1 557 1 813 1 565 1 445 1
180 0 5 616 1 610 1 680 1 753 1 722 1
181 0 5 617 1 490 1 607 1 489 1 575 1
182 0 5 618 1 734 1 817 1 792 1 614 1
183 0 5 619 1 768 1 710 1 450 1 473 1
184 0 5 620 1 657 1 758 1 666 1 501 1
185 0 5 621 1 601 1 437 1 495 1 721 1
186 0 5 622 1 776 1 751 1 574 1 705 1
187 0 5 623 1 587 1 437 1 835 1 472 1
188 0 5 624 1 640 1 568 1 706 1 592 1
189 0 5 625 1 673 1 517 1 565 1 664 1
190 0 5 626 1 689 1 642 1 504 1 532 1
191 0 5 627 1 769 1 643 1 554 1 615 1
192 0 5 628 1 603 1 751 1 591 1 556 1
193 0 5 629 1 569 1 788 1 686 1 549 1
194 0 5 630 1 699 1 649 1 762 1 638 1
195 0 5 631 1 765 1 752 1 715 1 720 1
196 0 5 632 1 716 1 548 1 546 1 782 1
197 0 5 633 1 439 1 753 1 610 1 602 1
198 0 5 634 1 511 1 763 1 827 1 549 1
199 0 5 635 1 700 1 791 1 559 1 729 1
200 0 5 636 1 814 1 701 1 718 1 783 1
201 0 5 637 1 808 1 834 1 443 1 736 1
202 0 5 638 1 710 1 768 1 451 1 733 1
203 0 5 639 1 454 1 678 1 449 1 733 1
204 0 5 640 1 473 1 568 1 619 1 624 1
205 0 5 641 1 754 1 573 1 656 1 837 1
206 0 5 642 1 727 1 480 1 595 1 674 1
207 0 5 643 1 551 1 684 1 453 1 517 1
208 0 5 644 1 605 1 578 1 807 1 489 1
209 0 5 645 1 621 1 738 1 721 1 756 1
210 0 5 646 1 762 1 567 1 515 1 585 1
211 0 5 647 1 476 1 792 1 812 1 618 1
212 0 5 648 1 512 1 755 1 598 1 675 1
213 0 5 649 1 497 1 691 1 677 1 748 1
214 0 5 650 1 598 1 512 1 648 1 675 1
215 0 5 651 1 800 1 469 1 631 1 513 1
216 0 5 652 1 802 1 539 1 773 1 730 1
217 0 5 653 1 664 1 681 1 517 1 823 1
218 0 5 654 1 707 1 682 1 806 1 573 1
219 0 5 655 1 608 1 685 1 613 1 660 1
220 0 5 656 1 609 1 486 1 522 1 544 1
221 0 5 657 1 501 1 620 1 666 1 758 1
222 0 5 658 1 762 1 474 1 646 1 475 1
223 0 5 659 1 707 1 483 1 492 1 558 1
224 0 5 660 1 711 1 525 1 802 1 613 1
225 0 5 661 1 703 1 663 1 575 1 607 1
226 0 5 662 1 758 1 671 1 666 1 501 1
227 0 5 663 1 591 1 575 1 703 1 560 1
228 0 5 664 1 681 1 823 1 625 1 790 1
229 0 5 665 1 774 1 593 1 584 1 583 1
230 0 5 666 1 662 1 620 1 671 1 758 1
231 0 5 667 1 779 1 479 1 593 1 584 1
232 0 5 668 1 705 1 556 1 751 1 731 1
233 0 5 669 1 506 1 515 1 478 1 809 1
234 0 5 670 1 799 1 636 1 718 1 814 1
235 0 5 671 1 666 1 726 1 793 1 662 1
236 0 5 672 1 643 1 746 1 551 1 684 1
237 0 5 673 1 684 1 453 1 565 1 543 1
238 0 5 674 1 595 1 586 1 538 1 487 1
239 0 5 675 1 755 1 598 1 786 1 509 1
240 0 5 676 1 716 1 441 1 801 1 548 1
241 0 5 677 1 503 1 649 1 691 1 748 1
242 0 5 678 1 454 1 639 1 715 1 446 1
243 0 5 679 1 781 1 440 1 578 1 644 1
244 0 5 680 1 616 1 753 1 610 1 789 1
245 0 5 681 1 517 1 625 1 664 1 453 1
246 0 5 682 1 654 1 573 1 837 1 806 1
247 0 5 683 1 793 1 494 1 589 1 787 1
248 0 5 684 1 453 1 672 1 746 1 517 1
249 0 5 685 1 613 1 525 1 608 1 802 1
250 0 5 686 1 549 1 763 1 629 1 634 1
251 0 5 687 1 796 1 835 1 558 1 659 1
252 0 5 688 1 499 1 712 1 443 1 585 1
253 0 5 689 1 565 1 543 1 492 1 642 1
254 0 5 690 1 712 1 646 1 809 1 688 1
255 0 5 691 1 658 1 748 1 762 1 474 1
256 0 5 692 1 462 1 510 1 481 1 592 1
257 0 5 693 1 720 1 752 1 765 1 631 1
258 0 5 694 1 825 1 597 1 498 1 791 1
259 0 5 695 1 642 1 626 1 697 1 803 1
260 0 5 696 1 719 1 562 1 450 1 741 1
261 0 5 697 1 757 1 467 1 718 1 701 1
262 0 5 698 1 628 1 603 1 751 1 591 1
263 0 5 699 1 762 1 630 1 478 1 451 1
264 0 5 700 1 508 1 576 1 516 1 559 1
265 0 5 701 1 636 1 718 1 757 1 670 1
266 0 5 702 1 779 1 667 1 593 1 550 1
267 0 5 703 1 663 1 607 1 661 1 575 1
268 0 5 704 1 452 1 448 1 709 1 566 1
269 0 5 705 1 574 1 731 1 737 1 561 1
270 0 5 706 1 743 1 741 1 500 1 696 1
271 0 5 707 1 483 1 806 1 492 1 796 1
272 0 5 708 1 438 1 546 1 801 1 548 1
273 0 5 709 1 452 1 704 1 764 1 552 1
274 0 5 710 1 495 1 437 1 768 1 638 1
275 0 5 711 1 660 1 525 1 802 1 491 1
276 0 5 712 1 690 1 688 1 646 1 585 1
277 0 5 713 1 486 1 544 1 754 1 811 1
278 0 5 714 1 563 1 455 1 601 1 750 1
279 0 5 715 1 446 1 818 1 765 1 478 1
280 0 5 716 1 548 1 676 1 447 1 632 1
281 0 5 717 1 726 1 553 1 501 1 826 1
282 0 5 718 1 757 1 701 1 636 1 697 1
283 0 5 719 1 562 1 450 1 696 1 741 1
284 0 5 720 1 752 1 765 1 631 1 715 1
285 0 5 721 1 621 1 601 1 563 1 455 1
286 0 5 722 1 789 1 771 1 610 1 616 1
287 0 5 723 1 589 1 494 1 683 1 519 1
288 0 5 724 1 481 1 692 1 814 1 462 1
289 0 5 725 1 732 1 828 1 812 1 618 1
290 0 5 726 1 594 1 787 1 742 1 826 1
291 0 5 727 1 642 1 595 1 803 1 674 1
292 0 5 728 1 551 1 517 1 548 1 546 1
293 0 5 729 1 466 1 464 1 559 1 700 1
294 0 5 730 1 802 1 652 1 491 1 511 1
295 0 5 731 1 611 1 737 1 819 1 705 1
296 0 5 732 1 828 1 725 1 812 1 618 1
297 0 5 733 1 693 1 580 1 460 1 581 1
298 0 5 734 1 618 1 817 1 792 1 812 1
299 0 5 735 1 593 1 533 1 550 1 665 1
300 0 5 736 1 637 1 808 1 772 1 519 1
301 0 5 737 1 561 1 556 1 668 1 603 1
302 0 5 738 1 645 1 833 1 756 1 529 1
303 0 5 739 1 778 1 731 1 831 1 611 1
304 0 5 740 1 464 1 729 1 488 1 466 1
305 0 5 741 1 500 1 719 1 696 1 743 1
306 0 5 742 1 519 1 826 1 494 1 524 1
307 0 5 743 1 500 1 741 1 706 1 579 1
308 0 5 744 1 493 1 811 1 822 1 767 1
309 0 5 745 1 455 1 816 1 665 1 738 1
310 0 5 746 1 728 1 551 1 684 1 453 1
311 0 5 747 1 457 1 542 1 603 1 628 1
312 0 5 748 1 691 1 474 1 658 1 649 1
313 0 5 749 1 791 1 694 1 774 1 825 1
314 0 5 750 1 522 1 830 1 606 1 439 1
315 0 5 751 1 603 1 628 1 698 1 737 1
316 0 5 752 1 765 1 715 1 631 1 446 1
317 0 5 753 1 610 1 616 1 680 1 633 1
318 0 5 754 1 713 1 656 1 486 1 641 1
319 0 5 755 1 509 1 577 1 786 1 648 1
320 0 5 756 1 645 1 721 1 738 1 771 1
321 0 5 757 1 718 1 701 1 799 1 670 1
322 0 5 758 1 678 1 662 1 620 1 657 1
323 0 5 759 1 572 1 454 1 770 1 639 1
324 0 5 760 1 579 1 706 1 743 1 741 1
325 0 5 761 1 528 1 767 1 822 1 810 1
326 0 5 762 1 646 1 691 1 836 1 478 1
327 0 5 763 1 634 1 686 1 549 1 511 1
328 0 5 764 1 452 1 470 1 704 1 529 1
329 0 5 765 1 715 1 446 1 752 1 818 1
330 0 5 766 1 630 1 459 1 699 1 800 1
331 0 5 767 1 761 1 528 1 810 1 822 1
332 0 5 768 1 495 1 710 1 619 1 473 1
333 0 5 769 1 627 1 554 1 647 1 615 1
334 0 5 770 1 669 1 478 1 506 1 515 1
335 0 5 771 1 470 1 455 1 563 1 756 1
336 0 5 772 1 736 1 637 1 808 1 553 1
337 0 5 773 1 539 1 507 1 474 1 730 1
338 0 5 774 1 745 1 665 1 816 1 749 1
339 0 5 775 1 671 1 594 1 666 1 662 1
340 0 5 776 1 622 1 574 1 731 1 739 1
341 0 5 777 1 833 1 804 1 552 1 566 1
342 0 5 778 1 739 1 776 1 819 1 611 1
343 0 5 779 1 702 1 667 1 550 1 576 1
344 0 5 780 1 449 1 733 1 460 1 665 1
345 0 5 781 1 679 1 440 1 514 1 578 1
346 0 5 782 1 632 1 548 1 447 1 716 1
347 0 5 783 1 582 1 724 1 636 1 814 1
348 0 5 784 1 471 1 761 1 528 1 708 1
349 0 5 785 1 514 1 781 1 679 1 570 1
350 0 5 786 1 755 1 509 1 598 1 675 1
351 0 5 787 1 594 1 717 1 726 1 494 1
352 0 5 788 1 629 1 827 1 569 1 634 1
353 0 5 789 1 722 1 610 1 616 1 771 1
354 0 5 790 1 823 1 480 1 445 1 625 1
355 0 5 791 1 749 1 456 1 635 1 597 1
356 0 5 792 1 812 1 647 1 614 1 618 1
357 0 5 793 1 594 1 683 1 787 1 494 1
358 0 5 794 1 472 1 437 1 710 1 768 1
359 0 5 795 1 567 1 590 1 444 1 521 1
360 0 5 796 1 707 1 558 1 659 1 483 1
361 0 5 797 1 545 1 527 1 679 1 484 1
362 0 5 798 1 830 1 522 1 648 1 606 1
363 0 5 799 1 670 1 636 1 701 1 718 1
364 0 5 800 1 631 1 469 1 513 1 651 1
365 0 5 801 1 438 1 708 1 546 1 548 1
366 0 5 802 1 520 1 824 1 518 1 730 1
367 0 5 803 1 538 1 468 1 595 1 674 1
368 0 5 804 1 552 1 448 1 777 1 566 1
369 0 5 805 1 450 1 719 1 562 1 815 1
370 0 5 806 1 627 1 615 1 769 1 557 1
371 0 5 807 1 644 1 605 1 534 1 617 1
372 0 5 808 1 772 1 834 1 553 1 742 1
373 0 5 809 1 829 1 515 1 443 1 585 1
374 0 5 810 1 588 1 493 1 767 1 744 1
375 0 5 811 1 493 1 744 1 822 1 810 1
376 0 5 812 1 828 1 792 1 614 1 732 1
377 0 5 813 1 465 1 445 1 540 1 557 1
378 0 5 814 1 783 1 582 1 697 1 592 1
379 0 5 815 1 624 1 805 1 592 1 696 1
380 0 5 816 1 597 1 536 1 498 1 694 1
381 0 5 817 1 438 1 708 1 822 1 546 1
382 0 5 818 1 715 1 446 1 735 1 736 1
383 0 5 819 1 831 1 731 1 739 1 611 1
384 0 5 820 1 650 1 558 1 835 1 755 1
385 0 5 821 1 490 1 617 1 698 1 603 1
386 0 5 822 1 528 1 761 1 744 1 493 1
387 0 5 823 1 480 1 625 1 813 1 790 1
388 0 5 824 1 525 1 685 1 613 1 660 1
389 0 5 825 1 694 1 597 1 498 1 833 1
390 0 5 826 1 717 1 524 1 553 1 519 1
391 0 5 827 1 629 1 788 1 569 1 549 1
392 0 5 828 1 732 1 812 1 725 1 792 1
393 0 5 829 1 809 1 477 1 585 1 690 1
394 0 5 830 1 798 1 522 1 648 1 606 1
395 0 5 831 1 819 1 739 1 611 1 731 1
396 0 5 832 1 491 1 525 1 711 1 802 1
397 0 5 833 1 777 1 552 1 804 1 529 1
398 0 5 834 1 444 1 808 1 443 1 772 1
399 0 5 835 1 472 1 558 1 794 1 495 1
400 0 5 836 1 475 1 590 1 646 1 762 1
401 0 5 837 1 573 1 554 1 641 1 812 1
402 0 5 838 0 437 1 838 1 839 1 840 1
403 0 5 839 0 437 1 838 1 839 1 840 1
404 0 5 840 0 437 1 838 1 839 1 840 1
405 0 5 841 0 437 1 838 1 839 1 840 1
406 0 5 842 0 437 1 838 1 839 1 840 1
407 0 5 843 0 437 1 838 1 839 1 840 1
408 0 5 844 0 437 1 838 1 839 1 840 1
409 0 5 845 0 437 1 838 1 839 1 840 1
410 0 5 846 0 437 1 838 1 839 1 840 1
411 0 5 847 0 437 1 838 1 839 1 840 1
412 0 5 848 0 437 1 838 1 839 1 840 1
413 0 5 849 0 437 1 838 1 839 1 840 1
414 0 5 850 0 437 1 838 1 839 1 840 1
415 0 5 851 0 437 1 838 1 839 1 840 1
416 0 5 852 0 437 1 838 1 839 1 840 1
417 0 5 853 0 437 1 838 1 839 1 840 1
418 0 5 854 0 437 1 838 1 839 1 840 1
419 0 5 855 0 437 1 838 1 839 1 840 1
420 0 5 856 0 437 1 838 1 839 1 840 1
421 0 5 857 0 437 1 838 1 839 1 840 1
422 0 5 858 0 437 1 838 1 839 1 840 1
423 0 5 859 0 437 1 838 1 839 1 840 1
424 0 5 860 0 437 1 838 1 839 1 840 1
425 0 5 861 0 437 1 838 1 839 1 840 1
426 0 5 862 0 437 1 838 1 839 1 840 1
427 0 5 863 0 437 1 838 1 839 1 840 1
428 0 5 864 0 437 1 838 1 839 1 840 1
429 0 5 865 0 437 1 838 1 839 1 840 1
430 0 5 866 0 437 1 838 1 839 1 840 1
431 0 5 867 0 437 1 838 1 839 1 840 1
432 0 5 868 0 437 1 838 1 839 1 840 1
433 0 5 869 0 437 1 838 1 839 1 840 1
434 0 5 870 0 437 1 838 1 839 1 840 1
435 0 5 871 0 437 1 838 1 839 1 840 1
436 0 5 872 0 437 1 838 1 839 1 840 1
437 0 5 1 0 436 1 435 1 434 1 433 1
438 0 5 2 1 272 1 365 1 381 1 110 1
439 0 5 3 1 128 1 197 1 91 1 361 1
440 0 5 4 1 243 1 345 1 109 1 91 1
441 0 5 5 1 11 1 111 1 240 1 90 1
442 0 5 6 1 35 1 115 1 386 1 381 1
443 0 5 7 1 63 1 70 1 252 1 79 1
444 0 5 8 1 398 1 131 1 359 1 85 1
445 0 5 9 1 377 1 44 1 104 1 29 1
446 0 5 10 1 279 1 329 1 382 1 316 1
447 0 5 11 1 346 1 111 1 90 1 280 1
448 0 5 12 1 268 1 130 1 368 1 395 1
449 0 5 13 1 344 1 203 1 136 1 100 1
450 0 5 14 1 369 1 126 1 283 1 260 1
451 0 5 15 1 263 1 203 1 323 1 202 1
452 0 5 16 1 328 1 268 1 273 1 12 1
453 0 5 17 1 248 1 237 1 90 1 280 1
454 0 5 18 1 242 1 323 1 15 1 203 1
455 0 5 19 1 127 1 278 1 335 1 309 1
456 0 5 20 1 69 1 147 1 43 1 148 1
457 0 5 21 1 106 1 311 1 164 1 120 1
458 0 5 22 1 198 1 396 1 75 1 391 1
459 0 5 23 1 330 1 358 1 332 1 36 1
460 0 5 24 1 297 1 144 1 77 1 94 1
461 0 5 25 1 378 1 26 1 347 1 288 1
462 0 5 26 1 256 1 74 1 193 1 288 1
463 0 5 27 1 155 1 227 1 134 1 371 1
464 0 5 28 1 304 1 293 1 52 1 30 1
465 0 5 29 1 104 1 9 1 377 1 132 1
466 0 5 30 1 293 1 304 1 123 1 72 1
467 0 5 31 1 25 1 261 1 347 1 321 1
468 0 5 32 1 68 1 367 1 102 1 238 1
469 0 5 33 1 77 1 144 1 297 1 94 1
470 0 5 34 1 335 1 328 1 87 1 16 1
471 0 5 35 1 40 1 211 1 381 1 375 1
472 0 5 36 1 358 1 187 1 399 1 151 1
473 0 5 37 1 29 1 132 1 9 1 204 1
474 0 5 38 1 49 1 312 1 222 1 255 1
475 0 5 39 1 400 1 154 1 222 1 85 1
476 0 5 40 1 211 1 356 1 392 1 401 1
477 0 5 41 1 393 1 373 1 233 1 149 1
478 0 5 42 1 70 1 334 1 105 1 233 1
479 0 5 43 1 69 1 20 1 147 1 231 1
480 0 5 44 1 387 1 354 1 9 1 206 1
481 0 5 45 1 26 1 256 1 156 1 288 1
482 0 5 46 1 95 1 100 1 136 1 242 1
483 0 5 47 1 223 1 360 1 271 1 122 1
484 0 5 48 1 109 1 361 1 91 1 243 1
485 0 5 49 1 71 1 222 1 176 1 38 1
486 0 5 50 1 277 1 169 1 108 1 35 1
487 0 5 51 1 68 1 238 1 96 1 32 1
488 0 5 52 1 72 1 293 1 304 1 28 1
489 0 5 53 1 124 1 171 1 267 1 139 1
490 0 5 54 1 385 1 181 1 27 1 155 1
491 0 5 55 1 396 1 89 1 275 1 224 1
492 0 5 56 1 47 1 271 1 223 1 107 1
493 0 5 57 1 375 1 50 1 308 1 386 1
494 0 5 58 1 287 1 247 1 306 1 357 1
495 0 5 59 1 214 1 151 1 1 1 394 1
496 0 5 60 1 42 1 168 1 70 1 334 1
497 0 5 61 1 213 1 379 1 99 1 67 1
498 0 5 62 1 161 1 20 1 147 1 380 1
499 0 5 63 1 252 1 149 1 7 1 70 1
500 0 5 64 1 307 1 305 1 143 1 324 1
501 0 5 65 1 221 1 281 1 117 1 184 1
502 0 5 66 1 119 1 139 1 124 1 169 1
503 0 5 67 1 38 1 84 1 241 1 379 1
504 0 5 68 1 96 1 190 1 150 1 51 1
505 0 5 69 1 147 1 148 1 157 1 43 1
506 0 5 70 1 79 1 233 1 7 1 334 1
507 0 5 71 1 176 1 84 1 312 1 55 1
508 0 5 72 1 264 1 52 1 140 1 80 1
509 0 5 73 1 319 1 162 1 76 1 350 1
510 0 5 74 1 256 1 26 1 352 1 288 1
511 0 5 75 1 198 1 327 1 22 1 391 1
512 0 5 76 1 162 1 212 1 214 1 319 1
513 0 5 77 1 297 1 144 1 33 1 24 1
514 0 5 78 1 349 1 134 1 345 1 243 1
515 0 5 79 1 70 1 7 1 233 1 373 1
516 0 5 80 1 72 1 52 1 293 1 123 1
517 0 5 81 1 245 1 189 1 310 1 292 1
518 0 5 82 1 84 1 67 1 366 1 241 1
519 0 5 83 1 306 1 153 1 390 1 300 1
520 0 5 84 1 82 1 366 1 67 1 38 1
521 0 5 85 1 154 1 359 1 8 1 131 1
522 0 5 86 1 314 1 394 1 362 1 165 1
523 0 5 87 1 125 1 34 1 269 1 328 1
524 0 5 88 1 163 1 153 1 390 1 83 1
525 0 5 89 1 396 1 55 1 224 1 275 1
526 0 5 90 1 11 1 346 1 111 1 381 1
527 0 5 91 1 361 1 109 1 128 1 166 1
528 0 5 92 1 386 1 325 1 331 1 308 1
529 0 5 93 1 397 1 328 1 341 1 34 1
530 0 5 94 1 297 1 145 1 144 1 33 1
531 0 5 95 1 62 1 114 1 97 1 299 1
532 0 5 96 1 68 1 238 1 190 1 51 1
533 0 5 97 1 114 1 69 1 299 1 157 1
534 0 5 98 1 361 1 166 1 91 1 371 1
535 0 5 99 1 61 1 379 1 213 1 14 1
536 0 5 100 1 95 1 136 1 380 1 62 1
537 0 5 101 1 97 1 299 1 157 1 382 1
538 0 5 102 1 159 1 238 1 367 1 291 1
539 0 5 103 1 337 1 294 1 82 1 216 1
540 0 5 104 1 377 1 291 1 96 1 360 1
541 0 5 105 1 15 1 18 1 60 1 323 1
542 0 5 106 1 120 1 232 1 27 1 21 1
543 0 5 107 1 56 1 47 1 253 1 96 1
544 0 5 108 1 277 1 142 1 169 1 208 1
545 0 5 109 1 361 1 91 1 128 1 3 1
546 0 5 110 1 272 1 365 1 112 1 346 1
547 0 5 111 1 346 1 196 1 11 1 240 1
548 0 5 112 1 346 1 196 1 280 1 111 1
549 0 5 113 1 250 1 327 1 193 1 198 1
550 0 5 114 1 97 1 69 1 299 1 157 1
551 0 5 115 1 292 1 207 1 310 1 236 1
552 0 5 116 1 368 1 341 1 93 1 397 1
553 0 5 117 1 281 1 390 1 290 1 336 1
554 0 5 118 1 333 1 401 1 137 1 40 1
555 0 5 119 1 66 1 169 1 139 1 124 1
556 0 5 120 1 106 1 27 1 192 1 301 1
557 0 5 121 1 179 1 370 1 377 1 191 1
558 0 5 122 1 151 1 360 1 399 1 384 1
559 0 5 123 1 30 1 80 1 293 1 72 1
560 0 5 124 1 139 1 53 1 171 1 267 1
561 0 5 125 1 87 1 269 1 34 1 167 1
562 0 5 126 1 283 1 260 1 14 1 305 1
563 0 5 127 1 19 1 278 1 286 1 353 1
564 0 5 128 1 134 1 197 1 349 1 78 1
565 0 5 129 1 253 1 107 1 56 1 47 1
566 0 5 130 1 12 1 368 1 268 1 341 1
567 0 5 131 1 168 1 70 1 7 1 149 1
568 0 5 132 1 204 1 188 1 29 1 379 1
569 0 5 133 1 193 1 352 1 391 1 113 1
570 0 5 134 1 166 1 349 1 128 1 91 1
571 0 5 135 1 74 1 256 1 288 1 146 1
572 0 5 136 1 323 1 100 1 95 1 329 1
573 0 5 137 1 401 1 246 1 356 1 376 1
574 0 5 138 1 269 1 175 1 340 1 186 1
575 0 5 139 1 225 1 267 1 124 1 66 1
576 0 5 140 1 231 1 264 1 266 1 343 1
577 0 5 141 1 319 1 162 1 76 1 73 1
578 0 5 142 1 48 1 243 1 109 1 4 1
579 0 5 143 1 324 1 305 1 307 1 64 1
580 0 5 144 1 297 1 94 1 145 1 257 1
581 0 5 145 1 94 1 297 1 144 1 257 1
582 0 5 146 1 347 1 378 1 256 1 26 1
583 0 5 147 1 69 1 229 1 148 1 20 1
584 0 5 148 1 69 1 157 1 147 1 229 1
585 0 5 149 1 252 1 393 1 63 1 7 1
586 0 5 150 1 238 1 68 1 51 1 96 1
587 0 5 151 1 59 1 399 1 214 1 394 1
588 0 5 152 1 374 1 331 1 57 1 325 1
589 0 5 153 1 287 1 83 1 88 1 58 1
590 0 5 154 1 85 1 359 1 8 1 131 1
591 0 5 155 1 134 1 371 1 98 1 227 1
592 0 5 156 1 26 1 45 1 256 1 74 1
593 0 5 157 1 148 1 299 1 229 1 147 1
594 0 5 158 1 351 1 290 1 357 1 247 1
595 0 5 159 1 291 1 238 1 206 1 150 1
596 0 5 160 1 78 1 349 1 314 1 345 1
597 0 5 161 1 62 1 380 1 389 1 258 1
598 0 5 162 1 239 1 212 1 76 1 151 1
599 0 5 163 1 101 1 336 1 117 1 322 1
600 0 5 164 1 192 1 262 1 227 1 66 1
601 0 5 165 1 214 1 285 1 278 1 185 1
602 0 5 166 1 128 1 91 1 361 1 109 1
603 0 5 167 1 262 1 315 1 125 1 192 1
604 0 5 168 1 70 1 42 1 79 1 233 1
605 0 5 169 1 208 1 371 1 142 1 48 1
606 0 5 170 1 141 1 76 1 319 1 212 1
607 0 5 171 1 267 1 53 1 225 1 124 1
608 0 5 172 1 219 1 89 1 249 1 177 1
609 0 5 173 1 220 1 205 1 108 1 318 1
610 0 5 174 1 180 1 353 1 286 1 317 1
611 0 5 175 1 295 1 269 1 340 1 383 1
612 0 5 176 1 84 1 241 1 294 1 82 1
613 0 5 177 1 249 1 224 1 172 1 219 1
614 0 5 178 1 356 1 376 1 211 1 392 1
615 0 5 179 1 121 1 370 1 377 1 191 1
616 0 5 180 1 174 1 244 1 128 1 353 1
617 0 5 181 1 371 1 54 1 134 1 171 1
618 0 5 182 1 298 1 178 1 356 1 211 1
619 0 5 183 1 132 1 204 1 37 1 332 1
620 0 5 184 1 221 1 322 1 95 1 65 1
621 0 5 185 1 285 1 165 1 278 1 59 1
622 0 5 186 1 340 1 138 1 395 1 342 1
623 0 5 187 1 151 1 36 1 94 1 59 1
624 0 5 188 1 379 1 204 1 132 1 378 1
625 0 5 189 1 81 1 245 1 387 1 228 1
626 0 5 190 1 68 1 51 1 96 1 32 1
627 0 5 191 1 333 1 370 1 118 1 392 1
628 0 5 192 1 167 1 262 1 315 1 125 1
629 0 5 193 1 352 1 391 1 113 1 250 1
630 0 5 194 1 23 1 330 1 263 1 326 1
631 0 5 195 1 316 1 24 1 284 1 329 1
632 0 5 196 1 346 1 111 1 280 1 240 1
633 0 5 197 1 128 1 3 1 91 1 317 1
634 0 5 198 1 75 1 327 1 113 1 250 1
635 0 5 199 1 355 1 304 1 69 1 52 1
636 0 5 200 1 234 1 363 1 265 1 282 1
637 0 5 201 1 300 1 336 1 7 1 70 1
638 0 5 202 1 15 1 332 1 274 1 194 1
639 0 5 203 1 242 1 18 1 136 1 344 1
640 0 5 204 1 132 1 188 1 9 1 29 1
641 0 5 205 1 137 1 40 1 401 1 211 1
642 0 5 206 1 291 1 159 1 238 1 190 1
643 0 5 207 1 236 1 191 1 296 1 392 1
644 0 5 208 1 371 1 142 1 169 1 243 1
645 0 5 209 1 320 1 302 1 285 1 19 1
646 0 5 210 1 326 1 79 1 276 1 254 1
647 0 5 211 1 40 1 356 1 178 1 376 1
648 0 5 212 1 162 1 76 1 214 1 319 1
649 0 5 213 1 241 1 67 1 82 1 194 1
650 0 5 214 1 151 1 162 1 187 1 239 1
651 0 5 215 1 77 1 33 1 364 1 94 1
652 0 5 216 1 396 1 71 1 55 1 275 1
653 0 5 217 1 310 1 17 1 236 1 207 1
654 0 5 218 1 246 1 137 1 271 1 151 1
655 0 5 219 1 172 1 89 1 249 1 177 1
656 0 5 220 1 50 1 86 1 362 1 318 1
657 0 5 221 1 184 1 65 1 322 1 226 1
658 0 5 222 1 255 1 312 1 210 1 41 1
659 0 5 223 1 360 1 122 1 151 1 399 1
660 0 5 224 1 177 1 275 1 249 1 89 1
661 0 5 225 1 267 1 227 1 171 1 98 1
662 0 5 226 1 117 1 65 1 322 1 281 1
663 0 5 227 1 225 1 267 1 139 1 98 1
664 0 5 228 1 217 1 387 1 245 1 310 1
665 0 5 229 1 299 1 148 1 147 1 157 1
666 0 5 230 1 235 1 221 1 65 1 226 1
667 0 5 231 1 147 1 43 1 266 1 148 1
668 0 5 232 1 125 1 301 1 120 1 87 1
669 0 5 233 1 334 1 79 1 393 1 41 1
670 0 5 234 1 363 1 321 1 265 1 261 1
671 0 5 235 1 339 1 226 1 65 1 230 1
672 0 5 236 1 17 1 248 1 2 1 365 1
673 0 5 237 1 56 1 47 1 296 1 107 1
674 0 5 238 1 159 1 102 1 291 1 150 1
675 0 5 239 1 151 1 162 1 212 1 76 1
676 0 5 240 1 346 1 111 1 5 1 11 1
677 0 5 241 1 38 1 67 1 82 1 84 1
678 0 5 242 1 46 1 322 1 18 1 203 1
679 0 5 243 1 4 1 109 1 345 1 48 1
680 0 5 244 1 180 1 317 1 128 1 174 1
681 0 5 245 1 217 1 228 1 310 1 292 1
682 0 5 246 1 218 1 137 1 151 1 401 1
683 0 5 247 1 58 1 287 1 357 1 306 1
684 0 5 248 1 237 1 17 1 236 1 207 1
685 0 5 249 1 177 1 172 1 219 1 224 1
686 0 5 250 1 113 1 327 1 193 1 198 1
687 0 5 251 1 360 1 122 1 399 1 151 1
688 0 5 252 1 149 1 276 1 63 1 7 1
689 0 5 253 1 107 1 96 1 190 1 68 1
690 0 5 254 1 276 1 41 1 252 1 393 1
691 0 5 255 1 312 1 326 1 213 1 400 1
692 0 5 256 1 26 1 74 1 146 1 288 1
693 0 5 257 1 297 1 24 1 144 1 145 1
694 0 5 258 1 389 1 313 1 161 1 62 1
695 0 5 259 1 321 1 51 1 238 1 150 1
696 0 5 260 1 64 1 305 1 143 1 270 1
697 0 5 261 1 25 1 31 1 282 1 347 1
698 0 5 262 1 315 1 167 1 192 1 244 1
699 0 5 263 1 194 1 23 1 326 1 330 1
700 0 5 264 1 72 1 140 1 293 1 80 1
701 0 5 265 1 321 1 363 1 282 1 200 1
702 0 5 266 1 343 1 114 1 157 1 148 1
703 0 5 267 1 225 1 227 1 171 1 139 1
704 0 5 268 1 16 1 328 1 12 1 130 1
705 0 5 269 1 138 1 87 1 186 1 295 1
706 0 5 270 1 143 1 324 1 307 1 305 1
707 0 5 271 1 223 1 360 1 122 1 218 1
708 0 5 272 1 110 1 365 1 381 1 112 1
709 0 5 273 1 268 1 16 1 130 1 341 1
710 0 5 274 1 202 1 332 1 358 1 23 1
711 0 5 275 1 89 1 224 1 177 1 55 1
712 0 5 276 1 254 1 252 1 149 1 7 1
713 0 5 277 1 318 1 108 1 35 1 208 1
714 0 5 278 1 127 1 19 1 353 1 128 1
715 0 5 279 1 329 1 382 1 316 1 10 1
716 0 5 280 1 346 1 196 1 112 1 111 1
717 0 5 281 1 351 1 390 1 290 1 163 1
718 0 5 282 1 321 1 234 1 363 1 265 1
719 0 5 283 1 260 1 14 1 156 1 305 1
720 0 5 284 1 257 1 24 1 195 1 316 1
721 0 5 285 1 320 1 160 1 209 1 185 1
722 0 5 286 1 353 1 174 1 180 1 128 1
723 0 5 287 1 88 1 153 1 83 1 163 1
724 0 5 288 1 146 1 256 1 347 1 45 1
725 0 5 289 1 296 1 392 1 376 1 356 1
726 0 5 290 1 281 1 351 1 390 1 83 1
727 0 5 291 1 159 1 206 1 238 1 150 1
728 0 5 292 1 310 1 115 1 207 1 236 1
729 0 5 293 1 28 1 304 1 52 1 30 1
730 0 5 294 1 388 1 366 1 216 1 133 1
731 0 5 295 1 269 1 138 1 175 1 340 1
732 0 5 296 1 289 1 392 1 376 1 356 1
733 0 5 297 1 144 1 94 1 145 1 344 1
734 0 5 298 1 182 1 356 1 376 1 211 1
735 0 5 299 1 101 1 157 1 97 1 382 1
736 0 5 300 1 336 1 201 1 163 1 382 1
737 0 5 301 1 125 1 269 1 295 1 315 1
738 0 5 302 1 320 1 209 1 344 1 328 1
739 0 5 303 1 342 1 340 1 175 1 395 1
740 0 5 304 1 28 1 293 1 52 1 72 1
741 0 5 305 1 307 1 324 1 64 1 143 1
742 0 5 306 1 290 1 390 1 153 1 287 1
743 0 5 307 1 143 1 324 1 305 1 270 1
744 0 5 308 1 386 1 375 1 57 1 50 1
745 0 5 309 1 338 1 229 1 19 1 257 1
746 0 5 310 1 236 1 17 1 248 1 280 1
747 0 5 311 1 106 1 21 1 120 1 232 1
748 0 5 312 1 255 1 213 1 71 1 61 1
749 0 5 313 1 355 1 20 1 338 1 43 1
750 0 5 314 1 165 1 3 1 278 1 197 1
751 0 5 315 1 262 1 138 1 192 1 186 1
752 0 5 316 1 284 1 195 1 24 1 329 1
753 0 5 317 1 180 1 128 1 244 1 174 1
754 0 5 318 1 277 1 205 1 108 1 137 1
755 0 5 319 1 162 1 239 1 350 1 76 1
756 0 5 320 1 302 1 127 1 209 1 335 1
757 0 5 321 1 261 1 282 1 31 1 25 1
758 0 5 322 1 226 1 184 1 95 1 221 1
759 0 5 323 1 60 1 136 1 42 1 279 1
760 0 5 324 1 270 1 143 1 305 1 64 1
761 0 5 325 1 331 1 386 1 92 1 152 1
762 0 5 326 1 222 1 210 1 255 1 105 1
763 0 5 327 1 75 1 198 1 193 1 250 1
764 0 5 328 1 16 1 273 1 93 1 268 1
765 0 5 329 1 316 1 195 1 284 1 257 1
766 0 5 330 1 194 1 332 1 364 1 187 1
767 0 5 331 1 325 1 308 1 57 1 374 1
768 0 5 332 1 99 1 37 1 183 1 202 1
769 0 5 333 1 118 1 191 1 370 1 401 1
770 0 5 334 1 105 1 233 1 60 1 168 1
771 0 5 335 1 286 1 353 1 174 1 19 1
772 0 5 336 1 372 1 117 1 300 1 201 1
773 0 5 337 1 294 1 49 1 216 1 82 1
774 0 5 338 1 229 1 397 1 313 1 148 1
775 0 5 339 1 65 1 117 1 221 1 158 1
776 0 5 340 1 186 1 342 1 138 1 395 1
777 0 5 341 1 397 1 93 1 368 1 116 1
778 0 5 342 1 395 1 303 1 340 1 383 1
779 0 5 343 1 231 1 266 1 148 1 157 1
780 0 5 344 1 100 1 46 1 136 1 229 1
781 0 5 345 1 349 1 243 1 4 1 371 1
782 0 5 346 1 111 1 196 1 11 1 240 1
783 0 5 347 1 378 1 200 1 324 1 288 1
784 0 5 348 1 6 1 386 1 115 1 35 1
785 0 5 349 1 4 1 345 1 243 1 78 1
786 0 5 350 1 162 1 319 1 239 1 151 1
787 0 5 351 1 290 1 357 1 158 1 247 1
788 0 5 352 1 133 1 193 1 391 1 113 1
789 0 5 353 1 286 1 174 1 180 1 317 1
790 0 5 354 1 44 1 387 1 206 1 189 1
791 0 5 355 1 313 1 20 1 147 1 43 1
792 0 5 356 1 178 1 211 1 376 1 40 1
793 0 5 357 1 247 1 58 1 158 1 287 1
794 0 5 358 1 36 1 23 1 399 1 187 1
795 0 5 359 1 168 1 131 1 85 1 60 1
796 0 5 360 1 251 1 122 1 271 1 151 1
797 0 5 361 1 91 1 109 1 128 1 166 1
798 0 5 362 1 170 1 141 1 76 1 394 1
799 0 5 363 1 234 1 321 1 261 1 347 1
800 0 5 364 1 77 1 215 1 33 1 94 1
801 0 5 365 1 2 1 110 1 272 1 381 1
802 0 5 366 1 224 1 216 1 177 1 55 1
803 0 5 367 1 159 1 291 1 363 1 102 1
804 0 5 368 1 12 1 116 1 341 1 93 1
805 0 5 369 1 156 1 126 1 219 1 177 1
806 0 5 370 1 271 1 218 1 118 1 392 1
807 0 5 371 1 134 1 142 1 208 1 243 1
808 0 5 372 1 201 1 300 1 336 1 117 1
809 0 5 373 1 393 1 41 1 149 1 63 1
810 0 5 374 1 152 1 386 1 331 1 57 1
811 0 5 375 1 50 1 308 1 57 1 386 1
812 0 5 376 1 392 1 356 1 178 1 289 1
813 0 5 377 1 179 1 121 1 104 1 9 1
814 0 5 378 1 146 1 200 1 234 1 363 1
815 0 5 379 1 14 1 283 1 156 1 126 1
816 0 5 380 1 161 1 62 1 309 1 338 1
817 0 5 381 1 298 1 182 1 35 1 386 1
818 0 5 382 1 10 1 279 1 329 1 316 1
819 0 5 383 1 395 1 175 1 295 1 269 1
820 0 5 384 1 151 1 122 1 214 1 239 1
821 0 5 385 1 155 1 27 1 134 1 181 1
822 0 5 386 1 92 1 381 1 308 1 325 1
823 0 5 387 1 129 1 354 1 121 1 228 1
824 0 5 388 1 366 1 133 1 172 1 22 1
825 0 5 389 1 258 1 313 1 161 1 62 1
826 0 5 390 1 290 1 88 1 306 1 163 1
827 0 5 391 1 352 1 198 1 113 1 250 1
828 0 5 392 1 289 1 296 1 376 1 356 1
829 0 5 393 1 41 1 373 1 149 1 276 1
830 0 5 394 1 76 1 212 1 362 1 214 1
831 0 5 395 1 383 1 175 1 303 1 342 1
832 0 5 396 1 89 1 55 1 22 1 275 1
833 0 5 397 1 93 1 341 1 116 1 368 1
834 0 5 398 1 8 1 372 1 201 1 131 1
835 0 5 399 1 251 1 187 1 122 1 151 1
836 0 5 400 1 39 1 326 1 154 1 85 1
837 0 5 401 1 137 1 40 1 211 1 205 1
838 0 5 402 0 436 1 435 1 434 1 433 1
839 0 5 403 0 436 1 435 1 434 1 433 1
840 0 5 404 0 436 1 435 1 434 1 433 1
841 0 5 405 0 436 1 435 1 434 1 433 1
842 0 5 406 0 436 1 435 1 434 1 433 1
843 0 5 407 0 436 1 435 1 434 1 433 1
844 0 5 408 0 436 1 435 1 434 1 433 1
845 0 5 409 0 436 1 435 1 434 1 433 1
846 0 5 410 0 436 1 435 1 434 1 433 1
847 0 5 411 0 436 1 435 1 434 1 433 1
848 0 5 412 0 436 1 435 1 434 1 433 1
849 0 5 413 0 436 1 435 1 434 1 433 1
850 0 5 414 0 436 1 435 1 434 1 433 1
851 0 5 415 0 436 1 435 1 434 1 433 1
852 0 5 416 0 436 1 435 1 434 1 433 1
853 0 5 417 0 436 1 435 1 434 1 433 1
854 0 5 418 0 436 1 435 1 434 1 433 1
855 0 5 419 0 436 1 435 1 434 1 433 1
856 0 5 420 0 436 1 435 1 434 1 433 1
857 0 5 421 0 436 1 435 1 434 1 433 1
858 0 5 422 0 436 1 435 1 434 1 433 1
859 0 5 423 0 436 1 435 1 434 1 433 1
860 0 5 424 0 436 1 435 1 434 1 433 1
861 0 5 425 0 436 1 435 1 434 1 433 1
862 0 5 426 0 436 1 435 1 434 1 433 1
863 0 5 427 0 436 1 435 1 434 1 433 1
864 0 5 428 0 436 1 435 1 434 1 433 1
865 0 5 429 0 436 1 435 1 434 1 433 1
866 0 5 430 0 436 1 435 1 434 1 433 1
867 0 5 431 0 436 1 435 1 434 1 433 1
868 0 5 432 0 436 1 435 1 434 1 433 1
869 0 5 433 0 436 1 435 1 434 1 433 1
870 0 5 434 0 436 1 435 1 434 1 433 1
871 0 5 435 0 436 1 435 1 434 1 433 1
872 0 5 436 0 436 1 435 1 434 1 433 1
-1
EOF
